17390227279332592390 1138 600
0.146816 0.159496 1.292858
0.145676 0.160747 1.290501
0.154577 0.154929 1.300458
0.122768 0.173996 1.305723
0.114936 0.167757 1.219956
0.118797 0.170034 1.238200
0.126117 0.155232 1.195916
0.129787 0.154488 1.217814
0.108698 0.171491 1.240456
0.117198 0.168092 1.239423
0.142159 0.145406 1.215139
0.093160 0.165103 1.193161
0.098688 0.164764 1.223217
0.138472 0.112807 1.303555
0.146130 0.149620 1.234827
0.145470 0.144992 1.234231
0.156789 0.143680 1.300186
0.125716 0.146464 1.124206
0.113377 0.172149 1.306352
0.094348 0.141872 1.299746
0.074823 0.142632 1.196185
0.069162 0.142711 1.165073
0.095624 0.142642 1.309234
0.097082 0.144112 1.311163
0.090450 0.168138 1.193702
0.095664 0.168332 1.224043
0.085710 0.142147 1.256768
0.127291 0.118647 1.248712
0.134914 0.118485 1.291365
0.124769 0.142046 1.153998
0.130423 0.146228 1.153003
0.139951 0.115542 1.300657
0.138472 0.112807 1.303555
0.139951 0.115542 1.300657
0.127291 0.118647 1.248712
0.121550 0.118689 1.219080
0.109621 0.118774 1.123304
0.121890 0.138672 1.121378
0.061883 0.140598 1.129352
0.105845 0.114466 1.120674
0.113433 0.166187 1.308467
0.114453 0.170009 1.306277
0.113433 0.166187 1.308467
0.119173 0.140394 1.123659
0.107063 0.120402 1.125771
0.155449 0.144313 1.299647
0.112698 0.167661 1.191692
0.124672 0.160357 1.189912
-0.157788 0.085688 1.023982
-0.163987 0.091076 0.991356
-0.197919 -0.006435 1.030214
-0.188086 0.026398 1.026153
-0.194912 -0.057116 1.033010
-0.202027 -0.033849 1.032797
-0.117217 -0.160316 0.973172
-0.146579 -0.145220 0.973408
-0.087995 -0.178627 0.919766
-0.083674 -0.173560 0.948578
-0.027392 -0.191184 0.893547
-0.050722 0.151654 0.916925
-0.052214 0.156529 0.884328
-0.082575 0.153244 0.857369
-0.053521 0.161089 0.853261
0.017311 0.164898 0.852552
0.019477 0.165900 0.858772
0.024264 0.148197 1.076853
0.025441 0.143813 1.097162
0.025383 0.137883 1.105905
0.029104 0.123749 1.124198
0.047000 0.114331 1.125991
0.031431 0.130878 1.113370
0.034934 0.128659 1.119708
0.026178 0.132907 1.106568
0.022307 0.169312 0.908713
0.021867 0.170014 0.878057
-0.153753 0.127537 0.859588
-0.188388 0.101857 0.863692
-0.089559 -0.186990 0.892282
-0.057364 -0.192105 0.893298
-0.027321 -0.195464 0.893171
0.110239 0.103903 1.103733
0.116164 0.107156 1.082113
0.005646 0.138468 1.097860
0.044733 0.142630 0.859513
0.022602 0.143974 0.862175
0.027288 0.143514 0.857239
-0.008082 0.137917 1.072192
0.160028 -0.152882 0.891984
0.187172 -0.130345 0.890635
0.154559 0.115658 0.867285
0.124320 0.131005 0.864381
0.027884 0.063577 1.152341
0.020811 0.054210 1.154804
-0.057041 0.132453 1.161028
-0.089254 0.120024 1.162824
-0.089229 0.116158 1.161944
-0.021089 0.139662 1.160635
-0.021022 0.139196 1.165973
-0.022067 0.139719 1.123565
-0.010706 0.141746 1.117712
-0.010652 0.138786 1.114260
-0.019380 0.135010 1.120881
-0.019869 0.138172 1.114619
-0.085518 -0.125737 1.125768
-0.059549 -0.128717 1.127069
-0.116014 0.101680 1.167512
-0.154183 -0.051827 1.176047
-0.142740 -0.073234 1.174763
-0.182615 0.059272 1.026131
-0.191173 0.063757 0.994526
-0.184992 -0.089790 1.033156
-0.200029 -0.059181 1.034884
-0.079349 0.148336 0.952701
-0.119351 -0.166890 0.974621
-0.211162 -0.106545 0.889808
-0.227868 -0.075115 0.887338
-0.149921 -0.150207 0.974995
0.007628 -0.196684 0.895419
-0.082286 0.149494 0.920575
-0.051808 0.157430 0.917586
-0.053333 0.162278 0.885225
-0.084109 0.158913 0.858134
-0.054526 0.166873 0.853996
0.018707 0.171759 0.858525
0.020488 0.141896 1.125074
0.010861 0.141605 1.117443
0.021843 0.139460 1.117495
0.030694 0.139550 1.117363
0.030312 0.138921 1.160623
0.030882 0.140178 1.166114
0.031194 0.138248 1.151185
0.031252 0.138346 1.140931
0.030312 0.138921 1.160623
0.135692 0.084239 1.126047
0.024445 0.159463 1.017336
0.023514 0.163518 0.983968
0.018952 0.168131 0.851716
-0.054247 0.164057 0.852086
-0.083571 0.157261 0.854533
-0.208799 -0.105358 0.887904
-0.185064 -0.133720 0.889677
0.027494 0.136664 1.179174
0.030015 0.131205 1.190597
0.031139 0.129502 1.202981
0.030707 0.132427 1.161861
0.134328 0.081519 1.165347
0.152482 0.059001 1.125775
0.152004 0.058201 1.163721
0.161210 0.029345 1.165404
0.149904 0.057629 1.166254
0.172054 -0.027538 1.123673
0.156623 -0.022674 1.172822
0.158689 -0.020085 1.184060
0.179159 -0.030455 1.114954
0.047983 -0.192468 0.894963
0.090598 -0.184104 0.894460
0.127757 -0.173229 0.894228
0.066219 0.148533 0.861281
0.044872 0.148555 0.859641
0.019580 0.150093 0.885921
0.015138 0.148666 0.918182
0.048114 -0.189818 0.892986
0.090478 -0.182290 0.892260
0.224572 0.049888 0.875508
0.203273 0.079166 0.873266
0.012973 0.145718 0.916471
0.008388 0.144940 0.952992
0.067028 0.109638 1.201891
0.085071 0.096523 1.200381
-0.114856 0.105744 1.178206
-0.143354 0.079706 1.179057
-0.162569 -0.038924 1.182453
-0.158130 -0.058185 1.182452
0.130142 0.050109 1.221851
0.029422 0.119362 1.216603
0.153240 -0.005000 1.222702
0.156243 -0.015246 1.222582
-0.099331 0.078824 1.220879
-0.120018 0.060896 1.222141
-0.141145 -0.083370 1.220967
-0.124747 -0.103015 1.222093
0.143812 0.032501 1.221367
0.095109 0.185240 1.300305
0.086489 0.184085 1.256065
0.104924 0.177757 1.311797
0.109247 0.174888 1.309817
0.068787 0.181751 1.195480
0.055101 0.194766 1.249449
0.105946 0.165993 1.312664
0.107345 0.169097 1.312085
0.068830 0.143550 1.195721
0.063918 0.143857 1.164273
0.049173 0.160679 1.322718
0.047226 0.158527 1.319223
0.094369 0.176416 1.241547
0.096411 0.176097 1.244637
0.052413 0.195994 1.250618
0.053514 0.196327 1.261271
0.061991 0.196851 1.304181
0.073960 0.174086 1.131946
0.063726 0.137358 1.164055
0.091791 0.144603 1.308692
0.094670 0.140721 1.307484
0.078111 0.140456 1.225058
0.072102 0.140573 1.194778
0.045607 0.157312 1.314216
0.044009 0.157155 1.307298
0.067882 0.167337 1.130898
0.078488 0.172958 1.161978
0.055029 0.161216 1.316489
0.064520 0.184859 1.314756
0.029392 0.161033 1.203611
0.023273 0.161944 1.171944
0.072087 0.168982 1.131882
0.043022 0.188950 1.232272
0.055029 0.161216 1.316489
0.064520 0.184859 1.314756
0.019393 0.161831 1.173278
0.025876 0.189191 1.142081
0.024509 0.189223 1.139091
0.013261 0.162416 1.142465
0.011224 0.157771 1.141047
0.071651 0.180576 1.196360
0.073236 0.184017 1.196602
0.046666 0.188702 1.251047
0.059643 0.140510 1.131876
0.057314 0.137102 1.131616
0.013261 0.162416 1.142465
0.059045 0.144013 1.132369
0.061898 0.187253 1.316815
0.060045 0.187863 1.312655
0.169588 0.134078 1.241116
0.173490 0.136045 1.300372
0.200681 0.110173 1.293948
0.163159 0.132144 1.209746
0.158604 0.131807 1.188575
0.165689 0.132385 1.228596
0.187355 0.111749 1.224086
0.185057 0.104754 1.204716
0.178917 0.106349 1.175014
0.178293 0.103058 1.206241
0.173879 0.080752 1.300080
0.179075 0.077645 1.297955
0.189506 0.108824 1.224458
0.193206 0.107435 1.234659
0.160188 0.132385 1.299675
0.115911 0.111281 1.187315
0.109818 0.111784 1.155968
0.182201 0.080854 1.294071
0.177646 0.082811 1.292516
0.174821 0.074855 1.289699
0.176386 0.075845 1.294863
0.179126 0.078157 1.291532
0.180698 0.079534 1.293437
0.144434 0.083549 1.116281
0.143881 0.080017 1.115977
0.127747 0.109784 1.247145
0.134734 0.111902 1.246014
0.128818 0.112029 1.216416
0.164739 0.103005 1.114556
0.164381 0.102430 1.112346
0.145966 0.117103 1.302104
0.143174 0.114639 1.301157
0.148172 0.110645 1.299213
0.139195 0.112631 1.289422
0.131521 0.113457 1.246599
0.121935 0.110476 1.217569
0.111032 0.116068 1.123752
0.126477 0.133513 1.120945
0.143662 0.081372 1.110876
0.141259 0.078883 1.112468
0.192997 0.102129 1.280211
0.184504 0.102619 1.236864
0.157907 0.133470 1.181001
0.202592 0.107153 1.278937
0.182107 0.102698 1.224722
0.186993 0.100963 1.227582
0.143464 0.106042 1.301755
0.171358 0.078564 1.295725
0.186199 0.100986 1.223702
0.000643 -0.080732 1.680972
0.019809 -0.076873 1.681620
-0.066605 -0.002295 1.663735
-0.063557 0.017900 1.654637
-0.063557 0.017900 1.654637
-0.057737 0.037238 1.644219
0.068498 -0.012231 1.667830
0.065952 0.012589 1.659868
0.053843 0.047578 1.640601
0.046521 0.055053 1.635049
0.061554 0.027085 1.647281
0.042277 0.046730 1.626930
0.037132 0.055954 1.620955
0.031103 0.068167 1.616731
-0.054857 0.032405 1.633600
-0.059864 0.014770 1.644985
0.008826 0.078854 1.604658
0.066150 -0.015978 1.636968
-0.027156 0.103620 1.624210
0.064702 0.000535 1.631483
0.060428 0.022334 1.625359
0.054684 0.034927 1.620433
-0.041738 -0.054410 1.641076
-0.052786 -0.036421 1.635321
-0.018902 0.110641 1.622150
0.021290 0.081866 1.611591
0.066982 -0.005815 1.611714
0.068409 -0.024416 1.614139
0.076327 -0.013386 1.581601
0.079230 -0.032160 1.585148
-0.032354 0.041356 1.541874
-0.047124 0.029655 1.546501
-0.062248 -0.066885 1.589262
-0.044533 -0.073905 1.589232
-0.144231 0.152792 1.294143
-0.137346 0.154408 1.252101
-0.157427 0.139369 1.303208
-0.113227 0.163049 1.223886
-0.127866 0.148583 1.221417
-0.130868 0.147912 1.238408
-0.113210 0.160102 1.242655
-0.134158 0.140345 1.188695
-0.110942 0.161609 1.224284
-0.090863 0.162354 1.197177
-0.096397 0.161248 1.227213
-0.095010 0.129822 1.314769
-0.091098 0.134289 1.315787
-0.143778 0.142344 1.238699
-0.145482 0.141877 1.241364
-0.108631 0.162996 1.202289
-0.155525 0.140314 1.291476
-0.154818 0.134652 1.303471
-0.068862 0.137042 1.200248
-0.108162 0.159839 1.314014
-0.094646 0.141141 1.315631
-0.092019 0.138153 1.312919
-0.089216 0.133694 1.310666
-0.087505 0.134227 1.303824
-0.091098 0.134289 1.315787
-0.060324 0.145142 1.134429
-0.059312 0.142820 1.136925
-0.083009 0.166587 1.166679
-0.147037 0.134148 1.303927
-0.122365 0.137199 1.157386
-0.077313 0.168155 1.136770
-0.128182 0.140958 1.156458
-0.139653 0.112094 1.306904
-0.137575 0.109081 1.305733
-0.147037 0.134148 1.303927
-0.074199 0.136294 1.230770
-0.107068 0.107945 1.159893
-0.120877 0.137541 1.128899
-0.114009 0.157033 1.311248
-0.110065 0.159109 1.301357
-0.112572 0.164310 1.310297
-0.111341 0.160517 1.312432
-0.101184 0.109006 1.127816
-0.116697 0.136290 1.127026
-0.129201 0.107404 1.307985
-0.134596 0.104945 1.306451
-0.153385 0.135460 1.302973
-0.150996 0.132769 1.304692
-0.150996 0.132769 1.304692
-0.072030 0.196441 1.307855
-0.072952 0.196694 1.305148
-0.066025 0.198415 1.317751
-0.100593 0.186256 1.311970
-0.077721 0.186451 1.228726
-0.055289 0.189575 1.210302
-0.089742 0.181746 1.246200
-0.081836 0.186063 1.247886
-0.039875 0.192663 1.203928
-0.069277 0.145356 1.167940
-0.044914 0.158676 1.321993
-0.049597 0.196370 1.253475
-0.046352 0.192953 1.253339
-0.074594 0.185714 1.206954
-0.054763 0.186727 1.321355
-0.055557 0.189710 1.320927
-0.029804 0.192071 1.142780
-0.104930 0.177943 1.310358
-0.094202 0.145153 1.312313
-0.069277 0.145356 1.167940
-0.092525 0.141770 1.315427
-0.094202 0.145153 1.312313
-0.095026 0.146947 1.314339
-0.085579 0.171399 1.197161
-0.090694 0.171868 1.227514
-0.041409 0.160497 1.265852
-0.036866 0.159738 1.236022
-0.076519 0.171068 1.135790
-0.076493 0.170511 1.133547
-0.034508 0.192055 1.171578
-0.045273 0.161911 1.319256
-0.052554 0.162047 1.319570
-0.041409 0.160497 1.265852
-0.036866 0.159738 1.236022
-0.018541 0.162114 1.141303
-0.025555 0.184464 1.140084
-0.028309 0.187092 1.143969
-0.017787 0.159585 1.137317
-0.016813 0.156815 1.138367
-0.101010 0.173872 1.313172
-0.053338 0.189143 1.202180
-0.102671 0.177374 1.310847
-0.101010 0.173872 1.313172
-0.028309 0.187092 1.143969
-0.029027 0.183283 1.141333
-0.065741 0.145037 1.135861
-0.065741 0.145037 1.135861
-0.046426 0.188912 1.264946
-0.045204 0.188708 1.257791
-0.182391 0.115482 1.242242
-0.201853 0.103021 1.292364
-0.164776 0.116468 1.181595
-0.154662 0.125509 1.184007
-0.150988 0.132849 1.233770
-0.179029 0.114854 1.229872
-0.195272 0.094563 1.299490
-0.180428 0.077021 1.302117
-0.153401 0.080029 1.183089
-0.148793 0.080712 1.151601
-0.140925 0.100391 1.305485
-0.137310 0.104995 1.305815
-0.185699 0.102687 1.228154
-0.187312 0.101715 1.231592
-0.149121 0.134917 1.236134
-0.161654 0.133085 1.298841
-0.160675 0.132189 1.302001
-0.167334 0.106214 1.118253
-0.198995 0.098496 1.293379
-0.196187 0.095339 1.295375
-0.173061 0.076555 1.286974
-0.155635 0.076180 1.182277
-0.149785 0.076982 1.151212
-0.173045 0.070083 1.293200
-0.159579 0.100780 1.117514
-0.172216 0.105222 1.148359
-0.164934 0.077935 1.243400
-0.159834 0.125870 1.296867
-0.161682 0.124791 1.300656
-0.139060 0.129696 1.186818
-0.132510 0.130465 1.155024
-0.163760 0.100583 1.116262
-0.137088 0.133209 1.187783
-0.131763 0.133804 1.156094
-0.135400 0.104148 1.300835
-0.133826 0.104239 1.293910
-0.117353 0.110722 1.190921
-0.111677 0.111461 1.159573
-0.125131 0.130713 1.125022
-0.126027 0.134551 1.127561
-0.141137 0.076562 1.115737
-0.140459 0.075124 1.119120
-0.182658 0.098977 1.240962
-0.200236 0.103137 1.283290
-0.180379 0.099222 1.228799
-0.140459 0.075124 1.119120
-0.102655 0.108925 1.127414
-0.174538 0.071013 1.298397
-0.158308 0.128921 1.298414
-0.156252 0.129751 1.290817
0.116125 0.047860 1.248211
0.126053 0.069914 1.215114
0.094055 -0.091529 1.203979
-0.149606 -0.054684 1.195794
-0.164831 -0.033474 1.179538
-0.164839 -0.035097 1.179978
-0.024542 0.128620 1.206192
0.063292 0.120850 1.186006
-0.129269 -0.042125 1.179626
-0.092451 -0.058356 1.177293
0.058973 0.121799 1.178116
0.064386 0.116869 1.183776
0.044114 -0.122067 1.156645
0.012437 -0.116017 1.173427
0.058973 0.121799 1.178116
-0.063097 0.123636 1.176277
-0.019365 0.094857 1.180265
0.106158 0.087797 1.187190
0.104463 0.080873 1.180615
-0.088696 -0.032612 1.172326
0.032193 -0.121369 1.163359
0.033244 -0.120468 1.163220
0.057636 0.135784 1.153989
0.048842 0.113186 1.164995
0.115154 -0.095118 1.194007
0.058973 0.121799 1.178116
-0.051741 -0.024324 1.162998
-0.118963 0.038616 1.169889
-0.102644 0.041895 1.143894
0.112457 -0.102313 1.159052
0.121591 -0.093429 1.165027
0.060155 -0.127971 1.138640
0.156245 0.043779 1.145016
0.151086 0.042228 1.142543
0.156906 0.045079 1.144566
0.095841 -0.081373 1.145064
-0.042006 0.080435 1.135837
-0.023517 0.072182 1.136740
0.049719 0.079040 1.128538
0.050243 0.069287 1.123971
-0.009053 0.083286 1.093309
-0.007636 0.081690 1.116132
0.091515 0.047414 1.121186
-0.019476 0.078828 1.125887
0.006918 0.070191 1.085671
0.002919 0.056074 1.081014
0.025880 0.067254 1.069923
0.021634 0.070828 1.059727
0.029962 0.011949 1.082969
0.018205 0.041522 1.052448
-0.007421 0.074788 1.058599
0.041708 0.095434 1.268276
-0.002205 -0.073169 1.155923
-0.041884 -0.101565 1.178557
0.110100 -0.004116 1.125418
0.119315 -0.004869 1.132462
0.117347 -0.040246 1.121526
-0.047364 0.056066 1.138959
0.084416 -0.011607 1.086744
-0.068690 -0.073735 1.178983
-0.040737 -0.033774 1.152190
-0.002083 0.032583 1.110394
-0.003722 0.016102 1.113120
0.144755 0.007321 1.122985
0.008326 -0.031047 1.074214
0.018333 -0.026297 1.066950
0.042494 -0.010469 1.081698
-0.110438 0.040540 1.143129
0.000455 -0.068052 1.112385
-0.012696 0.003126 1.051030
-0.011001 -0.010647 1.070206
0.030598 0.023690 1.087964
-0.049775 0.036464 1.080734
-0.068571 0.035881 1.081286
-0.111969 -0.000544 1.127281
-0.100101 -0.085972 1.180596
-0.091704 -0.090866 1.186495
0.020834 0.109023 1.158770
0.111512 0.054310 1.153656
-0.049380 0.003175 1.122916
-0.031801 -0.000419 1.124883
-0.097188 0.072435 1.173613
-0.107875 0.078786 1.166166
-0.120691 0.013228 1.147092
-0.011920 -0.003303 1.104208
-0.037206 -0.029570 1.137192
0.120673 -0.007495 1.122935
0.110100 -0.004116 1.125418
0.100234 0.013114 1.077069
0.106326 -0.015530 1.078330
0.088575 0.020227 1.101760
0.006181 -0.099470 1.184437
0.084282 -0.093634 1.144422
-0.110704 0.062847 1.186430
0.010530 0.048787 1.087437
0.018478 0.053324 1.083438
-0.130359 0.015226 1.190335
-0.114210 -0.006174 1.192956
0.129016 -0.036725 1.155516
-0.074748 -0.114371 1.194475
-0.021625 -0.075219 1.169339
0.011033 0.100765 1.262354
0.130886 -0.070112 1.175632
0.112361 -0.050707 1.149842
-0.116294 -0.021298 1.168776
0.063343 0.082859 1.128129
0.089028 0.060327 1.135467
-0.017597 0.059563 1.093959
-0.089342 0.072610 1.189160
-0.079761 0.089043 1.191842
-0.034149 0.075873 1.193604
-0.029826 0.085717 1.184163
-0.083784 0.034575 1.098943
-0.105071 -0.093319 1.181266
-0.130785 -0.017873 1.187687
-0.071266 0.035952 1.122954
-0.088432 0.055958 1.102750
0.109964 0.006436 1.102970
-0.117580 -0.081077 1.171455
-0.136210 -0.072456 1.177463
0.014511 0.125345 1.168953
-0.043018 -0.005314 1.144214
-0.080588 0.013711 1.082862
0.000541 0.088046 1.083776
-0.015682 0.025721 1.064091
-0.022037 0.016089 1.069072
-0.019485 0.014906 1.093644
0.005982 -0.119265 1.155192
-0.045200 0.072860 1.182475
-0.129968 0.055019 1.176044
0.038800 0.110146 1.159938
0.051143 0.108761 1.151474
0.069028 -0.108991 1.159461
0.061707 -0.109135 1.138435
-0.097137 -0.014703 1.107052
-0.104238 -0.013824 1.121893
-0.033446 -0.074660 1.181113
-0.070941 -0.061592 1.182079
0.045617 -0.011065 1.077172
0.011228 0.045931 1.051906
-0.104078 -0.013269 1.185986
0.014168 0.012121 1.077737
-0.017718 0.002874 1.078929
-0.058486 0.087736 1.200407
-0.119677 0.036961 1.137774
-0.125414 0.028185 1.149884
-0.130085 0.019003 1.163180
-0.010810 0.005985 1.118249
-0.070271 -0.090998 1.156128
-0.054001 -0.099545 1.176381
-0.038755 0.064579 1.122792
-0.050318 0.076030 1.140520
0.122462 0.066046 1.236131
-0.071028 -0.114222 1.176186
-0.082576 -0.109179 1.183094
-0.021307 -0.118339 1.189021
0.118751 -0.014610 1.136933
-0.075928 -0.029746 1.140377
0.132697 0.041904 1.176438
0.076032 -0.086030 1.117520
0.081963 -0.074188 1.118892
-0.015531 0.130098 1.182940
0.099231 0.105031 1.209263
0.036251 -0.103538 1.164920
0.031634 -0.098760 1.183682
-0.129269 -0.042125 1.179626
-0.120102 -0.061815 1.179393
-0.123638 -0.068465 1.168723
0.054955 0.063592 1.116177
0.015012 -0.077578 1.144132
0.018460 -0.101339 1.161506
0.075799 0.033715 1.102024
0.052155 0.058057 1.110236
-0.112539 0.077991 1.198027
0.096811 0.065894 1.138320
0.094575 0.081721 1.157657
-0.025561 0.002693 1.131018
-0.102889 0.089528 1.181899
0.097558 0.077028 1.128102
0.105456 0.082773 1.139270
0.017749 0.044208 1.070771
-0.025011 -0.092064 1.165223
-0.009320 0.085896 1.076537
-0.016844 -0.069699 1.110533
0.107027 0.000530 1.119382
-0.041571 0.043386 1.070219
-0.039557 0.040365 1.088513
-0.048391 0.079228 1.192024
-0.059105 -0.087158 1.169543
-0.053521 -0.077085 1.172440
-0.104239 0.024630 1.105675
-0.066258 -0.099989 1.152814
-0.035166 -0.090895 1.172658
-0.159481 0.016553 1.156823
0.079058 -0.058492 1.105553
0.122222 0.027817 1.137570
-0.168417 0.015252 1.151795
0.112749 0.023208 1.150744
0.131447 0.014780 1.154342
0.044593 -0.107609 1.190691
0.148458 0.042453 1.165915
-0.103175 -0.100322 1.169440
0.154061 0.017618 1.111172
0.103099 0.015918 1.093777
0.007632 0.124243 1.153821
-0.121847 0.068963 1.167378
0.003004 0.082416 1.143073
-0.069963 -0.046181 1.138543
0.124446 -0.069616 1.181230
0.119647 0.057832 1.184604
0.114386 0.052626 1.185178
-0.151285 0.027553 1.161702
-0.146482 0.017721 1.189134
0.110643 0.070190 1.148584
0.090656 0.082158 1.171569
0.117276 0.083159 1.149950
-0.026043 0.127009 1.222891
-0.082551 0.119623 1.209468
-0.089169 0.103667 1.216630
0.015543 0.055684 1.063625
0.015543 0.055684 1.063625
-0.125058 -0.063116 1.200447
-0.131615 -0.058894 1.204605
-0.123266 -0.066716 1.182358
-0.093842 0.037967 1.136651
0.005504 0.124735 1.178157
-0.006009 0.130226 1.175948
-0.089343 -0.007063 1.099896
-0.085675 -0.003032 1.110710
0.072451 0.052936 1.100636
0.083144 0.093638 1.169692
0.091560 0.094349 1.185910
0.005555 0.005001 1.066391
-0.009633 -0.093181 1.183821
0.026510 -0.096210 1.166340
0.084979 0.116008 1.178106
-0.012046 0.074458 1.139514
0.009026 0.073177 1.115120
0.033305 0.060391 1.113356
-0.123490 0.010154 1.160817
0.048842 0.113186 1.164995
0.117832 0.121912 1.121451
0.022301 0.079376 1.112358
0.116305 0.115265 1.135984
-0.094166 -0.051047 1.167928
0.149916 0.003969 1.120785
0.150000 -0.006026 1.111218
0.038472 0.019337 1.093382
0.062310 -0.098377 1.195713
-0.043580 0.096902 1.199920
0.100849 0.021837 1.118003
0.004308 0.010728 1.077204
0.132031 0.005578 1.149151
0.144755 0.007321 1.122985
0.018601 0.056821 1.093738
-0.138893 -0.088514 1.158656
0.150113 -0.010053 1.136714
0.098221 -0.056033 1.111054
0.116292 0.021792 1.139866
-0.054899 -0.020890 1.134043
0.038800 0.110146 1.159938
0.110930 0.069830 1.184773
-0.021307 -0.118339 1.189021
0.058583 0.084709 1.138190
0.087790 -0.006558 1.077458
0.087222 0.107202 1.177077
-0.144945 0.058909 1.137593
-0.141232 0.048600 1.149925
0.041642 0.070423 1.115842
-0.125620 0.069617 1.197208
-0.016537 0.078156 1.087451
0.113440 0.010450 1.124097
-0.124581 0.022313 1.161746
-0.111577 0.064025 1.168030
-0.099284 0.069654 1.162178
0.008508 0.087228 1.141302
0.141989 -0.018377 1.083994
0.150000 -0.006026 1.111218
-0.059587 0.132955 1.172350
-0.019751 -0.112799 1.173239
-0.134389 -0.088318 1.153346
-0.012984 0.124794 1.175323
0.071252 -0.071213 1.109103
0.000980 0.083074 1.066313
-0.094159 0.066961 1.172600
0.149916 0.003969 1.120785
-0.013896 -0.132803 1.134276
-0.018669 -0.126664 1.143356
-0.034061 -0.096961 1.164866
-0.109717 -0.073193 1.178195
-0.032820 -0.127516 1.154090
-0.019751 -0.112799 1.173239
-0.090101 -0.123376 1.146103
0.052937 -0.120981 1.150331
-0.058618 0.045998 1.146009
0.107224 0.099959 1.207632
0.033305 0.060391 1.113356
0.041642 0.070423 1.115842
0.125358 -0.001781 1.133557
-0.016221 -0.129380 1.131556
-0.058786 -0.119810 1.190801
0.021210 0.061837 1.089163
-0.127155 -0.093093 1.147090
0.001620 0.070877 1.623155
0.056195 -0.039775 1.640895
0.040299 0.005937 1.578746
0.049240 -0.023631 1.586697
0.053124 0.031966 1.592730
0.017955 0.016844 1.582553
0.005040 0.092056 1.634323
0.043469 -0.033162 1.600913
0.039498 0.090652 1.636821
-0.046625 -0.038913 1.611317
0.001667 -0.091061 1.631948
0.023963 -0.087073 1.637567
0.006677 -0.020458 1.576710
0.008179 -0.045515 1.587957
-0.029017 0.034912 1.600343
-0.018878 0.012045 1.596981
0.059715 -0.020296 1.595981
0.061343 -0.007790 1.636231
-0.038543 -0.017473 1.584773
-0.052137 -0.008433 1.604573
0.003645 0.064079 1.581293
0.029427 0.043360 1.582627
0.020669 0.070791 1.611403
-0.015159 -0.084046 1.636933
-0.053754 -0.045794 1.620983
-0.016086 -0.072142 1.627280
-0.017427 -0.035533 1.582220
-0.007145 -0.053448 1.587540
-0.060026 -0.025697 1.607546
-0.022924 0.032085 1.598937
-0.006236 -0.004181 1.588827
-0.014849 -0.029270 1.568803
-0.018961 -0.014335 1.583243
0.068103 -0.026968 1.597232
0.008682 0.035949 1.589287
0.014131 0.017046 1.595261
0.035531 0.047929 1.590913
-0.002750 -0.066102 1.580396
0.010306 -0.071189 1.597842
-0.008957 -0.018662 1.578535
-0.068163 -0.039258 1.609717
-0.017822 -0.030323 1.673510
-0.057313 0.015783 1.582510
0.014020 -0.084634 1.627737
-0.039157 0.053492 1.601216
0.032389 -0.007443 1.639585
-0.039582 0.011832 1.625645
-0.042706 -0.031769 1.638007
-0.022806 -0.024379 1.655561
-0.021845 0.057340 1.617006
-0.008200 -0.055642 1.654485
0.044757 -0.099873 1.573669
-0.058174 0.008535 1.555424
-0.066869 0.000457 1.536103
-0.063930 -0.010672 1.578935
0.063721 -0.041055 1.599850
0.070751 -0.040357 1.633135
0.035125 -0.042729 1.631284
0.025086 -0.041250 1.648645
0.015315 0.065227 1.623875
-0.051476 -0.048914 1.643995
-0.042039 -0.047861 1.638055
-0.035674 -0.065831 1.645048
-0.027541 -0.049966 1.638935
-0.059729 -0.019998 1.635910
-0.072141 -0.039956 1.639406
-0.056245 -0.056678 1.640292
-0.002517 0.044296 1.632984
-0.000941 -0.088525 1.640057
-0.033682 -0.079933 1.636742
0.002995 0.061029 1.610371
0.010194 -0.004460 1.644720
-0.059729 -0.019998 1.635910
0.024030 0.027729 1.615248
0.021521 0.016576 1.635194
0.014018 0.044041 1.638167
0.012615 -0.097474 1.574975
0.006980 0.010713 1.635337
-0.042947 0.042023 1.608373
0.008873 0.010273 1.647742
-0.063930 -0.010672 1.578935
-0.015355 0.055566 1.626697
-0.070564 -0.010988 1.602539
0.188890 -0.125177 1.426415
0.189651 -0.125427 1.424683
0.189651 -0.125427 1.424683
0.188890 -0.125177 1.426415
0.211689 -0.060281 1.495922
0.165386 0.053144 1.461163
0.137248 -0.116005 1.389825
0.196220 -0.060770 1.381838
0.206710 0.045673 1.431068
0.196301 -0.002161 1.435882
0.204318 -0.018146 1.441941
0.228620 -0.069572 1.455555
0.206062 0.000989 1.511655
0.179173 -0.005002 1.535690
0.190153 -0.125413 1.450560
0.206110 -0.105096 1.430964
0.195357 -0.125991 1.475108
0.203013 -0.075796 1.441744
0.141602 0.040027 1.375170
0.192335 -0.062599 1.435180
0.189258 -0.046904 1.434510
0.203316 -0.090814 1.424259
0.206272 -0.108198 1.496586
0.199068 -0.073983 1.531249
0.205009 -0.098011 1.513680
0.193767 0.008882 1.446214
0.139794 -0.142299 1.429153
0.205684 -0.007330 1.445221
0.205367 -0.033461 1.460634
0.128997 0.018980 1.408920
0.173899 -0.135023 1.446995
0.202525 -0.061663 1.536985
0.201999 -0.095776 1.530991
0.212324 0.018531 1.428365
0.145010 0.003926 1.379038
0.201000 -0.013145 1.468309
0.192559 -0.033647 1.423653
0.184622 -0.046756 1.391473
0.192715 -0.010537 1.524360
0.205871 0.006461 1.513777
0.182769 0.016197 1.513711
0.200815 -0.024822 1.526784
0.206414 0.036630 1.403887
0.135871 0.031329 1.400259
0.128739 0.016399 1.393400
0.204370 0.020760 1.410757
0.204370 0.020760 1.410757
0.216256 -0.054668 1.440608
0.144336 -0.133485 1.460496
0.204724 -0.047883 1.481935
0.193563 -0.033152 1.509264
0.207446 -0.001309 1.438912
0.129664 -0.133415 1.388394
0.148403 -0.120326 1.373601
0.212324 0.018531 1.428365
0.194180 -0.001762 1.472010
0.138776 0.016936 1.383781
0.135080 0.042783 1.384009
0.162677 -0.143378 1.426765
0.242828 -0.055854 1.448627
0.227353 -0.067492 1.469397
0.214862 -0.081823 1.520650
0.155446 -0.126668 1.398493
0.164478 -0.090441 1.355197
0.211091 -0.050154 1.429167
0.206603 -0.035630 1.435147
0.198690 -0.010246 1.431662
0.204529 -0.022494 1.422046
0.198690 -0.010246 1.431662
0.204057 -0.041690 1.509615
0.153936 -0.138916 1.419302
0.161372 -0.132266 1.454246
0.176018 -0.139182 1.455568
0.151549 -0.111451 1.361625
0.214104 -0.067416 1.467144
0.184054 0.050218 1.427605
0.195552 -0.131053 1.477107
0.207448 0.024957 1.402456
-0.194733 -0.109633 1.394580
-0.198878 -0.117405 1.408043
-0.198878 -0.117405 1.408043
-0.200022 -0.116666 1.406194
-0.153674 -0.068396 1.349875
-0.242508 -0.084590 1.510166
-0.185200 -0.123340 1.408501
-0.191666 -0.062003 1.369561
-0.203506 -0.089312 1.374683
-0.182681 0.050094 1.452438
-0.194425 0.046117 1.430766
-0.249494 -0.053063 1.489247
-0.277569 -0.047972 1.429318
-0.285568 -0.076543 1.442075
-0.216049 0.005504 1.505868
-0.145009 0.024324 1.505528
-0.202102 -0.129162 1.437003
-0.228234 -0.109593 1.411761
-0.240595 -0.084621 1.421855
-0.154749 0.031551 1.365727
-0.210842 -0.040060 1.421669
-0.228522 -0.095028 1.402554
-0.225555 -0.117933 1.496322
-0.221789 -0.125223 1.461665
-0.234189 -0.102866 1.517072
-0.190995 0.003182 1.424824
-0.158366 -0.076288 1.341929
-0.196924 -0.097893 1.372552
-0.179612 -0.092779 1.362455
-0.275113 -0.043305 1.445913
-0.249425 -0.034121 1.452202
-0.220839 0.005333 1.453934
-0.145681 -0.103785 1.544172
-0.146119 -0.125872 1.533890
-0.164486 0.009149 1.532099
-0.201264 0.013388 1.426629
-0.204199 0.019443 1.449961
-0.166270 0.001785 1.345307
-0.232920 -0.013024 1.460357
-0.198097 -0.004756 1.519250
-0.221263 -0.032270 1.522001
-0.160794 0.046535 1.390350
-0.171721 0.027229 1.394307
-0.136451 0.073627 1.384933
-0.187342 0.037368 1.467563
-0.182301 0.014305 1.409637
-0.155626 0.031707 1.503823
-0.181295 0.005577 1.516090
-0.153182 0.024731 1.518169
-0.243231 -0.069122 1.418954
-0.219000 -0.028534 1.503864
-0.226519 -0.004476 1.431640
-0.154538 -0.118883 1.358057
-0.220506 0.013806 1.458807
-0.214501 -0.000877 1.464620
-0.127359 0.052534 1.385594
-0.218922 -0.126174 1.496894
-0.142150 0.079310 1.376057
-0.133376 0.088111 1.378940
-0.303337 -0.059032 1.437192
-0.232858 -0.070395 1.519616
-0.240580 -0.088779 1.520129
-0.162935 -0.115950 1.349463
-0.168546 0.048481 1.456369
-0.217497 -0.131741 1.505076
-0.261840 -0.055586 1.413311
-0.211174 -0.015416 1.423479
-0.214578 -0.022032 1.411587
-0.161808 -0.041649 1.339792
-0.228776 -0.043455 1.494660
-0.159137 -0.126717 1.408033
-0.165480 -0.109092 1.340563
-0.206261 -0.136822 1.444595
-0.201005 -0.139908 1.473266
-0.171248 -0.061060 1.332915
-0.178439 -0.140989 1.458100
0.243811 0.034736 1.094176
0.246259 0.027775 1.092758
0.245294 0.015772 1.101388
0.213863 0.080731 1.036150
0.205296 0.072131 1.093215
0.203866 0.069885 1.099743
0.198026 0.074429 1.099580
0.198474 0.070694 1.099733
0.231445 0.066642 1.010510
0.213085 0.079787 1.027156
0.234127 0.067684 1.004220
0.238297 0.069184 1.005039
0.259298 -0.014421 1.039627
0.256901 -0.014518 1.052218
0.193220 0.075386 1.030258
0.190923 0.075283 1.040893
0.195038 0.074271 1.072124
0.193547 0.072323 1.082578
0.189754 0.072633 1.091918
0.188522 0.070920 1.097069
0.189464 0.076362 1.096759
0.190164 0.076289 1.093507
0.194338 0.075069 1.082456
0.196179 0.076047 1.073244
0.202602 0.080501 1.058602
0.201081 0.080186 1.058142
0.196729 0.075457 1.099235
0.196171 0.074225 1.107769
0.246059 0.015933 1.105822
0.215555 -0.034093 1.095793
0.237957 -0.029953 1.044406
0.237790 -0.028063 1.032884
0.205076 -0.036136 1.090164
0.210739 -0.032847 1.022952
0.213050 -0.031207 1.006671
0.192466 -0.026575 1.114177
0.232576 -0.009741 1.129349
0.234830 -0.000905 1.128991
0.208164 0.063230 1.127006
0.201175 0.065608 1.126703
0.186453 -0.022564 1.121390
0.210284 0.028696 0.978695
0.238775 -0.014776 0.994366
0.234694 -0.021206 0.995149
0.228826 0.063937 0.995203
0.197902 0.068638 0.991883
0.210733 0.060531 0.988576
0.207184 0.041038 0.980031
0.190115 -0.023627 1.086468
0.182478 0.070395 1.051519
0.179691 0.068312 1.064625
0.172793 0.034918 1.106195
0.174356 -0.003988 1.117036
0.169137 -0.003459 1.149104
0.169033 0.053716 1.106615
0.172793 0.034918 1.106195
0.161679 0.033418 1.135816
0.160429 0.035069 1.151907
0.180949 -0.025543 1.105131
0.165913 -0.026699 1.128240
0.164347 -0.027740 1.147685
0.181482 -0.016296 1.120417
0.182749 -0.024390 1.107782
0.169255 0.033349 1.118405
0.165130 0.031346 1.151704
0.164809 0.031116 1.160225
0.169889 0.029690 1.164793
0.169969 0.032386 1.160281
0.171170 0.032061 1.150751
0.174439 -0.026617 1.119515
0.167583 -0.010419 1.172869
0.165783 -0.030477 1.172466
0.172552 -0.028172 1.129415
0.170177 -0.026204 1.126312
0.175166 -0.008830 1.128989
0.170177 -0.026204 1.126312
0.172006 -0.007736 1.125067
0.180894 -0.005195 1.122687
0.180894 -0.005195 1.122687
0.193825 -0.004242 1.137333
0.192080 0.007064 1.134402
0.212299 -0.020861 1.130819
0.220252 -0.018984 1.128951
0.226474 -0.005902 1.129435
0.227281 -0.001376 1.132912
0.214133 0.054962 1.130578
0.206273 0.057712 1.131402
0.194809 0.063142 1.133510
0.177573 0.049038 1.131714
0.185068 0.044587 1.132033
0.201887 0.030355 1.128385
0.171371 0.034087 1.119744
0.201517 0.062341 1.136498
0.197526 0.062280 1.137906
0.203393 0.058297 1.137593
0.224195 0.027949 1.140036
0.214017 0.006344 1.133047
0.216154 0.016034 1.135350
0.223211 0.024851 1.139982
0.209876 0.036980 1.136882
0.209022 0.042636 1.137756
0.210603 0.041494 1.134304
0.202572 0.052804 1.133693
0.204507 0.046549 1.129757
0.210782 0.009684 1.129601
0.211900 0.010276 1.131703
0.205902 0.007161 1.124643
0.205519 0.013951 1.125248
0.199918 -0.000916 1.131624
0.199351 -0.004949 1.133853
0.198163 0.013153 1.124569
0.218924 0.026815 1.140967
0.215424 0.027322 1.130668
0.210955 0.050999 1.138721
0.206791 0.049807 1.135792
0.205441 0.042282 1.131207
0.204507 0.046549 1.129757
0.198955 0.035907 1.127111
0.211244 0.027445 1.140937
0.210716 0.026597 1.137147
0.213273 0.018436 1.137558
0.199267 0.020494 1.127752
0.184228 0.013047 1.135302
0.181900 0.004666 1.127248
0.180664 0.000290 1.127346
0.179489 0.009402 1.130090
0.173238 0.031649 1.121743
0.157790 0.056323 1.169246
0.155393 0.055007 1.168914
0.165213 0.037957 1.168585
0.167184 0.036749 1.153657
0.167184 0.036749 1.153657
0.168769 0.035378 1.138792
0.174757 0.028273 1.126995
0.213743 0.016893 1.136274
0.211889 0.017304 1.134962
38 39
457 458
244 274
182 183
818 819
432 438
271 272
19 26
197 198
264 265
27 28
75 76
161 162
314 315
940 966
117 154
277 278
824 838
811 829
155 156
169 170
853 923
232 233
945 963
617 762
2 3
365 366
139 140
165 166
615 754
866 882
474 475
163 164
486 491
469 484
114 115
948 949
589 625
856 925
87 88
113 116
879 880
771 773
93 94
50 51
110 111
89 90
820 821
48 49
134 135
464 710
603 604
577 578
785 786
200 226
108 109
54 55
59 60
741 749
584 690
874 896
371 392
321 345
119 120
766 782
951 962
350 356
77 78
159 160
1054 1055
441 442
112 118
372 409
382 408
211 212
816 841
444 445
246 247
767 768
448 449
190 191
420 421
513 563
20 21
433 434
217 227
332 349
95 105
708 738
738 739
121 122
343 357
29 43
203 204
489 490
599 650
24 25
386 387
73 74
323 324
11 12
429 437
341 344
199 208
860 889
61 62
238 239
875 876
147 148
133 146
933 934
137 138
920 924
257 258
388 389
395 396
34 35
256 266
506 509
56 57
673 674
550 551
17 30
591 729
714 715
82 86
470 629
839 840
145 149
807 817
955 956
699 700
752 753
177 178
999 1001
558 559
518 719
901 910
932 996
286 287
103 104
904 905
783 784
179 180
576 627
209 210
215 216
911 921
961 971
815 828
939 985
835 846
862 864
887 888
935 936
581 717
587 588
970 989
845 847
508 642
666 687
958 959
52 53
106 107
612 613
637 677
769 801
960 974
574 652
975 991
531 532
937 995
43 44
267 268
397 398
36 37
775 776
583 638
555 591
418 419
333 334
830 831
969 981
810 836
502 503
288 290
462 614
284 285
479 676
994 1000
80 81
538 663
566 602
967 968
560 565
964 980
765 787
802 803
282 283
167 168
173 181
471 599
594 595
6 7
780 795
660 720
317 329
891 904
367 376
302 303
627 628
463 614
234 235
704 730
294 295
507 682
157 158
514 631
772 781
718 747
796 797
245 261
946 993
859 907
1050 1060
65 66
812 837
953 954
855 885
871 909
799 800
977 992
465 684
68 69
498 499
873 875
1072 1073
822 823
976 995
965 973
547 721
986 987
852 897
870 872
808 833
171 172
569 732
481 706
1127 1135
544 639
280 281
633 691
806 813
1061 1062
881 894
893 902
504 568
310 311
10 15
308 309
570 571
1056 1057
214 224
312 313
854 900
620 662
240 275
534 535
306 307
4 5
679 680
476 485
487 702
913 915
647 648
320 322
683 685
861 886
692 693
511 682
832 846
865 867
488 522
541 542
539 592
712 733
529 686
579 646
83 85
619 669
605 711
530 645
297 299
868 884
938 955
318 319
778 792
943 947
664 707
626 661
552 665
143 174
553 695
546 609
657 659
497 554
468 678
724 753
523 524
562 598
540 675
519 756
582 666
1035 1036
728 729
827 834
536 597
1058 1059
505 698
926 927
703 705
863 869
606 607
944 975
793 805
601 682
777 804
950 987
877 892
635 731
1047 1048
493 755
788 790
656 744
644 732
1131 1132
593 722
791 796
1133 1134
640 641
618 760
561 616
878 919
735 736
572 649
300 301
296 305
899 914
478 573
545 701
292 293
46 47
512 745
491 492
809 843
774 789
414 415
883 903
642 681
1051 1052
898 917
480 723
908 922
524 609
895 912
621 622
758 759
770 800
526 527
231 236
596 689
941 972
580 751
687 688
141 142
412 417
1014 1015
1053 1065
1043 1049
510 533
983 984
521 599
586 587
842 844
515 611
585 644
289 291
454 456
978 988
906 918
694 713
124 125
930 952
1031 1034
91 92
316 330
590 649
650 651
1124 1125
1081 1082
890 925
814 846
151 152
1032 1033
516 517
150 153
942 998
988 997
667 735
858 875
548 549
1063 1079
567 725
825 826
1012 1046
520 726
298 304
931 987
1113 1114
1016 1017
352 353
781 798
500 501
1018 1019
477 740
632 696
742 764
175 176
533 709
610 653
655 658
643 750
130 131
1037 1042
982 990
556 557
568 636
654 750
957 979
623 743
1069 1070
624 757
1024 1025
857 916
472 473
413 455
8 9
369 370
697 727
1010 1013
1038 1039
1005 1011
537 575
126 127
1090 1091
1028 1029
630 634
564 670
1066 1067
1083 1084
1087 1088
368 403
1112 1123
1042 1063
1071 1077
460 461
235 273
123 136
1044 1045
1104 1105
70 71
668 737
1002 1003
671 672
1040 1041
393 394
716 763
410 411
1080 1126
446 447
205 206
336 337
1006 1007
101 102
779 794
1108 1109
84 85
495 496
1096 1104
262 263
63 64
132 144
608 734
525 747
241 242
1092 1119
543 746
358 359
98 101
325 326
422 423
1085 1086
128 129
1020 1021
184 185
528 600
435 459
250 251
96 97
379 399
220 221
1068 1069
1101 1103
1089 1095
1115 1116
1076 1078
67 72
201 202
249 252
748 761
335 338
381 383
351 357
374 375
14 15
450 451
406 407
430 431
1098 1107
1110 1111
207 213
1117 1118
229 230
99 100
192 193
354 355
40 41
41 42
402 404
404 405
1004 1030
1074 1075
436 443
439 440
58 79
342 362
348 361
373 393
13 31
32 33
1094 1095
1102 1103
276 279
424 425
1120 1121
346 347
269 270
222 223
1008 1009
452 453
194 195
1093 1128
416 426
237 243
225 228
254 255
339 340
188 189
427 428
1060 1064
1022 1023
218 219
1097 1100
186 222
327 328
187 196
1122 1137
400 401
377 378
0 1
363 364
22 23
384 385
1129 1130
1099 1136
1106 1107
18 41
380 404
259 260
390 391
928 929
248 253
848 849
850 851
331 360
466 467
1026 1027
16 45
494 496
482 483
