7554914252768052907 64 83
8.000002 7.999999 -1.000000
8.000002 8.000000 3.000000
8.000002 8.000000 -1.000000
8.000002 0.000000 3.000000
8.000002 8.000000 -1.000000
8.000002 8.000000 3.000000
8.000002 0.000000 -1.000000
8.000002 -0.000000 -1.000000
8.000002 8.000000 3.000000
0.000001 8.000000 -1.000000
0.000001 8.000000 3.000001
8.000002 7.999999 -1.000000
8.000002 0.000000 3.000000
2.000000 -0.000000 -1.000000
8.000002 -0.000000 -1.000000
2.000000 -0.000000 3.000001
2.000000 -0.000000 -1.000000
8.000002 7.999999 -1.000000
8.000002 -0.000000 -1.000000
0.000000 2.000000 -1.000000
0.000001 8.000000 -1.000000
8.000002 8.000000 3.000000
2.000000 -0.000000 3.000001
8.000002 0.000000 3.000000
0.000000 2.000000 3.000001
0.000001 8.000000 3.000001
2.000000 -0.000000 3.000001
0.000000 2.000000 -1.000000
2.000000 -0.000000 -1.000000
0.000000 2.000000 3.000001
0.000001 8.000000 3.000001
0.000001 8.000000 -1.000000
0.000000 2.000000 3.000001
0.000000 2.000000 -1.000000
0.000000 2.000000 3.000001
0.000001 8.000000 -1.000000
0.000000 2.000000 -1.000000
0.000001 8.000000 3.000001
8.000002 7.999999 3.000000
8.000001 -0.000001 3.000000
8.000001 -0.000001 -1.000000
8.000001 7.999999 -1.000000
0.000001 8.000000 3.000001
8.000002 7.999999 3.000000
8.000001 7.999999 -1.000000
0.000001 8.000000 -1.000000
8.000001 -0.000001 3.000000
2.000000 -0.000000 3.000001
2.000000 -0.000000 -1.000000
8.000001 -0.000001 -1.000000
0.000001 8.000000 3.000001
0.000000 2.000000 3.000001
8.000002 7.999999 3.000000
2.000000 -0.000000 3.000001
8.000001 -0.000001 3.000000
2.000000 -0.000000 3.000001
0.000000 2.000000 -1.000000
2.000000 -0.000000 -1.000000
0.000000 2.000000 3.000001
2.000000 -0.000000 -1.000000
8.000001 7.999999 -1.000000
8.000001 -0.000001 -1.000000
0.000000 2.000000 -1.000000
0.000001 8.000000 -1.000000
21 24
21 22
17 19
16 17
51 52
52 53
60 62
59 60
8 9
42 44
3 4
38 40
9 11
17 20
8 10
21 25
42 43
50 52
3 5
4 6
21 23
44 45
60 63
38 39
52 54
40 41
60 61
17 18
12 13
46 48
31 32
34 35
12 15
22 23
13 14
16 18
46 47
48 49
53 54
59 61
19 20
24 25
30 32
31 33
34 37
50 51
35 36
62 63
55 56
26 27
35 37
42 45
38 41
43 44
34 36
56 58
13 15
26 28
9 10
27 29
30 31
32 33
39 40
46 49
47 48
55 57
0 1
8 11
3 7
12 14
1 2
3 6
4 5
56 57
59 62
51 53
55 58
16 19
27 28
22 24
26 29
0 2
6 7
