16649373291816849464 2434 1900
-0.033965 0.225810 1.134099
-0.033649 0.224659 1.123855
-0.006078 0.225813 1.134971
-0.006036 0.224145 1.124450
-0.003008 0.213706 1.125849
-0.086762 0.212343 1.135533
-0.086416 0.211292 1.124731
-0.087108 0.201057 1.126071
-0.003376 0.211554 1.131313
-0.003318 0.212421 1.136980
-0.086165 0.199384 1.135849
-0.033774 0.226239 1.122845
-0.034524 0.229155 1.144962
-0.024594 0.229552 1.122582
-0.024731 0.232856 1.145137
-0.004197 0.225161 1.123524
-0.004285 0.228773 1.146290
-0.013502 0.233080 1.145610
-0.000665 0.213905 1.125076
-0.001009 0.217161 1.146956
-0.045309 0.231465 1.144542
-0.055182 0.226620 1.122424
-0.063544 0.222599 1.122789
-0.056413 0.229044 1.144676
-0.064055 0.224893 1.145169
-0.074543 0.224760 1.145442
-0.088807 0.211715 1.123787
-0.083814 0.220244 1.145925
-0.089557 0.213986 1.147181
-0.089670 0.200587 1.125243
-0.089962 0.202942 1.148628
-0.001421 0.213239 1.142671
-0.087990 0.198808 1.128170
-0.087764 0.198731 1.143930
-0.024594 0.229552 1.122582
-0.024208 0.227839 1.122757
-0.033774 0.226239 1.122845
-0.033623 0.224565 1.123011
-0.024731 0.232856 1.145137
-0.034524 0.229155 1.144962
-0.024347 0.231158 1.145421
-0.034375 0.227496 1.145235
-0.004197 0.225161 1.123524
-0.005486 0.224090 1.123584
-0.013832 0.227767 1.122947
-0.004285 0.228773 1.146290
-0.013502 0.233080 1.145610
-0.005577 0.227720 1.146470
-0.013953 0.231380 1.145885
-0.002795 0.216937 1.147015
-0.000665 0.213905 1.125076
-0.002449 0.213665 1.125016
-0.044149 0.226884 1.122523
-0.045309 0.231465 1.144542
-0.045442 0.229715 1.144825
-0.055182 0.226620 1.122424
-0.054498 0.224996 1.122593
-0.063544 0.222599 1.122789
-0.063042 0.220781 1.122982
-0.056413 0.229044 1.144676
-0.064055 0.224893 1.145169
-0.055732 0.227436 1.144950
-0.063556 0.223090 1.145469
-0.073347 0.222102 1.122691
-0.073033 0.220376 1.122867
-0.074543 0.224760 1.145442
-0.074230 0.223050 1.145728
-0.088807 0.211715 1.123787
-0.082683 0.217914 1.123078
-0.087194 0.211082 1.123841
-0.081592 0.216515 1.123224
-0.089557 0.213986 1.147181
-0.087947 0.213369 1.147341
-0.083814 0.220244 1.145925
-0.082726 0.218859 1.146177
-0.089962 0.202942 1.148628
-0.088198 0.203215 1.148672
-0.089670 0.200587 1.125243
-0.087904 0.200845 1.125181
-0.045442 0.229715 1.144825
-0.034375 0.227496 1.145235
-0.034280 0.226960 1.144344
-0.063556 0.223090 1.145469
-0.074230 0.223050 1.145728
-0.082726 0.218859 1.146177
-0.087947 0.213369 1.147341
-0.087107 0.213394 1.146335
-0.088198 0.203215 1.148672
-0.087379 0.203236 1.147667
-0.086076 0.199446 1.143782
-0.086067 0.199452 1.144521
-0.003259 0.213287 1.142648
-0.003254 0.213368 1.143176
-0.002795 0.216937 1.147015
-0.006119 0.227481 1.145491
-0.005577 0.227720 1.146470
-0.013953 0.231380 1.145885
-0.024347 0.231158 1.145421
-0.024208 0.227839 1.122757
-0.013832 0.227767 1.122947
-0.005486 0.224090 1.123584
-0.002449 0.213665 1.125016
-0.003381 0.211483 1.130846
-0.086262 0.199316 1.127262
-0.087904 0.200845 1.125181
-0.087194 0.211082 1.123841
-0.081592 0.216515 1.123224
-0.073033 0.220376 1.122867
-0.063042 0.220781 1.122982
-0.054498 0.224996 1.122593
-0.044149 0.226884 1.122523
-0.033623 0.224565 1.123011
-0.097938 0.205633 1.103381
-0.097820 0.204851 1.111220
-0.098248 0.207669 1.105105
-0.098303 0.209004 1.114371
-0.090395 0.174119 1.199976
-0.087406 0.177529 1.199557
-0.088647 0.177408 1.199782
-0.087663 0.179216 1.199547
-0.087663 0.179216 1.199547
-0.087780 0.179985 1.204975
-0.088647 0.177408 1.199782
-0.088677 0.178288 1.205886
-0.090844 0.177027 1.199613
-0.090844 0.177027 1.199613
-0.091679 0.205639 1.103514
-0.095502 0.209146 1.112413
-0.093588 0.218198 1.193662
-0.097455 0.220566 1.193244
-0.097455 0.220566 1.193244
-0.094818 0.218010 1.193897
-0.093588 0.218198 1.193662
-0.093341 0.216576 1.194132
-0.094848 0.218891 1.200000
-0.093458 0.217345 1.199559
-0.094818 0.218010 1.193897
-0.093341 0.216576 1.194132
-0.092604 0.206573 1.103362
-0.087780 0.179985 1.204975
-0.093458 0.217345 1.199559
-0.088677 0.178288 1.205886
-0.094848 0.218891 1.200000
-0.087406 0.177529 1.199557
-0.093588 0.218198 1.193662
-0.087663 0.179216 1.199547
-0.093341 0.216576 1.194132
-0.097022 0.217672 1.193722
-0.097022 0.217672 1.193722
-0.090250 0.223162 1.234020
-0.082267 0.232856 1.232077
-0.086602 0.205153 1.102700
-0.078687 0.214238 1.101538
-0.081217 0.232653 1.235494
-0.086031 0.198215 1.103745
-0.089506 0.215688 1.229183
-0.087440 0.200901 1.237650
-0.089506 0.215688 1.229183
-0.091171 0.215006 1.229244
-0.087440 0.200901 1.237650
-0.086687 0.184768 1.246928
-0.091171 0.215006 1.229244
-0.088387 0.184064 1.245459
-0.093040 0.214683 1.227452
-0.090250 0.223162 1.234020
-0.087440 0.200901 1.237650
-0.087643 0.216577 1.235052
-0.085233 0.200845 1.237290
-0.085879 0.223880 1.234069
-0.085845 0.220381 1.234541
-0.085524 0.165229 1.105816
-0.090249 0.196316 1.100807
-0.078612 0.160006 1.106856
-0.081958 0.179304 1.245749
-0.090249 0.196316 1.100807
-0.086031 0.198215 1.103745
-0.083752 0.198279 1.101852
-0.091171 0.215006 1.229244
-0.089506 0.215688 1.229183
-0.093040 0.214683 1.227452
-0.085689 0.226382 1.236098
-0.086687 0.184768 1.246928
-0.082060 0.187020 1.246546
-0.081018 0.180403 1.247925
-0.081018 0.180403 1.247925
-0.060810 0.224186 1.234541
-0.047722 0.226175 1.234541
-0.061162 0.227637 1.234069
-0.048242 0.229601 1.234069
-0.048610 0.232017 1.236098
-0.062316 0.229934 1.236098
-0.062864 0.234289 1.235657
-0.049269 0.236355 1.235657
-0.049319 0.236683 1.224045
-0.046648 0.219108 1.101538
-0.081958 0.179304 1.245749
-0.078612 0.160006 1.106856
-0.041532 0.185448 1.245749
-0.038590 0.166089 1.106856
-0.041669 0.186351 1.248024
-0.081018 0.180403 1.247925
-0.042680 0.193005 1.246546
-0.041669 0.186351 1.248024
-0.090249 0.196316 1.100807
-0.083752 0.198279 1.101852
-0.044205 0.203036 1.100819
-0.044391 0.204261 1.101852
-0.084598 0.204433 1.101063
-0.077256 0.212262 1.099971
-0.045309 0.210299 1.101060
-0.046332 0.217034 1.099992
-0.046332 0.217034 1.099992
-0.077256 0.212262 1.099971
-0.084598 0.204433 1.101063
-0.083752 0.198279 1.101852
-0.038590 0.166089 1.106856
-0.039521 0.172221 1.105816
-0.085524 0.165229 1.105816
-0.084883 0.187574 1.245840
-0.084515 0.185153 1.228750
-0.087440 0.200901 1.237650
-0.087067 0.198442 1.220298
-0.084860 0.198387 1.219938
-0.087275 0.214156 1.217962
-0.085233 0.200845 1.237290
-0.087643 0.216577 1.235052
-0.085845 0.220381 1.234541
-0.085477 0.217960 1.217452
-0.082060 0.187020 1.246546
-0.081692 0.184599 1.229457
-0.060442 0.221765 1.217452
-0.047354 0.223754 1.217452
-0.047722 0.226175 1.234541
-0.042312 0.190584 1.229457
-0.042680 0.193005 1.246546
-0.081217 0.232653 1.235494
-0.063139 0.235764 1.232077
-0.063578 0.235334 1.235494
-0.062864 0.234289 1.235657
-0.049269 0.236355 1.235657
-0.059878 0.233307 1.224734
-0.049056 0.234952 1.224734
-0.062316 0.229934 1.236098
-0.062864 0.234289 1.235657
-0.063578 0.235334 1.235494
-0.063578 0.235334 1.235494
-0.063139 0.235764 1.232077
-0.060456 0.234991 1.224045
-0.014609 0.223977 1.101538
-0.016722 0.242818 1.232077
-0.004352 0.217654 1.102700
-0.006219 0.235934 1.234020
-0.017665 0.242312 1.235494
-0.011531 0.237653 1.236098
-0.002836 0.210860 1.103745
-0.004709 0.228576 1.229183
-0.002288 0.213843 1.237650
-0.004709 0.228576 1.229183
-0.002288 0.213843 1.237650
-0.002917 0.228419 1.229244
-0.001035 0.228667 1.227452
-0.002917 0.228419 1.229244
0.003618 0.198048 1.245459
0.001786 0.198215 1.246928
-0.004379 0.213134 1.237290
-0.002288 0.213843 1.237650
-0.006752 0.228871 1.235052
-0.006219 0.235934 1.234020
-0.010606 0.235321 1.234069
-0.009599 0.231969 1.234541
0.001756 0.210299 1.100807
0.006481 0.179212 1.105816
0.001432 0.172171 1.106856
-0.001107 0.191592 1.245749
0.001756 0.210299 1.100807
-0.005031 0.210243 1.101852
-0.002836 0.210860 1.103745
-0.002917 0.228419 1.229244
-0.001035 0.228667 1.227452
-0.011531 0.237653 1.236098
-0.002330 0.192363 1.247925
-0.003302 0.198990 1.246546
-0.000770 0.200358 1.245840
-0.002330 0.192363 1.247925
-0.034634 0.228165 1.234541
-0.035323 0.231564 1.234069
-0.047722 0.226175 1.234541
-0.048242 0.229601 1.234069
-0.034903 0.234101 1.236098
-0.048610 0.232017 1.236098
-0.035675 0.238421 1.235657
-0.049269 0.236355 1.235657
-0.049319 0.236683 1.224045
-0.038183 0.238376 1.224045
-0.046648 0.219108 1.101538
-0.001107 0.191592 1.245749
-0.041532 0.185448 1.245749
0.001432 0.172171 1.106856
-0.041669 0.186351 1.248024
-0.002330 0.192363 1.247925
-0.041669 0.186351 1.248024
-0.042680 0.193005 1.246546
-0.044391 0.204261 1.101852
-0.005031 0.210243 1.101852
-0.044205 0.203036 1.100819
0.001756 0.210299 1.100807
-0.046332 0.217034 1.099992
-0.015387 0.221665 1.099971
-0.045309 0.210299 1.101060
-0.006052 0.216371 1.101063
-0.015387 0.221665 1.099971
-0.006052 0.216371 1.101063
-0.005031 0.210243 1.101852
-0.038590 0.166089 1.106856
-0.039521 0.172221 1.105816
0.001432 0.172171 1.106856
0.006481 0.179212 1.105816
-0.000770 0.200358 1.245840
-0.002288 0.213843 1.237650
-0.000402 0.197937 1.228750
-0.001915 0.211384 1.220298
-0.006752 0.228871 1.235052
-0.006384 0.226450 1.217962
-0.004379 0.213134 1.237290
-0.004005 0.210675 1.219938
-0.009599 0.231969 1.234541
-0.009231 0.229548 1.217452
-0.003302 0.198990 1.246546
-0.002934 0.196569 1.229457
-0.034266 0.225743 1.217452
-0.034634 0.228165 1.234541
-0.047354 0.223754 1.217452
-0.047722 0.226175 1.234541
-0.042312 0.190584 1.229457
-0.042680 0.193005 1.246546
-0.035303 0.239631 1.235494
-0.017665 0.242312 1.235494
-0.035850 0.239911 1.232077
-0.035303 0.239631 1.235494
-0.035675 0.238421 1.235657
-0.038235 0.236596 1.224734
-0.049269 0.236355 1.235657
-0.049056 0.234952 1.224734
-0.034903 0.234101 1.236098
-0.035303 0.239631 1.235494
-0.035675 0.238421 1.235657
-0.035303 0.239631 1.235494
-0.035850 0.239911 1.232077
-0.038183 0.238376 1.224045
-0.034750 0.230979 1.170582
-0.034435 0.229828 1.160337
-0.006863 0.230982 1.171453
-0.006821 0.229314 1.160933
-0.003794 0.218875 1.162332
-0.087547 0.217512 1.172016
-0.087202 0.216461 1.161213
-0.087894 0.206226 1.162554
-0.004162 0.216723 1.167796
-0.004104 0.217590 1.173463
-0.086951 0.204553 1.172332
-0.087040 0.204491 1.164399
-0.034560 0.231408 1.159328
-0.035310 0.234324 1.181445
-0.025379 0.234721 1.159065
-0.025516 0.238025 1.181620
-0.004982 0.230330 1.160007
-0.014169 0.234652 1.159270
-0.005071 0.233942 1.182773
-0.014287 0.238249 1.182093
-0.001451 0.219074 1.161559
-0.001795 0.222330 1.183439
-0.044803 0.233819 1.158833
-0.046094 0.236634 1.181025
-0.055968 0.231789 1.158907
-0.064330 0.227768 1.159272
-0.057199 0.234213 1.181159
-0.064841 0.230062 1.181652
-0.074133 0.227271 1.159174
-0.083468 0.223083 1.159561
-0.089593 0.216883 1.160269
-0.084600 0.225413 1.182408
-0.090343 0.219155 1.183664
-0.090456 0.205756 1.161725
-0.090747 0.208111 1.185111
-0.002206 0.218408 1.179154
-0.002357 0.216677 1.167917
-0.088776 0.203977 1.164653
-0.088549 0.203900 1.180413
-0.025379 0.234721 1.159065
-0.024993 0.233008 1.159240
-0.034560 0.231408 1.159328
-0.034408 0.229734 1.159494
-0.025516 0.238025 1.181620
-0.035310 0.234324 1.181445
-0.025133 0.236327 1.181904
-0.035161 0.232665 1.181718
-0.004982 0.230330 1.160007
-0.006272 0.229259 1.160066
-0.014169 0.234652 1.159270
-0.014618 0.232936 1.159430
-0.005071 0.233942 1.182773
-0.014287 0.238249 1.182093
-0.006362 0.232889 1.182953
-0.014739 0.236549 1.182368
-0.001795 0.222330 1.183439
-0.003581 0.222106 1.183498
-0.003235 0.218834 1.161499
-0.044803 0.233819 1.158833
-0.044934 0.232053 1.159005
-0.046228 0.234884 1.181308
-0.055968 0.231789 1.158907
-0.055284 0.230165 1.159075
-0.064330 0.227768 1.159272
-0.063828 0.225950 1.159465
-0.064841 0.230062 1.181652
-0.056518 0.232604 1.181433
-0.064341 0.228259 1.181952
-0.074133 0.227271 1.159174
-0.073818 0.225545 1.159350
-0.075328 0.229929 1.181925
-0.075016 0.228219 1.182210
-0.089593 0.216883 1.160269
-0.083468 0.223083 1.159561
-0.087980 0.216251 1.160323
-0.090343 0.219155 1.183664
-0.088732 0.218538 1.183824
-0.084600 0.225413 1.182408
-0.083511 0.224028 1.182660
-0.088984 0.208384 1.185155
-0.090456 0.205756 1.161725
-0.088690 0.206013 1.161664
-0.046228 0.234884 1.181308
-0.035161 0.232665 1.181718
-0.035066 0.232129 1.180827
-0.056518 0.232604 1.181433
-0.064341 0.228259 1.181952
-0.075016 0.228219 1.182210
-0.083511 0.224028 1.182660
-0.088732 0.218538 1.183824
-0.087893 0.218563 1.182818
-0.088984 0.208384 1.185155
-0.088164 0.208405 1.184150
-0.086861 0.204615 1.180265
-0.086853 0.204621 1.181004
-0.004040 0.218537 1.179658
-0.004113 0.221883 1.182557
-0.003581 0.222106 1.183498
-0.006905 0.232650 1.181974
-0.006362 0.232889 1.182953
-0.014739 0.236549 1.182368
-0.025133 0.236327 1.181904
-0.024993 0.233008 1.159240
-0.014618 0.232936 1.159430
-0.006272 0.229259 1.160066
-0.003235 0.218834 1.161499
-0.004167 0.216652 1.167329
-0.087047 0.204485 1.163745
-0.088690 0.206013 1.161664
-0.087980 0.216251 1.160323
-0.082378 0.221683 1.159707
-0.073818 0.225545 1.159350
-0.063828 0.225950 1.159465
-0.055284 0.230165 1.159075
-0.044934 0.232053 1.159005
-0.034408 0.229734 1.159494
0.000006 0.202793 1.266166
-0.005032 0.235768 1.261184
-0.000352 0.204951 1.278064
-0.005292 0.237264 1.273370
-0.009006 0.238691 1.272693
-0.002724 0.200751 1.266496
-0.003113 0.202362 1.278019
-0.071465 0.227372 1.260096
-0.086076 0.226841 1.271753
-0.092015 0.221451 1.256241
-0.087144 0.189407 1.260676
-0.092346 0.223628 1.272233
-0.087463 0.191503 1.276728
-0.087827 0.223893 1.253252
-0.088206 0.226186 1.269469
-0.082566 0.189757 1.274366
-0.082248 0.187501 1.258471
-0.088893 0.224053 1.274783
-0.008395 0.236930 1.275587
-0.086076 0.226841 1.271753
-0.009006 0.238691 1.272693
-0.078649 0.225375 1.253855
-0.078043 0.221412 1.225880
-0.087827 0.223893 1.253252
-0.087092 0.220054 1.226002
-0.075291 0.226503 1.258117
-0.079574 0.190555 1.276736
-0.069562 0.190153 1.263461
-0.065759 0.191007 1.265370
-0.082248 0.187501 1.258471
-0.082566 0.189757 1.274366
-0.092346 0.223628 1.272233
-0.088206 0.226186 1.269469
-0.081453 0.183654 1.231096
-0.082248 0.187501 1.258471
-0.087144 0.189407 1.260676
-0.087827 0.223893 1.253252
-0.092015 0.221451 1.256241
-0.087827 0.223893 1.253252
-0.087092 0.220054 1.226002
-0.082248 0.187501 1.258471
-0.081453 0.183654 1.231096
-0.069562 0.190153 1.263461
-0.068551 0.192155 1.261947
-0.065759 0.191007 1.265370
-0.065119 0.192770 1.263476
-0.071505 0.191187 1.258382
-0.073061 0.189024 1.259340
-0.071043 0.187152 1.231222
-0.072537 0.185011 1.231109
-0.002724 0.200751 1.266496
-0.006011 0.201943 1.264147
0.000006 0.202793 1.266166
-0.001688 0.203512 1.264214
-0.006290 0.233917 1.259782
-0.005032 0.235768 1.261184
-0.008256 0.235011 1.259499
-0.008564 0.237028 1.260760
-0.010744 0.234775 1.259526
-0.011268 0.236610 1.260712
-0.007381 0.232387 1.259789
-0.003290 0.205201 1.263722
-0.074089 0.224962 1.257161
-0.075291 0.226503 1.258117
-0.078649 0.225375 1.253855
-0.071465 0.227372 1.260096
-0.070745 0.225601 1.258765
-0.076253 0.220008 1.226033
-0.078043 0.221412 1.225880
-0.010303 0.229975 1.225967
-0.006895 0.227579 1.226768
-0.002760 0.200458 1.228797
-0.005156 0.197300 1.230670
-0.079574 0.190555 1.276736
-0.084480 0.192443 1.279205
-0.082566 0.189757 1.274366
-0.087463 0.191503 1.276728
-0.003506 0.204849 1.280216
-0.003113 0.202362 1.278019
-0.000352 0.204951 1.278064
-0.171499 0.111272 1.203313
-0.171485 0.110500 1.204022
-0.173310 0.109472 1.202503
-0.172898 0.109096 1.203390
-0.171002 0.111391 1.205849
-0.170879 0.112414 1.205655
-0.175252 0.108068 1.203701
-0.174413 0.108001 1.204325
-0.176187 0.107883 1.206204
-0.175142 0.107857 1.206277
-0.175568 0.109025 1.208547
-0.174659 0.108747 1.208105
-0.173756 0.110825 1.209357
-0.173246 0.110151 1.208736
-0.171814 0.112228 1.208159
-0.171731 0.111246 1.207802
-0.198799 0.142300 1.195412
-0.199709 0.142578 1.195854
-0.198180 0.143442 1.197755
-0.199225 0.143468 1.197682
-0.201121 0.141174 1.195223
-0.200611 0.140500 1.194602
-0.202636 0.140079 1.196157
-0.202553 0.139097 1.195800
-0.203366 0.139934 1.198110
-0.203488 0.138912 1.198304
-0.202882 0.140825 1.199937
-0.202868 0.140053 1.200646
-0.201469 0.142229 1.200569
-0.201057 0.141853 1.201456
-0.199955 0.143324 1.199634
-0.199115 0.143257 1.200258
-0.175252 0.108068 1.203701
-0.202553 0.139097 1.195800
-0.173310 0.109472 1.202503
-0.200611 0.140500 1.194602
-0.174440 0.111602 1.209159
-0.200373 0.141076 1.201654
-0.175568 0.109025 1.208547
-0.202868 0.140053 1.200646
-0.176187 0.107883 1.206204
-0.203488 0.138912 1.198304
-0.173266 0.110972 1.202630
-0.172183 0.112049 1.203115
-0.174440 0.111602 1.209159
-0.172498 0.113006 1.207961
-0.171563 0.113191 1.205458
-0.198116 0.141523 1.195610
-0.199199 0.140446 1.195126
-0.197496 0.142665 1.197953
-0.198431 0.142480 1.200456
-0.200373 0.141076 1.201654
-0.173266 0.110972 1.202630
-0.199199 0.140446 1.195126
-0.161372 0.122034 1.203074
-0.187318 0.151496 1.195569
-0.199199 0.140446 1.195126
-0.198116 0.141523 1.195610
-0.172183 0.112049 1.203115
-0.173266 0.110972 1.202630
-0.161372 0.122034 1.203074
-0.197496 0.142665 1.197953
-0.171563 0.113191 1.205458
-0.198431 0.142480 1.200456
-0.172498 0.113006 1.207961
-0.162357 0.122832 1.209611
-0.200373 0.141076 1.201654
-0.188303 0.152294 1.202105
-0.174440 0.111602 1.209159
-0.142060 0.185841 1.134605
-0.141479 0.184145 1.124448
-0.118401 0.200589 1.133508
-0.117786 0.198288 1.123126
-0.109648 0.191170 1.124913
-0.179628 0.146797 1.140535
-0.179091 0.145153 1.129815
-0.108661 0.189630 1.130505
-0.108907 0.190885 1.136094
-0.172245 0.136175 1.141563
-0.172518 0.135388 1.133672
-0.142452 0.185329 1.123359
-0.143992 0.189318 1.145267
-0.136435 0.192938 1.122258
-0.137648 0.197616 1.144536
-0.116793 0.200035 1.122015
-0.126891 0.198795 1.121677
-0.118123 0.205018 1.144482
-0.128236 0.203753 1.144203
-0.107790 0.192505 1.123966
-0.109173 0.196974 1.145590
-0.152426 0.181937 1.123447
-0.154369 0.185563 1.145474
-0.165755 0.166584 1.125613
-0.162493 0.177684 1.146530
-0.166755 0.170195 1.147801
-0.173803 0.160997 1.126235
-0.175566 0.164589 1.148820
-0.179484 0.152577 1.127521
-0.181369 0.144171 1.129019
-0.181016 0.155933 1.150216
-0.182531 0.147727 1.152236
-0.176161 0.134430 1.131177
-0.176979 0.138295 1.154348
-0.107567 0.193069 1.141580
-0.107104 0.190551 1.130501
-0.173709 0.134062 1.134078
-0.173020 0.135482 1.149761
-0.136435 0.192938 1.122258
-0.135194 0.191707 1.122504
-0.142452 0.185329 1.123359
-0.141431 0.184006 1.123611
-0.137648 0.197616 1.144536
-0.143992 0.189318 1.145267
-0.136415 0.196406 1.144890
-0.116793 0.200035 1.122015
-0.117317 0.198456 1.122227
-0.126891 0.198795 1.121677
-0.118123 0.205018 1.144482
-0.128236 0.203753 1.144203
-0.118654 0.203462 1.144813
-0.127710 0.202102 1.144607
-0.109173 0.196974 1.145590
-0.110567 0.195851 1.145788
-0.107790 0.192505 1.123966
-0.109176 0.191358 1.124046
-0.152426 0.181937 1.123447
-0.151596 0.180389 1.123731
-0.154369 0.185563 1.145474
-0.160809 0.174352 1.124426
-0.159365 0.173353 1.124640
-0.165755 0.166584 1.125613
-0.164361 0.165326 1.125875
-0.162493 0.177684 1.146530
-0.166755 0.170195 1.147801
-0.161056 0.176705 1.146848
-0.165368 0.168958 1.148170
-0.173803 0.160997 1.126235
-0.172617 0.159718 1.126488
-0.175566 0.164589 1.148820
-0.174386 0.163331 1.149181
-0.181369 0.144171 1.129019
-0.179484 0.152577 1.127521
-0.179665 0.144490 1.128996
-0.177814 0.151979 1.127671
-0.182531 0.147727 1.152236
-0.180834 0.148066 1.152318
-0.181016 0.155933 1.150216
-0.179352 0.155356 1.150472
-0.175627 0.139458 1.154252
-0.176161 0.134430 1.131177
-0.174802 0.135571 1.130977
-0.153546 0.184036 1.145867
-0.142978 0.188017 1.145625
-0.142640 0.187536 1.144762
-0.161056 0.176705 1.146848
-0.165368 0.168958 1.148170
-0.174386 0.163331 1.149181
-0.179352 0.155356 1.150472
-0.180834 0.148066 1.152318
-0.180165 0.148441 1.151256
-0.174973 0.139820 1.153192
-0.171973 0.136962 1.149453
-0.171947 0.137035 1.150187
-0.109175 0.192257 1.142204
-0.110926 0.195301 1.144900
-0.110567 0.195851 1.145788
-0.119016 0.202890 1.143890
-0.118654 0.203462 1.144813
-0.127710 0.202102 1.144607
-0.136415 0.196406 1.144890
-0.135194 0.191707 1.122504
-0.126357 0.197121 1.121967
-0.117317 0.198456 1.122227
-0.109176 0.191358 1.124046
-0.108641 0.189526 1.130045
-0.172540 0.135323 1.133022
-0.174802 0.135571 1.130977
-0.179665 0.144490 1.128996
-0.177814 0.151979 1.127671
-0.172617 0.159718 1.126488
-0.164361 0.165326 1.125875
-0.159365 0.173353 1.124640
-0.151596 0.180389 1.123731
-0.160584 0.118133 1.207190
-0.169510 0.108143 1.204350
-0.157460 0.101069 1.129381
-0.164970 0.094374 1.134585
-0.164970 0.094374 1.134585
-0.169510 0.108143 1.204350
-0.197114 0.130908 1.125282
-0.201655 0.144677 1.195048
-0.173632 0.110909 1.208004
-0.162516 0.120326 1.206691
-0.173181 0.112820 1.213953
-0.161165 0.123076 1.212711
-0.173983 0.111972 1.213392
-0.159728 0.102978 1.125065
-0.164833 0.098621 1.125593
-0.185734 0.132534 1.117539
-0.190838 0.128177 1.118067
-0.186476 0.132454 1.109696
-0.185734 0.132534 1.117539
-0.187767 0.134164 1.111316
-0.188253 0.136067 1.120469
-0.163368 0.094681 1.130257
-0.164833 0.098621 1.125593
-0.159728 0.102978 1.125065
-0.155218 0.102493 1.127225
-0.159869 0.122554 1.206364
-0.153931 0.104805 1.117270
-0.160584 0.118133 1.207190
-0.159869 0.122554 1.206364
-0.160851 0.121818 1.206683
-0.160981 0.123845 1.206274
-0.160981 0.123845 1.206274
-0.161331 0.124905 1.211642
-0.160851 0.121818 1.206683
-0.153821 0.103512 1.117533
-0.154941 0.100902 1.120017
-0.156974 0.099166 1.120227
-0.158011 0.100103 1.117933
-0.169510 0.108143 1.204350
-0.189462 0.150952 1.198893
-0.200551 0.141503 1.200214
-0.201655 0.144677 1.195048
-0.191377 0.153131 1.198279
-0.201655 0.144677 1.195048
-0.197114 0.130908 1.125282
-0.188084 0.153670 1.204921
-0.189462 0.150952 1.198893
-0.200100 0.143414 1.206163
-0.200901 0.142566 1.205602
-0.195513 0.131215 1.120954
-0.190838 0.128177 1.118067
-0.181169 0.135763 1.109388
-0.186011 0.137491 1.118314
-0.187769 0.152412 1.198893
-0.186832 0.153198 1.198561
-0.185750 0.151997 1.199106
-0.186100 0.153056 1.204474
-0.187769 0.152412 1.198893
-0.185750 0.151997 1.199106
-0.182454 0.136054 1.109247
-0.185734 0.135899 1.111106
-0.173181 0.112820 1.213953
-0.200100 0.143414 1.206163
-0.161165 0.123076 1.212711
-0.188084 0.153670 1.204921
-0.161331 0.124905 1.211642
-0.186100 0.153056 1.204474
-0.160981 0.123845 1.206274
-0.185750 0.151997 1.199106
-0.161331 0.124905 1.211642
-0.186100 0.153056 1.204474
-0.159869 0.122554 1.206364
-0.186832 0.153198 1.198561
-0.153931 0.104805 1.117270
-0.159869 0.122554 1.206364
-0.186832 0.153198 1.198561
-0.153821 0.103512 1.117533
-0.182454 0.136054 1.109247
-0.153931 0.104805 1.117270
-0.181169 0.135763 1.109388
-0.158011 0.100103 1.117933
-0.186476 0.132454 1.109696
-0.163368 0.094681 1.130257
-0.185465 0.162652 1.238226
-0.183894 0.174884 1.235164
-0.176633 0.137953 1.108248
-0.174774 0.149702 1.106003
-0.182797 0.175561 1.238505
-0.183246 0.167955 1.239787
-0.172442 0.132474 1.109652
-0.181014 0.156300 1.233793
-0.181014 0.156300 1.233793
-0.182062 0.154853 1.234010
-0.171181 0.145611 1.242939
-0.161724 0.133163 1.253065
-0.162834 0.131546 1.251762
-0.183527 0.153441 1.232376
-0.185465 0.162652 1.238226
-0.179736 0.158541 1.239453
-0.169292 0.146693 1.242429
-0.182140 0.165563 1.237925
-0.180243 0.162661 1.238597
-0.154471 0.105013 1.113599
-0.175095 0.128394 1.107133
-0.145815 0.104321 1.114451
-0.154854 0.130926 1.251875
-0.175095 0.128394 1.107133
-0.172442 0.132474 1.109652
-0.170599 0.133563 1.107602
-0.182062 0.154853 1.234010
-0.181014 0.156300 1.233793
-0.183527 0.153441 1.232376
-0.183246 0.167955 1.239787
-0.161714 0.136391 1.251690
-0.161724 0.133163 1.253065
-0.159007 0.137469 1.252227
-0.154578 0.132538 1.253912
-0.154578 0.132538 1.253912
-0.161042 0.179050 1.236612
-0.151004 0.187618 1.235574
-0.163182 0.181744 1.235965
-0.153274 0.190201 1.234941
-0.154807 0.192229 1.236847
-0.165320 0.183256 1.237933
-0.157677 0.195513 1.236202
-0.158230 0.194758 1.224622
-0.150200 0.170676 1.103463
-0.166772 0.187468 1.225505
-0.154854 0.130926 1.251875
-0.145815 0.104321 1.114451
-0.123849 0.157390 1.248670
-0.115118 0.130521 1.111278
-0.124377 0.158279 1.250893
-0.154578 0.132538 1.253912
-0.124377 0.158279 1.250893
-0.175095 0.128394 1.107133
-0.170599 0.133563 1.107602
-0.139633 0.158302 1.103511
-0.140410 0.159330 1.104481
-0.174601 0.138256 1.106518
-0.172559 0.148647 1.104458
-0.148878 0.168953 1.102023
-0.148878 0.168953 1.102023
-0.172559 0.148647 1.104458
-0.174601 0.138256 1.106518
-0.170599 0.133563 1.107602
-0.115118 0.130521 1.111278
-0.145815 0.104321 1.114451
-0.119188 0.135129 1.109951
-0.154471 0.105013 1.113599
-0.161714 0.136391 1.251690
-0.160614 0.133055 1.234788
-0.171181 0.145611 1.242939
-0.170064 0.142223 1.225776
-0.168175 0.143306 1.225266
-0.178636 0.155205 1.222551
-0.179736 0.158541 1.239453
-0.180243 0.162661 1.238597
-0.179143 0.159325 1.221694
-0.159007 0.137469 1.252227
-0.157907 0.134133 1.235325
-0.159942 0.175714 1.219709
-0.149904 0.184282 1.218672
-0.161042 0.179050 1.236612
-0.151004 0.187618 1.235574
-0.127704 0.159912 1.232202
-0.182797 0.175561 1.238505
-0.169268 0.187108 1.237106
-0.169223 0.187406 1.233647
-0.169268 0.187108 1.237106
-0.168104 0.186613 1.237280
-0.165369 0.186407 1.226249
-0.157069 0.193492 1.225391
-0.165320 0.183256 1.237933
-0.168104 0.186613 1.237280
-0.169268 0.187108 1.237106
-0.169268 0.187108 1.237106
-0.169223 0.187406 1.233647
-0.166772 0.187468 1.225505
-0.158230 0.194758 1.224622
-0.125627 0.191650 1.100923
-0.133622 0.217793 1.229967
-0.113550 0.191797 1.101726
-0.121016 0.217662 1.231564
-0.134054 0.217165 1.233466
-0.126368 0.216502 1.233907
-0.108634 0.186937 1.103055
-0.115976 0.211812 1.227069
-0.105872 0.201355 1.236188
-0.115976 0.211812 1.227069
-0.105872 0.201355 1.236188
-0.114373 0.212628 1.227013
-0.112961 0.213672 1.225081
-0.092269 0.191776 1.244467
-0.093867 0.191081 1.246050
-0.107278 0.199624 1.236018
-0.105872 0.201355 1.236188
-0.117695 0.211496 1.233040
-0.121016 0.217662 1.231564
-0.124408 0.214840 1.231957
-0.121765 0.212575 1.232552
-0.104530 0.188624 1.099838
-0.083905 0.165244 1.106304
-0.084422 0.156721 1.108105
-0.092844 0.183854 1.245464
-0.104530 0.188624 1.099838
-0.110222 0.185097 1.101360
-0.108634 0.186937 1.103055
-0.114373 0.212628 1.227013
-0.115976 0.211812 1.227069
-0.126368 0.216502 1.233907
-0.094225 0.184051 1.247673
-0.093867 0.191081 1.246050
-0.098601 0.189028 1.245983
-0.097202 0.191455 1.245021
-0.094225 0.184051 1.247673
-0.140966 0.196186 1.234537
-0.143365 0.198659 1.233916
-0.151004 0.187618 1.235574
-0.153274 0.190201 1.234941
-0.144294 0.201202 1.235760
-0.154807 0.192229 1.236847
-0.157677 0.195513 1.236202
-0.158230 0.194758 1.224622
-0.149689 0.202049 1.223739
-0.150200 0.170676 1.103463
-0.092844 0.183854 1.245464
-0.123849 0.157390 1.248670
-0.084422 0.156721 1.108105
-0.115118 0.130521 1.111278
-0.124377 0.158279 1.250893
-0.094225 0.184051 1.247673
-0.128804 0.163248 1.249105
-0.140410 0.159330 1.104481
-0.110222 0.185097 1.101360
-0.139633 0.158302 1.103511
-0.104530 0.188624 1.099838
-0.148878 0.168953 1.102023
-0.125107 0.189149 1.099552
-0.144411 0.163887 1.103406
-0.148878 0.168953 1.102023
-0.125107 0.189149 1.099552
-0.114357 0.189676 1.100290
-0.110222 0.185097 1.101360
-0.115118 0.130521 1.111278
-0.119188 0.135129 1.109951
-0.084422 0.156721 1.108105
-0.083905 0.165244 1.106304
-0.097202 0.191455 1.245021
-0.105872 0.201355 1.236188
-0.096102 0.188119 1.228118
-0.104755 0.197968 1.219025
-0.117695 0.211496 1.233040
-0.116595 0.208160 1.216137
-0.107278 0.199624 1.236018
-0.106161 0.196237 1.218855
-0.121765 0.212575 1.232552
-0.120665 0.209239 1.215649
-0.098601 0.189028 1.245983
-0.097501 0.185691 1.229080
-0.139866 0.192850 1.217634
-0.140966 0.196186 1.234537
-0.149904 0.184282 1.218672
-0.151004 0.187618 1.235574
-0.127704 0.159912 1.232202
-0.147582 0.205618 1.234864
-0.134054 0.217165 1.233466
-0.148293 0.205271 1.231484
-0.147582 0.205618 1.234864
-0.147251 0.204413 1.235124
-0.148770 0.200576 1.224533
-0.157677 0.195513 1.236202
-0.157069 0.193492 1.225391
-0.144294 0.201202 1.235760
-0.147582 0.205618 1.234864
-0.147251 0.204413 1.235124
-0.148293 0.205271 1.231484
-0.149689 0.202049 1.223739
-0.158230 0.194758 1.224622
-0.144408 0.192963 1.170689
-0.143828 0.191267 1.160532
-0.120750 0.207711 1.169593
-0.120135 0.205410 1.159210
-0.111996 0.198292 1.160998
-0.181976 0.153919 1.176620
-0.181439 0.152275 1.165900
-0.176563 0.143368 1.167879
-0.111010 0.196752 1.166590
-0.111255 0.198007 1.172179
-0.174594 0.143297 1.177647
-0.174866 0.142509 1.169757
-0.144800 0.192450 1.159444
-0.146341 0.196440 1.181351
-0.138783 0.200060 1.158343
-0.139997 0.204738 1.180620
-0.119142 0.207157 1.158100
-0.129240 0.205916 1.157761
-0.120471 0.212140 1.180566
-0.130585 0.210875 1.180287
-0.110139 0.199627 1.160051
-0.111522 0.204096 1.181674
-0.154774 0.189058 1.159532
-0.156717 0.192685 1.181559
-0.163158 0.181474 1.160511
-0.168104 0.173706 1.161697
-0.164841 0.184806 1.182615
-0.169104 0.177317 1.183886
-0.177914 0.171711 1.184904
-0.181833 0.159699 1.163606
-0.183717 0.151293 1.165104
-0.183365 0.163055 1.186301
-0.184879 0.154848 1.188321
-0.178509 0.141552 1.167262
-0.179327 0.145417 1.190433
-0.109916 0.200190 1.177665
-0.109452 0.197673 1.166586
-0.175368 0.142604 1.185845
-0.138783 0.200060 1.158343
-0.137543 0.198829 1.158589
-0.144800 0.192450 1.159444
-0.143780 0.191128 1.159696
-0.139997 0.204738 1.180620
-0.146341 0.196440 1.181351
-0.138764 0.203528 1.180975
-0.145327 0.195138 1.181710
-0.119142 0.207157 1.158100
-0.119665 0.205578 1.158312
-0.129240 0.205916 1.157761
-0.128706 0.204243 1.158052
-0.120471 0.212140 1.180566
-0.130585 0.210875 1.180287
-0.121003 0.210584 1.180898
-0.111522 0.204096 1.181674
-0.112915 0.202973 1.181872
-0.110139 0.199627 1.160051
-0.111525 0.198480 1.160131
-0.154774 0.189058 1.159532
-0.153944 0.187511 1.159816
-0.156717 0.192685 1.181559
-0.155895 0.191158 1.181951
-0.163158 0.181474 1.160511
-0.161713 0.180475 1.160725
-0.166709 0.172448 1.161960
-0.164841 0.184806 1.182615
-0.169104 0.177317 1.183886
-0.163404 0.183827 1.182933
-0.167716 0.176080 1.184254
-0.174965 0.166840 1.162572
-0.176735 0.170453 1.185266
-0.183717 0.151293 1.165104
-0.181833 0.159699 1.163606
-0.182014 0.151612 1.165081
-0.180162 0.159101 1.163756
-0.184879 0.154848 1.188321
-0.183183 0.155188 1.188403
-0.181701 0.162478 1.186556
-0.179327 0.145417 1.190433
-0.177976 0.146580 1.190337
-0.177150 0.142693 1.167062
-0.155895 0.191158 1.181951
-0.145327 0.195138 1.181710
-0.144989 0.194658 1.180846
-0.163404 0.183827 1.182933
-0.167716 0.176080 1.184254
-0.176735 0.170453 1.185266
-0.181701 0.162478 1.186556
-0.183183 0.155188 1.188403
-0.182514 0.155563 1.187340
-0.177976 0.146580 1.190337
-0.174321 0.144084 1.185538
-0.174296 0.144157 1.186272
-0.111500 0.199262 1.177768
-0.111523 0.199379 1.178289
-0.112915 0.202973 1.181872
-0.121364 0.210012 1.179975
-0.121003 0.210584 1.180898
-0.130059 0.209224 1.180692
-0.138764 0.203528 1.180975
-0.137543 0.198829 1.158589
-0.128706 0.204243 1.158052
-0.119665 0.205578 1.158312
-0.111525 0.198480 1.160131
-0.110989 0.196648 1.166129
-0.174889 0.142445 1.169107
-0.177150 0.142693 1.167062
-0.182014 0.151612 1.165081
-0.180162 0.159101 1.163756
-0.174965 0.166840 1.162572
-0.166709 0.172448 1.161960
-0.161713 0.180475 1.160725
-0.153944 0.187511 1.159816
-0.143780 0.191128 1.159696
-0.097245 0.195685 1.265066
-0.119135 0.220501 1.258540
-0.098348 0.198354 1.276814
-0.119795 0.222686 1.270606
-0.123718 0.221881 1.270111
-0.122809 0.219672 1.258293
-0.099317 0.194708 1.277114
-0.124880 0.217891 1.258460
-0.171020 0.178355 1.262625
-0.182784 0.171230 1.275293
-0.185410 0.162201 1.260579
-0.164172 0.138038 1.266517
-0.186381 0.165255 1.276400
-0.165088 0.141035 1.282402
-0.183242 0.166211 1.257165
-0.184309 0.169357 1.273207
-0.160081 0.141929 1.279807
-0.183606 0.167652 1.278672
-0.122184 0.220963 1.273052
-0.182784 0.171230 1.275293
-0.123718 0.221881 1.270111
-0.176231 0.172346 1.257033
-0.174428 0.166887 1.229362
-0.183242 0.166211 1.257165
-0.181374 0.160989 1.230200
-0.157900 0.144384 1.281910
-0.149585 0.148160 1.268009
-0.159076 0.138811 1.264088
-0.152071 0.145007 1.264217
-0.160081 0.141929 1.279807
-0.184309 0.169357 1.273207
-0.186381 0.165255 1.276400
-0.150318 0.139441 1.236301
-0.157157 0.133601 1.236995
-0.159076 0.138811 1.264088
-0.164172 0.138038 1.266517
-0.183242 0.166211 1.257165
-0.185410 0.162201 1.260579
-0.183242 0.166211 1.257165
-0.181374 0.160989 1.230200
-0.159076 0.138811 1.264088
-0.157157 0.133601 1.236995
-0.149585 0.148160 1.268009
-0.149833 0.150254 1.266313
-0.146760 0.151049 1.269592
-0.147206 0.152713 1.267558
-0.151928 0.147573 1.263028
-0.152071 0.145007 1.264217
-0.150184 0.142048 1.236184
-0.150318 0.139441 1.236301
-0.098467 0.192550 1.265706
-0.101953 0.191626 1.263529
-0.099859 0.193708 1.263284
-0.097245 0.195685 1.265066
-0.099118 0.195234 1.263200
-0.119261 0.218151 1.257340
-0.119135 0.220501 1.258540
-0.121515 0.218018 1.257133
-0.122809 0.219672 1.258293
-0.123498 0.216512 1.257349
-0.124880 0.217891 1.258460
-0.119374 0.216283 1.257514
-0.101386 0.195777 1.262724
-0.172052 0.174681 1.260027
-0.174235 0.172098 1.256635
-0.173860 0.175436 1.260974
-0.176231 0.172346 1.257033
-0.169511 0.177120 1.261351
-0.172163 0.166654 1.229470
-0.174428 0.166887 1.229362
-0.121552 0.209775 1.224179
-0.117371 0.209610 1.224876
-0.099434 0.189016 1.228184
-0.099737 0.185246 1.230402
-0.157900 0.144384 1.281910
-0.162986 0.143614 1.284604
-0.160081 0.141929 1.279807
-0.165088 0.141035 1.282402
-0.100905 0.196795 1.279185
-0.098348 0.198354 1.276814
-0.119795 0.222686 1.270606
0.041774 0.225810 1.134099
0.041458 0.224659 1.123855
0.013887 0.225813 1.134971
0.013845 0.224145 1.124450
0.010817 0.213706 1.125849
0.094571 0.212343 1.135533
0.094225 0.211292 1.124731
0.094917 0.201057 1.126071
0.011186 0.211554 1.131313
0.011127 0.212421 1.136980
0.093974 0.199384 1.135849
0.094064 0.199322 1.127916
0.041583 0.226239 1.122845
0.032403 0.229552 1.122582
0.042333 0.229155 1.144962
0.032540 0.232856 1.145137
0.012006 0.225161 1.123524
0.012094 0.228773 1.146290
0.021193 0.229483 1.122787
0.021311 0.233080 1.145610
0.008474 0.213905 1.125076
0.008819 0.217161 1.146956
0.051827 0.228650 1.122350
0.053118 0.231465 1.144542
0.062991 0.226620 1.122424
0.064222 0.229044 1.144676
0.071864 0.224893 1.145169
0.081156 0.222102 1.122691
0.082352 0.224760 1.145442
0.090492 0.217914 1.123078
0.091623 0.220244 1.145925
0.096617 0.211715 1.123787
0.097366 0.213986 1.147181
0.097479 0.200587 1.125243
0.097771 0.202942 1.148628
0.009230 0.213239 1.142671
0.009381 0.211508 1.131434
0.095799 0.198808 1.128170
0.095573 0.198731 1.143930
0.032403 0.229552 1.122582
0.032017 0.227839 1.122757
0.041432 0.224565 1.123011
0.032540 0.232856 1.145137
0.032156 0.231158 1.145421
0.042333 0.229155 1.144962
0.042184 0.227496 1.145235
0.012006 0.225161 1.123524
0.021193 0.229483 1.122787
0.013295 0.224090 1.123584
0.021641 0.227767 1.122947
0.012094 0.228773 1.146290
0.013386 0.227720 1.146470
0.021311 0.233080 1.145610
0.021762 0.231380 1.145885
0.008819 0.217161 1.146956
0.010605 0.216937 1.147015
0.010258 0.213665 1.125016
0.051827 0.228650 1.122350
0.051958 0.226884 1.122523
0.053251 0.229715 1.144825
0.062991 0.226620 1.122424
0.071353 0.222599 1.122789
0.062308 0.224996 1.122593
0.070851 0.220781 1.122982
0.064222 0.229044 1.144676
0.063541 0.227436 1.144950
0.071864 0.224893 1.145169
0.071365 0.223090 1.145469
0.081156 0.222102 1.122691
0.080842 0.220376 1.122867
0.082352 0.224760 1.145442
0.082040 0.223050 1.145728
0.096617 0.211715 1.123787
0.095003 0.211082 1.123841
0.090492 0.217914 1.123078
0.089401 0.216515 1.123224
0.097366 0.213986 1.147181
0.091623 0.220244 1.145925
0.095756 0.213369 1.147341
0.090535 0.218859 1.146177
0.097771 0.202942 1.148628
0.096007 0.203215 1.148672
0.097479 0.200587 1.125243
0.095713 0.200845 1.125181
0.053251 0.229715 1.144825
0.042184 0.227496 1.145235
0.063541 0.227436 1.144950
0.071365 0.223090 1.145469
0.082040 0.223050 1.145728
0.090535 0.218859 1.146177
0.095756 0.213369 1.147341
0.096007 0.203215 1.148672
0.095188 0.203236 1.147667
0.093876 0.199452 1.144521
0.011068 0.213287 1.142648
0.011136 0.216714 1.146074
0.011063 0.213368 1.143176
0.010605 0.216937 1.147015
0.013929 0.227481 1.145491
0.013386 0.227720 1.146470
0.021762 0.231380 1.145885
0.032156 0.231158 1.145421
0.032017 0.227839 1.122757
0.021641 0.227767 1.122947
0.013295 0.224090 1.123584
0.010258 0.213665 1.125016
0.011190 0.211483 1.130846
0.094071 0.199316 1.127262
0.095713 0.200845 1.125181
0.095003 0.211082 1.123841
0.089401 0.216515 1.123224
0.080842 0.220376 1.122867
0.070851 0.220781 1.122982
0.062308 0.224996 1.122593
0.051958 0.226884 1.122523
0.041432 0.224565 1.123011
0.105748 0.205633 1.103381
0.106057 0.207669 1.105105
0.105629 0.204851 1.111220
0.106112 0.209004 1.114371
0.098204 0.174119 1.199976
0.096456 0.177408 1.199782
0.095215 0.177529 1.199557
0.095472 0.179216 1.199547
0.096456 0.177408 1.199782
0.095589 0.179985 1.204975
0.096486 0.178288 1.205886
0.098653 0.177027 1.199613
0.098653 0.177027 1.199613
0.099488 0.205639 1.103514
0.101397 0.218198 1.193662
0.103311 0.209146 1.112413
0.105264 0.220566 1.193244
0.105264 0.220566 1.193244
0.101397 0.218198 1.193662
0.102627 0.218010 1.193897
0.101150 0.216576 1.194132
0.102657 0.218891 1.200000
0.102627 0.218010 1.193897
0.101267 0.217345 1.199559
0.101150 0.216576 1.194132
0.100413 0.206573 1.103362
0.103406 0.208072 1.105105
0.095589 0.179985 1.204975
0.096486 0.178288 1.205886
0.101267 0.217345 1.199559
0.102657 0.218891 1.200000
0.095215 0.177529 1.199557
0.095472 0.179216 1.199547
0.101397 0.218198 1.193662
0.101150 0.216576 1.194132
0.104831 0.217672 1.193722
0.104831 0.217672 1.193722
0.098059 0.223162 1.234020
0.094411 0.205153 1.102700
0.090076 0.232856 1.232077
0.086496 0.214238 1.101538
0.089026 0.232653 1.235494
0.093499 0.226382 1.236098
0.093840 0.198215 1.103745
0.097315 0.215688 1.229183
0.097315 0.215688 1.229183
0.095249 0.200901 1.237650
0.098980 0.215006 1.229244
0.094496 0.184768 1.246928
0.096196 0.184064 1.245459
0.098980 0.215006 1.229244
0.100849 0.214683 1.227452
0.098059 0.223162 1.234020
0.095452 0.216577 1.235052
0.093688 0.223880 1.234069
0.093654 0.220381 1.234541
0.093333 0.165229 1.105816
0.098058 0.196316 1.100807
0.086421 0.160006 1.106856
0.089767 0.179304 1.245749
0.098058 0.196316 1.100807
0.091561 0.198279 1.101852
0.093840 0.198215 1.103745
0.098980 0.215006 1.229244
0.100849 0.214683 1.227452
0.097315 0.215688 1.229183
0.093499 0.226382 1.236098
0.092692 0.187574 1.245840
0.089869 0.187020 1.246546
0.094496 0.184768 1.246928
0.088827 0.180403 1.247925
0.088827 0.180403 1.247925
0.068619 0.224186 1.234541
0.068971 0.227637 1.234069
0.055531 0.226175 1.234541
0.056052 0.229601 1.234069
0.056419 0.232017 1.236098
0.070126 0.229934 1.236098
0.057078 0.236355 1.235657
0.057128 0.236683 1.224045
0.068265 0.234991 1.224045
0.054457 0.219108 1.101538
0.089767 0.179304 1.245749
0.049341 0.185448 1.245749
0.086421 0.160006 1.106856
0.046399 0.166089 1.106856
0.049478 0.186351 1.248024
0.088827 0.180403 1.247925
0.050490 0.193005 1.246546
0.049478 0.186351 1.248024
0.098058 0.196316 1.100807
0.052014 0.203036 1.100819
0.091561 0.198279 1.101852
0.052200 0.204261 1.101852
0.092407 0.204433 1.101063
0.053118 0.210299 1.101060
0.085065 0.212262 1.099971
0.054142 0.217034 1.099992
0.054142 0.217034 1.099992
0.085065 0.212262 1.099971
0.092407 0.204433 1.101063
0.091561 0.198279 1.101852
0.046399 0.166089 1.106856
0.047331 0.172221 1.105816
0.086421 0.160006 1.106856
0.093333 0.165229 1.105816
0.092692 0.187574 1.245840
0.095249 0.200901 1.237650
0.092324 0.185153 1.228750
0.094876 0.198442 1.220298
0.092669 0.198387 1.219938
0.093042 0.200845 1.237290
0.095084 0.214156 1.217962
0.095452 0.216577 1.235052
0.093654 0.220381 1.234541
0.093286 0.217960 1.217452
0.089869 0.187020 1.246546
0.089501 0.184599 1.229457
0.068251 0.221765 1.217452
0.068619 0.224186 1.234541
0.055163 0.223754 1.217452
0.055531 0.226175 1.234541
0.050122 0.190584 1.229457
0.089026 0.232653 1.235494
0.071387 0.235334 1.235494
0.070948 0.235764 1.232077
0.071387 0.235334 1.235494
0.070673 0.234289 1.235657
0.067687 0.233307 1.224734
0.057078 0.236355 1.235657
0.056865 0.234952 1.224734
0.070126 0.229934 1.236098
0.071387 0.235334 1.235494
0.070673 0.234289 1.235657
0.070948 0.235764 1.232077
0.068265 0.234991 1.224045
0.057128 0.236683 1.224045
0.022418 0.223977 1.101538
0.012161 0.217654 1.102700
0.024531 0.242818 1.232077
0.014029 0.235934 1.234020
0.025474 0.242312 1.235494
0.019340 0.237653 1.236098
0.010645 0.210860 1.103745
0.012518 0.228576 1.229183
0.010097 0.213843 1.237650
0.012518 0.228576 1.229183
0.010726 0.228419 1.229244
0.010097 0.213843 1.237650
0.008844 0.228667 1.227452
0.004191 0.198048 1.245459
0.010726 0.228419 1.229244
0.006023 0.198215 1.246928
0.012188 0.213134 1.237290
0.014561 0.228871 1.235052
0.010097 0.213843 1.237650
0.014029 0.235934 1.234020
0.018415 0.235321 1.234069
0.017409 0.231969 1.234541
0.006053 0.210299 1.100807
0.001328 0.179212 1.105816
0.006377 0.172171 1.106856
0.008916 0.191592 1.245749
0.006053 0.210299 1.100807
0.010645 0.210860 1.103745
0.012840 0.210243 1.101852
0.010726 0.228419 1.229244
0.012518 0.228576 1.229183
0.008844 0.228667 1.227452
0.019340 0.237653 1.236098
0.010139 0.192363 1.247925
0.011111 0.198990 1.246546
0.006023 0.198215 1.246928
0.008580 0.200358 1.245840
0.010139 0.192363 1.247925
0.042443 0.228165 1.234541
0.055531 0.226175 1.234541
0.043132 0.231564 1.234069
0.056052 0.229601 1.234069
0.042712 0.234101 1.236098
0.056419 0.232017 1.236098
0.057078 0.236355 1.235657
0.057128 0.236683 1.224045
0.054457 0.219108 1.101538
0.045992 0.238376 1.224045
0.008916 0.191592 1.245749
0.006377 0.172171 1.106856
0.049341 0.185448 1.245749
0.046399 0.166089 1.106856
0.049478 0.186351 1.248024
0.010139 0.192363 1.247925
0.050490 0.193005 1.246546
0.052200 0.204261 1.101852
0.052014 0.203036 1.100819
0.012840 0.210243 1.101852
0.006053 0.210299 1.100807
0.054142 0.217034 1.099992
0.053118 0.210299 1.101060
0.023196 0.221665 1.099971
0.013861 0.216371 1.101063
0.054142 0.217034 1.099992
0.023196 0.221665 1.099971
0.013861 0.216371 1.101063
0.012840 0.210243 1.101852
0.046399 0.166089 1.106856
0.006377 0.172171 1.106856
0.001328 0.179212 1.105816
0.008580 0.200358 1.245840
0.008212 0.197937 1.228750
0.010097 0.213843 1.237650
0.009724 0.211384 1.220298
0.014561 0.228871 1.235052
0.014193 0.226450 1.217962
0.011814 0.210675 1.219938
0.017409 0.231969 1.234541
0.017041 0.229548 1.217452
0.011111 0.198990 1.246546
0.010743 0.196569 1.229457
0.055163 0.223754 1.217452
0.042443 0.228165 1.234541
0.055531 0.226175 1.234541
0.050122 0.190584 1.229457
0.050490 0.193005 1.246546
0.043112 0.239631 1.235494
0.025474 0.242312 1.235494
0.043659 0.239911 1.232077
0.043484 0.238421 1.235657
0.057078 0.236355 1.235657
0.046044 0.236596 1.224734
0.056865 0.234952 1.224734
0.042712 0.234101 1.236098
0.043484 0.238421 1.235657
0.043112 0.239631 1.235494
0.043659 0.239911 1.232077
0.045992 0.238376 1.224045
0.057128 0.236683 1.224045
0.042559 0.230979 1.170582
0.042244 0.229828 1.160337
0.014672 0.230982 1.171453
0.014631 0.229314 1.160933
0.011603 0.218875 1.162332
0.095356 0.217512 1.172016
0.095011 0.216461 1.161213
0.095703 0.206226 1.162554
0.011971 0.216723 1.167796
0.011913 0.217590 1.173463
0.094760 0.204553 1.172332
0.094849 0.204491 1.164399
0.042369 0.231408 1.159328
0.033189 0.234721 1.159065
0.043119 0.234324 1.181445
0.033326 0.238025 1.181620
0.012792 0.230330 1.160007
0.012880 0.233942 1.182773
0.021978 0.234652 1.159270
0.022096 0.238249 1.182093
0.009260 0.219074 1.161559
0.009604 0.222330 1.183439
0.052613 0.233819 1.158833
0.063777 0.231789 1.158907
0.072139 0.227768 1.159272
0.072650 0.230062 1.181652
0.081942 0.227271 1.159174
0.083137 0.229929 1.181925
0.091277 0.223083 1.159561
0.092409 0.225413 1.182408
0.097402 0.216883 1.160269
0.098152 0.219155 1.183664
0.098265 0.205756 1.161725
0.098557 0.208111 1.185111
0.010015 0.218408 1.179154
0.010166 0.216677 1.167917
0.096358 0.203900 1.180413
0.033189 0.234721 1.159065
0.042369 0.231408 1.159328
0.032802 0.233008 1.159240
0.042218 0.229734 1.159494
0.033326 0.238025 1.181620
0.032942 0.236327 1.181904
0.043119 0.234324 1.181445
0.042970 0.232665 1.181718
0.012792 0.230330 1.160007
0.014081 0.229259 1.160066
0.022427 0.232936 1.159430
0.012880 0.233942 1.182773
0.014172 0.232889 1.182953
0.022096 0.238249 1.182093
0.022548 0.236549 1.182368
0.011390 0.222106 1.183498
0.009260 0.219074 1.161559
0.011044 0.218834 1.161499
0.052613 0.233819 1.158833
0.052744 0.232053 1.159005
0.053903 0.236634 1.181025
0.054037 0.234884 1.181308
0.063777 0.231789 1.158907
0.072139 0.227768 1.159272
0.071637 0.225950 1.159465
0.065008 0.234213 1.181159
0.072650 0.230062 1.181652
0.081942 0.227271 1.159174
0.081627 0.225545 1.159350
0.083137 0.229929 1.181925
0.082825 0.228219 1.182210
0.097402 0.216883 1.160269
0.095789 0.216251 1.160323
0.091277 0.223083 1.159561
0.090187 0.221683 1.159707
0.098152 0.219155 1.183664
0.096541 0.218538 1.183824
0.091320 0.224028 1.182660
0.098557 0.208111 1.185111
0.096793 0.208384 1.185155
0.096499 0.206013 1.161664
0.054037 0.234884 1.181308
0.042970 0.232665 1.181718
0.042875 0.232129 1.180827
0.064327 0.232604 1.181433
0.072150 0.228259 1.181952
0.082825 0.228219 1.182210
0.091320 0.224028 1.182660
0.096541 0.218538 1.183824
0.095702 0.218563 1.182818
0.096793 0.208384 1.185155
0.094671 0.204615 1.180265
0.094662 0.204621 1.181004
0.011854 0.218456 1.179131
0.011849 0.218537 1.179658
0.011390 0.222106 1.183498
0.014714 0.232650 1.181974
0.014172 0.232889 1.182953
0.022548 0.236549 1.182368
0.032942 0.236327 1.181904
0.032802 0.233008 1.159240
0.022427 0.232936 1.159430
0.014081 0.229259 1.160066
0.011044 0.218834 1.161499
0.011976 0.216652 1.167329
0.094856 0.204485 1.163745
0.096499 0.206013 1.161664
0.095789 0.216251 1.160323
0.090187 0.221683 1.159707
0.081627 0.225545 1.159350
0.071637 0.225950 1.159465
0.063093 0.230165 1.159075
0.052744 0.232053 1.159005
0.042218 0.229734 1.159494
0.007803 0.202793 1.266166
0.008161 0.204951 1.278064
0.012841 0.235768 1.261184
0.013101 0.237264 1.273370
0.016815 0.238691 1.272693
0.016373 0.237028 1.260760
0.010922 0.202362 1.278019
0.019078 0.236610 1.260712
0.079274 0.227372 1.260096
0.093885 0.226841 1.271753
0.099824 0.221451 1.256241
0.100155 0.223628 1.272233
0.094954 0.189407 1.260676
0.095272 0.191503 1.276728
0.095636 0.223893 1.253252
0.096015 0.226186 1.269469
0.090375 0.189757 1.274366
0.096702 0.224053 1.274783
0.093885 0.226841 1.271753
0.016204 0.236930 1.275587
0.016815 0.238691 1.272693
0.086458 0.225375 1.253855
0.095636 0.223893 1.253252
0.085852 0.221412 1.225880
0.094901 0.220054 1.226002
0.083100 0.226503 1.258117
0.087384 0.190555 1.276736
0.077371 0.190153 1.263461
0.090057 0.187501 1.258471
0.090375 0.189757 1.274366
0.080870 0.189024 1.259340
0.096015 0.226186 1.269469
0.100155 0.223628 1.272233
0.096015 0.226186 1.269469
0.080346 0.185011 1.231109
0.089262 0.183654 1.231096
0.090057 0.187501 1.258471
0.094954 0.189407 1.260676
0.099824 0.221451 1.256241
0.095636 0.223893 1.253252
0.090057 0.187501 1.258471
0.094901 0.220054 1.226002
0.089262 0.183654 1.231096
0.077371 0.190153 1.263461
0.073568 0.191007 1.265370
0.076360 0.192155 1.261947
0.079314 0.191187 1.258382
0.080870 0.189024 1.259340
0.078852 0.187152 1.231222
0.080346 0.185011 1.231109
0.010533 0.200751 1.266496
0.010934 0.202609 1.264145
0.013820 0.201943 1.264147
0.007803 0.202793 1.266166
0.009497 0.203512 1.264214
0.014100 0.233917 1.259782
0.012841 0.235768 1.261184
0.016065 0.235011 1.259499
0.016373 0.237028 1.260760
0.018553 0.234775 1.259526
0.019078 0.236610 1.260712
0.015190 0.232387 1.259789
0.011099 0.205201 1.263722
0.081898 0.224962 1.257161
0.083100 0.226503 1.258117
0.084868 0.224130 1.253496
0.086458 0.225375 1.253855
0.079274 0.227372 1.260096
0.078555 0.225601 1.258765
0.084062 0.220008 1.226033
0.085852 0.221412 1.225880
0.018112 0.229975 1.225967
0.014704 0.227579 1.226768
0.010569 0.200458 1.228797
0.012965 0.197300 1.230670
0.087384 0.190555 1.276736
0.090375 0.189757 1.274366
0.092289 0.192443 1.279205
0.095272 0.191503 1.276728
0.011315 0.204849 1.280216
0.008161 0.204951 1.278064
0.013101 0.237264 1.273370
0.179308 0.111272 1.203313
0.181119 0.109472 1.202503
0.179294 0.110500 1.204022
0.180707 0.109096 1.203390
0.178811 0.111391 1.205849
0.178688 0.112414 1.205655
0.183061 0.108068 1.203701
0.182222 0.108001 1.204325
0.183996 0.107883 1.206204
0.182951 0.107857 1.206277
0.183377 0.109025 1.208547
0.182468 0.108747 1.208105
0.181565 0.110825 1.209357
0.181055 0.110151 1.208736
0.179623 0.112228 1.208159
0.179540 0.111246 1.207802
0.206609 0.142300 1.195412
0.205989 0.143442 1.197755
0.207518 0.142578 1.195854
0.207034 0.143468 1.197682
0.208931 0.141174 1.195223
0.208420 0.140500 1.194602
0.210445 0.140079 1.196157
0.210362 0.139097 1.195800
0.211175 0.139934 1.198110
0.211297 0.138912 1.198304
0.210691 0.140825 1.199937
0.210677 0.140053 1.200646
0.209278 0.142229 1.200569
0.208866 0.141853 1.201456
0.207764 0.143324 1.199634
0.206924 0.143257 1.200258
0.183061 0.108068 1.203701
0.181119 0.109472 1.202503
0.210362 0.139097 1.195800
0.208420 0.140500 1.194602
0.182249 0.111602 1.209159
0.183377 0.109025 1.208547
0.208182 0.141076 1.201654
0.210677 0.140053 1.200646
0.183996 0.107883 1.206204
0.211297 0.138912 1.198304
0.179992 0.112049 1.203115
0.182249 0.111602 1.209159
0.180307 0.113006 1.207961
0.179372 0.113191 1.205458
0.205925 0.141523 1.195610
0.207008 0.140446 1.195126
0.205305 0.142665 1.197953
0.206240 0.142480 1.200456
0.208182 0.141076 1.201654
0.181075 0.110972 1.202630
0.207008 0.140446 1.195126
0.195127 0.151496 1.195569
0.207008 0.140446 1.195126
0.195127 0.151496 1.195569
0.205925 0.141523 1.195610
0.179992 0.112049 1.203115
0.169181 0.122034 1.203074
0.181075 0.110972 1.202630
0.205305 0.142665 1.197953
0.179372 0.113191 1.205458
0.206240 0.142480 1.200456
0.196112 0.152294 1.202105
0.180307 0.113006 1.207961
0.208182 0.141076 1.201654
0.170166 0.122832 1.209611
0.196112 0.152294 1.202105
0.182249 0.111602 1.209159
0.149869 0.185841 1.134605
0.149288 0.184145 1.124448
0.126210 0.200589 1.133508
0.125596 0.198288 1.123126
0.117457 0.191170 1.124913
0.187437 0.146797 1.140535
0.186900 0.145153 1.129815
0.182024 0.136247 1.131794
0.116470 0.189630 1.130505
0.116716 0.190885 1.136094
0.180054 0.136175 1.141563
0.180327 0.135388 1.133672
0.150261 0.185329 1.123359
0.151801 0.189318 1.145267
0.145457 0.197616 1.144536
0.124602 0.200035 1.122015
0.125932 0.205018 1.144482
0.136045 0.203753 1.144203
0.115599 0.192505 1.123966
0.116982 0.196974 1.145590
0.160235 0.181937 1.123447
0.168618 0.174352 1.124426
0.170302 0.177684 1.146530
0.173564 0.166584 1.125613
0.174564 0.170195 1.147801
0.183375 0.164589 1.148820
0.187293 0.152577 1.127521
0.188825 0.155933 1.150216
0.189178 0.144171 1.129019
0.190340 0.147727 1.152236
0.183970 0.134430 1.131177
0.184788 0.138295 1.154348
0.115376 0.193069 1.141580
0.114913 0.190551 1.130501
0.180829 0.135482 1.149761
0.144244 0.192938 1.122258
0.150261 0.185329 1.123359
0.143003 0.191707 1.122504
0.149240 0.184006 1.123611
0.145457 0.197616 1.144536
0.144224 0.196406 1.144890
0.151801 0.189318 1.145267
0.150788 0.188017 1.145625
0.124602 0.200035 1.122015
0.134700 0.198795 1.121677
0.125126 0.198456 1.122227
0.134166 0.197121 1.121967
0.125932 0.205018 1.144482
0.126463 0.203462 1.144813
0.136045 0.203753 1.144203
0.135519 0.202102 1.144607
0.116982 0.196974 1.145590
0.118376 0.195851 1.145788
0.160235 0.181937 1.123447
0.162178 0.185563 1.145474
0.161355 0.184036 1.145867
0.168618 0.174352 1.124426
0.173564 0.166584 1.125613
0.167174 0.173353 1.124640
0.172170 0.165326 1.125875
0.170302 0.177684 1.146530
0.168865 0.176705 1.146848
0.174564 0.170195 1.147801
0.173177 0.168958 1.148170
0.181612 0.160997 1.126235
0.180426 0.159718 1.126488
0.183375 0.164589 1.148820
0.182195 0.163331 1.149181
0.189178 0.144171 1.129019
0.187474 0.144490 1.128996
0.187293 0.152577 1.127521
0.185623 0.151979 1.127671
0.190340 0.147727 1.152236
0.188825 0.155933 1.150216
0.188643 0.148066 1.152318
0.187161 0.155356 1.150472
0.184788 0.138295 1.154348
0.183436 0.139458 1.154252
0.182611 0.135571 1.130977
0.161355 0.184036 1.145867
0.150788 0.188017 1.145625
0.150449 0.187536 1.144762
0.168865 0.176705 1.146848
0.173177 0.168958 1.148170
0.182195 0.163331 1.149181
0.187161 0.155356 1.150472
0.188643 0.148066 1.152318
0.187974 0.148441 1.151256
0.183436 0.139458 1.154252
0.182782 0.139820 1.153192
0.179782 0.136962 1.149453
0.179756 0.137035 1.150187
0.116961 0.192140 1.141684
0.116984 0.192257 1.142204
0.118376 0.195851 1.145788
0.126825 0.202890 1.143890
0.126463 0.203462 1.144813
0.135519 0.202102 1.144607
0.144224 0.196406 1.144890
0.143003 0.191707 1.122504
0.125126 0.198456 1.122227
0.116985 0.191358 1.124046
0.116450 0.189526 1.130045
0.180349 0.135323 1.133022
0.182611 0.135571 1.130977
0.187474 0.144490 1.128996
0.185623 0.151979 1.127671
0.180426 0.159718 1.126488
0.172170 0.165326 1.125875
0.167174 0.173353 1.124640
0.159405 0.180389 1.123731
0.149240 0.184006 1.123611
0.168393 0.118133 1.207190
0.165269 0.101069 1.129381
0.177319 0.108143 1.204350
0.172779 0.094374 1.134585
0.172779 0.094374 1.134585
0.204924 0.130908 1.125282
0.177319 0.108143 1.204350
0.209464 0.144677 1.195048
0.181441 0.110909 1.208004
0.180990 0.112820 1.213953
0.168974 0.123076 1.212711
0.181792 0.111972 1.213392
0.167537 0.102978 1.125065
0.193543 0.132534 1.117539
0.172642 0.098621 1.125593
0.198647 0.128177 1.118067
0.194285 0.132454 1.109696
0.195576 0.134164 1.111316
0.193543 0.132534 1.117539
0.196062 0.136067 1.120469
0.171177 0.094681 1.130257
0.172642 0.098621 1.125593
0.167537 0.102978 1.125065
0.167679 0.122554 1.206364
0.163027 0.102493 1.127225
0.161740 0.104805 1.117270
0.168393 0.118133 1.207190
0.168660 0.121818 1.206683
0.167679 0.122554 1.206364
0.168790 0.123845 1.206274
0.168790 0.123845 1.206274
0.168660 0.121818 1.206683
0.169140 0.124905 1.211642
0.161630 0.103512 1.117533
0.162750 0.100902 1.120017
0.164783 0.099166 1.120227
0.165820 0.100103 1.117933
0.177319 0.108143 1.204350
0.170325 0.120326 1.206691
0.197271 0.150952 1.198893
0.208360 0.141503 1.200214
0.209464 0.144677 1.195048
0.199186 0.153131 1.198279
0.204924 0.130908 1.125282
0.195893 0.153670 1.204921
0.207909 0.143414 1.206163
0.197271 0.150952 1.198893
0.208710 0.142566 1.205602
0.203322 0.131215 1.120954
0.188979 0.135763 1.109388
0.194641 0.153198 1.198561
0.193820 0.137491 1.118314
0.199186 0.153131 1.198279
0.194641 0.153198 1.198561
0.195578 0.152412 1.198893
0.193559 0.151997 1.199106
0.195578 0.152412 1.198893
0.193909 0.153056 1.204474
0.193559 0.151997 1.199106
0.190263 0.136054 1.109247
0.193543 0.135899 1.111106
0.180990 0.112820 1.213953
0.207909 0.143414 1.206163
0.168974 0.123076 1.212711
0.195893 0.153670 1.204921
0.169140 0.124905 1.211642
0.193909 0.153056 1.204474
0.168790 0.123845 1.206274
0.169140 0.124905 1.211642
0.193559 0.151997 1.199106
0.193909 0.153056 1.204474
0.167679 0.122554 1.206364
0.194641 0.153198 1.198561
0.161740 0.104805 1.117270
0.167679 0.122554 1.206364
0.188979 0.135763 1.109388
0.194641 0.153198 1.198561
0.161630 0.103512 1.117533
0.190263 0.136054 1.109247
0.188979 0.135763 1.109388
0.165820 0.100103 1.117933
0.194285 0.132454 1.109696
0.171177 0.094681 1.130257
0.203322 0.131215 1.120954
0.193274 0.162652 1.238226
0.184442 0.137953 1.108248
0.191703 0.174884 1.235164
0.182583 0.149702 1.106003
0.190606 0.175561 1.238505
0.180251 0.132474 1.109652
0.188823 0.156300 1.233793
0.178990 0.145611 1.242939
0.188823 0.156300 1.233793
0.178990 0.145611 1.242939
0.189871 0.154853 1.234010
0.169534 0.133163 1.253065
0.170643 0.131546 1.251762
0.189871 0.154853 1.234010
0.191336 0.153441 1.232376
0.193274 0.162652 1.238226
0.187545 0.158541 1.239453
0.178990 0.145611 1.242939
0.177101 0.146693 1.242429
0.189949 0.165563 1.237925
0.162280 0.105013 1.113599
0.182904 0.128394 1.107133
0.153624 0.104321 1.114451
0.162663 0.130926 1.251875
0.182904 0.128394 1.107133
0.178408 0.133563 1.107602
0.180251 0.132474 1.109652
0.189871 0.154853 1.234010
0.191336 0.153441 1.232376
0.188823 0.156300 1.233793
0.191055 0.167955 1.239787
0.169523 0.136391 1.251690
0.166816 0.137469 1.252227
0.169534 0.133163 1.253065
0.162387 0.132538 1.253912
0.162387 0.132538 1.253912
0.168851 0.179050 1.236612
0.170992 0.181744 1.235965
0.158813 0.187618 1.235574
0.161083 0.190201 1.234941
0.162616 0.192229 1.236847
0.173129 0.183256 1.237933
0.175914 0.186613 1.237280
0.165486 0.195513 1.236202
0.166039 0.194758 1.224622
0.174581 0.187468 1.225505
0.158009 0.170676 1.103463
0.162663 0.130926 1.251875
0.131658 0.157390 1.248670
0.153624 0.104321 1.114451
0.122927 0.130521 1.111278
0.132186 0.158279 1.250893
0.162387 0.132538 1.253912
0.136613 0.163248 1.249105
0.132186 0.158279 1.250893
0.182904 0.128394 1.107133
0.147442 0.158302 1.103511
0.178408 0.133563 1.107602
0.148220 0.159330 1.104481
0.152220 0.163887 1.103406
0.180368 0.148647 1.104458
0.156688 0.168953 1.102023
0.180368 0.148647 1.104458
0.182410 0.138256 1.106518
0.178408 0.133563 1.107602
0.122927 0.130521 1.111278
0.126997 0.135129 1.109951
0.153624 0.104321 1.114451
0.162280 0.105013 1.113599
0.169523 0.136391 1.251690
0.178990 0.145611 1.242939
0.168423 0.133055 1.234788
0.177873 0.142223 1.225776
0.175984 0.143306 1.225266
0.177101 0.146693 1.242429
0.186445 0.155205 1.222551
0.187545 0.158541 1.239453
0.188052 0.162661 1.238597
0.186952 0.159325 1.221694
0.166816 0.137469 1.252227
0.165716 0.134133 1.235325
0.167751 0.175714 1.219709
0.168851 0.179050 1.236612
0.157713 0.184282 1.218672
0.158813 0.187618 1.235574
0.135513 0.159912 1.232202
0.136613 0.163248 1.249105
0.190606 0.175561 1.238505
0.177077 0.187108 1.237106
0.177032 0.187406 1.233647
0.177077 0.187108 1.237106
0.175914 0.186613 1.237280
0.173178 0.186407 1.226249
0.165486 0.195513 1.236202
0.164878 0.193492 1.225391
0.173129 0.183256 1.237933
0.175914 0.186613 1.237280
0.177077 0.187108 1.237106
0.177032 0.187406 1.233647
0.174581 0.187468 1.225505
0.166039 0.194758 1.224622
0.133436 0.191650 1.100923
0.121359 0.191797 1.101726
0.141431 0.217793 1.229967
0.128825 0.217662 1.231564
0.141863 0.217165 1.233466
0.134177 0.216502 1.233907
0.116443 0.186937 1.103055
0.123785 0.211812 1.227069
0.113681 0.201355 1.236188
0.123785 0.211812 1.227069
0.122182 0.212628 1.227013
0.113681 0.201355 1.236188
0.120770 0.213672 1.225081
0.100078 0.191776 1.244467
0.122182 0.212628 1.227013
0.101676 0.191081 1.246050
0.115087 0.199624 1.236018
0.125504 0.211496 1.233040
0.113681 0.201355 1.236188
0.128825 0.217662 1.231564
0.132217 0.214840 1.231957
0.129574 0.212575 1.232552
0.112339 0.188624 1.099838
0.091714 0.165244 1.106304
0.092231 0.156721 1.108105
0.100653 0.183854 1.245464
0.112339 0.188624 1.099838
0.116443 0.186937 1.103055
0.118031 0.185097 1.101360
0.122182 0.212628 1.227013
0.123785 0.211812 1.227069
0.120770 0.213672 1.225081
0.134177 0.216502 1.233907
0.102034 0.184051 1.247673
0.106411 0.189028 1.245983
0.101676 0.191081 1.246050
0.105011 0.191455 1.245021
0.102034 0.184051 1.247673
0.148775 0.196186 1.234537
0.158813 0.187618 1.235574
0.151174 0.198659 1.233916
0.161083 0.190201 1.234941
0.152103 0.201202 1.235760
0.162616 0.192229 1.236847
0.155060 0.204413 1.235124
0.165486 0.195513 1.236202
0.166039 0.194758 1.224622
0.158009 0.170676 1.103463
0.157498 0.202049 1.223739
0.100653 0.183854 1.245464
0.092231 0.156721 1.108105
0.131658 0.157390 1.248670
0.122927 0.130521 1.111278
0.132186 0.158279 1.250893
0.102034 0.184051 1.247673
0.132186 0.158279 1.250893
0.136613 0.163248 1.249105
0.148220 0.159330 1.104481
0.147442 0.158302 1.103511
0.118031 0.185097 1.101360
0.112339 0.188624 1.099838
0.156688 0.168953 1.102023
0.152220 0.163887 1.103406
0.132916 0.189149 1.099552
0.122167 0.189676 1.100290
0.156688 0.168953 1.102023
0.132916 0.189149 1.099552
0.122167 0.189676 1.100290
0.118031 0.185097 1.101360
0.122927 0.130521 1.111278
0.092231 0.156721 1.108105
0.126997 0.135129 1.109951
0.091714 0.165244 1.106304
0.105011 0.191455 1.245021
0.103911 0.188119 1.228118
0.113681 0.201355 1.236188
0.112564 0.197968 1.219025
0.125504 0.211496 1.233040
0.115087 0.199624 1.236018
0.124404 0.208160 1.216137
0.113970 0.196237 1.218855
0.129574 0.212575 1.232552
0.128474 0.209239 1.215649
0.106411 0.189028 1.245983
0.105310 0.185691 1.229080
0.147675 0.192850 1.217634
0.157713 0.184282 1.218672
0.158813 0.187618 1.235574
0.135513 0.159912 1.232202
0.136613 0.163248 1.249105
0.155391 0.205618 1.234864
0.141863 0.217165 1.233466
0.156102 0.205271 1.231484
0.155391 0.205618 1.234864
0.155060 0.204413 1.235124
0.165486 0.195513 1.236202
0.156579 0.200576 1.224533
0.164878 0.193492 1.225391
0.152103 0.201202 1.235760
0.155060 0.204413 1.235124
0.155391 0.205618 1.234864
0.155391 0.205618 1.234864
0.156102 0.205271 1.231484
0.157498 0.202049 1.223739
0.152217 0.192963 1.170689
0.151637 0.191267 1.160532
0.128559 0.207711 1.169593
0.127944 0.205410 1.159210
0.119805 0.198292 1.160998
0.189785 0.153919 1.176620
0.189248 0.152275 1.165900
0.184372 0.143368 1.167879
0.118819 0.196752 1.166590
0.119064 0.198007 1.172179
0.182403 0.143297 1.177647
0.182675 0.142509 1.169757
0.152609 0.192450 1.159444
0.146592 0.200060 1.158343
0.154150 0.196440 1.181351
0.126951 0.207157 1.158100
0.128280 0.212140 1.180566
0.137049 0.205916 1.157761
0.138394 0.210875 1.180287
0.117948 0.199627 1.160051
0.119331 0.204096 1.181674
0.162583 0.189058 1.159532
0.164526 0.192685 1.181559
0.170967 0.181474 1.160511
0.172650 0.184806 1.182615
0.175913 0.173706 1.161697
0.176913 0.177317 1.183886
0.183960 0.168119 1.162319
0.189642 0.159699 1.163606
0.191174 0.163055 1.186301
0.191526 0.151293 1.165104
0.192688 0.154848 1.188321
0.186318 0.141552 1.167262
0.187136 0.145417 1.190433
0.117725 0.200190 1.177665
0.117261 0.197673 1.166586
0.183867 0.141184 1.170163
0.183178 0.142604 1.185845
0.146592 0.200060 1.158343
0.152609 0.192450 1.159444
0.145352 0.198829 1.158589
0.147806 0.204738 1.180620
0.146573 0.203528 1.180975
0.154150 0.196440 1.181351
0.126951 0.207157 1.158100
0.137049 0.205916 1.157761
0.127474 0.205578 1.158312
0.136515 0.204243 1.158052
0.128280 0.212140 1.180566
0.128812 0.210584 1.180898
0.138394 0.210875 1.180287
0.137868 0.209224 1.180692
0.119331 0.204096 1.181674
0.120724 0.202973 1.181872
0.117948 0.199627 1.160051
0.119334 0.198480 1.160131
0.162583 0.189058 1.159532
0.161753 0.187511 1.159816
0.164526 0.192685 1.181559
0.163704 0.191158 1.181951
0.170967 0.181474 1.160511
0.175913 0.173706 1.161697
0.169522 0.180475 1.160725
0.174518 0.172448 1.161960
0.171213 0.183827 1.182933
0.175525 0.176080 1.184254
0.183960 0.168119 1.162319
0.182774 0.166840 1.162572
0.185723 0.171711 1.184904
0.184544 0.170453 1.185266
0.191526 0.151293 1.165104
0.189823 0.151612 1.165081
0.189642 0.159699 1.163606
0.192688 0.154848 1.188321
0.191174 0.163055 1.186301
0.190992 0.155188 1.188403
0.189510 0.162478 1.186556
0.185785 0.146580 1.190337
0.186318 0.141552 1.167262
0.184960 0.142693 1.167062
0.163704 0.191158 1.181951
0.153136 0.195138 1.181710
0.152798 0.194658 1.180846
0.171213 0.183827 1.182933
0.175525 0.176080 1.184254
0.184544 0.170453 1.185266
0.189510 0.162478 1.186556
0.190992 0.155188 1.188403
0.190323 0.155563 1.187340
0.185785 0.146580 1.190337
0.185130 0.146941 1.189277
0.182130 0.144084 1.185538
0.182105 0.144157 1.186272
0.121084 0.202423 1.180985
0.119332 0.199379 1.178289
0.120724 0.202973 1.181872
0.129174 0.210012 1.179975
0.128812 0.210584 1.180898
0.137868 0.209224 1.180692
0.146573 0.203528 1.180975
0.145352 0.198829 1.158589
0.136515 0.204243 1.158052
0.127474 0.205578 1.158312
0.119334 0.198480 1.160131
0.118799 0.196648 1.166129
0.182698 0.142445 1.169107
0.184960 0.142693 1.167062
0.189823 0.151612 1.165081
0.187971 0.159101 1.163756
0.182774 0.166840 1.162572
0.174518 0.172448 1.161960
0.169522 0.180475 1.160725
0.161753 0.187511 1.159816
0.151589 0.191128 1.159696
0.105054 0.195685 1.265066
0.106157 0.198354 1.276814
0.126944 0.220501 1.258540
0.127604 0.222686 1.270606
0.131527 0.221881 1.270111
0.106276 0.192550 1.265706
0.107126 0.194708 1.277114
0.178829 0.178355 1.262625
0.190593 0.171230 1.275293
0.193219 0.162201 1.260579
0.194190 0.165255 1.276400
0.171981 0.138038 1.266517
0.172897 0.141035 1.282402
0.191051 0.166211 1.257165
0.192118 0.169357 1.273207
0.167890 0.141929 1.279807
0.166885 0.138811 1.264088
0.191415 0.167652 1.278672
0.190593 0.171230 1.275293
0.129993 0.220963 1.273052
0.131527 0.221881 1.270111
0.184040 0.172346 1.257033
0.191051 0.166211 1.257165
0.182237 0.166887 1.229362
0.189183 0.160989 1.230200
0.181669 0.175436 1.260974
0.165709 0.144384 1.281910
0.154569 0.151049 1.269592
0.157394 0.148160 1.268009
0.166885 0.138811 1.264088
0.167890 0.141929 1.279807
0.192118 0.169357 1.273207
0.194190 0.165255 1.276400
0.192118 0.169357 1.273207
0.164966 0.133601 1.236995
0.166885 0.138811 1.264088
0.191051 0.166211 1.257165
0.171981 0.138038 1.266517
0.193219 0.162201 1.260579
0.191051 0.166211 1.257165
0.166885 0.138811 1.264088
0.189183 0.160989 1.230200
0.164966 0.133601 1.236995
0.157394 0.148160 1.268009
0.154569 0.151049 1.269592
0.157642 0.150254 1.266313
0.155015 0.152713 1.267558
0.159737 0.147573 1.263028
0.159880 0.145007 1.264217
0.157993 0.142048 1.236184
0.158128 0.139441 1.236301
0.106276 0.192550 1.265706
0.107668 0.193708 1.263284
0.109762 0.191626 1.263529
0.105054 0.195685 1.265066
0.106928 0.195234 1.263200
0.127070 0.218151 1.257340
0.126944 0.220501 1.258540
0.129324 0.218018 1.257133
0.130618 0.219672 1.258293
0.131307 0.216512 1.257349
0.132689 0.217891 1.258460
0.127183 0.216283 1.257514
0.109195 0.195777 1.262724
0.179861 0.174681 1.260027
0.181669 0.175436 1.260974
0.182044 0.172098 1.256635
0.178829 0.178355 1.262625
0.177320 0.177120 1.261351
0.179972 0.166654 1.229470
0.182237 0.166887 1.229362
0.129361 0.209775 1.224179
0.125180 0.209610 1.224876
0.107243 0.189016 1.228184
0.107546 0.185246 1.230402
0.165709 0.144384 1.281910
0.167890 0.141929 1.279807
0.170795 0.143614 1.284604
0.172897 0.141035 1.282402
0.108714 0.196795 1.279185
0.107126 0.194708 1.277114
0.106157 0.198354 1.276814
0.127604 0.222686 1.270606
0.314074 0.236259 1.593330
-0.314074 0.236259 1.593330
-0.314074 -0.230669 1.593330
0.314074 -0.230669 1.593330
0.314074 0.236259 1.593330
0.314074 0.236259 1.120853
-0.314074 0.236259 1.120853
0.314074 -0.230669 1.120853
-0.314074 -0.230669 1.120853
-0.314074 0.236259 1.120853
0.314074 0.236259 1.120853
0.314074 -0.230669 1.593330
-0.314074 -0.230669 1.593330
-0.314074 -0.230669 1.120853
0.314074 0.236259 1.593330
0.314074 -0.230669 1.593330
0.314074 0.236259 1.120853
0.314074 -0.230669 1.120853
-0.314074 0.236259 1.593330
-0.314074 -0.230669 1.120853
-0.314074 -0.230669 1.593330
2413 2414
2415 2416
2418 2419
2420 2421
2422 2423
2424 2425
2417 2418
2425 2426
2427 2429
2432 2433
2413 2416
2420 2423
2427 2428
2429 2430
2431 2433
823 830
1467 1477
262 271
162 170
1366 1373
1478 1479
272 273
295 297
195 196
1375 1376
1399 1401
2058 2060
832 833
856 857
2136 2137
2161 2162
931 932
197 198
1400 1402
955 957
2163 2164
250 251
149 151
910 911
2113 2115
2011 2012
812 814
248 249
1454 1456
1356 1357
2112 2114
920 929
2124 2134
2138 2143
260 270
274 278
1466 1476
174 179
1368 1374
1377 1381
824 831
834 839
2035 2039
914 915
935 937
817 818
835 838
2016 2017
1460 1461
1481 1484
1360 1361
1379 1382
853 854
951 953
1396 1398
1499 1500
193 194
292 294
1330 1331
1976 1977
2002 2003
801 802
2000 2001
539 542
1741 1743
2407 2409
1927 1951
127 129
1332 1333
770 780
1969 1978
1137 1138
2347 2349
115 129
469 473
484 485
1139 1140
2334 2338
2348 2350
471 491
538 543
1670 1690
1126 1145
2336 2356
2405 2410
734 735
771 772
1932 1934
1929 1930
729 731
732 733
1188 1190
2399 2401
532 534
1733 1735
513 537
1712 1738
2379 2404
1168 1193
2335 2357
2374 2381
1164 1170
1708 1714
470 493
1671 1672
524 530
2391 2397
1127 1128
1723 1732
1179 1187
510 516
2376 2383
766 769
1933 1934
1964 1968
203 205
1407 1408
863 865
963 964
1510 1512
808 809
579 580
1779 1781
577 578
1778 1780
1786 1787
585 586
799 800
802 803
1998 1999
2001 2003
1348 1350
1965 1966
740 776
1988 1989
789 790
736 768
791 792
141 142
1345 1347
1401 1402
857 859
874 875
2060 2061
2076 2078
956 957
2181 2182
1503 1505
1521 1522
313 315
741 743
742 744
1941 1942
1812 1813
599 600
182 201
228 234
1385 1405
1434 1439
888 893
2043 2064
2090 2097
941 960
2195 2201
987 992
1488 1508
1533 1539
1534 1538
327 334
2169 2171
961 962
1409 1410
864 866
2068 2069
844 862
860 861
1387 1406
1403 1404
958 959
2145 2167
2165 2166
1506 1507
280 300
298 299
793 794
797 798
1344 1346
139 140
504 506
1705 1706
1159 1161
503 505
1703 1704
1154 1156
2365 2366
823 824
2023 2025
920 921
2124 2125
919 940
2122 2147
2126 2127
2022 2024
1464 1489
1468 1469
261 263
158 181
160 161
1364 1386
1365 1367
1182 1192
2393 2403
526 536
1726 1737
1179 1190
2390 2401
523 534
1723 1735
516 537
1716 1738
1171 1193
1664 1666
1717 1720
465 466
1173 1176
525 535
2392 2402
1665 1667
1744 1745
467 468
2331 2333
1199 1200
1132 1133
1151 1197
2340 2342
2362 2408
496 541
1696 1742
483 542
1683 1743
1130 1131
1155 1157
2339 2341
2367 2368
474 475
500 502
1701 1702
2014 2057
152 194
1357 1398
908 953
1454 1500
1681 1741
1137 1195
170 171
203 217
2134 2135
2172 2184
270 271
305 316
2031 2032
2066 2079
304 314
865 876
963 973
2067 2077
2170 2183
208 210
1415 1416
2173 2175
965 966
968 969
868 869
870 871
1517 1518
2071 2072
518 519
1718 1719
1174 1175
2385 2386
1148 1152
2378 2380
512 514
1694 1698
2351 2353
1141 1142
1186 1189
486 487
1730 1734
1184 1188
2396 2399
1725 1726
1181 1182
494 498
1692 1699
1704 1706
2359 2364
2370 2372
1160 1161
1158 1159
2369 2371
1686 1688
488 489
535 536
2402 2403
1166 1168
1710 1712
227 230
2194 2197
985 988
928 944
984 989
1372 1389
1431 1436
829 846
885 891
1432 1435
326 329
1475 1492
1531 1536
886 889
2089 2092
168 187
2030 2048
1371 1390
1474 1494
268 285
927 945
2132 2152
840 851
1383 1394
1486 1496
279 288
938 948
2144 2154
379 381
1583 1584
26 28
643 645
1843 1844
1040 1041
1845 1846
1585 1586
29 30
1234 1235
15 16
1217 1218
365 367
1569 1570
2231 2232
1830 1831
629 631
149 156
164 165
2011 2018
2026 2028
911 916
924 926
2115 2120
2130 2131
251 256
265 267
1457 1462
361 362
1565 1567
1827 1828
625 626
11 12
1027 1028
1833 1834
1573 1574
18 19
1221 1222
153 237
894 895
2015 2101
2098 2099
1440 1441
993 994
2116 2205
252 338
1540 1541
222 224
1427 1428
323 324
2081 2083
880 881
2084 2085
318 320
1526 1527
982 983
2190 2192
883 884
2086 2087
2096 2097
2200 2201
2185 2186
218 219
317 319
2193 2194
2189 2191
980 981
2088 2089
878 879
990 991
2080 2082
2198 2199
226 227
1437 1438
1535 1537
321 322
325 326
1528 1529
231 232
233 234
333 334
255 256
155 156
157 159
1362 1363
819 821
2017 2018
917 918
2119 2120
2121 2123
1782 1812
610 613
582 612
1809 1811
1134 1135
1143 1150
2343 2344
2352 2361
478 479
1678 1679
597 599
1804 1805
1798 1799
1800 1801
1131 1133
475 477
1676 1677
2339 2340
474 476
1674 1675
2191 2192
882 883
2084 2086
222 223
322 324
1529 1530
2128 2129
2189 2190
923 925
2027 2029
826 827
321 323
1428 1430
224 225
1147 1149
2345 2346
2359 2360
480 481
494 495
219 221
1425 1426
319 320
978 979
2186 2188
2185 2187
918 942
976 977
1465 1490
1524 1526
258 282
317 318
218 220
1363 1384
1423 1424
821 841
2020 2042
2080 2081
773 775
1971 1972
1989 1991
789 791
1936 1937
650 651
386 387
2252 2253
1238 1239
32 33
736 737
1935 1965
1967 1973
767 768
768 774
1393 1394
948 949
1496 1497
850 851
1444 1446
191 192
238 239
2053 2054
997 999
2156 2157
2206 2207
1543 1544
290 291
770 771
1968 1979
728 729
1953 1964
889 890
2092 2094
185 186
230 231
1436 1438
891 892
2047 2049
2093 2095
1536 1537
284 286
329 331
330 332
2150 2151
989 991
2197 2198
1390 1392
2152 2153
945 947
848 849
2048 2050
1494 1495
2114 2115
1456 1457
249 251
1354 1356
149 150
811 812
2011 2013
466 468
1121 1123
2332 2333
248 250
151 152
1355 1357
2112 2113
908 910
1120 1122
2330 2331
1862 1866
631 634
1025 1028
1057 1060
1251 1255
16 19
2232 2236
2264 2268
367 370
400 404
1570 1574
15 18
42 50
659 668
1830 1833
1569 1573
1598 1606
2260 2270
1023 1027
1053 1062
384 385
1587 1588
1847 1848
1042 1043
2250 2251
1236 1237
898 899
2102 2103
1543 1545
339 340
372 375
20 23
53 59
1224 1226
1610 1615
1066 1071
636 638
672 677
2238 2240
1869 1875
371 373
407 410
1223 1225
1258 1261
1575 1576
1608 1612
1835 1836
1868 1871
1029 1031
1064 1068
2237 2239
1246 1260
1597 1611
1631 1632
696 697
1857 1870
1894 1895
41 54
79 80
1052 1067
1087 1088
1396 1397
1452 1453
853 855
906 907
2055 2056
951 952
1005 1006
2158 2160
1499 1501
1551 1552
421 429
643 646
685 694
1843 1845
26 29
67 77
1232 1234
1273 1283
1037 1040
2246 2248
2286 2294
628 632
656 663
1829 1832
1022 1026
2257 2266
392 401
1568 1572
14 17
38 46
1243 1253
1240 1248
363 366
388 398
1566 1571
627 630
1045 1055
1850 1859
2229 2233
2254 2261
47 49
1252 1256
1298 1300
2311 2313
1059 1061
1101 1103
1863 1867
1909 1911
446 448
1602 1605
1645 1647
381 383
1584 1586
1625 1628
645 647
1887 1891
28 30
71 75
1277 1281
1039 1041
1081 1084
2247 2249
657 672
1215 1224
12 20
39 53
2230 2238
2259 2274
1020 1030
1050 1066
1596 1610
239 241
341 342
1544 1546
2104 2105
2207 2209
352 353
1204 1205
617 618
1818 1819
2219 2220
397 406
1652 1653
43 51
100 101
1249 1257
1108 1109
2262 2271
660 669
717 718
1915 1916
1445 1447
899 900
2103 2105
1545 1546
340 342
998 1000
619 704
1820 1902
1558 1639
1012 1095
5 86
1206 1207
619 620
2221 2222
354 355
2328 2329
1925 1926
1315 1316
1593 1609
1662 1663
37 52
463 464
1048 1065
1118 1119
655 671
212 213
1411 1413
867 868
2073 2074
2175 2176
2178 2179
307 309
310 311
1515 1516
416 420
435 436
82 83
1268 1272
1635 1636
700 701
1878 1882
1074 1076
1091 1092
2281 2285
2300 2301
394 395
1595 1597
1632 1649
80 97
1286 1302
1855 1857
1895 1913
1051 1052
1088 1105
2 3
616 617
351 352
2218 2219
1009 1102
1555 1646
2 94
1203 1299
1817 1910
1631 1634
409 415
431 434
1870 1876
1894 1897
1067 1073
1087 1090
2275 2280
2296 2299
1260 1266
1285 1287
2228 2237
2255 2272
1827 1835
1213 1223
625 635
654 670
1591 1608
361 371
390 407
52 56
109 110
408 411
1661 1662
1259 1263
671 674
726 727
1924 1925
1117 1118
2273 2278
678 683
1839 1840
1877 1881
1034 1035
24 25
60 65
414 419
1227 1229
1578 1580
1616 1619
1020 1022
1049 1050
2257 2259
362 364
392 393
1567 1568
1594 1596
12 14
1215 1216
1243 1245
1828 1829
1854 1856
626 628
40 48
1244 1254
1301 1302
658 665
713 714
2258 2267
2314 2315
1855 1865
1912 1913
394 403
449 450
35 44
98 99
451 452
1241 1250
1650 1651
1852 1861
1046 1056
1106 1107
2256 2263
2316 2317
715 716
1079 1086
1112 1113
2287 2295
1884 1893
1919 1920
423 430
1622 1630
1656 1657
104 105
1274 1284
1559 1560
355 356
1207 1208
1013 1014
2222 2223
1821 1822
419 426
25 27
1580 1582
1271 1278
2284 2290
1035 1038
1840 1842
1881 1888
641 644
683 691
349 350
0 1
1201 1202
2216 2217
614 615
1007 1089
614 698
1815 1896
1553 1633
0 81
2304 2306
86 88
439 441
704 705
1082 1085
1094 1096
2291 2293
2303 2305
425 428
438 440
1626 1629
1638 1640
690 693
1901 1903
1291 1292
72 76
640 642
681 686
377 378
417 422
63 68
2243 2244
2282 2288
1617 1623
1228 1230
1057 1058
367 368
1601 1603
2232 2234
45 46
1218 1220
631 632
662 663
1831 1832
1862 1864
1858 1859
1023 1024
2231 2233
2260 2261
365 366
396 398
659 661
1217 1219
1247 1248
413 418
1614 1618
1659 1660
676 682
1070 1075
1115 1116
1922 1923
2279 2283
1312 1313
58 64
107 108
653 655
1106 1119
1852 1853
1914 1926
35 37
98 111
1241 1242
1303 1316
389 391
1592 1593
1650 1663
374 377
412 417
1577 1579
1613 1617
2241 2243
637 640
675 681
1872 1879
1262 1269
2228 2229
1019 1021
1045 1047
1590 1591
652 654
1850 1851
11 13
34 36
1213 1214
725 726
1873 1874
1069 1070
2278 2279
2326 2327
56 58
461 462
1263 1264
1313 1314
66 74
83 84
420 427
2285 2292
1620 1627
1636 1637
1076 1083
1092 1093
1899 1900
1289 1290
684 692
64 70
106 107
1270 1276
459 460
723 724
1880 1886
1075 1080
1114 1115
2324 2325
1618 1624
1658 1659
114 115
730 764
747 748
21 22
55 57
1576 1577
1612 1613
410 412
673 675
1836 1838
1031 1032
2276 2277
1103 1104
2265 2267
1602 1604
1647 1648
402 403
1911 1912
664 665
47 48
95 96
1687 1688
2353 2354
1142 1144
1249 1250
1304 1305
716 717
1054 1056
2317 2318
1860 1861
1599 1600
397 399
452 453
1152 1153
1698 1699
679 680
699 700
1073 1074
1897 1898
2280 2281
2299 2300
1266 1268
1287 1288
61 62
434 435
1946 1975
1036 1037
1077 1078
2244 2246
1230 1232
1273 1275
1841 1843
1883 1885
1581 1583
1621 1623
378 379
1477 1478
1522 1523
930 931
974 975
2031 2033
830 832
875 877
170 172
1373 1375
1421 1422
1615 1616
375 376
1226 1227
1265 1267
1837 1839
1875 1877
23 24
638 639
2240 2242
1033 1034
1071 1072
689 691
2245 2247
2289 2290
380 381
424 426
1231 1233
71 73
1501 1542
1550 1551
293 337
347 348
1004 1005
2214 2215
246 247
1451 1452
855 896
2056 2100
2109 2110
262 273
921 932
2125 2137
2023 2034
162 173
623 706
1825 1905
1017 1097
1211 1212
359 360
623 624
1563 1641
10 89
2226 2227
1939 2007
1949 1963
112 113
743 809
745 746
1940 2008
1943 1945
458 459
1622 1624
1310 1311
69 70
1079 1080
2323 2324
687 688
722 723
1884 1886
1920 1921
815 816
2041 2098
180 235
1358 1359
1458 1459
279 336
2144 2203
912 913
425 427
437 438
690 692
702 703
1889 1890
2291 2292
2302 2303
1279 1280
1290 1291
780 788
752 763
1951 1961
160 184
181 183
1365 1388
2044 2045
1469 1491
1487 1489
822 845
842 844
922 943
939 940
1355 1360
250 254
1455 1460
813 817
2012 2016
209 210
306 308
1412 1414
1513 1514
965 967
2070 2072
201 202
300 301
2064 2065
2167 2168
1377 1378
1407 1409
834 836
863 864
2066 2068
933 934
962 964
1480 1482
1511 1512
2235 2251
369 385
633 649
1221 1237
134 148
123 125
741 742
750 751
1939 1941
1948 1949
743 744
30 33
1041 1044
1586 1589
1846 1849
647 651
605 610
1306 1307
1916 1917
454 455
1653 1654
1109 1110
2319 2320
2181 2183
972 973
215 216
313 314
1419 1420
1942 2010
749 750
777 778
2171 2176
970 971
872 873
303 309
1511 1516
1519 1520
2074 2075
204 207
213 214
1409 1411
1417 1418
1937 1958
739 761
1338 1339
206 209
302 308
1509 1514
961 967
2069 2070
2169 2174
87 90
1292 1294
1903 1906
1640 1642
1096 1098
2115 2117
2131 2144
251 253
267 279
811 816
825 840
1354 1359
1369 1383
19 31
1028 1042
634 648
1834 1847
1574 1587
1824 1907
1016 1099
9 91
1210 1295
1562 1643
621 622
1823 1824
357 358
2224 2225
1209 1210
1133 1136
1196 1197
540 541
1677 1680
1740 1742
2341 2346
475 481
499 500
1700 1701
501 502
1674 1678
1130 1134
2366 2368
476 479
496 497
1675 1679
2340 2344
2362 2363
288 335
343 344
1496 1540
2154 2202
2210 2212
851 895
242 244
1394 1441
1448 1449
948 993
1001 1002
486 490
528 529
1685 1689
1728 1730
1185 1186
2351 2355
1146 1148
1162 1167
1691 1694
1707 1711
1935 1938
768 776
736 740
759 760
1957 1959
1994 1995
796 798
1996 1997
120 121
1324 1326
4 102
1205 1307
1819 1917
1557 1654
1011 1110
1317 1342
805 809
762 765
2004 2007
1943 1986
2005 2008
1100 1101
1644 1645
92 93
708 710
1908 1909
1319 1320
113 115
1945 1946
746 748
1928 1949
730 751
441 443
2306 2308
705 707
1904 1906
1293 1294
1137 1139
482 484
1681 1682
1727 1729
1183 1184
1709 1710
508 511
732 810
1930 1947
1931 2009
1970 1975
728 753
755 756
1927 1950
128 129
1331 1333
1334 1335
1321 1323
1969 1977
1979 1980
926 927
1473 1474
1369 1371
164 168
825 828
2026 2030
444 445
2309 2310
1296 1297
708 709
2154 2156
2210 2211
288 290
343 345
1547 1548
190 191
242 243
901 902
2052 2053
2106 2107
189 192
1393 1395
1497 1498
850 852
949 950
2051 2054
2337 2355
2395 2397
472 490
528 530
1728 1731
1192 1193
1737 1738
492 493
507 509
2357 2358
2373 2374
2347 2362
482 496
1681 1696
516 526
1716 1726
2383 2393
1190 1191
1735 1736
980 984
2129 2133
223 227
1429 1432
266 269
1471 1475
1528 1531
1529 1532
1370 1372
1430 1431
981 985
166 169
826 829
884 885
883 886
2086 2089
523 525
2390 2392
468 469
1667 1668
1684 1745
1123 1124
1140 1200
2333 2334
1195 1197
2407 2408
2405 2406
1145 1149
1194 1196
491 495
538 540
1690 1693
1739 1740
1138 1200
2349 2412
1198 1199
1743 1744
2248 2252
646 650
382 386
1234 1238
1163 1165
2375 2376
508 510
2410 2411
1122 1126
1665 1670
543 544
520 522
1666 1669
1121 1125
2387 2389
762 763
1960 1961
1342 1343
1986 1987
527 531
2394 2398
812 815
2013 2015
909 912
150 153
1456 1458
847 849
946 947
186 188
286 287
1391 1392
1493 1495
2108 2109
896 897
904 905
337 338
346 347
995 996
2204 2205
2213 2214
236 237
245 246
1442 1443
465 470
515 517
2330 2335
2381 2384
484 497
1673 1695
1682 1697
1129 1150
2348 2363
2050 2051
2153 2155
188 189
287 289
456 457
2321 2322
720 721
103 104
1308 1309
130 147
1334 1352
116 124
1321 1328
154 214
175 176
1360 1418
817 873
2036 2037
841 843
878 887
2186 2196
254 312
275 276
1460 1520
1481 1482
879 888
2082 2091
914 971
934 935
2118 2180
2139 2140
2146 2148
1525 1534
319 328
941 942
976 986
219 229
1488 1490
1524 1533
281 282
1384 1385
1423 1433
1715 1716
1171 1172
555 589
581 583
582 584
1773 1796
1784 1785
1166 1167
2377 2378
511 512
1710 1711
1125 1127
1178 1180
1669 1671
1722 1724
764 765
1317 1318
112 114
745 747
2012 2074
813 872
151 213
2113 2179
910 970
517 518
2384 2385
1318 1343
1961 1962
747 788
1944 1987
545 547
1746 1747
606 608
578 580
1794 1795
1806 1808
1767 1769
561 566
1762 1767
1747 1752
595 596
608 611
1775 1777
1795 1796
557 559
589 590
609 613
1810 1814
1756 1758
572 574
1788 1791
592 594
602 606
603 607
1802 1806
1790 1791
1807 1810
590 591
550 559
1751 1760
1746 1751
1780 1787
568 570
1785 1787
570 572
583 585
1754 1756
1783 1786
577 585
1752 1754
2386 2387
519 520
1168 1169
1712 1713
2034 2046
2058 2063
173 184
195 200
954 959
2137 2149
2161 2166
273 283
295 299
1502 1507
1466 1468
1483 1485
260 261
277 278
161 163
177 179
1367 1368
837 839
2024 2025
2038 2039
953 968
2159 2177
194 211
1398 1415
1177 1179
2388 2390
521 523
1721 1723
1504 1506
197 199
296 298
2059 2062
858 860
822 823
2022 2023
921 922
2125 2127
532 533
2399 2400
1014 1111
7 103
1208 1308
1560 1655
1822 1918
1175 1177
1719 1721
1527 1530
264 265
1470 1472
881 882
977 982
1426 1427
2187 2190
2028 2029
2081 2085
165 167
220 224
1424 1428
979 983
118 124
122 125
1322 1328
1325 1329
1339 1353
774 785
136 148
1966 1981
1973 1983
737 761
1954 1965
1326 1327
121 123
139 141
791 793
1937 1959
1990 1992
134 135
1338 1340
773 784
1971 1984
1991 1993
571 573
1772 1774
1757 1759
548 552
573 575
1774 1776
565 567
558 560
562 565
1748 1749
546 548
1764 1765
1748 1750
1768 1770
1753 1755
549 560
564 575
1765 1776
554 556
552 554
1770 1772
757 758
1324 1325
781 783
785 786
1981 1982
1983 1985
131 133
136 137
1336 1337
1339 1341
240 247
1445 1452
998 1005
2208 2215
1447 1453
1546 1552
900 907
1000 1006
2105 2111
1255 1256
404 405
668 669
666 667
1866 1867
2268 2269
50 51
2270 2271
1606 1607
1062 1063
257 259
1463 1464
177 178
1380 1382
819 820
2019 2021
2038 2040
936 937
2141 2142
429 430
1283 1284
77 78
694 695
2294 2295
1891 1892
1084 1085
1281 1282
1628 1629
756 758
795 799
1955 1956
1994 1998
782 783
1348 1349
117 119
143 145
132 133
144 146
1350 1351
2382 2385
1172 1174
865 866
205 206
302 304
1408 1410
1509 1510
1792 1793
1800 1802
601 602
587 588
603 604
1803 1805
566 593
580 598
1781 1798
547 587
1779 1797
779 787
805 807
1976 1986
2005 2006
126 138
754 762
804 806
1952 1960
1094 1095
1638 1639
85 86
703 704
1901 1902
1936 1938
1938 1988
775 776
738 740
1974 1989
339 346
1548 1549
1002 1003
2206 2213
2102 2108
898 904
902 903
238 245
1449 1450
355 458
2222 2323
6 105
620 722
447 448
711 712
2312 2313
94 95
1299 1300
1758 1789
1760 1790
1751 1791
1777 1795
563 594
574 596
576 595
561 592
1763 1794
545 588
1763 1765
563 564
1750 1751
1772 1773
547 548
1747 1749
1766 1767
561 562
1762 1764
555 556
1756 1757
1768 1769
559 560
567 568
1760 1761
1758 1759
557 558
551 552
1776 1777
545 546
573 574
569 570
1770 1771
553 554
697 698
2297 2298
80 81
432 433
352 453
1556 1652
1010 1108
617 717
2219 2318
3 100
1816 1926
2217 2329
1008 1119
1202 1316
350 464
1554 1663
89 90
1097 1098
2307 2308
1641 1642
442 443
706 707
1826 1918
2227 2321
1018 1111
360 456
1212 1308
1564 1655
91 92
1295 1297
1907 1908
1099 1100
1643 1644
1015 1110
2224 2320
357 455
1561 1654
8 102
621 719
