8923945159529307492 936 600
0.179873 0.055795 1.417575
0.199233 0.047541 1.418119
0.182617 0.056830 1.402105
0.194137 0.046194 1.400526
0.223800 0.024574 1.413647
0.278892 0.005358 1.406188
0.265321 0.001572 1.418621
0.283052 -0.000171 1.439644
0.259602 -0.000357 1.422334
0.229265 -0.119154 1.414591
0.200030 -0.003559 1.395328
0.188664 0.024658 1.373840
0.184124 0.037067 1.364835
0.169920 -0.146365 1.397311
0.182675 -0.096409 1.346082
0.177191 -0.115642 1.352982
0.186707 -0.076352 1.343873
0.169875 -0.134912 1.372393
0.172564 -0.137924 1.510694
0.199077 -0.054301 1.361548
0.190409 -0.054136 1.340756
0.190409 -0.054136 1.340756
0.189370 -0.024245 1.338663
0.176544 -0.122158 1.529183
0.225452 -0.099854 1.401503
0.232424 -0.081952 1.399277
0.217388 -0.062427 1.396631
0.208027 -0.060115 1.387479
0.202384 -0.057063 1.375169
0.208027 -0.060115 1.387479
0.195220 0.007664 1.386042
0.213569 0.040970 1.429279
0.168198 0.042459 1.476279
0.177231 -0.104237 1.543622
0.269567 -0.117451 1.399489
0.228860 -0.063664 1.399603
0.215569 -0.010594 1.415092
0.236122 0.004726 1.422160
0.240901 0.022501 1.425807
0.166114 0.031107 1.500067
0.276608 -0.117311 1.394033
0.249535 -0.062813 1.383434
0.228860 -0.063664 1.399603
0.227384 -0.046849 1.403476
0.227316 -0.031131 1.412243
0.229961 -0.014070 1.423151
0.248981 0.001511 1.425181
0.254016 0.015863 1.435118
0.163917 0.018742 1.522162
0.177616 -0.061396 1.561677
0.256183 -0.062062 1.378620
0.249535 -0.062813 1.383434
0.256183 -0.062062 1.378620
0.251502 -0.012328 1.408177
0.166862 0.001386 1.539731
0.171996 -0.016579 1.550593
0.176536 -0.038371 1.559720
0.270650 -0.060680 1.369832
0.295301 0.009518 1.396173
0.307737 0.008989 1.414925
0.284972 -0.059512 1.360645
0.298258 -0.058024 1.349541
0.311363 0.012969 1.387032
0.301617 0.002259 1.369777
0.323675 0.012377 1.405224
0.312265 -0.055788 1.339025
0.316033 0.004777 1.360153
0.326855 -0.052824 1.329425
0.330693 0.007111 1.349920
0.354646 -0.088407 1.324430
0.341784 -0.049955 1.320795
0.346467 0.008119 1.339597
0.399348 -0.095042 1.363479
0.370645 -0.083159 1.318794
0.357290 -0.047726 1.313628
0.363256 0.007653 1.329979
0.372458 0.016359 1.344669
0.413877 -0.091363 1.354057
0.386495 -0.079321 1.312385
0.373113 -0.046684 1.307020
0.389473 0.013278 1.333125
0.428580 -0.087715 1.342568
0.403096 -0.076564 1.304891
0.388591 -0.047124 1.297899
0.405553 0.006529 1.323575
0.442972 -0.021393 1.374112
0.444852 -0.085932 1.331378
0.404877 -0.047880 1.287168
0.455484 -0.016243 1.370120
0.462644 -0.082906 1.321557
0.420057 -0.045988 1.274511
0.420057 -0.045988 1.274511
0.419228 -0.018155 1.289440
0.424770 -0.008100 1.300531
0.468249 -0.008468 1.366295
0.433943 -0.038415 1.262943
0.433943 -0.038415 1.262943
0.442511 0.006976 1.329380
0.481302 0.001708 1.362107
0.447928 -0.029013 1.255526
0.451268 0.016253 1.323963
0.460816 -0.020462 1.245767
0.460816 -0.020462 1.245767
0.475503 -0.010294 1.236019
0.492815 0.001668 1.232323
0.483382 0.015279 1.236944
0.509020 0.012547 1.233810
0.509020 0.012547 1.233810
0.499936 0.025755 1.237261
0.506121 0.049788 1.261705
0.516223 0.060134 1.303270
0.527171 0.056486 1.313110
0.548246 0.034794 1.316007
0.555290 0.021923 1.311225
0.558735 0.009830 1.302379
0.561243 -0.000623 1.291126
0.555725 -0.009254 1.263794
0.549570 -0.007880 1.250547
0.532237 0.009507 1.235178
0.523447 0.022161 1.234587
0.523447 0.022161 1.234587
0.515476 0.034618 1.238150
0.509051 0.044463 1.247421
0.202384 -0.057063 1.375169
0.508651 0.059422 1.290257
0.516223 0.060134 1.303270
0.527171 0.056486 1.313110
0.538733 0.046743 1.316936
0.555290 0.021923 1.311225
0.558735 0.009830 1.302379
0.561064 -0.007784 1.277621
0.555725 -0.009254 1.263794
0.549570 -0.007880 1.250547
0.541229 -0.001270 1.240613
0.523447 0.022161 1.234587
0.515476 0.034618 1.238150
0.509051 0.044463 1.247421
0.506121 0.049788 1.261705
0.182617 0.056830 1.402105
0.184124 0.037067 1.364835
0.169920 -0.146365 1.397311
0.169583 -0.151886 1.429617
0.177191 -0.115642 1.352982
0.169875 -0.134912 1.372393
0.172564 -0.137924 1.510694
0.168964 -0.150618 1.459980
0.190409 -0.054136 1.340756
0.176544 -0.122158 1.529183
0.177231 -0.104237 1.543622
0.176959 -0.083490 1.555572
0.177616 -0.061396 1.561677
0.171996 -0.016579 1.550593
0.166862 0.001386 1.539731
0.189370 -0.024245 1.338663
0.724633 0.209488 1.122409
0.729835 0.209955 1.124472
0.723540 0.206743 1.127242
0.728820 0.206614 1.129366
0.729835 0.209955 1.124472
0.728820 0.206614 1.129366
0.730625 0.213151 1.119636
0.734429 0.215577 1.122323
0.730625 0.213151 1.119636
0.727563 0.204815 1.132116
0.727563 0.204815 1.132116
0.722430 0.205425 1.129870
0.731597 0.218911 1.110410
0.726959 0.217957 1.108902
0.731976 0.221239 1.105889
0.731976 0.221239 1.105889
0.735173 0.224021 1.107914
0.731597 0.218911 1.110410
0.734914 0.221545 1.112614
0.732432 0.223387 1.101283
0.730904 0.221541 1.140899
0.731269 0.224113 1.134687
0.726403 0.225891 1.134221
0.727092 0.228558 1.128780
0.734940 0.223558 1.127738
0.721801 0.225463 1.132278
0.721801 0.225463 1.132278
0.720465 0.223217 1.137661
0.722525 0.228395 1.127237
0.714996 0.217446 1.130884
0.715562 0.220323 1.126555
0.716264 0.223140 1.121912
0.715696 0.220373 1.136358
0.720102 0.222062 1.139717
0.725275 0.221879 1.142392
0.728324 0.238625 1.109033
0.728164 0.236431 1.113840
0.735034 0.229119 1.117144
0.724331 0.240077 1.103728
0.725038 0.242136 1.099680
0.723965 0.238365 1.108328
0.724331 0.240077 1.103728
0.720864 0.238288 1.102120
0.723965 0.238365 1.108328
0.721295 0.240723 1.097858
0.723770 0.236083 1.112994
0.723607 0.233526 1.117503
0.723607 0.233526 1.117503
0.719728 0.227910 1.102026
0.719372 0.229959 1.097168
0.720015 0.232934 1.092100
0.723153 0.242206 1.093953
0.726120 0.243678 1.095965
0.727293 0.243411 1.092811
0.730390 0.240085 1.088861
0.728573 0.242094 1.090744
0.730607 0.219720 1.143732
0.733685 0.214861 1.142110
0.714273 0.216554 1.132805
0.715367 0.212422 1.130439
0.733054 0.228603 1.093175
0.732592 0.225973 1.097030
0.732592 0.225973 1.097030
0.733054 0.228603 1.093175
0.733081 0.231596 1.090436
0.732847 0.234119 1.088825
0.733081 0.231596 1.090436
0.732847 0.234119 1.088825
0.720267 0.214330 1.117369
0.719754 0.212046 1.122243
0.722628 0.222202 1.104915
0.722210 0.220012 1.109058
0.723798 0.228588 1.090451
0.726102 0.232559 1.087222
0.732243 0.237035 1.088023
0.735266 0.212467 1.136394
0.734351 0.210017 1.139151
0.726401 0.215257 1.113148
0.731174 0.216115 1.114920
0.734774 0.218653 1.117337
0.723148 0.230907 1.122296
0.723148 0.230907 1.122296
0.735296 0.226600 1.122357
0.715280 0.251312 1.146576
0.710268 0.250476 1.144617
0.714374 0.248054 1.151293
0.710268 0.250476 1.144617
0.709323 0.247168 1.148876
0.706868 0.251794 1.137696
0.711113 0.253718 1.140088
0.703784 0.241868 1.142162
0.705288 0.244817 1.138542
0.719698 0.231995 1.139150
0.715017 0.235977 1.133714
0.719924 0.236071 1.134981
0.714395 0.231982 1.137337
0.724244 0.238097 1.137674
0.719698 0.231995 1.139150
0.719924 0.236071 1.134981
0.724172 0.234039 1.142393
0.713633 0.273600 1.106181
0.714422 0.274766 1.103086
0.709178 0.270664 1.108790
0.713633 0.273600 1.106181
0.710274 0.273279 1.104744
0.712973 0.271933 1.110208
0.712532 0.266695 1.119945
0.712654 0.269395 1.114896
0.709235 0.264255 1.118140
0.709131 0.267451 1.113309
0.712654 0.269395 1.114896
0.712532 0.266695 1.119945
0.712489 0.270626 1.095311
0.718003 0.273302 1.095950
0.715752 0.275454 1.099997
0.720517 0.271439 1.100343
0.718003 0.273302 1.095950
0.706772 0.267524 1.105924
0.707463 0.262933 1.102694
0.716560 0.261093 1.096636
0.717607 0.263650 1.094422
0.720266 0.264791 1.095841
0.720137 0.258874 1.101832
0.720383 0.261805 1.098159
0.722092 0.261522 1.104020
0.720044 0.253426 1.111565
0.723036 0.258557 1.108211
0.720044 0.253426 1.111565
0.720080 0.256053 1.106512
0.720244 0.246979 1.121289
0.715786 0.246485 1.120366
0.720129 0.250447 1.116552
0.715929 0.250116 1.115910
0.720244 0.246979 1.121289
0.720129 0.250447 1.116552
0.708382 0.250823 1.122574
0.708013 0.260776 1.115655
0.707280 0.263898 1.110801
0.708215 0.259963 1.108119
0.721696 0.266337 1.119983
0.721808 0.263159 1.125487
0.716973 0.264657 1.126150
0.716787 0.261393 1.131461
0.720545 0.249342 1.146589
0.721139 0.252893 1.141565
0.712357 0.263688 1.125102
0.711921 0.260676 1.130346
0.711921 0.260676 1.130346
0.719965 0.268298 1.094621
0.725259 0.259012 1.115420
0.724210 0.261967 1.110388
0.725863 0.252580 1.125977
0.725788 0.245507 1.136447
0.707563 0.247265 1.127084
0.707361 0.255108 1.133088
0.711475 0.257236 1.135355
0.726031 0.249100 1.131251
0.705453 0.244341 1.148636
0.707480 0.231902 1.139490
0.712732 0.228919 1.139770
0.722948 0.229904 1.145450
0.725276 0.233730 1.149872
0.719577 0.243532 1.155344
0.714763 0.245860 1.154641
0.709408 0.246009 1.151984
0.742837 0.188234 1.125625
0.739335 0.190495 1.130898
0.741517 0.186203 1.129614
0.740453 0.192334 1.126989
0.741714 0.194264 1.123011
0.732576 0.195433 1.125358
0.731160 0.193839 1.128855
0.727677 0.192586 1.126412
0.732576 0.195433 1.125358
0.728976 0.194324 1.123236
0.731160 0.193839 1.128855
0.730366 0.196226 1.119634
0.731977 0.174450 1.126632
0.736252 0.175416 1.129480
0.734634 0.177446 1.121555
0.732952 0.175459 1.125105
0.729044 0.177625 1.123948
0.734634 0.177446 1.121555
0.731977 0.174450 1.126632
0.727936 0.176018 1.124868
0.736126 0.179416 1.118039
0.736126 0.179416 1.118039
0.733310 0.183062 1.113604
0.737459 0.181491 1.114316
0.729596 0.192772 1.132193
0.728798 0.191753 1.133814
0.724858 0.190482 1.131205
0.729596 0.192772 1.132193
0.725754 0.191292 1.129693
0.728798 0.191753 1.133814
0.743986 0.206809 1.095409
0.745142 0.206069 1.094359
0.743459 0.206848 1.092779
0.744509 0.205248 1.090591
0.743459 0.206848 1.092779
0.741255 0.204649 1.090128
0.744509 0.205248 1.090591
0.738428 0.205827 1.097882
0.740839 0.206629 1.099290
0.736825 0.204688 1.101012
0.739725 0.205614 1.102585
0.738658 0.204085 1.106111
0.739725 0.205614 1.102585
0.738658 0.204085 1.106111
0.738711 0.203078 1.091484
0.723351 0.187646 1.128755
0.723414 0.183406 1.126407
0.744379 0.199708 1.110283
0.743809 0.198092 1.114565
0.738328 0.189065 1.134921
0.740362 0.184155 1.133378
0.739947 0.183059 1.135605
0.733283 0.199426 1.112205
0.736536 0.200649 1.113853
0.741070 0.187406 1.102877
0.742156 0.189678 1.099092
0.744410 0.189656 1.104947
0.741070 0.187406 1.102877
0.736693 0.188812 1.102430
0.742156 0.189678 1.099092
0.735772 0.187021 1.106401
0.743618 0.187307 1.108857
0.745476 0.194347 1.097996
0.743163 0.192131 1.095681
0.746350 0.196409 1.094986
0.740432 0.195278 1.091320
0.744233 0.194742 1.092681
0.746931 0.198532 1.092455
0.746816 0.200117 1.090893
0.744954 0.197368 1.090462
0.742071 0.198082 1.089663
0.745270 0.199912 1.089433
0.726252 0.180902 1.124464
0.734681 0.193605 1.099160
0.735690 0.195650 1.095181
0.745116 0.202470 1.089471
0.747084 0.202076 1.091535
0.745116 0.202470 1.089471
0.741103 0.181860 1.126996
0.739699 0.179761 1.130757
0.734645 0.185237 1.110132
0.731985 0.197731 1.115940
0.735311 0.198780 1.117750
0.742924 0.196219 1.118844
0.688276 0.255430 1.152382
0.698089 0.254371 1.148658
0.698428 0.258322 1.145670
0.702466 0.251334 1.153648
0.703141 0.254770 1.150674
0.702466 0.251334 1.153648
0.703141 0.254770 1.150674
0.705454 0.253594 1.157531
0.703017 0.258965 1.147433
0.698650 0.270467 1.135407
0.698679 0.266184 1.138747
0.702992 0.266606 1.140197
0.702809 0.270335 1.136192
0.702609 0.273859 1.132074
0.702609 0.273859 1.132074
0.707638 0.271803 1.146157
0.706080 0.279040 1.145243
0.706047 0.282647 1.140607
0.702366 0.280684 1.123963
0.702560 0.277159 1.127726
0.705467 0.279317 1.130284
0.705176 0.282598 1.126377
0.702366 0.280684 1.123963
0.704752 0.285699 1.123166
0.702293 0.284174 1.121115
0.701818 0.287388 1.119906
0.703837 0.287924 1.121024
0.701112 0.290166 1.119445
0.703431 0.290222 1.122097
0.699548 0.293279 1.120835
0.708296 0.260322 1.158524
0.707786 0.264452 1.154316
0.705772 0.264435 1.162643
0.707566 0.256700 1.161856
0.704960 0.260750 1.165998
0.695805 0.271377 1.159640
0.694149 0.264151 1.166882
0.686325 0.261522 1.160194
0.690145 0.266794 1.161287
0.689336 0.263523 1.164169
0.691039 0.270521 1.157613
0.688036 0.268174 1.154159
0.696966 0.282298 1.147145
0.696740 0.278657 1.151341
0.689307 0.275393 1.146535
0.689945 0.278806 1.142297
0.689664 0.282442 1.137953
0.692327 0.285187 1.141275
0.692293 0.288907 1.136915
0.692293 0.288907 1.136915
0.689349 0.286102 1.133399
0.693052 0.292129 1.132529
0.694308 0.294113 1.128943
0.695691 0.295002 1.125950
0.694308 0.294113 1.128943
0.691976 0.292208 1.126163
0.695691 0.295002 1.125950
0.693693 0.293382 1.124410
0.699734 0.263207 1.167539
0.697620 0.294897 1.123079
0.686966 0.261545 1.153461
0.685710 0.258621 1.155770
0.687942 0.264965 1.150438
0.703061 0.262784 1.143902
0.688746 0.271803 1.150486
0.688456 0.268565 1.146854
0.696354 0.274998 1.155491
0.707607 0.268170 1.150262
0.640170 0.223362 1.182678
0.639367 0.226375 1.180342
0.640286 0.225307 1.187462
0.639367 0.226375 1.180342
0.638570 0.221249 1.177796
0.621747 0.222812 1.195573
0.625736 0.229788 1.194615
0.627885 0.225670 1.197390
0.633767 0.226349 1.195213
0.616179 0.223519 1.187401
0.617995 0.217130 1.183740
0.623741 0.234457 1.189527
0.618000 0.232102 1.187929
0.616264 0.237611 1.183361
0.615134 0.228483 1.183123
0.615134 0.228483 1.183123
0.614554 0.230390 1.173413
0.613298 0.233694 1.178782
0.619930 0.223936 1.172980
0.618072 0.228157 1.168674
0.638532 0.230677 1.176842
0.637798 0.233309 1.182040
0.636871 0.238866 1.178472
0.635022 0.232468 1.168830
0.634818 0.243815 1.174744
0.636675 0.241130 1.169565
0.634747 0.246513 1.166407
0.633387 0.243254 1.160732
0.634747 0.246513 1.166407
0.634519 0.237453 1.164542
0.632851 0.251742 1.163549
0.630321 0.256586 1.161722
0.629010 0.254755 1.156644
0.630321 0.256586 1.161722
0.632851 0.251742 1.163549
0.631418 0.249250 1.158141
0.627303 0.260018 1.160690
0.624249 0.261681 1.160344
0.624249 0.261681 1.160344
0.624005 0.260968 1.157702
0.613915 0.251372 1.165029
0.612790 0.245990 1.163390
0.613029 0.241055 1.165976
0.614172 0.243276 1.170289
0.613915 0.251372 1.165029
0.613985 0.254581 1.163594
0.613985 0.254581 1.163594
0.614390 0.256888 1.162610
0.613477 0.238924 1.174275
0.613287 0.235680 1.169358
0.615375 0.238977 1.160843
0.616531 0.233198 1.164311
0.613973 0.255143 1.157449
0.614349 0.258117 1.159165
0.618473 0.250971 1.153763
0.617532 0.256372 1.154805
0.614780 0.244766 1.158495
0.617598 0.261113 1.161025
0.617598 0.261113 1.161025
0.621773 0.216323 1.178197
0.627489 0.216937 1.175182
0.637916 0.226307 1.191842
0.633530 0.218720 1.175169
0.622351 0.257735 1.154375
0.621102 0.261922 1.160381
0.621102 0.261922 1.160381
0.688276 0.255430 1.152382
0.692613 0.252632 1.150882
0.697623 0.250956 1.151241
0.705454 0.253594 1.157531
0.707566 0.256700 1.161856
0.694149 0.264151 1.166882
0.689336 0.263523 1.164169
0.686325 0.261522 1.160194
0.640170 0.223362 1.182678
0.638570 0.221249 1.177796
0.621747 0.222812 1.195573
0.617803 0.219537 1.190428
0.617995 0.217130 1.183740
0.621773 0.216323 1.178197
0.627489 0.216937 1.175182
0.633530 0.218720 1.175169
0.702859 0.241285 1.144605
0.703845 0.236418 1.141049
0.712732 0.228919 1.139770
0.718288 0.228546 1.142081
0.722948 0.229904 1.145450
0.725276 0.233730 1.149872
0.719577 0.243532 1.155344
0.714763 0.245860 1.154641
0.727563 0.204815 1.132116
0.731954 0.206325 1.135427
0.722430 0.205425 1.129870
0.715696 0.220373 1.136358
0.730607 0.219720 1.143732
0.733685 0.214861 1.142110
0.714273 0.216554 1.132805
0.715367 0.212422 1.130439
0.718092 0.208378 1.129276
0.731977 0.174450 1.126632
0.727936 0.176018 1.124868
0.733485 0.191064 1.136030
0.728798 0.191753 1.133814
0.724858 0.190482 1.131205
0.723351 0.187646 1.128755
0.723414 0.183406 1.126407
0.724842 0.179372 1.124942
0.202420 -0.049012 1.547462
0.208458 -0.075805 1.540142
0.129344 -0.101044 1.552406
0.112766 -0.091867 1.536262
0.108644 -0.117152 1.519891
0.129981 -0.146520 1.479475
0.136372 -0.139067 1.459229
0.128956 -0.181687 1.410616
0.137331 -0.179989 1.444899
0.141059 -0.180477 1.419330
0.130783 -0.136650 1.425042
0.122751 -0.131025 1.435506
0.128132 -0.118031 1.412921
0.172677 -0.169377 1.440297
0.139628 -0.173708 1.409537
0.135463 -0.177157 1.409340
0.157186 -0.164055 1.429549
0.139038 -0.175666 1.411237
0.137964 -0.175684 1.410711
0.139628 -0.173708 1.409537
0.157698 -0.142609 1.362128
0.141127 -0.136283 1.388855
0.152828 -0.131110 1.371989
0.149921 -0.028849 1.372165
0.136335 -0.045042 1.361531
0.133183 -0.033135 1.364820
0.168527 -0.024540 1.370403
0.160807 -0.036305 1.349105
0.132629 -0.056949 1.350095
0.205962 -0.119489 1.357894
0.197050 -0.103775 1.333196
0.169957 -0.077395 1.345672
0.158177 -0.052364 1.344195
0.171953 -0.117646 1.333704
0.183837 -0.123669 1.348908
0.176539 -0.109614 1.328244
0.178495 -0.112230 1.349149
0.185084 -0.082277 1.329399
0.171953 -0.117646 1.333704
0.176539 -0.109614 1.328244
0.166735 -0.122142 1.329846
0.176539 -0.109614 1.328244
0.166735 -0.122142 1.329846
0.171957 -0.001612 1.315341
0.174703 -0.011963 1.319741
0.184507 -0.002211 1.348565
0.185084 -0.082277 1.329399
0.179063 -0.061568 1.328049
0.189551 -0.045870 1.342534
0.166602 -0.099872 1.314528
0.166602 -0.099872 1.314528
0.198476 -0.074130 1.326963
0.178838 -0.096971 1.322789
0.174388 -0.011600 1.317686
0.171957 -0.001612 1.315341
0.178887 -0.040725 1.333212
0.169546 0.008081 1.315642
0.180410 0.006481 1.336207
0.180410 0.006481 1.336207
0.169546 0.008081 1.315642
0.178838 -0.096971 1.322789
0.135029 -0.001815 1.456031
0.137921 0.002554 1.484630
0.139676 -0.050792 1.566201
0.170323 -0.036618 1.563983
0.168822 0.026035 1.514578
0.168355 0.042538 1.487067
0.128910 -0.145896 1.508474
0.123008 -0.126944 1.529810
0.103741 -0.135649 1.494941
0.125850 -0.136271 1.375394
0.143258 0.006498 1.533581
0.123481 -0.026996 1.553878
0.154492 -0.007116 1.534130
0.127670 -0.030536 1.504659
0.125179 -0.014248 1.492492
0.120545 -0.037529 1.477108
0.098513 -0.019582 1.456680
0.113324 -0.032148 1.462817
0.073472 -0.055076 1.474918
0.062076 -0.087480 1.468908
0.056409 -0.078519 1.492290
0.120583 -0.026750 1.456854
0.118313 -0.051947 1.369068
0.102202 -0.061159 1.393004
0.108185 -0.037374 1.391381
0.218865 -0.035603 1.540928
0.185197 -0.004045 1.539726
0.045901 -0.086850 1.497360
0.064476 -0.089867 1.483835
0.075523 -0.093880 1.500443
0.093540 -0.071575 1.516833
0.085020 -0.060331 1.497555
0.063877 -0.073669 1.510683
0.094974 -0.096368 1.521547
0.063870 -0.081961 1.514635
0.136583 -0.010354 1.395374
0.140540 0.006531 1.395172
0.137921 0.002554 1.484630
0.141188 0.005056 1.466694
0.178181 0.017692 1.356024
0.159021 0.047457 1.375970
0.172761 0.057718 1.363427
0.182166 0.032088 1.349161
0.130742 -0.109983 1.353546
0.153614 -0.131350 1.340934
0.136124 -0.117657 1.371023
0.133654 -0.069249 1.361721
0.131249 -0.098300 1.330693
0.118145 -0.098757 1.364947
0.110241 -0.017646 1.544977
0.146635 0.021341 1.518856
0.128153 0.007980 1.520849
0.123811 -0.053194 1.479798
0.109913 -0.062099 1.503305
0.120986 -0.042266 1.499832
0.187927 0.058567 1.431351
0.174562 0.045441 1.423721
0.179664 0.060673 1.400413
0.157913 0.050875 1.388200
0.165256 0.008968 1.393717
0.148505 0.026892 1.379208
0.140808 0.056702 1.414985
0.143551 0.028902 1.426561
0.158331 0.028601 1.451802
0.175657 0.011509 1.376418
0.174336 0.013472 1.359898
0.161485 -0.016675 1.350413
0.160644 -0.009785 1.374562
0.114480 -0.105402 1.469440
0.106131 -0.119533 1.486824
0.070020 -0.102355 1.470410
0.118815 -0.129654 1.470971
0.108145 -0.136038 1.479552
0.088576 -0.066519 1.419017
0.076348 -0.068921 1.401259
0.080503 -0.086179 1.416011
0.108762 -0.117749 1.411039
0.111309 -0.120671 1.433651
0.092679 -0.108958 1.424084
0.153595 0.052087 1.484125
0.181887 0.058619 1.427275
0.149641 0.058416 1.455213
0.156659 0.051949 1.440170
0.154857 0.033201 1.485027
0.152772 0.021917 1.501553
0.161181 0.035706 1.499266
0.115179 -0.063753 1.540687
0.115873 -0.042843 1.525937
0.161351 -0.159284 1.409442
0.134282 -0.150090 1.427626
0.085298 -0.103878 1.515110
0.070048 -0.107738 1.488389
0.123564 -0.022757 1.533083
0.125182 -0.042301 1.546527
0.146075 0.029135 1.354023
0.147387 0.063497 1.392420
0.136800 0.060857 1.380272
0.120753 -0.110253 1.447261
0.150387 -0.089430 1.571436
0.127721 -0.026034 1.378759
0.116431 -0.035463 1.392005
0.140082 0.001531 1.502159
0.157640 0.014297 1.491308
0.158116 0.030806 1.469734
0.203551 -0.029487 1.544696
0.112314 -0.178989 1.462360
0.241685 -0.077943 1.525616
0.108319 -0.019192 1.458689
0.084490 -0.035160 1.454321
0.098017 -0.055409 1.439303
0.104622 -0.056536 1.421495
0.104575 -0.029038 1.408528
0.115285 -0.032382 1.433471
0.126383 -0.023364 1.421243
0.109274 0.014517 1.504504
0.127539 0.009346 1.499127
0.115376 -0.008469 1.520495
0.104195 0.010613 1.517434
0.082924 -0.099883 1.391679
0.088805 -0.102833 1.409429
0.083529 -0.081104 1.394534
0.095469 -0.063564 1.409834
0.099225 -0.078650 1.395806
0.081181 -0.059780 1.367491
0.100080 -0.102624 1.382445
0.125743 -0.076330 1.564050
0.103594 -0.079499 1.548317
0.143687 -0.128200 1.539122
0.126263 -0.008712 1.518367
0.109274 0.014517 1.504504
0.129255 -0.060416 1.365575
0.115905 -0.089324 1.370472
0.100592 -0.063048 1.359938
0.085145 -0.081515 1.371455
0.113284 -0.106279 1.379331
0.121581 -0.109210 1.407671
0.119004 -0.134441 1.401028
0.134860 -0.134347 1.409312
0.118391 -0.123552 1.387028
0.108505 -0.121203 1.394673
0.136583 -0.010354 1.395374
0.131547 -0.004334 1.418097
0.085589 -0.039051 1.469301
0.093818 -0.014295 1.434039
0.095885 -0.049883 1.430415
0.154768 -0.122004 1.359943
0.166150 -0.129961 1.352488
0.165180 -0.114594 1.337768
0.168272 -0.097322 1.353610
0.157446 -0.093852 1.348646
0.142164 -0.103264 1.349241
0.151110 0.044094 1.440532
0.165874 0.050502 1.427321
0.153985 0.062198 1.411170
0.249531 -0.085904 1.505008
0.174843 -0.005013 1.353430
0.176845 -0.017852 1.336210
0.163553 -0.024602 1.334071
0.082048 -0.090844 1.435811
0.120085 -0.133595 1.449589
0.091648 -0.095907 1.437593
0.133539 0.023986 1.503253
0.106412 -0.024842 1.438938
0.102829 -0.042512 1.422339
0.164726 -0.001650 1.365965
0.174785 0.000392 1.376239
0.142451 -0.082667 1.346539
0.147924 0.064532 1.377818
0.142918 0.023565 1.408338
0.135461 0.005915 1.430108
0.133084 -0.060620 1.559005
0.113183 -0.062961 1.556383
0.167699 -0.144739 1.350779
0.122873 -0.112102 1.387653
0.121899 -0.118394 1.362397
0.168348 -0.050945 1.332301
0.107373 -0.054813 1.476962
0.142682 0.043590 1.471168
0.152952 -0.152538 1.378321
0.153173 -0.150260 1.401572
0.139500 -0.146316 1.403115
0.151413 -0.154524 1.425361
0.134670 -0.148664 1.416225
0.150916 -0.141871 1.422162
0.061556 -0.065945 1.498187
0.144866 0.046220 1.363648
0.138756 -0.016407 1.436106
0.132669 0.018513 1.417775
0.139759 0.023237 1.445345
0.174843 -0.005013 1.353430
0.119172 -0.154409 1.494834
0.127627 -0.147938 1.493851
0.130576 0.008709 1.510088
0.108402 0.023021 1.517201
0.132806 -0.093641 1.565481
0.154790 -0.120229 1.331164
0.087774 -0.049056 1.484327
0.085171 -0.073059 1.458981
0.092538 -0.078114 1.424878
0.179063 -0.061568 1.328049
0.116861 -0.144638 1.414423
0.171127 -0.010578 1.554806
0.145124 0.025836 1.525148
0.129629 0.019137 1.534120
0.122038 -0.035580 1.449714
0.131547 -0.004334 1.418097
0.165698 0.066162 1.380037
0.097361 -0.110877 1.386281
0.148894 -0.156128 1.362978
0.098747 -0.062875 1.509098
0.120238 -0.049425 1.513738
0.135029 -0.001815 1.456031
0.133648 0.035631 1.416250
0.116328 -0.178254 1.453513
0.129625 0.002321 1.442112
0.621484 -0.538376 1.274094
0.536242 -0.557037 1.275898
0.518612 -0.557037 1.258268
0.496397 -0.557037 1.246949
0.447146 -0.557037 1.246949
0.424931 -0.557037 1.258268
0.407302 -0.557037 1.275898
0.392082 -0.557037 1.322739
0.395983 -0.557037 1.347364
0.407302 -0.557037 1.369579
0.447146 -0.557037 1.398528
0.471772 -0.557037 1.402428
0.496397 -0.557037 1.398528
0.536242 -0.557037 1.369579
0.547561 -0.557037 1.347364
0.551461 -0.557037 1.322739
0.547561 -0.557037 1.298113
0.691721 -0.507786 1.251273
0.691721 -0.507786 1.251273
0.756542 -0.466020 1.230211
0.814351 -0.414106 1.211428
0.863724 -0.353322 1.195385
0.903446 -0.285165 1.182479
0.903446 -0.285165 1.182479
0.932539 -0.211314 1.173026
0.950287 -0.133587 1.167260
0.956252 -0.053897 1.165322
0.950287 0.025792 1.167260
0.950287 0.025792 1.167260
0.932539 0.103520 1.173026
0.903446 0.177371 1.182479
0.863724 0.245528 1.195385
0.814351 0.306311 1.211428
0.814351 0.306311 1.211428
0.756542 0.358226 1.230211
0.691721 0.399992 1.251273
0.621484 0.430582 1.274094
0.547561 0.449243 1.298113
0.518612 0.449243 1.258268
0.496397 0.449243 1.246949
0.471772 0.449243 1.243049
0.424931 0.449243 1.258268
0.407302 0.449243 1.275898
0.395983 0.449243 1.298113
0.395983 0.449243 1.347364
0.407302 0.449243 1.369579
0.424931 0.449243 1.387209
0.447146 0.449243 1.398528
0.496397 0.449243 1.398528
0.518612 0.449243 1.387209
0.536242 0.449243 1.369579
0.551461 0.449243 1.322739
0.471772 -0.563309 1.322739
0.471772 -0.563309 1.322739
0.471772 -0.563309 1.322739
0.471772 -0.563309 1.322739
0.471772 -0.563309 1.322739
0.471772 -0.563309 1.322739
0.471772 -0.563309 1.322739
0.471772 -0.563309 1.322739
0.471772 -0.563309 1.322739
0.471772 -0.563309 1.322739
0.471772 -0.563309 1.322739
0.471772 -0.563309 1.322739
0.471772 -0.563309 1.322739
0.471772 -0.563309 1.322739
0.471772 -0.563309 1.322739
0.471772 0.455515 1.322739
0.471772 0.455515 1.322739
0.471772 0.455515 1.322739
0.471772 0.455515 1.322739
0.471772 0.455515 1.322739
0.471772 0.455515 1.322739
0.471772 0.455515 1.322739
0.471772 0.455515 1.322739
0.471772 0.455515 1.322739
0.471772 0.455515 1.322739
0.471772 0.455515 1.322739
0.471772 0.455515 1.322739
0.471772 0.455515 1.322739
0.471772 0.455515 1.322739
0.471772 0.455515 1.322739
890 891
855 906
891 921
870 920
892 922
856 907
854 871
894 924
893 923
857 908
878 879
882 883
887 888
858 909
874 875
885 886
861 912
859 910
895 925
862 913
897 927
898 928
860 911
896 926
877 878
883 884
863 914
899 929
864 915
901 931
865 916
900 930
872 873
888 889
875 876
868 919
902 932
866 917
903 933
904 934
867 918
905 935
869 920
880 881
604 606
727 847
591 592
626 631
766 833
649 650
685 686
138 139
650 651
695 697
587 591
688 690
639 780
3 12
661 762
677 808
653 656
660 752
589 774
585 586
836 837
672 673
726 755
584 588
682 834
823 835
740 768
739 752
694 721
662 762
140 141
769 770
694 696
622 633
607 608
141 145
669 671
608 629
700 790
21 22
146 153
718 720
699 807
773 774
615 628
797 836
701 702
641 764
7 8
758 799
645 646
719 721
676 850
583 645
662 749
826 827
635 681
617 624
747 748
661 663
578 579
142 143
657 823
763 772
714 757
609 610
642 840
13 17
656 815
582 729
696 719
594 728
675 826
32 39
812 813
612 613
666 671
643 841
658 659
784 786
39 48
699 733
811 847
705 706
844 853
686 805
580 581
675 698
37 47
786 788
18 23
144 147
801 802
603 661
674 844
779 780
148 149
707 708
625 626
655 782
601 602
600 785
9 24
735 824
707 736
732 809
605 814
581 672
736 798
745 793
806 824
636 637
791 792
746 843
49 56
23 33
691 693
692 693
149 150
720 816
586 852
16 20
773 813
728 839
818 822
716 798
590 775
684 784
685 805
46 53
601 706
11 30
614 785
654 815
648 684
698 804
665 840
54 55
151 152
615 838
624 625
599 776
633 838
103 104
776 839
679 680
683 784
649 689
14 15
4 38
762 771
643 723
725 765
760 761
76 80
789 805
731 755
752 825
86 89
689 800
652 653
679 806
44 45
655 656
682 687
101 103
667 668
8 53
809 810
742 816
820 821
680 845
80 84
87 91
682 684
81 86
738 739
90 95
105 108
704 828
598 817
104 106
83 87
750 802
71 75
1 31
841 842
612 785
640 754
712 749
737 833
697 845
59 64
757 846
68 71
58 62
5 6
648 777
709 730
764 833
25 35
821 822
78 82
96 99
99 102
781 835
670 848
66 68
751 843
69 73
775 777
72 77
676 740
61 65
63 66
67 70
107 120
674 675
42 43
604 706
74 79
782 801
94 98
57 60
714 837
690 767
664 743
36 45
715 778
588 776
717 758
734 735
817 847
654 691
647 711
618 619
92 93
722 742
701 851
0 2
644 724
713 759
126 127
114 115
109 122
136 137
112 113
88 94
118 119
128 129
10 30
753 832
134 135
110 111
710 711
124 125
795 796
627 638
628 630
121 122
785 811
130 131
659 823
116 117
132 133
726 849
803 804
753 756
659 666
740 831
19 123
819 821
749 783
85 88
677 850
613 630
619 638
28 29
97 100
808 853
723 741
26 27
756 832
669 848
602 603
787 788
735 806
594 820
621 622
623 794
703 804
690 831
611 613
829 830
748 783
631 632
632 634
744 852
721 790
34 40
41 50
51 52
585 593
616 620
483 484
547 548
477 482
498 500
485 488
476 478
678 704
490 522
487 520
481 530
549 550
174 175
492 493
480 486
494 500
496 497
493 495
293 294
513 520
306 310
305 310
489 490
531 533
551 552
314 315
557 558
521 527
499 505
295 296
272 292
250 253
475 533
546 552
503 506
178 236
297 298
266 267
553 554
176 177
271 291
301 309
299 300
312 313
555 556
155 157
180 181
437 461
210 211
565 566
265 299
514 519
303 304
433 434
203 204
188 210
179 182
419 420
283 285
287 288
161 233
449 453
158 160
246 248
251 252
290 291
279 285
237 239
289 307
191 236
262 263
186 187
501 502
504 505
284 286
450 451
410 436
540 541
260 261
264 265
561 562
439 461
242 308
281 282
448 449
154 156
164 165
238 243
226 227
474 491
162 232
525 526
512 513
542 543
445 446
545 546
446 469
172 233
267 302
438 469
434 470
452 454
418 470
200 234
201 235
184 185
414 415
240 241
417 422
311 318
412 413
247 249
415 416
222 223
564 567
269 270
316 317
559 560
537 538
440 442
543 544
447 467
479 532
259 261
170 172
403 464
441 443
538 539
189 190
253 314
202 203
563 569
572 573
183 184
331 332
278 280
444 467
411 466
194 199
421 422
423 424
465 468
166 168
169 171
473 532
167 231
435 437
526 534
568 569
173 215
404 405
256 258
196 198
195 197
244 245
212 213
364 365
367 402
276 277
224 225
214 215
216 217
337 338
570 571
319 321
375 380
366 367
322 323
192 193
406 407
408 409
392 393
198 205
373 374
376 378
397 398
576 577
425 427
372 401
339 342
377 379
257 259
334 336
320 368
335 391
374 382
593 595
341 399
330 400
371 400
333 340
379 399
454 457
324 325
327 329
574 575
359 360
361 362
463 464
471 472
326 328
329 346
229 230
381 383
430 432
275 302
356 358
208 228
528 535
529 536
384 389
357 359
273 274
157 164
159 163
511 516
515 517
385 388
507 508
459 462
523 524
255 268
455 456
254 255
206 207
432 462
383 386
241 318
354 363
426 429
509 536
352 394
355 396
218 219
220 221
351 352
353 355
596 597
207 209
388 390
509 510
458 460
592 595
429 431
517 518
369 370
181 187
428 429
387 395
343 344
346 348
345 347
349 350
