4428641013771706048 189 230
265.926147 265.926147 265.926147
-265.926147 265.926147 265.926147
-265.926147 -265.926147 265.926147
265.926147 -265.926147 265.926147
265.926147 265.926147 265.926147
265.926147 265.926147 -265.926147
-265.926147 265.926147 265.926147
-265.926147 265.926147 -265.926147
265.926147 -265.926147 -265.926147
-265.926147 -265.926147 -265.926147
-265.926147 265.926147 -265.926147
265.926147 265.926147 -265.926147
265.926147 -265.926147 265.926147
-265.926147 -265.926147 265.926147
-265.926147 -265.926147 -265.926147
265.926147 -265.926147 -265.926147
265.926147 265.926147 265.926147
265.926147 -265.926147 265.926147
265.926147 265.926147 -265.926147
265.926147 -265.926147 -265.926147
-265.926147 265.926147 265.926147
-265.926147 -265.926147 -265.926147
-265.926147 -265.926147 265.926147
-265.926147 265.926147 -265.926147
1.222769 6.780148 -0.317683
1.301893 7.241671 0.140729
1.284768 7.578707 -0.180324
4.586641 5.459236 2.095201
4.436651 5.592815 2.037338
4.256445 5.618528 1.892222
2.061018 7.579394 0.499446
2.426814 7.162346 0.858487
2.630230 7.246229 0.315488
2.693281 7.191355 0.935080
3.334113 6.840460 -0.424362
2.934661 7.541731 -1.104250
2.902551 6.936012 1.175724
3.278119 6.884557 0.780352
5.301877 4.666504 1.221286
3.425153 5.337364 -0.220572
4.819385 4.565042 -0.345274
3.679846 5.264996 1.023889
4.658804 4.738518 1.495109
4.235465 5.254901 -1.018736
2.865196 5.776706 0.421751
2.916096 6.985088 -1.221365
1.811872 6.309508 0.171214
1.687612 6.240813 -0.107185
3.422531 7.212287 -1.591314
3.525482 6.780698 -1.324324
4.291992 5.859522 -1.387936
2.427097 7.825311 -1.080464
2.840044 7.380877 -1.237333
2.840044 7.380877 -1.237333
2.427097 7.825311 -1.080464
1.845100 8.217056 -1.133230
1.835148 8.197054 -1.149092
1.926392 8.380445 -1.003652
1.978606 8.198565 -0.328550
1.779909 8.136359 -0.202869
1.865448 7.782666 0.428135
3.422531 7.212287 -1.591314
3.511920 7.165089 -1.107835
3.831790 6.148623 0.575695
3.677451 6.816123 -1.172033
4.179468 6.064512 1.239801
4.322521 5.914438 1.513371
3.754994 6.188042 1.129709
3.975109 5.874524 1.540079
4.436651 5.592815 2.037338
4.586641 5.459236 2.095201
5.101729 5.660072 1.721933
5.428744 5.402787 1.389919
5.082730 5.762605 1.030290
4.945619 5.624774 -0.272275
4.999268 5.561202 -1.036673
5.262340 5.294232 -0.561880
5.406342 5.284841 -0.200261
5.464537 5.381598 -1.275333
5.480637 5.211196 -0.562231
5.801772 5.204885 1.022423
6.158053 4.998953 0.652025
6.526102 4.950127 0.343429
6.608578 4.913930 -0.632019
6.406275 5.336308 -1.450598
6.024107 5.319057 -1.338454
5.552216 4.912978 -1.297054
6.225327 5.465323 -1.650839
6.183620 4.912580 -1.453432
5.552216 4.912978 -1.297054
6.183620 4.912580 -1.453432
7.266565 3.870199 -1.370169
6.521811 4.640958 -1.457071
7.326683 4.070658 -1.443411
7.836516 3.978586 -1.581946
6.521811 4.640958 -1.457071
6.678072 4.873319 -1.354889
6.914447 4.498557 -0.577238
7.326683 4.070658 -1.443411
7.589689 4.400418 -1.331106
7.427896 4.337971 -0.851943
7.990172 4.351050 -1.068229
7.836516 3.978586 -1.581946
8.003396 4.134037 -1.443556
8.119645 3.839272 -1.363795
8.094646 4.028977 -1.266779
8.119645 3.839272 -1.363795
7.369540 3.520741 -0.859916
7.004801 4.480837 -0.218175
7.455228 4.184753 -0.688811
5.891168 4.263052 0.394226
5.358846 5.595634 -1.367072
4.291992 5.859522 -1.387936
4.929385 5.781494 -1.469534
3.525482 6.780698 -1.324324
4.544662 6.082496 -1.347126
3.790079 6.265187 1.346079
3.557288 6.433323 1.093958
3.128849 6.844951 1.352106
3.685787 6.157288 1.436124
1.499673 7.420034 -0.900385
1.832579 8.194232 -1.105088
1.835148 8.197054 -1.149092
1.402462 7.846843 -0.499868
1.926392 8.380445 -1.003652
1.845100 8.217056 -1.133230
1.779909 8.136359 -0.202869
2.902551 6.936012 1.175724
2.693281 7.191355 0.935080
2.426814 7.162346 0.858487
1.811872 6.309508 0.171214
3.128849 6.844951 1.352106
2.784686 6.104785 1.048856
2.584510 6.335333 0.762334
3.168552 5.901104 1.054417
3.685787 6.157288 1.436124
2.061018 7.579394 0.499446
1.865448 7.782666 0.428135
1.632209 7.820097 0.404573
3.486343 5.584219 1.455748
3.853505 5.826565 1.612285
3.575684 5.518171 1.506321
1.589380 7.117267 0.117572
1.301893 7.241671 0.140729
2.865196 5.776706 0.421751
1.222769 6.780148 -0.317683
1.687612 6.240813 -0.107185
3.679846 5.264996 1.023889
4.207434 5.136290 1.635164
4.658804 4.738518 1.495109
4.574804 5.014317 1.939755
4.337950 5.143947 1.985304
7.990172 4.351050 -1.068229
7.904933 3.870788 -1.014864
8.094646 4.028977 -1.266779
7.701978 3.896756 -0.780969
8.119645 3.839272 -1.363795
7.455228 4.184753 -0.688811
7.449866 3.952460 -0.614124
5.301877 4.666504 1.221286
5.891168 4.263052 0.394226
6.049375 4.585006 0.589436
4.658804 4.738518 1.495109
5.301877 4.666504 1.221286
5.166284 4.907393 1.760503
5.016313 5.013076 1.908817
7.004801 4.480837 -0.218175
7.185667 4.004745 -0.536401
5.742545 4.809819 1.186119
6.158053 4.998953 0.652025
6.526102 4.950127 0.343429
5.428744 5.402787 1.389919
5.523032 4.892961 1.312730
5.801772 5.204885 1.022423
5.430265 4.996202 1.507035
5.742545 4.809819 1.186119
6.158053 4.998953 0.652025
1.499673 7.420034 -0.900385
1.222769 6.780148 -0.317683
1.632209 7.820097 0.404573
4.256445 5.618528 1.892222
3.853505 5.826565 1.612285
1.835148 8.197054 -1.149092
4.586641 5.459236 2.095201
5.101729 5.660072 1.721933
1.632209 7.820097 0.404573
7.369540 3.520741 -0.859916
6.906139 3.767190 -0.369643
6.906139 3.767190 -0.369643
0 1
0 3
1 2
2 3
4 5
4 6
5 7
6 7
8 9
8 11
9 10
10 11
12 13
12 15
13 14
14 15
16 17
16 18
17 19
18 19
20 22
20 23
21 22
21 23
43 91
40 107
45 46
45 47
34 36
39 40
50 89
86 112
161 188
45 177
110 187
160 188
73 74
114 115
41 42
147 149
34 37
44 46
130 144
49 50
112 114
168 170
64 115
41 44
144 147
38 110
159 160
77 78
96 99
92 93
95 98
106 107
156 186
83 84
24 120
177 178
118 119
131 135
120 122
177 182
82 108
166 170
58 60
131 132
57 59
124 126
121 123
34 62
140 148
35 61
136 142
54 57
141 148
76 78
47 178
145 146
78 79
107 187
186 188
25 185
138 143
108 109
157 166
86 111
132 144
133 144
38 42
162 163
168 169
175 176
51 182
54 56
48 52
53 61
57 58
59 179
126 185
71 73
134 135
101 109
152 157
70 71
183 184
142 145
30 31
129 136
24 25
143 145
45 49
86 88
89 90
112 113
165 183
97 109
61 64
51 52
53 54
66 69
32 33
91 94
127 129
167 186
163 164
100 101
134 139
37 118
87 88
31 32
35 54
78 85
67 68
63 67
72 80
171 173
80 81
173 176
75 78
84 96
93 94
98 102
29 140
180 181
71 72
171 184
149 150
150 162
48 49
61 114
113 115
136 138
61 62
29 151
81 82
169 170
99 101
111 113
84 88
78 86
68 116
27 150
150 183
159 168
163 175
117 119
65 67
85 88
150 165
132 134
88 95
90 92
101 103
26 123
27 29
132 133
27 151
153 156
119 181
135 140
33 36
127 128
85 87
101 105
152 154
76 77
94 106
102 104
116 117
77 79
164 174
148 151
157 167
65 66
103 104
46 47
130 146
153 155
155 158
36 118
127 131
84 87
30 60
136 137
158 167
31 33
128 129
150 151
102 103
172 175
78 111
172 174
60 179
137 138
164 165
28 29
69 180
35 53
55 57
124 125
64 114
104 105
154 156
27 28
69 70
139 141
55 56
122 125
