4885463625851558610 1132 600
0.005242 -6.766589 3.783449
-0.001262 -6.039999 5.369902
2.378439 -9.732893 3.995739
2.503437 -8.869232 3.990484
2.762902 -10.080899 4.993004
3.652504 2.222388 9.118576
2.082256 -6.508283 6.619954
2.779886 -7.823528 6.657122
8.374707 7.510430 5.999070
2.320621 -10.161808 4.414436
3.855979 -2.145837 1.937589
1.836554 -10.749650 3.992270
5.540216 10.007504 5.717259
2.866743 -10.031345 5.941883
0.909168 -11.600113 4.471045
3.332369 6.298689 1.815066
3.063673 5.837687 2.631387
2.868189 -10.038727 5.600969
2.383541 -10.794203 5.348718
2.631434 -10.538146 5.943772
3.328533 10.690022 5.089079
-7.410706 -11.713022 5.851254
-7.129840 -12.398978 5.772247
1.371840 -11.725347 5.608896
0.010524 12.151660 5.556803
-0.061784 13.956925 8.900738
0.419380 3.094879 9.191239
0.000692 3.114411 9.289999
0.439917 1.558702 9.263164
0.475301 2.383425 8.409093
2.209145 -11.100346 5.943284
1.670477 -11.551783 5.944003
1.114903 -11.857878 5.945420
1.000756 -11.818792 5.352875
0.481472 3.616719 9.008484
0.476355 5.449325 8.530109
0.481472 3.616719 9.008484
6.497383 -2.064988 2.420307
4.356335 0.340484 1.934579
-9.626229 -7.579830 6.090242
-10.074263 -9.558140 5.639587
2.194088 -11.078874 4.999905
0.864325 -11.777605 5.059388
0.185984 -3.031254 8.984066
5.228601 -4.394854 2.481166
1.983781 -6.582462 2.439340
1.951140 -11.340220 5.944963
2.209145 -11.100346 5.943284
1.117064 -10.030625 5.945154
1.000756 -11.818792 5.352875
1.371840 -11.725347 5.608896
2.707134 -4.629437 8.741973
1.114903 -11.857878 5.945420
1.331029 -11.659058 5.344795
1.000756 -11.818792 5.352875
1.000756 -11.818792 5.352875
0.864325 -11.777605 5.059388
-10.074263 -9.558140 5.639587
-10.181151 -9.232810 4.783423
2.762902 -10.080899 4.993004
0.850522 -10.056582 5.030243
2.394370 -6.615492 8.424208
1.675981 -5.155241 8.336416
1.878614 -11.223939 4.720525
2.489700 -10.482956 4.725536
0.856649 10.248707 6.505499
0.454999 -11.954095 5.383450
0.909168 -11.600113 4.471045
-10.828382 -6.731029 5.215594
2.320621 -10.161808 4.414436
2.309164 -10.119645 4.729522
1.429374 11.390402 5.589338
0.428091 11.772891 6.188178
3.332369 6.298689 1.815066
2.868189 -10.038727 5.600969
2.866743 -10.031345 5.941883
3.510993 6.488960 1.371191
0.056938 12.514922 9.227907
-0.006992 -10.635724 4.334600
-0.001006 -10.846704 3.886172
-0.015011 -7.568902 4.207941
0.993365 -7.838683 4.328091
1.517463 -6.201023 7.493690
2.525398 -7.098464 7.529134
3.063673 5.837687 2.631387
3.756729 5.353006 2.658158
1.334550 -5.708409 8.023522
1.562672 -8.925107 4.323929
4.076212 5.890166 1.872120
4.224957 6.048779 1.406624
-1.159528 -7.924676 4.322154
-1.647743 -8.315203 4.195609
3.390139 2.702783 1.951481
-1.469818 -7.919473 3.903434
-1.739882 -9.545789 3.870412
-1.775747 -9.343918 4.211406
-1.775747 -9.343918 4.211406
-1.153846 -10.403782 4.203950
-0.006992 -10.635724 4.334600
-1.153846 -10.403782 4.203950
-1.647743 -8.315203 4.195609
-1.297493 -7.481275 3.839856
0.005242 -6.766589 3.783449
0.014145 -7.735586 4.207755
-1.159528 -7.924676 4.322154
7.143127 -11.563911 5.703073
5.783659 -11.397660 5.036644
5.661956 -10.344962 5.851103
11.086506 -7.620579 5.273796
7.430560 -7.180095 5.649582
5.587867 -8.180675 5.812577
11.286661 -8.164463 4.561221
11.085841 -8.652092 4.321996
1.022267 -9.792659 4.203443
9.601994 -8.578167 5.510463
7.615329 -6.183467 7.065458
3.200271 5.851511 2.519652
0.004726 -10.310240 3.890296
6.461206 -1.988165 2.688498
6.614353 -1.196014 2.666068
6.508989 -1.606946 2.679455
6.586775 -1.191251 2.674884
5.665785 -6.651432 7.442068
1.297089 -7.477468 3.840764
0.005242 -6.766589 3.783449
-11.119905 1.590456 5.132564
-0.877454 -6.642155 3.982433
0.284793 11.751001 4.732832
0.010524 12.151660 5.556803
-2.093151 -6.521632 6.619058
0.013533 6.723391 2.192139
0.005242 -6.766589 3.783449
6.908398 -2.117329 1.946294
1.681606 11.009571 5.081143
7.259501 -2.167138 1.653119
1.215337 10.666364 4.419483
-2.520849 -8.875604 3.976604
-10.520599 4.058759 5.145565
2.331436 3.401600 2.611529
0.409699 9.895625 2.122107
0.001796 11.557344 1.503199
-0.279479 12.041811 1.414092
0.365416 11.296386 3.477708
1.651516 -9.742571 4.200469
1.562672 -8.925107 4.323929
-2.852222 -7.779571 6.643629
0.606964 -7.335041 4.197260
-0.015011 -7.568902 4.207941
1.573456 3.748795 2.552711
1.573456 3.748795 2.552711
0.998515 -10.547804 3.860698
1.651516 -9.742571 4.200469
-0.000435 -6.000182 6.657122
1.534976 3.651758 2.271589
-3.041209 -9.204767 6.664896
3.203912 9.487468 4.303366
1.534976 3.651758 2.271589
-2.007135 -10.511863 3.983310
-2.652691 -10.120251 4.731445
-0.064722 3.681005 2.383668
-1.662879 11.007967 5.079436
1.922302 6.254353 2.326947
-5.418217 9.296378 4.429711
-3.946608 9.966068 4.526545
-1.702983 -11.052936 4.369572
1.277814 4.122880 1.930891
-0.014319 -11.278969 3.793783
3.848130 9.198827 4.257672
2.766582 7.249459 2.885809
-2.237993 -11.116494 6.673831
-0.945964 -11.472345 4.377995
-2.210180 -11.100324 5.943398
-0.004823 -11.469709 4.361413
-1.952009 -11.340220 5.944963
-1.671035 -11.552365 5.944106
6.586775 -1.191251 2.674884
6.403703 -1.143636 2.549280
-0.004912 -12.013410 5.392964
-0.001006 -10.846704 3.886172
0.107509 4.075746 2.557295
-0.000423 -12.081041 6.659605
-7.162439 -1.751231 2.052711
-7.414265 -1.727685 2.371375
-2.489314 -10.482052 4.726615
-2.194890 -11.078693 4.999969
-0.862621 -11.778980 5.058714
-6.640703 -1.826285 3.247685
-7.162439 -1.751231 2.052711
-6.723056 -1.444300 3.252126
-6.640703 -1.826285 3.247685
3.981600 10.046476 4.404908
6.403703 -1.143636 2.549280
6.586775 -1.191251 2.674884
6.508989 -1.606946 2.679455
6.252253 -1.965743 2.601429
-2.859703 -10.033421 5.945391
-2.630323 -10.536981 5.942633
7.259501 -2.167138 1.653119
7.132344 -2.161142 1.471192
-2.195297 -11.086900 5.599360
-1.666720 -11.544617 5.593405
-1.671035 -11.552365 5.944106
-1.118108 -10.029948 5.944975
-1.023780 -10.029948 5.598261
-0.002299 6.555406 2.407126
-1.123162 -11.844313 5.942993
-1.004376 -10.075152 5.350166
-1.020421 -11.816905 5.331248
-0.115127 3.944490 2.249085
-1.545052 3.653480 2.278493
-0.851386 -10.055671 5.028270
-2.194890 -11.078693 4.999969
-1.020421 -11.816905 5.331248
-0.862621 -11.778980 5.058714
-0.115127 3.944490 2.249085
-1.074940 2.521539 2.304935
-0.851386 -10.055671 5.028270
-1.004376 -10.075152 5.350166
-5.326996 9.765134 5.089529
-0.938124 -10.107817 4.395301
-2.287536 -10.132796 4.391353
-2.489314 -10.482052 4.726615
-1.879610 -11.223740 4.720729
-1.750835 1.397417 8.599081
-1.099264 -10.110431 4.734001
-0.938124 -10.107817 4.395301
-2.310069 -10.119645 4.729496
-2.287536 -10.132796 4.391353
-0.001973 -6.494875 2.201432
-2.310069 -10.119645 4.729496
-2.652691 -10.120251 4.731445
3.318605 2.425299 2.578755
3.374331 2.314149 2.138180
0.308192 -7.797080 3.889273
-1.254917 -9.147230 3.889263
-10.754283 1.544552 4.383178
-1.750835 1.397417 8.599081
3.186649 -10.358521 7.724159
3.318605 2.425299 2.578755
-0.652973 -8.178993 3.818919
3.218035 -8.200034 7.958433
3.190196 -8.756902 7.320945
3.078886 -9.723891 7.193986
1.981510 -11.847538 7.704117
1.242554 -9.413657 3.902447
1.130039 -8.378085 3.929036
3.054538 2.705076 2.119195
3.384616 -2.477717 2.552848
3.979946 -1.234189 2.134362
4.167520 -0.085724 2.585127
3.849278 -1.682451 2.585010
5.089485 -13.002108 5.881598
4.096265 0.589717 2.542513
3.298314 -2.418371 2.272119
1.887184 -1.420194 2.560011
2.037446 -0.552505 2.577696
3.298314 -2.418371 2.272119
3.682835 -0.865578 2.383915
0.007038 5.324828 1.598264
-0.003892 4.203828 1.976734
-8.979878 6.030643 4.381249
-3.172546 -0.604198 8.483953
-2.403736 2.459103 7.477324
-3.523265 1.451138 7.486802
3.207826 -14.611069 6.243058
-0.037744 3.110681 8.942044
-0.037802 3.172008 7.471599
4.029701 -1.121219 2.557523
3.985319 0.583876 2.278358
3.985319 0.583876 2.278358
4.096265 0.589717 2.542513
2.777067 0.377252 2.304936
3.985319 0.583876 2.278358
-7.795325 -2.180006 1.214179
-7.809490 -1.610747 1.179122
-7.001073 -1.708445 2.221136
-0.044840 2.644823 8.885901
2.628160 -18.906929 6.707938
-0.037744 3.110681 8.942044
2.021875 -19.189471 7.096481
4.252944 -11.928406 5.011041
3.207826 -14.611069 6.243058
0.014145 -7.735586 4.207755
-7.315741 -1.780495 2.590862
-7.001073 -1.708445 2.221136
-3.172546 -0.604198 8.483953
-3.155864 -2.029494 8.490039
-7.112724 -2.085307 2.202519
-1.159528 -7.924676 4.322154
-1.254917 -9.147230 3.889263
-3.691558 3.585340 1.590676
0.134948 -4.291267 2.383785
1.580306 -3.913834 2.133240
1.580306 -3.913834 2.133240
1.695605 -3.460412 2.341734
2.904312 -12.313065 5.793299
3.213989 -9.789042 3.438331
1.692553 -11.693620 7.110853
2.571173 -10.585462 5.752614
2.141595 -16.531449 6.166691
3.158451 -2.841417 2.449471
-0.705094 -10.085680 4.209311
2.505943 -18.105965 6.481790
2.180432 -19.176804 6.411282
2.628160 -18.906929 6.707938
0.004726 -10.310240 3.890296
1.242554 -9.413657 3.902447
-2.992907 5.692715 2.547910
-1.267271 -9.100813 4.204946
-4.366687 -2.312402 7.484262
-3.506433 6.546086 1.387186
-1.724987 -1.633758 2.560011
-2.101826 -1.973444 2.310379
-0.140381 -2.396894 2.560035
-0.257130 -4.234725 2.542596
-2.101826 -1.973444 2.310379
-2.009176 -3.715288 2.134833
-3.011733 -2.787128 2.272834
-1.910477 -3.788929 2.557306
-1.652824 -3.767119 2.249094
-0.238185 -4.125291 2.278351
-5.418217 9.296378 4.429711
-7.376832 7.866897 4.428458
-4.040936 -1.319906 8.906149
-4.103995 -0.904811 2.543185
-4.087945 -0.779571 2.132096
-3.334918 -2.426573 2.298194
-2.308979 -1.711021 2.298774
-4.130672 0.701931 2.382188
-2.308979 -1.711021 2.298774
-2.273686 0.334621 2.491997
-5.326996 9.765134 5.089529
5.862621 -6.715504 3.479777
-7.872878 -1.917113 0.754338
-8.533753 -2.041374 0.023054
-0.000323 -6.442604 4.502157
1.135517 -6.820817 3.852762
-3.893092 -1.089309 2.270895
-3.334918 -2.426573 2.298194
-3.198525 2.610828 2.539268
-2.019249 3.537617 2.553318
-2.225913 0.560331 2.560035
-3.911523 1.059003 2.301961
-1.376523 2.378324 2.310384
-6.459488 -1.986687 2.687199
4.549984 -7.790622 3.475359
-3.095359 2.675807 2.134630
-1.967363 3.446817 2.272438
-3.387639 -3.418053 8.884024
-3.198525 2.610828 2.539268
-2.711015 0.702141 2.304988
-2.225913 0.560331 2.560035
-6.904826 -2.115663 1.943097
2.639860 -7.059745 7.549393
-7.159211 -2.181816 1.474831
3.230833 -8.453514 7.544709
2.718645 -9.839227 7.522434
2.489387 -10.459995 7.550169
-2.526846 -4.458409 8.875760
0.003590 -5.918395 6.959175
2.994267 -9.928696 6.972369
2.812250 -10.649784 6.420666
0.959142 -12.080075 6.399220
0.006495 -5.852256 6.448910
-3.198385 -4.464757 7.476398
-1.956289 -5.306506 7.489838
-0.000448 -4.960375 8.053662
3.221262 -9.213208 6.410299
-0.000434 -5.509740 8.156176
-3.387639 -3.418053 8.884024
-0.000435 -5.994285 7.409265
-6.419681 -1.156227 2.563120
-6.588423 -1.189950 2.676620
2.639860 -7.059745 7.549393
3.065150 -8.101992 6.432027
3.230833 -8.453514 7.544709
-7.809490 -1.610747 1.179122
-0.035023 -5.330413 8.887328
0.509173 -12.134071 5.620373
-0.049332 -12.230229 5.432509
-0.000540 -12.273785 7.566176
0.007657 -11.870937 7.511235
1.207270 -11.425812 7.401159
1.070322 -11.201280 7.252624
1.959295 -10.458952 7.248488
-0.039166 -5.763877 7.478509
0.642331 -11.227403 7.251938
2.489387 -10.459995 7.550169
2.718645 -9.839227 7.522434
2.489387 -10.459995 7.550169
1.289591 -11.616196 5.340509
1.368908 -10.005580 5.228372
1.139045 -11.617810 5.045586
1.119182 -10.004785 5.102044
1.753094 -7.348034 7.246578
1.457184 -11.434850 5.010663
1.549847 -11.461730 5.339547
-6.913112 -1.279135 1.766243
-6.250700 -1.965715 2.600501
1.598779 -9.999815 5.280602
-7.426397 -1.394103 1.574174
-7.159211 -2.181816 1.474831
1.875459 -7.064157 7.438447
-0.046658 1.871261 8.612797
1.483373 -7.617400 6.688162
1.498741 -7.609757 7.140691
-6.904826 -2.115663 1.943097
2.086186 -8.125735 7.166772
2.181918 -9.681598 7.166541
1.653881 -10.582871 7.168220
1.929260 -11.087594 5.008873
-6.419681 -1.156227 2.563120
-6.913112 -1.279135 1.766243
-6.354506 -1.579268 2.598131
0.932417 -10.868207 7.138816
0.932417 -10.868207 7.138816
0.003615 -11.096010 6.669893
1.979417 -11.123521 5.335973
2.023288 -9.997572 5.337339
1.851520 -9.996273 5.069975
-0.004541 -6.954941 7.129907
2.106225 -10.003247 5.048771
2.089030 -10.956365 5.149142
1.498741 -7.609757 7.140691
-0.004541 -6.954941 7.129907
-0.044840 2.644823 8.885901
1.044534 -8.038224 6.695396
0.003620 -7.591143 6.694336
1.870441 -8.225188 6.691725
-7.001073 -1.708445 2.221136
11.016113 2.433928 5.080027
9.500256 6.010304 5.115658
1.950787 -9.603324 6.691760
1.044996 -10.013501 6.695470
1.142765 -9.873527 6.694201
2.473379 0.682063 8.469451
3.102164 1.817407 8.948159
1.429943 2.872426 8.945518
-10.754283 1.544552 4.383178
-10.715264 -1.698145 4.392246
-0.037802 3.172008 7.471599
-0.037744 3.110681 8.942044
3.093196 1.183515 8.891638
0.888588 -11.735887 5.081916
1.060594 -11.737367 5.337296
0.346757 -6.489123 7.325005
-0.041968 -7.656084 7.291384
0.003004 -6.302289 7.448110
-0.041968 -7.656084 7.291384
1.398536 -7.606348 7.317505
1.753094 -7.348034 7.246578
1.220070 -9.668964 7.279306
2.044624 -9.972359 7.304605
-5.191068 -0.081985 1.621174
1.946058 -10.005215 4.712981
2.072392 -10.841229 4.689976
1.646317 -10.156451 7.314913
1.959295 -10.458952 7.248488
1.849462 -10.986896 4.539133
2.306387 -10.002741 4.691376
2.084889 -9.998198 4.481844
-3.910981 6.393808 2.391998
-3.787066 6.171069 2.063970
1.070322 -11.201280 7.252624
1.072515 -10.000649 4.726751
0.961920 -9.995986 4.401313
1.114171 -11.457074 4.569480
0.961920 -9.995986 4.401313
0.642331 -11.227403 7.251938
-3.475159 5.608673 3.155913
-3.636057 5.898894 3.350640
1.195422 -11.324101 4.396899
1.315402 -11.439117 4.713534
1.275368 -10.002956 4.729561
2.555763 -8.255877 7.413487
2.555763 -8.255877 7.413487
2.418086 -8.862405 7.242001
1.548538 -11.320313 4.719141
1.517102 -9.971678 4.658975
2.418086 -8.862405 7.242001
-10.556466 -4.287818 5.121195
-3.262619 -9.218169 7.531084
3.098724 -2.021497 8.499076
4.277437 7.038583 1.648685
4.239809 6.975219 1.276910
-2.620693 -7.063735 7.547392
-3.112208 -8.090329 7.528114
4.394453 -0.807493 7.476391
4.298001 -2.315669 7.486449
-4.536492 7.519418 0.582584
3.716936 -0.001511 8.846984
3.702587 -2.621228 8.873764
2.572880 -10.438720 5.674414
2.662274 -10.277334 5.618640
0.003590 -5.918395 6.959175
-2.972982 -9.916623 6.959175
10.669376 -6.800166 5.676145
-2.610097 -10.988164 6.407209
-1.396597 -11.819382 6.970021
1.283512 -9.747622 5.942183
-9.752554 -4.788354 4.428926
0.004246 -12.156815 6.968288
0.006495 -5.852256 6.448910
1.203889 -9.748308 5.607780
1.124928 -11.754016 5.706018
1.124928 -11.754016 5.706018
1.551431 -11.480835 5.944040
1.704781 -4.936632 8.840921
1.576669 -9.734309 5.921131
1.609738 -11.469472 5.713256
1.824992 -11.298579 5.925719
1.711032 -9.732946 5.921327
-2.860594 -10.688194 7.552122
1.687778 -9.738085 5.609251
-1.724368 -6.398973 6.462461
-0.720527 -5.969643 6.460894
1.870698 -9.747027 5.633866
1.861294 -11.296444 5.744532
1.861294 -11.296444 5.744532
1.870698 -9.747027 5.633866
-1.145077 -12.132617 7.535720
2.092620 -11.067671 5.682843
-3.262619 -9.218169 7.531084
-0.038675 -4.510955 8.592382
2.097326 -9.753890 5.669374
2.317761 -5.089921 8.955310
-0.000540 -12.273785 7.566176
2.528743 -10.489376 5.927072
2.468962 -9.717101 5.892236
-0.033155 -5.809554 8.979028
-0.000540 -12.273785 7.566176
0.007657 -11.870937 7.511235
2.777819 -9.753953 5.915508
-9.312982 -6.412362 4.082101
2.572880 -10.438720 5.674414
2.572880 -9.753957 5.674414
10.723325 -1.701132 4.391715
2.317761 -5.089921 8.955310
-0.049332 -12.230229 5.432509
-0.033155 -5.809554 8.979028
-1.555666 -11.396977 7.525453
-2.149468 -10.628103 7.396038
10.723325 -1.701132 4.391715
9.609202 -5.098652 4.419315
-7.800948 8.453232 5.811172
-2.213851 -10.003842 7.255141
-2.717630 -9.840044 7.522514
-0.035023 -5.330413 8.887328
10.729758 1.541259 4.386833
-2.685803 -8.723780 7.455241
-2.601368 -7.902374 7.516314
-2.685803 -8.723780 7.455241
10.729758 1.541259 4.386833
8.994247 6.034294 4.364694
-1.319706 10.721381 4.342492
-0.310945 11.743208 4.733303
-1.889832 -7.304034 7.329710
-1.270406 -6.488045 7.525101
-4.295979 7.078523 1.262504
-0.251909 -6.619236 7.244477
-1.488563 -7.605608 6.673288
0.011547 -6.960737 6.675343
-4.274869 7.041583 1.650213
-4.113213 6.033052 2.202940
-1.645377 -10.582453 7.167997
-1.648475 -10.260527 6.674352
-1.633708 -10.243102 7.147710
-0.917745 -10.860020 7.137494
3.505685 6.372950 2.203434
3.865182 6.314514 2.591876
-1.547395 -10.007284 5.343724
-1.602987 -11.389595 5.189924
-6.937741 5.369674 0.952852
-8.434005 6.192672 0.317107
-5.824187 4.552750 2.089656
-5.584002 4.293719 2.419672
3.865182 6.314514 2.591876
3.505685 6.372950 2.203434
-5.726925 3.554282 2.622435
-5.357747 4.091604 2.775934
7.677292 8.203077 5.118466
9.500256 6.010304 5.115658
0.003004 -6.302289 7.448110
-3.870329 6.314115 2.587432
-4.113213 6.033052 2.202940
-1.036825 -8.039775 6.694592
-1.135601 -8.177468 6.694137
-1.300414 -8.462961 6.694201
-6.656855 1.447018 2.114528
-6.458349 1.855304 2.679183
-10.181151 -9.232810 4.783423
-1.414187 -9.108111 6.694140
-1.356929 -9.432765 6.694201
-1.648475 -10.260527 6.674352
-3.870329 6.314115 2.587432
0.003615 -11.096010 6.669893
-6.443628 1.527262 2.628413
-6.656855 1.447018 2.114528
-5.357747 4.091604 2.775934
-1.920272 -10.001579 5.014701
-2.022175 -10.003632 5.347745
0.003620 -7.591143 6.694336
-2.156548 -10.854929 5.014580
-2.155473 -10.005244 5.013477
-0.041968 -7.656084 7.291384
0.003004 -6.302289 7.448110
-0.952155 -11.752477 5.301690
-1.092155 -9.991535 5.317471
-1.120030 -11.677943 5.283668
-0.965580 -11.666770 5.007689
-0.887402 -9.978495 5.122779
3.848130 9.198827 4.257672
-2.213851 -10.003842 7.255141
-1.949874 -10.456423 7.260335
-1.795846 -9.883576 7.317667
-9.916737 5.095568 5.910078
-1.161855 -9.755070 7.281809
-4.238045 6.976027 1.276937
-4.390086 6.667300 1.227841
-0.571484 -11.379190 7.254522
-0.419876 -10.333273 7.281388
-0.822256 -10.839329 7.318152
-1.953686 -9.980747 4.684210
-2.027440 -10.912845 4.724489
-4.128505 -2.827200 1.583578
-0.419876 -10.333273 7.281388
-2.027440 -10.912845 4.724489
-1.922266 -10.800767 4.394398
4.298531 7.077842 1.264364
-2.258960 -10.004760 4.729784
-2.160678 -10.002839 4.404515
4.145761 6.818359 0.752244
-4.238045 6.976027 1.276937
-2.160678 -10.002839 4.404515
-2.258960 -10.004760 4.729784
-1.358766 -8.832022 7.285354
-2.414936 -8.862774 7.248001
-0.998721 -10.002380 4.714400
-0.893718 -11.496561 4.469416
-1.358766 -8.832022 7.285354
-2.685803 -8.723780 7.455241
-5.335218 4.260228 2.201590
-1.366543 -9.991572 4.469849
-1.412053 -11.354765 4.652796
-9.727292 3.454793 0.122962
-9.984760 2.445695 0.181041
-2.963228 -3.077861 2.623062
-1.777727 -11.163608 4.725676
1.044996 -10.013501 6.695470
1.142265 -9.872433 7.161080
1.142765 -9.873527 6.694201
1.364109 -9.432765 6.694201
-1.808602 -10.000202 4.713962
-0.606659 10.432960 6.604755
-1.394058 11.583209 5.215319
1.307091 -9.587924 7.161033
-5.854745 -3.210258 2.605607
1.421367 -9.108112 6.694134
-10.110517 2.476025 0.382602
1.307790 -8.463257 7.159584
-3.857408 -1.684129 2.586246
-6.458349 1.855304 2.679183
-6.443628 1.527262 2.628413
-5.357747 4.091604 2.775934
1.307595 -8.462961 6.694201
1.142780 -8.177468 6.694136
-6.656855 1.447018 2.114528
0.114103 -7.599615 7.132472
0.003620 -7.591143 6.694336
-1.036825 -8.039775 6.694592
-1.135601 -8.177468 6.694137
-1.300414 -8.462961 6.694201
-1.356927 -8.618228 6.694201
-1.414051 -9.108131 7.159238
-1.300414 -9.588030 6.694201
-1.356583 -9.432416 7.159136
-1.135603 -9.873529 6.694140
-1.036035 -10.013052 7.166620
0.003732 -10.460454 6.694510
0.107060 -10.470416 7.148335
-1.426829 -1.172280 2.087002
-2.568134 -10.439482 5.741257
-2.652786 -10.254238 5.906750
-0.005579 2.046286 2.042356
-1.006132 1.397663 2.083258
-1.299662 -9.587773 7.158309
-1.800828 0.001421 2.078702
-10.556466 -4.287818 5.121195
-1.135585 -9.873353 7.158914
-1.345102 -9.743172 5.910211
-1.133208 -9.733999 5.660964
3.981600 10.046476 4.404908
-1.198086 -11.731878 5.620867
-1.335270 -11.624632 5.936767
-1.378508 -9.743752 5.651167
-1.579858 -9.745779 5.923944
-1.619066 -11.466285 5.670630
-1.821599 -11.298039 5.926660
-1.821599 -11.298039 5.926660
-1.762405 -9.740819 5.943499
-5.130198 -4.298028 2.603822
-1.726732 1.468037 2.252372
-2.248014 0.525124 2.263261
-2.029698 -11.105474 5.945289
-2.034268 -1.295331 3.224742
-1.948032 -9.737321 5.612700
-1.879211 -11.290304 5.639646
0.107060 -10.470416 7.148335
-4.154542 6.809111 0.753439
-2.307403 -10.808071 5.920818
-2.197619 0.782775 3.225689
-2.126801 -11.036538 5.627945
0.010524 12.151660 5.556803
-0.509021 11.711257 5.943717
-1.662879 11.007967 5.079436
-2.566941 -10.447527 5.848933
-2.418539 -9.753037 5.620615
1.285646 -1.332198 2.093665
1.252131 -0.813734 2.466941
1.794749 -0.000390 2.065037
9.601994 -8.578167 5.510463
10.116547 -9.552334 5.699140
-2.568134 -10.439482 5.741257
0.821691 1.506725 2.092554
-0.005579 2.046286 2.042356
2.116979 -1.050677 2.257762
1.452049 -1.907077 2.250248
-2.652786 -9.753955 5.906750
-4.295979 7.078523 1.262504
10.116547 -9.552334 5.699140
0.832537 2.061661 2.270105
1.720227 1.467883 2.254639
1.142515 -8.177599 7.164236
7.482893 -2.190173 2.846096
6.474957 -3.804886 2.578521
-3.503110 6.378174 2.208913
4.387444 6.431405 2.807802
5.840188 4.618824 2.569788
10.392890 -0.443531 4.321220
-0.310945 11.743208 4.733303
0.284793 11.751001 4.732832
-0.430491 9.894932 2.057344
-0.436752 6.240238 2.377285
0.013533 6.723391 2.192139
-3.503110 6.378174 2.208913
-3.870329 6.314115 2.587432
8.911654 -5.366510 4.886961
5.630138 -3.487112 2.397855
2.116979 -1.050677 2.257762
1.452049 -1.907077 2.250248
9.322086 -4.769227 4.469584
7.253999 -1.282044 2.539791
6.322212 -1.114055 2.384354
3.776681 5.116090 2.407097
5.047912 4.026921 2.373428
-0.004020 2.255901 3.221559
-0.005579 2.046286 2.042356
0.257435 12.051887 1.437770
-0.284711 11.769433 2.255494
2.908504 5.681504 2.407962
6.173815 -1.987210 2.364154
0.053980 -11.135005 6.694173
0.019673 -10.225707 7.045569
0.057497 -11.137215 7.034385
0.053980 -11.135005 6.694173
2.169357 5.973973 2.426755
10.166813 2.460205 4.338832
7.140100 5.455403 3.475505
-0.651281 -11.030961 7.035600
-0.652590 -11.033075 6.695221
-0.472076 -10.125818 7.034876
-0.890742 -10.943617 6.865252
-0.471639 -10.126514 6.695254
-0.652590 -11.033075 6.695221
-8.158116 -6.318446 6.859700
6.287105 -1.115221 2.615175
-1.303697 -10.697387 7.035900
-1.415274 -10.606352 6.694740
6.145278 -1.951291 2.612981
-6.150685 -10.840197 5.836703
-1.076098 -5.502802 1.632344
-3.966067 6.481980 1.227027
-4.238045 6.976027 1.276937
-3.723291 6.046968 2.237827
-3.966067 6.481980 1.227027
-1.841835 -10.041112 6.690566
-0.953217 -9.735204 6.985534
8.443942 6.299975 4.320236
8.039713 6.669292 4.541550
-1.841835 -10.041112 6.690566
-0.953217 -9.735204 6.985534
-6.780913 -11.918832 6.191759
-11.096811 -8.651812 4.304514
-1.192058 -9.162038 7.035305
-2.103117 -9.211813 6.871795
-7.410706 -11.713022 5.851254
-2.103117 -9.211813 6.871795
-2.039485 -9.572683 6.865023
6.724405 -1.192744 2.670744
-5.773873 -11.373610 5.106815
-4.896869 -10.782359 4.721142
4.360812 6.306335 3.024656
4.360812 6.306335 3.024656
3.693511 6.753534 3.031825
-2.062621 -8.609103 6.694865
-2.060313 -8.607193 7.038906
-1.139575 -8.638888 6.868551
-4.242598 -9.416765 3.918999
-2.060313 -8.607193 7.038906
-2.062621 -8.609103 6.694865
5.415879 4.247336 2.661801
-1.728665 -7.812335 6.865067
-0.997421 -8.366010 7.034878
-0.998078 -8.366545 6.695547
-1.126325 -8.585793 6.865050
-0.711158 -8.070056 6.692299
-0.817034 -8.155710 7.034345
5.001600 3.976382 2.605199
6.300779 1.433535 2.427883
7.288163 1.613711 2.568643
-5.773873 -11.373610 5.106815
-3.870329 6.314115 2.587432
-7.337360 -11.738775 5.281570
-9.088830 -7.654299 4.349794
1.039450 -10.007773 7.173892
1.142265 -9.872433 7.161080
-10.181151 -9.232810 4.783423
7.399092 -1.793801 2.393705
7.151875 -1.734032 2.062785
-0.332348 -7.882582 7.035057
-0.718707 -7.047432 7.048866
-0.000435 -5.994285 7.409265
-1.335443 -5.708410 8.023526
-0.000434 -5.509740 8.156176
7.399092 -1.793801 2.393705
7.151875 -1.734032 2.062785
-0.332348 -7.882582 7.035057
-0.473153 -7.932342 6.700201
3.962977 6.484447 1.230249
-0.045503 -6.915841 6.693773
-0.012496 -7.825301 7.045568
-0.000448 -4.960375 8.053662
10.158462 1.920714 4.534349
-1.676205 -5.155239 8.336354
-2.474274 -6.624298 2.685173
-3.620960 -8.101452 2.725296
6.145278 -1.951291 2.612981
6.287105 -1.115221 2.615175
3.198244 6.021961 2.660164
3.693511 6.753534 3.031825
0.588045 -7.959881 6.862446
0.656867 -7.021008 7.035904
-5.829009 4.606672 2.573235
-4.460958 6.418058 2.837452
-10.377769 -0.437106 4.310270
0.657194 -7.021126 6.695369
0.588045 -7.959881 6.862446
-6.470887 -3.790007 2.589242
-5.270363 -4.101805 2.786773
-8.925056 -5.291051 4.775543
-3.772411 5.085239 2.409115
0.770327 -8.112447 7.048552
0.767496 -8.104537 6.679648
-5.006005 3.917471 2.529624
-4.242598 -9.416765 3.918999
-0.012207 -5.626742 1.588112
3.737560 6.078690 1.986006
-6.168518 -1.987504 2.347737
4.239809 6.975219 1.276910
4.277437 7.038583 1.648685
0.956175 -8.278142 6.889616
1.087787 -8.501630 6.713508
-5.299239 -7.032697 3.413542
-4.288610 -8.427231 3.605515
4.239809 6.975219 1.276910
4.332758 6.582472 1.200437
-9.708145 -3.560111 4.356423
-2.450632 -8.397086 4.133281
1.803458 -7.904156 6.694164
1.087787 -8.501630 6.713508
-0.403754 12.417750 9.138816
2.116992 -8.842330 6.875135
1.188729 -8.892578 6.700473
-0.428163 1.554837 9.249358
-0.201317 -6.055146 1.918861
-6.147193 -1.951066 2.614654
-6.253635 -1.146433 2.574743
-7.250543 -1.270723 2.572216
-8.358047 6.181632 4.517752
-8.439881 6.296208 4.326976
-6.544924 -2.031992 2.685317
2.072930 -9.443420 7.037520
1.211351 -9.053672 6.869950
-6.147193 -1.951066 2.614654
-0.001973 -6.494875 2.201432
2.071043 -9.445992 6.696266
1.211351 -9.053672 6.869950
-8.439881 6.296208 4.326976
-5.829009 4.606672 2.573235
-10.164212 2.500779 4.341757
-6.263269 1.456038 2.572347
1.856610 -10.029423 6.694387
1.017473 -9.669051 6.698670
-10.294235 0.183184 4.538282
8.418298 6.185614 0.343703
-10.149367 1.921237 4.537615
7.187196 1.628579 2.016607
6.573208 1.579861 2.718773
6.063784 2.922904 2.559784
5.726840 3.554256 2.622355
1.228685 -10.751477 6.889602
0.713392 -9.981967 6.693877
9.351773 4.421316 0.021822
9.995606 2.448491 0.108986
8.580588 2.012752 1.071190
-0.002892 -6.718166 2.613451
7.057511 1.581138 1.814695
0.713392 -9.981967 6.693877
1.228685 -10.751477 6.889602
0.460957 -10.134235 7.034603
0.459630 -10.136861 6.695293
0.742545 -11.005167 7.045727
-1.133810 -6.829861 3.840475
-0.000323 -6.442604 4.502157
7.115721 -2.090487 2.209011
-7.250543 -1.270723 2.572216
3.575327 3.022164 4.405766
3.575327 3.022164 2.606103
-7.665664 -1.455271 2.863075
0.008779 -10.904492 3.933244
0.049313 -10.092452 4.244453
-0.049681 -10.901642 4.245448
0.008779 -10.904492 3.933244
-2.697769 -9.473718 4.783923
-0.004382 4.087299 2.536520
3.737560 6.078690 1.986006
4.117936 6.034631 2.207754
5.688478 4.478220 1.873803
8.312190 6.158558 0.035068
10.099134 2.486417 0.369525
9.995606 2.448491 0.108986
-2.963228 -3.077861 2.623062
-1.905276 -7.468500 4.479653
-0.030820 -4.342244 2.605948
0.767749 -0.927977 8.162774
0.662612 -1.871501 8.166965
-0.769660 1.686449 2.331527
-1.926494 3.847494 2.322791
-0.771382 1.686241 2.688770
-1.729418 3.940875 2.511302
6.573208 1.579861 2.718773
5.867012 2.830962 2.521837
8.312190 6.158558 0.035068
7.025509 5.361532 1.058893
-3.244346 -11.671286 5.207474
-1.928568 3.850839 2.699660
-1.015971 1.578820 2.510342
-0.587242 -10.809583 4.244638
-0.417051 -10.001804 4.243718
1.967234 3.824285 2.338700
1.713991 3.945362 2.505198
-1.251039 -10.422367 3.942661
-1.250482 -10.422027 4.244422
0.160559 -0.442867 8.162297
-0.032802 -0.882492 8.164454
0.892705 1.626838 2.684258
0.658828 1.747044 2.511285
4.295067 0.709795 2.506036
4.242759 0.977899 2.334392
-0.633291 -9.882194 4.244418
0.056942 -0.594477 2.367063
-0.285234 -0.471802 2.330653
-1.072533 -10.567698 4.094202
0.379398 -0.435174 2.369462
0.519854 -0.104265 2.366492
0.282909 -0.671439 2.163790
0.626610 0.101052 2.158742
0.379398 -0.435174 2.369462
-1.645400 -9.915968 4.244723
-0.897708 -9.598643 4.244134
4.243288 0.978125 2.680727
1.441420 -1.330717 2.335642
-0.896004 -9.599525 3.943679
3.368975 -2.862354 2.684567
0.003478 0.412943 2.326771
0.003478 0.412943 2.326771
-0.425312 0.238368 2.368899
4.451624 7.356830 0.036622
4.536643 7.520015 0.584125
-0.897708 -9.598643 4.244134
-0.837955 -1.696458 8.164251
1.487245 -1.272530 2.697539
1.618070 -1.121200 2.506375
0.626610 0.101052 2.158742
-0.468567 -1.313904 8.168335
0.239930 -1.639107 8.162323
-0.002588 -3.247257 9.321739
-1.603572 -1.117355 2.479938
-1.365341 -1.407124 2.479406
-3.392509 -2.835318 2.326838
-3.471272 -2.730483 2.679768
8.052534 -1.941927 1.275341
7.700997 -2.142806 1.200889
-3.471272 -2.730483 2.679768
-1.854061 -9.289889 4.244077
-1.077393 -9.047822 4.094215
-3.300541 -2.943979 2.517284
7.013793 -1.704906 2.236759
7.500882 -1.814456 1.224620
-2.232598 -16.506934 7.185936
-1.756697 -14.520947 6.593581
-0.233645 -2.181346 8.163276
-2.751575 -16.184079 6.393235
-1.864244 0.420648 2.333205
0.185984 -3.031254 8.984066
-4.227912 1.083981 2.512216
-1.859172 0.418796 2.681946
-1.859172 0.418796 2.681946
-4.286316 0.827275 2.681946
-1.035908 -9.271784 4.243887
-1.077393 -9.047822 4.094215
-0.095808 -2.001291 2.344020
-0.121036 -4.455650 2.650955
-1.848135 -8.705235 3.933161
-1.055223 -8.885106 4.244754
-1.835147 -8.648188 4.245959
-1.848135 -8.705235 3.933161
-1.426483 -6.187809 8.535599
-1.055223 -8.885106 4.244754
-1.053367 -8.889573 3.943806
-2.192977 -16.071410 6.090081
-3.344589 -14.043120 5.717314
-2.524593 1.798570 2.429754
-2.484585 2.297495 2.424668
3.575327 3.022165 4.405766
4.604866 1.010042 4.405769
-3.053010 -0.881124 2.443253
-3.278482 -1.110257 2.186873
-1.590057 -8.032545 3.942661
-1.589708 -8.032898 4.244585
-0.950931 -8.547259 3.942595
-1.702168 -8.233577 4.094202
-3.278482 -1.110257 2.186873
-3.411618 -0.539291 2.437072
-1.589708 -8.032898 4.244585
-1.702168 -8.233577 4.094202
-0.821199 -1.303575 2.205574
0.184629 -1.546364 2.182209
-1.757992 -3.023600 2.438561
-1.258984 -2.952045 2.423599
-0.628161 -7.246459 3.937690
-0.402313 -8.033939 4.246819
-2.134240 -18.636790 6.218061
7.013793 -1.704906 2.236759
7.942626 -1.597448 1.354759
-1.710637 -18.684639 6.543066
-1.919135 -19.041577 6.520957
3.091445 -0.664103 2.440170
3.593368 -0.687182 2.210105
-0.402313 -8.033939 4.246819
-0.405550 -8.039551 3.943442
-0.001769 -7.146406 3.933238
-0.041456 -7.958512 4.244644
0.056204 -7.149111 4.245693
-0.001769 -7.146406 3.933238
-1.516507 0.010020 2.205911
7.313192 -1.775209 2.587030
8.123847 -1.961455 1.650808
7.266514 -1.407541 2.204956
-3.205424 -13.523499 7.284976
8.052534 -1.941927 1.275341
7.500882 -1.814456 1.224620
1.397491 -0.642225 2.210081
-3.228723 -14.612673 6.240929
-1.758268 -11.699831 7.079029
1.258038 -7.628535 3.942661
1.257625 -7.628807 4.244586
0.818264 -8.314335 4.094204
-0.690914 1.273005 2.194130
0.640159 -8.168561 3.942595
2.384203 1.963019 2.209280
2.698553 2.351277 2.210298
-0.271326 3.457844 2.194245
0.640284 -8.168712 4.244419
0.818264 -8.314335 4.094204
-0.112854 3.616331 2.445825
0.291540 3.348362 2.443359
0.282909 -0.671439 2.163790
-0.114101 3.080033 2.444148
-3.228723 -14.612673 6.240929
-5.076228 -12.980000 5.908461
-7.129840 -12.398978 5.772247
3.910981 6.393808 2.391998
1.848219 -8.690021 3.932460
1.857216 -8.751734 4.244676
1.044306 -8.792772 3.943798
-2.461411 -11.064283 7.019122
3.787067 6.171069 2.063970
0.112292 3.617973 2.191597
0.112447 3.078537 2.189771
5.027187 3.951937 4.536354
5.785923 4.529627 4.536374
3.575327 3.022165 4.536331
3.575327 3.022165 2.606103
1.839863 -9.413804 4.244536
1.026833 -9.374824 4.094230
1.839863 -9.413804 4.244536
1.026833 -9.374824 4.094230
7.185268 1.633832 4.535035
-2.601213 -19.249945 6.824838
-1.919135 -19.041577 6.520957
10.046097 2.472381 4.536170
1.622776 -9.972682 3.931755
0.893473 -9.609703 4.243787
-5.028056 3.951937 4.536354
-3.576196 3.022165 4.536331
1.656432 -9.916517 4.244708
0.893473 -9.609703 4.243787
-6.289455 1.429654 2.606483
-7.187510 1.634135 2.794098
1.215336 -10.456163 3.932155
0.724459 -9.813453 4.244135
1.166794 -10.494628 4.244575
1.215336 -10.456163 3.932155
-4.605735 1.010041 4.534688
-4.605735 1.010041 2.612561
-4.605735 1.010042 2.624387
-3.576196 3.022165 2.624387
0.549384 -10.826861 3.972457
0.413261 -10.011195 4.243432
0.657310 -10.783568 4.252307
0.413261 -10.011195 4.243432
880 883
27 77
934 943
29 43
235 260
552 553
899 900
858 859
645 666
544 615
290 453
430 431
160 218
331 714
24 25
8 12
937 938
542 543
281 302
897 898
295 296
5 36
438 439
536 548
130 139
854 876
941 943
1009 1069
1108 1111
453 624
533 792
1010 1074
580 581
435 482
933 1096
155 168
299 303
37 44
358 377
490 491
554 741
1030 1052
92 165
125 137
10 38
251 264
981 983
1021 1022
1015 1016
1017 1018
68 687
525 529
537 539
223 285
236 261
948 949
955 956
946 947
309 364
242 243
260 322
954 1031
321 322
738 842
1126 1127
1034 1035
323 369
237 240
107 110
923 942
129 152
1090 1091
379 380
845 872
109 110
704 710
39 774
912 913
154 169
877 922
329 330
115 122
499 505
904 912
9 14
503 504
45 228
436 437
365 385
653 654
823 826
297 298
161 204
1102 1103
1124 1125
59 60
328 330
34 35
593 595
313 314
952 953
48 52
572 573
926 927
719 723
737 767
507 547
844 922
341 342
606 607
509 511
914 916
506 508
0 1
903 905
206 207
1114 1115
214 215
136 157
800 807
841 843
332 345
609 610
210 211
607 608
20 133
753 754
646 660
1012 1073
93 94
405 424
420 423
560 561
249 250
162 163
820 822
65 72
392 393
280 295
510 513
294 300
497 498
853 860
407 408
698 699
705 706
516 517
518 519
501 538
26 28
779 795
307 310
305 306
512 522
105 106
637 638
291 292
353 355
373 375
1047 1072
487 488
1065 1078
262 263
184 185
41 42
339 340
6 7
101 102
1046 1065
466 467
123 124
265 266
440 441
396 399
319 320
208 209
950 951
337 338
138 165
145 154
472 473
285 286
135 142
733 760
570 571
428 432
642 643
248 253
447 448
604 605
335 336
116 161
477 478
348 358
82 83
219 220
11 14
639 640
442 490
274 275
376 429
521 524
656 700
186 187
288 289
1053 1054
381 382
177 180
495 497
857 858
1066 1067
326 327
680 686
677 679
445 446
96 99
71 72
51 62
271 272
343 347
315 317
273 287
755 756
555 654
103 104
282 288
683 684
113 117
258 259
97 98
480 500
647 652
520 526
4 41
234 239
485 486
481 486
301 308
585 601
426 427
1007 1008
783 784
799 800
367 374
546 551
114 729
720 721
1054 1068
514 515
725 726
748 749
644 658
66 67
701 702
852 863
780 865
730 731
415 416
635 636
619 620
80 81
150 178
556 557
244 245
707 824
864 873
95 100
61 83
757 758
818 819
233 245
886 887
108 496
333 334
785 786
789 790
241 242
540 541
920 921
839 840
761 762
15 16
895 896
63 64
891 892
221 222
751 752
421 422
848 849
850 851
127 128
855 856
1100 1101
944 945
910 911
917 918
881 882
411 412
1118 1119
806 808
622 623
770 771
906 907
811 812
878 879
17 18
793 794
360 361
772 773
40 590
57 58
734 747
829 830
126 131
901 902
362 378
368 370
831 833
838 866
254 255
451 452
344 352
1050 1051
2 3
1112 1113
523 547
1023 1024
1061 1062
167 190
611 691
929 930
1128 1129
724 730
1094 1095
1120 1121
164 170
602 603
822 1091
846 847
84 85
454 455
993 1087
489 558
746 750
87 151
143 144
1040 1041
549 550
969 972
1104 1105
1106 1107
1004 1005
957 958
1116 1117
403 425
978 979
1130 1131
118 119
802 803
759 765
712 713
1031 1089
994 995
564 567
409 414
527 528
1109 1110
990 1011
277 279
715 716
21 22
791 795
588 589
62 86
908 909
976 984
722 727
832 1027
19 30
199 200
742 743
534 535
578 579
146 147
356 357
387 388
614 616
621 625
474 476
475 479
541 545
717 718
90 91
1042 1043
31 32
201 205
382 386
384 389
303 304
238 246
641 663
166 172
739 740
628 631
708 728
787 788
111 112
987 988
766 842
865 884
1070 1071
140 141
781 782
350 351
311 312
596 597
397 400
884 894
366 368
195 196
1057 1058
1098 1099
925 928
352 354
401 406
563 594
583 584
568 569
576 577
735 821
744 745
612 613
73 76
359 363
494 502
88 89
293 294
1048 1049
1032 1033
1080 1081
810 817
78 79
283 284
1086 1088
574 575
963 964
565 566
276 278
894 915
575 598
678 679
985 986
257 267
159 179
23 33
49 50
132 134
231 232
559 582
404 405
667 668
193 194
775 798
449 450
996 1014
935 936
456 457
316 318
324 325
383 386
463 468
120 121
346 349
827 828
834 835
461 462
1092 1097
1055 1056
709 711
890 893
1001 1002
1036 1037
874 875
181 182
530 531
398 413
924 1007
158 183
188 189
703 706
469 470
562 632
483 484
868 869
999 1000
997 998
224 225
776 777
861 862
815 816
696 697
53 54
836 837
796 797
970 971
626 627
394 402
692 693
973 974
202 203
471 472
216 217
171 173
46 47
173 174
1013 1016
599 600
617 618
968 980
804 805
808 809
464 465
395 396
229 230
13 17
74 75
768 769
763 764
629 630
633 634
919 920
226 227
694 695
1082 1085
410 417
661 662
390 392
659 732
591 592
651 657
674 676
664 665
586 587
685 688
673 675
649 655
975 977
689 690
959 960
55 56
967 968
1122 1123
1093 1094
1025 1026
69 70
1003 1006
1063 1064
418 419
931 932
212 213
532 535
965 966
870 871
443 444
455 458
813 814
459 460
1059 1060
1075 1076
1038 1039
961 962
1028 1029
982 989
148 156
149 153
247 256
252 268
269 270
939 940
391 393
991 992
1077 1079
1044 1045
1083 1084
1019 1020
867 885
681 682
760 778
736 801
888 889
175 176
191 192
197 198
371 372
492 493
433 434
648 650
824 825
669 670
671 672
