18390422090809211893 2096 1900
-0.092681 -0.105317 -0.000411
-0.133227 -0.070646 -0.000411
-0.089809 -0.101958 0.000454
-0.130355 -0.067287 0.000454
-0.073688 -0.114978 -0.001005
-0.076939 -0.118779 -0.001984
-0.075819 -0.113156 -0.001005
-0.079070 -0.116957 -0.001984
-0.087376 -0.099113 0.002914
-0.127922 -0.064442 0.002914
-0.070928 -0.111750 0.001788
-0.073059 -0.109928 0.001788
-0.126298 -0.062543 0.006592
-0.085753 -0.097215 0.006592
-0.069080 -0.109589 0.005976
-0.071211 -0.107767 0.005976
-0.125729 -0.061877 0.010925
-0.085183 -0.096549 0.010925
-0.068430 -0.108829 0.010925
-0.070561 -0.107007 0.010925
-0.085753 -0.097215 0.015258
-0.126298 -0.062543 0.015258
-0.069080 -0.109589 0.015874
-0.071211 -0.107767 0.015874
-0.087376 -0.099113 0.018936
-0.127922 -0.064442 0.018936
-0.070928 -0.111750 0.020062
-0.073059 -0.109928 0.020062
-0.130355 -0.067287 0.021396
-0.089809 -0.101958 0.021396
-0.075819 -0.113156 0.022855
-0.073688 -0.114978 0.022855
-0.133227 -0.070646 0.022261
-0.092681 -0.105317 0.022261
-0.076939 -0.118779 0.023834
-0.079070 -0.116957 0.023834
-0.095554 -0.108677 0.021396
-0.136100 -0.074005 0.021396
-0.082320 -0.120758 0.022855
-0.080189 -0.122581 0.022855
-0.095554 -0.108677 0.021396
-0.136100 -0.074005 0.021396
-0.097987 -0.111522 0.018936
-0.138533 -0.076850 0.018936
-0.080189 -0.122581 0.022855
-0.085080 -0.123986 0.020062
-0.082949 -0.125808 0.020062
-0.082320 -0.120758 0.022855
-0.099610 -0.113420 0.015258
-0.140156 -0.078749 0.015258
-0.084798 -0.127970 0.015874
-0.086928 -0.126147 0.015874
-0.100180 -0.114086 0.010925
-0.140726 -0.079415 0.010925
-0.085448 -0.128730 0.010925
-0.087579 -0.126908 0.010925
-0.140156 -0.078749 0.006592
-0.099610 -0.113420 0.006592
-0.086928 -0.126147 0.005976
-0.084798 -0.127970 0.005976
-0.138533 -0.076850 0.002914
-0.097987 -0.111522 0.002914
-0.085080 -0.123986 0.001788
-0.082949 -0.125808 0.001788
-0.136100 -0.074005 0.000454
-0.095554 -0.108677 0.000454
-0.080189 -0.122581 -0.001005
-0.082320 -0.120758 -0.001005
-0.079049 -0.116975 -0.001475
-0.082320 -0.120758 -0.001005
-0.082183 -0.120640 -0.000531
-0.079070 -0.116957 -0.001984
-0.075819 -0.113156 -0.001005
-0.075915 -0.113310 -0.000531
-0.073059 -0.109928 0.001788
-0.073258 -0.110204 0.002157
-0.071211 -0.107767 0.005976
-0.071483 -0.108128 0.006180
-0.070561 -0.107007 0.010925
-0.070860 -0.107399 0.010925
-0.071483 -0.108128 0.015670
-0.071211 -0.107767 0.015874
-0.073258 -0.110204 0.019693
-0.073059 -0.109928 0.020062
-0.075915 -0.113310 0.022381
-0.075819 -0.113156 0.022855
-0.079049 -0.116975 0.023325
-0.079070 -0.116957 0.023834
-0.082320 -0.120758 0.022855
-0.082183 -0.120640 0.022381
-0.085080 -0.123986 0.020062
-0.084839 -0.123746 0.019693
-0.086614 -0.125822 0.015670
-0.086928 -0.126147 0.015874
-0.087579 -0.126908 0.010925
-0.087238 -0.126551 0.010925
-0.086614 -0.125822 0.006180
-0.086928 -0.126147 0.005976
-0.084839 -0.123746 0.002157
-0.085080 -0.123986 0.001788
-0.076939 -0.118779 -0.001984
-0.073688 -0.114978 -0.001005
-0.080189 -0.122581 -0.001005
-0.082949 -0.125808 0.001788
-0.084798 -0.127970 0.005976
-0.085448 -0.128730 0.010925
-0.084798 -0.127970 0.015874
-0.082949 -0.125808 0.020062
-0.080189 -0.122581 0.022855
-0.076939 -0.118779 0.023834
-0.073688 -0.114978 0.022855
-0.070928 -0.111750 0.020062
-0.069080 -0.109589 0.015874
-0.068430 -0.108829 0.010925
-0.069080 -0.109589 0.005976
-0.070928 -0.111750 0.001788
-0.073258 -0.110204 0.019693
-0.086891 -0.098546 0.019693
-0.075915 -0.113310 0.022381
-0.089548 -0.101653 0.022381
-0.071483 -0.108128 0.015670
-0.085116 -0.096470 0.015670
-0.070860 -0.107399 0.010925
-0.084493 -0.095741 0.010925
-0.071483 -0.108128 0.006180
-0.085116 -0.096470 0.006180
-0.073258 -0.110204 0.002157
-0.086891 -0.098546 0.002157
-0.075915 -0.113310 -0.000531
-0.089548 -0.101653 -0.000531
-0.092681 -0.105317 -0.001475
-0.079049 -0.116975 -0.001475
-0.082183 -0.120640 -0.000531
-0.095815 -0.108982 -0.000531
-0.098472 -0.112089 0.002157
-0.084839 -0.123746 0.002157
-0.086614 -0.125822 0.006180
-0.100247 -0.114165 0.006180
-0.087238 -0.126551 0.010925
-0.100870 -0.114894 0.010925
-0.100247 -0.114165 0.015670
-0.086614 -0.125822 0.015670
-0.084839 -0.123746 0.019693
-0.098472 -0.112089 0.019693
-0.082183 -0.120640 0.022381
-0.095815 -0.108982 0.022381
-0.079049 -0.116975 0.023325
-0.092681 -0.105317 0.023325
-0.082183 -0.120640 0.022381
-0.095815 -0.108982 0.022381
-0.089548 -0.101653 -0.000531
-0.092681 -0.105317 -0.000411
-0.089809 -0.101958 0.000454
-0.092681 -0.105317 -0.001475
-0.130812 -0.070152 0.006317
-0.132076 -0.071630 0.005936
-0.086891 -0.098546 0.002157
-0.087376 -0.099113 0.002914
-0.129741 -0.068900 0.007399
-0.085116 -0.096470 0.006180
-0.085753 -0.097215 0.006592
-0.129027 -0.068064 0.009018
-0.085183 -0.096549 0.010925
-0.084493 -0.095741 0.010925
-0.128776 -0.067771 0.010925
-0.085753 -0.097215 0.015258
-0.085116 -0.096470 0.015670
-0.129027 -0.068064 0.012832
-0.087376 -0.099113 0.018936
-0.086891 -0.098546 0.019693
-0.129741 -0.068900 0.014451
-0.089809 -0.101958 0.021396
-0.089548 -0.101653 0.022381
-0.130812 -0.070152 0.015533
-0.092681 -0.105317 0.022261
-0.092681 -0.105317 0.023325
-0.132076 -0.071630 0.015914
-0.095815 -0.108982 0.022381
-0.095554 -0.108677 0.021396
-0.133340 -0.073109 0.015533
-0.097987 -0.111522 0.018936
-0.098472 -0.112089 0.019693
-0.134411 -0.074361 0.014451
-0.099610 -0.113420 0.015258
-0.100247 -0.114165 0.015670
-0.135125 -0.075196 0.012832
-0.100870 -0.114894 0.010925
-0.100180 -0.114086 0.010925
-0.135376 -0.075489 0.010925
-0.099610 -0.113420 0.006592
-0.100247 -0.114165 0.006180
-0.135125 -0.075196 0.009018
-0.097987 -0.111522 0.002914
-0.098472 -0.112089 0.002157
-0.134411 -0.074361 0.007399
-0.095554 -0.108677 0.000454
-0.095815 -0.108982 -0.000531
-0.133340 -0.073109 0.006317
-0.130355 -0.067287 0.000454
-0.133227 -0.070646 0.001145
-0.130749 -0.067748 0.001892
-0.133227 -0.070646 -0.000411
-0.127922 -0.064442 0.002914
-0.128650 -0.065294 0.004014
-0.126298 -0.062543 0.006592
-0.127250 -0.063656 0.007187
-0.126759 -0.063081 0.010925
-0.125729 -0.061877 0.010925
-0.127250 -0.063656 0.014663
-0.126298 -0.062543 0.015258
-0.128650 -0.065294 0.017836
-0.127922 -0.064442 0.018936
-0.130749 -0.067748 0.019958
-0.130355 -0.067287 0.021396
-0.133227 -0.070646 0.020705
-0.133227 -0.070646 0.022261
-0.136100 -0.074005 0.021396
-0.135705 -0.073544 0.019958
-0.137804 -0.075998 0.017836
-0.138533 -0.076850 0.018936
-0.139205 -0.077636 0.014663
-0.140156 -0.078749 0.015258
-0.140726 -0.079415 0.010925
-0.139696 -0.078210 0.010925
-0.139205 -0.077636 0.007187
-0.140156 -0.078749 0.006592
-0.137804 -0.075998 0.004014
-0.138533 -0.076850 0.002914
-0.135705 -0.073544 0.001892
-0.136100 -0.074005 0.000454
-0.130812 -0.070152 0.006317
-0.133227 -0.070646 0.001145
-0.132076 -0.071630 0.005936
-0.130749 -0.067748 0.001892
-0.128650 -0.065294 0.004014
-0.129741 -0.068900 0.007399
-0.127250 -0.063656 0.007187
-0.129027 -0.068064 0.009018
-0.126759 -0.063081 0.010925
-0.128776 -0.067771 0.010925
-0.129027 -0.068064 0.012832
-0.127250 -0.063656 0.014663
-0.129741 -0.068900 0.014451
-0.128650 -0.065294 0.017836
-0.130812 -0.070152 0.015533
-0.130749 -0.067748 0.019958
-0.133227 -0.070646 0.020705
-0.132076 -0.071630 0.015914
-0.135705 -0.073544 0.019958
-0.133340 -0.073109 0.015533
-0.134411 -0.074361 0.014451
-0.137804 -0.075998 0.017836
-0.135125 -0.075196 0.012832
-0.139205 -0.077636 0.014663
-0.139696 -0.078210 0.010925
-0.135376 -0.075489 0.010925
-0.135125 -0.075196 0.009018
-0.139205 -0.077636 0.007187
-0.134411 -0.074361 0.007399
-0.137804 -0.075998 0.004014
-0.133340 -0.073109 0.006317
-0.135705 -0.073544 0.001892
0.107101 0.257627 -0.000411
0.056818 0.239261 0.000454
0.105246 0.261639 0.000454
0.058672 0.235249 -0.000411
0.125904 0.266316 -0.001984
0.121260 0.269680 -0.001005
0.123806 0.270856 -0.001005
0.123359 0.265140 -0.001984
0.103676 0.265038 0.002914
0.055248 0.242659 0.002914
0.119479 0.273535 0.001788
0.122024 0.274711 0.001788
0.102628 0.267305 0.006592
0.054200 0.244927 0.006592
0.120831 0.277293 0.005976
0.118286 0.276117 0.005976
0.102261 0.268101 0.010925
0.053833 0.245722 0.010925
0.120412 0.278201 0.010925
0.117867 0.277025 0.010925
0.054200 0.244927 0.015258
0.102628 0.267305 0.015258
0.120831 0.277293 0.015874
0.118286 0.276117 0.015874
0.055248 0.242659 0.018936
0.103676 0.265038 0.018936
0.122024 0.274711 0.020062
0.119479 0.273535 0.020062
0.056818 0.239261 0.021396
0.105246 0.261639 0.021396
0.123806 0.270856 0.022855
0.121260 0.269680 0.022855
0.058672 0.235249 0.022261
0.107101 0.257627 0.022261
0.125904 0.266316 0.023834
0.123359 0.265140 0.023834
0.060526 0.231237 0.021396
0.108955 0.253615 0.021396
0.128002 0.261776 0.022855
0.125457 0.260600 0.022855
0.062097 0.227838 0.018936
0.108955 0.253615 0.021396
0.060526 0.231237 0.021396
0.110525 0.250217 0.018936
0.125457 0.260600 0.022855
0.129783 0.257921 0.020062
0.128002 0.261776 0.022855
0.127238 0.256744 0.020062
0.063144 0.225571 0.015258
0.111573 0.247949 0.015258
0.128431 0.254163 0.015874
0.130976 0.255339 0.015874
0.063512 0.224775 0.010925
0.111940 0.247154 0.010925
0.128850 0.253255 0.010925
0.131396 0.254431 0.010925
0.111573 0.247949 0.006592
0.063144 0.225571 0.006592
0.130976 0.255339 0.005976
0.128431 0.254163 0.005976
0.110525 0.250217 0.002914
0.062097 0.227838 0.002914
0.129783 0.257921 0.001788
0.127238 0.256744 0.001788
0.108955 0.253615 0.000454
0.060526 0.231237 0.000454
0.125457 0.260600 -0.001005
0.128002 0.261776 -0.001005
0.123383 0.265151 -0.001475
0.125457 0.260600 -0.001005
0.125406 0.260774 -0.000531
0.123359 0.265140 -0.001984
0.121260 0.269680 -0.001005
0.121361 0.269528 -0.000531
0.119479 0.273535 0.001788
0.119646 0.273239 0.002157
0.118286 0.276117 0.005976
0.118500 0.275719 0.006180
0.117867 0.277025 0.010925
0.118098 0.276589 0.010925
0.118500 0.275719 0.015670
0.118286 0.276117 0.015874
0.119646 0.273239 0.019693
0.119479 0.273535 0.020062
0.121361 0.269528 0.022381
0.121260 0.269680 0.022855
0.123383 0.265151 0.023325
0.123359 0.265140 0.023834
0.125457 0.260600 0.022855
0.125406 0.260774 0.022381
0.127238 0.256744 0.020062
0.127121 0.257064 0.019693
0.128431 0.254163 0.015874
0.128267 0.254584 0.015670
0.128850 0.253255 0.010925
0.128669 0.253713 0.010925
0.128267 0.254584 0.006180
0.128431 0.254163 0.005976
0.127121 0.257064 0.002157
0.127238 0.256744 0.001788
0.125904 0.266316 -0.001984
0.123806 0.270856 -0.001005
0.128002 0.261776 -0.001005
0.129783 0.257921 0.001788
0.130976 0.255339 0.005976
0.131396 0.254431 0.010925
0.130976 0.255339 0.015874
0.129783 0.257921 0.020062
0.128002 0.261776 0.022855
0.125904 0.266316 0.023834
0.123806 0.270856 0.022855
0.122024 0.274711 0.020062
0.120831 0.277293 0.015874
0.120412 0.278201 0.010925
0.120831 0.277293 0.005976
0.122024 0.274711 0.001788
0.105078 0.262004 0.022381
0.121361 0.269528 0.022381
0.103363 0.265715 0.019693
0.119646 0.273239 0.019693
0.118500 0.275719 0.015670
0.102218 0.268194 0.015670
0.118098 0.276589 0.010925
0.101815 0.269065 0.010925
0.118500 0.275719 0.006180
0.102218 0.268194 0.006180
0.119646 0.273239 0.002157
0.103363 0.265715 0.002157
0.121361 0.269528 -0.000531
0.105078 0.262004 -0.000531
0.123383 0.265151 -0.001475
0.107101 0.257627 -0.001475
0.109123 0.253250 -0.000531
0.125406 0.260774 -0.000531
0.110838 0.249539 0.002157
0.127121 0.257064 0.002157
0.111984 0.247060 0.006180
0.128267 0.254584 0.006180
0.112386 0.246189 0.010925
0.128669 0.253713 0.010925
0.128267 0.254584 0.015670
0.111984 0.247060 0.015670
0.127121 0.257064 0.019693
0.110838 0.249539 0.019693
0.125406 0.260774 0.022381
0.109123 0.253250 0.022381
0.109123 0.253250 0.022381
0.123383 0.265151 0.023325
0.107101 0.257627 0.023325
0.125406 0.260774 0.022381
0.105078 0.262004 -0.000531
0.107101 0.257627 -0.000411
0.105246 0.261639 0.000454
0.107101 0.257627 -0.001475
0.059232 0.237650 0.006317
0.060048 0.235884 0.005936
0.103363 0.265715 0.002157
0.103676 0.265038 0.002914
0.058540 0.239146 0.007399
0.102218 0.268194 0.006180
0.102628 0.267305 0.006592
0.058079 0.240144 0.009018
0.102261 0.268101 0.010925
0.101815 0.269065 0.010925
0.057918 0.240494 0.010925
0.102628 0.267305 0.015258
0.102218 0.268194 0.015670
0.058079 0.240144 0.012832
0.103676 0.265038 0.018936
0.103363 0.265715 0.019693
0.058540 0.239146 0.014451
0.105246 0.261639 0.021396
0.105078 0.262004 0.022381
0.059232 0.237650 0.015533
0.107101 0.257627 0.022261
0.107101 0.257627 0.023325
0.060048 0.235884 0.015914
0.109123 0.253250 0.022381
0.108955 0.253615 0.021396
0.060863 0.234118 0.015533
0.110525 0.250217 0.018936
0.110838 0.249539 0.019693
0.061555 0.232623 0.014451
0.111573 0.247949 0.015258
0.111984 0.247060 0.015670
0.062016 0.231625 0.012832
0.112386 0.246189 0.010925
0.111940 0.247154 0.010925
0.062177 0.231275 0.010925
0.111573 0.247949 0.006592
0.111984 0.247060 0.006180
0.062016 0.231625 0.009018
0.110525 0.250217 0.002914
0.110838 0.249539 0.002157
0.061555 0.232623 0.007399
0.108955 0.253615 0.000454
0.109123 0.253250 -0.000531
0.060863 0.234118 0.006317
0.056818 0.239261 0.000454
0.058672 0.235249 0.001145
0.057073 0.238710 0.001892
0.058672 0.235249 -0.000411
0.055248 0.242659 0.002914
0.055718 0.241642 0.004014
0.054200 0.244927 0.006592
0.054814 0.243598 0.007187
0.053833 0.245722 0.010925
0.054497 0.244284 0.010925
0.054814 0.243598 0.014663
0.054200 0.244927 0.015258
0.055718 0.241642 0.017836
0.055248 0.242659 0.018936
0.057073 0.238710 0.019958
0.056818 0.239261 0.021396
0.058672 0.235249 0.020705
0.058672 0.235249 0.022261
0.060526 0.231237 0.021396
0.060272 0.231787 0.019958
0.061626 0.228856 0.017836
0.062097 0.227838 0.018936
0.062530 0.226900 0.014663
0.063144 0.225571 0.015258
0.063512 0.224775 0.010925
0.062847 0.226214 0.010925
0.062530 0.226900 0.007187
0.063144 0.225571 0.006592
0.061626 0.228856 0.004014
0.062097 0.227838 0.002914
0.060272 0.231787 0.001892
0.060526 0.231237 0.000454
0.057073 0.238710 0.001892
0.058672 0.235249 0.001145
0.060048 0.235884 0.005936
0.059232 0.237650 0.006317
0.055718 0.241642 0.004014
0.058540 0.239146 0.007399
0.054814 0.243598 0.007187
0.058079 0.240144 0.009018
0.054497 0.244284 0.010925
0.057918 0.240494 0.010925
0.058079 0.240144 0.012832
0.054814 0.243598 0.014663
0.058540 0.239146 0.014451
0.055718 0.241642 0.017836
0.059232 0.237650 0.015533
0.057073 0.238710 0.019958
0.060048 0.235884 0.015914
0.058672 0.235249 0.020705
0.060863 0.234118 0.015533
0.060272 0.231787 0.019958
0.061555 0.232623 0.014451
0.061626 0.228856 0.017836
0.062016 0.231625 0.012832
0.062530 0.226900 0.014663
0.062847 0.226214 0.010925
0.062177 0.231275 0.010925
0.062016 0.231625 0.009018
0.062530 0.226900 0.007187
0.061626 0.228856 0.004014
0.061555 0.232623 0.007399
0.060272 0.231787 0.001892
0.060863 0.234118 0.006317
-0.044322 0.000000 -0.000411
0.009027 0.004420 0.000454
0.009027 0.000000 -0.000411
-0.044322 0.004420 0.000454
0.026936 0.000000 -0.001984
0.026936 0.005002 -0.001005
0.029740 0.000000 -0.001984
0.029740 0.005002 -0.001005
0.009027 0.008163 0.002914
-0.044322 0.008163 0.002914
0.026936 0.009248 0.001788
0.029740 0.009248 0.001788
0.009027 0.010661 0.006592
-0.044322 0.010661 0.006592
0.029740 0.012092 0.005976
0.026936 0.012092 0.005976
-0.044322 0.011538 0.010925
0.009027 0.011538 0.010925
0.026936 0.013092 0.010925
0.029740 0.013092 0.010925
-0.044322 0.010661 0.015258
0.009027 0.010661 0.015258
0.026936 0.012092 0.015874
0.029740 0.012092 0.015874
0.009027 0.008163 0.018936
-0.044322 0.008163 0.018936
0.029740 0.009248 0.020062
0.026936 0.009248 0.020062
0.009027 0.004420 0.021396
-0.044322 0.004420 0.021396
0.026936 0.005002 0.022855
0.029740 0.005002 0.022855
0.009027 0.000000 0.022261
-0.044322 0.000000 0.022261
0.026936 0.000000 0.023834
0.029740 0.000000 0.023834
0.009027 -0.004420 0.021396
-0.044322 -0.004420 0.021396
0.026936 -0.005002 0.022855
0.029740 -0.005002 0.022855
-0.044322 -0.004420 0.021396
0.009027 -0.008163 0.018936
0.009027 -0.004420 0.021396
-0.044322 -0.008163 0.018936
0.029740 -0.005002 0.022855
0.026936 -0.005002 0.022855
0.026936 -0.009248 0.020062
0.029740 -0.009248 0.020062
0.009027 -0.010661 0.015258
-0.044322 -0.010661 0.015258
0.026936 -0.012092 0.015874
0.029740 -0.012092 0.015874
0.009027 -0.011538 0.010925
-0.044322 -0.011538 0.010925
0.026936 -0.013092 0.010925
0.029740 -0.013092 0.010925
0.009027 -0.010661 0.006592
-0.044322 -0.010661 0.006592
0.026936 -0.012092 0.005976
0.029740 -0.012092 0.005976
-0.044322 -0.008163 0.002914
0.009027 -0.008163 0.002914
0.026936 -0.009248 0.001788
0.029740 -0.009248 0.001788
0.009027 -0.004420 0.000454
-0.044322 -0.004420 0.000454
0.026936 -0.005002 -0.001005
0.029740 -0.005002 -0.001005
0.026964 0.000000 -0.001475
0.026936 -0.005002 -0.001005
0.026964 -0.004822 -0.000531
0.026936 0.000000 -0.001984
0.026936 0.005002 -0.001005
0.026964 0.004822 -0.000531
0.026936 0.009248 0.001788
0.026964 0.008910 0.002157
0.026936 0.012092 0.005976
0.026964 0.011641 0.006180
0.026936 0.013092 0.010925
0.026964 0.012600 0.010925
0.026964 0.011641 0.015670
0.026936 0.012092 0.015874
0.026964 0.008910 0.019693
0.026936 0.009248 0.020062
0.026964 0.004822 0.022381
0.026936 0.005002 0.022855
0.026964 0.000000 0.023325
0.026936 0.000000 0.023834
0.026936 -0.005002 0.022855
0.026964 -0.004822 0.022381
0.026936 -0.009248 0.020062
0.026964 -0.008910 0.019693
0.026936 -0.012092 0.015874
0.026964 -0.011641 0.015670
0.026936 -0.013092 0.010925
0.026964 -0.012600 0.010925
0.026964 -0.011641 0.006180
0.026936 -0.012092 0.005976
0.026964 -0.008910 0.002157
0.026936 -0.009248 0.001788
0.029740 0.000000 -0.001984
0.029740 0.005002 -0.001005
0.029740 -0.005002 -0.001005
0.029740 -0.009248 0.001788
0.029740 -0.012092 0.005976
0.029740 -0.013092 0.010925
0.029740 -0.012092 0.015874
0.029740 -0.009248 0.020062
0.029740 -0.005002 0.022855
0.029740 0.000000 0.023834
0.029740 0.005002 0.022855
0.029740 0.009248 0.020062
0.029740 0.012092 0.015874
0.029740 0.013092 0.010925
0.029740 0.012092 0.005976
0.029740 0.009248 0.001788
0.009027 0.008910 0.019693
0.026964 0.004822 0.022381
0.026964 0.008910 0.019693
0.009027 0.004822 0.022381
0.026964 0.011641 0.015670
0.009027 0.011641 0.015670
0.026964 0.012600 0.010925
0.009027 0.012600 0.010925
0.026964 0.011641 0.006180
0.009027 0.011641 0.006180
0.026964 0.008910 0.002157
0.009027 0.008910 0.002157
0.009027 0.004822 -0.000531
0.026964 0.004822 -0.000531
0.009027 0.000000 -0.001475
0.026964 0.000000 -0.001475
0.009027 -0.004822 -0.000531
0.026964 -0.004822 -0.000531
0.009027 -0.008910 0.002157
0.026964 -0.008910 0.002157
0.009027 -0.011641 0.006180
0.026964 -0.011641 0.006180
0.026964 -0.012600 0.010925
0.009027 -0.012600 0.010925
0.026964 -0.011641 0.015670
0.009027 -0.011641 0.015670
0.009027 -0.008910 0.019693
0.026964 -0.008910 0.019693
0.009027 -0.004822 0.022381
0.026964 -0.004822 0.022381
0.009027 0.000000 0.023325
0.026964 -0.004822 0.022381
0.026964 0.000000 0.023325
0.009027 -0.004822 0.022381
0.009027 0.004420 0.000454
0.009027 0.000000 -0.001475
0.009027 0.000000 -0.000411
0.009027 0.004822 -0.000531
-0.042807 0.001945 0.006317
-0.042807 0.000000 0.005936
0.009027 0.008163 0.002914
0.009027 0.008910 0.002157
-0.042807 0.003593 0.007399
0.009027 0.010661 0.006592
0.009027 0.011641 0.006180
-0.042807 0.004692 0.009018
0.009027 0.011538 0.010925
0.009027 0.012600 0.010925
-0.042807 0.005078 0.010925
0.009027 0.010661 0.015258
0.009027 0.011641 0.015670
-0.042807 0.004692 0.012832
0.009027 0.008910 0.019693
0.009027 0.008163 0.018936
-0.042807 0.003593 0.014451
0.009027 0.004822 0.022381
0.009027 0.004420 0.021396
-0.042807 0.001945 0.015533
0.009027 0.000000 0.023325
0.009027 0.000000 0.022261
-0.042807 0.000000 0.015914
0.009027 -0.004420 0.021396
0.009027 -0.004822 0.022381
-0.042807 -0.001945 0.015533
0.009027 -0.008163 0.018936
0.009027 -0.008910 0.019693
-0.042807 -0.003593 0.014451
0.009027 -0.010661 0.015258
0.009027 -0.011641 0.015670
-0.042807 -0.004692 0.012832
0.009027 -0.011538 0.010925
0.009027 -0.012600 0.010925
-0.042807 -0.005078 0.010925
0.009027 -0.011641 0.006180
0.009027 -0.010661 0.006592
-0.042807 -0.004692 0.009018
0.009027 -0.008910 0.002157
0.009027 -0.008163 0.002914
-0.042807 -0.003593 0.007399
0.009027 -0.004420 0.000454
0.009027 -0.004822 -0.000531
-0.042807 -0.001945 0.006317
-0.044322 0.003813 0.001892
-0.044322 0.000000 -0.000411
-0.044322 0.000000 0.001145
-0.044322 0.004420 0.000454
-0.044322 0.007042 0.004014
-0.044322 0.008163 0.002914
-0.044322 0.009197 0.007187
-0.044322 0.010661 0.006592
-0.044322 0.009953 0.010925
-0.044322 0.011538 0.010925
-0.044322 0.009197 0.014663
-0.044322 0.010661 0.015258
-0.044322 0.008163 0.018936
-0.044322 0.007042 0.017836
-0.044322 0.004420 0.021396
-0.044322 0.003813 0.019958
-0.044322 0.000000 0.022261
-0.044322 0.000000 0.020705
-0.044322 -0.003813 0.019958
-0.044322 -0.004420 0.021396
-0.044322 -0.007042 0.017836
-0.044322 -0.008163 0.018936
-0.044322 -0.009197 0.014663
-0.044322 -0.010661 0.015258
-0.044322 -0.009953 0.010925
-0.044322 -0.011538 0.010925
-0.044322 -0.010661 0.006592
-0.044322 -0.009197 0.007187
-0.044322 -0.008163 0.002914
-0.044322 -0.007042 0.004014
-0.044322 -0.003813 0.001892
-0.044322 -0.004420 0.000454
-0.042807 0.001945 0.006317
-0.044322 0.000000 0.001145
-0.042807 0.000000 0.005936
-0.044322 0.003813 0.001892
-0.042807 0.003593 0.007399
-0.044322 0.007042 0.004014
-0.042807 0.004692 0.009018
-0.044322 0.009197 0.007187
-0.042807 0.005078 0.010925
-0.044322 0.009953 0.010925
-0.042807 0.004692 0.012832
-0.044322 0.009197 0.014663
-0.044322 0.007042 0.017836
-0.042807 0.003593 0.014451
-0.044322 0.003813 0.019958
-0.042807 0.001945 0.015533
-0.044322 0.000000 0.020705
-0.042807 0.000000 0.015914
-0.042807 -0.001945 0.015533
-0.044322 -0.003813 0.019958
-0.042807 -0.003593 0.014451
-0.044322 -0.007042 0.017836
-0.042807 -0.004692 0.012832
-0.044322 -0.009197 0.014663
-0.042807 -0.005078 0.010925
-0.044322 -0.009953 0.010925
-0.044322 -0.009197 0.007187
-0.042807 -0.004692 0.009018
-0.044322 -0.007042 0.004014
-0.042807 -0.003593 0.007399
-0.044322 -0.003813 0.001892
-0.042807 -0.001945 0.006317
-0.226758 0.031480 -0.000411
-0.271416 0.002295 -0.000411
-0.229176 0.035180 0.000454
-0.273834 0.005995 0.000454
-0.212155 0.046999 -0.001005
-0.211766 0.041278 -0.001984
-0.214502 0.045465 -0.001005
-0.209419 0.042812 -0.001984
-0.275882 0.009129 0.002914
-0.231224 0.038314 0.002914
-0.214479 0.050554 0.001788
-0.216826 0.049020 0.001788
-0.232591 0.040405 0.006592
-0.277249 0.011220 0.006592
-0.216034 0.052934 0.005976
-0.218381 0.051400 0.005976
-0.233070 0.041138 0.010925
-0.277728 0.011953 0.010925
-0.216582 0.053772 0.010925
-0.218929 0.052238 0.010925
-0.277249 0.011220 0.015258
-0.232591 0.040405 0.015258
-0.216034 0.052934 0.015874
-0.218381 0.051400 0.015874
-0.275882 0.009129 0.018936
-0.231224 0.038314 0.018936
-0.214479 0.050554 0.020062
-0.216826 0.049020 0.020062
-0.273834 0.005995 0.021396
-0.229176 0.035180 0.021396
-0.214502 0.045465 0.022855
-0.212155 0.046999 0.022855
-0.271416 0.002295 0.022261
-0.226758 0.031480 0.022261
-0.209419 0.042812 0.023834
-0.211766 0.041278 0.023834
-0.268998 -0.001405 0.021396
-0.224340 0.027780 0.021396
-0.206683 0.038625 0.022855
-0.209030 0.037091 0.022855
-0.266950 -0.004538 0.018936
-0.224340 0.027780 0.021396
-0.268998 -0.001405 0.021396
-0.222293 0.024647 0.018936
-0.209030 0.037091 0.022855
-0.206707 0.033537 0.020062
-0.206683 0.038625 0.022855
-0.204360 0.035070 0.020062
-0.265584 -0.006629 0.015258
-0.220926 0.022556 0.015258
-0.205151 0.031156 0.015874
-0.202804 0.032690 0.015874
-0.265104 -0.007363 0.010925
-0.220447 0.021822 0.010925
-0.204604 0.030319 0.010925
-0.202257 0.031853 0.010925
-0.220926 0.022556 0.006592
-0.265584 -0.006629 0.006592
-0.202804 0.032690 0.005976
-0.205151 0.031156 0.005976
-0.222293 0.024647 0.002914
-0.266950 -0.004538 0.002914
-0.204360 0.035070 0.001788
-0.206707 0.033537 0.001788
-0.224340 0.027780 0.000454
-0.268998 -0.001405 0.000454
-0.206683 0.038625 -0.001005
-0.209030 0.037091 -0.001005
-0.211743 0.041293 -0.001475
-0.209030 0.037091 -0.001005
-0.209105 0.037257 -0.000531
-0.211766 0.041278 -0.001984
-0.214502 0.045465 -0.001005
-0.214381 0.045330 -0.000531
-0.216826 0.049020 0.001788
-0.216617 0.048751 0.002157
-0.218381 0.051400 0.005976
-0.218111 0.051038 0.006180
-0.218929 0.052238 0.010925
-0.218636 0.051841 0.010925
-0.218111 0.051038 0.015670
-0.218381 0.051400 0.015874
-0.216617 0.048751 0.019693
-0.216826 0.049020 0.020062
-0.214381 0.045330 0.022381
-0.214502 0.045465 0.022855
-0.211743 0.041293 0.023325
-0.211766 0.041278 0.023834
-0.209030 0.037091 0.022855
-0.209105 0.037257 0.022381
-0.206707 0.033537 0.020062
-0.206869 0.033835 0.019693
-0.205375 0.031549 0.015670
-0.205151 0.031156 0.015874
-0.204604 0.030319 0.010925
-0.204850 0.030746 0.010925
-0.205375 0.031549 0.006180
-0.205151 0.031156 0.005976
-0.206869 0.033835 0.002157
-0.206707 0.033537 0.001788
-0.209419 0.042812 -0.001984
-0.212155 0.046999 -0.001005
-0.206683 0.038625 -0.001005
-0.204360 0.035070 0.001788
-0.202804 0.032690 0.005976
-0.202257 0.031853 0.010925
-0.202804 0.032690 0.015874
-0.204360 0.035070 0.020062
-0.206683 0.038625 0.022855
-0.209419 0.042812 0.023834
-0.212155 0.046999 0.022855
-0.214479 0.050554 0.020062
-0.216034 0.052934 0.015874
-0.216582 0.053772 0.010925
-0.216034 0.052934 0.005976
-0.214479 0.050554 0.001788
-0.229396 0.035517 0.022381
-0.214381 0.045330 0.022381
-0.231632 0.038939 0.019693
-0.216617 0.048751 0.019693
-0.218111 0.051038 0.015670
-0.233127 0.041225 0.015670
-0.218636 0.051841 0.010925
-0.233651 0.042028 0.010925
-0.218111 0.051038 0.006180
-0.233127 0.041225 0.006180
-0.216617 0.048751 0.002157
-0.231632 0.038939 0.002157
-0.214381 0.045330 -0.000531
-0.229396 0.035517 -0.000531
-0.211743 0.041293 -0.001475
-0.226758 0.031480 -0.001475
-0.209105 0.037257 -0.000531
-0.224121 0.027444 -0.000531
-0.206869 0.033835 0.002157
-0.221884 0.024022 0.002157
-0.220390 0.021736 0.006180
-0.205375 0.031549 0.006180
-0.219865 0.020933 0.010925
-0.204850 0.030746 0.010925
-0.205375 0.031549 0.015670
-0.220390 0.021736 0.015670
-0.206869 0.033835 0.019693
-0.221884 0.024022 0.019693
-0.224121 0.027444 0.022381
-0.209105 0.037257 0.022381
-0.224121 0.027444 0.022381
-0.209105 0.037257 0.022381
-0.226758 0.031480 0.023325
-0.211743 0.041293 0.023325
-0.229396 0.035517 -0.000531
-0.226758 0.031480 -0.000411
-0.229176 0.035180 0.000454
-0.226758 0.031480 -0.001475
-0.271212 0.004752 0.006317
-0.270148 0.003124 0.005936
-0.231632 0.038939 0.002157
-0.231224 0.038314 0.002914
-0.272113 0.006132 0.007399
-0.233127 0.041225 0.006180
-0.232591 0.040405 0.006592
-0.272715 0.007052 0.009018
-0.233070 0.041138 0.010925
-0.233651 0.042028 0.010925
-0.272926 0.007375 0.010925
-0.232591 0.040405 0.015258
-0.233127 0.041225 0.015670
-0.272715 0.007052 0.012832
-0.231224 0.038314 0.018936
-0.231632 0.038939 0.019693
-0.272113 0.006132 0.014451
-0.229176 0.035180 0.021396
-0.229396 0.035517 0.022381
-0.271212 0.004752 0.015533
-0.226758 0.031480 0.022261
-0.226758 0.031480 0.023325
-0.270148 0.003124 0.015914
-0.224121 0.027444 0.022381
-0.224340 0.027780 0.021396
-0.269084 0.001496 0.015533
-0.222293 0.024647 0.018936
-0.221884 0.024022 0.019693
-0.268183 0.000117 0.014451
-0.220926 0.022556 0.015258
-0.220390 0.021736 0.015670
-0.267581 -0.000804 0.012832
-0.219865 0.020933 0.010925
-0.220447 0.021822 0.010925
-0.267370 -0.001126 0.010925
-0.220926 0.022556 0.006592
-0.220390 0.021736 0.006180
-0.267581 -0.000804 0.009018
-0.222293 0.024647 0.002914
-0.221884 0.024022 0.002157
-0.268183 0.000117 0.007399
-0.224340 0.027780 0.000454
-0.224121 0.027444 -0.000531
-0.269084 0.001496 0.006317
-0.273834 0.005995 0.000454
-0.271416 0.002295 0.001145
-0.273502 0.005487 0.001892
-0.271416 0.002295 -0.000411
-0.275882 0.009129 0.002914
-0.275269 0.008190 0.004014
-0.277249 0.011220 0.006592
-0.276448 0.009994 0.007187
-0.276861 0.010627 0.010925
-0.277728 0.011953 0.010925
-0.276448 0.009994 0.014663
-0.277249 0.011220 0.015258
-0.275269 0.008190 0.017836
-0.275882 0.009129 0.018936
-0.273502 0.005487 0.019958
-0.273834 0.005995 0.021396
-0.271416 0.002295 0.020705
-0.271416 0.002295 0.022261
-0.268998 -0.001405 0.021396
-0.269330 -0.000896 0.019958
-0.267564 -0.003600 0.017836
-0.266950 -0.004538 0.018936
-0.266385 -0.005404 0.014663
-0.265584 -0.006629 0.015258
-0.265104 -0.007363 0.010925
-0.265971 -0.006036 0.010925
-0.266385 -0.005404 0.007187
-0.265584 -0.006629 0.006592
-0.267564 -0.003600 0.004014
-0.266950 -0.004538 0.002914
-0.269330 -0.000896 0.001892
-0.268998 -0.001405 0.000454
-0.273502 0.005487 0.001892
-0.271416 0.002295 0.001145
-0.270148 0.003124 0.005936
-0.271212 0.004752 0.006317
-0.275269 0.008190 0.004014
-0.272113 0.006132 0.007399
-0.276448 0.009994 0.007187
-0.272715 0.007052 0.009018
-0.276861 0.010627 0.010925
-0.272926 0.007375 0.010925
-0.272715 0.007052 0.012832
-0.276448 0.009994 0.014663
-0.272113 0.006132 0.014451
-0.275269 0.008190 0.017836
-0.271212 0.004752 0.015533
-0.273502 0.005487 0.019958
-0.270148 0.003124 0.015914
-0.271416 0.002295 0.020705
-0.269084 0.001496 0.015533
-0.269330 -0.000896 0.019958
-0.268183 0.000117 0.014451
-0.267564 -0.003600 0.017836
-0.267581 -0.000804 0.012832
-0.266385 -0.005404 0.014663
-0.265971 -0.006036 0.010925
-0.267370 -0.001126 0.010925
-0.267581 -0.000804 0.009018
-0.266385 -0.005404 0.007187
-0.268183 0.000117 0.007399
-0.267564 -0.003600 0.004014
-0.269084 0.001496 0.006317
-0.269330 -0.000896 0.001892
0.308244 -0.004011 -0.000411
0.268938 0.032330 0.000454
0.310966 -0.000529 0.000454
0.266215 0.028848 -0.000411
0.327643 -0.012828 -0.001005
0.324562 -0.016769 -0.001984
0.325434 -0.011101 -0.001005
0.322353 -0.015042 -0.001984
0.271243 0.035279 0.002914
0.313272 0.002420 0.002914
0.330259 -0.009483 0.001788
0.328050 -0.007756 0.001788
0.272782 0.037247 0.006592
0.314810 0.004388 0.006592
0.332010 -0.007242 0.005976
0.329801 -0.005516 0.005976
0.273322 0.037937 0.010925
0.315350 0.005079 0.010925
0.332626 -0.006454 0.010925
0.330417 -0.004728 0.010925
0.314810 0.004388 0.015258
0.272782 0.037247 0.015258
0.332010 -0.007242 0.015874
0.329801 -0.005516 0.015874
0.313272 0.002420 0.018936
0.271243 0.035279 0.018936
0.330259 -0.009483 0.020062
0.328050 -0.007756 0.020062
0.310966 -0.000529 0.021396
0.268938 0.032330 0.021396
0.325434 -0.011101 0.022855
0.327643 -0.012828 0.022855
0.308244 -0.004011 0.022261
0.266215 0.028848 0.022261
0.324562 -0.016769 0.023834
0.322353 -0.015042 0.023834
0.263493 0.025366 0.021396
0.305522 -0.007493 0.021396
0.319273 -0.018982 0.022855
0.321482 -0.020709 0.022855
0.305522 -0.007493 0.021396
0.263493 0.025366 0.021396
0.303216 -0.010442 0.018936
0.261187 0.022417 0.018936
0.321482 -0.020709 0.022855
0.316657 -0.022328 0.020062
0.318866 -0.024055 0.020062
0.319273 -0.018982 0.022855
0.301677 -0.012410 0.015258
0.259649 0.020449 0.015258
0.317115 -0.026295 0.015874
0.314906 -0.024568 0.015874
0.301138 -0.013100 0.010925
0.259109 0.019758 0.010925
0.316498 -0.027083 0.010925
0.314290 -0.025356 0.010925
0.259649 0.020449 0.006592
0.301677 -0.012410 0.006592
0.314906 -0.024568 0.005976
0.317115 -0.026295 0.005976
0.261187 0.022417 0.002914
0.303216 -0.010442 0.002914
0.316657 -0.022328 0.001788
0.318866 -0.024055 0.001788
0.263493 0.025366 0.000454
0.305522 -0.007493 0.000454
0.321482 -0.020709 -0.001005
0.319273 -0.018982 -0.001005
0.322375 -0.015059 -0.001475
0.319273 -0.018982 -0.001005
0.319405 -0.018857 -0.000531
0.322353 -0.015042 -0.001984
0.325434 -0.011101 -0.001005
0.325345 -0.011260 -0.000531
0.328050 -0.007756 0.001788
0.327863 -0.008040 0.002157
0.329801 -0.005516 0.005976
0.329545 -0.005888 0.006180
0.330417 -0.004728 0.010925
0.330136 -0.005132 0.010925
0.329545 -0.005888 0.015670
0.329801 -0.005516 0.015874
0.327863 -0.008040 0.019693
0.328050 -0.007756 0.020062
0.325345 -0.011260 0.022381
0.325434 -0.011101 0.022855
0.322375 -0.015059 0.023325
0.322353 -0.015042 0.023834
0.319273 -0.018982 0.022855
0.319405 -0.018857 0.022381
0.316657 -0.022328 0.020062
0.316888 -0.022078 0.019693
0.315205 -0.024230 0.015670
0.314906 -0.024568 0.015874
0.314290 -0.025356 0.010925
0.314614 -0.024985 0.010925
0.315205 -0.024230 0.006180
0.314906 -0.024568 0.005976
0.316888 -0.022078 0.002157
0.316657 -0.022328 0.001788
0.324562 -0.016769 -0.001984
0.327643 -0.012828 -0.001005
0.321482 -0.020709 -0.001005
0.318866 -0.024055 0.001788
0.317115 -0.026295 0.005976
0.316498 -0.027083 0.010925
0.317115 -0.026295 0.015874
0.318866 -0.024055 0.020062
0.321482 -0.020709 0.022855
0.324562 -0.016769 0.023834
0.327643 -0.012828 0.022855
0.330259 -0.009483 0.020062
0.332010 -0.007242 0.015874
0.332626 -0.006454 0.010925
0.332010 -0.007242 0.005976
0.330259 -0.009483 0.001788
0.327863 -0.008040 0.019693
0.311214 -0.000212 0.022381
0.325345 -0.011260 0.022381
0.313731 0.003008 0.019693
0.329545 -0.005888 0.015670
0.315414 0.005160 0.015670
0.330136 -0.005132 0.010925
0.316005 0.005916 0.010925
0.329545 -0.005888 0.006180
0.315414 0.005160 0.006180
0.327863 -0.008040 0.002157
0.313731 0.003008 0.002157
0.311214 -0.000212 -0.000531
0.325345 -0.011260 -0.000531
0.322375 -0.015059 -0.001475
0.308244 -0.004011 -0.001475
0.305274 -0.007809 -0.000531
0.319405 -0.018857 -0.000531
0.316888 -0.022078 0.002157
0.302756 -0.011030 0.002157
0.315205 -0.024230 0.006180
0.301074 -0.013182 0.006180
0.314614 -0.024985 0.010925
0.300483 -0.013937 0.010925
0.301074 -0.013182 0.015670
0.315205 -0.024230 0.015670
0.302756 -0.011030 0.019693
0.316888 -0.022078 0.019693
0.319405 -0.018857 0.022381
0.305274 -0.007809 0.022381
0.322375 -0.015059 0.023325
0.305274 -0.007809 0.022381
0.319405 -0.018857 0.022381
0.308244 -0.004011 0.023325
0.311214 -0.000212 -0.000531
0.308244 -0.004011 -0.000411
0.310966 -0.000529 0.000454
0.308244 -0.004011 -0.001475
0.268607 0.029447 0.006317
0.267409 0.027915 0.005936
0.313731 0.003008 0.002157
0.313272 0.002420 0.002914
0.269622 0.030745 0.007399
0.315414 0.005160 0.006180
0.314810 0.004388 0.006592
0.270299 0.031611 0.009018
0.315350 0.005079 0.010925
0.316005 0.005916 0.010925
0.270536 0.031915 0.010925
0.314810 0.004388 0.015258
0.315414 0.005160 0.015670
0.270299 0.031611 0.012832
0.313272 0.002420 0.018936
0.313731 0.003008 0.019693
0.269622 0.030745 0.014451
0.310966 -0.000529 0.021396
0.311214 -0.000212 0.022381
0.268607 0.029447 0.015533
0.308244 -0.004011 0.022261
0.308244 -0.004011 0.023325
0.267409 0.027915 0.015914
0.305274 -0.007809 0.022381
0.305522 -0.007493 0.021396
0.266211 0.026382 0.015533
0.303216 -0.010442 0.018936
0.302756 -0.011030 0.019693
0.265196 0.025084 0.014451
0.301677 -0.012410 0.015258
0.301074 -0.013182 0.015670
0.264519 0.024218 0.012832
0.300483 -0.013937 0.010925
0.301138 -0.013100 0.010925
0.264281 0.023914 0.010925
0.301677 -0.012410 0.006592
0.301074 -0.013182 0.006180
0.264519 0.024218 0.009018
0.303216 -0.010442 0.002914
0.302756 -0.011030 0.002157
0.265196 0.025084 0.007399
0.305522 -0.007493 0.000454
0.305274 -0.007809 -0.000531
0.266211 0.026382 0.006317
0.268938 0.032330 0.000454
0.266215 0.028848 0.001145
0.268564 0.031852 0.001892
0.266215 0.028848 -0.000411
0.271243 0.035279 0.002914
0.270553 0.034396 0.004014
0.272782 0.037247 0.006592
0.271880 0.036093 0.007187
0.272346 0.036689 0.010925
0.273322 0.037937 0.010925
0.271880 0.036093 0.014663
0.272782 0.037247 0.015258
0.270553 0.034396 0.017836
0.271243 0.035279 0.018936
0.268564 0.031852 0.019958
0.268938 0.032330 0.021396
0.266215 0.028848 0.020705
0.266215 0.028848 0.022261
0.263493 0.025366 0.021396
0.263867 0.025844 0.019958
0.261878 0.023300 0.017836
0.261187 0.022417 0.018936
0.260551 0.021602 0.014663
0.259649 0.020449 0.015258
0.259109 0.019758 0.010925
0.260085 0.021007 0.010925
0.260551 0.021602 0.007187
0.259649 0.020449 0.006592
0.261878 0.023300 0.004014
0.261187 0.022417 0.002914
0.263867 0.025844 0.001892
0.263493 0.025366 0.000454
0.268607 0.029447 0.006317
0.266215 0.028848 0.001145
0.267409 0.027915 0.005936
0.268564 0.031852 0.001892
0.270553 0.034396 0.004014
0.269622 0.030745 0.007399
0.271880 0.036093 0.007187
0.270299 0.031611 0.009018
0.272346 0.036689 0.010925
0.270536 0.031915 0.010925
0.270299 0.031611 0.012832
0.271880 0.036093 0.014663
0.269622 0.030745 0.014451
0.270553 0.034396 0.017836
0.268607 0.029447 0.015533
0.268564 0.031852 0.019958
0.266215 0.028848 0.020705
0.267409 0.027915 0.015914
0.263867 0.025844 0.019958
0.266211 0.026382 0.015533
0.265196 0.025084 0.014451
0.261878 0.023300 0.017836
0.264519 0.024218 0.012832
0.260551 0.021602 0.014663
0.260085 0.021007 0.010925
0.264281 0.023914 0.010925
0.264519 0.024218 0.009018
0.260551 0.021602 0.007187
0.265196 0.025084 0.007399
0.261878 0.023300 0.004014
0.266211 0.026382 0.006317
0.263867 0.025844 0.001892
0.111278 -0.249921 -0.011300
0.072627 -0.286692 -0.011300
0.108232 -0.246719 -0.010435
0.069580 -0.283490 -0.010435
0.126286 -0.235644 -0.012872
0.120807 -0.233953 -0.011893
0.122838 -0.232020 -0.011893
0.124254 -0.237577 -0.012872
0.067000 -0.280778 -0.007974
0.105652 -0.244007 -0.007974
0.119911 -0.228944 -0.009101
0.117880 -0.230876 -0.009101
0.103930 -0.242197 -0.004297
0.065278 -0.278968 -0.004297
0.117951 -0.226883 -0.004912
0.115920 -0.228816 -0.004912
0.103326 -0.241562 0.000037
0.064674 -0.278333 0.000037
0.117262 -0.226159 0.000037
0.115230 -0.228091 0.000037
0.065278 -0.278968 0.004370
0.103930 -0.242197 0.004370
0.117951 -0.226883 0.004985
0.115920 -0.228816 0.004985
0.067000 -0.280778 0.008047
0.105652 -0.244007 0.008047
0.119911 -0.228944 0.009174
0.117880 -0.230876 0.009174
0.108232 -0.246719 0.010508
0.069580 -0.283490 0.010508
0.122838 -0.232020 0.011966
0.120807 -0.233953 0.011966
0.072627 -0.286692 0.011373
0.111278 -0.249921 0.011373
0.126286 -0.235644 0.012945
0.124254 -0.237577 0.012945
0.114325 -0.253124 0.010508
0.075673 -0.289895 0.010508
0.129733 -0.239268 0.011966
0.127702 -0.241200 0.011966
0.114325 -0.253124 0.010508
0.078253 -0.292607 0.008047
0.116905 -0.255836 0.008047
0.075673 -0.289895 0.010508
0.132660 -0.242345 0.009174
0.129733 -0.239268 0.011966
0.130629 -0.244277 0.009174
0.127702 -0.241200 0.011966
0.079975 -0.294417 0.004370
0.118627 -0.257646 0.004370
0.132589 -0.246338 0.004985
0.134620 -0.244405 0.004985
0.080579 -0.295051 0.000037
0.119231 -0.258280 0.000037
0.133278 -0.247062 0.000037
0.135310 -0.245130 0.000037
0.118627 -0.257646 -0.004297
0.079975 -0.294417 -0.004297
0.134620 -0.244405 -0.004912
0.132589 -0.246338 -0.004912
0.116905 -0.255836 -0.007974
0.078253 -0.292607 -0.007974
0.132660 -0.242345 -0.009101
0.130629 -0.244277 -0.009101
0.114325 -0.253124 -0.010435
0.075673 -0.289895 -0.010435
0.129733 -0.239268 -0.011893
0.127702 -0.241200 -0.011893
0.124274 -0.237558 -0.012363
0.127702 -0.241200 -0.011893
0.127598 -0.241051 -0.011420
0.124254 -0.237577 -0.012872
0.120807 -0.233953 -0.011893
0.120951 -0.234064 -0.011420
0.117880 -0.230876 -0.009101
0.118133 -0.231103 -0.008732
0.115920 -0.228816 -0.004912
0.116251 -0.229124 -0.004709
0.115230 -0.228091 0.000037
0.115590 -0.228429 0.000037
0.116251 -0.229124 0.004782
0.115920 -0.228816 0.004985
0.118133 -0.231103 0.008805
0.117880 -0.230876 0.009174
0.120951 -0.234064 0.011493
0.120807 -0.233953 0.011966
0.124274 -0.237558 0.012437
0.124254 -0.237577 0.012945
0.127702 -0.241200 0.011966
0.127598 -0.241051 0.011493
0.130629 -0.244277 0.009174
0.130415 -0.244013 0.008805
0.132298 -0.245992 0.004782
0.132589 -0.246338 0.004985
0.133278 -0.247062 0.000037
0.132959 -0.246687 0.000037
0.132298 -0.245992 -0.004709
0.132589 -0.246338 -0.004912
0.130415 -0.244013 -0.008732
0.130629 -0.244277 -0.009101
0.126286 -0.235644 -0.012872
0.122838 -0.232020 -0.011893
0.129733 -0.239268 -0.011893
0.132660 -0.242345 -0.009101
0.134620 -0.244405 -0.004912
0.135310 -0.245130 0.000037
0.134620 -0.244405 0.004985
0.132660 -0.242345 0.009174
0.129733 -0.239268 0.011966
0.126286 -0.235644 0.012945
0.122838 -0.232020 0.011966
0.119911 -0.228944 0.009174
0.117951 -0.226883 0.004985
0.117262 -0.226159 0.000037
0.117951 -0.226883 -0.004912
0.119911 -0.228944 -0.009101
0.118133 -0.231103 0.008805
0.107955 -0.246428 0.011493
0.120951 -0.234064 0.011493
0.105137 -0.243466 0.008805
0.116251 -0.229124 0.004782
0.103255 -0.241487 0.004782
0.115590 -0.228429 0.000037
0.102594 -0.240792 0.000037
0.116251 -0.229124 -0.004709
0.103255 -0.241487 -0.004709
0.118133 -0.231103 -0.008732
0.105137 -0.243466 -0.008732
0.120951 -0.234064 -0.011420
0.107955 -0.246428 -0.011420
0.124274 -0.237558 -0.012363
0.111278 -0.249921 -0.012363
0.127598 -0.241051 -0.011420
0.114602 -0.253415 -0.011420
0.130415 -0.244013 -0.008732
0.117419 -0.256376 -0.008732
0.132298 -0.245992 -0.004709
0.119302 -0.258355 -0.004709
0.119963 -0.259050 0.000037
0.132959 -0.246687 0.000037
0.132298 -0.245992 0.004782
0.119302 -0.258355 0.004782
0.130415 -0.244013 0.008805
0.117419 -0.256376 0.008805
0.127598 -0.241051 0.011493
0.114602 -0.253415 0.011493
0.114602 -0.253415 0.011493
0.124274 -0.237558 0.012437
0.111278 -0.249921 0.012437
0.127598 -0.241051 0.011493
0.107955 -0.246428 -0.011420
0.111278 -0.249921 -0.011300
0.108232 -0.246719 -0.010435
0.111278 -0.249921 -0.012363
0.072383 -0.284239 -0.004572
0.073724 -0.285648 -0.004953
0.105137 -0.243466 -0.008732
0.105652 -0.244007 -0.007974
0.071248 -0.283045 -0.003489
0.103255 -0.241487 -0.004709
0.103930 -0.242197 -0.004297
0.070490 -0.282249 -0.001871
0.103326 -0.241562 0.000037
0.102594 -0.240792 0.000037
0.070224 -0.281969 0.000037
0.103930 -0.242197 0.004370
0.103255 -0.241487 0.004782
0.070490 -0.282249 0.001944
0.105652 -0.244007 0.008047
0.105137 -0.243466 0.008805
0.071248 -0.283045 0.003562
0.108232 -0.246719 0.010508
0.107955 -0.246428 0.011493
0.072383 -0.284239 0.004645
0.111278 -0.249921 0.011373
0.111278 -0.249921 0.012437
0.073724 -0.285648 0.005026
0.114602 -0.253415 0.011493
0.114325 -0.253124 0.010508
0.075065 -0.287057 0.004645
0.116905 -0.255836 0.008047
0.117419 -0.256376 0.008805
0.076200 -0.288251 0.003562
0.118627 -0.257646 0.004370
0.119302 -0.258355 0.004782
0.076958 -0.289048 0.001944
0.119963 -0.259050 0.000037
0.119231 -0.258280 0.000037
0.077224 -0.289327 0.000037
0.118627 -0.257646 -0.004297
0.119302 -0.258355 -0.004709
0.076958 -0.289048 -0.001871
0.116905 -0.255836 -0.007974
0.117419 -0.256376 -0.008732
0.076200 -0.288251 -0.003489
0.114325 -0.253124 -0.010435
0.114602 -0.253415 -0.011420
0.075065 -0.287057 -0.004572
0.069580 -0.283490 -0.010435
0.072627 -0.286692 -0.009743
0.069998 -0.283930 -0.008997
0.072627 -0.286692 -0.011300
0.067000 -0.280778 -0.007974
0.067773 -0.281590 -0.006874
0.065278 -0.278968 -0.004297
0.066287 -0.280029 -0.003702
0.065766 -0.279481 0.000037
0.064674 -0.278333 0.000037
0.066287 -0.280029 0.003775
0.065278 -0.278968 0.004370
0.067773 -0.281590 0.006947
0.067000 -0.280778 0.008047
0.069998 -0.283930 0.009070
0.069580 -0.283490 0.010508
0.072627 -0.286692 0.009816
0.072627 -0.286692 0.011373
0.075673 -0.289895 0.010508
0.075255 -0.289455 0.009070
0.077481 -0.291795 0.006947
0.078253 -0.292607 0.008047
0.078966 -0.293356 0.003775
0.079975 -0.294417 0.004370
0.080579 -0.295051 0.000037
0.079487 -0.293904 0.000037
0.078966 -0.293356 -0.003702
0.079975 -0.294417 -0.004297
0.077481 -0.291795 -0.006874
0.078253 -0.292607 -0.007974
0.075255 -0.289455 -0.008997
0.075673 -0.289895 -0.010435
0.072383 -0.284239 -0.004572
0.072627 -0.286692 -0.009743
0.073724 -0.285648 -0.004953
0.069998 -0.283930 -0.008997
0.067773 -0.281590 -0.006874
0.071248 -0.283045 -0.003489
0.066287 -0.280029 -0.003702
0.070490 -0.282249 -0.001871
0.065766 -0.279481 0.000037
0.070224 -0.281969 0.000037
0.070490 -0.282249 0.001944
0.066287 -0.280029 0.003775
0.071248 -0.283045 0.003562
0.067773 -0.281590 0.006947
0.072383 -0.284239 0.004645
0.069998 -0.283930 0.009070
0.072627 -0.286692 0.009816
0.073724 -0.285648 0.005026
0.075065 -0.287057 0.004645
0.075255 -0.289455 0.009070
0.076200 -0.288251 0.003562
0.077481 -0.291795 0.006947
0.076958 -0.289048 0.001944
0.078966 -0.293356 0.003775
0.079487 -0.293904 0.000037
0.077224 -0.289327 0.000037
0.076958 -0.289048 -0.001871
0.078966 -0.293356 -0.003702
0.076200 -0.288251 -0.003489
0.077481 -0.291795 -0.006874
0.075065 -0.287057 -0.004572
0.075255 -0.289455 -0.008997
-0.002585 0.099373 -0.000411
0.024134 0.052987 0.000454
-0.006220 0.096859 0.000454
0.027769 0.055502 -0.000411
-0.014370 0.116408 -0.001984
-0.012775 0.114102 -0.001984
-0.016888 0.111256 -0.001005
-0.018484 0.113562 -0.001005
-0.009298 0.094729 0.002914
0.021055 0.050857 0.002914
-0.021976 0.111146 0.001788
-0.020381 0.108840 0.001788
-0.011352 0.093308 0.006592
0.019001 0.049436 0.006592
-0.024315 0.109528 0.005976
-0.022719 0.107222 0.005976
-0.012073 0.092809 0.010925
0.018280 0.048937 0.010925
-0.025137 0.108958 0.010925
-0.023542 0.106653 0.010925
0.019001 0.049436 0.015258
-0.011352 0.093308 0.015258
-0.024315 0.109528 0.015874
-0.022719 0.107222 0.015874
0.021055 0.050857 0.018936
-0.009298 0.094729 0.018936
-0.021976 0.111146 0.020062
-0.020381 0.108840 0.020062
0.024134 0.052987 0.021396
-0.006220 0.096859 0.021396
-0.016888 0.111256 0.022855
-0.018484 0.113562 0.022855
-0.002585 0.099373 0.022261
0.027769 0.055502 0.022261
-0.014370 0.116408 0.023834
-0.012775 0.114102 0.023834
0.031403 0.058016 0.021396
0.001050 0.101888 0.021396
-0.008662 0.116948 0.022855
-0.010257 0.119253 0.022855
0.001050 0.101888 0.021396
0.034482 0.060146 0.018936
0.004128 0.104018 0.018936
0.031403 0.058016 0.021396
-0.008662 0.116948 0.022855
-0.006765 0.121670 0.020062
-0.010257 0.119253 0.022855
-0.005170 0.119364 0.020062
0.036536 0.061567 0.015258
0.006182 0.105439 0.015258
-0.002831 0.120982 0.015874
-0.004426 0.123288 0.015874
0.037257 0.062066 0.010925
0.006903 0.105938 0.010925
-0.002009 0.121551 0.010925
-0.003604 0.123857 0.010925
0.006182 0.105439 0.006592
0.036536 0.061567 0.006592
-0.004426 0.123288 0.005976
-0.002831 0.120982 0.005976
0.004128 0.104018 0.002914
0.034482 0.060146 0.002914
-0.006765 0.121670 0.001788
-0.005170 0.119364 0.001788
0.001050 0.101888 0.000454
0.031403 0.058016 0.000454
-0.008662 0.116948 -0.001005
-0.010257 0.119253 -0.001005
-0.012791 0.114124 -0.001475
-0.008662 0.116948 -0.001005
-0.008826 0.116868 -0.000531
-0.012775 0.114102 -0.001984
-0.016888 0.111256 -0.001005
-0.016756 0.111381 -0.000531
-0.020381 0.108840 0.001788
-0.020118 0.109055 0.002157
-0.022719 0.107222 0.005976
-0.022364 0.107501 0.006180
-0.023542 0.106653 0.010925
-0.023153 0.106955 0.010925
-0.022364 0.107501 0.015670
-0.022719 0.107222 0.015874
-0.020118 0.109055 0.019693
-0.020381 0.108840 0.020062
-0.016756 0.111381 0.022381
-0.016888 0.111256 0.022855
-0.012791 0.114124 0.023325
-0.012775 0.114102 0.023834
-0.008662 0.116948 0.022855
-0.008826 0.116868 0.022381
-0.005170 0.119364 0.020062
-0.005464 0.119194 0.019693
-0.003218 0.120748 0.015670
-0.002831 0.120982 0.015874
-0.002009 0.121551 0.010925
-0.002429 0.121293 0.010925
-0.003218 0.120748 0.006180
-0.002831 0.120982 0.005976
-0.005464 0.119194 0.002157
-0.005170 0.119364 0.001788
-0.014370 0.116408 -0.001984
-0.018484 0.113562 -0.001005
-0.010257 0.119253 -0.001005
-0.006765 0.121670 0.001788
-0.004426 0.123288 0.005976
-0.003604 0.123857 0.010925
-0.004426 0.123288 0.015874
-0.006765 0.121670 0.020062
-0.010257 0.119253 0.022855
-0.014370 0.116408 0.023834
-0.018484 0.113562 0.022855
-0.021976 0.111146 0.020062
-0.024315 0.109528 0.015874
-0.025137 0.108958 0.010925
-0.024315 0.109528 0.005976
-0.021976 0.111146 0.001788
-0.009912 0.094304 0.019693
-0.016756 0.111381 0.022381
-0.020118 0.109055 0.019693
-0.006550 0.096630 0.022381
-0.022364 0.107501 0.015670
-0.012158 0.092750 0.015670
-0.023153 0.106955 0.010925
-0.012947 0.092204 0.010925
-0.022364 0.107501 0.006180
-0.012158 0.092750 0.006180
-0.020118 0.109055 0.002157
-0.009912 0.094304 0.002157
-0.016756 0.111381 -0.000531
-0.006550 0.096630 -0.000531
-0.002585 0.099373 -0.001475
-0.012791 0.114124 -0.001475
-0.008826 0.116868 -0.000531
0.001380 0.102117 -0.000531
-0.005464 0.119194 0.002157
0.004742 0.104443 0.002157
0.006988 0.105997 0.006180
-0.003218 0.120748 0.006180
0.007777 0.106542 0.010925
-0.002429 0.121293 0.010925
-0.003218 0.120748 0.015670
0.006988 0.105997 0.015670
-0.005464 0.119194 0.019693
0.004742 0.104443 0.019693
0.001380 0.102117 0.022381
-0.008826 0.116868 0.022381
-0.002585 0.099373 0.023325
-0.008826 0.116868 0.022381
-0.012791 0.114124 0.023325
0.001380 0.102117 0.022381
-0.006550 0.096630 -0.000531
-0.002585 0.099373 -0.000411
-0.006220 0.096859 0.000454
-0.002585 0.099373 -0.001475
0.025307 0.055641 0.006317
0.026907 0.056747 0.005936
-0.009912 0.094304 0.002157
-0.009298 0.094729 0.002914
0.023952 0.054703 0.007399
-0.012158 0.092750 0.006180
-0.011352 0.093308 0.006592
0.023048 0.054078 0.009018
-0.012073 0.092809 0.010925
-0.012947 0.092204 0.010925
0.022731 0.053858 0.010925
-0.011352 0.093308 0.015258
-0.012158 0.092750 0.015670
0.023048 0.054078 0.012832
-0.009298 0.094729 0.018936
-0.009912 0.094304 0.019693
0.023952 0.054703 0.014451
-0.006220 0.096859 0.021396
-0.006550 0.096630 0.022381
0.025307 0.055641 0.015533
-0.002585 0.099373 0.022261
-0.002585 0.099373 0.023325
0.026907 0.056747 0.015914
0.001380 0.102117 0.022381
0.001050 0.101888 0.021396
0.028506 0.057854 0.015533
0.004128 0.104018 0.018936
0.004742 0.104443 0.019693
0.029861 0.058791 0.014451
0.006182 0.105439 0.015258
0.006988 0.105997 0.015670
0.030765 0.059417 0.012832
0.007777 0.106542 0.010925
0.006903 0.105938 0.010925
0.031082 0.059636 0.010925
0.006182 0.105439 0.006592
0.006988 0.105997 0.006180
0.030765 0.059417 0.009018
0.004128 0.104018 0.002914
0.004742 0.104443 0.002157
0.029861 0.058791 0.007399
0.001050 0.101888 0.000454
0.001380 0.102117 -0.000531
0.028506 0.057854 0.006317
0.024134 0.052987 0.000454
0.027769 0.055502 0.001145
0.024633 0.053332 0.001892
0.027769 0.055502 -0.000411
0.021055 0.050857 0.002914
0.021977 0.051495 0.004014
0.019001 0.049436 0.006592
0.020205 0.050269 0.007187
0.019583 0.049839 0.010925
0.018280 0.048937 0.010925
0.020205 0.050269 0.014663
0.019001 0.049436 0.015258
0.021977 0.051495 0.017836
0.021055 0.050857 0.018936
0.024633 0.053332 0.019958
0.024134 0.052987 0.021396
0.027769 0.055502 0.020705
0.027769 0.055502 0.022261
0.031403 0.058016 0.021396
0.030904 0.057671 0.019958
0.033560 0.059508 0.017836
0.034482 0.060146 0.018936
0.035332 0.060734 0.014663
0.036536 0.061567 0.015258
0.037257 0.062066 0.010925
0.035954 0.061165 0.010925
0.035332 0.060734 0.007187
0.036536 0.061567 0.006592
0.033560 0.059508 0.004014
0.034482 0.060146 0.002914
0.030904 0.057671 0.001892
0.031403 0.058016 0.000454
0.025307 0.055641 0.006317
0.024633 0.053332 0.001892
0.026907 0.056747 0.005936
0.027769 0.055502 0.001145
0.021977 0.051495 0.004014
0.023952 0.054703 0.007399
0.020205 0.050269 0.007187
0.023048 0.054078 0.009018
0.019583 0.049839 0.010925
0.022731 0.053858 0.010925
0.023048 0.054078 0.012832
0.020205 0.050269 0.014663
0.023952 0.054703 0.014451
0.021977 0.051495 0.017836
0.025307 0.055641 0.015533
0.024633 0.053332 0.019958
0.026907 0.056747 0.015914
0.027769 0.055502 0.020705
0.028506 0.057854 0.015533
0.030904 0.057671 0.019958
0.029861 0.058791 0.014451
0.033560 0.059508 0.017836
0.030765 0.059417 0.012832
0.035332 0.060734 0.014663
0.035954 0.061165 0.010925
0.031082 0.059636 0.010925
0.030765 0.059417 0.009018
0.035332 0.060734 0.007187
0.029861 0.058791 0.007399
0.033560 0.059508 0.004014
0.028506 0.057854 0.006317
0.030904 0.057671 0.001892
0.081092 -0.161622 -0.000411
0.040544 -0.126673 0.000454
0.083691 -0.158048 0.000454
0.037944 -0.130248 -0.000411
0.100786 -0.169759 -0.001005
0.095577 -0.172155 -0.001984
0.098519 -0.168110 -0.001005
0.097845 -0.173804 -0.001984
0.042745 -0.123645 0.002914
0.085893 -0.155020 0.002914
0.103284 -0.166324 0.001788
0.101016 -0.164675 0.001788
0.044214 -0.121625 0.006592
0.087362 -0.153000 0.006592
0.104956 -0.164024 0.005976
0.102688 -0.162375 0.005976
0.044730 -0.120916 0.010925
0.087877 -0.152291 0.010925
0.105544 -0.163215 0.010925
0.103277 -0.161566 0.010925
0.087362 -0.153000 0.015258
0.044214 -0.121625 0.015258
0.104956 -0.164024 0.015874
0.102688 -0.162375 0.015874
0.085893 -0.155020 0.018936
0.042745 -0.123645 0.018936
0.103284 -0.166324 0.020062
0.101016 -0.164675 0.020062
0.083691 -0.158048 0.021396
0.040544 -0.126673 0.021396
0.100786 -0.169759 0.022855
0.098519 -0.168110 0.022855
0.081092 -0.161622 0.022261
0.037944 -0.130248 0.022261
0.095577 -0.172155 0.023834
0.097845 -0.173804 0.023834
0.035345 -0.133822 0.021396
0.078492 -0.165197 0.021396
0.094903 -0.177849 0.022855
0.092636 -0.176200 0.022855
0.078492 -0.165197 0.021396
0.035345 -0.133822 0.021396
0.076291 -0.168225 0.018936
0.033143 -0.136850 0.018936
0.092406 -0.181284 0.020062
0.092636 -0.176200 0.022855
0.090138 -0.179635 0.020062
0.094903 -0.177849 0.022855
0.074822 -0.170245 0.015258
0.031674 -0.138870 0.015258
0.090733 -0.183584 0.015874
0.088466 -0.181935 0.015874
0.074306 -0.170954 0.010925
0.031159 -0.139579 0.010925
0.090145 -0.184393 0.010925
0.087877 -0.182744 0.010925
0.031674 -0.138870 0.006592
0.074822 -0.170245 0.006592
0.088466 -0.181935 0.005976
0.090733 -0.183584 0.005976
0.033143 -0.136850 0.002914
0.076291 -0.168225 0.002914
0.090138 -0.179635 0.001788
0.092406 -0.181284 0.001788
0.035345 -0.133822 0.000454
0.078492 -0.165197 0.000454
0.094903 -0.177849 -0.001005
0.092636 -0.176200 -0.001005
0.095599 -0.172171 -0.001475
0.092636 -0.176200 -0.001005
0.092763 -0.176071 -0.000531
0.095577 -0.172155 -0.001984
0.098519 -0.168110 -0.001005
0.098435 -0.168272 -0.000531
0.101016 -0.164675 0.001788
0.100839 -0.164965 0.002157
0.102688 -0.162375 0.005976
0.102445 -0.162756 0.006180
0.103277 -0.161566 0.010925
0.103009 -0.161981 0.010925
0.102445 -0.162756 0.015670
0.102688 -0.162375 0.015874
0.100839 -0.164965 0.019693
0.101016 -0.164675 0.020062
0.098435 -0.168272 0.022381
0.098519 -0.168110 0.022855
0.095599 -0.172171 0.023325
0.095577 -0.172155 0.023834
0.092636 -0.176200 0.022855
0.092763 -0.176071 0.022381
0.090138 -0.179635 0.020062
0.090359 -0.179377 0.019693
0.088753 -0.181586 0.015670
0.088466 -0.181935 0.015874
0.087877 -0.182744 0.010925
0.088189 -0.182362 0.010925
0.088753 -0.181586 0.006180
0.088466 -0.181935 0.005976
0.090359 -0.179377 0.002157
0.090138 -0.179635 0.001788
0.097845 -0.173804 -0.001984
0.100786 -0.169759 -0.001005
0.094903 -0.177849 -0.001005
0.092406 -0.181284 0.001788
0.090733 -0.183584 0.005976
0.090145 -0.184393 0.010925
0.090733 -0.183584 0.015874
0.092406 -0.181284 0.020062
0.094903 -0.177849 0.022855
0.097845 -0.173804 0.023834
0.100786 -0.169759 0.022855
0.103284 -0.166324 0.020062
0.104956 -0.164024 0.015874
0.105544 -0.163215 0.010925
0.104956 -0.164024 0.005976
0.103284 -0.166324 0.001788
0.100839 -0.164965 0.019693
0.086332 -0.154416 0.019693
0.098435 -0.168272 0.022381
0.083927 -0.157723 0.022381
0.102445 -0.162756 0.015670
0.087938 -0.152207 0.015670
0.103009 -0.161981 0.010925
0.088502 -0.151432 0.010925
0.102445 -0.162756 0.006180
0.087938 -0.152207 0.006180
0.100839 -0.164965 0.002157
0.086332 -0.154416 0.002157
0.098435 -0.168272 -0.000531
0.083927 -0.157723 -0.000531
0.095599 -0.172171 -0.001475
0.081092 -0.161622 -0.001475
0.078256 -0.165522 -0.000531
0.092763 -0.176071 -0.000531
0.075852 -0.168828 0.002157
0.090359 -0.179377 0.002157
0.088753 -0.181586 0.006180
0.074246 -0.171037 0.006180
0.088189 -0.182362 0.010925
0.073682 -0.171813 0.010925
0.074246 -0.171037 0.015670
0.088753 -0.181586 0.015670
0.075852 -0.168828 0.019693
0.090359 -0.179377 0.019693
0.092763 -0.176071 0.022381
0.078256 -0.165522 0.022381
0.095599 -0.172171 0.023325
0.078256 -0.165522 0.022381
0.092763 -0.176071 0.022381
0.081092 -0.161622 0.023325
0.083927 -0.157723 -0.000531
0.081092 -0.161622 -0.000411
0.083691 -0.158048 0.000454
0.081092 -0.161622 -0.001475
0.040313 -0.129565 0.006317
0.039169 -0.131139 0.005936
0.086332 -0.154416 0.002157
0.085893 -0.155020 0.002914
0.041282 -0.128233 0.007399
0.087938 -0.152207 0.006180
0.087362 -0.153000 0.006592
0.041929 -0.127344 0.009018
0.087877 -0.152291 0.010925
0.088502 -0.151432 0.010925
0.042156 -0.127032 0.010925
0.087362 -0.153000 0.015258
0.087938 -0.152207 0.015670
0.041929 -0.127344 0.012832
0.085893 -0.155020 0.018936
0.086332 -0.154416 0.019693
0.041282 -0.128233 0.014451
0.083691 -0.158048 0.021396
0.083927 -0.157723 0.022381
0.040313 -0.129565 0.015533
0.081092 -0.161622 0.022261
0.081092 -0.161622 0.023325
0.039169 -0.131139 0.015914
0.078256 -0.165522 0.022381
0.078492 -0.165197 0.021396
0.038025 -0.132712 0.015533
0.076291 -0.168225 0.018936
0.075852 -0.168828 0.019693
0.037057 -0.134044 0.014451
0.074822 -0.170245 0.015258
0.074246 -0.171037 0.015670
0.036410 -0.134933 0.012832
0.073682 -0.171813 0.010925
0.074306 -0.170954 0.010925
0.036183 -0.135245 0.010925
0.074822 -0.170245 0.006592
0.074246 -0.171037 0.006180
0.036410 -0.134933 0.009018
0.076291 -0.168225 0.002914
0.075852 -0.168828 0.002157
0.037057 -0.134044 0.007399
0.078492 -0.165197 0.000454
0.078256 -0.165522 -0.000531
0.038025 -0.132712 0.006317
0.040544 -0.126673 0.000454
0.037944 -0.130248 0.001145
0.040187 -0.127164 0.001892
0.037944 -0.130248 -0.000411
0.042745 -0.123645 0.002914
0.042086 -0.124552 0.004014
0.044214 -0.121625 0.006592
0.043353 -0.122809 0.007187
0.043798 -0.122198 0.010925
0.044730 -0.120916 0.010925
0.043353 -0.122809 0.014663
0.044214 -0.121625 0.015258
0.042086 -0.124552 0.017836
0.042745 -0.123645 0.018936
0.040187 -0.127164 0.019958
0.040544 -0.126673 0.021396
0.037944 -0.130248 0.020705
0.037944 -0.130248 0.022261
0.035345 -0.133822 0.021396
0.035702 -0.133332 0.019958
0.033803 -0.135943 0.017836
0.033143 -0.136850 0.018936
0.032535 -0.137686 0.014663
0.031674 -0.138870 0.015258
0.031159 -0.139579 0.010925
0.032091 -0.138298 0.010925
0.032535 -0.137686 0.007187
0.031674 -0.138870 0.006592
0.033803 -0.135943 0.004014
0.033143 -0.136850 0.002914
0.035702 -0.133332 0.001892
0.035345 -0.133822 0.000454
0.040313 -0.129565 0.006317
0.037944 -0.130248 0.001145
0.039169 -0.131139 0.005936
0.040187 -0.127164 0.001892
0.042086 -0.124552 0.004014
0.041282 -0.128233 0.007399
0.043353 -0.122809 0.007187
0.041929 -0.127344 0.009018
0.043798 -0.122198 0.010925
0.042156 -0.127032 0.010925
0.041929 -0.127344 0.012832
0.043353 -0.122809 0.014663
0.041282 -0.128233 0.014451
0.042086 -0.124552 0.017836
0.040313 -0.129565 0.015533
0.040187 -0.127164 0.019958
0.037944 -0.130248 0.020705
0.039169 -0.131139 0.015914
0.035702 -0.133332 0.019958
0.038025 -0.132712 0.015533
0.033803 -0.135943 0.017836
0.037057 -0.134044 0.014451
0.036410 -0.134933 0.012832
0.032535 -0.137686 0.014663
0.032091 -0.138298 0.010925
0.036183 -0.135245 0.010925
0.036410 -0.134933 0.009018
0.032535 -0.137686 0.007187
0.037057 -0.134044 0.007399
0.033803 -0.135943 0.004014
0.038025 -0.132712 0.006317
0.035702 -0.133332 0.001892
1346 1347
1350 1353
1608 1609
1612 1615
822 823
827 828
1870 1871
1874 1875
298 299
303 304
36 37
560 561
1084 1085
1454 1455
1456 1459
930 931
932 933
144 145
1978 1979
1981 1982
668 669
1716 1717
406 407
408 411
1192 1193
1195 1196
293 297
347 349
267 269
333 334
1864 1869
1943 1944
1838 1841
1934 1935
1340 1344
1341 1345
1395 1397
1419 1420
31 34
109 110
1603 1606
1681 1682
816 821
871 873
1078 1083
1133 1135
1079 1082
1157 1158
1314 1316
1315 1317
1381 1382
1410 1411
554 558
555 559
609 611
633 634
4 5
100 101
817 820
895 896
30 35
85 87
1576 1579
1672 1673
1865 1868
1919 1921
791 792
857 858
1054 1055
1119 1120
1052 1053
1148 1149
528 529
530 531
595 596
624 625
292 296
371 372
790 793
886 887
6 7
71 72
1602 1607
1657 1659
1839 1840
1905 1906
266 268
362 363
1577 1578
1643 1644
820 824
894 895
1868 1873
1921 1922
1344 1348
1418 1419
793 852
1606 1611
1680 1681
1607 1610
1659 1660
1839 1901
1903 1905
297 301
349 350
1314 1376
558 562
559 563
611 612
632 633
1576 1639
1672 1674
1345 1349
1397 1398
1577 1638
1641 1643
35 38
87 88
296 300
370 371
269 328
331 333
528 590
593 595
624 626
821 825
873 874
1317 1377
1379 1381
7 67
69 71
266 329
34 39
108 109
1083 1086
1135 1136
791 853
855 857
1082 1087
1156 1157
5 66
100 102
1869 1872
1942 1943
1055 1115
1117 1119
1053 1114
1148 1150
1841 1900
324 329
364 365
1840 1845
1906 1908
790 796
849 853
855 885
887 901
1635 1638
1641 1671
1897 1900
1936 1937
4 10
62 67
63 66
69 99
101 115
102 103
586 590
587 591
593 623
626 627
529 534
531 535
625 639
792 797
848 852
858 860
888 889
1315 1321
1373 1377
1379 1409
1382 1384
1896 1901
1903 1933
1110 1115
1117 1147
1579 1582
1673 1687
1111 1114
1150 1151
1052 1058
1149 1163
1838 1844
1935 1949
1634 1639
1674 1675
325 328
331 361
1316 1320
1372 1376
1411 1425
1412 1413
267 272
268 273
334 336
363 377
307 308
369 370
1861 1865
1917 1919
812 817
830 831
896 897
1599 1602
1616 1619
1660 1662
1878 1881
1941 1942
26 31
27 30
44 46
45 47
88 90
107 108
110 111
568 571
569 570
612 614
631 632
550 555
551 554
634 635
1337 1341
1356 1357
1393 1395
813 816
832 833
869 871
893 894
1879 1880
1093 1095
1136 1138
1598 1603
1682 1683
1092 1094
1155 1156
1074 1079
1158 1159
1075 1078
1860 1864
1944 1945
1617 1618
1679 1680
1336 1340
1354 1355
1417 1418
1420 1421
288 292
289 293
345 347
372 373
1356 1360
1400 1403
1416 1417
45 51
90 93
1093 1099
1094 1098
1138 1141
1154 1155
46 50
106 107
570 574
571 575
614 616
630 631
307 313
368 369
1940 1941
1617 1623
1678 1679
1619 1622
1662 1665
831 836
876 879
833 837
892 893
1880 1885
1924 1927
309 312
352 354
1368 1372
1369 1373
1407 1409
1413 1414
58 62
97 99
1106 1110
1107 1111
1145 1147
1151 1152
59 63
103 104
582 586
583 587
621 623
627 628
320 324
365 366
1893 1897
1937 1938
1630 1634
1675 1676
1631 1635
1669 1671
845 849
883 885
844 848
889 890
1892 1896
1931 1933
22 26
111 112
23 27
81 83
809 813
867 869
546 551
547 550
605 607
635 636
1071 1075
1129 1131
1070 1074
1159 1160
1595 1599
1653 1655
321 325
359 361
1594 1598
1683 1684
1333 1337
1391 1393
285 289
343 345
1857 1861
1915 1917
273 276
376 377
10 14
114 115
11 15
74 76
1844 1848
1948 1949
797 801
860 862
534 539
535 538
598 600
638 639
1059 1063
1122 1124
1058 1062
1162 1163
1320 1324
1424 1425
1583 1587
1646 1648
1321 1325
1384 1386
1582 1586
1686 1687
796 800
900 901
272 277
336 338
1845 1849
1908 1910
356 359
277 281
338 340
1889 1892
1928 1931
1325 1329
1386 1388
841 844
890 891
1586 1590
1685 1686
801 805
862 864
1587 1591
1626 1631
1627 1630
1648 1650
1676 1677
1849 1853
1910 1912
276 280
317 320
366 367
375 376
578 582
579 583
628 629
15 19
54 59
76 78
104 105
1102 1107
1152 1153
538 543
539 542
600 602
637 638
800 804
899 900
1324 1328
1423 1424
1848 1852
1938 1939
1947 1948
1062 1066
1161 1162
1063 1067
1103 1106
1124 1126
55 58
14 18
113 114
1365 1368
1414 1415
880 883
1404 1407
312 316
354 356
281 285
1329 1333
1885 1889
1927 1928
837 841
891 892
1328 1332
1422 1423
1590 1594
1684 1685
805 809
1591 1595
1622 1626
1623 1627
1650 1653
1665 1666
1853 1857
280 284
313 317
367 368
374 375
1361 1365
1415 1416
574 578
575 579
616 618
19 23
50 54
78 81
1098 1102
542 546
543 547
602 605
636 637
804 808
898 899
1852 1856
1884 1888
1939 1940
1946 1947
1066 1070
1160 1161
1067 1071
1099 1103
1126 1129
1141 1142
1360 1364
1403 1404
51 55
93 94
18 22
112 113
836 840
879 880
1902 1904
1920 1923
1964 1967
1980 1982
408 410
437 439
1378 1380
1440 1442
1396 1399
1457 1459
330 332
348 351
392 395
409 411
1702 1705
1725 1768
130 133
153 196
1718 1721
1747 1749
147 149
175 177
592 594
610 613
654 656
655 657
671 672
675 720
1981 1983
2009 2011
670 673
698 702
1640 1642
1658 1661
1703 1704
1719 1720
854 856
872 875
916 918
933 935
68 70
86 89
131 132
146 148
1456 1458
1485 1487
1179 1180
1201 1244
1116 1118
1134 1137
1178 1181
1194 1196
1223 1225
932 934
961 963
1116 1121
1132 1134
1166 1194
1177 1178
1963 1965
1984 1987
1640 1645
1656 1658
1689 1720
1700 1703
346 348
379 409
390 392
391 393
412 415
1953 1983
2006 2009
378 410
434 437
870 872
903 935
914 916
1918 1920
1952 1980
1962 1964
1438 1440
1439 1441
1460 1463
1394 1396
1428 1457
68 73
84 86
118 146
128 131
1427 1458
1482 1485
592 597
608 610
641 672
652 654
653 655
675 677
1176 1179
1198 1201
643 670
695 698
1165 1197
1220 1223
915 917
936 939
1701 1702
1722 1725
902 934
958 961
1691 1718
1744 1747
129 130
150 153
119 147
172 175
1688 1691
1741 1744
117 119
169 172
902 904
955 958
1165 1167
1217 1220
640 643
1427 1429
1479 1482
82 84
116 118
1916 1918
1950 1952
1392 1394
1426 1428
606 608
641 642
378 380
431 434
868 870
903 905
405 407
439 443
1190 1193
1225 1229
1654 1656
1689 1690
344 346
379 381
1951 1953
2003 2006
143 145
177 181
73 75
929 930
963 967
1907 1909
1960 1962
1383 1385
1436 1438
1137 1139
1191 1192
1130 1132
1164 1166
597 599
1699 1701
1722 1728
1715 1716
1749 1753
666 668
127 129
150 156
859 861
912 914
913 915
936 942
1437 1439
1460 1466
1175 1176
1198 1204
651 652
677 681
2011 2015
1645 1647
335 337
388 390
1661 1663
1714 1717
613 615
667 669
1453 1455
1487 1491
89 91
142 144
875 877
1923 1925
1977 1978
389 391
412 418
1399 1401
1118 1146
1181 1182
1121 1123
351 353
394 396
455 458
1180 1183
1241 1244
1961 1963
1984 1990
133 134
193 196
1642 1670
1704 1706
919 921
979 982
594 622
657 659
70 98
132 135
856 884
918 920
1904 1932
1967 1969
1705 1707
1765 1768
1380 1408
1442 1444
656 658
716 720
332 360
395 397
1966 1968
2027 2030
1443 1445
1503 1506
1435 1437
1466 1469
1445 1447
1500 1503
911 913
942 945
921 922
976 979
1959 1961
1990 1993
1429 1431
1476 1479
1173 1175
1204 1207
1697 1699
1728 1731
1968 1971
2024 2027
658 660
125 127
134 137
156 159
190 193
387 389
418 421
1707 1708
1762 1765
1451 1453
1491 1494
649 651
904 907
952 955
1406 1408
1444 1446
1401 1402
1450 1452
927 929
967 970
1951 1955
2000 2003
1647 1649
1696 1698
1652 1654
1690 1692
1144 1146
1182 1184
1123 1125
1172 1174
1139 1140
1167 1169
1189 1191
1214 1217
861 863
910 912
1128 1130
1738 1741
866 868
905 906
1909 1911
1958 1960
620 622
659 661
96 98
135 136
1914 1916
1950 1954
1974 1976
2015 2018
615 617
664 667
665 666
705 708
882 884
920 923
91 92
117 121
140 143
141 142
166 169
181 184
337 339
386 388
1183 1185
1238 1241
1668 1670
1706 1709
877 878
926 928
342 344
380 383
381 382
428 431
1663 1664
1712 1714
1713 1715
1753 1756
599 601
648 650
604 606
642 644
690 692
358 360
397 399
75 77
124 126
353 355
402 404
80 82
1930 1932
1969 1970
1385 1387
1434 1436
1925 1926
1975 1977
1390 1392
1426 1430
1188 1190
1229 1232
396 398
452 455
403 405
443 446
1957 1959
1993 1997
385 387
421 425
647 649
684 687
123 125
159 163
1171 1173
1207 1211
1695 1697
1731 1735
909 911
945 949
1234 1238
1433 1435
1469 1473
398 400
448 452
1708 1710
1758 1762
660 663
711 713
186 190
1971 1973
2020 2024
1387 1389
1432 1434
77 79
122 124
339 341
384 386
1649 1651
1694 1696
601 603
646 648
863 865
908 910
1447 1448
1496 1500
1125 1127
1170 1172
922 924
972 976
1911 1913
1956 1958
357 358
399 401
1929 1930
1970 1972
881 882
923 925
95 96
136 138
1389 1390
619 620
1667 1668
1143 1144
1184 1186
1405 1406
1446 1449
79 80
120 122
341 342
1651 1652
1692 1694
603 604
644 646
865 866
1127 1128
1168 1170
1913 1914
355 357
401 402
1926 1929
1972 1975
878 881
925 926
92 95
138 141
1402 1405
1449 1450
617 619
662 664
1955 1957
1997 2000
1664 1667
1711 1712
1140 1143
1186 1189
383 385
425 428
645 647
687 690
121 123
163 166
1169 1171
1211 1214
1693 1695
1735 1738
907 909
949 952
1431 1433
1473 1476
1187 1188
1232 1234
400 403
1710 1713
1756 1758
663 665
708 711
139 140
184 186
1448 1451
1973 1974
924 927
262 326
413 457
436 440
1311 1375
1511 1539
1342 1347
1525 1526
1048 1113
1199 1243
1834 1899
1985 2029
0 65
151 195
1 64
463 491
1080 1085
1222 1226
1866 1871
2008 2012
1572 1636
1723 1767
33 36
174 178
32 37
215 216
524 589
526 588
676 719
723 753
294 298
477 478
1575 1637
1051 1112
557 561
738 741
1604 1609
1746 1750
1605 1608
1787 1788
1081 1084
1263 1264
556 560
699 701
2035 2063
787 851
987 1015
2049 2050
818 822
1001 1002
786 850
937 981
1310 1374
1461 1505
960 964
1484 1488
1 3
198 201
213 215
1834 1836
1985 1986
1310 1312
1461 1462
263 265
460 463
1835 1837
2032 2035
290 294
475 477
1863 1867
2047 2049
1862 1866
2005 2008
1338 1343
1481 1484
786 788
937 938
787 789
984 987
524 527
525 526
674 676
723 725
1572 1574
1723 1724
814 818
999 1001
1049 1051
1246 1249
815 819
957 960
1573 1575
1770 1773
553 557
736 738
0 2
151 152
696 699
1077 1081
1261 1263
1785 1787
1048 1050
1199 1200
1601 1604
1743 1746
29 33
171 174
1219 1222
262 264
413 414
291 295
433 436
1311 1313
1508 1511
1339 1342
1523 1525
811 815
954 957
1597 1601
548 552
693 696
287 291
430 433
1073 1077
1072 1076
1334 1339
1521 1523
810 814
997 999
1858 1862
2002 2005
1335 1338
1478 1481
1596 1600
549 553
734 736
1859 1863
2045 2047
24 29
25 28
1049 1056
1246 1250
1508 1512
984 988
286 290
473 475
826 828
1002 1005
1350 1352
1488 1490
1573 1581
1770 1774
527 533
302 304
478 481
1835 1842
2032 2036
788 795
938 943
1574 1580
1724 1729
565 566
701 704
827 829
964 966
525 532
674 680
264 270
414 419
1050 1057
1200 1205
1613 1615
1788 1791
1836 1843
1986 1991
1312 1319
1462 1467
3 9
198 202
1089 1091
1264 1267
41 43
216 219
1875 1877
2050 2053
564 567
741 743
1088 1090
40 42
2 8
152 157
263 271
460 464
847 851
1874 1876
2012 2014
323 327
1633 1637
1799 1801
1275 1277
227 229
1894 1898
1370 1374
1502 1505
750 753
1351 1353
1526 1529
303 305
440 442
1764 1767
585 588
717 719
846 850
978 981
1109 1113
1240 1243
61 65
192 195
1895 1899
2026 2029
1371 1375
322 326
454 457
282 286
471 473
270 274
318 322
419 422
451 454
283 287
305 311
427 430
442 445
1319 1322
1467 1470
1331 1335
1475 1478
271 275
464 466
795 798
943 946
807 811
951 954
1843 1847
1991 1994
1592 1596
1781 1783
1330 1334
1519 1521
1854 1858
1999 2002
8 13
21 25
209 211
20 24
165 168
532 536
680 683
544 549
545 548
689 693
733 734
1580 1584
1057 1061
1593 1597
1737 1740
57 61
1068 1072
1213 1216
1855 1859
2043 2045
1877 1883
2053 2055
42 48
180 183
1351 1358
1529 1531
1366 1370
1499 1502
1352 1359
1490 1493
1091 1097
1267 1269
1105 1109
580 585
714 717
1891 1895
2023 2026
1090 1096
1228 1231
565 572
567 573
704 707
743 745
1876 1882
2014 2017
1581 1585
1774 1776
1318 1323
1512 1514
842 846
975 978
1069 1073
1257 1259
9 12
202 204
1628 1632
829 835
966 969
1614 1621
1752 1755
806 810
995 997
533 537
727 729
1842 1846
2036 2038
1890 1894
2059 2061
1613 1620
1791 1793
1367 1371
1535 1537
826 834
1005 1007
43 49
219 221
1104 1108
1273 1275
302 310
481 483
581 584
748 750
1056 1060
1250 1252
794 799
988 990
1629 1633
1797 1799
843 847
1011 1013
56 60
225 227
319 323
487 489
1061 1065
1208 1210
1584 1588
1732 1734
536 541
683 686
13 17
160 162
1847 1851
1994 1996
946 948
1886 1891
2021 2023
1470 1472
52 57
187 189
422 424
315 318
449 451
839 842
973 975
1363 1366
1497 1499
576 580
710 714
1625 1628
1759 1761
799 803
990 993
1060 1064
1252 1255
1100 1105
1235 1237
2038 2041
12 16
204 207
537 540
729 731
1585 1589
1776 1779
1323 1327
1514 1517
1362 1367
1532 1535
275 279
466 468
53 56
838 843
1008 1011
1624 1629
1101 1104
577 581
747 748
1887 1890
2056 2059
803 806
993 995
1064 1069
1255 1257
314 319
484 487
1850 1855
2041 2043
16 21
207 209
540 544
731 733
1779 1781
1327 1330
1517 1519
1358 1362
1531 1532
279 282
221 222
834 838
1007 1008
1620 1624
1793 1794
1269 1270
745 747
1883 1887
2055 2056
310 314
483 484
1210 1213
1588 1593
1734 1737
686 689
162 165
1851 1854
802 807
1882 1886
2017 2021
1326 1331
48 52
183 187
278 283
311 315
445 449
835 839
969 973
572 576
707 710
1755 1759
1359 1363
1493 1497
1096 1100
1231 1235
1247 1276
1279 1309
1262 1265
1294 1296
461 490
493 522
1771 1800
476 479
509 511
724 752
755 784
1786 1789
1819 1821
1509 1538
1541 1571
985 1014
1017 1047
739 740
770 773
1524 1527
1556 1559
199 228
231 261
1000 1003
1033 1035
214 217
246 248
2033 2062
2065 2095
2048 2051
2080 2082
461 462
492 493
474 476
507 509
1509 1510
1541 1543
1522 1524
1555 1556
2033 2034
2065 2067
2046 2048
2079 2080
1247 1248
1279 1281
199 200
231 233
1260 1262
1293 1294
985 986
1016 1017
212 214
245 246
1771 1772
1803 1805
998 1000
1031 1033
1784 1786
1817 1819
722 724
755 757
737 739
768 770
2044 2046
2077 2079
766 768
1782 1784
210 212
996 998
1029 1031
1258 1260
472 474
505 507
1536 1538
2034 2037
2067 2068
722 726
1772 1775
1803 1806
2082 2084
200 203
217 218
248 251
986 989
1016 1020
1248 1251
740 742
773 775
1520 1522
1553 1555
462 465
492 496
226 228
259 261
2060 2062
488 490
520 522
1789 1790
1821 1823
1265 1266
1296 1299
1012 1014
751 752
782 784
1798 1800
1831 1833
1274 1276
1307 1309
1510 1513
1543 1544
470 472
503 505
1518 1520
1551 1553
1004 1006
1037 1039
994 996
1027 1029
465 467
496 498
1256 1258
1289 1291
218 220
251 253
1266 1268
1299 1301
1513 1515
1544 1546
480 482
513 515
1790 1792
1823 1825
732 735
765 766
742 744
775 777
2042 2044
2075 2077
1780 1782
1813 1815
1528 1530
1561 1563
208 210
241 243
989 991
1020 1022
2052 2054
2084 2087
1251 1253
1282 1284
1010 1012
1043 1045
726 728
759 761
2037 2039
2068 2070
1775 1777
1806 1808
203 205
234 236
1272 1274
1305 1307
224 226
257 259
1796 1798
1829 1831
749 751
780 782
486 488
519 520
2058 2060
2091 2093
1534 1536
1567 1569
205 206
236 238
1253 1254
1284 1286
728 730
761 763
1777 1778
1808 1810
1515 1516
1546 1548
2039 2040
2070 2072
991 992
1022 1024
467 469
498 500
2057 2058
2088 2091
779 780
1795 1796
1533 1534
1564 1567
1271 1272
206 208
238 241
485 486
516 519
1254 1256
1286 1289
223 224
730 732
763 765
1778 1780
1810 1813
1009 1010
1040 1043
469 470
1530 1533
1563 1564
2054 2057
2087 2088
744 746
777 779
1792 1795
1825 1826
1268 1271
1301 1302
482 485
515 516
220 223
253 254
1006 1009
1039 1040
824 825
1610 1611
1616 1618
300 301
306 308
38 39
44 47
1348 1349
1355 1357
562 563
568 569
1086 1087
1092 1095
1872 1873
1879 1881
1203 1245
1280 1308
417 459
494 523
1224 1227
1295 1297
438 441
508 510
1465 1507
1542 1570
679 721
756 785
1989 2031
2066 2094
1486 1489
1557 1558
155 197
232 260
700 703
771 772
2010 2013
2081 2083
1727 1769
1804 1832
176 179
247 249
1748 1751
1818 1820
941 983
1018 1046
962 965
1032 1034
678 679
754 756
1726 1727
1802 1804
697 700
769 771
1745 1748
1816 1818
1464 1465
1540 1542
154 155
230 232
1202 1203
1278 1280
1554 1557
1988 1989
2064 2066
173 176
244 247
1221 1224
1292 1295
2078 2081
940 941
1018 1019
1030 1032
416 417
494 495
506 508
956 959
1028 1030
170 173
242 244
2004 2007
2076 2078
694 697
1742 1745
1814 1816
179 182
249 250
432 435
504 506
940 944
1019 1021
1480 1483
1552 1554
441 444
510 512
1218 1221
1290 1292
154 158
230 235
1988 1992
2064 2069
1751 1754
1820 1822
703 706
772 774
678 682
754 758
1726 1730
1802 1807
965 968
1034 1036
194 197
258 260
2013 2016
416 420
495 497
1227 1230
1297 1298
1202 1206
1278 1283
1464 1468
1540 1545
1766 1769
1830 1832
718 721
783 785
1044 1046
2092 2094
1242 1245
1306 1308
1489 1492
1558 1560
1568 1570
1477 1480
1550 1552
1468 1471
1545 1547
1492 1495
1560 1562
1501 1504
1566 1568
429 432
502 504
420 423
497 499
968 971
1036 1038
2001 2004
2074 2076
977 980
1042 1044
1992 1995
2069 2071
691 694
764 767
682 685
758 760
1215 1218
1288 1290
167 170
240 242
1206 1209
1283 1285
158 161
235 237
1739 1742
1812 1814
1730 1733
1807 1809
1230 1233
1298 1300
1239 1242
1304 1306
2016 2019
2085 2086
2025 2028
2090 2092
953 956
1026 1028
944 947
1021 1023
706 709
774 776
715 718
781 783
182 185
250 252
191 194
256 258
1754 1757
1822 1824
1763 1766
1828 1830
444 447
512 514
453 456
518 521
947 950
1023 1025
1471 1474
1547 1549
1209 1212
1285 1287
1498 1501
1565 1566
685 688
760 762
1733 1736
1809 1811
423 426
499 501
450 453
517 518
161 164
237 239
712 715
1995 1998
2071 2073
1760 1763
1827 1828
974 977
1041 1042
188 191
255 256
1236 1239
1303 1304
2022 2025
2089 2090
950 953
1025 1026
1474 1477
1549 1550
1212 1215
1287 1288
1495 1498
1562 1565
688 691
762 764
1736 1739
1811 1812
426 429
501 502
447 450
514 517
164 167
239 240
709 712
776 778
1998 2001
2073 2074
1757 1760
1824 1827
971 974
1038 1041
185 188
252 255
1233 1236
1300 1303
2019 2022
2086 2089
