7202644861617752018 1266 1555
0.149712 -0.505930 0.924828
0.075789 -0.524590 0.948847
0.064470 -0.524590 0.926632
0.046840 -0.524590 0.909002
0.024625 -0.524590 0.897683
0.000000 -0.524590 0.893783
-0.024625 -0.524590 0.897683
-0.046840 -0.524590 0.909002
-0.064470 -0.524590 0.926632
-0.075789 -0.524590 0.948847
-0.079690 -0.524590 0.973473
-0.075789 -0.524590 0.998098
-0.064470 -0.524590 1.020313
-0.046840 -0.524590 1.037943
-0.024625 -0.524590 1.049262
-0.000000 -0.524590 1.053162
0.024625 -0.524590 1.049262
0.046840 -0.524590 1.037943
0.064470 -0.524590 1.020313
0.075789 -0.524590 0.998098
0.079690 -0.524590 0.973473
0.075789 -0.524590 0.948847
0.149712 -0.505930 0.924828
0.219949 -0.475339 0.902007
0.219949 -0.475339 0.902007
0.284770 -0.433573 0.880945
0.284770 -0.433573 0.880945
0.342579 -0.381659 0.862162
0.342579 -0.381659 0.862162
0.391952 -0.320875 0.846120
0.391952 -0.320875 0.846120
0.431675 -0.252718 0.833213
0.431675 -0.252718 0.833213
0.460768 -0.178867 0.823760
0.460768 -0.178867 0.823760
0.478515 -0.101140 0.817994
0.478515 -0.101140 0.817994
0.484480 -0.021450 0.816056
0.484480 -0.021450 0.816056
0.478515 0.058239 0.817994
0.478515 0.058239 0.817994
0.460768 0.135967 0.823760
0.460768 0.135967 0.823760
0.431675 0.209818 0.833213
0.431675 0.209818 0.833213
0.391952 0.277975 0.846120
0.391952 0.277975 0.846120
0.342579 0.338758 0.862162
0.342579 0.338758 0.862162
0.284770 0.390673 0.880945
0.284770 0.390673 0.880945
0.219949 0.432439 0.902007
0.219949 0.432439 0.902007
0.149712 0.463029 0.924828
0.149712 0.463029 0.924828
0.075789 0.481690 0.948847
0.064470 0.481690 0.926632
0.046840 0.481690 0.909002
0.024625 0.481690 0.897683
-0.000000 0.481690 0.893783
-0.024625 0.481690 0.897683
-0.046840 0.481690 0.909002
-0.064470 0.481690 0.926632
-0.075789 0.481690 0.948847
-0.079690 0.481690 0.973473
-0.075789 0.481690 0.998098
-0.064470 0.481690 1.020313
-0.046840 0.481690 1.037943
-0.024625 0.481690 1.049262
-0.000000 0.481690 1.053162
0.024625 0.481690 1.049262
0.046840 0.481690 1.037943
0.064470 0.481690 1.020313
0.075789 0.481690 0.998098
0.079690 0.481690 0.973473
0.075789 0.481690 0.948847
0.000000 -0.530862 0.973473
0.000000 -0.530862 0.973473
0.000000 -0.530862 0.973473
0.000000 -0.530862 0.973473
0.000000 -0.530862 0.973473
0.000000 -0.530862 0.973473
0.000000 -0.530862 0.973473
0.000000 -0.530862 0.973473
0.000000 -0.530862 0.973473
0.000000 -0.530862 0.973473
0.000000 -0.530862 0.973473
0.000000 -0.530862 0.973473
0.000000 -0.530862 0.973473
0.000000 -0.530862 0.973473
0.000000 -0.530862 0.973473
0.000000 -0.530862 0.973473
0.000000 -0.530862 0.973473
0.000000 -0.530862 0.973473
0.000000 -0.530862 0.973473
0.000000 -0.530862 0.973473
-0.000000 0.487962 0.973473
-0.000000 0.487962 0.973473
-0.000000 0.487962 0.973473
-0.000000 0.487962 0.973473
-0.000000 0.487962 0.973473
-0.000000 0.487962 0.973473
-0.000000 0.487962 0.973473
-0.000000 0.487962 0.973473
-0.000000 0.487962 0.973473
-0.000000 0.487962 0.973473
-0.000000 0.487962 0.973473
-0.000000 0.487962 0.973473
-0.000000 0.487962 0.973473
-0.000000 0.487962 0.973473
-0.000000 0.487962 0.973473
-0.000000 0.487962 0.973473
-0.000000 0.487962 0.973473
-0.000000 0.487962 0.973473
-0.000000 0.487962 0.973473
-0.000000 0.487962 0.973473
0.285720 -0.491540 0.470409
0.215980 -0.509144 0.493069
0.205302 -0.509144 0.472111
0.188670 -0.509144 0.455479
0.167712 -0.509144 0.444801
0.144480 -0.509144 0.441121
0.121248 -0.509144 0.444801
0.100290 -0.509144 0.455479
0.083658 -0.509144 0.472111
0.072980 -0.509144 0.493069
0.069300 -0.509144 0.516301
0.072980 -0.509144 0.539533
0.083658 -0.509144 0.560491
0.100290 -0.509144 0.577123
0.121248 -0.509144 0.587801
0.144480 -0.509144 0.591481
0.167712 -0.509144 0.587801
0.188670 -0.509144 0.577123
0.205302 -0.509144 0.560491
0.215980 -0.509144 0.539533
0.219660 -0.509144 0.516301
0.215980 -0.509144 0.493069
0.285720 -0.491540 0.470409
0.351982 -0.462681 0.448879
0.351982 -0.462681 0.448879
0.413135 -0.423278 0.429010
0.413135 -0.423278 0.429010
0.467672 -0.374301 0.411289
0.467672 -0.374301 0.411289
0.514252 -0.316957 0.396155
0.514252 -0.316957 0.396155
0.551726 -0.252658 0.383979
0.551726 -0.252658 0.383979
0.579173 -0.182986 0.375061
0.579173 -0.182986 0.375061
0.595916 -0.109657 0.369621
0.595916 -0.109657 0.369621
0.601543 -0.034477 0.367792
0.601543 -0.034477 0.367792
0.595916 0.040703 0.369621
0.595916 0.040703 0.369621
0.579173 0.114032 0.375061
0.579173 0.114032 0.375061
0.551726 0.183704 0.383979
0.551726 0.183704 0.383979
0.514252 0.248003 0.396155
0.514252 0.248003 0.396155
0.467672 0.305347 0.411289
0.467672 0.305347 0.411289
0.413135 0.354324 0.429010
0.413135 0.354324 0.429010
0.351982 0.393727 0.448879
0.351982 0.393727 0.448879
0.285720 0.422586 0.470409
0.285720 0.422586 0.470409
0.215980 0.440191 0.493069
0.205302 0.440191 0.472111
0.188670 0.440191 0.455479
0.167712 0.440191 0.444801
0.144480 0.440191 0.441121
0.121248 0.440191 0.444801
0.100290 0.440191 0.455479
0.083658 0.440191 0.472111
0.072980 0.440191 0.493069
0.069300 0.440191 0.516301
0.072980 0.440191 0.539533
0.083658 0.440191 0.560491
0.100290 0.440191 0.577123
0.121248 0.440191 0.587801
0.144480 0.440191 0.591481
0.167712 0.440191 0.587801
0.188670 0.440191 0.577123
0.205302 0.440191 0.560491
0.215980 0.440191 0.539533
0.219660 0.440191 0.516301
0.215980 0.440191 0.493069
0.144480 -0.515061 0.516301
0.144480 -0.515061 0.516301
0.144480 -0.515061 0.516301
0.144480 -0.515061 0.516301
0.144480 -0.515061 0.516301
0.144480 -0.515061 0.516301
0.144480 -0.515061 0.516301
0.144480 -0.515061 0.516301
0.144480 -0.515061 0.516301
0.144480 -0.515061 0.516301
0.144480 -0.515061 0.516301
0.144480 -0.515061 0.516301
0.144480 -0.515061 0.516301
0.144480 -0.515061 0.516301
0.144480 -0.515061 0.516301
0.144480 -0.515061 0.516301
0.144480 -0.515061 0.516301
0.144480 -0.515061 0.516301
0.144480 -0.515061 0.516301
0.144480 -0.515061 0.516301
0.144480 0.446107 0.516301
0.144480 0.446107 0.516301
0.144480 0.446107 0.516301
0.144480 0.446107 0.516301
0.144480 0.446107 0.516301
0.144480 0.446107 0.516301
0.144480 0.446107 0.516301
0.144480 0.446107 0.516301
0.144480 0.446107 0.516301
0.144480 0.446107 0.516301
0.144480 0.446107 0.516301
0.144480 0.446107 0.516301
0.144480 0.446107 0.516301
0.144480 0.446107 0.516301
0.144480 0.446107 0.516301
0.144480 0.446107 0.516301
0.144480 0.446107 0.516301
0.144480 0.446107 0.516301
0.144480 0.446107 0.516301
0.144480 0.446107 0.516301
0.128220 -0.100551 0.656696
0.139908 -0.101602 0.649891
0.127857 -0.097704 0.654344
0.128220 -0.100551 0.656696
0.121768 -0.106404 0.638604
0.128220 -0.100551 0.656696
0.182372 -0.024504 0.502529
0.065331 0.006598 0.616052
0.085436 -0.001331 0.618150
0.081487 0.025556 0.630382
0.217358 -0.054045 0.627266
0.216586 -0.077239 0.616980
0.229437 -0.048254 0.616966
0.215958 -0.015104 0.505639
0.186056 0.078293 0.601059
0.177782 0.063498 0.600535
0.194056 0.074693 0.583585
0.063410 -0.013535 0.536165
0.060059 0.025904 0.547222
0.089949 0.037299 0.518642
0.093168 0.067662 0.567037
0.072571 0.058284 0.554538
0.064369 0.039607 0.554521
0.107696 0.053908 0.597616
0.107303 0.069806 0.595512
0.090244 0.054182 0.600557
0.197828 -0.079235 0.625075
0.197828 -0.075957 0.634043
0.179909 -0.070039 0.637921
0.088479 0.013094 0.630087
0.137581 -0.029011 0.675509
0.128811 -0.043813 0.658289
0.148236 -0.052861 0.669943
0.117804 -0.113097 0.621789
0.101554 -0.102141 0.624183
0.093911 -0.102980 0.608711
0.084468 -0.068296 0.517060
0.051871 -0.043890 0.579089
0.055607 -0.036717 0.558226
0.063660 -0.090283 0.580035
0.179177 -0.023813 0.632302
0.176120 -0.009764 0.618109
0.163780 -0.003651 0.628195
0.115550 -0.004770 0.667515
0.130309 0.008059 0.654306
0.091037 -0.010627 0.660811
0.142732 0.005715 0.666259
0.138849 0.011862 0.701903
0.157627 -0.002402 0.662278
0.150648 0.000511 0.699602
0.155521 -0.019064 0.679182
0.161443 -0.009105 0.667929
0.087964 -0.056371 0.611116
0.084979 -0.079712 0.605484
0.096190 -0.074217 0.628047
0.114241 -0.015488 0.671613
0.087665 -0.025925 0.662017
0.117836 -0.049157 0.657465
0.093524 -0.021854 0.627439
0.112283 -0.048971 0.651356
0.087020 -0.027608 0.638714
0.095181 -0.013880 0.639666
0.086301 -0.013947 0.652070
0.096829 0.002203 0.643749
0.066045 0.047764 0.566984
0.054561 0.030333 0.562913
0.065969 0.030726 0.570405
0.047541 -0.023382 0.595423
0.047506 -0.000159 0.594513
0.176383 -0.126331 0.625110
0.187152 -0.127853 0.574643
0.161507 -0.132097 0.612063
0.178879 0.064671 0.522860
0.206123 0.063388 0.540051
0.203064 0.049269 0.515656
0.233491 0.023868 0.542744
0.217924 0.035614 0.521100
0.244088 0.040916 0.562700
0.241267 0.029914 0.578630
0.216483 0.054528 0.583920
0.204609 0.049514 0.588454
0.103908 -0.058037 0.623420
0.111104 -0.089978 0.630893
0.116892 -0.068187 0.635396
0.148484 -0.099094 0.639755
0.137549 -0.083909 0.637170
0.130136 -0.082922 0.639493
0.206821 0.022375 0.610509
0.212025 0.035569 0.596606
0.196742 0.038812 0.613461
0.239893 -0.030496 0.618987
0.249489 0.000842 0.596972
0.229666 -0.007612 0.627090
0.200782 -0.019517 0.632084
0.201185 -0.002823 0.652119
0.205382 -0.007907 0.620779
0.243545 0.011082 0.587195
0.219418 0.013135 0.609482
0.241015 0.011417 0.616235
0.118650 0.034059 0.629904
0.099670 0.028843 0.635956
0.103271 0.013107 0.635085
0.175071 0.016393 0.619190
0.177998 0.003074 0.612486
0.149716 0.067587 0.530259
0.115259 0.077737 0.563723
0.235312 -0.066729 0.538284
0.218436 -0.088778 0.618447
0.244239 -0.034341 0.625841
0.197130 0.042535 0.598630
0.108224 0.041699 0.613165
0.071273 -0.047142 0.606262
0.053376 -0.051165 0.551366
0.053485 -0.072459 0.588000
0.044738 -0.052842 0.580250
0.174606 -0.114207 0.631516
0.198641 -0.096915 0.620335
0.158121 -0.111034 0.624615
0.155571 -0.127680 0.617086
0.106458 -0.111891 0.521201
0.087937 -0.085792 0.519719
0.141188 -0.069777 0.643696
0.160365 -0.092455 0.632075
0.167939 -0.066415 0.648353
0.115551 -0.075032 0.511235
0.132209 0.058911 0.517907
0.177325 0.066165 0.510272
0.064997 -0.010540 0.530778
0.121671 -0.098183 0.515136
0.140859 -0.119559 0.523204
0.180240 -0.029525 0.667013
0.164712 -0.023923 0.668269
0.166322 -0.038099 0.665455
0.156900 0.000330 0.637939
0.172606 -0.013625 0.640940
0.067473 0.027029 0.609314
0.083332 0.034655 0.616078
0.092200 0.038924 0.628200
0.235228 0.017532 0.529255
0.251153 -0.002248 0.547784
0.195830 0.058680 0.513874
0.207981 0.021429 0.506213
0.112976 -0.121184 0.615350
0.208005 -0.047276 0.636290
0.215120 -0.031807 0.630107
0.188613 -0.013124 0.658780
0.198907 -0.054140 0.655819
0.169433 -0.068194 0.652593
0.193455 -0.056747 0.647987
0.195577 -0.021908 0.641970
0.187237 -0.031878 0.660873
0.201993 -0.042405 0.644909
0.183140 0.053518 0.611731
0.163672 0.056037 0.607350
0.166147 0.048074 0.617361
0.172497 0.031234 0.626556
0.144181 0.004425 0.642136
0.212927 0.045175 0.552839
0.207339 0.060965 0.565993
0.224769 0.049231 0.565775
0.207082 0.065685 0.576352
0.156629 -0.049168 0.655779
0.129043 -0.052616 0.648676
0.170433 -0.055491 0.664287
0.188344 -0.058332 0.663680
0.190811 -0.005411 0.610688
0.048302 -0.043996 0.562552
0.085287 -0.115255 0.586361
0.174434 0.067920 0.521685
0.088007 -0.097575 0.595800
0.070053 -0.085350 0.599638
0.073680 -0.062824 0.600112
0.057120 -0.058133 0.598275
0.224797 -0.028642 0.625155
0.122424 0.089131 0.584288
0.163882 0.094682 0.593821
0.122828 0.081377 0.597465
0.158151 0.062001 0.601045
0.147916 0.087109 0.600038
0.066045 0.047764 0.566984
0.260277 0.001284 0.589872
0.252650 0.012338 0.564503
0.243002 0.012889 0.573680
0.243054 0.043813 0.579789
0.247903 0.025426 0.564661
0.076071 0.049904 0.588066
0.068217 0.051601 0.574381
0.062847 0.024835 0.600405
0.066282 0.017011 0.601032
0.114153 0.001328 0.647094
0.110995 0.009188 0.658136
0.097005 -0.000438 0.655398
0.052457 -0.046868 0.538135
0.072148 -0.063932 0.524596
0.072621 -0.081275 0.531341
0.106409 -0.036670 0.628311
0.116905 -0.052595 0.644975
0.095793 -0.039851 0.614295
0.085426 -0.020946 0.615751
0.139534 0.040309 0.631274
0.108224 0.041699 0.613165
0.118650 0.034059 0.629904
0.125412 0.060442 0.617605
0.147706 0.052847 0.615943
0.143559 0.044665 0.605147
0.137674 0.047911 0.596963
0.122515 0.056307 0.600735
0.139067 0.064438 0.614382
0.141974 -0.136457 0.605358
0.130422 -0.130162 0.615867
0.193616 0.062772 0.559691
0.185202 0.087267 0.568689
0.182637 0.089998 0.595481
0.107708 -0.046648 0.623441
0.053524 0.012582 0.554359
0.053208 -0.059817 0.588987
0.214574 -0.003137 0.645322
0.204083 -0.000869 0.612215
0.201268 0.003403 0.635712
0.214812 0.012095 0.637109
0.226992 -0.089418 0.543106
0.096786 -0.006783 0.633415
0.133784 -0.132870 0.603256
0.105996 0.079392 0.580651
0.077033 0.060604 0.585709
0.228213 0.043987 0.540158
0.053756 -0.021195 0.605339
0.065078 -0.026127 0.614802
0.124731 -0.023492 0.672938
0.141114 -0.020607 0.688433
0.220141 0.051826 0.545406
0.233654 0.050446 0.562836
0.131510 0.004341 0.688691
0.131466 0.006715 0.667637
0.119716 0.004354 0.686266
0.116323 -0.012940 0.681597
0.125735 -0.066205 0.640520
0.125460 -0.096677 0.636958
0.050035 -0.003576 0.564052
0.055265 0.015812 0.580706
0.050425 0.023402 0.573279
0.047506 -0.000159 0.594513
0.053756 -0.021195 0.605339
0.058052 -0.001132 0.596796
0.183227 -0.090649 0.511307
0.160877 -0.116552 0.526095
0.108441 0.054439 0.519585
0.086575 0.038015 0.531453
0.230784 0.045418 0.576664
0.250477 -0.032956 0.620800
0.122283 0.027968 0.640914
0.195421 0.055273 0.585367
0.146557 -0.081086 0.634064
0.148412 -0.110275 0.634525
0.163042 -0.103188 0.629579
0.201581 0.072898 0.555837
0.205991 0.073129 0.566714
0.203683 -0.068820 0.631692
0.160618 -0.035559 0.675033
0.157660 -0.049578 0.667779
0.061912 -0.009767 0.611103
0.206310 0.012451 0.650875
0.226422 0.000276 0.638519
0.217246 0.017349 0.622397
0.228401 0.007618 0.615697
0.231362 0.012040 0.629349
0.196930 -0.042007 0.661874
0.177732 -0.047007 0.669622
0.064610 -0.045409 0.541704
0.125874 -0.019422 0.690233
0.165263 0.082581 0.609945
0.256953 0.006613 0.560469
0.225847 0.019430 0.599495
0.088773 -0.034316 0.650465
0.074749 -0.019748 0.643955
0.221126 -0.037204 0.616354
0.054561 0.030333 0.562913
0.107696 0.053908 0.597616
0.095956 0.072280 0.560355
0.089364 0.043424 0.603604
0.071507 0.041597 0.601371
0.071053 -0.012186 0.641723
0.096761 0.056168 0.533757
0.068717 0.038112 0.624766
0.080714 0.030215 0.604456
0.081966 0.048824 0.598185
0.088960 -0.020254 0.637451
0.065395 0.046920 0.619628
0.081966 0.048824 0.598185
0.061188 0.035686 0.622436
0.178767 -0.054788 0.504928
0.224647 0.031093 0.593524
0.233339 0.014467 0.588250
0.189911 -0.111971 0.633023
0.094422 -0.111771 0.598571
0.090826 -0.118526 0.605549
0.104557 -0.126264 0.607129
0.054131 0.005891 0.593660
0.063956 -0.039658 0.598776
0.051576 -0.040272 0.590114
0.063956 -0.039658 0.598776
0.136711 -0.131749 0.624253
0.089245 0.076215 0.587532
0.077033 0.060604 0.585709
0.089245 0.076215 0.587532
0.053837 0.013117 0.598193
0.055265 0.015812 0.580706
0.217691 -0.013171 0.633026
0.172866 -0.123024 0.634822
0.050425 0.023402 0.573279
0.041497 0.030572 0.576707
0.122283 0.027968 0.640914
0.130309 0.008059 0.654306
0.131466 0.006715 0.667637
0.107303 0.069806 0.595512
0.193103 -0.062744 0.641060
0.214957 -0.052562 0.634381
0.076071 0.049904 0.588066
0.089245 0.076215 0.587532
0.069788 -0.037662 0.528781
0.093911 -0.102980 0.608711
0.112976 -0.121184 0.615350
0.123267 -0.131134 0.620018
0.065546 0.046350 0.638346
0.073680 -0.062824 0.600112
0.209285 0.021054 0.598609
0.073144 -0.078505 0.518233
0.141867 0.011128 0.655594
0.084979 -0.079712 0.605484
0.089637 0.035999 0.600476
0.114771 -0.035933 0.381923
0.101182 -0.078207 0.388949
0.100064 -0.088506 0.377892
0.110202 -0.125166 0.396642
0.243037 -0.094541 0.402240
0.238372 -0.078721 0.390429
0.243977 -0.077819 0.399829
0.236425 -0.097311 0.393408
0.102557 -0.101891 0.392710
0.235687 -0.094127 0.399147
0.236425 -0.097311 0.393408
0.197283 -0.009567 0.384830
0.168106 -0.005660 0.381035
0.100064 -0.088506 0.377892
0.101182 -0.078207 0.388949
0.236451 -0.078051 0.398448
0.238372 -0.078721 0.390429
0.163521 -0.039307 0.183704
0.167337 -0.037431 0.146409
0.210939 -0.017452 0.388083
0.164959 -0.016753 0.308595
0.142187 -0.027198 0.310207
0.124319 -0.043836 0.312446
0.119939 -0.097362 0.264934
0.129423 -0.098404 0.220886
0.119939 -0.097362 0.264934
0.129423 -0.098404 0.220886
0.164634 -0.176442 0.268533
0.169777 -0.168772 0.224779
0.190080 -0.177697 0.269702
0.192429 -0.171551 0.225226
0.197510 -0.016043 0.305053
0.197447 -0.008033 0.339259
0.136375 -0.018425 0.341236
0.116226 -0.036878 0.343046
0.122605 -0.041853 0.314776
0.103580 -0.061661 0.345565
0.116099 -0.036041 0.341189
0.110237 -0.066636 0.317327
0.099914 -0.084239 0.347677
0.105615 -0.085720 0.320391
0.109049 -0.092290 0.318220
0.102507 -0.090712 0.350046
0.151003 -0.180839 0.353579
0.157918 -0.181533 0.311610
0.183179 -0.181951 0.355146
0.187141 -0.182219 0.313896
0.134947 -0.095100 0.174266
0.142166 -0.093494 0.130154
0.142166 -0.093494 0.130154
0.134947 -0.095100 0.174266
0.154665 -0.130401 0.138590
0.172640 -0.161498 0.168184
0.176262 -0.158176 0.149004
0.192859 -0.164274 0.168421
0.193739 -0.162937 0.147368
0.226702 -0.148238 0.150563
0.224540 -0.144963 0.185014
0.173461 -0.162499 0.184502
0.192971 -0.165912 0.183530
0.155403 -0.010566 0.339001
0.141911 -0.015896 0.338708
0.136827 -0.018257 0.338620
0.133910 -0.018701 0.339738
0.139097 -0.026683 0.312623
0.112207 -0.069274 0.314793
0.109049 -0.092290 0.318220
0.144209 -0.145521 0.421940
0.174289 -0.150288 0.425258
0.197673 -0.142616 0.424855
0.217120 -0.126619 0.414041
0.106971 -0.054031 0.389118
0.126985 -0.025918 0.387083
0.126911 -0.136838 0.409453
0.234039 -0.091454 0.405729
0.234959 -0.076468 0.402933
0.137673 -0.015607 0.380947
0.136560 -0.007496 0.393012
0.204326 -0.009427 0.399776
0.210305 -0.021504 0.396942
0.227000 -0.049917 0.401478
0.219812 -0.033914 0.396723
0.228283 -0.108704 0.409558
0.195452 -0.002557 0.401521
0.100954 -0.077527 0.391484
0.103599 -0.100425 0.395765
0.100954 -0.077527 0.391484
0.113536 -0.121312 0.400570
0.140543 -0.007782 0.396381
0.167351 0.000147 0.398421
0.167535 -0.026479 0.102111
0.190649 -0.004742 0.091705
0.166545 -0.013381 0.084303
0.193284 0.005458 0.082159
0.168760 -0.000509 0.068673
0.175882 0.031842 0.055492
0.173071 0.016121 0.061036
0.249531 0.029446 0.053530
0.248292 0.010047 0.060365
0.207130 -0.036332 0.119573
0.222072 -0.045360 0.118473
0.189602 -0.032896 0.120000
0.171972 -0.038378 0.120401
0.246047 -0.110794 0.081257
0.237622 -0.135273 0.091613
0.254236 -0.075457 0.052111
0.194538 -0.161987 0.119685
0.193372 -0.159429 0.133175
0.198940 -0.164545 0.100427
0.212020 -0.159328 0.099233
0.224807 -0.150815 0.096361
0.153566 -0.132435 0.110363
0.177200 -0.157595 0.119472
0.178773 -0.155219 0.132353
0.149776 -0.118996 0.084489
0.154318 -0.135312 0.092535
0.163619 -0.148375 0.097113
0.176475 -0.160367 0.100345
0.145253 -0.092263 0.105360
0.145253 -0.092263 0.105360
0.148514 -0.095914 0.069774
0.148514 -0.095914 0.069774
0.157691 0.004032 0.033134
0.158886 0.043131 0.032707
0.156224 0.022160 0.031335
0.164028 -0.027983 0.010168
0.159357 -0.065000 0.019130
0.150348 -0.069570 0.050223
0.155031 -0.082139 0.018580
0.147980 -0.073025 0.050632
0.145468 -0.096850 0.068558
0.150348 -0.069570 0.050223
0.147013 -0.121417 0.082074
0.151759 -0.137760 0.089295
0.161516 -0.151304 0.094436
0.175020 -0.161244 0.096800
0.198882 -0.165419 0.096736
0.212250 -0.162384 0.097472
0.226550 -0.153598 0.094690
0.239484 -0.139457 0.089196
0.249001 -0.113892 0.075951
0.256463 -0.079313 0.050916
0.251328 -0.086509 0.020007
0.252456 -0.091220 0.019974
0.252035 0.046482 0.046815
0.201671 0.115020 0.036924
0.165705 0.068826 0.032930
0.168816 0.078501 0.032022
0.162204 0.056271 0.034130
0.180367 0.060153 0.050653
0.249678 0.060856 0.046538
0.247830 0.074998 0.044266
0.203309 0.090081 0.052347
0.202712 0.104297 0.047560
0.182239 0.085607 0.045422
0.182425 0.074023 0.048665
0.246540 -0.123736 0.020690
0.155031 -0.082139 0.018580
0.154027 -0.085020 0.019070
0.099822 -0.089530 0.371526
0.099822 -0.089530 0.371526
0.146826 -0.171801 0.390073
0.104382 -0.063795 0.347257
0.102507 -0.090712 0.350046
0.254919 -0.086762 0.011701
0.273882 0.004766 -0.005679
0.269710 -0.017030 -0.002913
0.258514 -0.062544 0.009340
0.268607 0.076386 -0.001036
0.262977 0.090641 0.002219
0.275180 0.044815 -0.005415
0.276157 0.028191 -0.007207
0.255537 0.103705 0.005316
0.156765 -0.002629 -0.004521
0.160572 -0.032904 0.003037
0.152932 -0.083266 0.011882
0.152932 -0.083266 0.011882
0.154027 -0.085020 0.019070
0.156328 -0.064169 0.010602
0.250862 -0.106559 -0.009721
0.253519 -0.092935 0.003963
0.251405 -0.093540 -0.010215
0.240499 -0.136392 -0.011744
0.242591 -0.133070 -0.011437
0.232646 -0.147953 -0.010038
0.220087 -0.157623 -0.010160
0.212096 -0.161156 -0.009987
0.192085 -0.162966 -0.010363
0.174916 -0.157242 -0.010781
0.164767 -0.150098 -0.010830
0.155065 -0.136622 -0.010793
0.151402 -0.122068 -0.010865
0.151436 -0.108468 -0.010664
0.154298 -0.081292 0.003702
0.153196 -0.095142 -0.010359
0.156652 -0.082340 -0.010261
0.269190 -0.017810 -0.011255
0.272010 -0.004837 -0.012883
0.265202 -0.031726 -0.008263
0.257541 -0.063045 0.002232
0.253850 -0.081085 0.003669
0.273617 0.052574 -0.012684
0.270675 0.067189 -0.010342
0.275096 0.023184 -0.014523
0.275106 0.038129 -0.013839
0.256162 0.101045 -0.003081
0.259658 0.095395 -0.004634
0.241227 0.116935 0.001063
0.230593 0.122647 0.003804
0.219836 0.125288 0.003735
0.173405 0.098097 -0.006911
0.171361 0.094157 -0.007983
0.185638 0.114539 -0.001715
0.179664 0.107974 -0.004157
0.206402 0.125045 0.002948
0.196146 0.121725 0.001392
0.160324 0.067304 -0.012222
0.156967 0.054400 -0.013482
0.153866 0.032642 -0.014187
0.153992 0.023062 -0.014304
0.156613 0.001845 -0.012137
0.158911 -0.009955 -0.010308
0.161102 -0.023793 -0.007270
0.161363 -0.043887 -0.001463
0.158485 -0.062222 0.003275
0.154298 -0.081292 0.003702
0.155933 0.049030 -0.014007
0.154393 0.037236 -0.014616
0.265515 0.082883 -0.007719
0.165133 0.081227 -0.010277
0.154336 0.017432 -0.013673
0.155862 0.006060 -0.012306
0.266840 -0.023019 -0.014535
0.264877 -0.029664 -0.012945
0.274090 0.010264 -0.014266
0.272140 -0.000409 -0.017819
0.272741 0.006149 -0.018465
0.269462 -0.014484 -0.015964
0.270613 -0.007663 -0.017325
0.273718 0.013220 -0.018814
0.274117 0.020901 -0.019323
0.274666 0.027588 -0.019300
0.274641 0.035105 -0.018810
0.273989 0.043288 -0.018748
0.273539 0.050139 -0.017547
0.270718 0.064227 -0.015585
0.272207 0.056612 -0.017033
0.266087 0.079487 -0.013234
0.268555 0.071193 -0.014555
0.263291 0.087297 -0.010809
0.260193 0.094031 -0.009044
0.254731 0.102842 -0.006624
0.249513 0.109723 -0.004182
0.249185 0.110407 0.000160
0.239864 0.118006 -0.001615
0.231330 0.121866 -0.001373
0.217980 0.125197 -0.001170
0.208172 0.125300 -0.001109
0.194363 0.120659 -0.003210
0.187340 0.115563 -0.005119
0.179382 0.107223 -0.007872
0.174926 0.100414 -0.009632
0.167911 0.085201 -0.014046
0.171477 0.092700 -0.012496
0.164697 0.077668 -0.015491
0.160324 0.067304 -0.012222
0.165133 0.081227 -0.010277
0.162359 0.070586 -0.015984
0.160132 0.063701 -0.017436
0.158390 0.056115 -0.017971
0.156300 0.047243 -0.019045
0.155329 0.039468 -0.018969
0.154383 0.031210 -0.018904
0.155057 0.023514 -0.019239
0.155272 0.014744 -0.017868
0.156435 0.007674 -0.017208
0.157966 -0.000188 -0.016886
0.159084 -0.006589 -0.015703
0.162111 -0.020975 -0.012492
0.160580 -0.014468 -0.014461
0.155311 -0.091063 -0.015493
0.156906 -0.083713 -0.015203
0.153703 -0.098853 -0.015687
0.152842 -0.105066 -0.015587
0.152522 -0.111713 -0.016032
0.152597 -0.118471 -0.016266
0.154513 -0.133525 -0.015119
0.152505 -0.125718 -0.015732
0.157623 -0.140452 -0.015543
0.164364 -0.147695 -0.016194
0.189276 -0.161818 -0.015160
0.177341 -0.157751 -0.015358
0.196907 -0.162672 -0.015260
0.208530 -0.161457 -0.015088
0.229349 -0.149867 -0.015460
0.221810 -0.156286 -0.015438
0.234935 -0.144282 -0.015180
0.239136 -0.138158 -0.015165
0.247672 -0.121176 -0.010712
0.245797 -0.124352 -0.015533
0.243188 -0.131315 -0.015150
0.247824 -0.116221 -0.015868
0.249092 -0.109032 -0.015316
0.250485 -0.101543 -0.015234
0.250547 -0.093342 -0.015042
0.232309 -0.090085 0.002037
0.251405 -0.093540 -0.010215
0.253519 -0.092935 0.003963
0.187672 -0.087645 0.001353
0.156652 -0.082340 -0.010261
0.154298 -0.081292 0.003702
0.154298 -0.081292 0.003702
0.187672 -0.087645 0.001353
0.158485 -0.062222 0.003275
0.232309 -0.090085 0.002037
0.253850 -0.081085 0.003669
0.253519 -0.092935 0.003963
0.257541 -0.063045 0.002232
0.161363 -0.043887 -0.001463
0.161102 -0.023793 -0.007270
0.265202 -0.031726 -0.008263
0.264877 -0.029664 -0.012945
0.245860 -0.019459 -0.011573
0.162111 -0.020975 -0.012492
0.179618 -0.016177 -0.013792
0.158911 -0.009955 -0.010308
0.159084 -0.006589 -0.015703
0.186097 -0.002944 -0.014093
0.160580 -0.014468 -0.014461
0.157966 -0.000188 -0.016886
0.182079 0.010048 -0.015462
0.156613 0.001845 -0.012137
0.155862 0.006060 -0.012306
0.156435 0.007674 -0.017208
0.153992 0.023062 -0.014304
0.175840 0.020597 -0.016189
0.154336 0.017432 -0.013673
0.155057 0.023514 -0.019239
0.155272 0.014744 -0.017868
0.153866 0.032642 -0.014187
0.154393 0.037236 -0.014616
0.173206 0.034077 -0.016143
0.155329 0.039468 -0.018969
0.154383 0.031210 -0.018904
0.155933 0.049030 -0.014007
0.156967 0.054400 -0.013482
0.178054 0.046374 -0.015665
0.158390 0.056115 -0.017971
0.156300 0.047243 -0.019045
0.181577 0.058469 -0.014737
0.160132 0.063701 -0.017436
0.189058 0.068769 -0.013546
0.167911 0.085201 -0.014046
0.190375 0.086741 -0.010153
0.171477 0.092700 -0.012496
0.171361 0.094157 -0.007983
0.173405 0.098097 -0.006911
0.174926 0.100414 -0.009632
0.196516 0.101649 -0.006125
0.179382 0.107223 -0.007872
0.185638 0.114539 -0.001715
0.179664 0.107974 -0.004157
0.187340 0.115563 -0.005119
0.196146 0.121725 0.001392
0.206402 0.125045 0.002948
0.206585 0.108523 -0.003653
0.208172 0.125300 -0.001109
0.194363 0.120659 -0.003210
0.219836 0.125288 0.003735
0.230593 0.122647 0.003804
0.222024 0.108991 -0.002938
0.231330 0.121866 -0.001373
0.217980 0.125197 -0.001170
0.241227 0.116935 0.001063
0.249185 0.110407 0.000160
0.236610 0.103364 -0.004030
0.249513 0.109723 -0.004182
0.239864 0.118006 -0.001615
0.256162 0.101045 -0.003081
0.259658 0.095395 -0.004634
0.246167 0.091216 -0.007236
0.260193 0.094031 -0.009044
0.254731 0.102842 -0.006624
0.265515 0.082883 -0.007719
0.251291 0.077928 -0.010433
0.263291 0.087297 -0.010809
0.266087 0.079487 -0.013234
0.268555 0.071193 -0.014555
0.270675 0.067189 -0.010342
0.252864 0.063217 -0.013211
0.270718 0.064227 -0.015585
0.272207 0.056612 -0.017033
0.273617 0.052574 -0.012684
0.256742 0.051340 -0.014470
0.273539 0.050139 -0.017547
0.275106 0.038129 -0.013839
0.256605 0.037877 -0.015739
0.273989 0.043288 -0.018748
0.274641 0.035105 -0.018810
0.275096 0.023184 -0.014523
0.258895 0.024901 -0.015812
0.274666 0.027588 -0.019300
0.274117 0.020901 -0.019323
0.274090 0.010264 -0.014266
0.254637 0.013320 -0.015781
0.273718 0.013220 -0.018814
0.272741 0.006149 -0.018465
0.272010 -0.004837 -0.012883
0.258191 0.000122 -0.016291
0.272140 -0.000409 -0.017819
0.270613 -0.007663 -0.017325
0.269190 -0.017810 -0.011255
0.266840 -0.023019 -0.014535
0.249992 -0.008386 -0.013834
0.269462 -0.014484 -0.015964
0.153196 -0.095142 -0.010359
0.155311 -0.091063 -0.015493
0.174916 -0.098346 -0.012704
0.153703 -0.098853 -0.015687
0.152842 -0.105066 -0.015587
0.173485 -0.110127 -0.012815
0.151436 -0.108468 -0.010664
0.152522 -0.111713 -0.016032
0.152597 -0.118471 -0.016266
0.170321 -0.120292 -0.012799
0.151402 -0.122068 -0.010865
0.152505 -0.125718 -0.015732
0.154513 -0.133525 -0.015119
0.173035 -0.130429 -0.013039
0.155065 -0.136622 -0.010793
0.157623 -0.140452 -0.015543
0.164364 -0.147695 -0.016194
0.183271 -0.140113 -0.012841
0.164767 -0.150098 -0.010830
0.174916 -0.157242 -0.010781
0.177341 -0.157751 -0.015358
0.189276 -0.161818 -0.015160
0.195520 -0.143069 -0.013014
0.192085 -0.162966 -0.010363
0.196907 -0.162672 -0.015260
0.208530 -0.161457 -0.015088
0.209262 -0.143604 -0.012659
0.212096 -0.161156 -0.009987
0.220087 -0.157623 -0.010160
0.221810 -0.156286 -0.015438
0.229349 -0.149867 -0.015460
0.219048 -0.136459 -0.013006
0.232646 -0.147953 -0.010038
0.234935 -0.144282 -0.015180
0.240499 -0.136392 -0.011744
0.239136 -0.138158 -0.015165
0.229435 -0.130040 -0.012655
0.242591 -0.133070 -0.011437
0.243188 -0.131315 -0.015150
0.247672 -0.121176 -0.010712
0.245797 -0.124352 -0.015533
0.227755 -0.116578 -0.012745
0.247824 -0.116221 -0.015868
0.249092 -0.109032 -0.015316
0.233609 -0.104498 -0.012387
0.250862 -0.106559 -0.009721
0.250485 -0.101543 -0.015234
0.232995 -0.093224 -0.015245
0.250547 -0.093342 -0.015042
0.156906 -0.083713 -0.015203
0.179684 -0.088008 -0.015630
0.232995 -0.093224 -0.015245
0.250547 -0.093342 -0.015042
0.179684 -0.088008 -0.015630
0.156906 -0.083713 -0.015203
0.208118 -0.090788 -0.015425
0.208118 -0.090788 -0.015425
0.249357 -0.093862 0.408556
0.250467 -0.077127 0.405878
0.253927 -0.092939 0.411814
0.254578 -0.076643 0.409750
0.253231 -0.092132 0.414227
0.253843 -0.076610 0.411580
0.250909 -0.076612 0.410896
0.253231 -0.092132 0.414227
0.253843 -0.076610 0.411580
0.249943 -0.092537 0.413193
0.242712 -0.077444 0.403844
0.242994 -0.093328 0.407395
0.250909 -0.076612 0.410896
0.254578 -0.076643 0.409750
0.250467 -0.077127 0.405878
0.253843 -0.076610 0.411580
0.249943 -0.092537 0.413193
0.253927 -0.092939 0.411814
0.253231 -0.092132 0.414227
0.249357 -0.093862 0.408556
0.242994 -0.093328 0.407395
0.243037 -0.094541 0.402240
0.242712 -0.077444 0.403844
0.243977 -0.077819 0.399829
0.235687 -0.094127 0.399147
0.236451 -0.078051 0.398448
0.236425 -0.097311 0.393408
0.235687 -0.094127 0.399147
0.238372 -0.078721 0.390429
0.236451 -0.078051 0.398448
0.116226 -0.036878 0.343046
0.133910 -0.018701 0.339738
0.116099 -0.036041 0.341189
0.136375 -0.018425 0.341236
0.103580 -0.061661 0.345565
0.104382 -0.063795 0.347257
0.099914 -0.084239 0.347677
0.102507 -0.090712 0.350046
0.105615 -0.085720 0.320391
0.109049 -0.092290 0.318220
0.142187 -0.027198 0.310207
0.124319 -0.043836 0.312446
0.139097 -0.026683 0.312623
0.122605 -0.041853 0.314776
0.110237 -0.066636 0.317327
0.112207 -0.069274 0.314793
0.141911 -0.015896 0.338708
0.141462 -0.026403 0.313415
0.136827 -0.018257 0.338620
0.145766 -0.023662 0.313026
0.136827 -0.018257 0.338620
0.141462 -0.026403 0.313415
0.141462 -0.026403 0.313415
0.145766 -0.023662 0.313026
0.159098 -0.017414 0.313179
0.155403 -0.010566 0.339001
0.145766 -0.023662 0.313026
0.141911 -0.015896 0.338708
0.159098 -0.017414 0.313179
0.215209 -0.075067 0.585439
0.204704 -0.094877 0.588367
0.232698 -0.012193 0.560076
0.237053 -0.011426 0.551323
0.229598 -0.033460 0.572488
0.089538 0.021302 0.512430
0.116331 0.045313 0.514491
0.085930 0.026849 0.523534
0.183204 -0.113860 0.590063
0.218513 0.032347 0.534469
0.231391 0.015317 0.540165
0.221464 0.033050 0.526560
0.227779 0.015497 0.544504
0.132937 0.049398 0.512221
0.152823 -0.122590 0.588557
0.120458 -0.121291 0.576444
0.117988 -0.116411 0.583121
0.072093 0.003073 0.533310
0.099440 -0.113006 0.570725
0.117988 -0.116411 0.583121
0.089988 -0.105323 0.576795
0.120458 -0.121291 0.576444
0.063971 -0.030877 0.550839
0.071118 -0.081643 0.572008
0.225358 -0.050828 0.579753
0.209732 0.039738 0.529231
0.194774 0.049474 0.521189
0.066197 -0.063156 0.565241
0.173594 0.054032 0.516200
0.150242 0.053132 0.512387
0.204993 0.002327 0.401878
0.210126 0.019073 0.425457
0.216218 -0.017620 0.395657
0.176533 0.054733 0.500161
0.133385 -0.000161 0.394634
0.124872 0.013134 0.415608
0.120959 -0.022898 0.387235
0.222489 0.026976 0.505961
0.165602 0.007036 0.395221
0.140125 0.016389 0.414403
0.169550 0.024039 0.408860
0.140417 0.001760 0.394597
0.126377 -0.129659 0.537461
0.103658 -0.050168 0.389718
0.139808 -0.151756 0.426269
0.134745 -0.144109 0.452395
0.122837 -0.140770 0.412553
0.195150 0.022812 0.413710
0.193732 0.003445 0.398590
0.117019 0.035189 0.495654
0.137829 0.046799 0.497223
0.094829 0.017477 0.497413
0.097915 -0.077419 0.391971
0.100863 -0.101445 0.397562
0.110564 -0.123932 0.402497
0.126377 -0.129659 0.537461
0.132530 -0.132294 0.494011
0.139808 -0.151756 0.426269
0.172242 -0.153612 0.431352
0.134745 -0.144109 0.452395
0.199778 -0.146138 0.431657
0.219501 -0.129828 0.419056
0.230653 -0.109108 0.412718
0.234939 -0.091529 0.407341
0.231968 -0.051019 0.400446
0.223941 -0.030147 0.396127
0.199490 0.048114 0.502918
0.111291 0.028100 0.485382
0.132530 -0.132294 0.494011
0.221801 0.019743 0.483773
0.207776 0.042061 0.493115
0.196955 0.034127 0.418159
0.205073 0.037945 0.428624
0.146841 0.031881 0.412583
0.168409 0.032643 0.413460
0.199317 0.054812 0.479201
0.202835 0.047526 0.456242
0.125746 0.041400 0.447281
0.129244 0.035491 0.428502
0.185541 0.058923 0.487416
0.161087 0.058330 0.484107
0.135377 0.054783 0.481316
0.133670 0.031287 0.416755
0.136560 -0.007496 0.393012
0.140543 -0.007782 0.396381
0.167351 0.000147 0.398421
0.195452 -0.002557 0.401521
0.204998 0.042117 0.440858
0.122904 0.048434 0.471572
0.126985 -0.025918 0.387083
0.204326 -0.009427 0.399776
0.210305 -0.021504 0.396942
0.219812 -0.033914 0.396723
0.227000 -0.049917 0.401478
0.234959 -0.076468 0.402933
0.234039 -0.091454 0.405729
0.228283 -0.108704 0.409558
0.217120 -0.126619 0.414041
0.197673 -0.142616 0.424855
0.174289 -0.150288 0.425258
0.144209 -0.145521 0.421940
0.126911 -0.136838 0.409453
0.144209 -0.145521 0.421940
0.113536 -0.121312 0.400570
0.103599 -0.100425 0.395765
0.100954 -0.077527 0.391484
0.106971 -0.054031 0.389118
0.116331 0.045313 0.514491
0.085930 0.026849 0.523534
0.156126 -0.024156 0.552467
0.132937 0.049398 0.512221
0.116331 0.045313 0.514491
0.156126 -0.024156 0.552467
0.209732 0.039738 0.529231
0.194774 0.049474 0.521189
0.156126 -0.024156 0.552467
0.173594 0.054032 0.516200
0.150242 0.053132 0.512387
0.156126 -0.024156 0.552467
0.150242 0.053132 0.512387
0.132937 0.049398 0.512221
0.156126 -0.024156 0.552467
0.194774 0.049474 0.521189
0.173594 0.054032 0.516200
0.156126 -0.024156 0.552467
0.218513 0.032347 0.534469
0.209732 0.039738 0.529231
0.156126 -0.024156 0.552467
0.204704 -0.094877 0.588367
0.215209 -0.075067 0.585439
0.156126 -0.024156 0.552467
0.229598 -0.033460 0.572488
0.232698 -0.012193 0.560076
0.156126 -0.024156 0.552467
0.183204 -0.113860 0.590063
0.204704 -0.094877 0.588367
0.156126 -0.024156 0.552467
0.227779 0.015497 0.544504
0.218513 0.032347 0.534469
0.156126 -0.024156 0.552467
0.152823 -0.122590 0.588557
0.183204 -0.113860 0.590063
0.156126 -0.024156 0.552467
0.232698 -0.012193 0.560076
0.227779 0.015497 0.544504
0.156126 -0.024156 0.552467
0.117988 -0.116411 0.583121
0.152823 -0.122590 0.588557
0.156126 -0.024156 0.552467
0.085930 0.026849 0.523534
0.072093 0.003073 0.533310
0.156126 -0.024156 0.552467
0.089988 -0.105323 0.576795
0.117988 -0.116411 0.583121
0.156126 -0.024156 0.552467
0.072093 0.003073 0.533310
0.063971 -0.030877 0.550839
0.156126 -0.024156 0.552467
0.071118 -0.081643 0.572008
0.089988 -0.105323 0.576795
0.156126 -0.024156 0.552467
0.225358 -0.050828 0.579753
0.229598 -0.033460 0.572488
0.156126 -0.024156 0.552467
0.066197 -0.063156 0.565241
0.071118 -0.081643 0.572008
0.156126 -0.024156 0.552467
0.215209 -0.075067 0.585439
0.225358 -0.050828 0.579753
0.156126 -0.024156 0.552467
0.063971 -0.030877 0.550839
0.066197 -0.063156 0.565241
0.156126 -0.024156 0.552467
1245 1247
1252 1253
1233 1235
1240 1241
1251 1253
1258 1259
1239 1241
1246 1247
1227 1229
1234 1235
1257 1259
1264 1265
1221 1223
1228 1229
1249 1250
1263 1265
1201 1202
1242 1244
1243 1244
1248 1250
1207 1208
1215 1217
1200 1202
1204 1205
1209 1211
1216 1217
1210 1211
1212 1214
1203 1205
1213 1214
1206 1208
1219 1220
1218 1220
1231 1232
1222 1223
1260 1262
1230 1232
1237 1238
0 1
21 22
53 55
54 75
56 96
56 97
2 76
2 77
55 96
75 115
1 76
21 95
57 97
57 98
3 77
3 78
0 23
22 24
51 53
52 54
5 79
5 80
59 99
59 100
58 98
58 99
4 78
4 79
33 35
34 36
39 41
40 42
25 27
26 28
47 49
48 50
6 80
6 81
60 100
60 101
27 29
28 30
45 47
46 48
10 84
10 85
64 104
64 105
7 81
7 82
61 101
61 102
11 85
11 86
9 83
9 84
65 105
65 106
63 103
63 104
8 82
8 83
62 102
62 103
31 33
32 34
41 43
42 44
12 86
12 87
66 106
66 107
14 88
14 89
68 108
68 109
15 89
15 90
69 109
69 110
13 87
13 88
67 107
67 108
23 25
24 26
49 51
50 52
29 31
30 32
43 45
44 46
73 113
73 114
19 93
19 94
70 110
70 111
16 90
16 91
71 111
71 112
17 91
17 92
72 112
72 113
18 92
18 93
74 114
74 115
20 94
20 95
35 37
36 38
37 39
38 40
1254 1256
1261 1262
1225 1226
1236 1238
1224 1226
1255 1256
117 192
137 211
171 212
191 231
116 117
137 138
169 171
170 191
118 192
118 193
172 212
172 213
119 193
119 194
173 213
173 214
143 145
144 146
161 163
162 164
120 194
120 195
174 214
174 215
121 195
121 196
175 215
175 216
176 216
176 217
122 196
122 197
149 151
150 152
155 157
156 158
116 139
138 140
167 169
168 170
177 217
177 218
123 197
123 198
179 219
179 220
181 221
181 222
125 199
125 200
127 201
127 202
147 149
148 150
157 159
158 160
180 220
180 221
126 200
126 201
178 218
178 219
124 198
124 199
182 222
182 223
128 202
128 203
184 224
184 225
130 204
130 205
139 141
140 142
165 167
166 168
131 205
131 206
185 225
185 226
183 223
183 224
129 203
129 204
132 206
132 207
186 226
186 227
141 143
142 144
163 165
164 166
134 208
134 209
188 228
188 229
133 207
133 208
187 227
187 228
135 209
135 210
189 229
189 230
136 210
136 211
190 230
190 231
145 147
146 148
159 161
160 162
151 153
152 154
153 155
154 156
339 340
249 251
251 359
585 628
587 603
359 425
301 302
418 537
412 481
586 609
588 612
665 667
357 358
585 586
587 588
591 592
609 610
611 612
589 590
867 870
874 876
591 608
276 277
1135 1161
1148 1149
589 606
517 555
520 555
1138 1149
1152 1161
406 407
250 251
310 312
605 606
252 254
592 621
296 536
411 550
607 608
590 620
290 291
265 349
1108 1135
1114 1148
339 525
322 323
1110 1115
1248 1249
326 376
370 416
331 422
687 688
288 289
605 723
579 580
470 542
245 373
476 477
331 421
1099 1100
1200 1201
365 387
399 402
680 682
681 683
1107 1109
1239 1240
279 465
279 545
1115 1120
1263 1264
408 550
310 311
351 361
593 594
298 537
281 283
337 408
618 619
633 634
1182 1199
263 287
276 423
689 690
693 719
667 704
870 872
873 874
760 761
879 882
271 399
313 314
250 479
403 531
256 456
705 718
280 377
328 329
1150 1151
682 689
683 693
603 604
1071 1073
376 448
736 740
402 447
1129 1136
1095 1105
1236 1237
574 638
253 514
312 384
353 354
243 244
347 348
1101 1107
1233 1234
354 355
735 736
446 542
386 431
417 419
1132 1133
1112 1113
1245 1246
1113 1116
1251 1252
629 630
1192 1193
238 522
1142 1174
701 702
304 336
402 404
287 288
412 503
691 692
433 434
360 361
596 724
1064 1069
573 574
304 306
1096 1103
431 439
1100 1110
1242 1243
328 330
307 308
265 267
325 375
1164 1167
598 599
1066 1068
625 626
1065 1076
239 241
1094 1101
1227 1228
412 413
281 282
266 286
321 387
1027 1033
1030 1032
1131 1141
1151 1153
1153 1154
470 472
263 393
645 651
1178 1179
280 366
887 889
613 673
584 627
1075 1079
339 489
692 694
650 651
1177 1178
329 451
889 890
1136 1145
1064 1068
601 602
1070 1072
422 482
253 510
597 600
1077 1078
637 642
1186 1187
309 457
291 505
1137 1138
1150 1152
303 533
359 551
332 342
434 509
405 548
347 350
631 632
1190 1191
676 683
595 596
1064 1067
888 889
355 380
236 485
1160 1181
267 374
552 553
828 913
519 520
724 725
1069 1071
1080 1083
1090 1091
443 444
389 442
622 1088
1089 1092
892 893
1127 1129
1081 1082
1084 1085
1093 1117
1260 1261
913 914
526 553
262 264
892 894
425 551
493 494
331 333
580 664
322 324
308 370
315 445
307 416
1127 1128
891 892
261 369
336 400
1173 1174
470 471
325 326
275 277
342 368
247 248
826 913
284 286
408 410
582 1086
252 253
892 895
1157 1187
1131 1134
281 461
272 274
1170 1181
241 367
427 428
234 316
276 482
543 544
350 441
443 487
408 438
257 342
251 478
443 488
350 540
236 266
409 437
403 530
532 556
267 285
552 560
290 506
547 548
610 680
611 681
1024 1033
1028 1032
1146 1147
599 625
1065 1066
466 501
515 516
1145 1146
1095 1097
1224 1225
565 570
1172 1173
247 483
338 452
630 631
1191 1192
726 729
337 406
583 584
1074 1075
252 337
300 458
473 474
316 318
1103 1104
436 438
1137 1139
291 468
263 264
633 646
1198 1199
1154 1155
1168 1169
1133 1166
415 416
293 513
356 360
357 478
278 388
284 285
1126 1159
449 450
379 396
345 402
258 260
1142 1143
1123 1125
1121 1122
1209 1210
256 257
647 649
1196 1197
389 463
727 733
323 330
409 502
343 459
1159 1172
627 628
1073 1079
647 648
1197 1198
280 363
1130 1162
316 469
431 543
305 442
305 389
528 554
385 436
1026 1027
1030 1031
379 393
827 911
882 884
1139 1147
328 504
629 635
1194 1195
246 502
320 321
297 538
598 601
1068 1070
438 439
345 346
1157 1158
829 911
329 330
907 908
1093 1094
1221 1222
597 626
1076 1077
300 471
473 538
269 270
727 728
310 523
906 908
635 649
1194 1196
974 975
652 664
911 912
371 413
1119 1121
1215 1216
474 475
982 983
319 504
465 466
342 369
652 654
462 463
341 384
458 530
474 532
977 979
896 897
908 909
908 910
272 325
271 345
375 547
355 393
286 314
897 898
424 551
1102 1105
1230 1231
604 722
721 725
883 884
239 367
429 430
1166 1167
634 639
1176 1182
632 644
1189 1190
317 468
973 975
1104 1130
867 869
876 878
339 348
897 900
981 982
979 980
298 418
243 489
982 984
296 297
411 508
275 466
342 511
897 899
464 465
685 686
331 342
432 433
994 995
262 501
616 617
978 979
881 886
298 538
430 459
285 556
403 560
294 295
329 449
784 785
880 881
257 456
582 1087
262 282
310 328
256 534
546 550
270 500
244 322
666 672
1163 1168
915 918
993 994
915 919
659 660
331 332
350 533
401 560
1016 1018
915 917
975 976
415 463
410 502
361 477
242 507
404 531
253 254
525 540
654 656
420 475
999 1000
337 510
491 499
1018 1019
1116 1120
1257 1258
358 372
399 527
399 401
1128 1175
377 381
272 273
362 377
440 533
321 384
346 398
322 507
513 518
235 236
236 237
1170 1171
512 519
489 548
915 916
700 701
456 534
535 536
382 499
998 999
600 602
1072 1078
454 554
319 320
310 524
1017 1018
614 615
1124 1165
999 1001
255 342
432 509
240 430
352 426
965 966
276 422
247 409
516 517
966 968
290 427
526 528
521 555
374 441
441 553
233 485
1118 1119
1206 1207
328 412
246 248
786 787
873 875
319 321
901 903
407 444
257 549
261 295
674 679
966 967
1097 1117
1254 1255
259 260
903 905
994 996
785 786
875 880
990 991
902 903
421 423
272 381
292 294
986 987
376 539
508 542
325 376
305 487
305 462
567 569
572 578
989 990
903 904
1155 1156
986 988
367 368
310 480
388 544
656 658
269 447
994 997
676 677
519 555
425 426
957 958
636 644
1188 1189
990 992
236 265
286 313
294 513
958 960
694 695
659 706
950 951
761 762
877 879
663 664
958 959
478 514
385 435
455 550
450 493
315 428
451 497
684 686
466 467
316 486
885 886
642 643
1185 1186
299 531
985 986
920 923
920 921
1003 1006
1008 1009
392 483
951 952
1002 1003
389 391
354 484
1003 1004
1003 1005
661 663
362 499
1008 1010
926 927
282 490
537 538
930 932
437 438
383 498
1106 1122
1212 1213
255 257
688 690
295 421
949 951
234 469
1021 1022
925 927
1024 1025
1028 1029
326 450
638 650
661 662
931 932
695 696
239 492
920 922
248 392
393 395
296 298
1021 1023
309 415
291 394
318 468
379 395
266 267
241 369
1099 1106
1203 1204
927 929
422 423
955 956
1007 1008
367 512
459 492
1174 1181
927 928
954 955
699 700
402 560
380 383
246 247
418 535
696 697
367 521
657 658
242 244
368 561
279 464
264 393
325 327
428 468
932 934
732 733
920 924
390 487
677 678
504 557
451 494
396 499
562 634
495 497
320 341
1168 1172
352 558
362 363
953 955
290 453
279 281
371 503
545 559
429 445
1169 1180
1036 1037
311 392
322 405
1020 1021
368 511
1098 1144
962 963
614 620
529 538
961 962
417 512
378 383
330 497
515 555
451 493
448 539
332 333
326 493
962 964
571 577
1058 1059
573 581
347 486
309 416
634 638
255 256
509 546
317 353
932 933
500 551
425 558
247 384
344 500
527 528
451 495
353 484
1038 1039
1041 1042
494 497
277 288
259 547
730 731
319 329
581 640
399 526
1128 1132
506 518
641 643
1184 1185
288 294
671 672
368 369
261 333
459 474
292 506
461 501
323 328
731 734
438 509
945 946
406 408
268 558
636 637
1187 1188
294 506
293 294
946 947
935 937
388 559
390 442
616 621
334 335
937 939
283 363
563 564
575 576
946 948
707 715
517 561
969 970
553 554
326 448
714 715
936 937
419 537
475 537
320 557
778 791
827 828
332 369
1125 1158
1087 1088
1090 1092
970 972
671 698
290 293
289 394
496 497
617 669
940 942
434 439
638 639
706 712
364 491
363 364
435 439
622 623
1089 1091
395 491
367 516
942 944
712 713
312 341
942 943
467 501
504 524
937 938
941 942
742 743
868 869
288 505
241 261
324 494
290 430
344 398
262 460
653 655
755 757
871 872
435 436
711 717
397 449
448 494
310 415
382 498
970 971
1013 1015
346 447
365 388
344 424
413 416
421 422
349 485
244 507
1166 1175
378 396
1164 1165
668 669
640 641
1183 1184
329 495
320 523
698 699
378 498
295 453
311 312
258 489
297 298
328 414
292 505
685 710
1111 1113
232 233
233 237
1013 1014
233 316
276 465
544 545
442 487
246 444
426 558
441 454
413 414
1171 1175
674 675
330 496
504 523
297 541
472 508
512 520
331 482
433 543
708 710
367 420
391 480
277 423
1165 1180
1012 1013
405 507
1011 1013
415 480
1102 1118
1218 1219
852 853
997 998
274 365
750 751
995 996
389 462
1140 1164
329 496
392 488
319 557
393 491
464 466
716 717
544 559
306 372
278 559
472 542
295 423
299 458
358 400
742 762
877 878
1123 1141
243 339
417 520
517 549
487 488
854 855
1001 1002
471 472
538 541
375 383
275 287
269 346
325 381
278 545
390 392
566 569
1055 1060
640 645
1179 1183
516 561
312 483
270 398
327 449
290 518
770 771
930 931
1045 1058
1054 1061
322 481
417 535
456 549
567 568
1057 1062
776 777
925 926
301 540
1040 1044
1046 1056
328 524
1123 1179
511 517
441 533
436 437
236 469
287 467
349 486
526 527
769 815
935 936
385 409
367 419
264 491
708 709
1134 1176
257 517
317 484
850 851
992 993
856 857
1006 1007
378 380
818 819
928 934
1134 1177
347 540
280 283
258 259
259 489
816 817
933 939
774 775
922 923
293 518
380 547
1043 1045
1050 1054
473 529
322 340
813 814
938 944
566 1034
1053 1055
303 350
568 1035
1048 1057
820 821
924 929
1137 1195
1150 1193
809 810
948 949
747 748
1004 1005
506 513
475 529
1108 1109
1112 1114
296 418
419 420
529 537
737 755
738 787
824 825
914 916
441 554
822 823
919 921
1044 1059
1056 1063
577 578
1062 1063
413 503
865 866
1023 1025
340 481
848 849
988 989
511 561
807 808
952 953
832 833
904 910
830 831
909 912
834 835
899 905
1072 1073
801 802
964 967
811 812
943 947
803 804
960 963
842 843
978 1026
720 737
738 739
826 829
741 865
1022 1023
861 862
1015 1017
858 859
1010 1012
1070 1071
863 864
1019 1020
1127 1134
766 805
957 959
836 837
895 900
860 863
1016 1019
794 795
883 974
799 800
972 976
805 806
956 959
840 841
885 890
756 842
977 978
749 854
1000 1001
767 768
940 941
846 847
984 985
746 858
1009 1010
759 797
969 971
746 856
1007 1009
797 798
968 971
752 850
991 992
838 839
888 891
571 572
1060 1061
753 847
985 987
758 794
973 974
756 844
977 980
765 803
961 963
790 809
945 948
564 721
575 722
741 864
1020 1022
754 846
983 984
249 359
783 839
887 888
783 841
887 890
778 830
827 912
826 828
844 845
980 981
748 855
1002 1004
764 810
949 950
753 849
987 988
754 845
981 983
791 824
828 914
763 808
953 954
860 861
1016 1017
796 798
965 968
764 807
950 952
784 840
881 885
751 851
993 995
766 804
957 960
790 811
945 947
758 799
973 976
747 857
1005 1006
1034 1036
1051 1053
749 852
998 1000
781 792
896 898
1035 1037
1047 1048
623 624
1080 1082
779 788
906 907
759 800
969 972
763 806
954 956
796 801
965 967
765 802
961 964
827 829
788 832
906 910
752 848
989 991
782 838
891 893
770 817
931 933
771 818
930 934
639 650
1176 1177
750 853
996 997
793 837
894 895
757 843
871 1031
760 795
882 883
1081 1083
1086 1087
792 836
898 900
781 835
896 899
777 820
925 929
779 831
907 909
789 833
902 904
780 834
901 905
743 866
868 1029
704 705
355 379
773 825
916 917
768 812
941 943
780 789
901 902
667 703
772 773
917 918
776 819
926 928
814 815
936 938
782 793
893 894
767 813
940 944
691 693
745 862
1014 1015
744 859
1011 1012
1074 1076
774 821
922 924
744 745
1011 1014
679 697
772 823
918 919
775 822
921 923
670 698
232 234
234 235
1041 1043
1050 1052
583 1086
1074 1085
769 816
935 939
690 739
719 720
1040 1042
1046 1049
1065 1067
595 624
1067 1084
1036 1038
1051 1052
563 646
576 648
1037 1039
1047 1049
