12488200719141026659 2365 1900
-0.200455 0.003607 0.166331
-0.221873 0.000575 0.168075
-0.221283 0.002286 0.206605
-0.141863 0.005003 0.246479
-0.145956 0.002267 0.204744
-0.202264 0.003090 0.156349
-0.211006 0.002890 0.156533
-0.171036 0.003660 0.164841
-0.149445 0.000055 0.166089
-0.162098 0.002864 0.153555
-0.211006 0.002890 0.156533
-0.202264 0.003090 0.156349
-0.200676 0.001606 0.148366
-0.171360 0.001670 0.154586
-0.162098 0.002864 0.153555
-0.162429 0.001850 0.142313
-0.168042 0.001119 0.142127
-0.199283 0.005523 0.146276
-0.200676 0.001606 0.148366
-0.173346 0.001799 0.147489
-0.174909 0.005239 0.141338
-0.174855 0.005579 0.144990
-0.199714 0.005168 0.142389
-0.206456 0.000724 0.143883
-0.201646 0.001234 0.139409
-0.212165 0.001839 0.144727
-0.173280 0.001407 0.138290
-0.174819 0.002450 0.135166
-0.201646 0.001234 0.139409
-0.200364 0.002369 0.136249
-0.200364 0.002369 0.136249
-0.206527 0.001913 0.136032
-0.168798 0.002033 0.134502
-0.168798 0.002033 0.134502
-0.169247 0.001258 0.128095
-0.198614 0.001883 0.129063
-0.176778 0.001697 0.127814
-0.178458 0.000546 0.122320
-0.206422 0.001099 0.129683
-0.197747 -0.002879 0.121335
-0.197865 0.000856 0.123277
-0.178458 0.000546 0.122320
-0.176778 0.001697 0.127814
-0.169247 0.001258 0.128095
-0.169225 0.000170 0.122113
-0.178458 0.000546 0.122320
-0.169225 0.000170 0.122113
-0.169857 -0.002858 0.121833
-0.206876 0.000030 0.123930
-0.197865 0.000856 0.123277
-0.198084 -0.002761 0.123273
-0.206876 0.000030 0.123930
-0.206422 0.001099 0.129683
-0.198614 0.001883 0.129063
-0.207399 -0.000284 0.121875
-0.206876 0.000030 0.123930
-0.206649 -0.002904 0.123097
-0.207399 -0.000284 0.121875
-0.207442 -0.003621 0.120499
-0.212391 -0.003870 0.120554
-0.207399 -0.000284 0.121875
-0.213327 -0.000579 0.121358
-0.212750 0.000943 0.133560
-0.206527 0.001913 0.136032
-0.206383 0.000809 0.140724
-0.212165 0.001839 0.144727
-0.206456 0.000724 0.143883
-0.162429 0.001850 0.142313
-0.168333 0.001182 0.139540
-0.168042 0.001119 0.142127
-0.163161 0.000812 0.129844
-0.168798 0.002033 0.134502
-0.163637 -0.000142 0.117707
-0.169153 -0.000652 0.119355
-0.169153 -0.000652 0.119355
-0.169804 -0.003310 0.118755
-0.169857 -0.002858 0.121833
-0.164689 -0.003859 0.118013
-0.169804 -0.003310 0.118755
-0.169153 -0.000652 0.119355
-0.178714 -0.002828 0.120801
-0.169857 -0.002858 0.121833
-0.169804 -0.003310 0.118755
-0.197747 -0.002879 0.121335
-0.179053 -0.003518 0.118851
-0.197835 -0.003758 0.119824
-0.207442 -0.003621 0.120499
-0.206649 -0.002904 0.123097
-0.178196 -0.002769 0.122210
-0.178196 -0.002769 0.122210
-0.198084 -0.002761 0.123273
-0.197747 -0.002879 0.121335
-0.212391 -0.003870 0.120554
-0.207442 -0.003621 0.120499
-0.212268 -0.011252 0.121731
-0.169804 -0.003310 0.118755
-0.164689 -0.003859 0.118013
-0.164610 -0.011144 0.118959
-0.197835 -0.003758 0.119824
-0.179053 -0.003518 0.118851
-0.189191 -0.012439 0.123218
-0.164689 -0.003859 0.118013
-0.163637 -0.000142 0.117707
-0.163528 -0.000664 0.115776
-0.212391 -0.003870 0.120554
-0.212268 -0.011252 0.121731
-0.214034 -0.001096 0.118437
-0.213327 -0.000579 0.121358
-0.164610 -0.011144 0.118959
-0.164610 -0.011144 0.118959
-0.163528 -0.000664 0.115776
-0.155471 -0.003314 0.114880
-0.222201 -0.012273 0.120412
-0.221893 -0.003180 0.118542
-0.152325 -0.000594 0.142060
-0.153820 -0.001450 0.129375
-0.163637 -0.000142 0.117707
-0.163161 0.000812 0.129844
-0.155471 -0.003314 0.114880
-0.163528 -0.000664 0.115776
-0.214034 -0.001096 0.118437
-0.221893 -0.003180 0.118542
-0.213327 -0.000579 0.121358
-0.222399 -0.001542 0.135587
-0.222297 -0.000476 0.149409
-0.212165 0.001839 0.144727
-0.221893 -0.003180 0.118542
-0.222201 -0.012273 0.120412
-0.223756 -0.012904 0.124364
-0.222399 -0.001542 0.135587
-0.222623 -0.010283 0.152643
-0.222596 -0.009591 0.171792
-0.221873 0.000575 0.168075
-0.221283 0.002286 0.206605
-0.222200 -0.001758 0.250027
-0.221351 0.004249 0.246860
-0.153820 -0.001450 0.129375
-0.152555 -0.011524 0.133744
-0.154494 -0.011376 0.116589
-0.152325 -0.000594 0.142060
-0.151215 -0.010311 0.147916
-0.149445 0.000055 0.166089
-0.148580 -0.009300 0.172021
-0.145956 0.002267 0.204744
-0.143937 -0.005675 0.210059
-0.141863 0.005003 0.246479
-0.222623 -0.010283 0.152643
-0.223756 -0.012904 0.124364
-0.230638 -0.014977 0.128979
-0.231730 -0.044177 0.122509
-0.239124 -0.073358 0.122766
-0.243646 -0.070247 0.128352
-0.249340 -0.098014 0.129713
-0.237141 -0.042483 0.128410
-0.230613 -0.013925 0.154420
-0.231036 -0.009645 0.209232
-0.231269 -0.005548 0.250152
-0.222656 -0.006037 0.208775
-0.230577 -0.012372 0.177942
-0.222596 -0.009591 0.171792
-0.250796 -0.095933 0.154638
-0.250891 -0.066341 0.213027
-0.254987 -0.061512 0.253228
-0.248567 -0.076008 0.219184
-0.248468 -0.101597 0.182589
-0.247708 -0.102793 0.144029
-0.247708 -0.102793 0.144029
-0.250245 -0.109116 0.142458
-0.252246 -0.107605 0.183732
-0.247260 -0.102511 0.125370
-0.250700 -0.109748 0.121493
-0.250245 -0.109116 0.142458
-0.239124 -0.073358 0.122766
-0.246492 -0.107127 0.118468
-0.238287 -0.073976 0.117367
-0.231165 -0.044909 0.116913
-0.231730 -0.044177 0.122509
-0.223756 -0.012904 0.124364
-0.224317 -0.015541 0.116882
-0.223756 -0.012904 0.124364
-0.224317 -0.015541 0.116882
-0.220032 -0.014366 0.116288
-0.203205 -0.022388 0.119890
-0.211699 -0.017107 0.117545
-0.170854 -0.019417 0.116471
-0.157685 -0.014005 0.113140
-0.154494 -0.011376 0.116589
-0.154101 -0.013598 0.119213
-0.153942 -0.014709 0.113803
-0.203205 -0.022388 0.119890
-0.189922 -0.028594 0.113898
-0.154101 -0.013598 0.119213
-0.154494 -0.011376 0.116589
-0.153942 -0.014709 0.113803
-0.210867 -0.031593 0.114901
-0.211699 -0.017107 0.117545
-0.170944 -0.031468 0.113268
-0.170944 -0.031468 0.113268
-0.157685 -0.014005 0.113140
-0.149807 -0.035472 0.112191
-0.153942 -0.014709 0.113803
-0.147890 -0.034203 0.118462
-0.149807 -0.035472 0.112191
-0.153942 -0.014709 0.113803
-0.154101 -0.013598 0.119213
-0.145969 -0.015648 0.123430
-0.143285 -0.052865 0.118104
-0.138092 -0.050292 0.122741
-0.131945 -0.074624 0.122515
-0.144858 -0.054127 0.112008
-0.135996 -0.080954 0.117528
-0.154828 -0.039866 0.109911
-0.144858 -0.054127 0.112008
-0.139753 -0.085267 0.108830
-0.146704 -0.055315 0.108529
-0.152555 -0.011524 0.133744
-0.142958 -0.014774 0.147596
-0.151215 -0.010311 0.147916
-0.148580 -0.009300 0.172021
-0.143937 -0.005675 0.210059
-0.135550 -0.009543 0.210649
-0.140028 -0.001838 0.246019
-0.117487 -0.094474 0.184859
-0.121462 -0.095545 0.158719
-0.127423 -0.098104 0.122927
-0.130124 -0.102375 0.118177
-0.127931 -0.108746 0.112370
-0.130343 -0.100842 0.111759
-0.135368 -0.086327 0.111910
-0.130343 -0.100842 0.111759
-0.134931 -0.100211 0.107948
-0.127931 -0.108746 0.112370
-0.128196 -0.111969 0.136558
-0.126171 -0.109390 0.138339
-0.122735 -0.101444 0.173918
-0.118844 -0.108081 0.176251
-0.118182 -0.100250 0.189403
-0.113970 -0.082088 0.217014
-0.248851 -0.099837 0.196014
-0.248468 -0.101597 0.182589
-0.252246 -0.107605 0.183732
-0.252827 -0.107557 0.200935
-0.252037 -0.083772 0.221706
-0.254216 -0.071375 0.264660
-0.248567 -0.076008 0.219184
-0.256619 -0.080066 0.263935
-0.252037 -0.083772 0.221706
-0.252606 -0.090589 0.225738
-0.252827 -0.107557 0.200935
-0.252246 -0.107605 0.183732
-0.253968 -0.118673 0.182607
-0.251986 -0.116935 0.145138
-0.250245 -0.109116 0.142458
-0.250700 -0.109748 0.121493
-0.250077 -0.117392 0.120869
-0.183004 0.033014 0.326944
-0.171506 0.033318 0.327011
-0.209860 0.032053 0.328332
-0.197403 0.032587 0.327307
-0.221539 0.016990 0.288822
-0.222234 0.029140 0.322972
-0.156410 0.033435 0.327183
-0.143317 0.033193 0.327962
-0.140770 0.049119 0.379433
-0.139243 0.058403 0.411849
-0.127731 0.056901 0.411887
-0.171506 0.033318 0.327011
-0.183004 0.033014 0.326944
-0.179707 0.054362 0.377320
-0.167998 0.054472 0.377623
-0.176875 0.071081 0.412606
-0.143317 0.033193 0.327962
-0.156410 0.033435 0.327183
-0.153687 0.054665 0.377790
-0.142294 0.054213 0.378076
-0.151917 0.069529 0.411070
-0.197403 0.032587 0.327307
-0.209860 0.032053 0.328332
-0.206202 0.052940 0.378816
-0.194256 0.053655 0.377938
-0.203054 0.068112 0.415168
-0.183004 0.033014 0.326944
-0.197403 0.032587 0.327307
-0.192561 0.048813 0.378467
-0.190583 0.060158 0.413592
-0.192561 0.048813 0.378467
-0.190583 0.060158 0.413592
-0.156410 0.033435 0.327183
-0.171506 0.033318 0.327011
-0.166732 0.049672 0.378386
-0.155605 0.049469 0.378491
-0.164225 0.061120 0.412467
-0.154066 0.060241 0.411780
-0.166247 0.070771 0.412249
-0.164225 0.061120 0.412467
-0.166732 0.049672 0.378386
-0.155605 0.049469 0.378491
-0.140695 0.067769 0.411152
-0.139243 0.058403 0.411849
-0.209860 0.032053 0.328332
-0.222160 0.031336 0.329128
-0.219582 0.046573 0.380348
-0.207591 0.048158 0.380278
-0.217053 0.056812 0.415835
-0.207591 0.048158 0.380278
-0.205409 0.058291 0.415547
-0.131379 0.030726 0.323410
-0.128482 0.047763 0.378919
-0.131239 0.032667 0.328325
-0.137030 0.018648 0.288402
-0.134980 0.009382 0.289746
-0.134980 0.009382 0.289746
-0.125508 0.004212 0.291316
-0.131486 -0.005854 0.245310
-0.099738 -0.069697 0.298302
-0.106055 -0.079502 0.251956
-0.089835 -0.069277 0.338733
-0.084385 -0.066883 0.382060
-0.074941 -0.049809 0.452833
-0.077340 -0.061754 0.450555
-0.082148 -0.071563 0.380738
-0.075255 -0.068093 0.448025
-0.077373 -0.070901 0.420229
-0.099738 -0.069697 0.298302
-0.089835 -0.069277 0.338733
-0.087712 -0.074723 0.337218
-0.130513 0.020763 0.325370
-0.120573 0.014259 0.327627
-0.131379 0.030726 0.323410
-0.131239 0.032667 0.328325
-0.125104 0.035312 0.380189
-0.130513 0.020763 0.325370
-0.131239 0.032667 0.328325
-0.128482 0.047763 0.378919
-0.127731 0.056901 0.411887
-0.126752 0.042444 0.411296
-0.125104 0.035312 0.380189
-0.112902 0.028469 0.381550
-0.126752 0.042444 0.411296
-0.082247 -0.025146 0.442369
-0.091246 -0.006186 0.433999
-0.114651 0.037432 0.415150
-0.118127 0.036848 0.420677
-0.127608 0.042496 0.415267
-0.127731 0.056901 0.411887
-0.126702 0.058723 0.418539
-0.126746 0.045595 0.418709
-0.138844 0.060709 0.418880
-0.126702 0.058723 0.418539
-0.127731 0.056901 0.411887
-0.138844 0.060709 0.418880
-0.139243 0.058403 0.411849
-0.140695 0.067769 0.411152
-0.140558 0.070370 0.419406
-0.151917 0.069529 0.411070
-0.154066 0.060241 0.411780
-0.152814 0.063464 0.419792
-0.152814 0.063464 0.419792
-0.154066 0.060241 0.411780
-0.164225 0.061120 0.412467
-0.164988 0.064166 0.419889
-0.164225 0.061120 0.412467
-0.166247 0.070771 0.412249
-0.176596 0.073818 0.420042
-0.165685 0.073356 0.419519
-0.176875 0.071081 0.412606
-0.179563 0.061087 0.413229
-0.178432 0.063833 0.420659
-0.190216 0.062691 0.421468
-0.178432 0.063833 0.420659
-0.179563 0.061087 0.413229
-0.190216 0.062691 0.421468
-0.190583 0.060158 0.413592
-0.191624 0.068716 0.414733
-0.202001 0.070794 0.422519
-0.191045 0.072012 0.421542
-0.203054 0.068112 0.415168
-0.205409 0.058291 0.415547
-0.205525 0.062287 0.422485
-0.216702 0.059024 0.424112
-0.205525 0.062287 0.422485
-0.205409 0.058291 0.415547
-0.077712 -0.049519 0.458349
-0.074933 -0.047905 0.460406
-0.076582 -0.062541 0.457018
-0.082247 -0.025146 0.442369
-0.091246 -0.006186 0.433999
-0.090052 -0.003750 0.441080
-0.080753 -0.023087 0.450168
-0.089893 -0.001536 0.449255
-0.078489 -0.062393 0.455123
-0.078175 -0.066905 0.454137
-0.075445 -0.066908 0.456341
-0.080425 -0.069422 0.455242
-0.078175 -0.066905 0.454137
-0.080142 -0.070284 0.447621
-0.081580 -0.071865 0.432883
-0.082946 -0.073570 0.422222
-0.082946 -0.073570 0.422222
-0.081580 -0.071865 0.432883
-0.077964 -0.087659 0.432027
-0.079985 -0.092139 0.396570
-0.077720 -0.089737 0.421658
-0.082623 -0.108850 0.422587
-0.093226 -0.131110 0.335223
-0.090808 -0.132283 0.334082
-0.086971 -0.112287 0.334668
-0.091394 -0.122496 0.431315
-0.086458 -0.121623 0.422908
-0.091099 -0.135758 0.424620
-0.085927 -0.074845 0.398673
-0.086924 -0.076216 0.371879
-0.085927 -0.074845 0.398673
-0.082946 -0.073570 0.422222
-0.086924 -0.076216 0.371879
-0.090096 -0.093281 0.336302
-0.099784 -0.141748 0.334218
-0.097703 -0.145620 0.333459
-0.086458 -0.121623 0.422908
-0.091099 -0.135758 0.424620
-0.090853 -0.135011 0.400282
-0.087712 -0.074723 0.337218
-0.091774 -0.078172 0.338481
-0.099784 -0.141748 0.334218
-0.099523 -0.142429 0.338659
-0.098024 -0.145932 0.338246
-0.089646 -0.112009 0.336767
-0.092689 -0.138434 0.375179
-0.101680 -0.145815 0.352732
-0.111826 -0.155550 0.350197
-0.111410 -0.153724 0.339041
-0.099523 -0.142429 0.338659
-0.099784 -0.141748 0.334218
-0.093226 -0.131110 0.335223
-0.221539 0.016990 0.288822
-0.222200 -0.001758 0.250027
-0.232325 0.002142 0.290201
-0.223201 0.020888 0.328835
-0.222648 0.009740 0.290799
-0.232979 0.014726 0.333805
-0.230108 0.028552 0.386543
-0.220421 0.035764 0.382743
-0.218099 0.044700 0.415462
-0.223837 0.037447 0.426288
-0.226456 0.040847 0.429154
-0.215372 0.045851 0.423293
-0.222234 0.029140 0.322972
-0.222648 0.009740 0.290799
-0.220421 0.035764 0.382743
-0.219582 0.046573 0.380348
-0.222160 0.031336 0.329128
-0.218099 0.044700 0.415462
-0.217053 0.056812 0.415835
-0.214770 0.042596 0.419100
-0.225088 0.038326 0.422363
-0.241963 -0.004753 0.443411
-0.243709 -0.003450 0.449375
-0.240153 -0.003289 0.447055
-0.258807 -0.057856 0.293688
-0.248276 -0.025024 0.453108
-0.243709 -0.003450 0.449375
-0.241963 -0.004753 0.443411
-0.248276 -0.025024 0.453108
-0.255159 -0.049016 0.462979
-0.252406 -0.047869 0.467825
-0.246858 -0.024714 0.457715
-0.090052 -0.003750 0.441080
-0.116383 0.041025 0.422523
-0.115169 0.043675 0.433972
-0.250107 -0.023626 0.458757
-0.248487 -0.021913 0.466323
-0.243142 -0.001793 0.457955
-0.108974 0.054404 0.486885
-0.088214 0.019219 0.529553
-0.109975 0.063123 0.524733
-0.106579 0.056500 0.548819
-0.077700 -0.018967 0.507601
-0.081277 -0.022344 0.457674
-0.071058 -0.047935 0.489165
-0.074933 -0.047905 0.460406
-0.254216 -0.071375 0.264660
-0.258772 -0.070048 0.309870
-0.258772 -0.070048 0.309870
-0.260491 -0.077651 0.310038
-0.262307 -0.075663 0.346087
-0.260682 -0.077303 0.343271
-0.256478 -0.086317 0.263719
-0.257702 -0.084903 0.309301
-0.256619 -0.080066 0.263935
-0.260491 -0.077651 0.310038
-0.260549 -0.077910 0.344752
-0.258823 -0.083815 0.347253
-0.261363 -0.077871 0.346403
-0.263694 -0.106783 0.343752
-0.263660 -0.108511 0.345464
-0.263760 -0.109026 0.313793
-0.260541 -0.112969 0.311559
-0.260428 -0.081786 0.311394
-0.262777 -0.107130 0.315243
-0.262438 -0.079002 0.312980
-0.262777 -0.107130 0.315243
-0.263694 -0.106783 0.343752
-0.260682 -0.077303 0.343271
-0.257702 -0.084903 0.309301
-0.256478 -0.086317 0.263719
-0.252606 -0.090589 0.225738
-0.253047 -0.115395 0.205188
-0.253968 -0.118673 0.182607
-0.251986 -0.116935 0.145138
-0.224044 -0.164745 0.371174
-0.215463 -0.171546 0.362914
-0.214666 -0.171883 0.369212
-0.229836 -0.171281 0.241761
-0.205897 -0.187044 0.180730
-0.208142 -0.185666 0.186458
-0.212437 -0.184001 0.187614
-0.208765 -0.188422 0.149340
-0.203415 -0.189889 0.141297
-0.200066 -0.188460 0.179979
-0.206494 -0.187653 0.136377
-0.213511 -0.183924 0.133053
-0.209089 -0.179363 0.135257
-0.225629 -0.176404 0.187758
-0.211297 -0.187021 0.143370
-0.208765 -0.188422 0.149340
-0.230367 -0.174810 0.135414
-0.224923 -0.178607 0.130904
-0.225579 -0.178085 0.139793
-0.216120 -0.184129 0.140928
-0.206494 -0.187653 0.136377
-0.211297 -0.187021 0.143370
-0.203415 -0.189889 0.141297
-0.202065 -0.184056 0.140449
-0.199095 -0.184876 0.176398
-0.205897 -0.187044 0.180730
-0.202507 -0.187962 0.189507
-0.208142 -0.185666 0.186458
-0.210999 -0.183253 0.193827
-0.212437 -0.184001 0.187614
-0.222530 -0.177925 0.194526
-0.230578 -0.172263 0.195201
-0.225629 -0.176404 0.187758
-0.219747 -0.169625 0.135771
-0.224923 -0.178607 0.130904
-0.222055 -0.177346 0.111072
-0.216645 -0.173856 0.109602
-0.185628 -0.186839 0.175723
-0.199095 -0.184876 0.176398
-0.202065 -0.184056 0.140449
-0.185966 -0.188054 0.139212
-0.172287 -0.187195 0.138580
-0.226223 -0.175720 0.109398
-0.171700 -0.186453 0.176305
-0.161721 -0.183873 0.139035
-0.199095 -0.184876 0.176398
-0.185628 -0.186839 0.175723
-0.186169 -0.182563 0.175423
-0.171990 -0.182709 0.174952
-0.171700 -0.186453 0.176305
-0.158104 -0.185580 0.176097
-0.161047 -0.180129 0.176578
-0.200066 -0.188460 0.179979
-0.199095 -0.184876 0.176398
-0.199621 -0.181185 0.177223
-0.200296 -0.181595 0.188308
-0.202507 -0.187962 0.189507
-0.206937 -0.180363 0.194175
-0.210999 -0.183253 0.193827
-0.218860 -0.174201 0.194237
-0.222530 -0.177925 0.194526
-0.221222 -0.172018 0.197947
-0.225399 -0.175756 0.199623
-0.223436 -0.171647 0.214063
-0.229836 -0.171281 0.241761
-0.231225 -0.171617 0.213547
-0.226615 -0.174774 0.213699
-0.225136 -0.174696 0.243001
-0.225136 -0.174696 0.243001
-0.226615 -0.174774 0.213699
-0.225399 -0.175756 0.199623
-0.224113 -0.171623 0.290492
-0.225065 -0.172603 0.268169
-0.221150 -0.168444 0.270040
-0.204819 -0.175517 0.292979
-0.221063 -0.166766 0.288631
-0.218414 -0.168518 0.291312
-0.224113 -0.171623 0.290492
-0.221157 -0.174005 0.291607
-0.221214 -0.172918 0.297338
-0.207288 -0.182895 0.291857
-0.208807 -0.181222 0.297146
-0.204656 -0.183190 0.299181
-0.201558 -0.185617 0.294788
-0.198439 -0.185423 0.303090
-0.221157 -0.174005 0.291607
-0.204819 -0.175517 0.292979
-0.197976 -0.176949 0.296240
-0.201558 -0.185617 0.294788
-0.197520 -0.179160 0.302268
-0.202749 -0.183549 0.303978
-0.195610 -0.184641 0.339123
-0.198439 -0.185423 0.303090
-0.195309 -0.178659 0.339515
-0.203877 -0.178871 0.365326
-0.206025 -0.177614 0.359665
-0.202781 -0.180307 0.355402
-0.198593 -0.181932 0.357906
-0.199665 -0.183901 0.339813
-0.198593 -0.181932 0.357906
-0.195610 -0.184641 0.339123
-0.221214 -0.172918 0.297338
-0.208807 -0.181222 0.297146
-0.227451 -0.168396 0.294949
-0.200387 -0.172467 0.357281
-0.203406 -0.172556 0.362847
-0.203877 -0.178871 0.365326
-0.202781 -0.180307 0.355402
-0.206025 -0.177614 0.359665
-0.202749 -0.183549 0.303978
-0.199665 -0.183901 0.339813
-0.214666 -0.171883 0.369212
-0.211198 -0.167048 0.368371
-0.215741 -0.163424 0.375282
-0.218860 -0.174201 0.194237
-0.206937 -0.180363 0.194175
-0.221222 -0.172018 0.197947
-0.221868 -0.171274 0.243303
-0.223436 -0.171647 0.214063
-0.221150 -0.168444 0.270040
-0.218414 -0.168518 0.291312
-0.221063 -0.166766 0.288631
-0.221868 -0.171274 0.243303
-0.225065 -0.172603 0.268169
-0.186169 -0.182563 0.175423
-0.200296 -0.181595 0.188308
-0.171990 -0.182709 0.174952
-0.161047 -0.180129 0.176578
-0.158939 -0.174465 0.298256
-0.197976 -0.176949 0.296240
-0.184551 -0.177677 0.299690
-0.184551 -0.177677 0.299690
-0.172275 -0.177287 0.298985
-0.172027 -0.179561 0.300583
-0.160767 -0.179679 0.299798
-0.158939 -0.174465 0.298256
-0.158628 -0.181668 0.299172
-0.151533 -0.173708 0.295209
-0.158628 -0.181668 0.299172
-0.158222 -0.180401 0.295388
-0.158628 -0.181668 0.299172
-0.155827 -0.184559 0.298539
-0.150331 -0.189195 0.337056
-0.160767 -0.179679 0.299798
-0.155457 -0.180982 0.337242
-0.167680 -0.182777 0.338315
-0.172027 -0.179561 0.300583
-0.183519 -0.180672 0.339125
-0.183519 -0.180672 0.339125
-0.167680 -0.182777 0.338315
-0.167878 -0.179756 0.338812
-0.194613 -0.176010 0.340135
-0.194613 -0.176010 0.340135
-0.183640 -0.178334 0.340383
-0.153833 -0.178784 0.338285
-0.155457 -0.180982 0.337242
-0.153044 -0.186288 0.338313
-0.137633 -0.173109 0.341564
-0.151710 -0.185979 0.341666
-0.149205 -0.188972 0.340691
-0.153044 -0.186288 0.338313
-0.151710 -0.185979 0.341666
-0.148738 -0.181760 0.337744
-0.148738 -0.181760 0.337744
-0.151533 -0.173708 0.295209
-0.158222 -0.180401 0.295388
-0.156045 -0.182691 0.294777
-0.155827 -0.184559 0.298539
-0.156045 -0.182691 0.294777
-0.152813 -0.181806 0.298044
-0.139357 -0.168033 0.294439
-0.152813 -0.181806 0.298044
-0.140627 -0.169624 0.298112
-0.143487 -0.177175 0.300288
-0.134458 -0.174362 0.337099
-0.138321 -0.179874 0.335600
-0.147412 -0.186577 0.336879
-0.149205 -0.188972 0.340691
-0.150331 -0.189195 0.337056
-0.147412 -0.186577 0.336879
-0.153044 -0.186288 0.338313
-0.149205 -0.188972 0.340691
-0.132506 -0.172999 0.340663
-0.151533 -0.173708 0.295209
-0.139357 -0.168033 0.294439
-0.156045 -0.182691 0.294777
-0.142803 -0.166586 0.294189
-0.137826 -0.164910 0.295279
-0.136896 -0.165806 0.295547
-0.140627 -0.169624 0.298112
-0.131803 -0.162178 0.299912
-0.134458 -0.174362 0.337099
-0.130743 -0.171284 0.339042
-0.135839 -0.163266 0.292343
-0.135839 -0.163266 0.292343
-0.136896 -0.165806 0.295547
-0.136852 -0.162349 0.290700
-0.135687 -0.157452 0.294227
-0.133143 -0.161107 0.292394
-0.131803 -0.162178 0.299912
-0.133143 -0.161107 0.292394
-0.135687 -0.157452 0.294227
-0.131803 -0.162178 0.299912
-0.135597 -0.158041 0.301768
-0.124260 -0.152289 0.299634
-0.122183 -0.154127 0.299738
-0.116749 -0.158051 0.334282
-0.126827 -0.166335 0.334346
-0.126282 -0.167163 0.342181
-0.126282 -0.167163 0.342181
-0.129366 -0.164682 0.342759
-0.129701 -0.168625 0.343096
-0.128753 -0.169539 0.342366
-0.132191 -0.169732 0.340176
-0.132506 -0.172999 0.340663
-0.130743 -0.171284 0.339042
-0.132191 -0.169732 0.340176
-0.129701 -0.168625 0.343096
-0.130677 -0.172156 0.345489
-0.128657 -0.172538 0.351548
-0.134456 -0.173025 0.348159
-0.130677 -0.172156 0.345489
-0.126762 -0.171192 0.348164
-0.129366 -0.164682 0.342759
-0.120611 -0.160872 0.347437
-0.137633 -0.173109 0.341564
-0.111826 -0.155550 0.350197
-0.101680 -0.145815 0.352732
-0.101119 -0.153043 0.357490
-0.126762 -0.171192 0.348164
-0.117788 -0.165780 0.350355
-0.119066 -0.166727 0.354406
-0.109220 -0.159863 0.352627
-0.110822 -0.160330 0.356603
-0.105451 -0.155177 0.361090
-0.092689 -0.138434 0.375179
-0.094859 -0.147340 0.380250
-0.100814 -0.146951 0.382853
-0.090853 -0.135011 0.400282
-0.091510 -0.143584 0.403729
-0.094859 -0.147340 0.380250
-0.091510 -0.143584 0.403729
-0.091099 -0.135758 0.424620
-0.092250 -0.141834 0.425483
-0.097755 -0.141917 0.418927
-0.099890 -0.136916 0.431485
-0.100065 -0.143727 0.430189
-0.092250 -0.141834 0.425483
-0.100065 -0.143727 0.430189
-0.102284 -0.141727 0.422885
-0.097755 -0.141917 0.418927
-0.102284 -0.141727 0.422885
-0.097882 -0.143968 0.404755
-0.100814 -0.146951 0.382853
-0.110822 -0.160330 0.356603
-0.105451 -0.155177 0.361090
-0.116052 -0.153801 0.431908
-0.117963 -0.153397 0.425588
-0.131251 -0.161877 0.433405
-0.148136 -0.166071 0.434981
-0.148523 -0.165917 0.429125
-0.164074 -0.165713 0.436506
-0.179976 -0.163720 0.437927
-0.182031 -0.163727 0.430919
-0.197434 -0.159656 0.438733
-0.217721 -0.154475 0.439422
-0.214971 -0.152496 0.434011
-0.117963 -0.153397 0.425588
-0.131804 -0.161286 0.427216
-0.148523 -0.165917 0.429125
-0.165300 -0.165901 0.429833
-0.182031 -0.163727 0.430919
-0.199630 -0.159530 0.433686
-0.214971 -0.152496 0.434011
-0.217657 -0.153923 0.416982
-0.218498 -0.157291 0.407117
-0.119066 -0.166727 0.354406
-0.128657 -0.172538 0.351548
-0.219023 -0.161092 0.388050
-0.215741 -0.163424 0.375282
-0.211198 -0.167048 0.368371
-0.134456 -0.173025 0.348159
-0.137633 -0.173109 0.341564
-0.153833 -0.178784 0.338285
-0.137633 -0.173109 0.341564
-0.137633 -0.173109 0.341564
-0.167878 -0.179756 0.338812
-0.203406 -0.172556 0.362847
-0.195309 -0.178659 0.339515
-0.183640 -0.178334 0.340383
-0.184785 -0.180357 0.301780
-0.197520 -0.179160 0.302268
-0.184785 -0.180357 0.301780
-0.200387 -0.172467 0.357281
-0.214971 -0.152496 0.434011
-0.217721 -0.154475 0.439422
-0.221000 -0.159847 0.422779
-0.217657 -0.153923 0.416982
-0.222061 -0.161420 0.408522
-0.218498 -0.157291 0.407117
-0.223754 -0.164697 0.389530
-0.220333 -0.167499 0.375227
-0.219023 -0.161092 0.388050
-0.220333 -0.167499 0.375227
-0.223754 -0.164697 0.389530
-0.225928 -0.161529 0.386463
-0.225302 -0.157010 0.406880
-0.222061 -0.161420 0.408522
-0.221000 -0.159847 0.422779
-0.223972 -0.155344 0.421676
-0.223024 -0.151186 0.438969
-0.212854 -0.146539 0.445569
-0.217721 -0.154475 0.439422
-0.197434 -0.159656 0.438733
-0.194040 -0.156074 0.440816
-0.179976 -0.163720 0.437927
-0.179064 -0.159291 0.439463
-0.164074 -0.165713 0.436506
-0.148136 -0.166071 0.434981
-0.149464 -0.160182 0.438141
-0.133219 -0.156854 0.436394
-0.131251 -0.161877 0.433405
-0.116052 -0.153801 0.431908
-0.118339 -0.148675 0.434467
-0.082623 -0.108850 0.422587
-0.077720 -0.089737 0.421658
-0.087069 -0.090697 0.335010
-0.090096 -0.093281 0.336302
-0.091774 -0.078172 0.338481
-0.097214 -0.076937 0.299171
-0.087069 -0.090697 0.335010
-0.094516 -0.090166 0.301267
-0.086971 -0.112287 0.334668
-0.096437 -0.112319 0.301424
-0.090808 -0.132283 0.334082
-0.097703 -0.145620 0.333459
-0.103829 -0.141531 0.300335
-0.108576 -0.148026 0.300397
-0.103829 -0.141531 0.300335
-0.097703 -0.145620 0.333459
-0.103219 -0.151500 0.332893
-0.111214 -0.154946 0.333661
-0.116412 -0.150601 0.299562
-0.107652 -0.139993 0.294527
-0.103829 -0.141531 0.300335
-0.116412 -0.150601 0.299562
-0.116983 -0.149921 0.295034
-0.111410 -0.153724 0.339041
-0.110376 -0.155289 0.338252
-0.098024 -0.145932 0.338246
-0.110376 -0.155289 0.338252
-0.111214 -0.154946 0.333661
-0.097703 -0.145620 0.333459
-0.116749 -0.158051 0.334282
-0.117987 -0.156784 0.335220
-0.116749 -0.158051 0.334282
-0.130621 -0.162536 0.334747
-0.126827 -0.166335 0.334346
-0.129366 -0.164682 0.342759
-0.126282 -0.167163 0.342181
-0.117987 -0.156784 0.335220
-0.120611 -0.160872 0.347437
-0.129366 -0.164682 0.342759
-0.122183 -0.154127 0.299738
-0.116412 -0.150601 0.299562
-0.111214 -0.154946 0.333661
-0.119192 -0.147874 0.294321
-0.116983 -0.149921 0.295034
-0.122183 -0.154127 0.299738
-0.110273 -0.136879 0.294751
-0.107652 -0.139993 0.294527
-0.107652 -0.139993 0.294527
-0.110273 -0.136879 0.294751
-0.108535 -0.136806 0.300395
-0.104061 -0.125835 0.299614
-0.108535 -0.136806 0.300395
-0.110273 -0.136879 0.294751
-0.099558 -0.088505 0.301201
-0.111158 -0.081102 0.259248
-0.102055 -0.079283 0.301268
-0.097214 -0.076937 0.299171
-0.094516 -0.090166 0.301267
-0.099558 -0.088505 0.301201
-0.100940 -0.111774 0.299868
-0.104061 -0.125835 0.299614
-0.096437 -0.112319 0.301424
-0.108535 -0.136806 0.300395
-0.099545 -0.128673 0.300826
-0.111158 -0.081102 0.259248
-0.106055 -0.079502 0.251956
-0.097214 -0.076937 0.299171
-0.118407 -0.086095 0.218177
-0.116688 -0.107656 0.193553
-0.113970 -0.082088 0.217014
-0.120904 -0.108629 0.195613
-0.122966 -0.109482 0.176372
-0.118407 -0.086095 0.218177
-0.120904 -0.108629 0.195613
-0.123400 -0.128896 0.178830
-0.121818 -0.119611 0.175144
-0.123256 -0.128983 0.173888
-0.123400 -0.128896 0.178830
-0.119548 -0.132261 0.178383
-0.119548 -0.132261 0.178383
-0.123400 -0.128896 0.178830
-0.130912 -0.141696 0.179132
-0.131369 -0.148365 0.174152
-0.126872 -0.144058 0.178025
-0.134937 -0.147005 0.175399
-0.142291 -0.156667 0.174491
-0.138557 -0.158823 0.174392
-0.120188 -0.132357 0.174080
-0.119548 -0.132261 0.178383
-0.126872 -0.144058 0.178025
-0.120188 -0.132357 0.174080
-0.127099 -0.143593 0.174037
-0.122640 -0.140125 0.172839
-0.122640 -0.140125 0.172839
-0.127099 -0.143593 0.174037
-0.131019 -0.142162 0.139792
-0.128198 -0.137924 0.139893
-0.123669 -0.132171 0.138888
-0.117564 -0.133567 0.172322
-0.124293 -0.129230 0.138885
-0.120864 -0.128377 0.173786
-0.123256 -0.128983 0.173888
-0.120760 -0.118833 0.174367
-0.118844 -0.108081 0.176251
-0.122966 -0.109482 0.176372
-0.120760 -0.118833 0.174367
-0.126241 -0.120791 0.138177
-0.126171 -0.109390 0.138339
-0.126241 -0.120791 0.138177
-0.124293 -0.129230 0.138885
-0.129721 -0.125766 0.138493
-0.126171 -0.109390 0.138339
-0.128423 -0.118102 0.137339
-0.120864 -0.128377 0.173786
-0.121818 -0.119611 0.175144
-0.122966 -0.109482 0.176372
-0.138557 -0.158823 0.174392
-0.142291 -0.156667 0.174491
-0.142445 -0.157538 0.182185
-0.142445 -0.157538 0.182185
-0.143156 -0.162882 0.183131
-0.139915 -0.162321 0.182390
-0.142445 -0.157538 0.182185
-0.142291 -0.156667 0.174491
-0.134937 -0.147005 0.175399
-0.130912 -0.141696 0.179132
-0.142504 -0.160166 0.206524
-0.142384 -0.165659 0.210828
-0.143156 -0.162882 0.183131
-0.119192 -0.147874 0.294321
-0.135687 -0.157452 0.294227
-0.137962 -0.159649 0.278836
-0.135687 -0.157452 0.294227
-0.136852 -0.162349 0.290700
-0.137962 -0.159649 0.278836
-0.137826 -0.164910 0.295279
-0.138890 -0.165050 0.277461
-0.145185 -0.165173 0.281366
-0.138890 -0.165050 0.277461
-0.137826 -0.164910 0.295279
-0.142803 -0.166586 0.294189
-0.151533 -0.173708 0.295209
-0.139663 -0.165183 0.243030
-0.140664 -0.159092 0.240637
-0.140664 -0.159092 0.240637
-0.143156 -0.162882 0.183131
-0.142384 -0.165659 0.210828
-0.149005 -0.166383 0.209919
-0.146715 -0.166007 0.242403
-0.139663 -0.165183 0.243030
-0.146715 -0.166007 0.242403
-0.153633 -0.170770 0.210065
-0.149260 -0.165008 0.180952
-0.149005 -0.166383 0.209919
-0.152737 -0.173089 0.180070
-0.161047 -0.180129 0.176578
-0.158104 -0.185580 0.176097
-0.157483 -0.184713 0.180528
-0.161047 -0.180129 0.176578
-0.157483 -0.184713 0.180528
-0.151262 -0.175017 0.181192
-0.154999 -0.187407 0.174654
-0.154019 -0.186670 0.180300
-0.142665 -0.167648 0.180432
-0.149260 -0.165008 0.180952
-0.143536 -0.163108 0.180192
-0.139915 -0.162321 0.182390
-0.143156 -0.162882 0.183131
-0.143536 -0.163108 0.180192
-0.140970 -0.164552 0.178500
-0.138557 -0.158823 0.174392
-0.138372 -0.159549 0.182410
-0.143536 -0.163108 0.180192
-0.149260 -0.165008 0.180952
-0.140970 -0.164552 0.178500
-0.131369 -0.148365 0.174152
-0.127099 -0.143593 0.174037
-0.131019 -0.142162 0.139792
-0.135100 -0.146584 0.139512
-0.131441 -0.141185 0.134718
-0.124293 -0.129230 0.138885
-0.123669 -0.132171 0.138888
-0.128198 -0.137924 0.139893
-0.124293 -0.129230 0.138885
-0.131019 -0.142162 0.139792
-0.131441 -0.141185 0.134718
-0.124293 -0.129230 0.138885
-0.124075 -0.129564 0.134590
-0.130726 -0.126327 0.135943
-0.130726 -0.126327 0.135943
-0.128423 -0.118102 0.137339
-0.128196 -0.111969 0.136558
-0.130726 -0.126327 0.135943
-0.124075 -0.129564 0.134590
-0.131441 -0.141185 0.134718
-0.136614 -0.138708 0.135247
-0.135100 -0.146584 0.139512
-0.139125 -0.144991 0.139539
-0.141452 -0.156607 0.139951
-0.136687 -0.121774 0.110253
-0.142325 -0.134956 0.110074
-0.149249 -0.151542 0.122267
-0.145286 -0.154591 0.139664
-0.143285 -0.156267 0.132302
-0.146636 -0.153090 0.132953
-0.136614 -0.138708 0.135247
-0.139125 -0.144991 0.139539
-0.143285 -0.156267 0.132302
-0.141452 -0.156607 0.139951
-0.145766 -0.162028 0.135001
-0.145553 -0.155376 0.131698
-0.146636 -0.153090 0.132953
-0.144954 -0.159231 0.131587
-0.144954 -0.159231 0.131587
-0.145766 -0.162028 0.135001
-0.147370 -0.161268 0.134639
-0.149249 -0.151542 0.122267
-0.146636 -0.153090 0.132953
-0.145553 -0.155376 0.131698
-0.144954 -0.159231 0.131587
-0.145489 -0.156457 0.120474
-0.150023 -0.150794 0.106995
-0.146066 -0.151610 0.111169
-0.146194 -0.152383 0.120364
-0.145207 -0.155334 0.110836
-0.146593 -0.158192 0.111010
-0.147035 -0.158829 0.120385
-0.147370 -0.161268 0.134639
-0.152034 -0.160632 0.134671
-0.152962 -0.158179 0.122280
-0.146593 -0.158192 0.111010
-0.147035 -0.158829 0.120385
-0.147208 -0.163996 0.133572
-0.158792 -0.183942 0.133680
-0.147208 -0.163996 0.133572
-0.148124 -0.166805 0.137212
-0.159731 -0.169069 0.106728
-0.155751 -0.162805 0.107434
-0.142665 -0.167648 0.180432
-0.143660 -0.168696 0.176505
-0.158792 -0.183942 0.133680
-0.162316 -0.182198 0.134327
-0.152575 -0.184189 0.176706
-0.154999 -0.187407 0.174654
-0.154019 -0.186670 0.180300
-0.148124 -0.166805 0.137212
-0.152621 -0.179234 0.140135
-0.152575 -0.184189 0.176706
-0.150046 -0.181469 0.174982
-0.143660 -0.168696 0.176505
-0.156933 -0.182124 0.137356
-0.156933 -0.182124 0.137356
-0.159155 -0.185328 0.138501
-0.159155 -0.185328 0.138501
-0.162809 -0.183384 0.137650
-0.161721 -0.183873 0.139035
-0.162809 -0.183384 0.137650
-0.161721 -0.183873 0.139035
-0.172287 -0.187195 0.138580
-0.185966 -0.188054 0.139212
-0.186026 -0.185153 0.138134
-0.202065 -0.184056 0.140449
-0.203086 -0.181408 0.139065
-0.209089 -0.179363 0.135257
-0.206406 -0.180397 0.109322
-0.195079 -0.182384 0.108659
-0.183832 -0.181434 0.107822
-0.186026 -0.185153 0.138134
-0.219747 -0.169625 0.135771
-0.216645 -0.173856 0.109602
-0.173020 -0.184795 0.137689
-0.162316 -0.182198 0.134327
-0.162809 -0.183384 0.137650
-0.152034 -0.160632 0.134671
-0.157483 -0.176333 0.129222
-0.154016 -0.157937 0.109489
-0.152962 -0.158179 0.122280
-0.148584 -0.160278 0.107542
-0.154016 -0.157937 0.109489
-0.155751 -0.162805 0.107434
-0.161816 -0.174872 0.105375
-0.155206 -0.169441 0.104640
-0.159731 -0.169069 0.106728
-0.163530 -0.173492 0.107321
-0.174625 -0.179565 0.107989
-0.173766 -0.181089 0.105866
-0.183658 -0.183644 0.106035
-0.183832 -0.181434 0.107822
-0.195079 -0.182384 0.108659
-0.206406 -0.180397 0.109322
-0.208819 -0.181363 0.107169
-0.216645 -0.173856 0.109602
-0.217731 -0.175145 0.107532
-0.221830 -0.176652 0.107568
-0.222055 -0.177346 0.111072
-0.218630 -0.173524 0.104485
-0.223978 -0.174065 0.105065
-0.216573 -0.172709 0.104405
-0.217731 -0.175145 0.107532
-0.217731 -0.175145 0.107532
-0.216573 -0.172709 0.104405
-0.208184 -0.179745 0.104007
-0.195194 -0.182570 0.103190
-0.195824 -0.184218 0.106420
-0.183658 -0.183644 0.106035
-0.183712 -0.181519 0.102941
-0.174344 -0.178030 0.102279
-0.173766 -0.181089 0.105866
-0.161816 -0.174872 0.105375
-0.154857 -0.167803 0.102217
-0.149558 -0.162668 0.103088
-0.150039 -0.163630 0.104985
-0.148584 -0.160278 0.107542
-0.145865 -0.152033 0.108442
-0.146654 -0.158913 0.105447
-0.146073 -0.152784 0.105768
-0.150755 -0.158594 0.101203
-0.147202 -0.154423 0.103169
-0.161986 -0.173028 0.102249
-0.164163 -0.168511 0.100617
-0.156616 -0.163828 0.100632
-0.155206 -0.169441 0.104640
-0.150039 -0.163630 0.104985
-0.175698 -0.173531 0.100853
-0.185779 -0.176472 0.101026
-0.204714 -0.174191 0.101810
-0.216573 -0.172709 0.104405
-0.218630 -0.173524 0.104485
-0.220119 -0.169939 0.102588
-0.210697 -0.156820 0.101950
-0.213612 -0.168365 0.102912
-0.210875 -0.166455 0.104041
-0.203113 -0.171978 0.106141
-0.194426 -0.173889 0.106077
-0.195195 -0.177454 0.101180
-0.186076 -0.173305 0.105937
-0.178251 -0.171093 0.104950
-0.167462 -0.165726 0.104198
-0.160374 -0.160910 0.104052
-0.152966 -0.153402 0.105718
-0.150446 -0.152121 0.107094
-0.210875 -0.166455 0.104041
-0.207962 -0.160977 0.103571
-0.134931 -0.100211 0.107948
-0.134907 -0.110969 0.110974
-0.136784 -0.109352 0.103339
-0.142053 -0.120280 0.105347
-0.145846 -0.133440 0.105382
-0.150023 -0.150794 0.106995
-0.245875 -0.117026 0.105100
-0.238402 -0.113356 0.103629
-0.139753 -0.085267 0.108830
-0.140352 -0.085221 0.102697
-0.147151 -0.056224 0.103754
-0.146704 -0.055315 0.108529
-0.155858 -0.040359 0.105677
-0.154828 -0.039866 0.109911
-0.168726 -0.032002 0.107603
-0.189992 -0.028676 0.109698
-0.210685 -0.032023 0.110654
-0.210685 -0.032023 0.110654
-0.189992 -0.028676 0.109698
-0.190257 -0.032978 0.107098
-0.170650 -0.035658 0.105595
-0.168726 -0.032002 0.107603
-0.155858 -0.040359 0.105677
-0.158837 -0.043484 0.104252
-0.147151 -0.056224 0.103754
-0.140352 -0.085221 0.102697
-0.145111 -0.085119 0.101079
-0.143451 -0.098467 0.101484
-0.143659 -0.108490 0.102862
-0.136784 -0.109352 0.103339
-0.142053 -0.120280 0.105347
-0.135368 -0.086327 0.111910
-0.138164 -0.100484 0.102937
-0.134907 -0.110969 0.110974
-0.138164 -0.100484 0.102937
-0.145806 -0.119725 0.104278
-0.145846 -0.133440 0.105382
-0.149926 -0.131959 0.105148
-0.153682 -0.150566 0.105402
-0.153682 -0.150566 0.105402
-0.157579 -0.150137 0.106665
-0.164448 -0.161784 0.111419
-0.168394 -0.167397 0.111953
-0.179083 -0.172151 0.112869
-0.187420 -0.173172 0.113165
-0.195409 -0.172379 0.113680
-0.208742 -0.166119 0.114551
-0.204996 -0.158022 0.108199
-0.204144 -0.155631 0.114025
-0.204353 -0.159265 0.113935
-0.226223 -0.175720 0.109398
-0.230367 -0.174810 0.135414
-0.223267 -0.170758 0.108995
-0.250077 -0.117392 0.120869
-0.226223 -0.175720 0.109398
-0.223267 -0.170758 0.108995
-0.223978 -0.174065 0.105065
-0.223978 -0.174065 0.105065
-0.223267 -0.170758 0.108995
-0.220119 -0.169939 0.102588
-0.235017 -0.155474 0.102890
-0.240829 -0.145547 0.102494
-0.245222 -0.133229 0.102633
-0.250133 -0.118338 0.110892
-0.250738 -0.110169 0.113445
-0.250133 -0.118338 0.110892
-0.246988 -0.108554 0.108712
-0.246492 -0.107127 0.118468
-0.246492 -0.107127 0.118468
-0.238287 -0.073976 0.117367
-0.239188 -0.074841 0.106978
-0.229283 -0.045861 0.109777
-0.231165 -0.044909 0.116913
-0.224317 -0.015541 0.116882
-0.220032 -0.014366 0.116288
-0.222024 -0.045061 0.107914
-0.229283 -0.045861 0.109777
-0.229446 -0.055921 0.106887
-0.239188 -0.074841 0.106978
-0.235791 -0.075030 0.106319
-0.241135 -0.106025 0.109613
-0.246988 -0.108554 0.108712
-0.240420 -0.106099 0.105534
-0.238402 -0.113356 0.103629
-0.245875 -0.117026 0.105100
-0.233363 -0.103954 0.105840
-0.229580 -0.109898 0.103453
-0.229970 -0.103090 0.111177
-0.227802 -0.110151 0.112562
-0.229312 -0.103422 0.120545
-0.227963 -0.162669 0.103792
-0.240829 -0.145547 0.102494
-0.208742 -0.166119 0.114551
-0.215494 -0.151387 0.101438
-0.225001 -0.136048 0.102816
-0.228518 -0.125403 0.102636
-0.229580 -0.109898 0.103453
-0.213693 -0.146561 0.115493
-0.209256 -0.152190 0.114462
-0.221487 -0.132571 0.118985
-0.225083 -0.124196 0.120572
-0.227802 -0.110151 0.112562
-0.217938 -0.140950 0.117324
-0.220480 -0.145457 0.101721
-0.245222 -0.133229 0.102633
-0.260541 -0.112969 0.311559
-0.261088 -0.111886 0.348370
-0.223267 -0.170758 0.108995
-0.227963 -0.162669 0.103792
-0.230578 -0.172263 0.195201
-0.231225 -0.171617 0.213547
-0.228930 -0.169283 0.266989
-0.259317 -0.069926 0.346501
-0.257018 -0.066521 0.400953
-0.253620 -0.062749 0.459963
-0.252406 -0.047869 0.467825
-0.251875 -0.061191 0.465100
-0.253295 -0.061321 0.467561
-0.252927 -0.066143 0.464296
-0.251875 -0.061191 0.465100
-0.253620 -0.062749 0.459963
-0.254384 -0.068299 0.458706
-0.257018 -0.066521 0.400953
-0.259618 -0.072274 0.400965
-0.259141 -0.075274 0.401072
-0.252973 -0.072289 0.440617
-0.262307 -0.075663 0.346087
-0.261363 -0.077871 0.346403
-0.258184 -0.081297 0.401287
-0.258539 -0.082695 0.371285
-0.225928 -0.161529 0.386463
-0.261363 -0.077871 0.346403
-0.258823 -0.083815 0.347253
-0.258539 -0.082695 0.371285
-0.224044 -0.164745 0.371174
-0.258823 -0.083815 0.347253
-0.225302 -0.157010 0.406880
-0.217721 -0.154475 0.439422
-0.212854 -0.146539 0.445569
-0.218256 -0.143811 0.446016
-0.223972 -0.155344 0.421676
-0.223024 -0.151186 0.438969
-0.233089 -0.145073 0.438340
-0.243328 -0.134981 0.438355
-0.252742 -0.079140 0.443460
-0.253204 -0.099022 0.447004
-0.236386 -0.128101 0.448240
-0.245072 -0.116767 0.448653
-0.226410 -0.135745 0.447701
-0.218256 -0.143811 0.446016
-0.250659 -0.069807 0.457850
-0.259141 -0.075274 0.401072
-0.252973 -0.072289 0.440617
-0.258184 -0.081297 0.401287
-0.250135 -0.067611 0.462638
-0.250504 -0.069143 0.464603
-0.240837 -0.071816 0.456371
-0.250659 -0.069807 0.457850
-0.252973 -0.072289 0.440617
-0.250504 -0.069143 0.464603
-0.250135 -0.067611 0.462638
-0.240101 -0.068273 0.500365
-0.239296 -0.072211 0.439901
-0.252973 -0.072289 0.440617
-0.252742 -0.079140 0.443460
-0.229953 -0.075462 0.434411
-0.253204 -0.099022 0.447004
-0.245072 -0.116767 0.448653
-0.236386 -0.128101 0.448240
-0.223397 -0.119640 0.429716
-0.226410 -0.135745 0.447701
-0.218143 -0.127764 0.428231
-0.218256 -0.143811 0.446016
-0.210046 -0.135367 0.426465
-0.212854 -0.146539 0.445569
-0.205097 -0.141171 0.425646
-0.194040 -0.156074 0.440816
-0.190960 -0.151008 0.424440
-0.179064 -0.159291 0.439463
-0.179079 -0.153502 0.422685
-0.163469 -0.160678 0.438909
-0.149464 -0.160182 0.438141
-0.151138 -0.151333 0.420771
-0.133219 -0.156854 0.436394
-0.118339 -0.148675 0.434467
-0.121236 -0.144422 0.433188
-0.104999 -0.131787 0.432042
-0.099890 -0.136916 0.431485
-0.091394 -0.122496 0.431315
-0.123711 -0.144517 0.417561
-0.109426 -0.132203 0.417851
-0.095967 -0.121559 0.433343
-0.098185 -0.119637 0.415914
-0.089019 -0.108925 0.433649
-0.083612 -0.108925 0.431353
-0.077964 -0.087659 0.432027
-0.081420 -0.087927 0.433363
-0.084567 -0.089201 0.419921
-0.090654 -0.073619 0.422913
-0.081580 -0.071865 0.432883
-0.080142 -0.070284 0.447621
-0.095436 -0.071769 0.436233
-0.087484 -0.071607 0.433446
-0.098145 -0.071747 0.424112
-0.079104 -0.067929 0.474503
-0.088834 -0.070372 0.476750
-0.078260 -0.066548 0.487653
-0.079104 -0.067929 0.474503
-0.073672 -0.065914 0.473934
-0.072607 -0.064502 0.487741
-0.078260 -0.066548 0.487653
-0.071058 -0.047935 0.489165
-0.074195 -0.058858 0.488237
-0.073900 -0.060649 0.493114
-0.079437 -0.062068 0.493255
-0.079437 -0.062068 0.493255
-0.087557 -0.066370 0.494924
-0.077700 -0.018967 0.507601
-0.088214 0.019219 0.529553
-0.086867 -0.025076 0.513940
-0.099240 0.012771 0.534200
-0.091614 -0.025972 0.514788
-0.105056 -0.030696 0.515357
-0.102625 0.011345 0.536089
-0.114309 0.006467 0.536676
-0.106579 0.056500 0.548819
-0.119955 0.050946 0.552991
-0.120263 0.059869 0.554664
-0.119931 0.050087 0.554759
-0.125686 0.057141 0.557483
-0.123097 0.046437 0.555481
-0.102625 0.011345 0.536089
-0.127600 0.056189 0.558468
-0.132500 0.035965 0.551010
-0.123097 0.046437 0.555481
-0.131911 0.051955 0.557196
-0.121297 0.068509 0.526627
-0.122549 0.061778 0.485731
-0.125969 0.050112 0.434494
-0.125969 0.050112 0.434494
-0.126746 0.045595 0.418709
-0.126702 0.058723 0.418539
-0.122549 0.061778 0.485731
-0.125787 0.065655 0.444368
-0.124008 0.076067 0.487074
-0.123536 0.077897 0.498253
-0.123094 0.077086 0.509283
-0.121297 0.068509 0.526627
-0.121170 0.062947 0.555441
-0.121170 0.062947 0.555441
-0.123094 0.077086 0.509283
-0.135487 0.081540 0.511386
-0.136025 0.082201 0.500137
-0.123536 0.077897 0.498253
-0.124008 0.076067 0.487074
-0.136053 0.079867 0.487301
-0.136505 0.068914 0.444611
-0.125787 0.065655 0.444368
-0.126702 0.058723 0.418539
-0.138844 0.060709 0.418880
-0.136505 0.068914 0.444611
-0.138844 0.060709 0.418880
-0.140558 0.070370 0.419406
-0.138961 0.076913 0.443628
-0.137057 0.087266 0.484142
-0.136053 0.079867 0.487301
-0.136452 0.089553 0.496119
-0.136025 0.082201 0.500137
-0.135760 0.088427 0.509026
-0.135487 0.081540 0.511386
-0.133280 0.067978 0.558999
-0.120263 0.059869 0.554664
-0.121170 0.062947 0.555441
-0.131996 0.064589 0.557494
-0.133280 0.067978 0.558999
-0.143195 0.068548 0.560333
-0.143949 0.064462 0.558821
-0.138709 0.060700 0.557373
-0.138709 0.060700 0.557373
-0.140157 0.057468 0.559569
-0.143896 0.053136 0.558662
-0.131911 0.051955 0.557196
-0.140267 0.038674 0.552304
-0.143896 0.053136 0.558662
-0.146983 0.089830 0.509892
-0.148314 0.088753 0.484656
-0.150747 0.078023 0.443156
-0.151688 0.072415 0.418902
-0.152814 0.063464 0.419792
-0.151949 0.068837 0.445049
-0.163299 0.068879 0.445495
-0.151949 0.068837 0.445049
-0.152814 0.063464 0.419792
-0.161136 0.078076 0.484482
-0.149288 0.081234 0.497442
-0.150167 0.078209 0.484029
-0.160694 0.081050 0.498802
-0.159897 0.080711 0.508640
-0.148799 0.080825 0.507915
-0.157053 0.064769 0.559626
-0.143195 0.068548 0.560333
-0.148799 0.080825 0.507915
-0.149288 0.081234 0.497442
-0.150167 0.078209 0.484029
-0.176596 0.073818 0.420042
-0.175593 0.078663 0.444622
-0.164121 0.076918 0.444229
-0.162269 0.087586 0.482872
-0.173582 0.088191 0.483530
-0.173351 0.090614 0.496873
-0.161684 0.090560 0.496211
-0.161312 0.089940 0.509636
-0.172415 0.089628 0.510870
-0.168098 0.068375 0.562212
-0.158885 0.068009 0.561608
-0.157053 0.064769 0.559626
-0.159897 0.080711 0.508640
-0.160694 0.081050 0.498802
-0.161136 0.078076 0.484482
-0.165685 0.073356 0.419519
-0.163299 0.068879 0.445495
-0.178432 0.063833 0.420659
-0.190216 0.062691 0.421468
-0.188747 0.067640 0.443153
-0.185750 0.078184 0.486697
-0.185508 0.080667 0.497262
-0.174374 0.080527 0.496385
-0.173596 0.080585 0.510455
-0.184609 0.080399 0.511795
-0.183627 0.064525 0.560926
-0.169183 0.064657 0.560714
-0.173596 0.080585 0.510455
-0.169183 0.064657 0.560714
-0.157053 0.064769 0.559626
-0.158885 0.068009 0.561608
-0.164310 0.060672 0.559190
-0.164310 0.060672 0.559190
-0.183627 0.064525 0.560926
-0.211658 0.076451 0.499603
-0.199815 0.080224 0.498400
-0.201005 0.077676 0.483958
-0.185378 0.088220 0.515108
-0.184432 0.068595 0.562531
-0.183627 0.064525 0.560926
-0.184609 0.080399 0.511795
-0.185508 0.080667 0.497262
-0.186352 0.091038 0.500625
-0.186877 0.087570 0.485472
-0.188747 0.067640 0.443153
-0.189449 0.076041 0.441703
-0.191045 0.072012 0.421542
-0.202001 0.070794 0.422519
-0.201825 0.076028 0.442178
-0.198525 0.087771 0.486231
-0.198193 0.090133 0.499866
-0.196610 0.088195 0.515797
-0.174374 0.080527 0.496385
-0.174613 0.078702 0.485748
-0.177798 0.068072 0.442990
-0.178432 0.063833 0.420659
-0.193640 0.068186 0.563269
-0.198239 0.080219 0.511960
-0.195716 0.064021 0.561667
-0.207147 0.062374 0.560311
-0.195716 0.064021 0.561667
-0.198239 0.080219 0.511960
-0.189545 0.060674 0.560255
-0.195716 0.064021 0.561667
-0.184432 0.068595 0.562531
-0.193640 0.068186 0.563269
-0.201005 0.077676 0.483958
-0.199815 0.080224 0.498400
-0.212259 0.074485 0.485231
-0.215550 0.063917 0.444884
-0.205525 0.062287 0.422485
-0.204042 0.068138 0.443540
-0.216702 0.059024 0.424112
-0.215372 0.045851 0.423293
-0.215385 0.049087 0.435633
-0.215385 0.049087 0.435633
-0.226437 0.043232 0.438052
-0.224176 0.055463 0.490050
-0.213300 0.060028 0.487253
-0.235103 0.017498 0.534803
-0.219227 0.064064 0.532431
-0.210195 0.068242 0.532200
-0.219773 0.056858 0.556288
-0.213300 0.060028 0.487253
-0.212259 0.074485 0.485231
-0.215550 0.063917 0.444884
-0.211658 0.076451 0.499603
-0.210785 0.076240 0.512930
-0.207147 0.062374 0.560311
-0.210195 0.068242 0.532200
-0.207834 0.059479 0.559815
-0.120263 0.059869 0.554664
-0.243142 -0.001793 0.457955
-0.254827 -0.048438 0.469683
-0.252263 -0.058354 0.498973
-0.253295 -0.061321 0.467561
-0.254168 -0.067397 0.465952
-0.253519 -0.063384 0.499851
-0.255175 -0.047750 0.501167
-0.246943 -0.043878 0.509044
-0.246503 -0.047560 0.510553
-0.246943 -0.043878 0.509044
-0.252263 -0.058354 0.498973
-0.248487 -0.021913 0.466323
-0.250107 -0.023626 0.458757
-0.251517 -0.036033 0.509302
-0.226687 0.009817 0.536088
-0.207834 0.059479 0.559815
-0.189545 0.060674 0.560255
-0.192241 0.056627 0.562590
-0.165242 0.054097 0.560600
-0.165242 0.054097 0.560600
-0.167105 0.041077 0.555516
-0.192777 0.051850 0.561125
-0.188185 0.040578 0.557208
-0.192777 0.051850 0.561125
-0.201215 0.055898 0.562467
-0.226687 0.009817 0.536088
-0.194842 0.038224 0.556946
-0.237666 -0.047527 0.513951
-0.207834 0.059479 0.559815
-0.199838 0.049942 0.560839
-0.206113 0.045345 0.559032
-0.220119 0.003366 0.541092
-0.206113 0.045345 0.559032
-0.200588 0.030028 0.551955
-0.220119 0.003366 0.541092
-0.213648 -0.002986 0.535948
-0.237666 -0.047527 0.513951
-0.246644 -0.065317 0.501081
-0.231770 -0.049379 0.513591
-0.170914 0.036960 0.523149
-0.167105 0.041077 0.555516
-0.188185 0.040578 0.557208
-0.194842 0.038224 0.556946
-0.200588 0.030028 0.551955
-0.146371 0.031014 0.519255
-0.140267 0.038674 0.552304
-0.132500 0.035965 0.551010
-0.136677 0.011594 0.484037
-0.114309 0.006467 0.536676
-0.105056 -0.030696 0.515357
-0.213648 -0.002986 0.535948
-0.203370 0.006095 0.478105
-0.231770 -0.049379 0.513591
-0.174181 0.017539 0.474049
-0.169082 0.003656 0.440815
-0.218419 -0.018923 0.454655
-0.225943 -0.014914 0.426270
-0.170752 -0.023718 0.430537
-0.125988 -0.008435 0.441477
-0.087424 -0.069623 0.488623
-0.088834 -0.070372 0.476750
-0.095436 -0.071769 0.436233
-0.225943 -0.014914 0.426270
-0.098145 -0.071747 0.424112
-0.240101 -0.068273 0.500365
-0.240837 -0.071816 0.456371
-0.239296 -0.072211 0.439901
-0.170752 -0.023718 0.430537
-0.165056 -0.154255 0.420996
-0.089818 -0.106631 0.415073
-0.239141 -0.109989 0.115001
-0.238339 -0.111408 0.120387
-0.238790 -0.102253 0.116128
-0.238339 -0.111408 0.120387
-0.238790 -0.102253 0.116128
-0.229312 -0.103422 0.120545
-0.232309 -0.074635 0.111515
-0.226113 -0.056896 0.112789
-0.226113 -0.056896 0.112789
-0.215599 -0.043568 0.115071
-0.209754 -0.037014 0.108172
-0.207564 -0.038853 0.113619
-0.189461 -0.036367 0.111975
-0.171415 -0.039482 0.111841
-0.159688 -0.047157 0.111190
-0.151921 -0.058074 0.102208
-0.147611 -0.084897 0.107645
-0.153619 -0.059774 0.108807
-0.145577 -0.098037 0.110222
-0.146314 -0.108420 0.110802
-0.151967 -0.129729 0.111664
-0.147598 -0.118519 0.111387
-0.157579 -0.150137 0.106665
-0.203280 -0.171079 0.114204
-0.208742 -0.166119 0.114551
-0.204353 -0.159265 0.113935
-0.179083 -0.172151 0.112869
-0.187420 -0.173172 0.113165
-0.195409 -0.172379 0.113680
-0.168394 -0.167397 0.111953
-0.164448 -0.161784 0.111419
-0.204144 -0.155631 0.114025
-0.209256 -0.152190 0.114462
-0.227522 -0.108767 0.120393
-0.213693 -0.146561 0.115493
-0.217938 -0.140950 0.117324
-0.221487 -0.132571 0.118985
-0.225083 -0.124196 0.120572
-0.215599 -0.043568 0.115071
-0.207564 -0.038853 0.113619
-0.151967 -0.129729 0.111664
-0.189461 -0.036367 0.111975
-0.171415 -0.039482 0.111841
-0.159688 -0.047157 0.111190
-0.153619 -0.059774 0.108807
-0.147611 -0.084897 0.107645
-0.145577 -0.098037 0.110222
-0.146314 -0.108420 0.110802
-0.137030 0.018648 0.288402
-0.222160 0.031336 0.329128
-0.223201 0.020888 0.328835
-0.221351 0.004249 0.246860
-0.215372 0.045851 0.423293
-0.216702 0.059024 0.424112
-0.217053 0.056812 0.415835
-0.223837 0.037447 0.426288
-0.214770 0.042596 0.419100
-0.243709 -0.003450 0.449375
-0.127608 0.042496 0.415267
-0.246858 -0.024714 0.457715
-0.250107 -0.023626 0.458757
-0.126746 0.045595 0.418709
-0.118127 0.036848 0.420677
-0.084389 -0.025811 0.448988
-0.080753 -0.023087 0.450168
-0.091246 -0.006186 0.433999
-0.094759 -0.003961 0.438390
-0.078489 -0.062393 0.455123
-0.077712 -0.049519 0.458349
-0.084389 -0.025811 0.448988
-0.080425 -0.069422 0.455242
-0.158628 -0.181668 0.299172
-0.225579 -0.178085 0.139793
-0.178443 0.067251 0.056364
-0.163663 0.065845 0.055100
-0.169048 0.094808 0.039833
-0.225203 0.068525 0.057069
-0.225534 0.098670 0.045915
-0.225203 0.068525 0.057069
-0.211839 0.066896 0.057359
-0.213950 0.100946 0.046226
-0.201292 0.066521 0.056847
-0.201850 0.101115 0.046014
-0.202936 0.103494 0.048314
-0.201292 0.066521 0.056847
-0.188956 0.066962 0.056806
-0.190071 0.098926 0.045482
-0.178443 0.067251 0.056364
-0.179723 0.099758 0.046025
-0.188956 0.066962 0.056806
-0.188292 0.101454 0.047303
-0.190071 0.098926 0.045482
-0.211839 0.066896 0.057359
-0.213077 0.103672 0.048374
-0.213950 0.100946 0.046226
-0.246629 0.093125 0.041169
-0.250775 0.065869 0.055798
-0.235740 0.068140 0.057203
-0.235740 0.068140 0.057203
-0.235682 0.099105 0.047711
-0.236675 0.096480 0.043759
-0.236675 0.096480 0.043759
-0.236586 0.100666 0.041395
-0.247108 0.098047 0.039130
-0.236756 0.103920 0.036199
-0.235730 0.103804 0.045899
-0.236586 0.100666 0.041395
-0.235947 0.107862 0.042237
-0.227806 0.104272 0.046407
-0.225430 0.102784 0.043314
-0.227928 0.108989 0.042849
-0.225430 0.102784 0.043314
-0.225534 0.098670 0.045915
-0.214022 0.107814 0.040659
-0.213077 0.109068 0.046465
-0.214110 0.104787 0.044308
-0.214022 0.107814 0.040659
-0.203066 0.108914 0.046434
-0.203128 0.111827 0.043395
-0.190140 0.103311 0.042794
-0.201876 0.104987 0.044000
-0.190359 0.107111 0.038748
-0.201876 0.104987 0.044000
-0.201988 0.107753 0.040160
-0.180069 0.105829 0.044000
-0.188626 0.109899 0.042198
-0.190140 0.103311 0.042794
-0.190359 0.107111 0.038748
-0.179022 0.097397 0.042832
-0.169858 0.098141 0.037040
-0.179411 0.101926 0.040298
-0.170376 0.101503 0.034403
-0.179411 0.101926 0.040298
-0.180167 0.108320 0.040529
-0.179524 0.104531 0.036451
-0.170666 0.111018 0.005790
-0.179320 0.117134 0.006184
-0.170771 0.113194 -0.002420
-0.179649 0.119417 -0.002525
-0.171606 0.115704 -0.009409
-0.181292 0.121816 0.007581
-0.189957 0.124823 0.007964
-0.181800 0.124071 -0.001362
-0.190320 0.126837 -0.002597
-0.182133 0.124543 -0.013972
-0.201988 0.107753 0.040160
-0.192031 0.120610 0.005748
-0.203084 0.122186 0.005734
-0.192490 0.122838 -0.003555
-0.192893 0.123905 -0.011235
-0.203430 0.124914 -0.009926
-0.212993 0.126187 0.006886
-0.213038 0.111735 0.043485
-0.204896 0.126326 0.006348
-0.205254 0.128091 -0.003129
-0.212930 0.128034 -0.003137
-0.213367 0.128117 -0.013167
-0.225915 0.105783 0.039163
-0.214966 0.121930 0.006225
-0.225892 0.120330 0.004994
-0.214996 0.124292 -0.003547
-0.226026 0.122548 -0.004161
-0.215619 0.124602 -0.009335
-0.236591 0.121978 0.004636
-0.236205 0.123723 -0.004449
-0.227501 0.126731 -0.013734
-0.236486 0.123965 -0.012679
-0.247184 0.109526 0.004182
-0.247321 0.112023 -0.002923
-0.238678 0.118350 -0.003609
-0.238627 0.118207 -0.008889
-0.247153 0.113347 -0.007563
-0.238530 0.117279 0.003464
-0.236756 0.103920 0.036199
-0.238678 0.118350 -0.003609
-0.238627 0.118207 -0.008889
-0.225915 0.105783 0.039163
-0.226026 0.122548 -0.004161
-0.225651 0.123135 -0.009322
-0.203233 0.124150 -0.003097
-0.203430 0.124914 -0.009926
-0.205215 0.128718 -0.014307
-0.214966 0.121930 0.006225
-0.214996 0.124292 -0.003547
-0.215619 0.124602 -0.009335
-0.192490 0.122838 -0.003555
-0.192893 0.123905 -0.011235
-0.179524 0.104531 0.036451
-0.179649 0.119417 -0.002525
-0.179992 0.119394 -0.010269
-0.178443 0.067251 0.056364
-0.161922 0.064292 0.056927
-0.188956 0.066962 0.056806
-0.201292 0.066521 0.056847
-0.205593 0.064997 0.059264
-0.225203 0.068525 0.057069
-0.211839 0.066896 0.057359
-0.235740 0.068140 0.057203
-0.250775 0.065869 0.055798
-0.251036 0.062972 0.058437
-0.213937 0.115471 -0.013917
-0.204476 0.115734 -0.014081
-0.204426 0.113570 -0.011825
-0.159201 0.065588 0.055755
-0.157961 0.052133 0.058298
-0.157483 0.039161 0.060365
-0.160389 0.029265 0.062962
-0.159201 0.065588 0.055755
-0.157961 0.052133 0.058298
-0.157483 0.039161 0.060365
-0.157929 0.029093 0.061950
-0.159456 0.068725 0.054203
-0.163663 0.065845 0.055100
-0.164123 0.096515 0.041280
-0.169048 0.094808 0.039833
-0.164701 0.100224 0.038907
-0.169858 0.098141 0.037040
-0.164678 0.102209 0.035373
-0.165168 0.111177 0.005199
-0.170666 0.111018 0.005790
-0.170376 0.101503 0.034403
-0.165312 0.113063 -0.001793
-0.165082 0.111137 -0.007711
-0.174843 0.110644 -0.010279
-0.171606 0.115704 -0.009409
-0.170517 0.110767 -0.008293
-0.170771 0.113194 -0.002420
-0.179992 0.119394 -0.010269
-0.181605 0.112342 -0.010912
-0.182183 0.113556 -0.012666
-0.192881 0.116102 -0.013167
-0.191222 0.127278 -0.014764
-0.182133 0.124543 -0.013972
-0.225651 0.123135 -0.009322
-0.215619 0.124602 -0.009335
-0.214643 0.116464 -0.011835
-0.214643 0.116464 -0.011835
-0.215619 0.124602 -0.009335
-0.213367 0.128117 -0.013167
-0.205215 0.128718 -0.014307
-0.203430 0.124914 -0.009926
-0.203691 0.116600 -0.011964
-0.203691 0.116600 -0.011964
-0.203430 0.124914 -0.009926
-0.192893 0.123905 -0.011235
-0.193733 0.115369 -0.011595
-0.192893 0.123905 -0.011235
-0.225651 0.123135 -0.009322
-0.225045 0.114750 -0.011027
-0.225717 0.114777 -0.012398
-0.236486 0.123965 -0.012679
-0.227501 0.126731 -0.013734
-0.238627 0.118207 -0.008889
-0.235853 0.112950 -0.012121
-0.238627 0.118207 -0.008889
-0.236468 0.112413 -0.009290
-0.243178 0.109485 -0.009145
-0.170728 0.106723 -0.009954
-0.224269 0.111913 -0.010913
-0.225045 0.114750 -0.011027
-0.214643 0.116464 -0.011835
-0.170771 0.113194 -0.002420
-0.181605 0.112342 -0.010912
-0.193733 0.115369 -0.011595
-0.225045 0.114750 -0.011027
-0.236468 0.112413 -0.009290
-0.161271 0.090444 -0.009160
-0.170728 0.106723 -0.009954
-0.163959 0.108409 -0.008427
-0.164835 0.088597 -0.009219
-0.161271 0.090444 -0.009160
-0.154214 0.069225 -0.007590
-0.154214 0.069225 -0.007590
-0.152772 0.069687 -0.006393
-0.149582 0.052914 -0.004393
-0.149855 0.038318 -0.006394
-0.148657 0.021055 -0.005641
-0.151872 0.021838 -0.006759
-0.148547 0.007962 -0.004526
-0.148657 0.021055 -0.005641
-0.149027 -0.005150 -0.002680
-0.151707 -0.005096 -0.003322
-0.145918 -0.004767 -0.000783
-0.151648 0.008918 -0.005832
-0.148249 0.038053 -0.003675
-0.157701 0.067218 -0.007882
-0.150743 0.050101 -0.006958
-0.158332 0.089650 -0.007772
-0.173393 0.104539 -0.010405
-0.170728 0.106723 -0.009954
-0.247321 0.112023 -0.002923
-0.247153 0.113347 -0.007563
-0.253064 0.109178 -0.006711
-0.182175 0.109593 -0.010819
-0.181605 0.112342 -0.010912
-0.194091 0.112312 -0.011358
-0.193733 0.115369 -0.011595
-0.203691 0.116600 -0.011964
-0.213751 0.113169 -0.011562
-0.174843 0.110644 -0.010279
-0.170517 0.110767 -0.008293
-0.252476 0.111439 -0.001980
-0.252774 0.109315 0.004702
-0.247184 0.109526 0.004182
-0.247026 0.100614 0.034627
-0.251946 0.099648 0.034676
-0.251756 0.097994 0.038485
-0.247108 0.098047 0.039130
-0.251591 0.095199 0.042472
-0.246629 0.093125 0.041169
-0.253091 0.066596 0.055802
-0.250775 0.065869 0.055798
-0.252856 0.063668 0.057289
-0.252856 0.063668 0.057289
-0.243178 0.109485 -0.009145
-0.247284 0.105523 -0.008590
-0.247284 0.105523 -0.008590
-0.242398 0.105827 -0.009445
-0.249608 0.093663 -0.008128
-0.253524 0.092929 -0.007422
-0.258100 0.081181 -0.006638
-0.260171 0.082695 -0.005793
-0.262010 0.068230 -0.005950
-0.258100 0.081181 -0.006638
-0.255158 0.079845 -0.007106
-0.262010 0.068230 -0.005950
-0.264420 0.053486 -0.005200
-0.261333 0.052710 -0.005958
-0.262226 0.036529 -0.005496
-0.266839 0.034975 -0.001440
-0.265435 0.036119 -0.004510
-0.265856 0.023595 -0.004130
-0.265856 0.023595 -0.004130
-0.263402 0.023880 -0.005272
-0.263224 0.008708 -0.004155
-0.265933 0.008859 -0.003154
-0.264964 -0.009289 -0.002162
-0.267313 -0.007577 0.001790
-0.265933 0.008859 -0.003154
-0.261876 -0.007671 -0.000935
-0.265435 0.036119 -0.004510
-0.265773 0.053151 -0.003238
-0.265435 0.036119 -0.004510
-0.259163 0.067307 -0.006494
-0.253524 0.092929 -0.007422
-0.257092 0.095031 -0.006413
-0.236468 0.112413 -0.009290
-0.244425 0.096480 0.018685
-0.243178 0.109485 -0.009145
-0.249450 0.090449 0.019313
-0.250039 0.077266 0.025305
-0.230510 0.094768 0.019505
-0.213751 0.113169 -0.011562
-0.204426 0.113570 -0.011825
-0.186958 0.096275 0.017746
-0.170447 0.096893 0.017848
-0.166483 0.079007 0.024250
-0.154678 0.009616 0.022062
-0.157396 0.022225 0.023049
-0.153345 -0.003142 0.008635
-0.150071 -0.000817 0.024132
-0.144684 0.000041 0.025037
-0.146034 0.010256 0.024878
-0.154418 0.049171 -0.007580
-0.165235 0.058014 0.033886
-0.153657 -0.000765 0.020601
-0.149493 -0.003849 0.009567
-0.150071 -0.000817 0.024132
-0.149493 -0.003849 0.009567
-0.145083 -0.003581 0.009400
-0.144684 0.000041 0.025037
-0.147388 0.024293 0.022978
-0.153277 0.037902 -0.007254
-0.150743 0.050101 -0.006958
-0.148249 0.038053 -0.003675
-0.149027 -0.005150 -0.002680
-0.147388 0.024293 0.022978
-0.152781 0.023212 0.022667
-0.151112 0.009994 0.022198
-0.152781 0.023212 0.022667
-0.157379 0.024993 0.039629
-0.160796 0.024626 0.039513
-0.161888 0.025832 0.055024
-0.157379 0.024993 0.039629
-0.152781 0.023212 0.022667
-0.147388 0.024293 0.022978
-0.152109 0.026631 0.043197
-0.156545 0.028766 0.059773
-0.161888 0.025832 0.055024
-0.157929 0.029093 0.061950
-0.163533 0.025825 0.057787
-0.163533 0.025825 0.057787
-0.157929 0.029093 0.061950
-0.160389 0.029265 0.062962
-0.164957 0.024699 0.054439
-0.163533 0.025825 0.057787
-0.165906 0.024820 0.056367
-0.166513 0.025754 0.060014
-0.166513 0.025754 0.060014
-0.168569 0.024864 0.058254
-0.183521 0.027540 0.064642
-0.184035 0.026252 0.062196
-0.184841 0.038285 0.054608
-0.167340 0.046576 0.045663
-0.167022 0.050638 0.041504
-0.156545 0.028766 0.059773
-0.152109 0.026631 0.043197
-0.147388 0.024293 0.022978
-0.263591 -0.007078 0.012000
-0.267851 -0.005669 0.013633
-0.262665 -0.004379 0.025229
-0.259424 -0.002187 0.023778
-0.262665 -0.004379 0.025229
-0.263591 -0.007078 0.012000
-0.264964 -0.009289 -0.002162
-0.267137 0.028151 0.011808
-0.266839 0.034975 -0.001440
-0.267137 0.028151 0.011808
-0.266322 0.021868 0.024672
-0.266322 0.021868 0.024672
-0.267464 0.013812 0.025877
-0.267667 0.007302 0.026548
-0.268143 -0.003693 0.026822
-0.262665 -0.004379 0.025229
-0.261632 0.006908 0.024962
-0.261212 0.014201 0.024277
-0.267464 0.013812 0.025877
-0.260074 0.018601 0.025952
-0.261632 0.006908 0.024962
-0.258828 0.006075 0.024548
-0.257948 0.012931 0.023489
-0.261212 0.014201 0.024277
-0.256707 0.018822 0.024723
-0.260074 0.018601 0.025952
-0.258527 0.021962 0.031804
-0.263286 0.022791 0.033975
-0.255092 0.021738 0.030675
-0.258527 0.021962 0.031804
-0.260074 0.018601 0.025952
-0.248088 0.023018 0.055928
-0.250245 0.023878 0.057331
-0.242087 0.023821 0.059685
-0.243757 0.024311 0.062412
-0.250245 0.023878 0.057331
-0.247097 0.023944 0.060549
-0.250385 0.026133 0.063141
-0.248759 0.027108 0.064523
-0.250385 0.026133 0.063141
-0.247097 0.023944 0.060549
-0.243757 0.024311 0.062412
-0.230503 0.026127 0.065323
-0.232125 0.028600 0.067578
-0.230503 0.026127 0.065323
-0.229815 0.029463 0.067669
-0.229656 0.024915 0.062986
-0.226826 0.026797 0.062857
-0.224101 0.028843 0.065870
-0.228260 0.028024 0.065947
-0.224106 0.029297 0.062321
-0.214792 0.029644 0.061804
-0.215127 0.029819 0.065828
-0.198085 0.029500 0.065609
-0.196965 0.030116 0.061253
-0.188554 0.030074 0.061547
-0.188807 0.029218 0.065091
-0.185920 0.028741 0.061673
-0.184393 0.029208 0.064798
-0.183778 0.029528 0.066434
-0.184393 0.029208 0.064798
-0.183521 0.027540 0.064642
-0.184393 0.029208 0.064798
-0.183778 0.029528 0.066434
-0.189029 0.029481 0.066578
-0.198085 0.029500 0.065609
-0.188807 0.029218 0.065091
-0.198258 0.030341 0.067104
-0.215002 0.030137 0.067392
-0.215127 0.029819 0.065828
-0.215127 0.029819 0.065828
-0.215002 0.030137 0.067392
-0.223922 0.028886 0.067382
-0.228260 0.028024 0.065947
-0.224101 0.028843 0.065870
-0.228729 0.029324 0.067573
-0.194923 0.039917 0.065814
-0.194485 0.036942 0.065627
-0.194597 0.042596 0.063418
-0.184517 0.049784 0.061088
-0.183251 0.050828 0.061427
-0.219774 0.050388 0.061969
-0.229340 0.049078 0.062213
-0.229815 0.029463 0.067669
-0.224341 0.036631 0.065614
-0.228729 0.029324 0.067573
-0.228260 0.028024 0.065947
-0.218463 0.042532 0.063913
-0.218384 0.036379 0.066278
-0.218038 0.039853 0.066394
-0.196370 0.033281 0.066456
-0.188914 0.033711 0.065714
-0.188833 0.036731 0.064896
-0.181606 0.030033 0.066892
-0.195089 0.042235 0.065275
-0.217952 0.042045 0.065824
-0.198219 0.051086 0.061573
-0.218463 0.042532 0.063913
-0.188833 0.036731 0.064896
-0.194597 0.042596 0.063418
-0.194485 0.036942 0.065627
-0.216451 0.032811 0.066915
-0.218384 0.036379 0.066278
-0.183778 0.029528 0.066434
-0.184517 0.049784 0.061088
-0.232125 0.028600 0.067578
-0.248759 0.027108 0.064523
-0.252807 0.050812 0.059503
-0.252524 0.037418 0.061155
-0.250385 0.026133 0.063141
-0.253140 0.026437 0.058773
-0.250385 0.026133 0.063141
-0.252524 0.037418 0.061155
-0.252807 0.050812 0.059503
-0.263286 0.022791 0.033975
-0.224046 0.033271 0.066490
-0.224046 0.033271 0.066490
-0.188914 0.033711 0.065714
-0.189029 0.029481 0.066578
-0.196370 0.033281 0.066456
-0.227463 0.037153 0.055852
-0.183217 0.057257 0.035599
-0.244007 0.042706 0.049810
-0.247217 0.045032 0.046615
-0.231517 0.056110 0.036558
-0.249541 0.054716 0.036526
-0.188100 0.062065 0.043410
-0.225922 0.060761 0.044805
-0.223321 0.090855 0.024169
-0.193342 0.091375 0.023726
-0.259968 -0.005753 0.011761
-0.257702 -0.084903 0.309301
-0.171360 0.001670 0.154586
-0.206383 0.000809 0.140724
-0.174819 0.002450 0.135166
-0.197865 0.000856 0.123277
-0.206527 0.001913 0.136032
-0.178714 -0.002828 0.120801
-0.206649 -0.002904 0.123097
-0.197865 0.000856 0.123277
-0.207442 -0.003621 0.120499
-0.213327 -0.000579 0.121358
-0.169225 0.000170 0.122113
-0.163637 -0.000142 0.117707
-0.154494 -0.011376 0.116589
-0.214034 -0.001096 0.118437
-0.212750 0.000943 0.133560
-0.222297 -0.000476 0.149409
-0.155471 -0.003314 0.114880
-0.140028 -0.001838 0.246019
-0.248851 -0.099837 0.196014
-0.248468 -0.101597 0.182589
-0.247708 -0.102793 0.144029
-0.116688 -0.107656 0.193553
-0.253047 -0.115395 0.205188
-0.191624 0.068716 0.414733
-0.179563 0.061087 0.413229
-0.154066 0.060241 0.411780
-0.205409 0.058291 0.415547
-0.131239 0.032667 0.328325
-0.143317 0.033193 0.327962
-0.097214 -0.076937 0.299171
-0.094759 -0.003961 0.438390
-0.127608 0.042496 0.415267
-0.139243 0.058403 0.411849
-0.151688 0.072415 0.418902
-0.164988 0.064166 0.419889
-0.190583 0.060158 0.413592
-0.217053 0.056812 0.415835
-0.081277 -0.022344 0.457674
-0.089646 -0.112009 0.336767
-0.099890 -0.136916 0.431485
-0.091774 -0.078172 0.338481
-0.097703 -0.145620 0.333459
-0.214770 0.042596 0.419100
-0.223201 0.020888 0.328835
-0.259317 -0.069926 0.346501
-0.260491 -0.077651 0.310038
-0.258772 -0.070048 0.309870
-0.261088 -0.111886 0.348370
-0.262438 -0.079002 0.312980
-0.203086 -0.181408 0.139065
-0.216120 -0.184129 0.140928
-0.200066 -0.188460 0.179979
-0.224923 -0.178607 0.130904
-0.219747 -0.169625 0.135771
-0.158104 -0.185580 0.176097
-0.199621 -0.181185 0.177223
-0.207288 -0.182895 0.291857
-0.199621 -0.181185 0.177223
-0.172275 -0.177287 0.298985
-0.151710 -0.185979 0.341666
-0.135597 -0.158041 0.301768
-0.128753 -0.169539 0.342366
-0.132191 -0.169732 0.340176
-0.109220 -0.159863 0.352627
-0.101119 -0.153043 0.357490
-0.097882 -0.143968 0.404755
-0.131804 -0.161286 0.427216
-0.199630 -0.159530 0.433686
-0.194613 -0.176010 0.340135
-0.197976 -0.176949 0.296240
-0.197520 -0.179160 0.302268
-0.217721 -0.154475 0.439422
-0.163469 -0.160678 0.438909
-0.099545 -0.128673 0.300826
-0.099523 -0.142429 0.338659
-0.098024 -0.145932 0.338246
-0.130621 -0.162536 0.334747
-0.116749 -0.158051 0.334282
-0.103829 -0.141531 0.300335
-0.102055 -0.079283 0.301268
-0.103829 -0.141531 0.300335
-0.102055 -0.079283 0.301268
-0.118844 -0.108081 0.176251
-0.120188 -0.132357 0.174080
-0.117564 -0.133567 0.172322
-0.118844 -0.108081 0.176251
-0.128196 -0.111969 0.136558
-0.138372 -0.159549 0.182410
-0.138372 -0.159549 0.182410
-0.142504 -0.160166 0.206524
-0.142445 -0.157538 0.182185
-0.135597 -0.158041 0.301768
-0.142803 -0.166586 0.294189
-0.152737 -0.173089 0.180070
-0.140970 -0.164552 0.178500
-0.139915 -0.162321 0.182390
-0.131019 -0.142162 0.139792
-0.124075 -0.129564 0.134590
-0.129721 -0.125766 0.138493
-0.129721 -0.125766 0.138493
-0.145286 -0.154591 0.139664
-0.144954 -0.159231 0.131587
-0.147370 -0.161268 0.134639
-0.203086 -0.181408 0.139065
-0.217731 -0.175145 0.107532
-0.220119 -0.169939 0.102588
-0.208819 -0.181363 0.107169
-0.153682 -0.150566 0.105402
-0.203280 -0.171079 0.114204
-0.245875 -0.117026 0.105100
-0.245875 -0.117026 0.105100
-0.246988 -0.108554 0.108712
-0.227522 -0.108767 0.120393
-0.235017 -0.155474 0.102890
-0.227522 -0.108767 0.120393
-0.220119 -0.169939 0.102588
-0.223024 -0.151186 0.438969
-0.252742 -0.079140 0.443460
-0.239296 -0.072211 0.439901
-0.246644 -0.065317 0.501081
-0.087484 -0.071607 0.433446
-0.090654 -0.073619 0.422913
-0.087424 -0.069623 0.488623
-0.120263 0.059869 0.554664
-0.131996 0.064589 0.557494
-0.131996 0.064589 0.557494
-0.147822 0.091128 0.496275
-0.164988 0.064166 0.419889
-0.143949 0.064462 0.558821
-0.143949 0.064462 0.558821
-0.164988 0.064166 0.419889
-0.169183 0.064657 0.560714
-0.168098 0.068375 0.562212
-0.190216 0.062691 0.421468
-0.210785 0.076240 0.512930
-0.216702 0.059024 0.424112
-0.205525 0.062287 0.422485
-0.207834 0.059479 0.559815
-0.252263 -0.058354 0.498973
-0.246644 -0.065317 0.501081
-0.253519 -0.063384 0.499851
-0.207147 0.062374 0.560311
-0.126080 0.000225 0.415726
-0.087557 -0.066370 0.494924
-0.126080 0.000225 0.415726
-0.164448 -0.161784 0.111419
-0.222160 0.031336 0.329128
-0.214770 0.042596 0.419100
-0.127608 0.042496 0.415267
-0.082247 -0.025146 0.442369
-0.077712 -0.049519 0.458349
-0.204656 -0.183190 0.299181
-0.247026 0.100614 0.034627
-0.179992 0.119394 -0.010269
-0.191222 0.127278 -0.014764
-0.225651 0.123135 -0.009322
-0.225892 0.120330 0.004994
-0.203084 0.122186 0.005734
-0.179320 0.117134 0.006184
-0.157929 0.029093 0.061950
-0.181605 0.112342 -0.010912
-0.225045 0.114750 -0.011027
-0.193733 0.115369 -0.011595
-0.236468 0.112413 -0.009290
-0.247153 0.113347 -0.007563
-0.149855 0.038318 -0.006394
-0.151112 0.009994 0.022198
-0.150071 -0.000817 0.024132
-0.146034 0.010256 0.024878
-0.149855 0.038318 -0.006394
-0.268143 -0.003693 0.026822
-0.267667 0.007302 0.026548
-0.266322 0.021868 0.024672
-0.266322 0.021868 0.024672
-0.247097 0.023944 0.060549
-0.253140 0.026437 0.058773
-0.198258 0.030341 0.067104
-0.198085 0.029500 0.065609
-0.198219 0.051086 0.061573
-0.228729 0.029324 0.067573
-0.183778 0.029528 0.066434
-0.224341 0.036631 0.065614
-0.198258 0.030341 0.067104
1635 2324
1579 1586
1559 1585
1341 1634
1338 1634
1628 1638
1599 1603
1606 1608
1289 1290
1296 1298
1586 2319
1597 1600
1297 1299
326 336
330 331
1487 1490
327 337
1634 1639
1626 1627
437 441
448 2225
1488 1489
466 467
1299 1302
272 273
276 279
1460 1476
267 268
1300 1303
1307 1327
1288 1289
439 440
1607 1610
1622 1624
277 304
271 274
468 472
266 295
1444 1446
276 285
282 283
272 296
287 290
1474 2310
1627 1629
300 301
1473 1475
1556 1557
1503 1506
1507 2313
1611 1625
307 308
332 333
1555 1558
1629 2324
1639 2326
1537 1538
1540 1541
1504 1505
1519 1520
1517 1518
342 2212
1704 1708
1539 2316
1445 2307
1629 1630
457 1697
1619 1630
898 899
1602 1606
1603 1604
1559 1562
1396 1404
488 489
473 475
1394 1401
1563 1569
486 487
243 2228
480 481
310 2199
1523 1525
473 476
1393 1394
1399 1410
1406 1407
1499 1500
1392 1398
1395 1396
1397 1407
145 309
1533 1534
1431 1432
1436 1441
320 421
135 434
259 1693
1398 1400
1620 1621
1390 1397
316 317
1557 1560
1389 1395
887 888
897 2263
1461 1462
242 488
245 246
1304 1320
1329 2299
134 447
3 4
887 905
1548 1549
1546 1551
314 316
157 435
1412 1413
1418 1423
249 252
155 156
1377 1381
162 458
156 436
161 162
2 1693
133 135
1299 1301
1749 1805
1300 1301
1327 1328
1482 1483
1465 1479
1467 1471
1481 1484
1760 1795
649 689
698 700
1075 1084
437 438
447 1692
1078 1082
278 280
678 688
680 685
1793 1794
676 687
268 270
970 981
1615 1622
4 8
141 143
531 2233
472 474
233 235
164 165
166 2201
1 2
132 133
142 144
218 219
247 486
504 505
269 293
964 976
967 977
312 327
1723 1725
1734 1735
311 326
250 251
507 508
1400 1409
306 1690
309 328
1623 1627
1767 1783
1765 2339
1787 1789
598 602
553 2236
989 1088
1755 1800
157 159
1799 1801
1818 2338
301 303
449 452
283 284
285 286
1331 2321
1281 1282
302 2208
304 305
481 1288
482 2226
2177 2178
994 1086
223 224
144 2199
219 221
1723 1724
259 260
434 446
593 600
601 609
483 484
547 548
289 291
294 295
599 607
618 619
237 315
1721 1722
1731 1732
274 297
2176 2179
1775 1782
1814 1815
714 715
872 2259
220 313
290 2207
1616 1618
476 478
1387 1393
337 341
850 851
873 874
1254 1257
927 928
1009 1010
971 982
1662 2327
1672 1682
265 307
333 334
959 977
976 2271
173 174
1576 1577
1729 1730
930 931
448 451
847 848
1727 1728
1731 1733
414 422
263 264
209 1207
1935 1997
163 2200
238 244
1716 1717
182 184
980 981
983 986
147 149
176 177
960 975
979 982
247 2204
505 506
1718 1719
1720 1754
900 903
905 906
330 335
336 338
1809 2334
1945 1946
1255 1256
1950 1952
241 242
246 248
1293 1574
1575 2320
513 524
516 534
1944 1947
1859 1860
1739 1743
1740 1742
1737 1738
1853 1855
490 494
1246 1247
213 214
1184 1187
502 2230
175 178
1248 1249
1861 1862
149 150
172 176
984 987
493 495
1304 1305
1309 1329
1245 1248
1185 1186
1200 1201
1959 1989
485 493
501 502
1627 1628
1930 1997
1412 2305
1423 1571
575 576
577 578
1626 1629
572 631
1561 2319
1569 1570
206 210
383 1387
478 479
980 1006
1646 1648
493 498
500 501
151 153
1358 1365
146 147
151 152
496 2181
503 1281
512 1286
573 574
498 499
491 2229
1282 1311
321 322
612 1287
1202 1657
960 961
978 979
1227 1228
1590 1595
1573 1584
479 1706
2170 2174
1432 1435
1436 1437
2160 2164
2044 2171
2076 2085
2079 2082
582 631
626 628
410 411
412 414
1417 1419
1433 1434
545 2235
1101 1102
2044 2176
232 1209
222 223
525 551
1705 2332
1710 1711
2078 2081
2170 2177
1466 2309
1496 2312
226 233
464 465
1291 1701
1464 1465
1467 1468
497 498
1453 1511
1454 1512
148 154
420 427
744 747
512 1287
401 402
427 428
1512 1588
576 632
1992 2175
1438 1439
207 208
1480 1481
152 160
97 100
1462 1463
1337 1610
1624 1636
955 2271
17 21
231 232
205 216
194 1248
419 420
747 751
251 254
508 1229
737 749
745 2246
217 218
8 114
139 141
1308 1309
389 2219
2081 2173
208 224
1104 1106
2128 2137
2147 2149
397 410
412 413
743 746
1599 1609
154 158
455 459
461 462
1192 1247
1193 1252
94 100
1998 2006
686 691
1065 1073
1066 1067
2144 2145
1534 1535
339 340
385 386
1911 1927
1912 1913
580 581
1369 1372
746 2247
761 762
1498 1499
1524 2315
840 842
890 894
677 679
693 694
1071 1077
754 832
1370 1371
197 198
1551 2318
748 756
750 752
1194 1197
820 823
406 835
839 841
1848 2143
2131 2360
2130 2143
1456 1590
1459 1591
1549 2317
1552 1565
199 200
202 203
190 194
1592 1594
1612 1613
1191 1192
170 171
252 253
2129 2362
2153 2154
773 774
821 822
814 815
1306 1312
2027 2028
2048 2049
1915 1929
1525 1526
1361 1362
405 406
1580 2322
1527 1528
1253 1255
526 1127
543 544
1836 1837
1195 1196
402 403
833 834
758 766
760 776
1910 1929
1321 1323
1342 1343
907 948
426 433
602 613
784 787
1914 2015
40 41
906 948
393 1383
807 809
199 212
201 206
190 196
1900 1959
130 131
670 794
757 765
1365 1366
1908 1909
1912 1931
1373 1641
1180 2289
1212 1214
1648 1649
98 99
415 426
836 2220
132 2197
628 630
169 2202
1447 1453
196 1189
197 211
613 660
1581 1582
540 574
1285 1286
1653 1654
1681 1683
1927 2005
1542 1587
1588 1600
1683 1684
772 2249
1983 2058
1977 1978
771 773
822 824
1072 1075
1080 1082
968 969
818 819
1316 1317
683 685
688 700
2039 2042
2040 2111
392 1384
1068 1084
1078 1083
2021 2022
1333 1334
1359 1361
211 212
211 214
1187 1189
1093 2285
1095 1100
663 793
791 792
767 768
827 830
769 2248
777 778
235 2203
901 2264
1968 1984
1372 2302
1917 1918
1921 2347
782 783
803 806
2047 2048
830 831
1351 1353
680 681
240 241
1915 1916
1980 1981
126 129
1649 1680
1650 1651
829 832
1359 1360
2102 2103
2119 2359
398 834
1373 1374
2000 2023
2088 2093
1366 1368
779 780
775 2249
781 782
778 779
407 2221
1363 1364
828 829
1357 1359
842 2255
548 549
1092 1094
1332 2300
1637 1638
1996 1997
587 589
594 2238
1414 1703
1415 1416
1182 1280
430 431
856 2256
605 607
616 619
1199 1657
625 627
399 400
1969 1970
234 236
1919 2014
1530 1531
770 771
824 826
2025 2030
2011 2012
2041 2043
768 770
766 2248
654 656
657 658
659 798
662 795
509 814
1306 1310
213 230
1176 1184
963 964
825 2254
1354 1356
1276 2296
1675 1679
1522 1523
847 851
853 854
857 858
859 2257
2023 2036
1368 1641
1188 1190
1197 1198
1185 1208
583 629
585 595
1352 1354
228 229
836 837
1034 1181
1049 1054
1738 1739
475 2305
515 522
1975 1976
383 384
256 261
287 288
405 417
843 844
408 409
809 810
812 813
1967 1968
815 818
1312 1316
588 590
610 611
1971 2057
2058 2059
1715 1716
395 396
1375 1376
2008 2349
2009 2010
907 958
913 914
344 2213
1517 1522
1974 1980
1969 1985
452 453
1696 2329
204 215
1578 1585
1515 1516
115 118
136 2198
1251 1652
1469 1472
1493 1494
184 185
1013 2278
1016 1017
672 793
1963 1967
1501 1504
1520 1521
1564 1566
1991 1992
1059 2284
1060 1064
1508 1513
521 542
1096 1101
281 282
892 893
2055 2056
805 807
816 817
1318 1319
2059 2060
1032 1033
1664 2327
428 429
735 736
137 140
215 217
1322 1323
1343 1344
1196 1199
2013 2350
1358 1640
1656 1659
1685 1686
1959 1960
556 557
633 635
2173 2175
875 878
885 962
571 578
575 579
1355 1640
1957 1961
1502 1503
1507 1532
1655 1656
1684 1685
546 552
921 922
863 865
638 639
640 2251
1372 1373
123 124
129 2197
1529 1530
1470 1471
1478 1479
2129 2360
2146 2154
1018 2279
1026 1027
1845 1846
1849 1850
1022 1038
1025 1028
1091 1092
1362 1367
1334 2300
1338 1339
1179 1180
2084 2094
2091 2092
1483 1486
838 840
1515 1541
1537 1547
641 644
556 2237
633 2239
852 855
554 555
558 559
1291 1292
1484 1485
845 2255
896 2262
1962 1967
1964 1965
164 2200
238 239
1658 1660
1687 1688
2050 2052
1920 1924
444 445
2157 2158
1113 1118
1140 1141
1720 1721
1837 1838
1202 1203
1486 1487
566 568
622 811
787 788
1514 2316
1566 1567
403 418
2051 2352
2019 2348
1136 2288
1134 1135
640 800
390 1710
1694 1695
1380 1382
1383 1386
1920 2017
1251 1253
923 924
1966 1985
1293 1573
1846 1847
1850 1851
1452 1509
345 346
1416 1417
970 2274
271 272
1237 1238
1267 1280
1428 1431
1441 1443
715 716
864 866
1954 2163
1100 1103
1177 1179
1843 1881
1981 2180
1332 1335
1442 1444
189 194
1919 1925
1211 1213
1999 2000
2083 2096
712 713
642 799
655 801
1108 1109
114 115
801 2252
520 2234
445 1555
1553 1554
1963 1987
1562 2319
537 539
567 569
1970 1975
915 919
1842 1880
1408 1455
1061 1062
1106 1109
443 2224
1697 1698
1961 1962
1965 1986
1784 1786
1344 1346
2053 2180
699 714
711 877
404 416
432 433
1972 1973
1974 1982
67 70
1936 1938
257 258
1377 1379
1633 1635
653 654
658 664
299 300
1726 1727
1834 1835
1922 2008
2010 2017
61 62
122 2196
347 348
639 2240
1205 1206
342 343
1935 1937
1923 2001
1440 1442
1785 2336
2001 2007
357 2216
70 72
116 117
1891 1893
1097 1102
1122 1124
1411 1459
1456 1457
262 2209
308 2210
1169 1170
1265 1643
1645 1647
1979 2051
1631 1632
1332 1336
657 797
6 125
10 25
1011 1041
1029 1031
883 884
893 895
1461 2308
368 369
1497 1498
1917 1928
2015 2351
467 468
1901 1988
1906 1907
379 380
1550 2317
381 2218
1051 1056
1218 1219
1668 1671
442 454
510 604
2161 2162
737 2245
741 2246
1543 2323
264 265
1324 1325
728 740
785 786
992 993
1135 1138
1204 1211
1121 1122
1267 2295
255 256
266 267
280 2205
373 376
543 2235
636 987
991 2275
1872 1873
1030 1035
1039 2282
1387 1388
939 940
941 944
645 673
646 647
684 685
635 636
275 297
352 354
2054 2070
2065 2066
1420 1421
1429 1430
2005 2014
1438 1463
1098 1099
1120 1121
692 695
973 974
14 15
652 655
1427 1428
527 528
1714 2232
1315 2298
1317 1325
1347 1349
661 662
798 2250
409 2221
1270 1271
1574 1578
1598 1605
1614 1615
1374 2302
1378 2303
230 1209
2007 2020
1313 1314
1425 2306
563 564
1034 1037
1049 1050
550 553
1090 1091
938 2267
1421 1422
1426 1429
284 2206
370 2217
1871 1874
2002 2348
2020 2349
614 621
789 796
2063 2352
2064 2353
103 108
109 110
1032 1177
1133 1134
396 397
1123 2286
1132 2288
1500 1501
1049 1051
94 2195
105 106
1532 1533
1161 1266
1284 2297
2006 2046
1164 1268
1174 1222
738 739
1791 1792
1885 1886
740 742
763 785
270 293
362 365
733 735
732 733
870 871
1900 1994
400 834
1718 1740
1837 1839
1999 2007
1729 1731
1832 1834
450 2225
1691 1692
1156 1157
1270 1279
1477 1478
806 808
7 2182
1660 1661
1688 1689
1937 1995
109 2194
365 366
1103 1105
2003 2004
2012 2350
1891 1895
1262 1263
1924 2011
189 195
908 948
1089 1091
291 2207
1118 1119
1137 1140
993 997
1661 1663
1793 1797
363 367
1480 1535
0 5
0 11
1158 1164
1804 2337
1875 1876
1236 1284
1643 1644
1645 1646
280 305
1158 1167
94 112
1800 1802
1824 1825
1884 2344
1938 1939
1797 1798
1996 2179
254 1241
1450 1451
1138 1139
94 181
565 566
1812 1813
1896 2346
1472 1473
1492 1493
1242 1243
1244 2293
293 294
522 1285
540 541
518 535
561 565
2077 2355
350 353
935 937
1345 1347
1053 1057
2131 2132
1795 1796
85 86
603 606
608 615
2075 2077
1013 1015
1788 1790
934 947
938 946
1402 1405
275 292
354 355
886 888
891 2261
1786 2336
1873 1874
297 298
1404 1405
596 597
1157 1167
1807 1808
1892 1893
1651 1653
1680 1681
1993 2178
1819 2338
1058 1059
1063 1064
1263 1265
1117 1120
9 2182
13 14
204 205
1526 2315
511 812
620 810
1844 1940
2100 2101
752 757
755 756
2103 2106
2115 2116
112 113
126 127
1262 1264
1272 1277
1242 2292
1257 1260
1805 1806
1275 1276
82 84
1275 1278
1677 1678
1518 1536
1544 1545
45 46
1510 2314
1782 1784
1055 1056
360 364
1495 2312
444 1556
374 378
1527 2318
1781 2335
1104 1107
48 49
51 2189
788 789
2098 2102
12 24
18 28
1778 1780
1830 2340
2121 2122
1589 1596
1178 1208
1205 1210
564 566
624 634
933 947
169 170
1256 1261
1152 1153
181 183
195 1250
985 987
1142 1151
2068 2069
460 471
1572 1699
5 6
10 11
849 850
355 356
357 358
286 2205
372 373
763 764
932 939
941 942
736 737
352 353
1141 1154
1887 1888
1240 1241
1875 2343
1889 1890
379 2218
1695 1696
1170 1171
1876 1877
1878 1879
50 2188
87 90
1882 1883
147 148
118 119
1777 1779
1861 1903
1171 1217
1182 1183
1259 1260
2104 2105
1219 1220
1668 1669
865 867
871 2258
1166 1168
681 682
354 2215
47 89
1409 1458
1617 1618
2053 2071
926 931
111 2194
138 2198
226 227
229 231
368 2217
371 372
1798 1823
1880 1881
1806 1808
2061 2062
385 388
430 869
714 855
876 877
1222 1225
1666 1667
113 2195
120 121
1165 2290
1011 1012
1027 1029
848 849
359 2216
360 361
949 2269
1003 1004
846 847
1669 1670
637 974
1028 1030
1038 1039
377 378
859 862
1221 2290
1665 1670
1596 1600
177 178
363 365
469 470
1583 1584
716 717
866 868
1199 1656
374 376
1149 1153
1989 1991
35 38
943 945
1023 2281
1379 2303
483 2181
487 2227
1114 1155
1790 1791
1827 1828
1269 1279
1830 1831
950 951
955 956
362 364
314 2211
323 838
2033 2034
1349 1351
957 958
391 395
373 375
386 387
466 1707
710 2242
963 2273
388 2219
477 1706
42 43
1809 1810
1932 1945
1020 1021
1025 1026
2140 2141
2167 2169
92 94
1779 1781
1866 1868
1069 1070
1112 1115
231 1209
1247 1248
1261 1262
1339 1340
347 2214
350 351
929 930
1014 1015
1258 1261
96 97
2070 2073
915 916
922 1008
1897 1898
1988 1990
790 791
1593 1601
1239 2291
1676 1677
1382 1391
1386 1390
525 527
1162 1269
1577 2321
1609 2322
1273 1274
1808 1817
1892 1894
1337 2301
168 2201
1234 1235
1283 2297
2069 2354
319 321
880 2260
1392 2304
1631 2325
1594 1598
1613 1614
1943 1944
1865 2342
166 167
589 592
597 2238
339 1711
1705 2331
1256 1642
348 349
224 225
2075 2076
2079 2080
683 684
1217 1218
321 391
1821 1822
2074 2078
614 615
22 29
20 27
1385 1389
728 729
1403 1405
1869 1874
882 2260
895 2262
490 491
516 530
523 524
2137 2138
666 722
734 2244
2062 2063
2068 2353
260 2328
33 34
43 71
596 598
800 2251
1730 1766
38 2186
52 63
726 731
774 775
803 804
1261 1263
860 862
874 2259
1867 1868
1903 1942
455 456
460 461
796 802
931 946
933 2266
513 514
534 536
665 672
669 671
819 2253
1240 1242
751 756
1175 1223
539 579
569 571
1863 1864
1110 1111
517 529
519 531
559 560
988 989
1894 2345
1023 1024
30 31
318 1710
1224 1274
1673 1674
1129 2287
1233 1235
965 966
2072 2074
622 810
1744 1746
1748 1815
528 530
900 902
997 998
1005 1006
27 33
32 2184
2149 2150
1822 1823
1881 1882
1314 1315
1348 1350
340 2212
1707 1708
531 532
316 421
324 325
725 727
730 2244
580 584
753 758
759 760
1385 1386
2134 2152
604 605
616 617
1807 1820
57 2191
60 61
1375 1378
664 665
35 2185
53 2189
708 2242
1750 1752
884 885
1223 1225
1079 1083
65 66
36 37
1115 1116
570 571
1802 1804
1825 1826
1859 1862
2045 2046
1149 1150
170 173
253 1243
1226 1228
1230 1231
72 73
79 2193
994 995
1076 1077
924 925
926 927
889 2261
899 2263
1933 1956
1725 1759
1956 1957
1958 1990
1735 1756
2127 2142
2148 2150
1931 1941
463 464
15 16
1265 2294
1642 1643
1070 1108
1111 1112
495 496
1761 1763
1768 1769
187 188
203 204
2018 2019
2026 2027
1864 1942
421 2222
952 953
961 2272
1747 1749
1159 1163
466 1708
695 696
972 2274
442 1698
451 453
1949 1951
445 2224
696 705
966 968
1143 1147
1326 1330
328 329
1811 1812
1816 1817
1934 1943
1932 1943
1582 2322
2113 2114
2153 2168
568 569
1803 2337
1770 1772
95 96
1231 1232
1745 2334
1866 1867
591 599
618 2333
2087 2357
2160 2161
1828 2336
533 2233
551 1129
1230 1232
1751 1818
1753 1799
1728 1761
1733 1768
494 2229
912 913
1294 1295
2172 2173
1741 1747
1066 1085
1073 1086
590 591
611 2333
58 59
92 93
909 910
623 625
1978 1979
1948 1950
1719 1751
1753 1754
2067 2069
2073 2080
730 738
459 465
1932 1933
31 2183
63 64
706 707
709 710
914 916
1743 1744
861 2257
901 903
19 21
536 538
1757 1758
1762 1787
1764 1765
2086 2087
2089 2090
1703 2330
1705 1706
1036 1044
17 18
2122 2123
1772 1776
1774 1829
394 1709
999 2276
1002 2277
1054 1148
909 2265
923 934
989 990
2097 2098
952 2270
1849 1854
1058 1145
1063 1110
2082 2356
2106 2107
1042 2283
1046 1047
180 181
416 417
423 2223
1144 1145
1513 1544
1855 1857
2106 2108
2112 2116
1717 1771
1856 1858
1476 2311
1052 2284
186 188
192 193
1867 1899
1909 1942
1126 1131
1724 1764
904 2264
936 937
911 2265
920 921
1031 1035
455 457
1128 2287
1160 1161
1016 2279
1019 1020
918 919
949 950
1771 1773
1736 1757
112 179
127 128
1766 1775
705 707
701 2243
721 724
2098 2099
2123 2124
697 702
703 704
1490 1491
1509 1510
39 40
49 91
1759 1760
650 675
2053 2054
584 585
1947 1948
1489 2313
1130 1131
1214 1664
1215 1216
1080 1081
878 879
880 881
101 103
335 1700
1857 1859
996 1007
667 668
690 2241
915 917
647 648
649 674
1756 1794
718 719
867 868
1054 1215
720 722
990 995
726 732
580 594
586 587
17 22
1446 2307
1449 1450
696 703
1043 1045
1051 1052
77 2193
101 102
185 193
104 106
2084 2356
424 425
858 2256
554 2237
562 563
382 383
651 690
483 499
2097 2100
944 2268
2033 2040
2037 2039
41 2187
1981 2056
20 21
1924 2017
1224 1225
26 27
49 50
669 670
54 2190
24 30
28 29
465 1702
1126 1127
1294 1330
1074 1087
2117 2140
2169 2364
391 1712
1163 1174
104 107
392 394
679 697
693 704
2138 2139
2134 2166
2165 2363
1036 1045
1040 2283
138 191
703 707
718 721
1878 1940
1902 1994
998 1007
1001 2276
1840 1955
1953 1954
999 1000
45 89
1424 1571
1447 1448
1842 1940
1952 1954
1148 1150
1833 1845
674 675
2024 2037
2030 2032
954 2270
1004 2277
1926 2347
2016 2351
23 2183
64 66
532 2231
1094 2285
1172 1173
2141 2142
2148 2167
1844 1883
75 76
81 82
46 47
76 2192
2121 2151
55 56
120 122
1864 1910
1568 1570
1587 2323
2126 2127
2092 2136
2094 2099
643 645
652 1713
1000 1001
691 701
723 724
1895 1907
1895 2345
1172 1215
663 664
44 73
1295 1575
1042 1067
1047 1065
2042 2043
56 2190
86 87
797 2250
74 75
78 79
1021 2280
1146 1148
713 877
1922 1923
2109 2111
545 1125
1124 2286
1848 2341
2034 2035
68 69
1852 2047
2029 2031
495 498
1330 1331
1335 1336
1036 1043
2093 2095
2133 2155
484 492
1302 1303
1294 1576
722 724
2126 2144
1405 1408
2156 2159
2143 2362
2139 2145
1841 1955
1870 1871
1871 1904
2036 2038
51 60
703 705
2123 2125
2137 2145
856 857
102 103
83 90
2128 2144
1872 1905
2042 2108
1087 1088
1089 1090
1047 1048
2109 2110
2112 2113
2115 2358
2117 2359
485 490
2118 2119
2120 2121
1890 1891
720 721
80 88
2095 2135
2133 2361
