13925228558997144251 190 190
-10.411989 -6.647972 48.374981
-6.794032 -5.146759 48.595753
-8.942204 -0.304868 40.728008
-12.358623 -6.303384 22.081350
-6.143314 -11.109953 44.613640
-10.781220 -10.336156 46.844521
-12.358623 -6.303384 22.081350
-7.825250 -7.538894 22.597353
-6.143314 -11.109953 44.613640
-14.002822 -4.557254 35.027809
-10.781220 -10.336156 46.844521
-10.411989 -6.647972 48.374981
-12.358623 -6.303384 22.081350
-10.781220 -10.336156 46.844521
-14.002822 -4.557254 35.027809
-14.002822 -4.557254 35.027809
-10.411989 -6.647972 48.374981
-8.942204 -0.304868 40.728008
-11.682872 0.732977 23.276796
-8.942204 -0.304868 40.728008
-5.955650 2.299804 21.955072
-11.682872 0.732977 23.276796
-14.002822 -4.557254 35.027809
-8.942204 -0.304868 40.728008
-12.358623 -6.303384 22.081350
-14.002822 -4.557254 35.027809
-11.682872 0.732977 23.276796
-3.697192 -5.171267 25.434067
-6.143314 -11.109953 44.613640
-7.825250 -7.538894 22.597353
-3.697192 -5.171267 25.434067
-3.698846 -7.185709 47.587517
-6.143314 -11.109953 44.613640
-3.697192 -5.171267 25.434067
-2.998943 -0.713118 24.784121
-3.698846 -7.185709 47.587517
-2.998943 -0.713118 24.784121
-6.794032 -5.146759 48.595753
-3.698846 -7.185709 47.587517
-2.998943 -0.713118 24.784121
-8.942204 -0.304868 40.728008
-6.794032 -5.146759 48.595753
-2.998943 -0.713118 24.784121
-5.955650 2.299804 21.955072
-8.942204 -0.304868 40.728008
8.409407 -7.465781 -1.324104
5.501499 -6.376338 12.893657
-0.965096 -10.163231 15.770083
8.409407 -7.465781 -1.324104
-0.965096 -10.163231 15.770083
-1.104322 -13.040050 -2.053977
8.409407 -7.465781 -1.324104
-1.104322 -13.040050 -2.053977
8.519223 3.143515 0.114918
8.409407 -7.465781 -1.324104
8.519223 3.143515 0.114918
5.501499 -6.376338 12.893657
8.519223 3.143515 0.114918
-1.104322 -13.040050 -2.053977
-8.799627 -4.110354 -0.868769
8.519223 3.143515 0.114918
-8.799627 -4.110354 -0.868769
-2.507796 6.258821 0.550063
8.519223 3.143515 0.114918
-2.998943 -0.713118 24.784121
2.150760 -2.412085 18.698975
8.519223 3.143515 0.114918
2.150760 -2.412085 18.698975
5.501499 -6.376338 12.893657
-8.799627 -4.110354 -0.868769
-11.682872 0.732977 23.276796
-2.507796 6.258821 0.550063
-8.799627 -4.110354 -0.868769
-7.825250 -7.538894 22.597353
-1.104322 -13.040050 -2.053977
-0.965096 -10.163231 15.770083
-7.825250 -7.538894 22.597353
-12.358623 -6.303384 22.081350
-1.104322 -13.040050 -2.053977
-7.825250 -7.538894 22.597353
-0.965096 -10.163231 15.770083
-3.697192 -5.171267 25.434067
-11.682872 0.732977 23.276796
-5.955650 2.299804 21.955072
-2.507796 6.258821 0.550063
-8.799627 -4.110354 -0.868769
-1.104322 -13.040050 -2.053977
-12.358623 -6.303384 22.081350
-3.697192 -5.171267 25.434067
-0.965096 -10.163231 15.770083
5.501499 -6.376338 12.893657
-3.697192 -5.171267 25.434067
5.501499 -6.376338 12.893657
2.150760 -2.412085 18.698975
-3.697192 -5.171267 25.434067
2.150760 -2.412085 18.698975
-2.998943 -0.713118 24.784121
-2.998943 -0.713118 24.784121
8.519223 3.143515 0.114918
-5.955650 2.299804 21.955072
-5.955650 2.299804 21.955072
8.519223 3.143515 0.114918
-2.507796 6.258821 0.550063
8.196989 -46.286289 98.851929
10.776237 -47.613331 96.332985
11.929328 -45.262623 98.299286
8.196989 -46.286289 98.851929
11.929328 -45.262623 98.299286
9.609940 -44.476990 99.587090
7.325190 -36.280144 78.603737
11.929328 -45.262623 98.299286
10.776237 -47.613331 96.332985
7.325190 -36.280144 78.603737
8.140952 -31.132607 81.911865
11.929328 -45.262623 98.299286
6.578547 -45.176746 91.788445
10.776237 -47.613331 96.332985
8.196989 -46.286289 98.851929
-1.731188 -30.463512 63.386795
7.325190 -36.280144 78.603737
10.776237 -47.613331 96.332985
8.140952 -31.132607 81.911865
9.609940 -44.476990 99.587090
11.929328 -45.262623 98.299286
1.577326 -28.234936 81.927490
9.609940 -44.476990 99.587090
8.140952 -31.132607 81.911865
-6.512849 -29.718605 63.582352
10.776237 -47.613331 96.332985
6.578547 -45.176746 91.788445
-6.512849 -29.718605 63.582352
-1.731188 -30.463512 63.386795
10.776237 -47.613331 96.332985
-5.753044 -28.651510 75.442627
9.609940 -44.476990 99.587090
1.577326 -28.234936 81.927490
-5.753044 -28.651510 75.442627
8.196989 -46.286289 98.851929
9.609940 -44.476990 99.587090
-6.143314 -11.109953 44.613640
7.325190 -36.280144 78.603737
-1.731188 -30.463512 63.386795
-6.143314 -11.109953 44.613640
8.140952 -31.132607 81.911865
7.325190 -36.280144 78.603737
-6.143314 -11.109953 44.613640
-3.698846 -7.185709 47.587517
8.140952 -31.132607 81.911865
-4.550152 -33.589619 74.354546
8.196989 -46.286289 98.851929
-5.753044 -28.651510 75.442627
-4.550152 -33.589619 74.354546
6.578547 -45.176746 91.788445
8.196989 -46.286289 98.851929
-4.550152 -33.589619 74.354546
-6.512849 -29.718605 63.582352
6.578547 -45.176746 91.788445
-3.698846 -7.185709 47.587517
1.577326 -28.234936 81.927490
8.140952 -31.132607 81.911865
-6.143314 -11.109953 44.613640
-1.731188 -30.463512 63.386795
-6.512849 -29.718605 63.582352
-6.794032 -5.146759 48.595753
1.577326 -28.234936 81.927490
-3.698846 -7.185709 47.587517
-6.794032 -5.146759 48.595753
-10.411989 -6.647972 48.374981
1.577326 -28.234936 81.927490
-9.962086 -23.184652 62.368729
-4.550152 -33.589619 74.354546
-5.753044 -28.651510 75.442627
-9.962086 -23.184652 62.368729
-6.512849 -29.718605 63.582352
-4.550152 -33.589619 74.354546
-5.753044 -28.651510 75.442627
1.577326 -28.234936 81.927490
-10.411989 -6.647972 48.374981
-9.962086 -23.184652 62.368729
-10.411989 -6.647972 48.374981
-10.781220 -10.336156 46.844521
-9.962086 -23.184652 62.368729
-5.753044 -28.651510 75.442627
-10.411989 -6.647972 48.374981
-10.781220 -10.336156 46.844521
-6.143314 -11.109953 44.613640
-6.512849 -29.718605 63.582352
-10.781220 -10.336156 46.844521
-6.512849 -29.718605 63.582352
-9.962086 -23.184652 62.368729
142 143
145 147
139 140
142 144
146 147
157 159
167 168
176 177
163 164
166 168
127 128
130 132
157 158
164 165
118 120
131 132
175 177
182 183
127 129
155 156
133 134
136 138
136 137
149 150
148 149
151 153
63 64
97 98
77 78
86 87
139 141
160 161
160 162
185 186
98 99
100 101
73 74
76 78
184 186
187 188
124 125
134 135
3 5
12 13
70 71
82 84
26 69
70 72
36 37
39 41
3 4
6 8
34 35
36 38
151 152
154 156
24 69
85 87
7 8
28 29
30 31
33 35
121 122
125 126
109 110
112 114
83 84
100 102
113 114
121 123
178 179
181 183
109 111
119 120
63 65
66 67
27 28
30 32
178 180
187 189
45 47
48 49
19 20
43 44
52 53
57 58
57 59
60 61
118 119
140 141
49 50
74 75
18 19
21 23
39 40
42 44
169 170
172 174
55 56
66 68
88 90
91 92
169 171
181 182
45 46
54 56
9 11
15 16
9 10
13 14
12 14
24 25
21 22
25 26
61 62
71 72
58 59
85 86
154 155
173 174
60 62
101 102
80 81
88 89
48 50
51 52
51 53
54 55
0 2
16 17
73 75
79 80
133 135
175 176
1 2
40 41
91 93
94 95
15 17
22 23
64 65
95 96
46 47
89 90
67 68
92 93
172 173
188 189
115 117
152 153
124 126
158 159
115 116
128 129
112 113
143 144
18 20
82 83
27 29
79 81
31 32
145 146
4 5
184 185
148 150
170 171
42 43
97 99
130 131
161 162
6 7
76 77
33 34
94 96
10 11
179 180
0 1
166 167
103 105
106 107
103 104
116 117
37 38
163 165
104 105
110 111
107 108
122 123
106 108
137 138
