6678011981787728539 1137 600
0.167706 0.163144 1.828597
-0.081667 0.163144 1.898526
0.081667 0.163144 1.521775
0.167706 0.163144 1.828597
0.081667 -0.099664 1.521775
-0.167706 -0.099664 1.591704
-0.081667 -0.099664 1.898526
0.167706 -0.099664 1.828597
0.167706 0.163144 1.828597
0.081667 0.163144 1.521775
-0.081667 0.163144 1.898526
-0.167706 0.163144 1.591704
0.034013 0.136779 1.649219
0.030197 0.133780 1.649524
0.032633 0.139441 1.653487
0.028679 0.136331 1.653784
0.026189 0.139673 1.656789
0.024755 0.139060 1.655559
0.021427 0.142662 1.656661
0.023974 0.151478 1.655445
0.021410 0.154450 1.652036
0.016335 0.150421 1.652489
0.014256 0.152149 1.647586
0.013576 0.152121 1.641744
0.014511 0.150294 1.636524
0.021432 0.151145 1.632335
0.024217 0.146853 1.630025
0.027613 0.142138 1.630823
0.023408 0.138808 1.631141
0.026591 0.135372 1.633958
0.032915 0.136078 1.637967
0.034236 0.135394 1.643669
0.033021 0.140921 1.652271
0.031213 0.144155 1.655103
0.021694 0.156659 1.646610
0.021087 0.156620 1.641312
0.025737 0.147689 1.631213
0.028606 0.143303 1.632088
0.033996 0.137365 1.643569
0.033397 0.139362 1.647919
0.032514 0.141502 1.651464
0.023777 0.154204 1.650451
0.022248 0.155765 1.646334
0.023712 0.151309 1.634149
0.025912 0.147636 1.632381
0.032419 0.138770 1.639184
0.033397 0.138280 1.643578
-0.030479 0.132421 1.643979
-0.028397 0.134162 1.648840
-0.028598 0.133034 1.644055
-0.027048 0.136251 1.652720
-0.026189 0.139673 1.656789
-0.022644 0.143875 1.657859
-0.027173 0.147476 1.657496
-0.023974 0.151478 1.655445
-0.018094 0.146031 1.654983
-0.015360 0.148547 1.651869
-0.014256 0.152149 1.647586
-0.013576 0.152121 1.641744
-0.019613 0.154311 1.636062
-0.021432 0.151145 1.632335
-0.015647 0.145755 1.633836
-0.018580 0.142104 1.631762
-0.022131 0.138184 1.632531
-0.026591 0.135372 1.633958
-0.029115 0.133050 1.638279
-0.027385 0.133405 1.639167
-0.028598 0.133034 1.644055
-0.033996 0.138559 1.648359
-0.033021 0.140921 1.652271
-0.028515 0.148307 1.656127
-0.025680 0.152084 1.654350
-0.021729 0.154782 1.636582
-0.023309 0.151742 1.633164
-0.033996 0.137365 1.643569
-0.030875 0.144433 1.654030
-0.028430 0.148196 1.654959
-0.021699 0.155729 1.641534
-0.022280 0.154064 1.637247
-0.028513 0.143662 1.633175
-0.030712 0.140681 1.635637
-0.033397 0.138280 1.643578
0.041137 0.132662 1.644856
0.050650 0.138918 1.632091
0.053718 0.132960 1.632747
0.042146 0.130860 1.644978
0.039601 0.134095 1.644615
0.039601 0.134095 1.644615
0.037640 0.134999 1.644355
0.035505 0.135408 1.644161
0.033348 0.135159 1.644043
0.031256 0.135755 1.649086
0.031332 0.134395 1.643966
0.023518 0.150151 1.654734
0.021408 0.153124 1.651497
0.019729 0.152986 1.636667
0.021107 0.149834 1.633242
0.028219 0.137382 1.634623
0.030169 0.134961 1.638678
0.042873 0.126278 1.645718
0.043348 0.118809 1.647044
0.043428 0.110998 1.648370
0.043686 0.109921 1.643195
0.046118 0.109200 1.639166
0.060176 0.110091 1.638472
0.064152 0.111049 1.641880
0.063129 0.114234 1.659341
0.058609 0.114422 1.660870
0.045490 0.112169 1.653242
0.043428 0.110998 1.648370
-0.053146 0.141235 1.657399
-0.056242 0.136636 1.657817
-0.041137 0.132662 1.644856
-0.042146 0.130860 1.644978
-0.048850 0.145035 1.656949
-0.043514 0.147633 1.656650
-0.037641 0.148909 1.656464
-0.035013 0.148291 1.630991
-0.028929 0.147741 1.631007
-0.030224 0.138337 1.653036
-0.028513 0.141843 1.655771
-0.019805 0.154956 1.646878
-0.019186 0.154924 1.641457
-0.023221 0.145627 1.631187
-0.025872 0.141000 1.631956
-0.042873 0.126278 1.645718
-0.043348 0.118809 1.647044
-0.058299 0.122696 1.659705
-0.050008 0.108927 1.636654
-0.055206 0.109242 1.636228
-0.066992 0.112044 1.646399
-0.067904 0.112991 1.651649
-0.058609 0.114422 1.660870
-0.053380 0.114012 1.659726
-0.101148 -0.023988 1.678408
-0.105197 -0.023740 1.677610
-0.104933 -0.018370 1.699375
-0.100811 -0.020926 1.677648
-0.104860 -0.020678 1.676851
-0.104595 -0.015308 1.698615
0.108981 -0.018122 1.698578
0.108644 -0.015060 1.697818
0.100811 -0.020926 1.677648
0.104595 -0.015308 1.698615
-0.103968 0.006113 1.685598
-0.100742 0.000175 1.679276
-0.102990 0.000326 1.678830
-0.105265 0.004317 1.685845
-0.103876 0.002256 1.678153
0.103968 0.006113 1.685598
0.102131 0.002237 1.686968
0.104378 0.002387 1.686522
0.102990 0.000326 1.678830
0.105265 0.004317 1.685845
0.103876 0.002256 1.678153
0.111717 -0.042975 1.698213
0.104485 -0.045299 1.700197
0.111634 -0.031286 1.699501
0.112470 -0.041830 1.702361
0.110872 -0.032380 1.695341
0.111634 -0.031286 1.699501
0.111717 -0.042975 1.698213
0.104485 -0.045299 1.700197
-0.104485 -0.045299 1.700197
-0.111717 -0.042975 1.698213
-0.104064 -0.029388 1.700332
-0.111634 -0.031286 1.699501
-0.110872 -0.032380 1.695341
-0.111634 -0.031286 1.699501
-0.111717 -0.042975 1.698213
-0.104485 -0.045299 1.700197
0.107441 -0.007105 1.690554
0.103382 -0.007354 1.691353
0.109156 -0.016952 1.696198
0.105924 -0.017047 1.701249
0.109454 -0.018242 1.697314
0.105624 -0.020072 1.698780
0.102554 -0.007507 1.687102
0.103083 -0.006063 1.690237
0.102855 -0.004482 1.689571
0.107142 -0.005815 1.689438
0.108086 -0.037569 1.706368
0.109554 -0.038247 1.706285
0.107356 -0.036380 1.702847
0.111415 -0.036131 1.702048
0.104913 0.006164 1.686286
0.101368 0.003162 1.684396
0.104368 0.005355 1.683267
0.100626 0.005126 1.684004
0.107901 -0.035571 1.705866
0.110796 -0.038178 1.702708
0.109009 -0.039056 1.703266
0.100626 0.005126 1.684004
0.101171 0.005934 1.687023
0.101913 0.003971 1.687415
-0.107441 -0.007105 1.690554
-0.107140 -0.010131 1.688085
-0.105696 -0.015465 1.700583
-0.105924 -0.017047 1.701249
-0.105395 -0.018491 1.698114
-0.105624 -0.020072 1.698780
-0.106841 -0.008841 1.686969
-0.106613 -0.007259 1.686302
-0.106914 -0.004233 1.688771
-0.107142 -0.005815 1.689438
-0.111341 -0.037369 1.705727
-0.109554 -0.038247 1.706285
-0.101171 0.005934 1.687023
-0.104913 0.006164 1.686286
-0.104368 0.005355 1.683267
-0.101368 0.003162 1.684396
-0.100626 0.005126 1.684004
-0.111960 -0.035322 1.705067
-0.105972 0.004220 1.686616
-0.108086 -0.037569 1.706368
-0.107994 -0.038350 1.703260
-0.101913 0.003971 1.687415
-0.000000 0.129895 1.812868
-0.000000 0.116903 1.830262
-0.000000 0.100786 1.845013
-0.015106 0.076316 1.858567
-0.015547 0.046123 1.869558
-0.015331 0.017450 1.874916
-0.015300 -0.012498 1.875144
-0.000000 -0.042187 1.870913
-0.000000 -0.072623 1.857582
-0.000000 -0.111723 1.815324
-0.000000 -0.121167 1.792368
-0.000000 -0.126813 1.767719
-0.015321 -0.125577 1.767421
-0.070483 0.100597 1.763193
-0.071094 0.095468 1.757984
-0.074750 0.091548 1.763130
-0.071775 0.093906 1.756908
-0.072636 0.091553 1.751780
-0.069684 0.093838 1.755455
-0.070166 0.092156 1.751768
-0.000000 0.141929 1.756797
-0.000000 0.139839 1.748950
-0.030857 0.134664 1.757627
-0.018609 0.137683 1.749429
-0.000000 0.135929 1.746786
-0.062067 0.112773 1.777177
-0.048250 0.123425 1.782932
-0.032622 0.132060 1.787815
-0.070901 0.100974 1.777054
-0.080892 0.086633 1.776496
-0.085848 0.073444 1.775729
-0.085519 0.074074 1.776437
-0.085181 0.069860 1.753577
-0.033573 0.094614 1.837567
-0.033484 0.110044 1.823644
-0.033169 -0.039588 1.862100
-0.033448 -0.067472 1.849523
-0.033705 -0.117740 1.764517
-0.051874 -0.109395 1.762395
-0.081946 0.070009 1.727549
-0.082306 0.068378 1.727962
-0.097906 -0.011426 1.744033
-0.097531 -0.031696 1.747852
-0.063167 -0.116040 1.742293
-0.047610 -0.124690 1.744049
-0.038535 -0.128113 1.744168
-0.037531 -0.127853 1.728722
-0.097919 -0.078573 1.735779
-0.104719 -0.068797 1.732255
-0.105270 -0.030182 1.736689
-0.104988 -0.013387 1.733103
-0.096486 0.046064 1.715597
-0.090058 -0.081398 1.699014
-0.095222 -0.074091 1.697288
-0.082919 -0.094619 1.699108
-0.072287 -0.106715 1.702367
-0.058933 -0.115887 1.708165
-0.046094 -0.122880 1.709456
-0.035481 -0.130331 1.714602
-0.032286 -0.131954 1.728814
-0.029369 -0.134372 1.717470
-0.032400 -0.131388 1.717304
-0.000000 -0.141596 1.754231
-0.000000 -0.139841 1.738363
-0.000000 -0.138547 1.727440
-0.005625 -0.138469 1.727450
-0.000000 -0.138571 1.725295
-0.010379 -0.138132 1.724396
-0.020367 -0.136686 1.721819
-0.043828 -0.126140 1.705501
-0.027377 -0.105780 1.661557
-0.023257 -0.102781 1.657422
-0.012607 -0.098596 1.651659
-0.006409 -0.097494 1.650151
-0.000000 -0.099310 1.652458
-0.000000 -0.100157 1.653730
-0.005147 -0.102164 1.654574
-0.010140 -0.103051 1.655786
-0.014706 -0.104486 1.657764
-0.018699 -0.106416 1.660421
-0.023062 -0.107365 1.663653
-0.024985 -0.109354 1.666335
-0.000000 -0.128708 1.692796
-0.004026 -0.128479 1.692476
-0.000000 -0.127848 1.692727
-0.011481 -0.126677 1.689984
-0.014616 -0.125172 1.687902
-0.019104 -0.121242 1.682478
-0.020284 -0.118970 1.679342
-0.020125 -0.116072 1.676460
-0.019743 -0.113769 1.673285
-0.018604 -0.111555 1.670231
-0.016750 -0.109513 1.667415
-0.014253 -0.107722 1.664945
-0.011209 -0.106252 1.662920
-0.007943 -0.105384 1.660608
-0.004032 -0.104691 1.659658
-0.000000 -0.104253 1.660172
-0.000000 -0.138999 1.704485
-0.033438 -0.125932 1.686425
-0.035502 -0.121951 1.680935
-0.010379 -0.138132 1.724396
-0.000000 -0.141084 1.723204
-0.020367 -0.136686 1.721819
-0.020106 -0.138721 1.719998
-0.029196 -0.135883 1.716072
-0.043828 -0.126140 1.705501
-0.048788 -0.120731 1.698003
-0.051507 -0.116084 1.688704
-0.052133 -0.108948 1.678222
-0.051352 -0.101244 1.671242
-0.049865 -0.097907 1.667974
0.000000 -0.074570 1.644031
-0.010283 -0.075335 1.644729
-0.028367 -0.079626 1.650917
-0.019938 -0.076847 1.647390
-0.000000 -0.116050 1.676449
-0.082257 -0.094683 1.694492
-0.071287 -0.106908 1.697640
-0.057229 -0.103051 1.683347
-0.056616 -0.096396 1.674112
-0.056565 -0.108585 1.690758
-0.055679 -0.112546 1.690617
-0.057225 -0.094717 1.672864
-0.071532 -0.079338 1.667312
-0.068046 -0.104647 1.691488
-0.077125 -0.094259 1.688357
-0.048788 -0.120731 1.698003
-0.051864 -0.114096 1.690069
-0.049865 -0.097907 1.667974
-0.072257 0.092184 1.749840
-0.069758 0.096552 1.747407
-0.059542 0.109800 1.739549
-0.048109 0.118527 1.731339
-0.007268 0.130703 1.723563
-0.000000 0.131301 1.724650
-0.014944 0.128896 1.721044
-0.037003 0.123805 1.724027
-0.027250 0.126692 1.717336
-0.052649 0.112921 1.714810
-0.043722 0.122778 1.708873
-0.034553 0.131625 1.706022
-0.072297 0.089085 1.729890
-0.000000 0.147525 1.710661
-0.000000 0.146996 1.708708
-0.014499 0.145835 1.708519
-0.021420 0.143440 1.705217
-0.021168 0.146461 1.701076
-0.013489 0.148205 1.705062
-0.000000 0.148225 1.708188
-0.000000 0.149179 1.707464
-0.022644 0.142643 1.702122
-0.028813 0.139869 1.695230
-0.000000 0.146996 1.708708
-0.006312 0.146741 1.708561
-0.047872 0.130414 1.663219
-0.048569 0.129276 1.663921
-0.018539 0.153147 1.656550
-0.014660 0.155833 1.651357
-0.011673 0.155832 1.643792
-0.011708 0.153156 1.635730
-0.000000 0.151176 1.626783
-0.087438 0.065584 1.715990
-0.044935 0.120156 1.697173
-0.053990 0.108247 1.702545
-0.068701 0.111493 1.680400
-0.060481 0.125042 1.672419
-0.096524 0.057072 1.702589
-0.093604 0.064766 1.674828
-0.096379 0.063640 1.672058
-0.095878 0.063995 1.670314
-0.092564 0.059194 1.656769
-0.089291 0.057094 1.654114
-0.092642 0.057725 1.655979
-0.097683 0.040180 1.660835
-0.096588 0.037740 1.660077
-0.091974 0.048549 1.655197
-0.101024 0.044676 1.679446
-0.100219 0.049154 1.681222
-0.089162 0.044164 1.645481
-0.093573 0.033610 1.648891
-0.094182 0.020551 1.649874
-0.081844 0.092396 1.662753
-0.076713 0.105192 1.658261
-0.072153 0.116405 1.654904
-0.064654 0.113040 1.633335
-0.052581 0.117953 1.620151
-0.044547 0.124396 1.616946
-0.033819 0.133024 1.622997
-0.034697 0.132988 1.628336
-0.042357 0.129215 1.629080
-0.046547 0.126151 1.626120
-0.059516 0.115759 1.631398
-0.060167 0.124576 1.669702
-0.068112 0.119297 1.662006
-0.066871 0.112120 1.638860
-0.043581 0.116911 1.633311
-0.036918 0.123113 1.632517
-0.049652 0.111783 1.634506
-0.050103 0.111646 1.636019
-0.038905 0.127812 1.694562
-0.025927 0.137461 1.709627
-0.025927 0.137461 1.709627
-0.024104 0.139014 1.711671
-0.037056 0.136355 1.677776
-0.039763 0.134794 1.671209
-0.033515 0.133872 1.693542
-0.029868 0.137398 1.693446
-0.042767 0.133464 1.667306
-0.040662 0.134579 1.670181
-0.033955 0.136023 1.627704
-0.022407 0.144185 1.629643
-0.028740 0.140749 1.629401
-0.016291 0.147086 1.632579
-0.028887 0.142179 1.657857
-0.022289 0.146839 1.656920
-0.039995 0.133231 1.655762
-0.040356 0.125835 1.655788
-0.039512 0.122324 1.642063
-0.039512 0.122324 1.642063
-0.040356 0.125835 1.655788
-0.035182 0.131361 1.628985
-0.036918 0.123113 1.632517
-0.048997 0.125790 1.663824
-0.000000 0.147113 1.618300
-0.000000 0.140224 1.611460
-0.000000 0.138436 1.610745
-0.015360 0.134057 1.611192
-0.022183 0.132890 1.612375
-0.022554 0.131745 1.610697
-0.028812 0.130546 1.611982
-0.007620 0.134975 1.610274
-0.000000 0.135208 1.610174
-0.035793 0.128273 1.613810
-0.022554 0.131745 1.610697
-0.000000 0.116728 1.608493
-0.000000 0.102031 1.600082
-0.028812 0.130546 1.611982
-0.044547 0.124396 1.616946
-0.052581 0.117953 1.620151
-0.050816 0.088770 1.624760
-0.080074 0.067308 1.638386
-0.056441 0.076321 1.629135
-0.073554 0.083488 1.633262
-0.060612 0.041358 1.629900
-0.065717 0.027079 1.633901
-0.093573 0.033610 1.648891
-0.094182 0.020551 1.649874
-0.076074 -0.029509 1.647412
-0.104922 -0.038353 1.669212
-0.103876 -0.039830 1.665120
-0.096619 0.006617 1.653210
-0.097898 0.007451 1.657469
-0.073501 -0.012975 1.642905
-0.100684 -0.008066 1.661334
-0.105770 -0.046299 1.671980
-0.105310 -0.048966 1.669047
-0.106305 -0.054576 1.674783
-0.106876 -0.060934 1.681808
-0.096364 -0.075165 1.689555
-0.106984 -0.066129 1.687556
-0.000000 0.145828 1.774809
-0.000000 -0.141420 1.756788
-0.000000 -0.140931 1.757604
-0.016982 -0.140538 1.756310
-0.027251 -0.138402 1.755985
-0.011955 0.143477 1.769945
-0.033269 0.072923 1.851018
-0.033272 0.044957 1.861943
-0.033169 -0.039588 1.862100
-0.033448 -0.067472 1.849523
-0.033705 -0.117740 1.764517
-0.015111 0.115902 1.829357
-0.015083 0.099973 1.843937
-0.015331 0.017450 1.874916
-0.015300 -0.012498 1.875144
-0.015469 -0.110531 1.814679
-0.015393 -0.119897 1.791954
-0.000000 0.144268 1.769821
-0.016689 -0.140368 1.753943
-0.026917 -0.138182 1.753720
-0.105270 -0.030182 1.736689
-0.072153 0.116405 1.654904
-0.032728 -0.132243 1.753350
-0.032617 -0.132592 1.752731
-0.106620 -0.067517 1.735989
-0.113006 -0.061592 1.730799
-0.051874 -0.109395 1.762395
-0.033705 -0.117740 1.764517
-0.097531 -0.031696 1.747852
-0.064468 -0.117144 1.745217
-0.048618 -0.126439 1.746933
-0.090199 -0.091678 1.739455
-0.097919 -0.078573 1.735779
-0.110702 -0.063452 1.712108
-0.107267 -0.066119 1.712754
-0.032113 -0.132648 1.749822
-0.096524 0.057072 1.702589
-0.090228 0.068001 1.705291
-0.097213 0.056558 1.678635
-0.093604 0.064766 1.674828
-0.103685 0.043363 1.690235
-0.101024 0.044676 1.679446
-0.092413 0.065713 1.671297
-0.087443 0.078456 1.667666
-0.076713 0.105192 1.658261
-0.099063 0.055893 1.675079
-0.096501 0.062756 1.671415
-0.093000 0.058605 1.657607
-0.093051 0.057225 1.656873
-0.097627 0.041534 1.661186
-0.099593 0.043771 1.668891
-0.100514 0.049385 1.674610
-0.095876 0.061153 1.671310
-0.096704 0.060350 1.669785
-0.098747 0.054861 1.672461
-0.098655 0.044827 1.668599
-0.096909 0.042635 1.662584
-0.096254 0.043450 1.660920
-0.094388 0.049889 1.659418
-0.094352 0.056608 1.659834
-0.095451 0.058443 1.664335
-0.063922 -0.038199 1.649057
-0.040845 -0.060214 1.649050
-0.051660 -0.050904 1.649831
-0.059118 0.000114 1.638154
-0.061535 -0.015014 1.642405
-0.054021 0.024768 1.633057
-0.049171 0.037239 1.629074
-0.008398 0.090907 1.603499
-0.000000 0.092229 1.602755
-0.101241 0.006427 1.681244
-0.102302 0.007588 1.685822
-0.107063 -0.043432 1.696716
-0.106311 -0.044912 1.692033
-0.106628 -0.049436 1.691883
-0.105387 0.009989 1.687614
-0.104407 0.009810 1.685889
-0.107061 -0.003894 1.691065
-0.111305 -0.040016 1.707641
-0.111022 -0.040747 1.706189
-0.106569 -0.046843 1.679943
-0.108507 -0.046585 1.693018
-0.097898 0.007451 1.657469
-0.102302 0.007588 1.685822
-0.104055 -0.005746 1.689534
-0.100684 -0.008066 1.661334
-0.103526 -0.025818 1.665850
-0.104922 -0.038353 1.669212
-0.108733 -0.038031 1.705862
-0.108134 -0.030060 1.703836
-0.104373 -0.044803 1.681181
-0.107063 -0.043432 1.696716
-0.106311 -0.044912 1.692033
-0.104601 -0.044665 1.684051
-0.107407 -0.060942 1.687437
-0.106879 -0.057753 1.683070
-0.048586 -0.095226 1.665730
0.000000 -0.074570 1.644031
-0.008027 -0.074858 1.655965
-0.000000 -0.073838 1.655898
-0.037121 -0.056850 1.658918
-0.016535 -0.070453 1.656880
-0.048232 -0.047888 1.658763
-0.055238 0.015383 1.644796
-0.057484 0.002415 1.648757
-0.061897 -0.026278 1.656697
-0.061924 -0.036239 1.659697
-0.013265 0.091544 1.615364
-0.021707 0.085135 1.620395
-0.008027 -0.074858 1.655965
-0.000000 -0.073838 1.655898
-0.037121 -0.056850 1.658918
-0.026430 -0.064723 1.657989
-0.055238 0.015383 1.644796
-0.057484 0.002415 1.648757
-0.061897 -0.026278 1.656697
-0.061924 -0.036239 1.659697
-0.047670 0.039204 1.639327
-0.052099 0.026804 1.643253
-0.000000 0.145387 1.765706
-0.000000 0.145247 1.765247
-0.050855 0.129128 1.765957
-0.063211 0.118533 1.765737
-0.078895 0.093095 1.765494
-0.080020 0.090828 1.765023
-0.080980 0.086619 1.753663
-0.079906 0.084372 1.745980
-0.061234 0.104829 1.730571
-0.050455 0.114726 1.722548
-0.028253 0.131652 1.716603
-0.037411 0.125332 1.715270
-0.028360 0.132070 1.716357
-0.026087 0.134398 1.717376
-0.028253 0.131652 1.716603
-0.016664 0.138103 1.721581
-0.007923 0.140038 1.723922
-0.000000 0.140738 1.724578
-0.011955 0.143477 1.769945
-0.000000 0.144268 1.769821
-0.000000 0.143051 1.763337
-0.018080 0.140827 1.763122
-0.034263 0.135422 1.763247
-0.075182 0.090386 1.762800
-0.074750 0.091548 1.763130
-0.032622 0.132060 1.787815
-0.023550 0.140988 1.770963
-0.073281 0.102460 1.776223
-0.080892 0.086633 1.776496
-0.075340 0.084781 1.746018
-0.075254 0.085199 1.745066
-0.039097 0.120542 1.717695
-0.035021 0.122361 1.716767
-0.043722 0.122778 1.708873
-0.052649 0.112921 1.714810
-0.062197 0.101493 1.722334
-0.014944 0.128896 1.721044
-0.022951 0.125983 1.716989
-0.007244 0.143562 1.717498
-0.000000 0.144097 1.717965
0.015348 0.128753 1.812162
0.015111 0.115902 1.829357
-0.000000 0.100786 1.845013
-0.000000 0.076907 1.859786
0.015547 0.046123 1.869558
0.015331 0.017450 1.874916
-0.000000 -0.012620 1.876490
-0.000000 -0.042187 1.870913
-0.000000 -0.072623 1.857582
-0.000000 -0.096626 1.837576
-0.000000 -0.121167 1.792368
-0.000000 -0.126813 1.767719
0.049071 0.126448 1.763205
0.034263 0.135422 1.763247
0.018080 0.140827 1.763122
-0.000000 0.143051 1.763337
0.075182 0.090386 1.762800
0.075404 0.089688 1.761500
0.072636 0.091553 1.751780
0.070166 0.092156 1.751768
0.016662 0.138096 1.748867
0.018609 0.137683 1.749429
0.017008 0.133804 1.746752
-0.000000 0.135929 1.746786
0.032583 0.130463 1.756154
0.046060 0.122445 1.756264
0.049731 0.125823 1.782295
0.032622 0.132060 1.787815
0.070901 0.100974 1.777054
0.078915 0.085610 1.777575
0.083810 0.072622 1.777026
0.085519 0.074074 1.776437
0.084176 0.071802 1.776249
0.085181 0.069860 1.753577
0.033269 0.072923 1.851018
0.033573 0.094614 1.837567
0.033139 0.016557 1.867306
0.033272 0.044957 1.861943
0.033205 -0.103968 1.810969
0.033209 -0.112575 1.789270
0.081946 0.070009 1.727549
0.086130 -0.075006 1.755803
0.094377 -0.052329 1.751691
0.096028 0.010230 1.739925
0.092301 0.031347 1.735942
0.063167 -0.116040 1.742293
0.047610 -0.124690 1.744049
0.036351 -0.131150 1.747456
0.035545 -0.130702 1.728833
0.079288 -0.104871 1.742626
0.090199 -0.091678 1.739455
0.109377 -0.064691 1.726858
0.107267 -0.066119 1.712754
0.102948 0.008530 1.727688
0.099857 0.029155 1.721624
0.108408 -0.065141 1.695745
0.096555 -0.075245 1.694073
0.090843 -0.082976 1.696038
0.058933 -0.115887 1.708165
0.046094 -0.122880 1.709456
0.035335 -0.130389 1.718502
0.035839 -0.130093 1.716504
0.035481 -0.130331 1.714602
0.029369 -0.134372 1.717470
0.032400 -0.131388 1.717304
0.016689 -0.140368 1.753943
0.026917 -0.138182 1.753720
0.004964 -0.139212 1.728653
-0.000000 -0.139327 1.728600
0.030118 -0.136215 1.752411
0.032113 -0.132648 1.749822
0.043828 -0.126140 1.705501
0.023257 -0.102781 1.657422
0.018289 -0.100381 1.654118
-0.000000 -0.097121 1.649637
-0.000000 -0.099310 1.652458
-0.000000 -0.100157 1.653730
0.005411 -0.100472 1.654167
0.010140 -0.103051 1.655786
0.014706 -0.104486 1.657764
0.018699 -0.106416 1.660421
0.021974 -0.108763 1.663658
0.024432 -0.111273 1.667083
0.003917 -0.127625 1.692416
0.007692 -0.126958 1.691492
0.007906 -0.127793 1.691527
0.011481 -0.126677 1.689984
0.014616 -0.125172 1.687902
0.017190 -0.123337 1.685368
0.020284 -0.118970 1.679342
0.020686 -0.116604 1.676075
0.019743 -0.113769 1.673285
0.018604 -0.111555 1.670231
0.016750 -0.109513 1.667415
0.014253 -0.107722 1.664945
0.011521 -0.106510 1.662158
0.007943 -0.105384 1.660608
0.004032 -0.104691 1.659658
-0.000000 -0.104455 1.659333
0.027805 -0.112439 1.668416
-0.000000 -0.138999 1.704485
0.007047 -0.138598 1.703928
0.025581 -0.132810 1.695921
0.030087 -0.129597 1.691485
-0.000000 -0.141084 1.723204
0.010244 -0.140474 1.722409
0.010379 -0.138132 1.724396
0.020367 -0.136686 1.721819
0.037412 -0.130588 1.712084
0.043828 -0.126140 1.705501
0.048788 -0.120731 1.698003
0.051864 -0.114096 1.690069
0.052133 -0.108948 1.678222
0.051244 -0.103803 1.668860
0.048586 -0.095226 1.665730
0.049852 -0.100455 1.665354
0.044246 -0.089780 1.661112
0.036083 -0.083410 1.655701
0.037412 -0.130588 1.712084
0.082257 -0.094683 1.694492
0.090400 -0.083092 1.691765
0.058762 -0.117218 1.700372
0.048788 -0.120731 1.698003
0.056806 -0.105717 1.681407
0.055679 -0.112546 1.690617
0.057808 -0.112362 1.692550
0.068046 -0.104647 1.691488
0.058762 -0.117218 1.700372
0.048788 -0.120731 1.698003
0.052469 -0.106968 1.679501
0.051352 -0.101244 1.671242
0.090400 -0.083092 1.691765
0.069881 0.092465 1.750723
0.067935 0.096052 1.748762
0.057687 0.108895 1.741195
0.046304 0.117430 1.733157
0.060678 0.104700 1.731683
0.049302 0.114243 1.723586
0.022951 0.125983 1.716989
0.035222 0.122779 1.725530
0.039097 0.120542 1.717695
0.035021 0.122361 1.716767
0.062197 0.101493 1.722334
0.072297 0.089085 1.729890
0.072297 0.089085 1.729890
0.081946 0.070009 1.727549
0.006461 0.147186 1.710400
0.014499 0.145835 1.708519
0.022644 0.142643 1.702122
0.021420 0.143440 1.705217
0.013489 0.148205 1.705062
0.006393 0.148923 1.706993
-0.000000 0.148225 1.708188
0.028813 0.139869 1.695230
-0.000000 0.146996 1.708708
0.039204 0.137260 1.670302
0.042511 0.135126 1.666187
0.042767 0.133464 1.667306
0.030231 0.143676 1.660281
0.014660 0.155833 1.651357
0.036586 0.139167 1.660324
0.011673 0.155832 1.643792
0.011708 0.153156 1.635730
0.015279 0.149753 1.629547
0.090228 0.068001 1.705291
0.053990 0.108247 1.702545
0.063017 0.095874 1.709414
0.060481 0.125042 1.672419
0.096524 0.057072 1.702589
0.098909 0.056275 1.676259
0.092413 0.065713 1.671297
0.089096 0.060287 1.655835
0.090828 0.063491 1.663491
0.094948 0.040227 1.657206
0.096795 0.041765 1.658851
0.091974 0.048549 1.655197
0.094576 0.049698 1.656927
0.101024 0.044676 1.679446
0.101353 0.049293 1.678832
0.093573 0.033610 1.648891
0.103685 0.043363 1.690235
0.094182 0.020551 1.649874
0.080074 0.067308 1.638386
0.087443 0.078456 1.667666
0.073554 0.083488 1.633262
0.076713 0.105192 1.658261
0.072153 0.116405 1.654904
0.068276 0.111968 1.638085
0.064654 0.113040 1.633335
0.059694 0.111134 1.623473
0.052581 0.117953 1.620151
0.046805 0.126994 1.624882
0.042648 0.130513 1.628367
0.033819 0.133024 1.622997
0.034697 0.132988 1.628336
0.046547 0.126151 1.626120
0.069725 0.119167 1.662691
0.060481 0.125042 1.672419
0.036918 0.123113 1.632517
0.060167 0.124576 1.669702
0.068112 0.119297 1.662006
0.037355 0.122577 1.633635
0.028813 0.139869 1.695230
0.015671 0.141900 1.715375
0.007244 0.143562 1.717498
0.034398 0.134791 1.694857
0.039763 0.134794 1.671209
0.029868 0.137398 1.693446
0.034595 0.136769 1.684846
0.037056 0.136355 1.677776
0.047093 0.131965 1.670572
0.040662 0.134579 1.670181
0.029061 0.141445 1.627274
0.020730 0.146781 1.626920
0.033819 0.133024 1.622997
0.012799 0.151406 1.644845
0.014854 0.151798 1.650259
0.039350 0.134674 1.655934
0.038941 0.135612 1.640517
0.034696 0.134821 1.629562
0.039512 0.122324 1.642063
0.037355 0.122577 1.633635
0.034728 0.132249 1.630056
0.034697 0.132988 1.628336
0.036918 0.123113 1.632517
0.048997 0.125790 1.663824
0.048651 0.122920 1.660381
-0.000000 0.135208 1.610174
-0.000000 0.138436 1.610745
0.028384 0.132239 1.613715
0.022183 0.132890 1.612375
0.022554 0.131745 1.610697
0.015239 0.133089 1.609717
0.007527 0.133724 1.609098
0.022554 0.131745 1.610697
0.015239 0.133089 1.609717
0.007527 0.133724 1.609098
-0.000000 0.134193 1.608974
0.009936 0.101237 1.600969
-0.000000 0.102031 1.600082
0.035793 0.128273 1.613810
0.044547 0.124396 1.616946
0.059694 0.111134 1.623473
0.067630 0.096639 1.628614
0.034942 0.088325 1.611739
0.041956 0.081154 1.615564
0.056441 0.076321 1.629135
0.064319 0.058899 1.634623
0.060612 0.041358 1.629900
0.055277 0.054147 1.625548
0.069233 0.014277 1.635475
0.103876 -0.039830 1.665120
0.102269 -0.027182 1.661543
0.071252 0.001496 1.638937
0.096619 0.006617 1.653210
0.099330 -0.009165 1.657036
0.099330 -0.009165 1.657036
0.102445 0.016174 1.677967
0.107905 0.025449 1.702592
0.105310 -0.048966 1.669047
0.106305 -0.054576 1.674783
0.106876 -0.060934 1.681808
0.106876 -0.060934 1.681808
0.096364 -0.075165 1.689555
0.106984 -0.066129 1.687556
0.106984 -0.066129 1.687556
0.108460 -0.060138 1.694791
0.110817 -0.058622 1.711926
0.029805 -0.122595 1.766744
-0.000000 -0.141420 1.756788
0.032622 0.132060 1.787815
0.033615 0.121640 1.807820
0.033484 0.110044 1.823644
0.033573 0.094614 1.837567
0.033139 0.016557 1.867306
0.033313 -0.011939 1.867421
0.033462 -0.089922 1.831151
0.033205 -0.103968 1.810969
0.015348 0.128753 1.812162
0.015111 0.115902 1.829357
0.015106 0.076316 1.858567
0.015547 0.046123 1.869558
0.015464 -0.041782 1.869610
0.015389 -0.071894 1.856404
0.015321 -0.125577 1.767421
-0.000000 -0.126813 1.767719
-0.000000 -0.141596 1.754231
0.030118 -0.136215 1.752411
0.070062 0.118900 1.662111
0.072153 0.116405 1.654904
0.032617 -0.132592 1.752731
0.032728 -0.132243 1.753350
0.099049 -0.078249 1.741456
0.106590 -0.067146 1.736595
0.113006 -0.061592 1.730799
0.094377 -0.052329 1.751691
0.097531 -0.031696 1.747852
0.048618 -0.126439 1.746933
0.036351 -0.131150 1.747456
0.104719 -0.068797 1.732255
0.109377 -0.064691 1.726858
0.110702 -0.063452 1.712108
0.099857 0.029155 1.721624
0.096486 0.046064 1.715597
0.068701 0.111493 1.680400
0.075354 0.098860 1.687702
0.083799 0.082901 1.696326
0.093604 0.064766 1.674828
0.105626 0.037293 1.695524
0.107905 0.025449 1.702592
0.092413 0.065713 1.671297
0.081844 0.092396 1.662753
0.076713 0.105192 1.658261
0.032113 -0.132648 1.749822
0.096501 0.062756 1.671415
0.096030 0.063068 1.670125
0.093000 0.058605 1.657607
0.094429 0.061072 1.663751
0.099914 0.049348 1.676231
0.099957 0.047803 1.675805
0.100514 0.049385 1.674610
0.096704 0.060350 1.669785
0.098747 0.054861 1.672461
0.099095 0.046351 1.668033
0.096909 0.042635 1.662584
0.096254 0.043450 1.660920
0.092722 0.056548 1.658407
0.092751 0.057788 1.659449
0.063922 -0.038199 1.649057
0.063247 -0.028033 1.646057
0.061478 -0.043656 1.650496
0.051660 -0.050904 1.649831
0.030487 -0.068047 1.648147
0.032518 0.074472 1.615314
0.038209 0.064141 1.619441
0.024293 0.082260 1.610317
0.015441 0.088716 1.605405
0.100522 0.005215 1.677032
0.101241 0.006427 1.681244
0.102302 0.007588 1.685822
0.104055 -0.005746 1.689534
0.108214 -0.039376 1.703800
0.105052 -0.050864 1.685866
0.106628 -0.049436 1.691883
0.102483 -0.022769 1.675776
0.103601 -0.035541 1.678781
0.108733 -0.038031 1.705862
0.104525 -0.022002 1.673492
0.104636 -0.023380 1.673504
0.106964 -0.047719 1.679498
0.107162 -0.047917 1.681026
0.111057 -0.046484 1.707490
0.110887 -0.047590 1.706594
0.107099 -0.053212 1.684260
0.100522 0.005215 1.677032
0.102256 -0.008912 1.680666
0.103601 -0.035541 1.678781
0.102483 -0.022769 1.675776
0.106409 -0.051612 1.676822
0.105770 -0.046299 1.671980
0.104373 -0.044803 1.681181
0.107757 -0.047449 1.699139
0.108573 -0.045605 1.705142
0.105052 -0.050864 1.685866
0.104601 -0.044665 1.684051
0.044246 -0.089780 1.661112
0.036083 -0.083410 1.655701
0.008027 -0.074858 1.655965
0.028367 -0.079626 1.650917
0.019938 -0.076847 1.647390
0.019310 -0.073048 1.646667
0.016535 -0.070453 1.656880
0.048232 -0.047888 1.658763
0.058129 -0.039737 1.658698
0.057484 0.002415 1.648757
0.060000 -0.012777 1.653169
0.036502 0.066540 1.629616
0.021707 0.085135 1.620395
0.030445 0.077053 1.625519
-0.000000 -0.073838 1.655898
0.000000 0.010233 1.641912
0.026430 -0.064723 1.657989
0.016535 -0.070453 1.656880
0.057484 0.002415 1.648757
0.060000 -0.012777 1.653169
0.036502 0.066540 1.629616
0.013265 0.091544 1.615364
0.007223 0.093576 1.613728
0.030445 0.077053 1.625519
0.018039 0.143270 1.765248
-0.000000 0.145247 1.765247
0.035322 0.138130 1.765839
0.050855 0.129128 1.765957
0.074165 0.102821 1.765815
0.079115 0.093147 1.765918
0.080020 0.090828 1.765023
0.080532 0.089842 1.763501
0.079500 0.084656 1.745987
0.078589 0.084926 1.743706
0.041206 0.122717 1.715755
0.037506 0.125692 1.714939
0.028360 0.132070 1.716357
0.026061 0.133947 1.717583
0.028253 0.131652 1.716603
0.016664 0.138103 1.721581
0.007923 0.140038 1.723922
-0.000000 0.140326 1.724825
0.022783 0.141338 1.770469
0.049071 0.126448 1.763205
0.060462 0.116141 1.763025
0.075404 0.089688 1.761500
0.074900 0.086509 1.752669
0.023550 0.140988 1.770963
0.064787 0.114791 1.776547
0.049731 0.125823 1.782295
0.086878 0.071724 1.753847
0.085848 0.073444 1.775729
0.060678 0.104700 1.731683
0.049302 0.114243 1.723586
0.034553 0.131625 1.706022
0.025927 0.137461 1.709627
0.007268 0.130703 1.723563
0.014944 0.128896 1.721044
-0.000000 0.131301 1.724650
0.024104 0.139014 1.711671
0.015671 0.141900 1.715375
0.111292 -0.036099 1.702233
0.106235 -0.039246 1.682343
0.107755 -0.041351 1.682633
0.106716 -0.043613 1.683426
0.104157 -0.043770 1.683930
0.103676 -0.039402 1.682846
-0.111292 -0.036099 1.702233
-0.106235 -0.039246 1.682343
-0.109772 -0.033994 1.701943
-0.110253 -0.038361 1.703026
-0.107695 -0.038518 1.703530
-0.103676 -0.039402 1.682846
-0.108576 -0.035984 1.682116
-0.101002 -0.034038 1.682933
-0.102943 -0.047785 1.691127
-0.110174 -0.045434 1.689136
-0.101768 -0.032993 1.687107
-0.101002 -0.034038 1.682933
-0.109421 -0.046580 1.684988
-0.110174 -0.045434 1.689136
0.108576 -0.035984 1.682116
0.109421 -0.046580 1.684988
0.101768 -0.032993 1.687107
0.102943 -0.047785 1.691127
0.101768 -0.032993 1.687107
0.109338 -0.034891 1.686276
0.110174 -0.045434 1.689136
0.102943 -0.047785 1.691127
0.102189 -0.048903 1.686972
-0.100512 -0.022157 1.675908
-0.100482 -0.020467 1.676285
-0.105405 -0.010127 1.679275
-0.105376 -0.008437 1.679652
-0.105241 -0.006717 1.679499
-0.101436 -0.025284 1.679629
-0.106036 -0.021583 1.678915
-0.106194 -0.011535 1.682844
-0.106165 -0.009845 1.683221
-0.106030 -0.008125 1.683068
-0.101829 0.005137 1.680212
-0.103785 0.004488 1.680033
-0.104298 0.001735 1.677344
-0.099950 0.003478 1.677662
-0.103028 -0.044385 1.681136
-0.105528 -0.044225 1.683976
-0.104983 -0.045034 1.680957
-0.103573 -0.043576 1.684155
-0.103028 -0.044385 1.681136
-0.101285 0.004328 1.677193
-0.104843 0.002544 1.680363
-0.103169 -0.041592 1.683696
0.105277 -0.021865 1.674970
0.105412 -0.023585 1.675122
0.100482 -0.020467 1.676285
0.100640 -0.010419 1.680213
0.100611 -0.008729 1.680590
0.100475 -0.007009 1.680438
0.101436 -0.025284 1.679629
0.106201 -0.024992 1.678691
0.101400 -0.010137 1.684159
0.101264 -0.008417 1.684007
0.100043 0.004259 1.680770
0.103785 0.004488 1.680033
0.101829 0.005137 1.680212
0.103240 0.003679 1.677014
0.104298 0.001735 1.677344
0.106770 -0.044156 1.680399
0.107315 -0.043347 1.683418
0.105528 -0.044225 1.683976
0.107934 -0.041300 1.682758
0.104983 -0.045034 1.680957
0.103573 -0.043576 1.684155
0.104843 0.002544 1.680363
0.103169 -0.041592 1.683696
2 3
8 9
10 11
4 5
0 1
6 7
1016 1017
224 225
919 920
220 221
917 918
645 646
252 253
486 487
643 644
484 485
222 223
491 492
641 642
673 674
911 912
639 640
894 895
782 1052
249 256
671 672
647 648
226 227
913 914
493 494
678 679
675 676
669 670
241 352
907 908
137 139
142 143
134 136
1052 1053
218 219
680 681
340 341
690 691
217 218
489 490
677 780
781 782
637 638
915 916
932 933
622 623
250 251
909 910
258 259
1063 1065
254 255
504 505
314 333
301 333
942 943
883 884
1050 1051
174 189
663 664
931 938
315 319
889 893
684 685
243 244
348 349
507 508
488 500
939 940
651 652
458 460
819 821
1026 1027
1028 1029
260 261
682 683
382 383
834 941
359 632
779 780
624 625
686 687
903 904
665 666
465 470
649 650
879 880
266 267
659 660
618 619
268 384
452 453
773 774
1054 1055
1097 1113
1120 1136
1121 1132
176 183
802 803
334 335
605 606
891 892
271 272
771 772
599 600
469 471
560 563
1011 1012
1020 1021
279 280
542 543
380 381
461 462
661 662
509 510
262 263
854 855
1085 1086
921 922
228 229
1045 1046
775 776
804 847
239 240
905 921
242 245
992 994
991 992
273 274
695 696
833 834
356 357
630 631
398 468
885 886
399 400
948 949
756 757
553 555
457 459
688 689
350 354
540 541
578 580
929 930
434 435
436 437
520 521
807 820
342 343
476 477
945 946
544 545
561 562
976 977
581 582
591 592
595 596
498 506
887 890
246 248
257 379
589 590
981 982
934 935
463 464
816 818
564 565
275 286
699 708
1014 1015
514 515
801 805
762 763
1009 1010
1013 1015
1022 1025
325 326
400 401
499 522
822 823
970 971
264 265
969 1007
410 411
836 837
967 968
354 355
972 973
483 495
615 616
832 835
396 397
575 577
585 586
753 754
1002 1003
276 278
760 761
1018 1019
336 337
409 416
607 608
518 519
814 817
177 186
358 418
1056 1057
1083 1084
539 584
610 612
157 158
1088 1089
1030 1031
758 759
764 765
344 345
747 748
1116 1117
1098 1099
403 404
455 456
881 882
749 750
965 966
481 482
323 324
496 497
702 703
283 284
318 320
743 744
583 584
593 594
826 827
329 330
321 322
741 742
277 285
708 755
745 746
768 900
453 547
502 503
766 767
877 878
467 473
888 896
875 876
230 232
849 850
693 694
516 517
859 861
261 262
368 369
1061 1062
576 579
1004 1008
993 997
331 332
1005 1006
897 898
633 634
378 441
1047 1048
1041 1042
438 439
413 414
269 270
810 812
1043 1060
389 393
1038 1057
840 841
364 365
203 213
179 194
1096 1104
857 858
546 547
376 377
808 809
811 813
466 472
692 901
783 784
127 132
351 353
1058 1059
527 528
566 567
936 937
523 524
417 423
796 798
431 432
237 238
587 588
473 474
603 604
362 363
613 614
100 101
799 800
925 926
1075 1076
1077 1078
155 156
161 162
163 164
169 170
1087 1088
165 166
806 815
795 797
869 870
475 477
899 902
448 449
125 126
447 450
839 842
873 874
868 869
871 872
845 846
433 434
787 788
957 960
428 430
635 636
421 422
427 429
995 996
739 740
316 317
737 738
444 445
374 375
535 536
953 954
83 84
533 534
1023 1024
287 288
446 447
451 454
1000 1001
289 290
828 829
958 959
709 710
979 980
866 867
998 999
370 371
529 532
117 118
118 123
824 825
402 412
115 116
407 408
114 115
30 31
57 58
26 27
852 853
233 234
792 793
281 282
25 26
23 24
51 52
21 22
347 348
110 111
53 54
64 65
28 29
121 122
713 714
572 573
108 109
130 131
405 406
830 831
851 860
751 752
123 124
132 133
62 63
34 35
104 105
36 37
91 92
478 495
128 129
59 60
12 14
293 294
19 20
13 15
715 716
295 296
717 718
15 16
61 62
97 98
423 424
66 67
70 71
17 18
537 538
550 551
569 570
704 705
327 328
394 395
93 94
95 96
55 56
548 549
72 73
706 707
924 950
1036 1037
106 107
119 120
102 103
85 99
68 69
32 33
41 42
77 78
43 44
48 50
75 76
628 629
777 778
551 552
45 46
769 770
862 863
79 80
974 975
511 512
1079 1080
159 160
167 168
1090 1091
1081 1082
700 701
39 40
312 313
235 236
385 386
338 339
732 733
726 727
302 303
734 735
724 725
722 723
304 305
299 300
720 721
308 309
730 731
310 311
306 307
728 729
297 298
944 947
719 736
425 426
794 848
346 574
711 712
373 440
990 1000
785 786
1039 1040
864 865
558 568
790 844
214 215
135 138
1107 1108
185 187
192 193
208 209
1109 1110
140 141
419 420
554 561
501 513
559 570
598 617
568 571
761 762
391 392
856 859
1069 1071
1072 1073
1064 1068
1070 1074
1066 1067
601 602
906 923
655 656
978 983
1034 1035
667 668
145 146
150 151
1103 1112
1125 1135
1127 1128
1130 1132
184 190
205 212
146 148
152 154
144 147
149 153
87 88
89 90
90 92
186 188
210 211
207 216
82 86
697 698
112 113
657 658
1124 1126
1129 1133
1131 1134
190 191
1106 1108
1102 1103
360 361
231 233
31 38
47 49
961 962
442 443
530 531
1032 1033
386 387
1118 1119
1114 1115
1100 1101
1092 1093
197 198
1094 1095
199 200
1122 1123
171 180
195 204
201 202
196 201
173 175
172 178
388 390
1105 1111
556 557
963 964
181 182
206 214
955 956
415 416
525 526
986 987
291 292
372 373
653 654
988 989
951 952
843 848
984 985
789 791
835 838
620 621
366 367
656 769
74 81
626 627
247 248
1044 1049
479 480
927 928
609 611
597 598
