16782744624227126015 1600 1794
-0.015385 0.037549 0.151799
-0.015254 0.038390 0.154419
-0.020635 0.044205 0.153603
-0.024287 0.045442 0.154098
-0.020671 0.043463 0.153813
-0.024185 0.046009 0.153632
-0.020763 0.044605 0.152776
-0.024180 0.046515 0.153034
-0.020934 0.044447 0.152136
-0.024582 0.046278 0.152360
-0.024592 0.044862 0.154044
-0.020959 0.042661 0.154225
-0.021239 0.042192 0.153693
-0.024777 0.044688 0.153748
-0.024777 0.044688 0.153748
-0.021468 0.042553 0.152653
-0.021239 0.042192 0.153693
-0.025169 0.044769 0.153019
-0.025083 0.045029 0.152525
-0.021508 0.043222 0.152184
-0.014247 0.039364 0.155011
-0.015254 0.038390 0.154419
-0.016115 0.040332 0.150513
-0.014791 0.042098 0.150909
-0.013869 0.042313 0.151513
-0.013189 0.041936 0.152415
-0.032414 0.045011 0.157774
-0.026349 0.045581 0.154254
-0.026172 0.046189 0.154316
-0.032428 0.044910 0.157722
-0.031351 0.044746 0.156834
-0.026498 0.045412 0.154020
-0.026498 0.045412 0.154020
-0.031448 0.044824 0.156547
-0.026609 0.045372 0.153206
-0.031351 0.044746 0.156834
-0.031598 0.044935 0.156461
-0.026630 0.045673 0.152792
-0.027916 0.046353 0.153890
-0.026370 0.046589 0.152914
-0.031611 0.045653 0.156982
-0.026093 0.046857 0.153292
-0.032510 0.045150 0.157797
-0.026111 0.046585 0.153949
-0.032637 0.045351 0.157729
-0.032428 0.044910 0.157722
-0.032233 0.044802 0.157441
-0.031351 0.044746 0.156834
-0.032233 0.044802 0.157441
-0.032401 0.044822 0.157401
-0.032515 0.044884 0.157336
-0.032876 0.045325 0.157377
-0.032401 0.044822 0.157401
-0.032401 0.044822 0.157401
-0.032414 0.045011 0.157774
-0.032515 0.044884 0.157336
-0.032510 0.045150 0.157797
-0.032876 0.045325 0.157377
-0.032637 0.045351 0.157729
-0.008727 0.041970 0.149114
-0.014365 0.040912 0.149740
-0.009683 0.036791 0.153524
-0.008463 0.037831 0.152768
-0.007515 0.040844 0.150137
-0.015583 0.039276 0.150309
-0.010844 0.042058 0.148612
-0.011871 0.041494 0.148313
-0.013597 0.036013 0.154023
-0.015047 0.037539 0.153705
-0.013839 0.035705 0.153119
-0.014361 0.039941 0.148553
-0.015416 0.039651 0.150049
-0.014629 0.035647 0.151340
-0.012373 0.036555 0.154450
-0.006357 0.041916 0.148978
-0.006201 0.040284 0.149201
-0.007529 0.042212 0.148435
-0.010711 0.042765 0.148100
-0.006193 0.038296 0.150148
-0.006511 0.037382 0.151050
-0.008417 0.036469 0.153407
-0.007238 0.036582 0.151763
-0.009882 0.036927 0.155130
-0.010748 0.036816 0.154292
-0.013700 0.035883 0.155015
-0.012020 0.036669 0.155430
-0.014494 0.034918 0.153720
-0.014736 0.034771 0.151493
-0.015281 0.037452 0.149873
-0.015120 0.039053 0.148910
-0.015609 0.036969 0.149268
-0.015667 0.039063 0.148169
-0.012518 0.042161 0.147779
-0.014990 0.040274 0.147956
-0.023398 0.041582 0.141636
-0.023376 0.041374 0.141998
-0.023405 0.041725 0.141885
-0.023358 0.041239 0.141836
-0.023386 0.041903 0.141439
-0.023362 0.042073 0.141654
-0.023309 0.041822 0.141223
-0.023398 0.041582 0.141636
-0.023386 0.041903 0.141439
-0.021275 0.042077 0.142483
-0.021089 0.041961 0.141396
-0.022620 0.040450 0.143456
-0.021938 0.041534 0.143347
-0.022809 0.039820 0.142747
-0.021928 0.040376 0.141071
-0.023358 0.041239 0.141836
-0.022809 0.039820 0.142747
-0.021343 0.041203 0.140518
-0.019394 0.039933 0.144456
-0.018863 0.040736 0.143156
-0.021139 0.039209 0.144491
-0.021724 0.038463 0.143666
-0.021831 0.038127 0.141612
-0.021724 0.038463 0.143666
-0.020798 0.039076 0.140828
-0.019912 0.040289 0.140298
-0.019096 0.040793 0.141859
-0.008192 0.049233 0.141245
-0.011264 0.048303 0.140973
-0.013832 0.046014 0.143272
-0.018863 0.040736 0.143156
-0.019096 0.040793 0.141859
-0.019912 0.040289 0.140298
-0.021717 0.037168 0.146960
-0.021282 0.038618 0.145383
-0.021831 0.038127 0.141612
-0.015667 0.039063 0.148169
-0.019394 0.039933 0.144456
-0.021139 0.039209 0.144491
-0.015609 0.036969 0.149268
-0.018627 0.041670 0.144771
-0.007529 0.042212 0.148435
-0.006357 0.041916 0.148978
-0.010711 0.042765 0.148100
-0.012518 0.042161 0.147779
-0.014990 0.040274 0.147956
-0.001829 0.049662 0.142307
-0.001829 0.049088 0.126784
-0.001829 0.048405 0.144715
-0.001829 0.041706 0.149351
-0.006201 0.040284 0.149201
-0.001829 0.040358 0.149654
-0.006193 0.038296 0.150148
-0.006511 0.037382 0.151050
-0.001829 0.039175 0.152441
-0.004506 0.037680 0.156649
-0.004803 0.036940 0.159627
-0.007238 0.036582 0.151763
-0.008417 0.036469 0.153407
-0.009882 0.036927 0.155130
-0.013700 0.035883 0.155015
-0.014494 0.034918 0.153720
-0.014993 0.033770 0.156646
-0.012020 0.036669 0.155430
-0.012373 0.036555 0.154450
-0.016594 0.036176 0.148283
-0.019886 0.034577 0.146649
-0.014736 0.034771 0.151493
-0.023832 0.033803 0.143070
-0.022466 0.026830 0.144895
-0.027255 0.020549 0.132123
-0.026343 0.031418 0.139131
-0.026115 0.027171 0.129591
-0.008575 0.034864 0.161833
-0.009889 0.034096 0.160113
-0.012020 0.036669 0.155430
-0.012720 0.033384 0.158639
-0.014226 0.031761 0.157278
-0.017453 0.030491 0.155871
-0.018311 0.029423 0.154353
-0.018989 0.028047 0.152870
-0.019705 0.026931 0.151194
-0.020798 0.039076 0.140828
-0.023346 0.025645 0.142319
-0.022163 0.023896 0.146774
-0.024891 0.022496 0.145132
-0.028099 0.018093 0.133786
-0.027630 0.013905 0.136286
-0.004890 0.032765 0.163231
-0.007174 0.033157 0.162913
-0.008539 0.033363 0.162684
-0.011165 0.028709 0.160562
-0.007942 0.025641 0.158490
-0.007362 0.027676 0.161243
-0.010595 0.030116 0.161253
-0.014694 0.025356 0.156827
-0.014149 0.027287 0.158094
-0.017078 0.027150 0.156869
-0.015480 0.029819 0.157931
-0.016735 0.026366 0.155019
-0.017052 0.025731 0.152909
-0.017827 0.024111 0.151141
-0.022952 0.021139 0.148533
-0.015047 0.023678 0.155726
-0.017346 0.022924 0.154781
-0.019057 0.021932 0.153576
-0.009438 0.031977 0.161133
-0.004620 0.030287 0.164061
-0.001829 0.030342 0.164164
-0.008554 0.030977 0.162657
-0.007308 0.030423 0.163358
-0.012892 0.026567 0.158364
-0.012720 0.033384 0.158639
-0.009889 0.034096 0.160113
-0.014972 0.031052 0.160868
-0.014226 0.031761 0.157278
-0.013333 0.030587 0.162430
-0.009438 0.031977 0.161133
-0.010595 0.030116 0.161253
-0.012953 0.029996 0.162700
-0.011165 0.028709 0.160562
-0.013316 0.027604 0.161348
-0.015480 0.029819 0.157931
-0.015764 0.029397 0.159967
-0.015458 0.028306 0.159757
-0.014149 0.027287 0.158094
-0.012892 0.026567 0.158364
-0.014712 0.027626 0.159975
-0.014149 0.027287 0.158094
-0.015458 0.028306 0.159757
-0.015490 0.028932 0.162974
-0.015442 0.028485 0.163305
-0.015240 0.027886 0.163573
-0.015379 0.026131 0.162765
-0.016892 0.027355 0.161711
-0.016723 0.026671 0.161652
-0.016723 0.026671 0.161652
-0.016067 0.026076 0.162048
-0.020350 0.026239 0.164993
-0.018737 0.026536 0.164334
-0.018890 0.026344 0.164142
-0.020669 0.026285 0.164583
-0.018991 0.026192 0.163995
-0.020247 0.026167 0.165193
-0.018618 0.026585 0.164577
-0.019978 0.025957 0.165412
-0.018506 0.026444 0.164937
-0.018615 0.024949 0.164641
-0.020150 0.024969 0.165110
-0.019085 0.025983 0.163816
-0.020514 0.025846 0.164201
-0.019158 0.025708 0.163664
-0.020478 0.025528 0.164105
-0.020478 0.025528 0.164105
-0.019158 0.025708 0.163664
-0.020477 0.025067 0.164372
-0.019029 0.025092 0.163801
-0.025286 0.026530 0.165749
-0.025263 0.026512 0.165583
-0.025293 0.026454 0.165456
-0.025271 0.026432 0.165925
-0.025325 0.026181 0.166014
-0.025331 0.025914 0.165697
-0.025222 0.026277 0.165350
-0.025245 0.026112 0.165470
-0.025226 0.025975 0.165548
-0.025245 0.026112 0.165470
-0.025902 0.026189 0.165985
-0.012521 0.023228 0.156980
-0.007717 0.021385 0.159576
-0.007038 0.023836 0.158058
-0.012851 0.020954 0.158122
-0.001829 0.024072 0.158371
-0.003748 0.020865 0.160050
-0.001829 0.020877 0.161058
-0.004204 0.023723 0.159303
-0.003774 0.019063 0.160578
-0.001829 0.017756 0.160547
-0.001829 0.019519 0.161433
-0.003476 0.016736 0.159889
-0.005596 0.023558 0.158698
-0.005527 0.021197 0.159946
-0.005103 0.019008 0.159269
-0.005099 0.016988 0.158753
-0.012488 0.016266 0.156688
-0.012602 0.018348 0.157717
-0.014564 0.018117 0.156623
-0.014504 0.015918 0.156677
-0.015850 0.016110 0.156069
-0.016203 0.017681 0.155705
-0.018465 0.019015 0.154673
-0.017006 0.016837 0.154574
-0.016345 0.014872 0.155319
-0.020582 0.014812 0.150825
-0.020507 0.013311 0.147985
-0.017597 0.013640 0.150017
-0.017541 0.011712 0.147466
-0.015941 0.009848 0.147792
-0.001829 0.027655 0.160942
-0.001829 0.015439 0.159876
-0.004804 0.015526 0.157395
-0.005372 0.009202 0.153475
-0.001829 0.008801 0.153992
-0.001829 0.005845 0.151977
-0.014542 0.009877 0.151673
-0.014231 0.008042 0.148598
-0.005351 0.047120 0.121079
-0.001829 0.046956 0.121270
-0.008562 0.046565 0.121415
-0.012977 0.044698 0.121763
-0.017363 0.042032 0.122338
-0.020720 0.036639 0.123846
-0.027246 0.011021 0.138035
-0.025518 0.009086 0.138867
-0.022377 0.008374 0.141341
-0.019480 0.005928 0.142558
-0.016852 0.004484 0.142870
-0.014757 0.003204 0.142970
-0.011704 0.002189 0.143106
-0.008362 0.001333 0.142718
-0.006463 0.001524 0.143093
-0.004317 0.001576 0.143224
-0.001829 0.001805 0.143139
-0.046230 -0.066472 0.040504
-0.046762 -0.061890 0.033748
-0.046408 -0.096849 0.028327
-0.028889 -0.134154 -0.035501
-0.048540 -0.132280 0.000357
-0.045673 -0.132508 -0.009969
-0.049203 -0.132358 0.018192
-0.047390 -0.115584 0.022468
-0.050088 -0.132077 0.008222
-0.011786 -0.152075 -0.036405
-0.011123 -0.161273 -0.029562
-0.016320 -0.161205 -0.028442
-0.017692 -0.152055 -0.036133
-0.025351 -0.150818 -0.033206
-0.021463 -0.161419 -0.026798
-0.026335 -0.160967 -0.023257
-0.031856 -0.151549 -0.027885
-0.032808 -0.160399 -0.016797
-0.042823 -0.145629 -0.000511
-0.040206 -0.144294 0.005676
-0.042528 -0.156878 0.006178
-0.038911 -0.143554 0.014742
-0.016767 -0.204701 -0.015097
-0.038864 -0.189459 0.000921
-0.033107 -0.201302 0.001487
-0.035641 -0.171472 -0.017589
-0.044064 -0.168114 0.006194
-0.038814 -0.183738 0.011107
-0.039630 -0.188047 0.006201
-0.016045 -0.216866 -0.004816
-0.007370 -0.227371 0.002592
-0.024808 -0.212560 0.005456
-0.020977 -0.217848 0.007998
-0.036555 -0.039361 0.023092
-0.038746 -0.044464 0.030011
-0.040239 -0.049663 0.035994
-0.039295 -0.056921 0.045305
-0.040148 -0.052796 0.039769
-0.035186 -0.028252 0.018663
-0.036852 -0.029972 0.029763
-0.044611 -0.041874 0.041798
-0.042181 -0.037473 0.034791
-0.044213 -0.045574 0.046097
-0.042922 -0.050969 0.051532
-0.022273 -0.020922 0.014073
-0.015767 -0.017986 0.015328
-0.036567 -0.000979 0.051736
-0.042945 -0.007612 0.056313
-0.047471 -0.006569 0.069204
-0.046156 -0.013128 0.060737
-0.043031 -0.020133 0.066388
-0.048602 -0.014424 0.075338
-0.040733 -0.024414 0.069534
-0.040030 -0.030104 0.074543
-0.047686 -0.019496 0.079684
-0.015189 0.008621 0.046470
-0.024321 0.015019 0.053504
-0.023401 0.007751 0.047006
-0.048312 -0.034970 0.059099
-0.044338 -0.035354 0.070379
-0.048737 -0.029785 0.066431
-0.046481 -0.041344 0.065053
-0.049698 -0.030505 0.054830
-0.050221 -0.017355 0.053929
-0.051371 -0.022937 0.046998
-0.050052 -0.024913 0.061733
-0.017184 0.009561 0.035378
-0.033037 0.035944 0.097883
-0.042536 -0.004631 0.112643
-0.038951 0.000956 0.122430
-0.013774 0.043382 0.091570
-0.019800 0.042256 0.093266
-0.007941 -0.225344 -0.005387
-0.011249 -0.223783 -0.003956
-0.032888 0.039513 0.102811
-0.036390 0.034800 0.119859
-0.038336 0.026212 0.125416
-0.037918 0.017521 0.130459
-0.037209 0.012979 0.133322
-0.038145 0.003433 0.127544
-0.034988 0.007415 0.136299
-0.013766 0.048882 0.095388
-0.018918 0.052514 0.106916
-0.021013 0.048128 0.096263
-0.027176 0.045538 0.116938
-0.032481 0.036082 0.123358
-0.034294 0.027774 0.129181
-0.034298 0.018778 0.134145
-0.032378 0.008943 0.138159
-0.033445 0.013957 0.136465
-0.029153 0.008162 0.137207
-0.012977 0.044698 0.121763
-0.008562 0.046565 0.121415
-0.013726 0.049554 0.119790
-0.009283 0.050759 0.118931
-0.004896 -0.226152 -0.005477
-0.001829 -0.203752 -0.017440
-0.001829 -0.227774 -0.004354
-0.005324 -0.203021 -0.017530
-0.001829 -0.193436 -0.028705
-0.006853 -0.192441 -0.028166
-0.001829 -0.171465 -0.033315
-0.001829 -0.161980 -0.031069
-0.007131 -0.161130 -0.030523
-0.001829 -0.152881 -0.034957
-0.001829 -0.137166 -0.040067
-0.001829 -0.112174 -0.035709
-0.001829 -0.081151 -0.027588
-0.001829 -0.053969 -0.016805
-0.001829 -0.033260 -0.004660
-0.001829 -0.022492 0.007175
-0.008726 -0.016181 0.016267
-0.001829 -0.014279 0.015452
-0.001829 0.011518 0.034150
-0.001829 0.007508 0.024850
-0.009364 0.017795 0.053160
-0.001829 0.013394 0.045622
-0.009313 0.013165 0.044876
-0.001829 0.018822 0.053017
-0.001829 0.044698 0.088806
-0.007656 0.043302 0.090754
-0.001829 0.043005 0.076824
-0.008065 0.049929 0.094362
-0.001829 0.051487 0.093913
-0.001829 0.053771 0.108036
-0.001829 0.054564 0.114388
-0.006598 0.054006 0.112003
-0.005631 0.051438 0.118412
-0.001829 0.046956 0.121270
-0.001829 0.052596 0.118484
-0.005351 0.047120 0.121079
-0.026115 0.027171 0.129591
-0.030708 0.018663 0.134526
-0.027255 0.020549 0.132123
-0.028099 0.018093 0.133786
-0.030214 0.014089 0.136798
-0.027246 0.011021 0.138035
-0.027630 0.013905 0.136286
-0.025518 0.009086 0.138867
-0.026882 0.006874 0.137685
-0.024992 -0.211396 0.010753
-0.021148 -0.217805 0.011176
-0.024155 -0.211363 0.008539
-0.029974 -0.198189 0.007948
-0.030044 -0.198934 0.005778
-0.046180 -0.013083 0.101195
-0.040496 0.017809 0.066168
-0.026109 0.035525 0.067962
-0.018102 0.038416 0.065764
-0.026332 0.027217 0.058748
-0.018186 0.029660 0.056539
-0.009814 0.040075 0.064743
-0.010390 0.030911 0.055700
-0.001829 0.031573 0.054440
-0.001829 0.041588 0.064261
-0.039098 -0.046070 0.054821
-0.039742 -0.039194 0.049811
-0.042623 -0.036119 0.045723
-0.047648 -0.030934 0.038843
-0.030904 -0.011410 0.119378
-0.038673 -0.025238 0.108940
-0.020720 0.036639 0.123846
-0.017363 0.042032 0.122338
-0.040659 -0.086221 0.044895
-0.040704 -0.072305 0.049292
-0.040790 -0.132988 0.030984
-0.038687 -0.117814 0.033250
-0.038276 -0.165859 0.026030
-0.032833 -0.143718 0.024788
-0.034399 -0.062406 0.051526
-0.034862 -0.056497 0.058396
-0.034621 -0.052582 0.062454
-0.038345 -0.048173 0.071622
-0.035447 -0.185493 0.020650
-0.034914 -0.038357 0.081129
-0.031226 -0.006953 0.142631
-0.030047 -0.007360 0.137328
-0.030741 -0.008683 0.141903
-0.027109 -0.009300 0.138841
-0.029145 -0.009126 0.142596
-0.024697 -0.008609 0.141451
-0.027973 -0.008740 0.144044
-0.024697 -0.008609 0.141451
-0.023621 -0.006979 0.144072
-0.027973 -0.008740 0.144044
-0.027192 -0.007911 0.145475
-0.023931 -0.004096 0.145859
-0.028356 -0.005607 0.146248
-0.027405 -0.006505 0.146325
-0.026323 -0.001627 0.145429
-0.029591 -0.002637 0.140426
-0.030507 -0.010552 0.149530
-0.031694 -0.010611 0.149162
-0.030212 -0.010701 0.149615
-0.029922 -0.011137 0.149279
-0.030160 -0.011528 0.148811
-0.032222 -0.011224 0.148507
-0.031616 -0.011796 0.147983
-0.030765 -0.011894 0.148245
-0.030160 -0.011528 0.148811
-0.029413 -0.001121 0.138575
-0.029958 -0.003184 0.136861
-0.032569 -0.012323 0.153195
-0.031645 -0.012033 0.153766
-0.031443 -0.012745 0.153246
-0.031579 -0.012959 0.152748
-0.031811 -0.013071 0.152506
-0.031579 -0.012959 0.152748
-0.032226 -0.012968 0.152391
-0.032675 -0.012793 0.152704
-0.033163 -0.016411 0.156452
-0.025086 0.000766 0.144775
-0.028055 0.000777 0.143419
-0.030055 -0.005658 0.135234
-0.029321 -0.008131 0.134084
-0.025449 -0.009499 0.136249
-0.022191 -0.008630 0.139182
-0.027975 0.002415 0.142124
-0.026424 0.003584 0.143932
-0.022191 -0.008630 0.139182
-0.020957 -0.006600 0.142499
-0.021153 -0.003205 0.144763
-0.021153 -0.003205 0.144763
-0.016852 0.004484 0.142870
-0.025086 0.000766 0.144775
-0.014757 0.003204 0.142970
-0.019480 0.005928 0.142558
-0.026424 0.003584 0.143932
-0.030379 -0.001157 0.134460
-0.030964 -0.003421 0.131890
-0.029268 0.000858 0.136342
-0.027462 0.004520 0.139710
-0.022377 0.008374 0.141341
-0.016754 -0.004897 0.143082
-0.011704 0.002189 0.143106
-0.020957 -0.006600 0.142499
-0.022191 -0.008630 0.139182
-0.022861 -0.011329 0.134523
-0.025449 -0.009499 0.136249
-0.029321 -0.008131 0.134084
-0.025696 -0.010368 0.133021
-0.028315 -0.009841 0.131328
-0.012579 -0.006536 0.141662
-0.008362 0.001333 0.142718
-0.015049 -0.011753 0.135347
-0.019610 -0.012915 0.132190
-0.024091 -0.015349 0.128095
-0.028523 -0.018047 0.130653
-0.027609 -0.014006 0.127862
-0.025586 -0.020435 0.130621
-0.025952 -0.012438 0.132981
-0.028223 -0.016405 0.133806
-0.026404 -0.017132 0.135232
-0.028081 -0.011935 0.131717
-0.029087 -0.016637 0.132254
-0.029033 -0.012568 0.129552
-0.023718 -0.013229 0.132963
-0.024289 -0.018293 0.135605
-0.022248 -0.014163 0.131699
-0.022964 -0.019970 0.134463
-0.021688 -0.015186 0.129874
-0.023406 -0.020886 0.132434
-0.023406 -0.020886 0.132434
-0.021688 -0.015186 0.129874
-0.027193 -0.011974 0.126752
-0.028539 -0.010768 0.128180
-0.028315 -0.009841 0.131328
-0.025696 -0.010368 0.133021
-0.022861 -0.011329 0.134523
-0.019610 -0.012915 0.132190
-0.020360 -0.014048 0.128720
-0.023612 -0.013924 0.127177
-0.020360 -0.014048 0.128720
-0.028335 -0.019222 0.131964
-0.025801 -0.020564 0.132077
-0.027507 -0.017760 0.133942
-0.026192 -0.018434 0.135193
-0.028298 -0.017919 0.132979
-0.024808 -0.019251 0.135014
-0.024176 -0.019963 0.134036
-0.024546 -0.020360 0.133065
-0.024546 -0.020360 0.133065
-0.026449 -0.025330 0.137021
-0.027582 -0.024684 0.137390
-0.027470 -0.023576 0.138576
-0.026156 -0.023536 0.138994
-0.027792 -0.024059 0.137968
-0.025307 -0.024079 0.138614
-0.025148 -0.024683 0.138045
-0.025515 -0.025196 0.137444
-0.025515 -0.025196 0.137444
-0.026861 -0.025249 0.139062
-0.026886 -0.024850 0.139775
-0.026191 -0.024637 0.139962
-0.025767 -0.025142 0.139787
-0.025716 -0.025476 0.139480
-0.025871 -0.025788 0.139192
-0.026381 -0.025747 0.139030
-0.025871 -0.025788 0.139192
-0.026299 -0.027039 0.142298
-0.025990 -0.027394 0.142231
-0.025810 -0.028204 0.143808
-0.026191 -0.026665 0.142957
-0.025646 -0.026562 0.143090
-0.025523 -0.027195 0.142483
-0.025719 -0.027469 0.142205
-0.025719 -0.027469 0.142205
-0.015166 -0.011524 0.127539
-0.020360 -0.014048 0.128720
-0.031096 -0.005316 0.128008
-0.028539 -0.010768 0.128180
-0.028536 -0.006908 0.122694
-0.030055 -0.005658 0.135234
-0.029958 -0.003184 0.136861
-0.029413 -0.001121 0.138575
-0.027975 0.002415 0.142124
-0.027193 -0.011974 0.126752
-0.009113 -0.007471 0.141405
-0.006463 0.001524 0.143093
-0.004965 -0.008006 0.141827
-0.004317 0.001576 0.143224
-0.001829 -0.006285 0.142886
-0.001829 0.001805 0.143139
-0.001829 -0.009903 0.138533
-0.010925 -0.011452 0.134720
-0.012580 -0.015151 0.128905
-0.025299 -0.015542 0.120349
-0.023612 -0.013924 0.127177
-0.033073 -0.029073 0.111687
-0.021892 -0.017078 0.120088
-0.021621 -0.029369 0.111777
-0.018248 -0.018403 0.119691
-0.013332 -0.016901 0.118132
-0.017225 -0.026881 0.110132
-0.010799 -0.021911 0.120562
-0.014432 -0.029803 0.112086
-0.003475 -0.020059 0.130267
-0.004633 -0.025507 0.122334
-0.006369 -0.036013 0.116289
-0.022622 -0.034700 0.103743
-0.018627 -0.033333 0.103058
-0.006870 -0.040443 0.107650
-0.007091 -0.046436 0.099020
-0.019465 -0.038135 0.092149
-0.032713 -0.041198 0.083598
-0.029162 -0.042685 0.084683
-0.021079 -0.043961 0.085344
-0.016268 -0.044930 0.086264
-0.007388 -0.051902 0.091816
-0.035140 -0.046534 0.080154
-0.016962 -0.048238 0.080631
-0.008284 -0.055138 0.088132
-0.035487 -0.051292 0.074483
-0.030904 -0.052448 0.075912
-0.017831 -0.053141 0.077110
-0.008399 -0.059063 0.083089
-0.001829 -0.013039 0.135570
-0.001829 -0.019166 0.130883
-0.001829 -0.025486 0.123762
-0.001829 -0.034912 0.115561
-0.001829 -0.039681 0.108362
-0.001829 -0.046586 0.098753
-0.001829 -0.051943 0.092215
-0.001829 -0.054280 0.087200
-0.001829 -0.058286 0.083164
-0.030940 -0.053659 0.064735
-0.027594 -0.054569 0.066786
-0.024549 -0.055636 0.068158
-0.020770 -0.056258 0.068571
-0.015512 -0.057567 0.069456
-0.008286 -0.063668 0.077249
-0.001829 -0.063744 0.077801
-0.007627 -0.068105 0.075127
-0.001829 -0.067004 0.074891
-0.032663 -0.064520 0.055731
-0.028733 -0.064621 0.057633
-0.025663 -0.064993 0.058145
-0.020560 -0.061128 0.064280
-0.020548 -0.066777 0.058520
-0.017264 -0.069391 0.061612
-0.006968 -0.075576 0.069467
-0.001829 -0.074877 0.069526
-0.037215 -0.074562 0.053425
-0.035588 -0.076050 0.056019
-0.032489 -0.077056 0.057850
-0.027831 -0.078312 0.059456
-0.021929 -0.079152 0.060014
-0.007620 -0.084018 0.067497
-0.001829 -0.083035 0.066227
-0.034947 -0.086837 0.047562
-0.032763 -0.088131 0.050576
-0.030751 -0.089209 0.052399
-0.022619 -0.090262 0.054796
-0.008679 -0.093677 0.064311
-0.001829 -0.094296 0.062750
-0.038996 -0.102025 0.044981
-0.022167 -0.104662 0.051918
-0.007362 -0.107378 0.059973
-0.001829 -0.106915 0.059896
-0.037353 -0.133693 0.034763
-0.037941 -0.118783 0.038449
-0.033625 -0.134094 0.037872
-0.034996 -0.119898 0.042661
-0.023124 -0.133447 0.039988
-0.019299 -0.118818 0.042072
-0.019053 -0.133706 0.039313
-0.007655 -0.133670 0.050557
-0.009477 -0.120614 0.053935
-0.001829 -0.120887 0.053807
-0.001829 -0.134320 0.050085
-0.030560 -0.143570 0.027800
-0.027907 -0.143507 0.029362
-0.022733 -0.144202 0.030271
-0.017470 -0.142976 0.031182
-0.016334 -0.144339 0.035706
-0.005901 -0.144486 0.048020
-0.001829 -0.145068 0.047439
-0.018597 -0.156019 0.034782
-0.006846 -0.154413 0.048667
-0.001829 -0.155097 0.048894
-0.032445 -0.165578 0.035821
-0.025479 -0.164034 0.036999
-0.017508 -0.165054 0.037292
-0.011178 -0.162261 0.043707
-0.006322 -0.161463 0.044685
-0.001829 -0.162475 0.046258
-0.030406 -0.183848 0.039823
-0.024119 -0.184458 0.044192
-0.014239 -0.184744 0.044445
-0.006048 -0.180655 0.052295
-0.006723 -0.184030 0.049739
-0.001829 -0.186923 0.050159
-0.006217 -0.188341 0.048655
-0.001829 -0.189155 0.048819
-0.012332 -0.189161 0.046389
-0.011607 -0.192004 0.047708
-0.005139 -0.190659 0.047907
-0.001829 -0.191933 0.047595
-0.030103 -0.208131 0.029611
-0.004416 -0.195913 0.048482
-0.001829 -0.197810 0.048273
-0.004622 -0.197841 0.051644
-0.005526 -0.209747 0.052533
-0.001829 -0.200207 0.052414
-0.001829 -0.211785 0.052095
-0.007275 -0.196149 0.049670
-0.022419 -0.193051 0.047520
-0.024172 -0.188147 0.045120
-0.006017 -0.217100 0.048464
-0.001829 -0.217879 0.047857
-0.001829 -0.221350 0.039771
-0.001829 -0.224307 0.031419
-0.001829 -0.225459 0.020252
-0.001829 -0.227276 0.016508
-0.001829 -0.230542 0.003861
-0.001829 -0.229587 0.010853
-0.008137 -0.225522 0.019129
-0.008581 -0.227178 0.015059
-0.011469 -0.216247 0.047507
-0.010730 -0.209222 0.051765
-0.008227 -0.197560 0.051301
-0.018749 -0.201751 0.049980
-0.023197 -0.207498 0.044992
-0.029335 -0.205054 0.036797
-0.015530 -0.013970 0.010172
-0.023091 -0.016057 0.011472
-0.030441 -0.019451 0.014153
-0.045553 -0.027254 0.029886
-0.042577 -0.031541 0.027953
-0.044512 -0.033744 0.037432
-0.008624 -0.011151 0.010697
-0.001829 -0.004400 0.014293
-0.001829 -0.010684 0.009634
-0.028833 -0.024109 0.014860
-0.031263 0.005561 0.047904
-0.031095 0.011009 0.056881
-0.033952 0.023368 0.061946
-0.026246 0.039439 0.095496
-0.026822 0.044300 0.099386
-0.021542 0.049852 0.114083
-0.017733 0.047580 0.120224
-0.001829 -0.183651 0.052735
-0.017508 -0.165054 0.037292
-0.006048 -0.180655 0.052295
-0.012480 -0.177881 0.045025
-0.001829 -0.179014 0.053614
-0.006213 -0.177221 0.051881
-0.012480 -0.177881 0.045025
-0.021831 0.038127 0.141612
-0.021282 0.038618 0.145383
-0.021724 0.038463 0.143666
-0.021724 0.038463 0.143666
0.016976 0.044205 0.153603
0.020628 0.045442 0.154098
0.020526 0.046009 0.153632
0.017012 0.043463 0.153813
0.020522 0.046515 0.153034
0.017105 0.044605 0.152776
0.020923 0.046278 0.152360
0.017275 0.044447 0.152136
0.017301 0.042661 0.154225
0.020933 0.044862 0.154044
0.017581 0.042192 0.153693
0.021119 0.044688 0.153748
0.017810 0.042553 0.152653
0.021119 0.044688 0.153748
0.017581 0.042192 0.153693
0.021511 0.044769 0.153019
0.021424 0.045029 0.152525
0.017849 0.043222 0.152184
0.010589 0.039364 0.155011
0.011595 0.038390 0.154419
0.011389 0.037539 0.153705
0.011595 0.038390 0.154419
0.012457 0.040332 0.150513
0.011132 0.042098 0.150909
0.010211 0.042313 0.151513
0.009530 0.041936 0.152415
0.028756 0.045011 0.157774
0.022513 0.046189 0.154316
0.022691 0.045581 0.154254
0.028770 0.044910 0.157722
0.022839 0.045412 0.154020
0.027692 0.044746 0.156834
0.022839 0.045412 0.154020
0.027790 0.044824 0.156547
0.027692 0.044746 0.156834
0.022950 0.045372 0.153206
0.027939 0.044935 0.156461
0.022972 0.045673 0.152792
0.027953 0.045653 0.156982
0.022711 0.046589 0.152914
0.022434 0.046857 0.153292
0.022452 0.046585 0.153949
0.028852 0.045150 0.157797
0.028979 0.045351 0.157729
0.028575 0.044802 0.157441
0.028785 0.044860 0.157664
0.028743 0.044822 0.157401
0.028575 0.044802 0.157441
0.028857 0.044884 0.157336
0.029217 0.045325 0.157377
0.028756 0.045011 0.157774
0.028770 0.044910 0.157722
0.028743 0.044822 0.157401
0.028857 0.044884 0.157336
0.028852 0.045150 0.157797
0.029217 0.045325 0.157377
0.028979 0.045351 0.157729
0.005069 0.041970 0.149114
0.010707 0.040912 0.149740
0.006025 0.036791 0.153524
0.004804 0.037831 0.152768
0.003857 0.040844 0.150137
0.011962 0.038418 0.151027
0.011924 0.039276 0.150309
0.007185 0.042058 0.148612
0.008213 0.041494 0.148313
0.010180 0.035705 0.153119
0.009938 0.036013 0.154023
0.010703 0.039941 0.148553
0.011758 0.039651 0.150049
0.010971 0.035647 0.151340
0.008715 0.036555 0.154450
0.002698 0.041916 0.148978
0.002543 0.040284 0.149201
0.003871 0.042212 0.148435
0.007053 0.042765 0.148100
0.002535 0.038296 0.150148
0.002852 0.037382 0.151050
0.003580 0.036582 0.151763
0.004759 0.036469 0.153407
0.006224 0.036927 0.155130
0.007090 0.036816 0.154292
0.010041 0.035883 0.155015
0.008362 0.036669 0.155430
0.010836 0.034918 0.153720
0.011078 0.034771 0.151493
0.011623 0.037452 0.149873
0.011462 0.039053 0.148910
0.011951 0.036969 0.149268
0.012009 0.039063 0.148169
0.008860 0.042161 0.147779
0.011332 0.040274 0.147956
0.015204 0.040736 0.143156
0.017431 0.041961 0.141396
0.016254 0.040289 0.140298
0.017791 0.041145 0.140574
0.018280 0.041534 0.143347
0.015736 0.039933 0.144456
0.019150 0.039820 0.142747
0.017877 0.038341 0.141711
0.018766 0.039675 0.141539
0.018065 0.038463 0.143666
0.018236 0.040424 0.141038
0.017248 0.039054 0.141042
0.017481 0.039209 0.144491
0.018962 0.040450 0.143456
0.019150 0.039820 0.142747
0.018065 0.038463 0.143666
0.019740 0.041582 0.141636
0.019740 0.041582 0.141636
0.004534 0.049233 0.141245
0.007605 0.048303 0.140973
0.010360 0.046770 0.140804
0.015204 0.040736 0.143156
0.016254 0.040289 0.140298
0.014969 0.041670 0.144771
0.013734 0.044263 0.143110
0.019075 0.037800 0.143305
0.017877 0.038341 0.141711
0.018065 0.038463 0.143666
0.018059 0.037168 0.146960
0.017624 0.038618 0.145383
0.020308 0.034978 0.141762
0.012009 0.039063 0.148169
0.015736 0.039933 0.144456
0.017481 0.039209 0.144491
0.011951 0.036969 0.149268
0.003871 0.042212 0.148435
0.002698 0.041916 0.148978
0.007053 0.042765 0.148100
0.008860 0.042161 0.147779
0.011332 0.040274 0.147956
-0.001829 0.049088 0.126784
-0.001829 0.049662 0.142307
-0.001829 0.048405 0.144715
-0.001829 0.041706 0.149351
0.002543 0.040284 0.149201
0.002535 0.038296 0.150148
0.002852 0.037382 0.151050
0.001144 0.036940 0.159627
0.003042 0.036804 0.155285
0.003580 0.036582 0.151763
0.004759 0.036469 0.153407
0.006224 0.036927 0.155130
0.004917 0.034864 0.161833
0.009729 0.035146 0.157825
0.008362 0.036669 0.155430
0.007308 0.036252 0.158644
0.010041 0.035883 0.155015
0.011335 0.033770 0.156646
0.010836 0.034918 0.153720
0.008362 0.036669 0.155430
0.008715 0.036555 0.154450
0.012867 0.033752 0.148309
0.011078 0.034771 0.151493
0.015904 0.030015 0.149263
0.015136 0.032463 0.146897
0.019747 0.029765 0.143849
0.018808 0.026830 0.144895
0.019940 0.027988 0.140692
0.022457 0.027162 0.129603
0.017877 0.038341 0.141711
0.023597 0.020533 0.132142
0.006231 0.034096 0.160113
0.009062 0.033384 0.158639
0.010568 0.031761 0.157278
0.014652 0.029423 0.154353
0.015331 0.028047 0.152870
0.016047 0.026931 0.151194
0.017248 0.039054 0.141042
0.019688 0.025645 0.142319
0.018505 0.023896 0.146774
0.021233 0.022496 0.145132
0.024440 0.018074 0.133805
0.023971 0.013885 0.136305
0.019940 0.027988 0.140692
0.017877 0.038341 0.141711
0.020308 0.034978 0.141762
0.001232 0.032765 0.163231
0.013394 0.025731 0.152909
0.014169 0.024111 0.151141
0.019294 0.021139 0.148533
0.011389 0.023678 0.155726
0.013687 0.022924 0.154781
0.015399 0.021932 0.153576
0.004881 0.033363 0.162684
0.005779 0.031977 0.161133
0.000962 0.030287 0.164061
0.004895 0.030977 0.162657
0.006936 0.030116 0.161253
0.009062 0.033384 0.158639
0.010308 0.031156 0.161825
0.011314 0.031052 0.160868
0.006231 0.034096 0.160113
0.010568 0.031761 0.157278
0.005779 0.031977 0.161133
0.009295 0.029996 0.162700
0.006936 0.030116 0.161253
0.007507 0.028709 0.160562
0.009657 0.027604 0.161348
0.011821 0.029819 0.157931
0.012105 0.029397 0.159967
0.011800 0.028306 0.159757
0.010491 0.027287 0.158094
0.010491 0.027287 0.158094
0.011800 0.028306 0.159757
0.011053 0.027626 0.159975
0.009233 0.026567 0.158364
0.011831 0.028932 0.162974
0.011582 0.027886 0.163573
0.011721 0.026131 0.162765
0.013234 0.027355 0.161711
0.013064 0.026671 0.161652
0.013064 0.026671 0.161652
0.012409 0.026076 0.162048
0.015079 0.026536 0.164334
0.016691 0.026239 0.164993
0.015231 0.026344 0.164142
0.017010 0.026285 0.164583
0.015333 0.026192 0.163995
0.016320 0.025957 0.165412
0.014847 0.026444 0.164937
0.014957 0.024949 0.164641
0.016491 0.024969 0.165110
0.015427 0.025983 0.163816
0.016856 0.025846 0.164201
0.015500 0.025708 0.163664
0.016820 0.025528 0.164105
0.015500 0.025708 0.163664
0.016818 0.025067 0.164372
0.015371 0.025092 0.163801
0.016820 0.025528 0.164105
0.021627 0.026530 0.165749
0.021604 0.026512 0.165583
0.021635 0.026454 0.165456
0.021667 0.026181 0.166014
0.021672 0.025914 0.165697
0.021563 0.026277 0.165350
0.021587 0.026112 0.165470
0.021567 0.025975 0.165548
0.021587 0.026112 0.165470
0.022243 0.026189 0.165985
0.008863 0.023228 0.156980
0.004058 0.021385 0.159576
0.009192 0.020954 0.158122
0.003380 0.023836 0.158058
0.000090 0.020865 0.160050
0.000545 0.023723 0.159303
0.000115 0.019063 0.160578
-0.001829 0.017756 0.160547
-0.000182 0.016736 0.159889
0.001938 0.023558 0.158698
0.001869 0.021197 0.159946
0.001445 0.019008 0.159269
0.001441 0.016988 0.158753
0.008943 0.018348 0.157717
0.008829 0.016266 0.156688
0.010905 0.018117 0.156623
0.010846 0.015918 0.156677
0.012192 0.016110 0.156069
0.012544 0.017681 0.155705
0.014807 0.019015 0.154673
0.013348 0.016837 0.154574
0.012686 0.014872 0.155319
0.016924 0.014812 0.150825
0.016849 0.013308 0.147987
0.013939 0.013637 0.150019
0.013883 0.011711 0.147468
0.012283 0.009846 0.147794
0.007507 0.028709 0.160562
-0.001829 0.015439 0.159876
0.001714 0.009202 0.153475
0.001145 0.015526 0.157395
-0.001829 0.008801 0.153992
-0.001829 0.005845 0.151977
0.010883 0.009876 0.151674
0.010573 0.008040 0.148600
0.009233 0.026567 0.158364
0.010491 0.027287 0.158094
0.011821 0.029819 0.157931
0.001692 0.047120 0.121079
-0.001829 0.046956 0.121270
0.004904 0.046565 0.121415
0.009319 0.044698 0.121763
0.013704 0.042032 0.122338
0.017061 0.036639 0.123846
0.023587 0.011002 0.138053
0.021860 0.009067 0.138883
0.018719 0.008362 0.141350
0.015822 0.005921 0.142563
0.013194 0.004478 0.142874
0.011099 0.003200 0.142973
0.008045 0.002189 0.143106
0.004704 0.001333 0.142718
0.002805 0.001524 0.143093
0.000659 0.001576 0.143224
-0.001829 0.001805 0.143139
0.042571 -0.063889 0.037584
0.043104 -0.059171 0.031017
0.042750 -0.095390 0.024654
0.044882 -0.132699 -0.000690
0.042014 -0.133956 -0.011623
0.045544 -0.132038 0.016328
0.043731 -0.114757 0.019405
0.046430 -0.132266 0.006949
0.008127 -0.152096 -0.036409
0.012662 -0.161512 -0.028459
0.007465 -0.161333 -0.029565
0.014034 -0.152480 -0.036197
0.022676 -0.161386 -0.023269
0.017804 -0.161778 -0.026818
0.029149 -0.160848 -0.016789
0.039165 -0.145877 -0.000797
0.033018 -0.159510 -0.008890
0.036547 -0.144516 0.005208
0.035253 -0.143530 0.013923
0.038870 -0.157182 0.006071
0.035205 -0.189459 0.000921
0.029448 -0.201302 0.001487
0.031983 -0.171472 -0.017589
0.035156 -0.183738 0.011107
0.040405 -0.168261 0.006223
0.035971 -0.188047 0.006201
0.005251 -0.227982 0.009074
0.007591 -0.223783 -0.003956
0.012386 -0.216866 -0.004816
0.021150 -0.212560 0.005456
0.017319 -0.217848 0.007998
0.031204 -0.033030 0.014435
0.032897 -0.037282 0.022296
0.035088 -0.042126 0.028755
0.036580 -0.047051 0.034219
0.035637 -0.054625 0.043110
0.036490 -0.050344 0.037850
0.031528 -0.026830 0.018406
0.033194 -0.027771 0.029247
0.040953 -0.039482 0.040425
0.038523 -0.034741 0.033602
0.040555 -0.043352 0.044540
0.039263 -0.048844 0.049560
0.018615 -0.020567 0.014046
0.012109 -0.017966 0.015351
0.032909 0.000035 0.052062
0.039286 -0.006714 0.056493
0.043813 -0.006349 0.069340
0.039373 -0.019451 0.066263
0.042498 -0.012333 0.060785
0.044944 -0.014233 0.075392
0.037074 -0.023710 0.069254
0.044027 -0.019282 0.079640
0.036371 -0.029450 0.074022
0.019742 0.007959 0.047142
0.011530 0.008633 0.046567
0.020662 0.015186 0.053677
0.044654 -0.033488 0.058202
0.040680 -0.034398 0.069536
0.042822 -0.039969 0.063713
0.045078 -0.028794 0.065887
0.046039 -0.028960 0.054162
0.047713 -0.021084 0.046639
0.046562 -0.016096 0.053828
0.046394 -0.023882 0.061398
0.045168 -0.013984 0.040180
0.037089 -0.005130 0.033278
0.013526 0.009595 0.035499
0.029379 0.035929 0.097918
0.038878 -0.004707 0.112719
0.035292 0.000883 0.122499
0.010115 0.043378 0.091585
0.016141 0.042249 0.093286
0.004282 -0.225344 -0.005387
0.029230 0.039506 0.102827
0.032731 0.034796 0.119866
0.034677 0.026195 0.125437
0.034259 0.017490 0.130493
0.033551 0.012940 0.133359
0.034486 0.003365 0.127606
0.031330 0.007375 0.136334
0.015260 0.052514 0.106916
0.010108 0.048882 0.095388
0.017355 0.048128 0.096263
0.023518 0.045538 0.116938
0.028823 0.036082 0.123358
0.030635 0.027766 0.129191
0.030640 0.018757 0.134167
0.028720 0.008914 0.138184
0.029787 0.013929 0.136491
0.027781 0.002714 0.136718
0.025495 0.008134 0.137231
0.009319 0.044698 0.121763
0.010067 0.049554 0.119790
0.004904 0.046565 0.121415
0.005625 0.050759 0.118931
0.001237 -0.226152 -0.005477
-0.001829 -0.203752 -0.017440
0.001665 -0.203021 -0.017530
-0.001829 -0.227774 -0.004354
-0.001829 -0.193436 -0.028705
0.003195 -0.192441 -0.028166
-0.001829 -0.171465 -0.033315
-0.001829 -0.161980 -0.031069
0.003472 -0.161130 -0.030523
-0.001829 -0.152881 -0.034957
-0.001829 -0.137166 -0.040067
-0.001829 -0.112174 -0.035709
-0.001829 -0.081151 -0.027588
-0.001829 -0.053969 -0.016805
-0.001829 -0.033260 -0.004660
-0.001829 -0.022492 0.007175
-0.001829 -0.014279 0.015452
0.005068 -0.016181 0.016267
-0.001829 0.011518 0.034150
-0.001829 0.007508 0.024850
0.005705 0.017798 0.053267
-0.001829 0.013394 0.045622
-0.001829 0.018822 0.053017
0.005655 0.013178 0.044971
-0.001829 0.044698 0.088806
-0.001829 0.043005 0.076824
0.003997 0.043299 0.090761
0.004406 0.049929 0.094362
-0.001829 0.051487 0.093913
-0.001829 0.053771 0.108036
-0.001829 0.054564 0.114388
0.002940 0.054006 0.112003
0.001973 0.051438 0.118412
-0.001829 0.052596 0.118484
-0.001829 0.046956 0.121270
0.001692 0.047120 0.121079
0.027050 0.018644 0.134546
0.022457 0.027162 0.129603
0.023597 0.020533 0.132142
0.024440 0.018074 0.133805
0.026555 0.014066 0.136819
0.023587 0.011002 0.138053
0.023971 0.013885 0.136305
0.021860 0.009067 0.138883
0.023224 0.006850 0.137705
0.021334 -0.211396 0.010753
0.017489 -0.217805 0.011176
0.020497 -0.211363 0.008539
0.026315 -0.198189 0.007948
0.026385 -0.198934 0.005778
0.042522 -0.013146 0.101262
0.036837 0.017798 0.066253
0.022451 0.035516 0.068035
0.022673 0.027215 0.058819
0.014444 0.038410 0.065828
0.014527 0.029659 0.056630
0.006155 0.040069 0.064809
0.006732 0.030911 0.055807
-0.001829 0.031573 0.054440
-0.001829 0.041588 0.064261
0.035440 -0.044142 0.053158
0.036084 -0.037215 0.048628
0.038964 -0.033964 0.044671
0.040854 -0.031152 0.036443
0.027245 -0.011482 0.119435
0.035015 -0.025327 0.109001
0.017061 0.036639 0.123846
0.013704 0.042032 0.122338
0.037000 -0.083248 0.039746
0.036983 -0.098228 0.035225
0.037045 -0.069900 0.045647
0.037132 -0.131286 0.029019
0.035028 -0.115856 0.029813
0.034618 -0.165704 0.026109
0.029175 -0.142776 0.023964
0.030741 -0.060220 0.048582
0.031204 -0.054579 0.055682
0.030963 -0.050938 0.060155
0.034686 -0.047198 0.070031
0.031789 -0.185493 0.020650
0.034624 -0.043017 0.076379
0.031256 -0.037975 0.080433
0.027083 -0.008709 0.141919
0.026389 -0.007394 0.137351
0.027568 -0.006980 0.142648
0.023450 -0.009321 0.138855
0.025486 -0.009147 0.142609
0.021038 -0.008619 0.141458
0.024314 -0.008756 0.144053
0.021038 -0.008619 0.141458
0.024314 -0.008756 0.144053
0.019963 -0.006985 0.144076
0.023534 -0.007922 0.145482
0.024698 -0.005622 0.146258
0.020273 -0.004102 0.145863
0.023747 -0.006518 0.146333
0.022664 -0.001641 0.145438
0.025933 -0.002664 0.140445
0.028035 -0.010629 0.149172
0.026849 -0.010566 0.149538
0.026553 -0.010713 0.149621
0.026264 -0.011149 0.149286
0.026502 -0.011538 0.148816
0.027957 -0.011814 0.147992
0.028564 -0.011242 0.148517
0.027107 -0.011909 0.148253
0.026502 -0.011538 0.148816
0.025755 -0.001151 0.138597
0.026299 -0.003219 0.136887
0.028911 -0.012333 0.153200
0.027987 -0.012042 0.153771
0.027785 -0.012755 0.153251
0.027921 -0.012969 0.152753
0.027921 -0.012969 0.152753
0.028153 -0.013082 0.152512
0.028568 -0.012979 0.152397
0.029016 -0.012805 0.152711
0.029504 -0.016418 0.156455
0.024396 0.000759 0.143432
0.021427 0.000752 0.144784
0.026396 -0.005697 0.135261
0.025663 -0.008169 0.134110
0.018533 -0.008637 0.139186
0.021790 -0.009519 0.136263
0.024317 0.002395 0.142139
0.022765 0.003570 0.143943
0.018533 -0.008637 0.139186
0.017299 -0.006605 0.142503
0.017494 -0.003209 0.144765
0.017494 -0.003209 0.144765
0.013194 0.004478 0.142874
0.011099 0.003200 0.142973
0.021427 0.000752 0.144784
0.022765 0.003570 0.143943
0.015822 0.005921 0.142563
0.026720 -0.001197 0.134491
0.027306 -0.003470 0.131927
0.023803 0.004498 0.139727
0.025610 0.000826 0.136367
0.022888 0.006656 0.141674
0.018719 0.008362 0.141350
0.013096 -0.004898 0.143083
0.008045 0.002189 0.143106
0.017299 -0.006605 0.142503
0.018533 -0.008637 0.139186
0.019202 -0.011342 0.134532
0.021790 -0.009519 0.136263
0.025663 -0.008169 0.134110
0.022037 -0.010394 0.133038
0.024656 -0.009880 0.131355
0.008921 -0.006537 0.141663
0.004704 0.001333 0.142718
0.011390 -0.011755 0.135349
0.015952 -0.012922 0.132195
0.024865 -0.018080 0.130672
0.020433 -0.015373 0.128111
0.023951 -0.014045 0.127888
0.021928 -0.020453 0.130632
0.022293 -0.012464 0.132998
0.024565 -0.016433 0.133822
0.024423 -0.011970 0.131741
0.022745 -0.017150 0.135242
0.025429 -0.016671 0.132275
0.025375 -0.012611 0.129581
0.020060 -0.013246 0.132974
0.020630 -0.018301 0.135609
0.018590 -0.014175 0.131707
0.019305 -0.019973 0.134464
0.018030 -0.015197 0.129881
0.019747 -0.020892 0.132437
0.019747 -0.020892 0.132437
0.018030 -0.015197 0.129881
0.023535 -0.012016 0.126781
0.024880 -0.010814 0.128212
0.024656 -0.009880 0.131355
0.022037 -0.010394 0.133038
0.019202 -0.011342 0.134532
0.015952 -0.012922 0.132195
0.016701 -0.014059 0.128728
0.019954 -0.013949 0.127193
0.016701 -0.014059 0.128728
0.024677 -0.019251 0.131980
0.022143 -0.020581 0.132086
0.023849 -0.017783 0.133955
0.022533 -0.018449 0.135201
0.024640 -0.017948 0.132995
0.021149 -0.019260 0.135019
0.020517 -0.019970 0.134040
0.020888 -0.020370 0.133070
0.020888 -0.020370 0.133070
0.022791 -0.025334 0.137023
0.023923 -0.024693 0.137394
0.023812 -0.023584 0.138580
0.022498 -0.023539 0.138995
0.024134 -0.024068 0.137972
0.021649 -0.024082 0.138616
0.021489 -0.024687 0.138046
0.021857 -0.025199 0.137445
0.021857 -0.025199 0.137445
0.023203 -0.025251 0.139063
0.023227 -0.024853 0.139776
0.022532 -0.024641 0.139964
0.022109 -0.025146 0.139789
0.022058 -0.025480 0.139481
0.022213 -0.025791 0.139193
0.022213 -0.025791 0.139193
0.022723 -0.025750 0.139032
0.022640 -0.027043 0.142299
0.022152 -0.028207 0.143810
0.022331 -0.027398 0.142232
0.022533 -0.026670 0.142959
0.021988 -0.026565 0.143091
0.021865 -0.027198 0.142485
0.022060 -0.027471 0.142206
0.022060 -0.027471 0.142206
0.011507 -0.011533 0.127546
0.016701 -0.014059 0.128728
0.027437 -0.005373 0.128052
0.024880 -0.010814 0.128212
0.024878 -0.006964 0.122741
0.026396 -0.005697 0.135261
0.026299 -0.003219 0.136887
0.025755 -0.001151 0.138597
0.024317 0.002395 0.142139
0.023535 -0.012016 0.126781
0.005455 -0.007471 0.141405
0.002805 0.001524 0.143093
0.001307 -0.008006 0.141827
0.000659 0.001576 0.143224
-0.001829 -0.006285 0.142886
-0.001829 0.001805 0.143139
0.001710 -0.010407 0.137710
-0.001829 -0.009903 0.138533
0.007267 -0.011452 0.134720
0.003416 -0.012983 0.135048
0.008921 -0.015153 0.128906
0.019954 -0.013949 0.127193
0.021640 -0.015584 0.120379
0.029414 -0.029158 0.111737
0.018233 -0.017104 0.120107
0.017962 -0.029389 0.111789
0.014590 -0.018417 0.119701
0.009673 -0.016911 0.118139
0.013566 -0.026895 0.110141
0.005502 -0.017258 0.129466
0.007141 -0.021912 0.120563
0.010773 -0.029806 0.112088
0.005502 -0.017258 0.129466
0.003416 -0.012983 0.135048
0.001710 -0.010407 0.137710
0.000975 -0.025507 0.122334
0.002711 -0.036013 0.116289
0.018963 -0.034730 0.103760
0.014969 -0.033349 0.103067
0.003211 -0.040443 0.107650
0.003433 -0.046437 0.099020
0.015806 -0.038135 0.091973
0.029055 -0.040909 0.082829
0.025504 -0.042444 0.083894
0.017421 -0.043770 0.084721
0.012609 -0.044830 0.085883
0.003730 -0.051902 0.091816
0.031481 -0.046097 0.079084
0.013303 -0.047971 0.079952
0.004625 -0.055138 0.088132
0.031829 -0.050597 0.072981
0.027246 -0.051809 0.074364
0.014173 -0.052714 0.076038
0.004741 -0.059008 0.082860
-0.001829 -0.013039 0.135570
-0.001829 -0.019166 0.130883
-0.001829 -0.025486 0.123762
-0.001829 -0.034912 0.115561
-0.001829 -0.039681 0.108362
-0.001829 -0.046586 0.098753
-0.001829 -0.051943 0.092215
-0.001829 -0.054280 0.087200
-0.001829 -0.058286 0.083164
0.027282 -0.052184 0.062418
0.023935 -0.053406 0.064714
0.020890 -0.054686 0.066279
0.017111 -0.055453 0.066994
0.011854 -0.056962 0.068250
0.004628 -0.063480 0.076649
-0.001829 -0.063744 0.077801
0.003969 -0.067882 0.074411
-0.001829 -0.067004 0.074891
0.029004 -0.062517 0.052358
0.025075 -0.062813 0.054446
0.022005 -0.063303 0.055191
0.016902 -0.060195 0.062509
0.016890 -0.065468 0.056196
0.013606 -0.068547 0.059909
0.003310 -0.075246 0.068514
-0.001829 -0.074877 0.069526
0.033557 -0.072234 0.049174
0.031930 -0.073804 0.051345
0.028831 -0.075016 0.053483
0.024173 -0.076609 0.055882
0.018270 -0.077846 0.057449
0.003962 -0.083470 0.066273
-0.001829 -0.083035 0.066227
0.031289 -0.083820 0.042035
0.029104 -0.085081 0.044705
0.027093 -0.086204 0.046801
0.023672 -0.087333 0.049101
0.018960 -0.087886 0.050836
0.005021 -0.092707 0.062765
-0.001829 -0.094296 0.062750
0.018509 -0.102240 0.048667
0.003703 -0.106671 0.059180
-0.001829 -0.106915 0.059896
0.033694 -0.131509 0.032843
0.034282 -0.116279 0.034881
0.029967 -0.131621 0.036056
0.031338 -0.116916 0.038966
0.024480 -0.131688 0.038586
0.019465 -0.131676 0.038663
0.015641 -0.116979 0.039923
0.015394 -0.132323 0.038165
0.003996 -0.133337 0.050286
0.005819 -0.120084 0.053426
-0.001829 -0.120887 0.053807
-0.001829 -0.134320 0.050085
0.026901 -0.142280 0.026957
0.024249 -0.142159 0.028580
0.019075 -0.143027 0.029693
0.013811 -0.142135 0.030586
0.012676 -0.143623 0.035198
0.002243 -0.144350 0.047918
-0.001829 -0.145068 0.047439
0.014939 -0.155244 0.034667
0.014226 -0.154561 0.037170
0.003188 -0.154317 0.048630
-0.001829 -0.155097 0.048894
0.028786 -0.165216 0.035906
0.021821 -0.163556 0.037068
0.002663 -0.161340 0.044668
0.013850 -0.164613 0.037389
-0.001829 -0.162475 0.046258
0.026748 -0.183848 0.039823
0.020461 -0.184458 0.044192
0.012092 -0.176905 0.041969
0.010581 -0.184744 0.044445
0.002390 -0.180655 0.052295
0.003065 -0.184030 0.049739
-0.001829 -0.186923 0.050159
0.002559 -0.188341 0.048655
-0.001829 -0.189155 0.048819
0.007949 -0.192004 0.047708
0.008674 -0.189161 0.046389
0.001481 -0.190659 0.047907
-0.001829 -0.191933 0.047595
0.026445 -0.208131 0.029611
0.000757 -0.195913 0.048482
-0.001829 -0.197810 0.048273
0.001868 -0.209747 0.052533
0.000964 -0.197841 0.051644
-0.001829 -0.200207 0.052414
-0.001829 -0.211785 0.052095
0.003616 -0.196149 0.049670
0.018760 -0.193051 0.047520
0.020514 -0.188147 0.045120
0.002358 -0.217100 0.048464
-0.001829 -0.217879 0.047857
-0.001829 -0.221350 0.039771
-0.001829 -0.224307 0.031419
-0.001829 -0.225459 0.020252
-0.001829 -0.227276 0.016508
-0.001829 -0.230542 0.003861
-0.001829 -0.229587 0.010853
0.004479 -0.225522 0.019129
0.004922 -0.227178 0.015059
0.007811 -0.216247 0.047507
0.007072 -0.209222 0.051765
0.004568 -0.197560 0.051301
0.015091 -0.201751 0.049980
0.019539 -0.207498 0.044992
0.025676 -0.205054 0.036797
0.011872 -0.013954 0.010189
0.019433 -0.015688 0.011472
0.037086 -0.015822 0.019956
0.026783 -0.018706 0.014087
0.041895 -0.024043 0.029271
0.038919 -0.028567 0.027188
0.004965 -0.011151 0.010697
-0.001829 -0.004400 0.014293
-0.001829 -0.010684 0.009634
0.025174 -0.023442 0.014758
0.027605 0.006264 0.048239
0.027437 0.011420 0.057201
0.030294 0.023361 0.062038
0.022588 0.039428 0.095524
0.023164 0.044297 0.099394
0.017884 0.049852 0.114083
0.014075 0.047580 0.120224
-0.001829 -0.183651 0.052735
-0.001829 -0.179014 0.053614
423 424
1213 1214
339 347
424 425
1214 1215
413 414
1203 1205
422 423
1212 1213
739 746
799 800
714 721
425 426
1215 1216
339 390
416 418
1206 1208
1538 1543
738 744
739 745
1275 1281
484 490
343 345
1130 1131
1108 1112
319 324
1132 1134
1537 1542
737 743
742 802
1541 1599
1439 1440
643 645
740 803
1111 1112
713 721
323 324
1511 1520
344 460
1129 1250
320 330
1172 1583
1271 1504
421 422
1211 1212
1530 1531
1252 1267
462 477
731 732
483 716
426 427
1216 1217
1274 1514
431 788
1221 1588
1534 1535
480 712
1168 1265
739 804
799 801
1270 1271
1109 1123
321 336
140 141
941 942
346 347
1520 1521
1514 1515
716 717
323 482
413 416
1203 1206
1111 1273
715 725
1513 1524
1171 1585
721 722
415 417
1204 1207
1516 1517
718 719
1494 1495
1270 1497
480 699
1575 1579
775 779
1512 1523
714 724
709 713
385 462
1175 1252
321 335
365 367
1508 1511
1509 1512
710 714
1109 1121
696 697
440 441
1230 1231
1153 1154
720 730
459 461
1249 1251
470 471
1260 1261
1442 1443
725 726
1524 1525
647 648
340 461
1126 1251
1497 1504
699 706
1529 1533
1522 1523
723 724
730 734
720 731
1444 1445
649 650
1583 1585
1540 1544
1121 1125
640 653
340 341
1126 1127
335 337
386 628
1176 1421
164 165
711 715
1510 1513
1484 1485
435 470
1224 1260
762 778
1562 1578
372 432
1161 1222
438 471
1227 1261
401 402
1190 1191
1165 1280
1164 1282
695 703
1521 1529
675 676
1473 1474
969 1094
1239 1268
166 305
448 478
355 785
686 687
1452 1453
654 655
1455 1458
436 438
1226 1227
1545 1546
745 746
164 177
1163 1164
381 475
375 376
657 660
360 487
1159 1166
654 676
1452 1474
317 481
370 377
677 678
1475 1476
1159 1283
385 386
1175 1176
472 487
705 711
1503 1510
1124 1276
338 485
370 491
399 400
1187 1189
427 429
1217 1218
1148 1278
430 433
1220 1223
1143 1586
760 761
1560 1561
722 731
1262 1278
386 626
1106 1272
1176 1419
334 342
777 778
1577 1578
1522 1531
1109 1110
1433 1446
1449 1451
355 356
372 383
1161 1173
723 732
768 769
1568 1569
776 778
1576 1578
726 733
1525 1532
1120 1128
1167 1168
379 381
1143 1144
624 649
1417 1444
472 488
1437 1447
642 651
1238 1239
380 382
1169 1170
448 449
365 366
1262 1279
321 322
968 970
984 985
652 657
1448 1455
1153 1155
1456 1457
658 659
356 358
1181 1182
392 393
1191 1192
402 403
1192 1193
1151 1152
363 364
403 404
735 740
625 648
1418 1443
704 710
401 797
1190 1597
733 736
1532 1536
430 431
1220 1221
800 801
1182 1183
1534 1540
393 394
1531 1535
323 325
732 735
1502 1509
1168 1171
475 784
419 421
1209 1211
1533 1540
1144 1146
1563 1578
763 778
418 419
1208 1209
655 658
1453 1456
297 316
1083 1105
1442 1454
647 656
1445 1455
650 657
353 486
1458 1462
463 793
1253 1593
660 664
366 367
690 698
1488 1496
674 675
1472 1473
1154 1155
1222 1225
432 434
1487 1495
734 739
1111 1113
292 1078
689 697
803 804
363 791
1145 1265
1141 1277
357 786
745 747
1545 1547
336 338
1118 1120
433 435
1223 1224
1469 1484
332 334
671 686
1137 1138
358 785
153 183
659 665
1457 1463
1151 1591
375 378
1146 1586
1264 1265
1120 1122
350 351
293 296
1079 1082
1123 1124
767 768
1567 1568
474 786
698 705
1496 1503
766 767
1566 1567
1254 1256
464 465
466 467
1255 1257
1163 1165
397 547
1259 1260
697 704
469 470
414 771
1205 1571
676 677
1474 1475
1150 1582
373 792
1495 1502
472 473
782 783
1162 1592
465 468
1256 1258
362 782
436 440
1226 1230
288 308
1074 1097
355 790
1180 1595
678 679
1476 1477
391 795
330 333
347 390
1138 1139
1582 1584
1544 1545
1262 1263
1484 1492
372 374
476 633
1160 1161
1266 1426
1492 1493
374 791
317 318
142 143
943 944
1258 1261
468 471
376 377
1160 1591
1106 1107
638 639
1431 1432
921 922
1535 1539
1143 1590
694 695
351 352
686 694
321 325
1164 1166
781 782
467 469
1257 1259
594 603
0 15
1387 1396
809 834
2 25
1581 1582
755 780
1555 1580
736 742
1536 1541
788 789
1588 1589
561 624
1354 1417
1109 1113
359 360
364 366
1152 1155
4 25
812 834
823 829
590 600
673 674
1471 1472
1383 1393
931 965
1354 1437
561 642
1470 1485
681 688
1479 1486
401 796
1190 1596
1189 1595
400 795
369 370
1222 1224
432 435
42 43
850 851
1161 1225
372 434
1464 1467
996 1078
663 667
1461 1465
1147 1148
11 20
817 827
1139 1140
1157 1159
457 458
1247 1248
781 787
1581 1587
1080 1081
294 295
672 687
592 601
761 766
1561 1566
1385 1394
666 669
1178 1594
388 794
814 833
6 24
398 400
1188 1189
361 790
1436 1446
1449 1450
492 513
362 428
477 645
1150 1219
1286 1306
1267 1440
123 124
361 362
26 28
835 836
428 429
1218 1219
1149 1590
969 971
1239 1240
164 166
448 450
153 167
1 16
12 21
819 828
823 830
1149 1150
1435 1437
641 642
931 968
984 986
771 772
1571 1572
476 643
1266 1439
1135 1136
348 349
353 354
591 599
377 382
1587 1589
787 789
186 292
494 514
1384 1392
1284 1305
335 336
429 789
1218 1589
1141 1142
544 549
1166 1170
1462 1465
40 41
847 849
368 371
847 848
1184 1186
816 832
8 23
395 397
1121 1123
1156 1158
964 966
123 134
628 633
456 547
752 753
1551 1553
1421 1426
597 606
598 607
1390 1399
1391 1400
749 752
1549 1551
1549 1552
749 751
664 667
1466 1470
929 935
127 133
1093 1094
1268 1269
304 305
478 479
496 515
1288 1307
577 578
579 580
1370 1371
1372 1373
1229 1230
439 440
1072 1084
286 298
1194 1196
990 993
196 199
441 442
1231 1232
668 672
1177 1178
593 602
387 388
1386 1395
19 22
826 831
375 379
832 866
23 59
504 508
1295 1301
1226 1228
436 437
445 446
1235 1236
128 130
930 932
596 605
1389 1398
1196 1246
1500 1501
1163 1167
845 846
36 37
1465 1469
356 785
1177 1228
387 437
178 195
980 989
1144 1586
649 651
770 772
1570 1572
626 628
1444 1447
1419 1421
667 671
384 391
1266 1421
1174 1180
929 931
476 628
506 507
1298 1299
1197 1242
1118 1119
331 332
407 452
505 510
1297 1302
456 549
702 703
397 407
498 516
501 512
1290 1308
1292 1304
1114 1117
754 757
1554 1557
326 329
141 301
941 1090
842 844
33 34
175 178
977 980
1188 1229
398 439
1263 1264
563 566
473 474
1357 1359
828 868
21 61
1493 1494
367 369
866 867
59 60
573 574
386 396
1176 1185
1563 1564
763 764
153 168
1366 1367
1154 1157
680 681
1478 1479
1294 1303
502 511
357 359
833 866
24 59
561 562
1354 1355
1145 1147
638 640
1431 1434
30 31
32 35
839 840
841 843
1491 1493
931 966
149 153
262 264
1051 1054
1565 1575
765 775
285 289
1071 1075
528 538
539 541
1321 1330
1331 1334
285 287
1071 1073
127 162
150 183
929 965
679 680
1477 1478
340 345
1126 1131
729 730
1499 1500
827 868
20 61
693 695
1193 1195
404 406
1528 1529
525 527
1115 1119
328 331
1317 1319
1194 1195
405 406
419 420
1209 1210
1029 1044
239 255
160 162
1527 1528
1232 1233
442 443
1029 1045
239 256
520 527
1052 1053
263 265
1312 1319
523 527
1316 1319
932 933
130 131
1280 1467
327 328
1115 1116
1000 1002
522 527
524 527
1314 1319
1315 1319
1032 1045
242 256
728 729
1196 1339
1339 1340
759 776
1558 1576
519 527
1311 1319
526 527
1318 1319
567 569
149 152
1360 1363
1309 1326
1424 1425
695 696
517 534
631 632
745 751
1545 1552
303 304
408 479
1092 1093
1198 1269
482 716
416 417
1206 1207
1273 1514
237 255
489 669
237 254
701 702
1535 1536
735 736
740 741
486 691
1518 1519
539 550
1331 1343
1025 1041
564 565
1036 1047
1040 1049
246 258
247 260
1356 1358
1463 1466
665 668
1485 1487
1038 1048
249 259
163 179
967 981
687 689
1467 1468
669 670
568 570
1361 1362
1514 1516
352 354
1034 1047
244 258
1140 1142
982 983
1241 1244
180 181
451 454
1539 1541
571 572
269 292
292 1056
1364 1365
716 718
38 40
741 742
244 257
1034 1046
730 731
948 953
493 494
1091 1092
1198 1200
302 303
408 409
1284 1285
1299 1320
921 925
507 529
757 760
1557 1560
828 890
21 83
959 974
1277 1489
187 201
798 802
1598 1599
550 559
1343 1352
1199 1201
410 411
531 532
555 556
1323 1325
1348 1349
508 520
1301 1312
514 525
1305 1317
510 520
1302 1312
975 1088
1295 1298
442 446
1232 1235
504 506
511 521
515 523
1303 1313
1307 1316
513 526
1306 1318
1279 1480
410 797
1199 1597
532 533
553 555
509 519
1324 1325
1346 1348
488 682
1300 1311
1489 1490
452 453
1242 1243
512 522
516 524
1304 1314
1308 1315
773 774
1573 1574
266 292
145 945
144 145
1283 1459
1017 1030
829 831
688 690
1486 1488
691 692
491 661
510 521
1302 1313
210 211
819 820
822 823
12 13
14 16
821 824
15 17
1004 1005
640 673
1434 1471
554 562
585 586
1347 1355
1378 1379
1565 1566
765 766
1506 1507
224 233
1296 1297
528 534
503 505
817 818
10 11
1321 1326
1558 1561
759 761
991 1053
197 265
1480 1481
996 997
953 956
634 636
1427 1429
1289 1290
1291 1292
497 498
499 501
266 268
156 172
812 818
4 10
748 798
1548 1598
769 770
1569 1570
1519 1521
927 931
985 986
179 196
981 990
720 722
1116 1210
327 420
581 588
633 644
266 1055
266 267
1374 1381
1426 1438
815 816
8 9
1329 1330
1331 1345
537 538
539 552
536 537
552 553
1328 1329
1345 1346
1433 1436
1450 1451
307 308
455 549
1096 1097
1245 1342
682 683
225 240
194 197
988 991
18 19
825 826
1459 1460
159 160
661 662
809 811
2 5
308 309
543 549
1097 1098
1336 1342
444 446
1234 1235
225 233
1498 1499
1293 1294
500 502
706 707
206 208
999 1001
389 390
1133 1179
227 241
1019 1031
6 7
813 814
1482 1483
646 648
1441 1443
867 873
60 65
195 198
989 992
1370 1379
577 586
684 685
128 129
805 806
1335 1341
1245 1341
1018 1030
226 240
922 925
1543 1564
744 764
962 963
1276 1526
564 566
485 727
1356 1359
411 444
1201 1234
643 646
1401 1409
1439 1441
608 616
1559 1560
758 760
700 701
987 994
1402 1412
1429 1431
636 638
609 619
562 625
586 587
1355 1418
1379 1380
610 620
1403 1413
1504 1505
1481 1482
1202 1205
412 414
758 777
1559 1577
1360 1378
567 585
1408 1411
614 617
173 191
588 589
625 644
559 634
1352 1427
1381 1382
1418 1438
298 299
1084 1085
506 529
231 250
1023 1039
296 297
1082 1083
1298 1320
949 950
1553 1554
753 754
397 405
300 301
445 447
1089 1090
1236 1237
230 250
1022 1039
1007 1016
1078 1086
185 205
214 220
683 684
173 193
935 962
1337 1338
545 546
186 187
312 313
551 560
1101 1102
1344 1353
1405 1414
612 621
746 803
613 622
615 623
1406 1415
1407 1416
405 407
926 931
828 961
830 880
1 73
21 158
493 531
1285 1323
699 700
556 558
1349 1351
181 306
453 454
983 1095
1243 1244
988 992
194 198
1289 1324
1291 1328
497 533
499 536
554 557
584 585
1347 1350
1377 1378
1020 1033
228 243
924 925
229 245
230 248
1021 1035
1022 1037
558 627
582 583
1351 1420
1375 1376
229 243
1021 1033
1089 1091
1200 1237
300 302
409 447
972 973
999 1002
168 170
206 207
87 90
133 161
894 897
935 963
883 884
936 938
76 77
135 137
213 226
1005 1018
528 535
541 544
1321 1327
1334 1335
311 312
542 551
121 122
919 920
1100 1101
1333 1344
1556 1557
756 757
287 288
1073 1074
106 112
905 906
1075 1076
289 290
1490 1491
215 220
1008 1016
958 959
199 284
993 1070
147 152
557 558
583 584
456 548
1350 1351
1376 1377
1246 1339
0 22
1179 1202
389 412
1497 1498
692 693
1296 1330
503 538
1293 1329
500 537
899 900
939 940
92 93
138 139
1505 1506
1526 1527
756 762
1556 1562
1054 1056
901 902
971 982
1240 1241
1287 1325
495 532
164 180
450 451
727 728
901 903
922 923
156 170
750 754
1550 1554
145 148
210 212
309 310
540 543
1098 1099
1332 1336
189 191
1337 1340
545 547
163 177
967 979
962 965
154 156
1310 1322
1422 1423
518 530
629 630
829 880
68 73
874 877
66 70
1000 1017
221 231
1015 1023
707 708
217 228
1010 1020
189 193
215 227
1008 1019
110 118
566 579
590 591
1009 1012
1087 1088
190 192
216 219
1383 1384
1359 1372
1245 1246
991 1051
197 262
103 113
530 531
556 629
1322 1323
1349 1422
283 284
1069 1070
218 229
223 230
1011 1021
1014 1022
202 996
201 202
954 956
278 280
1065 1066
201 204
212 213
0 1
1309 1310
1423 1424
517 518
630 631
306 307
453 455
1095 1096
1243 1245
140 142
942 943
534 535
544 632
1326 1327
1335 1425
1053 1064
265 279
188 203
997 998
748 750
1548 1550
170 171
206 209
973 974
999 1003
266 269
266 1056
194 195
988 989
315 316
637 639
1104 1105
1430 1432
1076 1077
290 291
167 183
310 311
540 542
1099 1100
1332 1333
579 591
569 574
1372 1384
1363 1367
267 276
1055 1062
568 569
574 576
954 958
1367 1369
1361 1363
72 88
879 895
271 293
1058 1079
171 192
209 216
974 1088
1003 1009
168 200
207 211
972 995
1002 1004
184 203
994 997
101 111
567 573
1360 1366
90 91
130 133
897 898
932 935
104 120
902 917
902 918
565 581
1011 1012
1013 1014
218 219
222 223
1358 1374
182 183
902 903
572 582
198 199
992 993
1365 1375
80 82
152 153
888 889
951 952
581 582
627 633
1374 1375
1420 1426
574 596
1367 1389
99 104
914 917
576 578
1369 1371
904 918
110 116
279 280
1064 1066
905 917
99 103
893 894
959 963
86 87
155 161
22 23
831 832
958 974
96 103
263 275
1052 1061
564 571
1356 1364
75 78
144 146
882 885
945 946
995 998
1004 1006
188 200
211 212
913 914
105 114
929 930
127 128
100 111
82 157
153 169
889 960
952 955
272 1057
270 272
1368 1370
575 577
907 918
915 917
573 575
1366 1368
1103 1104
1428 1430
314 315
635 637
570 583
1362 1376
174 175
976 977
173 174
975 976
829 876
67 68
1059 1079
273 293
577 587
580 589
1370 1380
1373 1382
529 534
1320 1326
116 117
805 807
276 277
1062 1063
96 106
875 894
69 87
599 614
1392 1408
1065 1067
278 281
172 173
831 871
3 28
810 836
907 911
200 203
995 997
887 888
950 951
80 81
151 152
271 272
272 1058
616 618
1409 1410
908 910
927 928
907 910
915 916
107 115
110 117
813 849
7 41
63 74
870 881
215 221
1008 1015
69 72
875 879
313 314
560 635
1102 1103
1353 1428
592 593
77 92
137 138
884 899
938 939
1385 1386
131 134
924 933
818 837
10 27
600 608
496 498
1393 1401
1288 1290
84 85
154 169
891 892
955 957
9 39
815 848
112 114
131 132
906 913
933 934
13 31
14 32
820 839
822 841
95 105
1399 1407
1400 1406
606 615
607 613
895 896
88 89
38 39
601 609
1394 1402
234 235
1026 1027
119 120
125 126
501 502
1292 1294
267 275
1055 1061
84 86
154 155
891 893
957 959
1410 1413
618 619
618 620
1410 1412
237 238
617 618
1410 1411
903 904
128 808
806 807
97 107
109 110
564 590
232 233
1024 1025
1410 1415
1410 1416
618 622
618 623
1356 1383
563 588
1357 1381
903 912
923 978
108 118
167 184
953 994
111 119
825 846
18 37
232 234
1025 1026
1410 1414
618 621
60 71
867 878
185 188
212 214
998 1078
1006 1007
502 505
1294 1297
881 882
937 945
74 75
136 144
890 961
83 158
1397 1404
604 611
239 240
1029 1030
112 113
124 131
901 906
922 933
593 595
1386 1388
908 909
591 597
1384 1390
116 118
129 176
241 242
1031 1032
133 159
264 274
1054 1060
118 119
126 176
17 34
824 844
249 250
1038 1039
203 204
1068 1072
282 286
269 274
62 80
869 888
190 205
220 222
1013 1016
1086 1087
1395 1403
602 610
268 272
29 30
45 47
578 598
579 597
1371 1391
1372 1390
67 73
876 880
91 93
130 139
898 900
932 940
245 246
247 248
1035 1036
1037 1040
183 184
143 145
145 944
40 51
847 858
595 596
1388 1389
599 600
1392 1393
74 76
135 136
881 883
936 937
78 79
146 147
885 886
946 947
569 593
113 120
124 125
1363 1386
61 83
868 890
61 80
868 888
847 852
40 44
79 81
147 151
886 887
947 950
907 909
36 50
845 857
592 594
114 115
132 808
913 916
928 934
1385 1387
508 509
1300 1301
1367 1388
847 857
40 50
574 595
70 89
877 896
103 106
65 66
873 874
908 912
970 978
1 68
1311 1312
519 520
596 598
1389 1391
128 132
930 934
35 48
46 47
840 853
843 856
73 85
157 158
880 892
960 961
909 911
1014 1015
221 223
599 606
1392 1399
875 876
67 69
846 848
1046 1050
257 261
253 261
1043 1050
258 261
260 261
1047 1050
1049 1050
32 34
841 844
1041 1050
251 261
1045 1050
256 261
254 261
1044 1050
255 261
50 51
55 57
857 858
862 864
64 71
872 878
100 101
44 51
57 58
852 858
864 865
96 99
53 54
859 861
94 97
101 109
94 98
101 102
95 96
45 46
508 510
1301 1302
45 52
27 31
837 839
853 854
233 234
1024 1026
236 243
1028 1033
98 99
854 861
42 44
56 58
851 852
863 865
98 100
100 102
1026 1028
234 236
1043 1046
253 257
854 859
853 861
855 856
46 52
48 49
835 851
859 863
26 42
54 56
1041 1042
251 252
49 50
53 55
855 857
861 862
1042 1043
252 253
26 29
835 838
859 860
838 854
854 860
