2831989291537150476 196 196
0.153016 0.032525 -0.987688
0.076745 0.016313 -0.996917
0.071676 0.031912 -0.996917
0.063475 0.046117 -0.996917
0.052499 0.058307 -0.996917
0.039230 0.067948 -0.996917
0.024245 0.074619 -0.996917
0.008201 0.078029 -0.996917
-0.008201 0.078029 -0.996917
-0.024245 0.074619 -0.996917
-0.039230 0.067948 -0.996917
-0.052499 0.058307 -0.996917
-0.063475 0.046117 -0.996917
-0.071676 0.031912 -0.996917
-0.076745 0.016313 -0.996917
-0.078459 0.000000 -0.996917
-0.076745 -0.016313 -0.996917
-0.071676 -0.031912 -0.996917
-0.063475 -0.046117 -0.996917
-0.052499 -0.058306 -0.996917
-0.039230 -0.067948 -0.996917
-0.024245 -0.074619 -0.996917
-0.008201 -0.078029 -0.996917
0.008201 -0.078029 -0.996917
0.024245 -0.074619 -0.996917
0.039230 -0.067948 -0.996917
0.052499 -0.058306 -0.996917
0.063475 -0.046117 -0.996917
0.071676 -0.031912 -0.996917
0.076745 -0.016313 -0.996917
0.078459 -0.000000 -0.996917
0.076745 0.016313 -0.996917
0.153016 0.032525 -0.987688
0.228344 0.048536 -0.972370
0.228344 0.048536 -0.972370
0.302265 0.064248 -0.951056
0.302265 0.064248 -0.951056
0.374321 0.079564 -0.923879
0.374321 0.079564 -0.923879
0.444070 0.094390 -0.891007
0.444070 0.094390 -0.891007
0.511081 0.108634 -0.852640
0.511081 0.108634 -0.852640
0.574941 0.122207 -0.809017
0.574941 0.122207 -0.809017
0.635257 0.135028 -0.760406
0.635257 0.135028 -0.760406
0.691656 0.147016 -0.707107
0.691656 0.147016 -0.707107
0.743790 0.158097 -0.649448
0.743790 0.158097 -0.649448
0.791339 0.168204 -0.587785
0.791339 0.168204 -0.587785
0.834009 0.177274 -0.522498
0.834009 0.177274 -0.522498
0.871537 0.185251 -0.453990
0.871537 0.185251 -0.453990
0.903692 0.192085 -0.382683
0.903692 0.192085 -0.382683
0.930275 0.197736 -0.309017
0.930275 0.197736 -0.309017
0.951122 0.202167 -0.233445
0.951122 0.202167 -0.233445
0.966106 0.205352 -0.156434
0.966106 0.205352 -0.156434
0.975133 0.207271 -0.078459
0.975133 0.207271 -0.078459
0.978149 0.207912 -0.000000
0.978149 0.207912 -0.000000
0.975133 0.207271 0.078459
0.975133 0.207271 0.078459
0.966106 0.205352 0.156434
0.966106 0.205352 0.156434
0.951122 0.202167 0.233445
0.951122 0.202167 0.233445
0.930275 0.197736 0.309017
0.930275 0.197736 0.309017
0.903692 0.192085 0.382683
0.903692 0.192085 0.382683
0.871537 0.185251 0.453990
0.871537 0.185251 0.453990
0.834009 0.177274 0.522498
0.834009 0.177274 0.522498
0.791339 0.168204 0.587785
0.791339 0.168204 0.587785
0.743790 0.158097 0.649448
0.743790 0.158097 0.649448
0.691656 0.147016 0.707107
0.691656 0.147016 0.707107
0.635257 0.135028 0.760406
0.635257 0.135028 0.760406
0.574941 0.122207 0.809017
0.574941 0.122207 0.809017
0.511081 0.108634 0.852640
0.511081 0.108634 0.852640
0.444070 0.094390 0.891007
0.444070 0.094390 0.891007
0.374321 0.079564 0.923879
0.374321 0.079564 0.923879
0.302265 0.064248 0.951056
0.302265 0.064248 0.951056
0.228344 0.048536 0.972370
0.228344 0.048536 0.972370
0.153016 0.032525 0.987688
0.153016 0.032525 0.987688
0.076745 0.016313 0.996917
0.071676 0.031912 0.996917
0.063475 0.046117 0.996917
0.052499 0.058307 0.996917
0.039230 0.067948 0.996917
0.024245 0.074619 0.996917
0.008201 0.078029 0.996917
-0.008201 0.078029 0.996917
-0.024245 0.074619 0.996917
-0.039230 0.067948 0.996917
-0.052499 0.058307 0.996917
-0.063475 0.046117 0.996917
-0.071676 0.031912 0.996917
-0.076745 0.016313 0.996917
-0.078459 0.000000 0.996917
-0.076745 -0.016313 0.996917
-0.071676 -0.031912 0.996917
-0.063475 -0.046117 0.996917
-0.052499 -0.058306 0.996917
-0.039230 -0.067948 0.996917
-0.024245 -0.074619 0.996917
-0.008201 -0.078029 0.996917
0.008201 -0.078029 0.996917
0.024245 -0.074619 0.996917
0.039230 -0.067948 0.996917
0.052499 -0.058306 0.996917
0.063475 -0.046117 0.996917
0.071676 -0.031912 0.996917
0.076745 -0.016313 0.996917
0.078459 0.000000 0.996917
0.076745 0.016313 0.996917
0.000000 -0.000000 -1.000000
0.000000 -0.000000 -1.000000
0.000000 -0.000000 -1.000000
0.000000 -0.000000 -1.000000
0.000000 -0.000000 -1.000000
0.000000 -0.000000 -1.000000
0.000000 -0.000000 -1.000000
0.000000 -0.000000 -1.000000
0.000000 -0.000000 -1.000000
0.000000 -0.000000 -1.000000
0.000000 -0.000000 -1.000000
0.000000 -0.000000 -1.000000
0.000000 -0.000000 -1.000000
0.000000 -0.000000 -1.000000
0.000000 -0.000000 -1.000000
0.000000 -0.000000 -1.000000
0.000000 -0.000000 -1.000000
0.000000 -0.000000 -1.000000
0.000000 -0.000000 -1.000000
0.000000 -0.000000 -1.000000
0.000000 -0.000000 -1.000000
0.000000 -0.000000 -1.000000
0.000000 -0.000000 -1.000000
0.000000 -0.000000 -1.000000
0.000000 -0.000000 -1.000000
0.000000 -0.000000 -1.000000
0.000000 -0.000000 -1.000000
0.000000 -0.000000 -1.000000
0.000000 -0.000000 -1.000000
0.000000 -0.000000 -1.000000
0.000000 0.000000 1.000000
0.000000 0.000000 1.000000
0.000000 0.000000 1.000000
0.000000 0.000000 1.000000
0.000000 0.000000 1.000000
0.000000 0.000000 1.000000
0.000000 0.000000 1.000000
0.000000 0.000000 1.000000
0.000000 0.000000 1.000000
0.000000 0.000000 1.000000
0.000000 0.000000 1.000000
0.000000 0.000000 1.000000
0.000000 0.000000 1.000000
0.000000 0.000000 1.000000
0.000000 0.000000 1.000000
0.000000 0.000000 1.000000
0.000000 0.000000 1.000000
0.000000 0.000000 1.000000
0.000000 0.000000 1.000000
0.000000 0.000000 1.000000
0.000000 0.000000 1.000000
0.000000 0.000000 1.000000
0.000000 0.000000 1.000000
0.000000 0.000000 1.000000
0.000000 0.000000 1.000000
0.000000 0.000000 1.000000
0.000000 0.000000 1.000000
0.000000 0.000000 1.000000
0.000000 0.000000 1.000000
0.000000 0.000000 1.000000
45 47
46 48
87 89
88 90
35 37
36 38
97 99
98 100
49 51
50 52
83 85
84 86
0 1
31 32
103 105
104 135
53 55
54 56
79 81
80 82
3 137
3 138
107 167
107 168
1 136
31 165
105 166
135 195
0 33
32 34
101 103
102 104
2 136
2 137
106 166
106 167
5 139
5 140
109 169
109 170
33 35
34 36
99 101
100 102
7 141
7 142
111 171
111 172
51 53
52 54
81 83
82 84
4 138
4 139
108 168
108 169
8 142
8 143
112 172
112 173
6 140
6 141
110 170
110 171
9 143
9 144
113 173
113 174
10 144
10 145
114 174
114 175
43 45
44 46
89 91
90 92
57 59
58 60
75 77
76 78
12 146
12 147
116 176
116 177
11 145
11 146
115 175
115 176
13 147
13 148
117 177
117 178
61 63
62 64
71 73
72 74
122 182
122 183
18 152
18 153
121 181
121 182
17 151
17 152
14 148
14 149
118 178
118 179
15 149
15 150
119 179
119 180
39 41
40 42
93 95
94 96
120 180
120 181
16 150
16 151
124 184
124 185
20 154
20 155
123 183
123 184
19 153
19 154
47 49
48 50
85 87
86 88
59 61
60 62
73 75
74 76
63 65
64 66
69 71
70 72
126 186
126 187
22 156
22 157
37 39
38 40
95 97
96 98
125 185
125 186
21 155
21 156
127 187
127 188
23 157
23 158
41 43
42 44
91 93
92 94
128 188
128 189
24 158
24 159
129 189
129 190
25 159
25 160
132 192
132 193
28 162
28 163
131 191
131 192
27 161
27 162
55 57
56 58
77 79
78 80
130 190
130 191
26 160
26 161
30 164
30 165
134 194
134 195
133 193
133 194
29 163
29 164
67 69
68 70
65 67
66 68
