8436377964837185264 1034 600
0.621484 -0.538376 1.274094
0.547561 -0.557037 1.298113
0.518612 -0.557037 1.258268
0.496397 -0.557037 1.246949
0.447146 -0.557037 1.246949
0.424931 -0.557037 1.258268
0.395983 -0.557037 1.298113
0.392082 -0.557037 1.322739
0.395983 -0.557037 1.347364
0.424931 -0.557037 1.387209
0.447146 -0.557037 1.398528
0.496397 -0.557037 1.398528
0.518612 -0.557037 1.387209
0.547561 -0.557037 1.347364
0.551461 -0.557037 1.322739
0.547561 -0.557037 1.298113
0.691721 -0.507786 1.251273
0.756542 -0.466020 1.230211
0.814351 -0.414106 1.211428
0.863724 -0.353322 1.195385
0.863724 -0.353322 1.195385
0.903446 -0.285165 1.182479
0.932539 -0.211314 1.173026
0.950287 -0.133587 1.167260
0.950287 -0.133587 1.167260
0.956252 -0.053897 1.165322
0.950287 0.025792 1.167260
0.932539 0.103520 1.173026
0.903446 0.177371 1.182479
0.903446 0.177371 1.182479
0.863724 0.245528 1.195385
0.814351 0.306311 1.211428
0.756542 0.358226 1.230211
0.756542 0.358226 1.230211
0.691721 0.399992 1.251273
0.621484 0.430582 1.274094
0.547561 0.449243 1.298113
0.518612 0.449243 1.258268
0.496397 0.449243 1.246949
0.447146 0.449243 1.246949
0.424931 0.449243 1.258268
0.395983 0.449243 1.298113
0.392082 0.449243 1.322739
0.395983 0.449243 1.347364
0.424931 0.449243 1.387209
0.447146 0.449243 1.398528
0.496397 0.449243 1.398528
0.518612 0.449243 1.387209
0.547561 0.449243 1.347364
0.551461 0.449243 1.322739
0.471772 -0.563309 1.322739
0.471772 -0.563309 1.322739
0.471772 -0.563309 1.322739
0.471772 -0.563309 1.322739
0.471772 -0.563309 1.322739
0.471772 -0.563309 1.322739
0.471772 -0.563309 1.322739
0.471772 -0.563309 1.322739
0.471772 -0.563309 1.322739
0.471772 -0.563309 1.322739
0.471772 -0.563309 1.322739
0.471772 -0.563309 1.322739
0.471772 -0.563309 1.322739
0.471772 -0.563309 1.322739
0.471772 -0.563309 1.322739
0.471772 0.455515 1.322739
0.471772 0.455515 1.322739
0.471772 0.455515 1.322739
0.471772 0.455515 1.322739
0.471772 0.455515 1.322739
0.471772 0.455515 1.322739
0.471772 0.455515 1.322739
0.471772 0.455515 1.322739
0.471772 0.455515 1.322739
0.471772 0.455515 1.322739
0.471772 0.455515 1.322739
0.471772 0.455515 1.322739
0.471772 0.455515 1.322739
0.471772 0.455515 1.322739
0.581360 0.122711 1.277481
0.582283 0.121925 1.274403
0.570102 0.127805 1.268820
0.594149 0.113221 1.280010
0.556050 0.128115 1.241553
0.553943 0.118990 1.224557
0.553257 0.122258 1.230481
0.559201 0.121109 1.220295
0.600123 0.121031 1.274315
0.579642 0.137832 1.257123
0.570275 0.138176 1.242062
0.565697 0.133256 1.227293
0.566103 0.124322 1.215275
0.567627 0.137480 1.225121
0.568434 0.135040 1.225035
0.568315 0.131790 1.220245
0.567832 0.141040 1.241984
0.580519 0.144380 1.260234
0.574463 0.146115 1.259111
0.577003 0.148225 1.260538
0.606334 0.130090 1.273185
0.606820 0.131034 1.274485
0.540948 0.074648 1.316992
0.558903 0.090151 1.306195
0.530046 0.110306 1.254007
0.527511 0.105356 1.238298
0.527702 0.099389 1.228292
0.553898 0.102929 1.292270
0.564595 0.092762 1.301610
0.574675 0.092550 1.300223
0.564598 0.084127 1.306227
0.569035 0.088000 1.303556
0.544990 0.068450 1.318176
0.586412 0.143484 1.260988
0.602254 0.153993 1.250227
0.597370 0.159953 1.249301
0.593993 0.163815 1.249339
0.588170 0.159853 1.230898
0.591859 0.158025 1.229666
0.597987 0.160388 1.245279
0.586098 0.151910 1.215151
0.582746 0.155185 1.214885
0.581665 0.149806 1.216162
0.583623 0.148665 1.215792
0.619332 0.143022 1.265697
0.608494 0.149065 1.259431
0.609717 0.148182 1.257486
0.603491 0.153059 1.249504
0.609145 0.169492 1.227472
0.607805 0.169491 1.228877
0.592700 0.154965 1.207899
0.592802 0.144722 1.198527
0.582827 0.138662 1.201496
0.569327 0.124851 1.210579
0.535352 0.070274 1.317638
0.528167 0.081176 1.307661
0.510118 0.089583 1.278919
0.504567 0.088882 1.264540
0.489866 0.071112 1.254562
0.492110 0.075120 1.258454
0.487955 0.079919 1.258714
0.489517 0.072904 1.259514
0.485652 0.078113 1.259916
0.489871 0.064120 1.241787
0.474949 0.050394 1.246708
0.475904 0.048790 1.248360
0.532176 0.085551 1.214349
0.554522 0.049611 1.194319
0.545363 0.061063 1.198428
0.491998 0.060137 1.235516
0.487863 0.026933 1.223276
0.495844 0.016330 1.218019
0.507675 0.002949 1.214955
0.476927 0.046415 1.240026
0.482790 0.035333 1.231562
0.477770 0.044751 1.241478
0.466231 0.045898 1.263233
0.489138 0.026556 1.226337
0.508252 0.003567 1.218027
0.558536 -0.029651 1.240121
0.517823 -0.005941 1.214784
0.531003 0.010554 1.208449
0.541995 0.001618 1.210389
0.548644 -0.025586 1.232298
0.538248 -0.020388 1.224577
0.527071 -0.013049 1.219434
0.518096 -0.005442 1.217830
0.580507 -0.005144 1.233751
0.571548 -0.001416 1.220503
0.575282 -0.028425 1.271762
0.568470 -0.031253 1.255283
0.575232 -0.021879 1.286190
0.575813 -0.016719 1.300373
0.577210 -0.016992 1.301338
0.490263 0.005763 1.230227
0.488934 0.005896 1.227574
0.499085 -0.004826 1.228171
0.498047 -0.005470 1.225533
0.507182 -0.015229 1.225278
0.516205 -0.024187 1.227494
0.526086 -0.032900 1.232702
0.533624 -0.038957 1.239669
0.540281 -0.043511 1.248556
0.546328 -0.044624 1.265061
0.549555 -0.045199 1.280675
0.551454 -0.047836 1.281103
0.474082 0.031406 1.247541
0.471002 0.037753 1.255641
0.468586 0.038785 1.254223
0.466342 0.044305 1.264112
0.495001 0.064716 1.319594
0.473571 0.055426 1.316072
0.486803 0.066196 1.307921
0.487400 0.067885 1.308952
0.494578 0.066634 1.320094
0.504352 0.061026 1.328292
0.517514 0.055206 1.335915
0.517597 0.053371 1.334891
0.474150 0.049900 1.315210
0.472446 0.053472 1.316450
0.482924 0.046495 1.340382
0.490880 0.038242 1.349813
0.502345 0.080096 1.297737
0.501419 0.081238 1.298664
0.511361 0.078463 1.310056
0.510550 0.079611 1.311488
0.518715 0.076248 1.317451
0.530259 0.068027 1.320482
0.536312 0.063653 1.321914
0.536563 0.064354 1.323216
0.527359 0.045843 1.336370
0.478177 0.069817 1.302742
0.475447 0.067813 1.300716
0.480908 0.066506 1.302629
0.478557 0.063721 1.300790
0.499806 0.081761 1.294021
0.500586 0.082484 1.290738
0.497079 0.086534 1.290674
0.469123 0.050670 1.296392
0.467263 0.053237 1.296811
0.467738 0.055093 1.296467
0.468210 0.046783 1.275873
0.468216 0.049228 1.286106
0.472172 0.060740 1.281395
0.470806 0.056434 1.268095
0.465286 0.050220 1.274290
0.495188 0.084749 1.283330
0.547076 -0.042043 1.308630
0.543844 -0.039991 1.306237
0.550847 -0.046005 1.294878
0.473397 0.058943 1.267014
0.487776 0.073329 1.258865
0.472283 0.060362 1.265427
0.529069 -0.025426 1.328720
0.536738 -0.033699 1.318366
0.561720 0.009061 1.323157
0.588349 0.001762 1.293225
0.608886 0.024229 1.282672
0.595174 0.018360 1.208323
0.586432 0.023176 1.199767
0.577110 0.029349 1.195116
0.615751 0.025086 1.264165
0.611829 0.031998 1.278427
0.565081 0.038428 1.192889
0.631509 0.051780 1.266150
0.632318 0.059142 1.264578
0.599979 0.065157 1.178295
0.611011 0.068775 1.180392
0.594286 0.084455 1.180561
0.584198 0.096084 1.184561
0.576006 0.107326 1.191393
0.571048 0.117374 1.200745
0.584115 0.096559 1.182781
0.575774 0.107915 1.189622
0.589658 0.120377 1.185306
0.596563 0.109599 1.178488
0.584586 0.130671 1.193686
0.621121 0.082655 1.171647
0.647358 0.078872 1.252753
0.649185 0.078129 1.253494
0.651166 0.070268 1.243048
0.650218 0.063065 1.229397
0.647364 0.057822 1.216183
0.640889 0.054027 1.200163
0.631318 0.055585 1.188275
0.630216 0.056646 1.189287
0.621262 0.061048 1.183127
0.633062 0.073668 1.174644
0.652915 0.066504 1.193180
0.659315 0.070357 1.209140
0.663000 0.083768 1.237828
0.661293 0.091209 1.247533
0.538225 0.036245 1.335066
0.548239 0.026716 1.332977
0.555434 0.018795 1.329895
0.527510 -0.013224 1.343503
0.555434 0.018795 1.329895
0.514667 -0.000994 1.350267
0.523999 -0.015425 1.343567
0.523999 -0.015425 1.343567
0.521325 -0.014721 1.338545
0.607412 0.097963 1.175713
0.621573 0.084183 1.173378
0.597941 0.109432 1.180018
0.590108 0.117939 1.189493
0.586833 0.129280 1.194341
0.629261 0.093764 1.170808
0.617166 0.106807 1.175215
0.607771 0.117155 1.179906
0.602105 0.126690 1.185254
0.643689 0.087022 1.172020
0.633518 0.075087 1.176133
0.643053 0.070095 1.182094
0.652010 0.068443 1.192865
0.678018 0.096054 1.191847
0.658240 0.072274 1.208778
0.661726 0.084936 1.235776
0.685987 0.105327 1.201551
0.660135 0.092333 1.245755
0.690368 0.127366 1.218552
0.687784 0.138467 1.224888
0.642139 0.120791 1.264893
0.642643 0.120902 1.266956
0.650089 0.111191 1.261487
0.656882 0.100916 1.257088
0.656005 0.102113 1.255501
0.650681 0.110270 1.263559
0.650089 0.111191 1.261487
0.682831 0.149345 1.228422
0.666901 0.130251 1.245442
0.682798 0.148433 1.229928
0.673047 0.160351 1.233102
0.682831 0.149345 1.228422
0.631830 0.131944 1.268123
0.647343 0.171204 1.238267
0.659921 0.166753 1.237600
0.647485 0.171513 1.236376
0.620003 0.172997 1.234745
0.620508 0.172675 1.232816
0.632002 0.173713 1.235751
0.597127 0.152938 1.208106
0.601969 0.161969 1.218282
0.596601 0.144158 1.199496
0.598968 0.135840 1.193744
0.609680 0.116639 1.182956
0.618418 0.106761 1.179643
0.631455 0.096423 1.177018
0.641889 0.091079 1.177336
0.664363 0.090997 1.184142
0.675069 0.097634 1.192916
0.687991 0.117045 1.208622
0.688608 0.128777 1.215931
0.681044 0.149386 1.227610
0.681044 0.149386 1.227610
0.672092 0.159468 1.231898
0.646644 0.170064 1.234899
0.631848 0.171520 1.234009
0.482769 0.015749 1.234642
0.490263 0.005763 1.230227
0.499085 -0.004826 1.228171
0.507508 -0.014374 1.228451
0.515925 -0.023454 1.230559
0.525586 -0.031626 1.236106
0.538899 -0.041180 1.250284
0.546328 -0.044624 1.265061
0.477206 0.025278 1.241596
0.474082 0.031406 1.247541
0.469055 0.042974 1.265353
0.474150 0.049900 1.315210
0.497775 0.024305 1.351803
0.469123 0.050670 1.296392
0.468210 0.046783 1.275873
0.548662 -0.044302 1.293277
0.543844 -0.039991 1.306237
0.536738 -0.033699 1.318366
0.529069 -0.025426 1.328720
0.513726 -0.001566 1.346419
0.505610 0.012427 1.350834
0.521325 -0.014721 1.338545
0.609888 0.167774 1.226550
0.598968 0.135840 1.193744
0.618418 0.106761 1.179643
0.609680 0.116639 1.182956
0.603672 0.125785 1.187397
0.654515 0.089082 1.179416
0.664363 0.090997 1.184142
0.675069 0.097634 1.192916
0.683476 0.106946 1.201484
0.688608 0.128777 1.215931
0.685832 0.139920 1.222581
0.672092 0.159468 1.231898
0.660072 0.166394 1.234265
0.620799 0.170806 1.231792
0.631848 0.171520 1.234009
0.671887 0.194723 1.239484
0.670155 0.185302 1.245705
0.670155 0.185302 1.245705
0.655252 0.193649 1.244925
0.656857 0.194589 1.239534
0.655975 0.195551 1.233257
0.670097 0.196793 1.229356
0.656143 0.191570 1.228364
0.644654 0.193970 1.226574
0.644592 0.190308 1.225662
0.669344 0.193213 1.224282
0.676235 0.191187 1.222964
0.656918 0.187142 1.227666
0.668188 0.189659 1.223295
0.673539 0.187538 1.222531
0.628524 0.164390 1.246696
0.638747 0.160487 1.249643
0.635741 0.192461 1.221570
0.634992 0.196161 1.221925
0.631297 0.200555 1.224666
0.615784 0.191647 1.203226
0.685235 0.184378 1.221354
0.695236 0.174861 1.217199
0.699036 0.176017 1.221637
0.691913 0.171873 1.217039
0.699620 0.162305 1.211103
0.640234 0.199206 1.236059
0.626909 0.201606 1.228850
0.613797 0.192858 1.208542
0.699819 0.173610 1.227528
0.708067 0.164827 1.214697
0.709587 0.161479 1.219969
0.715529 0.151220 1.212002
0.716258 0.128075 1.209487
0.717378 0.148844 1.214876
0.684004 0.144874 1.254088
0.656916 0.167367 1.261324
0.683006 0.175973 1.243756
0.716852 0.148013 1.209098
0.712693 0.134143 1.200588
0.704204 0.154390 1.204957
0.641338 0.174993 1.260537
0.656916 0.167367 1.261324
0.639152 0.170485 1.259605
0.653594 0.162644 1.260904
0.667429 0.152573 1.258989
0.663965 0.148461 1.257394
0.613350 0.179695 1.246664
0.612239 0.177781 1.248156
0.638085 0.198916 1.240937
0.626580 0.180604 1.255838
0.625611 0.199606 1.230528
0.624550 0.195755 1.229539
0.614511 0.179450 1.242753
0.612549 0.191040 1.209889
0.703020 0.137232 1.201136
0.705452 0.149152 1.201684
0.707034 0.136445 1.199036
0.704204 0.154390 1.204957
0.683832 0.117748 1.231160
0.686424 0.108929 1.222247
0.705452 0.149152 1.201684
0.705970 0.127657 1.191339
0.686402 0.101799 1.213439
0.703798 0.121754 1.182389
0.686401 0.115231 1.162471
0.711440 0.124269 1.191434
0.713976 0.119465 1.193692
0.710076 0.111667 1.181062
0.715593 0.115162 1.196325
0.687432 0.114163 1.162059
0.701386 0.119294 1.235764
0.616708 0.190598 1.202517
0.599585 0.162776 1.225055
0.602500 0.162851 1.224512
0.635741 0.192461 1.221570
0.618219 0.188377 1.203825
0.694850 0.092607 1.196640
0.704892 0.108913 1.183428
0.696598 0.089669 1.198829
0.708859 0.109581 1.182694
0.689352 0.107971 1.165797
0.677013 0.087962 1.181989
0.676086 0.086368 1.183473
0.690427 0.088743 1.203807
0.693775 0.095528 1.214725
0.699370 0.095476 1.212801
0.699952 0.096433 1.212039
0.694314 0.132001 1.246030
0.684622 0.126122 1.245524
0.675405 0.137641 1.252735
0.699735 0.104969 1.224793
0.696435 0.116315 1.236287
0.688294 0.106434 1.224142
0.685546 0.115793 1.233604
0.690555 0.109836 1.164485
0.687432 0.114163 1.162059
0.660843 0.146441 1.249098
0.649957 0.154380 1.250624
0.678436 0.127415 1.238989
0.683832 0.117748 1.231160
0.686424 0.108929 1.222247
0.661255 0.146121 1.252571
0.649732 0.154522 1.254183
0.637833 0.161002 1.253137
0.628524 0.164390 1.246696
0.700582 0.122341 1.184311
0.684582 0.096352 1.205369
0.669670 0.090212 1.185915
0.669670 0.090212 1.185915
0.685389 0.115740 1.165229
0.685389 0.115740 1.165229
0.669278 0.087409 1.185009
0.686401 0.115231 1.162471
0.670384 0.086418 1.184508
0.599585 0.162776 1.225055
0.617236 0.167326 1.245292
0.598739 0.163901 1.225677
0.613604 0.171820 1.247951
0.619737 0.166477 1.242629
0.602500 0.162851 1.224512
0.625352 0.175520 1.255333
0.709728 0.111260 1.184563
0.639858 0.171446 1.258805
0.690274 0.129672 1.245375
0.697088 0.117406 1.235447
0.700340 0.106039 1.224051
0.626136 0.176768 1.254317
0.712767 0.109065 1.186189
0.701757 0.090544 1.201189
0.714900 0.131804 1.206172
0.714222 0.130605 1.207004
0.714222 0.130605 1.207004
0.713324 0.118393 1.194545
0.627563 0.201209 1.235497
0.716852 0.148013 1.209098
0.670124 0.195997 1.235211
0.656066 0.193512 1.240430
0.715529 0.151220 1.212002
0.680380 0.142038 1.253118
0.699819 0.173610 1.227528
0.687740 0.185081 1.232497
0.700830 0.172461 1.231451
0.688280 0.184468 1.236799
0.654281 0.163698 1.260044
0.639858 0.171446 1.258805
0.641338 0.174993 1.260537
0.626580 0.180604 1.255838
0.713324 0.118393 1.194545
0.704077 0.096330 1.211430
0.700340 0.106039 1.224051
0.704502 0.106716 1.224216
0.697088 0.117406 1.235447
0.701386 0.119294 1.235764
0.694314 0.132001 1.246030
0.709587 0.161479 1.219969
0.711073 0.159948 1.223540
0.690274 0.129672 1.245375
0.709728 0.111260 1.184563
0.697061 0.090639 1.201164
0.701757 0.090544 1.201189
0.709728 0.111260 1.184563
0.712767 0.109065 1.186189
0.615318 0.179244 1.247842
0.627817 0.199546 1.231363
0.627563 0.201209 1.235497
0.626136 0.176768 1.254317
0.627817 0.199546 1.231363
0.688280 0.184468 1.236799
0.687373 0.111119 1.168307
0.671887 0.115275 1.160673
0.686099 0.114208 1.170855
0.658884 0.125270 1.160910
0.657969 0.123074 1.157795
0.646199 0.135770 1.163516
0.644709 0.102695 1.175154
0.658158 0.096423 1.178457
0.634751 0.147567 1.169402
0.625404 0.159361 1.177351
0.673333 0.093624 1.186929
0.634751 0.147567 1.169402
0.625404 0.159361 1.177351
0.622250 0.158979 1.174764
0.615486 0.170885 1.185034
0.617820 0.178977 1.198010
0.618905 0.170297 1.186638
0.617820 0.178977 1.198010
0.617825 0.189074 1.211382
0.621349 0.186943 1.211164
0.615615 0.123516 1.178154
0.643824 0.100519 1.172103
0.658601 0.093626 1.175648
0.658158 0.096423 1.178457
0.644709 0.102695 1.175154
0.631012 0.112755 1.176539
0.618319 0.124492 1.181102
0.605730 0.136520 1.186852
0.599791 0.149209 1.198518
0.602925 0.157853 1.212130
0.607418 0.166012 1.226033
0.603935 0.168155 1.226300
0.548497 -0.038986 1.368735
0.547465 -0.038687 1.369316
0.545544 -0.039570 1.366881
0.545544 -0.039570 1.366881
0.544200 -0.042870 1.364574
0.543020 -0.042729 1.362743
0.541814 -0.042253 1.363253
0.547465 -0.038687 1.369316
0.548497 -0.038986 1.368735
0.549799 -0.033931 1.369818
0.551209 -0.034374 1.369045
0.551375 -0.032160 1.367974
0.549939 -0.031879 1.368708
0.551209 -0.034374 1.369045
0.549939 -0.031879 1.368708
0.548732 -0.030600 1.365820
0.550255 -0.030701 1.365269
0.549957 -0.028071 1.367098
0.551310 -0.028196 1.366302
0.518566 0.011197 1.381968
0.518749 0.011322 1.384907
0.518686 0.012720 1.384936
0.517156 0.011122 1.386803
0.517055 0.012580 1.386833
0.512103 0.010206 1.387707
0.517156 0.011122 1.386803
0.511899 0.011622 1.387658
0.517055 0.012580 1.386833
0.509857 0.009793 1.385499
0.509633 0.010940 1.385401
0.505933 0.009048 1.384769
0.505785 0.010515 1.384738
0.504721 0.010176 1.382669
0.504839 0.008900 1.382743
0.534525 -0.011094 1.376731
0.548732 -0.030600 1.365820
0.550255 -0.030701 1.365269
0.534128 -0.010823 1.373599
0.518566 0.011197 1.381968
0.521733 0.011469 1.381934
0.518555 0.012526 1.382003
0.521586 0.012696 1.381788
0.536197 -0.008868 1.374626
0.528244 -0.015595 1.376728
0.512103 0.010206 1.387707
0.530031 -0.014976 1.378798
0.528244 -0.015595 1.376728
0.525362 -0.017268 1.375726
0.566362 -0.029419 1.357147
0.563887 -0.029954 1.355216
0.567963 -0.024990 1.357875
0.569118 -0.025193 1.356530
0.568873 -0.023372 1.355977
0.566362 -0.029419 1.357147
0.567137 -0.029436 1.356121
0.568873 -0.023372 1.355977
0.566337 -0.021278 1.353648
0.567805 -0.023185 1.357168
0.565077 -0.020850 1.354373
0.562478 -0.020963 1.359398
0.567805 -0.023185 1.357168
0.567963 -0.024990 1.357875
0.567486 -0.031207 1.353298
0.562016 -0.032726 1.352692
0.561347 -0.032713 1.353832
0.560006 -0.032277 1.352640
0.560888 -0.032526 1.351448
0.561394 -0.041573 1.333441
0.563149 -0.042735 1.334192
0.573431 -0.038366 1.334933
0.573306 -0.036012 1.335261
0.569947 -0.027131 1.350238
0.567205 0.002604 1.351516
0.566422 0.002206 1.355515
0.569312 -0.024832 1.351190
0.569875 -0.042589 1.334764
0.567326 -0.042912 1.334391
0.571219 -0.034601 1.336182
0.570122 -0.026274 1.349166
0.570122 -0.026274 1.349166
0.594074 -0.011718 1.316712
0.595576 -0.013347 1.317174
0.573306 -0.036012 1.335261
0.596386 -0.015015 1.316272
0.595576 -0.013347 1.317174
0.594803 0.001152 1.335193
0.571652 -0.034563 1.334788
0.571219 -0.034601 1.336182
0.594074 -0.011718 1.316712
0.595715 0.004195 1.337949
0.558790 0.014346 1.355987
0.550234 0.026625 1.361036
0.527797 0.026476 1.374560
0.550080 0.024743 1.364046
0.529587 0.024278 1.376475
0.612581 0.024519 1.323783
0.575413 0.074693 1.341277
0.556125 0.057672 1.356663
0.552519 0.058566 1.355753
0.624149 0.105985 1.300566
0.623180 0.108316 1.297572
0.629265 0.043706 1.305406
0.644394 0.078950 1.290892
0.645045 0.078567 1.286858
0.634224 0.092610 1.295842
0.645518 0.081738 1.288577
0.627049 0.107651 1.298148
0.660134 0.095091 1.271015
0.675572 0.109382 1.252122
0.650500 0.144106 1.265410
0.648918 0.146724 1.262920
0.663433 0.127680 1.259515
0.524306 0.036406 1.372919
0.538227 0.046086 1.365532
0.529028 0.031857 1.376621
0.529292 0.030808 1.377036
0.529307 0.029940 1.372881
0.529255 0.028906 1.373001
0.529307 0.029940 1.372881
0.524251 0.036587 1.374399
0.525781 0.035187 1.375166
0.524306 0.036406 1.372919
0.525717 0.034951 1.373594
0.527845 0.028059 1.378541
0.527687 0.032209 1.378065
0.527839 0.031073 1.378651
0.523415 0.030458 1.379662
0.526600 0.028358 1.379899
0.520993 0.029970 1.377007
0.521054 0.028923 1.377510
0.509633 0.010940 1.385401
0.520993 0.029970 1.377007
0.517508 0.028975 1.376280
0.502769 0.039728 1.363605
0.502825 0.041445 1.365213
0.505351 0.046243 1.367942
0.505366 0.047480 1.366611
0.503811 0.045268 1.366788
0.503811 0.045268 1.366788
0.503999 0.045912 1.365101
0.510771 0.047880 1.367851
0.510940 0.046789 1.368686
0.513669 0.046278 1.364884
0.512760 0.047568 1.366817
0.513552 0.045256 1.365668
0.513028 0.046264 1.367694
0.524251 0.036587 1.374399
0.523213 0.036471 1.375952
0.522179 0.055530 1.358010
0.513552 0.045256 1.365668
0.522179 0.055530 1.358010
0.535576 0.069140 1.347237
0.535576 0.069140 1.347237
0.535263 0.070662 1.348471
0.521878 0.057025 1.359309
0.512760 0.047568 1.366817
0.520492 0.058587 1.359552
0.517491 0.060203 1.357169
0.533821 0.072213 1.348796
0.530719 0.074183 1.346126
0.530054 0.074002 1.344344
0.516715 0.059951 1.355375
0.518079 0.055968 1.348965
0.530979 0.069248 1.338450
0.523092 0.031532 1.378999
0.527687 0.032209 1.378065
0.524750 0.035083 1.376716
0.519342 0.031697 1.375829
0.520813 0.034276 1.377510
0.520813 0.034276 1.377510
0.519342 0.031697 1.375829
0.505351 0.046243 1.367942
0.504321 0.041166 1.359581
0.504303 0.040122 1.360424
0.536826 -0.042443 1.362250
0.524186 -0.017070 1.373027
0.541814 -0.042253 1.363253
0.504839 0.008900 1.382743
0.502128 0.006227 1.380095
0.504721 0.010176 1.382669
0.560006 -0.032277 1.352640
0.552842 -0.047391 1.332915
0.560888 -0.032526 1.351448
0.561394 -0.041573 1.333441
0.516890 0.027736 1.375252
0.495981 0.030853 1.365977
0.504721 0.010176 1.382669
0.502128 0.006227 1.380095
0.543020 -0.042729 1.362743
0.550183 -0.047612 1.331640
0.536008 -0.041907 1.361055
0.501865 0.005613 1.378871
0.502598 0.004274 1.378864
0.501865 0.005613 1.378871
0.519049 -0.019175 1.370004
0.536053 -0.040173 1.358654
0.537052 -0.040734 1.356938
0.502666 0.006292 1.375893
0.502666 0.006292 1.375893
0.536946 -0.042568 1.359636
0.537052 -0.040734 1.356938
0.568394 -0.043421 1.332765
0.568394 -0.043421 1.332765
0.561623 -0.038743 1.329630
0.595949 -0.017020 1.312612
0.594652 -0.017029 1.310932
0.595949 -0.017020 1.312612
0.594652 -0.017029 1.310932
0.556258 -0.047485 1.302561
0.557609 -0.049057 1.302938
0.555433 -0.048345 1.303520
0.556918 -0.049847 1.304250
0.559903 -0.049726 1.305898
0.560638 -0.049002 1.304626
0.586375 -0.022489 1.286778
0.584524 -0.022047 1.284523
0.555545 -0.044743 1.303786
0.554766 -0.045345 1.304857
0.630082 0.029018 1.282617
0.612720 0.009375 1.300736
0.678378 0.104888 1.248051
0.678592 0.102397 1.246084
0.675896 0.080957 1.229653
0.675334 0.078648 1.227213
0.675347 0.083714 1.229404
0.615994 0.005359 1.299528
0.615013 0.007228 1.300424
0.612720 0.009375 1.300736
0.615013 0.007228 1.300424
0.633575 0.025136 1.282297
0.632706 0.026663 1.283302
0.650938 0.050517 1.262151
0.664635 0.068527 1.244815
0.664984 0.064290 1.240625
0.675334 0.078648 1.227213
0.672886 0.079743 1.224417
0.664984 0.064290 1.240625
0.650411 0.046386 1.255911
0.651807 0.046562 1.257296
0.632642 0.022465 1.278797
0.630937 0.022007 1.277552
0.632642 0.022465 1.278797
0.615388 0.003077 1.295330
0.630937 0.022007 1.277552
0.615388 0.003077 1.295330
0.664635 0.068527 1.244815
0.663448 0.069196 1.244803
0.650938 0.050517 1.262151
0.675347 0.083714 1.229404
0.675347 0.083714 1.229404
0.677776 0.104634 1.244507
0.673310 0.085990 1.225131
0.648695 0.146758 1.261127
0.646188 0.149534 1.264920
0.646159 0.149617 1.261778
0.644781 0.150510 1.261556
0.571989 0.105889 1.313382
0.554658 0.088140 1.330322
0.554387 0.090790 1.332095
0.571932 0.108946 1.315273
0.570231 0.110577 1.315689
0.571932 0.108946 1.315273
0.571989 0.105889 1.313382
0.549568 0.094148 1.329908
0.570231 0.110577 1.315689
0.553115 0.092688 1.332091
0.565724 0.111773 1.311567
0.548692 0.093938 1.328023
0.565724 0.111773 1.311567
0.593935 0.129125 1.289832
0.592160 0.132855 1.292133
0.570231 0.110577 1.315689
0.593389 0.131024 1.291969
0.593935 0.129125 1.289832
0.592160 0.132855 1.292133
0.587381 0.133791 1.288565
0.587381 0.133791 1.288565
0.614729 0.161595 1.258640
0.615008 0.162015 1.255800
0.620510 0.159554 1.257424
0.600574 0.147340 1.272885
0.601208 0.147581 1.275041
0.606729 0.144718 1.275993
0.618274 0.160465 1.260001
0.620510 0.159554 1.257424
0.604741 0.146196 1.276922
0.606774 0.143288 1.275052
0.620510 0.159554 1.257424
0.600574 0.147340 1.272885
0.615008 0.162015 1.255800
0.630937 0.022007 1.277552
0.613826 0.002941 1.294005
0.623246 0.025989 1.275371
0.657920 0.066854 1.237611
0.643263 0.049371 1.254302
0.672886 0.079743 1.224417
0.669002 0.082165 1.223134
0.666797 0.076175 1.217157
0.666199 0.075147 1.217007
0.665128 0.077100 1.214047
0.664604 0.076121 1.214056
0.655368 0.059770 1.228485
0.653505 0.059930 1.226111
0.669002 0.082165 1.223134
0.668234 0.085276 1.220840
0.641255 0.041831 1.241269
0.620621 0.016653 1.259374
0.602842 -0.004139 1.274004
0.606121 0.006495 1.292661
0.623246 0.025989 1.275371
0.605790 0.159196 1.248075
0.606779 0.159429 1.247860
0.606272 0.159002 1.244529
0.614537 0.157104 1.251288
0.590147 0.146311 1.262740
0.575271 0.133608 1.275405
0.551522 0.112900 1.295050
0.533007 0.096584 1.309659
0.549940 0.089055 1.321445
0.530979 0.069248 1.338450
0.518079 0.055968 1.348965
0.485962 0.052697 1.344343
0.486247 0.053813 1.343260
0.491986 0.039689 1.358274
0.504303 0.040122 1.360424
0.484332 0.051522 1.342221
0.512170 0.078139 1.322289
0.531963 0.095949 1.307144
0.573994 0.132906 1.273016
0.550341 0.112190 1.292415
0.668234 0.085276 1.220840
0.671160 0.086710 1.224109
0.616616 0.160106 1.251102
0.621810 0.159109 1.253518
0.614537 0.157104 1.251288
0.616282 0.157312 1.249368
0.606779 0.159429 1.247860
0.606272 0.159002 1.244529
0.616467 0.156716 1.247108
0.621840 0.156817 1.251444
0.622118 0.155293 1.249745
0.641719 0.146411 1.257964
0.622118 0.155293 1.249745
0.670949 0.106788 1.245540
0.676077 0.106187 1.244325
0.672340 0.104490 1.244024
0.663406 0.078455 1.213923
0.662141 0.077249 1.214044
0.670949 0.106788 1.245540
0.672340 0.104490 1.244024
0.670033 0.106253 1.242594
0.656847 0.124767 1.249404
0.658215 0.125528 1.251302
0.641719 0.146411 1.257964
0.643133 0.145289 1.258125
0.605051 0.157091 1.243602
0.605974 0.157231 1.243247
0.663406 0.078455 1.213923
0.616282 0.017990 1.256912
0.598767 -0.002239 1.271433
0.500759 0.005133 1.371063
0.516505 -0.018390 1.364789
0.533514 -0.039112 1.356297
0.535708 -0.039858 1.354186
0.500759 0.005133 1.371063
0.492552 0.036109 1.352566
0.485388 0.050876 1.339320
0.484691 0.049856 1.340513
0.487396 0.048440 1.339432
0.488490 0.044663 1.335889
0.512549 0.076361 1.320459
0.532528 0.094221 1.305278
0.497538 0.062624 1.331247
0.514707 0.074248 1.319973
0.534632 0.092380 1.304713
0.513455 0.067964 1.315968
0.498632 0.055332 1.326918
0.500936 0.051890 1.326203
0.492401 0.044491 1.331693
0.490425 0.041644 1.334402
0.574432 0.131417 1.271146
0.589574 0.143809 1.258102
0.576345 0.129413 1.270447
0.591286 0.141916 1.257676
0.606774 0.154034 1.243801
0.605733 0.154107 1.244009
0.640636 0.141683 1.256214
0.639160 0.143315 1.256241
0.621332 0.150209 1.248432
0.614886 0.152125 1.245985
0.667864 0.103709 1.241689
0.667571 0.105049 1.242393
0.660060 0.077640 1.216063
0.660552 0.078779 1.215749
0.663317 0.085998 1.221232
0.660552 0.078779 1.215749
0.597498 -0.000679 1.272672
0.615330 0.020206 1.257810
0.590214 0.137788 1.253861
0.575611 0.125256 1.266691
0.591601 0.134168 1.252729
0.577710 0.121856 1.265037
0.608143 0.149717 1.240884
0.608712 0.145625 1.240108
0.634366 0.138888 1.249694
0.636547 0.137263 1.250014
0.621086 0.144509 1.243015
0.614905 0.146121 1.240703
0.608712 0.145625 1.240108
0.608143 0.149717 1.240884
0.648140 0.121069 1.243581
0.663875 0.104267 1.237486
0.663503 0.106186 1.239005
0.659927 0.103240 1.236638
0.655529 0.090881 1.222124
0.656993 0.082251 1.216004
0.653122 0.084022 1.216956
0.656993 0.082251 1.216004
0.653122 0.084022 1.216956
0.631011 0.047297 1.238316
0.646329 0.065915 1.224527
0.611112 0.022515 1.256240
0.593313 0.002195 1.270872
0.576654 -0.015880 1.283694
0.550674 -0.042471 1.304591
0.542692 -0.037750 1.325195
0.544693 -0.041819 1.327481
0.493115 0.032106 1.344998
0.496257 0.024102 1.352727
0.501815 0.003571 1.367378
0.514955 -0.017590 1.360042
0.532480 -0.037352 1.350168
0.535708 -0.039858 1.354186
0.493115 0.032106 1.344998
0.500936 0.051890 1.326203
0.492401 0.044491 1.331693
0.496257 0.024102 1.352727
0.529906 0.035617 1.344659
0.501198 0.005635 1.366758
0.514955 -0.017590 1.360042
0.530711 -0.036925 1.352587
0.559925 -0.011450 1.328932
0.532480 -0.037352 1.350168
0.550772 -0.037175 1.301427
0.548681 -0.038765 1.304096
0.515779 0.065021 1.315922
0.537028 0.084352 1.299610
0.604685 0.040338 1.293317
0.608355 0.026296 1.256696
0.591601 0.134168 1.252729
0.636996 0.080237 1.261039
0.627757 0.050497 1.239735
0.642116 0.069317 1.226417
0.659927 0.103240 1.236638
0.634366 0.138888 1.249694
0.605621 0.144771 1.240950
0.614905 0.146121 1.240703
0.621086 0.144509 1.243015
0.650808 0.080592 1.217653
0.655529 0.090881 1.222124
0 1
35 36
36 65
1 50
15 64
37 66
2 51
38 67
3 52
22 23
31 32
4 53
39 68
18 19
7 56
42 71
5 54
40 69
6 55
8 57
41 70
43 72
27 28
10 59
45 74
9 58
44 73
16 17
33 34
20 21
29 30
48 77
13 62
46 75
11 60
47 76
12 61
49 78
14 63
24 25
25 26
1021 1024
1011 1012
274 275
1015 1016
775 779
776 781
675 677
783 789
830 843
836 847
445 446
844 845
840 850
842 849
811 814
643 657
866 868
879 880
902 903
660 662
804 821
644 658
655 656
482 483
1022 1025
604 621
749 751
1019 1020
658 800
778 818
780 816
654 801
892 893
727 832
618 619
646 659
733 837
792 793
726 831
734 841
755 762
799 803
802 804
970 971
882 883
576 617
577 620
947 948
575 619
944 945
995 996
900 901
864 865
932 933
878 923
306 308
766 768
670 671
663 669
764 768
838 839
890 891
805 806
819 821
905 918
763 785
681 682
867 868
593 611
935 936
490 491
392 393
109 111
993 994
788 881
996 997
807 812
860 861
824 825
437 438
488 489
375 415
588 608
999 1005
862 863
679 681
501 502
875 879
101 102
1013 1014
613 616
1003 1004
452 455
453 454
926 928
441 468
98 115
851 855
448 449
479 483
492 493
480 481
846 856
195 208
850 854
820 822
667 668
848 859
633 647
924 925
998 1000
954 955
425 427
600 700
574 622
888 889
956 957
172 235
450 451
682 685
972 973
874 876
915 916
703 704
578 638
758 760
949 950
974 975
706 708
587 635
797 810
872 875
722 725
724 726
730 732
636 649
112 113
742 745
585 634
672 687
713 735
736 737
893 894
230 231
118 128
1023 1029
637 642
979 984
190 219
198 218
756 757
105 145
710 731
280 281
987 988
1027 1033
197 217
347 349
100 123
95 97
939 942
940 946
562 569
406 442
276 277
376 422
408 461
569 570
715 743
158 169
515 516
168 169
567 568
444 461
526 527
88 89
676 678
512 530
267 268
549 552
377 399
116 120
292 294
504 521
106 107
547 553
673 678
513 514
409 519
440 505
402 404
417 418
497 498
555 556
355 357
550 551
553 554
342 343
117 119
571 572
1026 1032
563 564
714 730
545 547
103 104
194 196
503 508
464 465
522 524
414 423
519 520
133 134
523 525
166 167
462 463
419 463
517 518
240 241
89 90
543 546
285 289
645 651
396 403
182 183
247 248
978 980
1028 1031
202 204
664 665
557 561
551 558
80 82
686 723
695 718
251 252
315 318
293 296
301 312
259 260
651 652
653 661
310 311
407 529
135 136
227 233
496 500
460 499
201 203
327 328
262 263
399 400
232 233
353 354
416 494
459 464
256 266
239 242
146 147
548 549
565 566
509 510
365 366
728 729
646 664
421 494
170 171
79 81
615 668
592 633
282 283
334 335
199 200
226 228
286 287
174 176
378 379
249 250
209 271
953 1001
253 254
260 261
351 352
319 320
394 395
297 304
475 476
558 559
189 191
160 161
511 528
149 150
348 356
178 179
332 333
291 292
369 370
222 223
128 316
162 163
173 175
184 228
123 124
129 130
329 330
340 341
397 398
323 324
360 361
476 477
466 467
470 471
472 473
412 439
151 159
234 275
176 177
313 314
157 165
192 193
457 458
367 368
336 337
237 238
298 299
253 284
127 317
303 305
300 302
536 539
83 85
432 433
473 474
389 471
359 362
495 506
521 531
338 339
951 952
1008 1009
295 297
897 898
358 371
132 250
759 897
269 270
385 386
287 288
290 291
410 541
428 429
442 501
422 507
153 156
180 181
179 180
155 224
164 165
380 381
245 246
430 435
325 326
264 265
1001 1002
1007 1010
187 188
373 374
82 87
433 436
388 389
131 255
371 372
125 126
346 350
272 273
363 364
381 391
435 437
185 186
204 205
220 221
217 221
321 322
382 390
478 492
968 969
236 241
86 91
344 345
885 887
144 154
143 152
108 110
216 225
142 148
206 207
243 244
383 384
962 963
84 86
823 869
1030 1031
140 141
912 914
413 429
431 434
852 853
981 982
690 696
96 112
468 469
906 907
386 387
393 401
456 487
93 94
278 279
91 132
760 761
215 216
141 230
771 934
772 938
942 943
137 140
211 213
114 115
748 750
626 648
791 998
688 694
641 777
738 739
532 533
631 632
405 411
507 540
537 538
684 827
989 990
991 992
739 740
708 712
976 977
982 983
542 544
119 122
560 561
424 425
572 573
451 453
534 535
420 426
212 213
629 630
674 680
210 211
683 684
870 904
877 878
826 828
808 809
223 229
1017 1018
871 873
677 679
138 140
665 667
857 858
689 697
214 215
666 668
931 969
910 911
930 958
773 774
699 701
770 937
774 1006
622 623
794 795
139 141
917 919
922 923
484 486
446 447
796 798
702 741
705 744
648 652
908 909
401 427
92 93
716 717
985 986
899 941
833 834
835 845
455 456
707 708
605 606
913 914
121 122
693 694
886 930
960 961
813 814
815 817
709 711
257 258
769 770
650 775
307 331
634 635
625 626
720 721
712 713
927 928
624 625
309 311
920 921
171 172
99 100
583 584
828 829
786 787
585 586
589 590
609 610
717 719
895 896
591 592
485 487
964 965
438 443
782 784
639 640
754 756
596 597
599 601
790 791
598 600
594 595
752 765
761 767
579 580
746 747
612 614
637 638
698 699
627 628
606 607
751 753
966 967
581 582
602 603
958 959
691 692
884 885
929 930
