16585883345578433598 921 2391
0.121559 -0.022590 0.382251
0.098919 -0.049868 0.355055
0.108713 -0.051177 0.317048
0.143471 -0.058066 0.168295
0.174080 -0.036753 0.152919
0.133145 -0.055344 0.221069
0.151254 -0.043265 0.101296
0.167107 -0.021181 0.093966
0.177816 -0.022032 0.103297
0.120296 -0.052837 0.272390
0.146510 0.006087 0.409851
0.215521 -0.035612 0.383246
0.191716 0.006234 0.414159
0.207824 -0.037897 0.152543
0.232519 -0.082256 0.218736
0.234509 -0.080021 0.270216
0.175650 -0.030788 0.127484
0.198291 -0.023973 0.104144
0.230558 -0.084784 0.162898
0.219223 -0.025697 0.103919
0.212690 -0.033593 0.127126
0.219223 -0.025697 0.103919
0.237937 -0.059597 0.102003
0.227771 -0.030667 0.094553
0.172545 -0.023343 0.130165
0.168099 -0.022645 0.185938
0.174217 -0.028976 0.153347
0.163506 -0.013207 0.244303
0.154709 -0.001964 0.299387
0.236269 -0.077511 0.314727
0.141579 0.010437 0.408820
0.147417 0.013093 0.404033
0.234509 -0.080021 0.270216
0.240313 -0.075295 0.314284
0.236269 -0.077511 0.314727
0.240651 -0.071990 0.314209
0.205345 -0.003337 0.302393
0.200397 0.004803 0.358732
0.176902 -0.015888 0.111992
0.157123 -0.040528 0.145342
0.159640 -0.030200 0.117111
0.145582 -0.052076 0.137747
0.148434 -0.037578 0.104667
0.130376 -0.048451 0.220264
0.153394 0.004469 0.356282
0.242860 -0.072393 0.352191
0.237773 -0.075206 0.352548
0.196831 0.009682 0.411040
0.191716 0.006234 0.414159
0.219802 -0.032214 0.383229
0.215521 -0.035612 0.383246
0.236960 -0.080226 0.218560
0.232519 -0.082256 0.218736
0.234768 -0.082674 0.162915
0.230558 -0.084784 0.162898
0.235763 -0.082276 0.132559
0.229895 -0.084060 0.131357
0.232171 -0.029095 0.099252
0.242421 -0.057290 0.104242
0.227771 -0.030667 0.094553
0.237937 -0.059597 0.102003
0.154709 -0.001964 0.299387
0.120296 -0.052837 0.272390
0.106045 -0.044501 0.315828
0.117187 -0.049274 0.271433
0.108713 -0.051177 0.317048
0.167107 -0.021181 0.093966
0.151254 -0.043265 0.101296
0.177816 -0.022032 0.103297
0.173485 -0.016859 0.105379
0.119674 -0.016278 0.379254
0.095172 -0.045567 0.353927
0.121559 -0.022590 0.382251
0.098919 -0.049868 0.355055
0.133145 -0.055344 0.221069
0.143471 -0.058066 0.168295
0.146510 0.006087 0.409851
0.148114 -0.058361 0.136212
0.219802 -0.032214 0.383229
0.211466 -0.024776 0.186277
0.146510 0.006087 0.409851
0.190892 0.010619 0.411381
0.211466 -0.024776 0.186277
0.191664 -0.030284 0.153581
0.208878 -0.030637 0.153668
0.195006 -0.024767 0.129987
0.213686 -0.026296 0.130149
0.198422 -0.018944 0.109379
0.222675 -0.020529 0.111976
0.213419 -0.029614 0.153786
0.223563 -0.022957 0.105220
0.219223 -0.025697 0.103919
0.198291 -0.023973 0.104144
0.237773 -0.075206 0.352548
0.176265 -0.023143 0.129834
0.177816 -0.022032 0.103297
0.242860 -0.072393 0.352191
0.235736 -0.079526 0.163863
0.242421 -0.057290 0.104242
0.095172 -0.045567 0.353927
0.148114 -0.058361 0.136212
0.229895 -0.084060 0.131357
0.119243 -0.021526 0.382886
0.092825 -0.049446 0.355852
0.108673 -0.051269 0.317089
0.143473 -0.058002 0.168308
0.174090 -0.037107 0.152952
0.133139 -0.055346 0.221067
0.148367 -0.038058 0.103540
0.166776 -0.019067 0.093942
0.177716 -0.022895 0.102757
0.116885 -0.055441 0.271592
0.146440 0.006240 0.409754
0.237006 -0.079121 0.218969
0.234768 -0.082674 0.162915
0.235213 -0.083630 0.132147
0.232519 -0.082256 0.218736
0.234509 -0.080022 0.270216
0.207762 -0.038207 0.152325
0.130412 -0.048386 0.220329
0.116885 -0.055441 0.271592
0.105999 -0.044575 0.315840
0.230558 -0.084784 0.162898
0.211984 -0.025695 0.130315
0.225418 -0.019419 0.106437
0.199290 -0.021650 0.103619
0.199290 -0.021650 0.103619
0.242612 -0.058029 0.100956
0.235213 -0.083630 0.132147
0.225418 -0.019419 0.106437
0.144933 -0.056177 0.136737
0.208751 -0.025686 0.186400
0.213948 -0.032607 0.153528
0.148367 -0.038058 0.103540
0.163341 -0.014433 0.244646
0.192224 0.007041 0.415334
0.209396 -0.012416 0.245068
0.239395 -0.078225 0.314685
0.192224 0.007041 0.415334
0.166776 -0.019067 0.093942
0.144933 -0.056177 0.136737
0.152828 -0.003329 0.299093
0.092825 -0.049446 0.355852
0.152196 0.007171 0.356048
0.119243 -0.021526 0.382886
0.242612 -0.058029 0.100956
0.239395 -0.078225 0.314685
0.239395 -0.078225 0.314685
0.234509 -0.080022 0.270216
0.237006 -0.079121 0.218969
0.232519 -0.082256 0.218736
0.230558 -0.084784 0.162898
0.192224 0.007041 0.415334
0.243712 -0.077236 0.354367
0.202542 0.003537 0.359615
0.243712 -0.077236 0.354367
0.192224 0.007041 0.415334
0.141788 0.011409 0.409645
0.146440 0.006240 0.409754
0.141788 0.011409 0.409645
0.192224 0.007041 0.415334
0.108673 -0.051269 0.317089
0.133139 -0.055346 0.221067
0.143473 -0.058002 0.168308
0.177716 -0.022895 0.102757
0.166776 -0.019067 0.093942
0.199290 -0.021650 0.103619
0.119243 -0.021526 0.382886
0.116885 -0.055441 0.271592
0.121514 -0.022706 0.382305
0.094636 -0.050636 0.355994
0.108723 -0.051250 0.317103
0.143448 -0.058052 0.168291
0.170781 -0.031388 0.187140
0.133219 -0.055316 0.221085
0.151248 -0.043251 0.101298
0.167469 -0.021660 0.093864
0.177767 -0.021964 0.103304
0.120296 -0.052837 0.272390
0.152135 -0.002030 0.358329
0.215505 -0.035731 0.383299
0.190594 0.004478 0.414381
0.195376 -0.002426 0.361560
0.232519 -0.082256 0.218736
0.234509 -0.080022 0.270216
0.206119 -0.032867 0.186923
0.175650 -0.030788 0.127484
0.198291 -0.023973 0.104144
0.230558 -0.084784 0.162898
0.219220 -0.025698 0.103918
0.212686 -0.033605 0.127122
0.219220 -0.025698 0.103918
0.237937 -0.059597 0.102003
0.227767 -0.030669 0.094551
0.168861 -0.028514 0.153025
0.167834 -0.022225 0.185922
0.172664 -0.027708 0.153328
0.164344 -0.011238 0.244042
0.152806 -0.003394 0.299105
0.159281 -0.002967 0.299855
0.168742 0.005086 0.412604
0.141721 0.010848 0.409116
0.153325 0.005084 0.356224
0.147211 0.004513 0.355275
0.236275 -0.077608 0.314777
0.170567 -0.022775 0.129456
0.173662 -0.016150 0.105508
0.157094 -0.040258 0.145351
0.159647 -0.030282 0.117109
0.145301 -0.051834 0.137683
0.148498 -0.037671 0.104654
0.140685 -0.051303 0.167805
0.130382 -0.048581 0.220275
0.240314 -0.075301 0.314285
0.241507 -0.077174 0.354207
0.236275 -0.077608 0.314777
0.196916 0.009938 0.411095
0.190594 0.004478 0.414381
0.219801 -0.032272 0.383235
0.215505 -0.035731 0.383299
0.234509 -0.080022 0.270216
0.236949 -0.080167 0.218551
0.232519 -0.082256 0.218736
0.234768 -0.082674 0.162915
0.230558 -0.084784 0.162898
0.232097 -0.087084 0.130450
0.232266 -0.029064 0.099286
0.242464 -0.057369 0.104200
0.227767 -0.030669 0.094551
0.237937 -0.059597 0.102003
0.240686 -0.072261 0.314249
0.206807 -0.005356 0.302026
0.201743 0.002895 0.359473
0.202024 -0.003737 0.302310
0.167469 -0.021660 0.093864
0.151248 -0.043251 0.101298
0.195281 0.004199 0.359685
0.177767 -0.021964 0.103304
0.119591 -0.016319 0.379264
0.094636 -0.050636 0.355994
0.121514 -0.022706 0.382305
0.108723 -0.051250 0.317103
0.105894 -0.047647 0.316059
0.130198 -0.051666 0.220069
0.133219 -0.055316 0.221085
0.117187 -0.049274 0.271433
0.120296 -0.052837 0.272390
0.143448 -0.058052 0.168291
0.148156 0.011648 0.410217
0.146983 0.004923 0.410004
0.148253 -0.058334 0.136239
0.145230 -0.054757 0.136630
0.106141 -0.044601 0.315867
0.219801 -0.032272 0.383235
0.212492 -0.027071 0.186061
0.146983 0.004923 0.410004
0.208706 -0.012813 0.245216
0.208745 -0.025350 0.186413
0.224013 -0.021320 0.109288
0.213709 -0.026105 0.130183
0.214454 -0.031790 0.153393
0.165012 -0.021344 0.098284
0.189719 0.010835 0.414358
0.171470 -0.023953 0.186139
0.168742 0.005086 0.412604
0.198419 -0.018900 0.109398
0.195004 -0.024700 0.129984
0.176304 -0.022940 0.129863
0.177767 -0.021964 0.103304
0.198291 -0.023973 0.104144
0.223506 -0.023081 0.105229
0.207416 -0.038382 0.152635
0.173941 -0.036615 0.152932
0.191562 -0.029765 0.153485
0.208964 -0.030337 0.153676
0.219220 -0.025698 0.103918
0.241507 -0.077174 0.354207
0.241873 -0.069867 0.350900
0.235776 -0.079516 0.163866
0.234936 -0.079426 0.133782
0.242464 -0.057369 0.104200
0.096844 -0.043502 0.352910
0.148253 -0.058334 0.136239
0.232097 -0.087084 0.130450
0.121615 -0.022595 0.382211
0.098919 -0.049868 0.355055
0.108760 -0.051158 0.317059
0.170907 -0.031861 0.187234
0.133219 -0.055316 0.221085
0.143512 -0.058034 0.168301
0.164867 -0.021114 0.245911
0.120296 -0.052837 0.272390
0.158388 -0.011229 0.301076
0.215502 -0.035638 0.383252
0.190529 0.004479 0.414263
0.194898 -0.003164 0.361656
0.234508 -0.080021 0.270216
0.202859 -0.022202 0.246478
0.232519 -0.082256 0.218736
0.199479 -0.012087 0.303071
0.205639 -0.033602 0.187024
0.230558 -0.084784 0.162898
0.224491 -0.028349 0.099124
0.237937 -0.059597 0.102003
0.212690 -0.033593 0.127126
0.172541 -0.023228 0.099162
0.175650 -0.030788 0.127484
0.151283 -0.043253 0.101476
0.170444 -0.022190 0.185889
0.170452 -0.026873 0.153360
0.167543 -0.022035 0.185858
0.173288 -0.027042 0.153395
0.164433 -0.011432 0.244085
0.161308 -0.011337 0.243995
0.158038 -0.001462 0.299542
0.154696 -0.001390 0.299341
0.147498 0.012696 0.403754
0.149060 0.006385 0.354461
0.144311 0.012744 0.403417
0.152355 0.006327 0.354739
0.172241 -0.021220 0.130265
0.175300 -0.021481 0.130297
0.157094 -0.040258 0.145351
0.159647 -0.030282 0.117109
0.145301 -0.051834 0.137683
0.148692 -0.037676 0.104767
0.145003 -0.030984 0.232099
0.153391 -0.037609 0.176816
0.130418 -0.048553 0.220276
0.140844 -0.051247 0.167830
0.241358 -0.072713 0.351928
0.236269 -0.077511 0.314727
0.240224 -0.075207 0.314283
0.237773 -0.075206 0.352548
0.190529 0.004479 0.414263
0.215502 -0.035638 0.383252
0.218334 -0.032749 0.382772
0.195310 0.007215 0.413617
0.234508 -0.080021 0.270216
0.232519 -0.082256 0.218736
0.238786 -0.077883 0.269945
0.236789 -0.080123 0.218554
0.234768 -0.082674 0.162915
0.230558 -0.084784 0.162898
0.233969 -0.082324 0.132396
0.229895 -0.084060 0.131357
0.241306 -0.057532 0.104084
0.227547 -0.030797 0.094497
0.230930 -0.028587 0.096481
0.237937 -0.059597 0.102003
0.224491 -0.028349 0.099124
0.219092 -0.025773 0.103847
0.223470 -0.022938 0.105252
0.227200 -0.025763 0.100866
0.148702 -0.039843 0.102781
0.166942 -0.021621 0.095435
0.169841 -0.024749 0.094046
0.151283 -0.043253 0.101476
0.170450 -0.019893 0.100460
0.172541 -0.023228 0.099162
0.121615 -0.022595 0.382211
0.096354 -0.046394 0.353982
0.098919 -0.049868 0.355055
0.119574 -0.018886 0.381314
0.108760 -0.051158 0.317059
0.105894 -0.047647 0.316059
0.117187 -0.049274 0.271433
0.133219 -0.055316 0.221085
0.120296 -0.052837 0.272390
0.130198 -0.051666 0.220069
0.143512 -0.058034 0.168301
0.140585 -0.054278 0.167620
0.177537 -0.022005 0.104312
0.173958 -0.018166 0.105484
0.178945 -0.018552 0.105615
0.148510 0.009290 0.409941
0.142794 0.008622 0.408646
0.146983 0.004923 0.410004
0.148253 -0.058334 0.136239
0.145233 -0.054756 0.136631
0.117349 -0.046082 0.271952
0.135082 -0.024833 0.285544
0.219255 -0.030231 0.380793
0.221230 -0.034725 0.336867
0.201642 0.002650 0.359492
0.196649 0.009410 0.410691
0.223105 -0.040037 0.286415
0.209915 -0.015648 0.245118
0.206723 -0.005509 0.302048
0.223758 -0.046275 0.232284
0.212588 -0.027082 0.186068
0.224129 -0.053315 0.174968
0.214459 -0.031965 0.153374
0.224700 -0.055663 0.143576
0.173921 -0.015677 0.112166
0.176967 -0.015960 0.112134
0.205277 -0.002660 0.302287
0.205033 -0.012799 0.245146
0.201438 -0.002545 0.302073
0.208624 -0.012937 0.245235
0.208131 -0.024306 0.186205
0.211464 -0.024508 0.186229
0.218574 -0.025225 0.130589
0.219473 -0.020064 0.112109
0.215058 -0.024912 0.130565
0.222911 -0.020413 0.112146
0.218413 -0.022334 0.105439
0.189474 0.008642 0.414166
0.179635 -0.003626 0.301062
0.165488 -0.013087 0.244410
0.159177 -0.003115 0.299872
0.184625 -0.013729 0.244919
0.171391 -0.023855 0.186107
0.189156 -0.024853 0.186265
0.195006 -0.024767 0.129987
0.177998 -0.016937 0.109423
0.176265 -0.023143 0.129834
0.198414 -0.018928 0.109399
0.198291 -0.023973 0.104144
0.198679 -0.020443 0.105527
0.198291 -0.023973 0.104144
0.207427 -0.038354 0.152646
0.173941 -0.036615 0.152932
0.168741 0.005098 0.412606
0.168992 0.008966 0.412053
0.165938 -0.023971 0.185802
0.168888 -0.028681 0.153019
0.174206 -0.028647 0.153304
0.159588 -0.013416 0.243923
0.152815 -0.003585 0.299136
0.147200 0.004309 0.355300
0.142519 0.010834 0.405487
0.153289 0.004804 0.356242
0.148175 0.011324 0.406601
0.170601 -0.022888 0.129450
0.172916 -0.016535 0.109363
0.192134 0.011843 0.408262
0.196667 0.005381 0.358375
0.195298 0.003924 0.359710
0.190756 0.010546 0.410953
0.195738 0.011754 0.408609
0.200426 0.005280 0.358666
0.203763 -0.014371 0.245429
0.200093 -0.004136 0.302253
0.206921 -0.025851 0.186422
0.210145 -0.029305 0.153745
0.208952 -0.030796 0.153673
0.213404 -0.029521 0.153775
0.213747 -0.026390 0.130140
0.219666 -0.027368 0.129787
0.218830 -0.020919 0.109375
0.224060 -0.021565 0.109292
0.228136 -0.025375 0.104339
0.241748 -0.055457 0.106197
0.232213 -0.029185 0.099386
0.234941 -0.079362 0.133777
0.235669 -0.079548 0.163868
0.237602 -0.076901 0.219450
0.239487 -0.074565 0.270782
0.241860 -0.069871 0.350896
0.240819 -0.072100 0.314243
0.096844 -0.043502 0.352910
0.119681 -0.016334 0.379199
0.106202 -0.044585 0.315876
0.165046 -0.021425 0.098287
0.168981 -0.018980 0.103825
0.169466 0.010935 0.408777
0.229895 -0.084060 0.131357
0.148253 -0.058334 0.136239
0.191579 -0.029721 0.153489
0.126701 -0.020138 0.335588
0.174293 0.004364 0.357976
0.168741 0.005098 0.412606
0.146983 0.004923 0.410004
0.152291 -0.002523 0.358429
0.230707 -0.041412 0.117992
0.237773 -0.075206 0.352548
0.236269 -0.077511 0.314727
0.227547 -0.030797 0.094497
0.219092 -0.025773 0.103847
0.177537 -0.022005 0.104312
0.169841 -0.024749 0.094046
0.141240 -0.457063 -0.045892
0.071500 -0.474667 -0.023232
0.120146 -0.457063 -0.087291
0.060822 -0.474667 -0.044190
0.087291 -0.457063 -0.120146
0.044190 -0.474667 -0.060822
0.045892 -0.457063 -0.141240
0.023232 -0.474667 -0.071500
0.000000 -0.474667 -0.075180
0.000000 -0.457063 -0.148509
-0.023232 -0.474667 -0.071500
-0.045892 -0.457063 -0.141240
-0.044190 -0.474667 -0.060822
-0.087291 -0.457063 -0.120146
-0.120146 -0.457063 -0.087291
-0.060822 -0.474667 -0.044190
-0.141240 -0.457063 -0.045892
-0.071500 -0.474667 -0.023232
-0.148509 -0.457063 -0.000000
-0.075180 -0.474667 -0.000000
-0.071500 -0.474667 0.023232
-0.141240 -0.457063 0.045892
-0.120146 -0.457063 0.087291
-0.060822 -0.474667 0.044190
-0.044190 -0.474667 0.060822
-0.087291 -0.457063 0.120146
-0.045892 -0.457063 0.141240
-0.023232 -0.474667 0.071500
-0.000000 -0.457063 0.148509
-0.000000 -0.474667 0.075180
0.045892 -0.457063 0.141240
0.023232 -0.474667 0.071500
0.087291 -0.457063 0.120146
0.044190 -0.474667 0.060822
0.120146 -0.457063 0.087291
0.060822 -0.474667 0.044190
0.071500 -0.474667 0.023232
0.141240 -0.457063 0.045892
0.075180 -0.474667 -0.000000
0.148509 -0.457063 -0.000000
0.071500 -0.474667 -0.023232
0.141240 -0.457063 -0.045892
0.207502 -0.428204 -0.067422
0.176512 -0.428204 -0.128243
0.128243 -0.428204 -0.176512
0.067422 -0.428204 -0.207502
0.000000 -0.428204 -0.218181
-0.067422 -0.428204 -0.207502
-0.128243 -0.428204 -0.176512
-0.176512 -0.428204 -0.128243
-0.207502 -0.428204 -0.067422
-0.218181 -0.428204 -0.000000
-0.207502 -0.428204 0.067422
-0.176512 -0.428204 0.128243
-0.128243 -0.428204 0.176512
-0.067422 -0.428204 0.207502
-0.000000 -0.428204 0.218181
0.067422 -0.428204 0.207502
0.128243 -0.428204 0.176512
0.176512 -0.428204 0.128243
0.207502 -0.428204 0.067422
0.218181 -0.428204 -0.000000
0.207502 -0.428204 -0.067422
0.228532 -0.388801 -0.166038
0.268655 -0.388801 -0.087291
0.166038 -0.388801 -0.228532
0.087291 -0.388801 -0.268655
0.000000 -0.388801 -0.282480
-0.087291 -0.388801 -0.268655
-0.166038 -0.388801 -0.228532
-0.228531 -0.388801 -0.166038
-0.268655 -0.388801 -0.087291
-0.282480 -0.388801 -0.000000
-0.268655 -0.388801 0.087291
-0.228531 -0.388801 0.166038
-0.166038 -0.388801 0.228531
-0.087291 -0.388801 0.268655
-0.000000 -0.388801 0.282480
0.087291 -0.388801 0.268655
0.166038 -0.388801 0.228531
0.228531 -0.388801 0.166038
0.268655 -0.388801 0.087291
0.282480 -0.388801 -0.000000
0.268655 -0.388801 -0.087291
0.323192 -0.339824 -0.105012
0.274924 -0.339824 -0.199744
0.199744 -0.339824 -0.274924
0.105012 -0.339824 -0.323192
0.000000 -0.339824 -0.339825
-0.105012 -0.339824 -0.323192
-0.199744 -0.339824 -0.274924
-0.274924 -0.339824 -0.199744
-0.323192 -0.339824 -0.105012
-0.339824 -0.339824 -0.000000
-0.323192 -0.339824 0.105012
-0.274924 -0.339824 0.199744
-0.199744 -0.339824 0.274924
-0.105012 -0.339824 0.323192
-0.000000 -0.339824 0.339824
0.105012 -0.339824 0.323192
0.199744 -0.339824 0.274924
0.274924 -0.339824 0.199744
0.323192 -0.339824 0.105012
0.339824 -0.339824 -0.000000
0.323192 -0.339824 -0.105012
0.369772 -0.282480 -0.120146
0.314547 -0.282480 -0.228532
0.228532 -0.282480 -0.314547
0.120146 -0.282480 -0.369772
0.000000 -0.282480 -0.388801
-0.120146 -0.282480 -0.369772
-0.228532 -0.282480 -0.314547
-0.314547 -0.282480 -0.228531
-0.369772 -0.282480 -0.120146
-0.388801 -0.282480 -0.000000
-0.369772 -0.282480 0.120146
-0.314547 -0.282480 0.228531
-0.228531 -0.282480 0.314547
-0.120146 -0.282480 0.369772
-0.000000 -0.282480 0.388801
0.120146 -0.282480 0.369772
0.228531 -0.282480 0.314547
0.314546 -0.282480 0.228531
0.369772 -0.282480 0.120146
0.388801 -0.282480 -0.000000
0.369772 -0.282480 -0.120146
0.407246 -0.218181 -0.132322
0.346424 -0.218181 -0.251692
0.251692 -0.218181 -0.346424
0.132322 -0.218181 -0.407246
0.000000 -0.218181 -0.428204
-0.132322 -0.218181 -0.407246
-0.251692 -0.218181 -0.346424
-0.346424 -0.218181 -0.251692
-0.407246 -0.218181 -0.132322
-0.428204 -0.218181 -0.000000
-0.407246 -0.218181 0.132322
-0.346424 -0.218181 0.251692
-0.251692 -0.218181 0.346424
-0.132322 -0.218181 0.407246
-0.000000 -0.218181 0.428204
0.132322 -0.218181 0.407246
0.251692 -0.218181 0.346424
0.346424 -0.218181 0.251692
0.407246 -0.218181 0.132322
0.428204 -0.218181 -0.000000
0.407246 -0.218181 -0.132322
0.434693 -0.148509 -0.141240
0.369772 -0.148509 -0.268655
0.268655 -0.148509 -0.369772
0.141240 -0.148509 -0.434693
0.000000 -0.148509 -0.457063
-0.141240 -0.148509 -0.434693
-0.268655 -0.148509 -0.369772
-0.369772 -0.148509 -0.268655
-0.434693 -0.148509 -0.141240
-0.457063 -0.148509 -0.000000
-0.434693 -0.148509 0.141240
-0.369772 -0.148509 0.268655
-0.268655 -0.148509 0.369772
-0.141240 -0.148509 0.434693
-0.000000 -0.148509 0.457063
0.141240 -0.148509 0.434693
0.268655 -0.148509 0.369772
0.369772 -0.148509 0.268655
0.434693 -0.148509 0.141240
0.457063 -0.148509 -0.000000
0.434693 -0.148509 -0.141240
0.451436 -0.075180 -0.146680
0.384014 -0.075180 -0.279003
0.279003 -0.075180 -0.384014
0.146680 -0.075180 -0.451436
0.000000 -0.075180 -0.474668
-0.146680 -0.075180 -0.451436
-0.279003 -0.075180 -0.384014
-0.384014 -0.075180 -0.279003
-0.451436 -0.075180 -0.146680
-0.474668 -0.075180 -0.000000
-0.451436 -0.075180 0.146680
-0.384014 -0.075180 0.279003
-0.279003 -0.075180 0.384014
-0.146680 -0.075180 0.451436
-0.000000 -0.075180 0.474668
0.146680 -0.075180 0.451436
0.279003 -0.075180 0.384014
0.384014 -0.075180 0.279003
0.451436 -0.075180 0.146680
0.474667 -0.075180 -0.000000
0.451436 -0.075180 -0.146680
0.457063 0.000000 -0.148509
0.388801 0.000000 -0.282481
0.282481 0.000000 -0.388801
0.148509 0.000000 -0.457063
0.000000 0.000000 -0.480585
-0.148509 0.000000 -0.457063
-0.282480 0.000000 -0.388801
-0.388801 0.000000 -0.282480
-0.457063 0.000000 -0.148509
-0.480584 0.000000 -0.000000
-0.457063 0.000000 0.148509
-0.388801 0.000000 0.282480
-0.282480 0.000000 0.388801
-0.148509 0.000000 0.457063
-0.000000 0.000000 0.480584
0.148509 0.000000 0.457063
0.282480 0.000000 0.388801
0.388801 0.000000 0.282480
0.457063 0.000000 0.148509
0.480584 0.000000 -0.000000
0.457063 0.000000 -0.148509
0.451436 0.075180 -0.146680
0.384014 0.075180 -0.279003
0.279003 0.075180 -0.384014
0.146680 0.075180 -0.451436
0.000000 0.075180 -0.474668
-0.146680 0.075180 -0.451436
-0.279003 0.075180 -0.384014
-0.384014 0.075180 -0.279003
-0.451436 0.075180 -0.146680
-0.474668 0.075180 -0.000000
-0.451436 0.075180 0.146680
-0.384014 0.075180 0.279003
-0.279003 0.075180 0.384014
-0.146680 0.075180 0.451436
-0.000000 0.075180 0.474668
0.146680 0.075180 0.451436
0.279003 0.075180 0.384014
0.384014 0.075180 0.279003
0.451436 0.075180 0.146680
0.474667 0.075180 -0.000000
0.451436 0.075180 -0.146680
0.434693 0.148509 -0.141240
0.369772 0.148509 -0.268655
0.268655 0.148509 -0.369772
0.141240 0.148509 -0.434693
0.000000 0.148509 -0.457063
-0.141240 0.148509 -0.434693
-0.268655 0.148509 -0.369772
-0.369772 0.148509 -0.268655
-0.434693 0.148509 -0.141240
-0.457063 0.148509 -0.000000
-0.434693 0.148509 0.141240
-0.369772 0.148509 0.268655
-0.268655 0.148509 0.369772
-0.141240 0.148509 0.434693
-0.000000 0.148509 0.457063
0.141240 0.148509 0.434693
0.268655 0.148509 0.369772
0.369772 0.148509 0.268655
0.434693 0.148509 0.141240
0.457063 0.148509 -0.000000
0.434693 0.148509 -0.141240
0.407246 0.218181 -0.132322
0.346424 0.218181 -0.251692
0.251692 0.218181 -0.346424
0.132322 0.218181 -0.407246
0.000000 0.218181 -0.428204
-0.132322 0.218181 -0.407246
-0.251692 0.218181 -0.346424
-0.346424 0.218181 -0.251692
-0.407246 0.218181 -0.132322
-0.428204 0.218181 -0.000000
-0.407246 0.218181 0.132322
-0.346424 0.218181 0.251692
-0.251692 0.218181 0.346424
-0.132322 0.218181 0.407246
-0.000000 0.218181 0.428204
0.132322 0.218181 0.407246
0.251692 0.218181 0.346424
0.346424 0.218181 0.251692
0.407246 0.218181 0.132322
0.428204 0.218181 -0.000000
0.407246 0.218181 -0.132322
0.369772 0.282480 -0.120146
0.314547 0.282480 -0.228532
0.228532 0.282480 -0.314547
0.120146 0.282480 -0.369772
0.000000 0.282480 -0.388801
-0.120146 0.282480 -0.369772
-0.228532 0.282480 -0.314547
-0.314547 0.282480 -0.228531
-0.369772 0.282480 -0.120146
-0.388801 0.282480 -0.000000
-0.369772 0.282480 0.120146
-0.314547 0.282480 0.228531
-0.228531 0.282480 0.314547
-0.120146 0.282480 0.369772
-0.000000 0.282480 0.388801
0.120146 0.282480 0.369772
0.228531 0.282480 0.314547
0.314546 0.282480 0.228531
0.369772 0.282480 0.120146
0.388801 0.282480 -0.000000
0.369772 0.282480 -0.120146
0.323192 0.339824 -0.105012
0.274924 0.339824 -0.199744
0.199744 0.339824 -0.274924
0.105012 0.339824 -0.323192
0.000000 0.339824 -0.339825
-0.105012 0.339824 -0.323192
-0.199744 0.339824 -0.274924
-0.274924 0.339824 -0.199744
-0.323192 0.339824 -0.105012
-0.339824 0.339824 -0.000000
-0.323192 0.339824 0.105012
-0.274924 0.339824 0.199744
-0.199744 0.339824 0.274924
-0.105012 0.339824 0.323192
-0.000000 0.339824 0.339824
0.105012 0.339824 0.323192
0.199744 0.339824 0.274924
0.274924 0.339824 0.199744
0.323192 0.339824 0.105012
0.339824 0.339824 -0.000000
0.323192 0.339824 -0.105012
0.228532 0.388801 -0.166038
0.268655 0.388801 -0.087291
0.166038 0.388801 -0.228532
0.087291 0.388801 -0.268655
0.000000 0.388801 -0.282480
-0.087291 0.388801 -0.268655
-0.166038 0.388801 -0.228532
-0.228531 0.388801 -0.166038
-0.268655 0.388801 -0.087291
-0.282480 0.388801 -0.000000
-0.268655 0.388801 0.087291
-0.228531 0.388801 0.166038
-0.166038 0.388801 0.228531
-0.087291 0.388801 0.268655
-0.000000 0.388801 0.282480
0.087291 0.388801 0.268655
0.166038 0.388801 0.228531
0.228531 0.388801 0.166038
0.268655 0.388801 0.087291
0.282480 0.388801 -0.000000
0.268655 0.388801 -0.087291
0.207502 0.428204 -0.067422
0.176512 0.428204 -0.128243
0.128243 0.428204 -0.176512
0.067422 0.428204 -0.207502
0.000000 0.428204 -0.218181
-0.067422 0.428204 -0.207502
-0.128243 0.428204 -0.176512
-0.176512 0.428204 -0.128243
-0.207502 0.428204 -0.067422
-0.218181 0.428204 -0.000000
-0.207502 0.428204 0.067422
-0.176512 0.428204 0.128243
-0.128243 0.428204 0.176512
-0.067422 0.428204 0.207502
-0.000000 0.428204 0.218181
0.067422 0.428204 0.207502
0.128243 0.428204 0.176512
0.176512 0.428204 0.128243
0.207502 0.428204 0.067422
0.218181 0.428204 -0.000000
0.207502 0.428204 -0.067422
0.120146 0.457063 -0.087291
0.141240 0.457063 -0.045892
0.087291 0.457063 -0.120146
0.045892 0.457063 -0.141240
0.000000 0.457063 -0.148509
-0.045892 0.457063 -0.141240
-0.087291 0.457063 -0.120146
-0.120146 0.457063 -0.087291
-0.141240 0.457063 -0.045892
-0.148509 0.457063 -0.000000
-0.141240 0.457063 0.045892
-0.120146 0.457063 0.087291
-0.087291 0.457063 0.120146
-0.045892 0.457063 0.141240
-0.000000 0.457063 0.148509
0.045892 0.457063 0.141240
0.087291 0.457063 0.120146
0.120146 0.457063 0.087291
0.141240 0.457063 0.045892
0.148509 0.457063 -0.000000
0.141240 0.457063 -0.045892
0.071500 0.474667 -0.023232
0.060822 0.474667 -0.044190
0.044190 0.474667 -0.060822
0.023232 0.474667 -0.071500
0.000000 0.474667 -0.075180
-0.023232 0.474667 -0.071500
-0.044190 0.474667 -0.060822
-0.060822 0.474667 -0.044190
-0.071500 0.474667 -0.023232
-0.075180 0.474667 -0.000000
-0.071500 0.474667 0.023232
-0.060822 0.474667 0.044190
-0.044190 0.474667 0.060822
-0.023232 0.474667 0.071500
-0.000000 0.474667 0.075180
0.023232 0.474667 0.071500
0.044190 0.474667 0.060822
0.060822 0.474667 0.044190
0.071500 0.474667 0.023232
0.075180 0.474667 -0.000000
0.071500 0.474667 -0.023232
0.000000 -0.480584 -0.000000
0.000000 -0.480584 -0.000000
0.000000 -0.480584 -0.000000
0.000000 -0.480584 -0.000000
0.000000 -0.480584 -0.000000
0.000000 -0.480584 -0.000000
0.000000 -0.480584 -0.000000
0.000000 -0.480584 -0.000000
0.000000 -0.480584 -0.000000
0.000000 -0.480584 -0.000000
0.000000 -0.480584 -0.000000
0.000000 -0.480584 -0.000000
0.000000 -0.480584 -0.000000
0.000000 -0.480584 -0.000000
0.000000 -0.480584 -0.000000
0.000000 -0.480584 -0.000000
0.000000 -0.480584 -0.000000
0.000000 -0.480584 -0.000000
0.000000 -0.480584 -0.000000
0.000000 -0.480584 -0.000000
0.000000 0.480584 -0.000000
0.000000 0.480584 -0.000000
0.000000 0.480584 -0.000000
0.000000 0.480584 -0.000000
0.000000 0.480584 -0.000000
0.000000 0.480584 -0.000000
0.000000 0.480584 -0.000000
0.000000 0.480584 -0.000000
0.000000 0.480584 -0.000000
0.000000 0.480584 -0.000000
0.000000 0.480584 -0.000000
0.000000 0.480584 -0.000000
0.000000 0.480584 -0.000000
0.000000 0.480584 -0.000000
0.000000 0.480584 -0.000000
0.000000 0.480584 -0.000000
0.000000 0.480584 -0.000000
0.000000 0.480584 -0.000000
0.000000 0.480584 -0.000000
0.000000 0.480584 -0.000000
0 1
0 2
0 10
1 2
2 9
2 10
3 4
3 5
3 100
4 5
4 9
4 10
4 13
4 16
4 100
5 9
6 7
6 8
6 16
6 100
7 8
8 16
8 17
9 10
10 13
11 12
11 13
11 29
11 93
12 13
12 80
13 14
13 15
13 16
13 18
13 20
13 29
13 80
13 101
14 15
14 18
15 29
16 17
16 20
16 100
17 19
17 20
18 101
19 20
20 21
20 22
20 101
21 22
21 23
22 23
22 101
24 25
24 26
24 38
24 39
24 40
24 69
25 26
25 27
25 28
25 39
25 41
25 43
26 27
26 38
26 83
26 94
27 28
27 36
27 61
27 82
27 83
28 30
28 31
28 43
28 44
28 63
28 70
28 99
29 93
30 31
30 70
30 72
30 76
30 81
31 44
31 81
32 33
32 34
32 51
32 52
33 34
33 35
33 45
33 51
33 96
34 45
34 46
35 36
35 37
35 51
35 79
35 96
35 97
36 37
36 44
36 61
36 79
36 82
37 44
37 47
37 78
37 81
37 96
38 69
38 85
38 87
38 94
39 40
39 41
40 41
40 42
40 69
41 42
41 43
41 67
41 75
41 77
42 66
42 67
42 69
43 63
43 64
43 74
43 75
44 61
44 81
45 46
45 49
45 50
46 50
47 48
47 49
47 78
47 81
48 49
48 50
48 76
48 81
49 50
51 52
51 53
51 97
52 53
52 54
53 54
53 55
53 97
54 55
54 56
55 56
55 58
55 60
55 89
55 97
55 98
56 60
57 58
57 59
57 88
57 89
57 90
57 91
57 98
58 59
58 60
59 60
59 91
62 63
62 64
62 65
62 74
63 64
63 65
63 71
63 99
64 74
65 71
65 73
66 67
66 68
66 69
67 77
68 69
69 87
69 90
69 92
69 95
70 71
70 72
70 99
71 72
71 73
72 73
72 76
74 75
75 77
76 81
78 96
79 89
79 97
82 83
82 84
82 89
83 84
83 85
83 94
84 85
84 86
84 89
85 86
85 87
85 94
86 87
86 88
86 89
87 88
87 90
88 89
88 90
89 97
89 98
90 91
90 92
91 92
92 95
102 103
102 104
102 112
103 104
104 111
104 112
105 106
105 107
105 130
106 107
106 110
106 111
106 112
106 118
106 130
107 111
108 109
108 110
108 130
109 110
110 118
110 126
110 130
111 112
112 118
112 135
113 114
113 115
113 132
113 146
114 115
114 149
114 150
114 151
115 132
115 145
115 151
116 117
116 118
116 122
117 118
117 137
118 122
118 126
118 127
118 128
118 135
118 137
118 138
119 120
119 121
119 134
119 140
119 141
119 162
119 163
120 121
120 162
121 141
121 142
121 143
121 161
121 168
122 128
123 124
123 125
123 131
123 132
123 133
123 134
123 139
124 125
124 132
124 145
125 139
126 127
126 129
127 128
127 129
131 132
131 134
131 136
132 136
132 145
132 146
133 134
133 139
133 140
134 136
134 140
134 141
136 141
136 143
136 146
136 154
137 138
137 155
138 155
140 163
141 143
142 143
142 144
142 161
143 144
143 154
143 159
143 160
144 159
146 153
146 154
147 148
147 149
148 149
148 150
149 150
150 151
152 153
152 154
153 154
154 160
156 157
156 158
157 158
157 167
158 167
159 160
161 168
162 163
164 165
164 166
165 166
169 170
169 171
169 179
169 255
170 171
171 178
171 179
172 173
172 174
172 272
172 282
173 174
173 178
173 179
173 185
173 272
174 178
175 176
175 177
175 186
175 282
176 177
177 186
177 187
178 179
179 182
179 185
179 200
179 255
180 181
180 182
180 204
180 276
181 182
181 200
182 185
182 200
182 204
183 184
183 185
183 188
184 185
184 204
185 188
185 204
185 271
185 272
186 187
186 190
186 271
186 272
186 282
187 189
187 190
188 271
188 283
189 190
190 191
190 192
190 271
190 283
191 192
191 193
192 193
192 283
194 195
194 196
194 205
194 207
195 196
195 197
195 198
195 207
195 211
195 212
195 263
196 205
196 206
196 263
196 267
196 273
197 198
197 199
197 263
198 199
198 202
198 203
198 212
198 252
199 202
199 233
199 263
200 255
201 202
201 203
201 238
201 240
201 248
201 249
202 203
202 233
202 236
202 248
202 262
203 238
203 252
203 281
204 276
205 206
205 207
205 208
205 261
206 234
206 237
206 261
206 265
206 266
206 267
206 268
206 269
206 270
207 208
207 209
207 211
208 209
208 210
208 261
209 210
209 211
209 251
210 234
210 235
210 251
210 261
211 212
211 243
211 247
211 251
212 243
212 245
212 252
213 214
213 215
213 220
213 221
213 230
213 277
214 215
214 218
214 219
214 277
215 220
216 217
216 218
216 232
216 236
216 253
216 262
217 218
217 219
217 262
217 264
218 219
218 277
220 221
220 222
221 222
221 223
221 230
221 278
222 223
222 224
223 224
223 225
223 278
223 279
224 225
225 227
225 229
225 279
226 227
226 228
226 258
226 260
226 270
226 275
226 280
227 228
227 229
227 279
228 229
228 275
230 231
230 232
230 254
230 277
230 278
231 232
231 233
231 254
231 256
232 233
232 236
232 253
232 277
233 236
233 256
233 257
233 263
234 235
234 237
234 261
235 250
235 251
236 262
238 239
238 240
238 281
239 240
239 241
239 242
239 281
240 249
241 242
241 246
242 245
242 246
242 252
242 281
243 244
243 245
243 247
244 245
244 246
244 247
245 246
245 252
247 250
247 251
248 249
248 262
248 264
249 264
250 251
252 281
253 277
254 256
254 257
254 260
254 274
254 278
256 257
257 263
257 273
257 274
258 259
258 260
258 265
258 270
259 260
259 265
259 266
259 274
260 274
260 278
260 279
260 280
262 264
263 273
265 266
265 270
266 267
266 273
266 274
267 273
268 269
269 270
269 275
270 275
271 272
271 283
272 282
273 274
278 279
279 280
284 285
284 286
284 473
284 474
285 286
286 291
286 292
286 474
287 288
287 289
287 290
287 297
287 300
287 422
288 289
288 290
288 291
289 422
289 468
290 291
290 292
290 297
290 299
291 292
292 295
292 299
292 474
293 294
293 295
293 476
293 477
294 295
294 472
295 299
295 472
295 474
295 477
296 297
296 298
296 299
296 477
297 298
297 299
297 300
298 300
298 301
299 477
300 301
300 421
300 422
301 421
301 467
302 303
302 304
302 478
302 479
303 304
303 467
303 478
304 306
304 420
304 421
304 467
304 479
305 306
305 307
305 480
305 481
306 307
306 420
306 421
306 422
306 468
306 480
307 468
307 481
308 309
308 310
308 311
308 312
308 409
308 412
309 310
309 311
309 320
309 425
309 426
310 312
310 313
310 425
310 428
311 320
311 321
311 412
311 416
311 427
312 313
312 314
312 409
313 314
313 315
313 428
313 429
314 315
314 319
314 409
314 410
315 317
315 319
315 429
316 317
316 318
316 319
316 432
316 433
317 318
317 319
317 429
317 430
318 430
318 431
318 433
319 410
319 432
320 321
320 394
320 426
320 434
321 394
321 395
321 416
322 323
322 324
322 327
322 329
322 426
322 434
323 324
323 325
323 434
323 435
323 464
323 465
324 325
324 329
324 371
324 379
325 354
325 355
325 379
325 464
326 327
326 328
326 380
326 381
326 425
326 428
327 328
327 329
327 425
327 426
328 329
328 366
328 369
328 380
329 369
329 371
330 331
330 332
330 333
330 335
330 336
330 459
331 332
331 333
331 338
332 338
332 340
332 458
332 459
332 460
333 335
334 335
334 336
334 337
334 407
334 423
335 336
336 337
336 382
336 459
337 382
337 385
337 407
337 439
338 339
338 340
339 340
339 341
339 342
339 343
340 341
340 457
340 458
341 342
341 456
341 457
342 343
342 344
342 455
342 456
343 344
343 345
344 345
344 346
344 455
345 346
345 349
346 347
346 348
346 349
346 453
346 455
347 348
347 349
347 350
347 353
348 353
348 453
348 454
350 351
350 352
350 353
351 352
351 406
351 418
352 353
352 406
352 450
352 451
352 452
353 452
353 454
354 355
354 356
354 357
354 379
355 356
355 358
355 464
356 357
356 358
356 359
357 378
357 379
358 359
358 373
358 464
358 465
359 372
359 373
360 361
360 362
360 363
360 377
361 362
361 363
361 364
361 365
361 461
362 364
363 376
363 377
363 431
363 461
363 462
364 365
364 368
365 366
365 368
365 380
365 461
365 463
366 367
366 368
366 369
366 380
367 368
367 369
367 370
369 370
369 371
370 371
370 378
371 378
371 379
372 373
372 374
372 418
373 374
373 415
373 435
373 465
374 415
374 417
374 418
374 419
375 376
375 377
375 423
375 424
375 433
375 466
376 377
376 431
376 433
377 423
378 379
380 381
380 463
381 428
381 429
381 463
381 470
382 383
382 384
382 385
382 459
383 384
383 386
383 388
383 459
383 460
384 385
384 388
384 396
384 440
384 441
385 436
385 439
385 440
386 387
386 388
386 389
386 458
386 460
387 388
387 389
387 390
387 399
387 401
388 396
388 399
389 390
389 391
389 457
389 458
390 391
390 392
390 401
390 447
391 392
391 393
391 456
391 457
392 393
392 402
392 447
392 449
393 449
393 453
393 455
393 456
393 475
394 395
394 434
394 435
395 415
395 416
395 435
396 397
396 398
396 399
396 441
397 398
397 399
397 400
397 442
397 443
398 437
398 441
398 443
399 400
399 401
400 401
400 442
400 444
400 445
401 445
401 447
402 403
402 404
402 405
402 447
402 449
403 404
403 405
403 448
403 450
404 445
404 447
404 448
405 449
405 450
405 451
406 417
406 418
406 419
406 450
407 423
407 424
407 439
407 466
408 409
408 410
408 411
408 438
408 443
408 471
409 410
409 411
409 412
410 432
410 471
411 412
411 413
411 442
411 443
412 413
412 427
413 427
413 442
413 444
413 469
414 415
414 416
414 417
414 446
414 448
414 469
415 416
415 417
415 435
416 427
416 469
417 419
417 448
417 450
418 419
420 479
420 480
421 422
421 467
422 468
423 424
424 466
425 426
425 428
426 434
427 469
428 429
429 430
429 470
430 431
430 462
430 470
431 433
431 462
432 433
432 466
432 471
433 466
434 435
435 465
436 437
436 438
436 439
436 440
437 438
437 440
437 441
437 443
438 439
438 443
438 466
438 471
439 466
440 441
442 443
442 444
444 445
444 446
444 469
445 446
445 447
445 448
446 448
446 469
448 450
449 451
449 475
450 451
451 452
451 475
452 454
452 475
453 454
453 455
453 475
454 475
455 456
456 457
457 458
458 460
459 460
461 462
461 463
461 470
462 470
463 470
464 465
466 471
472 473
472 474
473 474
476 477
482 483
482 484
482 524
483 484
483 485
483 881
484 485
484 486
484 524
484 525
484 526
485 486
485 487
485 881
485 882
486 487
486 488
486 526
486 527
487 488
487 489
487 882
487 883
488 489
488 490
488 491
488 527
489 490
489 883
489 884
490 491
490 492
490 493
490 884
490 885
491 493
491 527
491 528
491 529
492 493
492 494
492 495
492 885
492 886
493 495
493 529
493 530
494 495
494 496
494 497
494 886
494 887
495 496
495 530
495 531
496 497
496 498
496 531
496 532
497 498
497 499
497 887
497 888
498 499
498 500
498 532
499 500
499 501
499 888
499 889
500 501
500 502
500 503
500 532
500 533
500 534
501 502
501 889
501 890
502 503
502 504
502 505
502 890
502 891
503 504
503 534
503 535
504 505
504 507
504 535
504 536
505 506
505 507
505 891
505 892
506 507
506 508
506 509
506 892
506 893
507 508
507 536
507 537
508 509
508 510
508 537
508 538
509 510
509 511
509 893
509 894
510 511
510 512
510 538
510 539
511 512
511 513
511 894
511 895
512 513
512 514
512 539
512 540
513 514
513 515
513 895
513 896
514 515
514 516
514 540
514 541
515 516
515 517
515 896
515 897
516 517
516 518
516 519
516 541
517 518
517 897
517 898
518 519
518 520
518 521
518 898
518 899
519 521
519 541
519 542
519 543
520 521
520 522
520 899
520 900
521 522
521 523
521 543
522 523
522 900
523 543
523 544
524 525
524 545
524 546
525 526
525 545
525 547
526 527
526 547
526 548
527 528
527 548
527 549
528 529
528 549
528 550
529 530
529 550
529 551
530 531
530 551
530 552
531 532
531 552
531 553
532 533
532 553
533 534
533 553
533 554
533 555
534 535
534 555
534 556
535 536
535 556
535 557
536 537
536 557
536 558
537 538
537 558
537 559
538 539
538 559
538 560
539 540
539 560
539 561
540 541
540 561
540 562
541 542
541 562
542 543
542 562
542 563
542 564
543 544
543 564
544 564
544 565
545 546
545 547
545 566
545 567
545 568
546 566
547 548
547 568
547 569
548 549
548 569
548 570
549 550
549 570
550 551
550 570
550 571
550 572
551 552
551 572
551 573
552 553
552 573
552 574
553 554
553 574
553 575
554 555
554 575
555 556
555 575
555 576
555 577
556 557
556 577
556 578
557 558
557 578
558 559
558 578
558 579
558 580
559 560
559 580
559 581
560 561
560 581
560 582
561 562
561 582
561 583
562 563
562 583
563 564
563 583
563 584
563 585
564 565
564 585
565 585
565 586
566 567
566 587
567 568
567 587
567 588
567 589
568 569
568 589
568 590
569 570
569 590
569 591
570 571
570 591
571 572
571 591
571 592
572 573
572 592
572 593
572 594
573 574
573 594
573 595
574 575
574 595
574 596
575 576
575 596
576 577
576 596
576 597
577 578
577 597
577 598
577 599
578 579
578 599
578 600
579 580
579 600
579 601
580 581
580 601
581 582
581 601
581 602
582 583
582 602
582 603
582 604
583 584
583 604
583 605
584 585
584 605
584 606
585 586
585 606
586 606
586 607
587 588
587 608
588 589
588 608
588 609
588 610
589 590
589 610
589 611
590 591
590 611
590 612
591 592
591 612
592 593
592 612
592 613
593 594
593 613
593 614
593 615
594 595
594 615
594 616
595 596
595 616
595 617
596 597
596 617
597 598
597 617
597 618
598 599
598 618
598 619
598 620
599 600
599 620
599 621
600 601
600 621
600 622
601 602
601 622
602 603
602 622
602 623
603 604
603 623
603 624
604 605
604 624
604 625
604 626
605 606
605 626
605 627
606 607
606 627
607 627
607 628
608 609
608 629
609 610
609 629
609 630
609 631
610 611
610 631
610 632
611 612
611 632
611 633
612 613
612 633
613 614
613 633
613 634
614 615
614 634
614 635
614 636
615 616
615 636
615 637
616 617
616 637
616 638
617 618
617 638
618 619
618 638
618 639
619 620
619 639
619 640
619 641
620 621
620 641
620 642
621 622
621 642
621 643
622 623
622 643
623 624
623 643
623 644
624 625
624 644
624 645
625 626
625 645
625 646
625 647
626 627
626 647
626 648
627 628
627 648
628 648
628 649
629 630
629 650
630 631
630 650
630 651
630 652
631 632
631 652
631 653
632 633
632 653
632 654
633 634
633 654
634 635
634 654
634 655
635 636
635 655
635 656
635 657
636 637
636 657
636 658
637 638
637 658
637 659
638 639
638 659
639 640
639 659
639 660
640 641
640 660
640 661
640 662
641 642
641 662
641 663
642 643
642 663
642 664
643 644
643 664
644 645
644 664
644 665
645 646
645 665
645 666
646 647
646 666
646 667
646 668
647 648
647 668
647 669
648 649
648 669
649 669
649 670
650 651
650 671
651 652
651 671
651 672
651 673
652 653
652 673
652 674
653 654
653 674
653 675
654 655
654 675
655 656
655 675
655 676
656 657
656 676
656 677
656 678
657 658
657 678
657 679
658 659
658 679
658 680
659 660
659 680
660 661
660 680
660 681
661 662
661 681
661 682
661 683
662 663
662 683
662 684
663 664
663 684
663 685
664 665
664 685
665 666
665 685
665 686
666 667
666 686
666 687
667 668
667 687
667 688
667 689
668 669
668 689
668 690
669 670
669 690
670 690
670 691
671 672
671 692
671 693
672 673
672 693
673 674
673 693
673 694
674 675
674 694
674 695
675 676
675 695
675 696
675 697
676 677
676 697
676 698
677 678
677 698
678 679
678 698
678 699
679 680
679 699
679 700
680 681
680 700
680 701
680 702
681 682
681 702
681 703
682 683
682 703
683 684
683 703
683 704
684 685
684 704
684 705
685 686
685 705
685 706
685 707
686 687
686 707
686 708
687 688
687 708
687 709
688 689
688 709
689 690
689 709
689 710
690 691
690 710
690 711
690 712
691 712
692 693
692 713
692 714
693 694
693 714
694 695
694 714
694 715
695 696
695 715
695 716
696 697
696 716
696 717
696 718
697 698
697 718
697 719
698 699
698 719
699 700
699 719
699 720
700 701
700 720
700 721
701 702
701 721
701 722
701 723
702 703
702 723
702 724
703 704
703 724
704 705
704 724
704 725
705 706
705 725
705 726
706 707
706 726
706 727
706 728
707 708
707 728
707 729
708 709
708 729
708 730
709 710
709 730
710 711
710 730
710 731
711 712
711 731
711 732
711 733
712 733
713 714
713 734
713 735
714 715
714 735
715 716
715 735
715 736
716 717
716 736
716 737
717 718
717 737
717 738
717 739
718 719
718 739
718 740
719 720
719 740
720 721
720 740
720 741
721 722
721 741
721 742
722 723
722 742
722 743
722 744
723 724
723 744
723 745
724 725
724 745
725 726
725 745
725 746
726 727
726 746
726 747
727 728
727 747
727 748
727 749
728 729
728 749
728 750
729 730
729 750
729 751
730 731
730 751
731 732
731 751
731 752
732 733
732 752
732 753
732 754
733 754
734 735
734 755
734 756
735 736
735 756
736 737
736 756
736 757
737 738
737 757
737 758
738 739
738 758
738 759
738 760
739 740
739 760
739 761
740 741
740 761
741 742
741 761
741 762
742 743
742 762
742 763
743 744
743 763
743 764
743 765
744 745
744 765
744 766
745 746
745 766
746 747
746 766
746 767
747 748
747 767
747 768
748 749
748 768
748 769
748 770
749 750
749 770
749 771
750 751
750 771
750 772
751 752
751 772
752 753
752 772
752 773
753 754
753 773
753 774
753 775
754 775
755 756
755 776
755 777
756 757
756 777
757 758
757 777
757 778
758 759
758 778
758 779
759 760
759 779
759 780
759 781
760 761
760 781
760 782
761 762
761 782
762 763
762 782
762 783
763 764
763 783
763 784
764 765
764 784
764 785
764 786
765 766
765 786
765 787
766 767
766 787
767 768
767 787
767 788
768 769
768 788
768 789
769 770
769 789
769 790
769 791
770 771
770 791
770 792
771 772
771 792
772 773
772 792
772 793
773 774
773 793
773 794
774 775
774 794
774 795
774 796
775 796
776 777
776 797
776 798
777 778
777 797
778 779
778 797
778 799
779 780
779 799
779 800
780 781
780 800
780 801
780 802
781 782
781 802
782 783
782 802
782 803
783 784
783 803
783 804
784 785
784 804
784 805
785 786
785 805
785 806
785 807
786 787
786 807
787 788
787 807
787 808
788 789
788 808
788 809
788 810
789 790
789 810
790 791
790 810
790 811
791 792
791 811
791 812
792 793
792 812
792 813
792 814
793 794
793 814
793 815
794 795
794 815
795 796
795 815
795 816
795 817
796 817
797 798
797 799
797 818
797 819
798 818
799 800
799 819
799 820
800 801
800 820
800 821
801 802
801 821
801 822
802 803
802 822
802 823
803 804
803 823
803 824
804 805
804 824
804 825
805 806
805 825
805 826
805 827
806 807
806 827
807 808
807 827
807 828
808 809
808 828
808 829
809 810
809 829
809 830
810 811
810 830
810 831
811 812
811 831
811 832
812 813
812 832
812 833
813 814
813 833
813 834
814 815
814 834
814 835
814 836
815 816
815 836
816 817
816 836
816 837
816 838
817 838
818 819
818 839
818 840
819 820
819 839
820 821
820 839
820 841
821 822
821 841
821 842
821 843
822 823
822 843
823 824
823 843
823 844
824 825
824 844
824 845
825 826
825 845
825 846
826 827
826 846
826 847
826 848
827 828
827 848
828 829
828 848
828 849
829 830
829 849
829 850
830 831
830 850
830 851
831 832
831 851
831 852
832 833
832 852
832 853
833 834
833 853
833 854
834 835
834 854
834 855
835 836
835 855
835 856
835 857
836 837
836 857
837 838
837 857
837 858
837 859
838 859
839 840
839 841
839 860
839 861
840 860
841 842
841 861
841 862
842 843
842 862
842 863
842 864
843 844
843 864
844 845
844 864
844 865
845 846
845 865
845 866
846 847
846 866
846 867
847 848
847 867
847 868
848 849
848 868
848 869
848 870
849 850
849 870
850 851
850 870
850 871
851 852
851 871
851 872
852 853
852 872
852 873
853 854
853 873
853 874
854 855
854 874
854 875
855 856
855 875
855 876
856 857
856 876
856 877
856 878
857 858
857 878
858 859
858 878
858 879
858 880
859 880
860 861
860 901
861 862
861 901
861 902
862 863
862 902
862 903
863 864
863 903
863 904
864 865
864 904
864 905
865 866
865 905
865 906
866 867
866 906
866 907
867 868
867 907
867 908
868 869
868 908
868 909
869 870
869 909
869 910
870 871
870 910
870 911
871 872
871 911
871 912
872 873
872 912
872 913
873 874
873 913
873 914
874 875
874 914
874 915
875 876
875 915
875 916
876 877
876 916
876 917
877 878
877 917
877 918
878 879
878 918
878 919
879 880
879 919
879 920
880 920
