10613447750913275840 1676 1900
-0.003240 -0.491540 0.470409
-0.072980 -0.509144 0.493069
-0.083658 -0.509144 0.472111
-0.100291 -0.509144 0.455479
-0.121248 -0.509144 0.444801
-0.144480 -0.509144 0.441121
-0.167712 -0.509144 0.444801
-0.188670 -0.509144 0.455479
-0.205302 -0.509144 0.472111
-0.215981 -0.509144 0.493069
-0.219660 -0.509144 0.516301
-0.215981 -0.509144 0.539533
-0.205302 -0.509144 0.560491
-0.188670 -0.509144 0.577123
-0.167712 -0.509144 0.587801
-0.144480 -0.509144 0.591481
-0.121248 -0.509144 0.587801
-0.100291 -0.509144 0.577123
-0.083658 -0.509144 0.560491
-0.072980 -0.509144 0.539533
-0.069300 -0.509144 0.516301
-0.072980 -0.509144 0.493069
-0.003240 -0.491540 0.470409
0.063022 -0.462681 0.448879
0.063022 -0.462681 0.448879
0.124175 -0.423278 0.429010
0.124175 -0.423278 0.429010
0.178712 -0.374301 0.411289
0.178712 -0.374301 0.411289
0.225292 -0.316957 0.396155
0.225292 -0.316957 0.396155
0.262766 -0.252658 0.383979
0.262766 -0.252658 0.383979
0.290213 -0.182986 0.375061
0.290213 -0.182986 0.375061
0.306956 -0.109657 0.369621
0.306956 -0.109657 0.369621
0.312583 -0.034477 0.367792
0.312583 -0.034477 0.367792
0.306956 0.040703 0.369621
0.306956 0.040703 0.369621
0.290213 0.114032 0.375061
0.290213 0.114032 0.375061
0.262766 0.183704 0.383979
0.262766 0.183704 0.383979
0.225292 0.248003 0.396155
0.225292 0.248003 0.396155
0.178712 0.305347 0.411289
0.178712 0.305347 0.411289
0.124175 0.354324 0.429010
0.124175 0.354324 0.429010
0.063022 0.393727 0.448879
0.063022 0.393727 0.448879
-0.003240 0.422586 0.470409
-0.003240 0.422586 0.470409
-0.072980 0.440191 0.493069
-0.083658 0.440191 0.472111
-0.100291 0.440191 0.455479
-0.121248 0.440191 0.444801
-0.144480 0.440191 0.441121
-0.167712 0.440191 0.444801
-0.188670 0.440191 0.455479
-0.205302 0.440191 0.472111
-0.215981 0.440191 0.493069
-0.219660 0.440191 0.516301
-0.215981 0.440191 0.539533
-0.205302 0.440191 0.560491
-0.188670 0.440191 0.577123
-0.167712 0.440191 0.587801
-0.144480 0.440191 0.591481
-0.121248 0.440191 0.587801
-0.100291 0.440191 0.577123
-0.083658 0.440191 0.560491
-0.072980 0.440191 0.539533
-0.069300 0.440191 0.516301
-0.072980 0.440191 0.493069
-0.144480 -0.515061 0.516301
-0.144480 -0.515061 0.516301
-0.144480 -0.515061 0.516301
-0.144480 -0.515061 0.516301
-0.144480 -0.515061 0.516301
-0.144480 -0.515061 0.516301
-0.144480 -0.515061 0.516301
-0.144480 -0.515061 0.516301
-0.144480 -0.515061 0.516301
-0.144480 -0.515061 0.516301
-0.144480 -0.515061 0.516301
-0.144480 -0.515061 0.516301
-0.144480 -0.515061 0.516301
-0.144480 -0.515061 0.516301
-0.144480 -0.515061 0.516301
-0.144480 -0.515061 0.516301
-0.144480 -0.515061 0.516301
-0.144480 -0.515061 0.516301
-0.144480 -0.515061 0.516301
-0.144480 -0.515061 0.516301
-0.144480 0.446107 0.516301
-0.144480 0.446107 0.516301
-0.144480 0.446107 0.516301
-0.144480 0.446107 0.516301
-0.144480 0.446107 0.516301
-0.144480 0.446107 0.516301
-0.144480 0.446107 0.516301
-0.144480 0.446107 0.516301
-0.144480 0.446107 0.516301
-0.144480 0.446107 0.516301
-0.144480 0.446107 0.516301
-0.144480 0.446107 0.516301
-0.144480 0.446107 0.516301
-0.144480 0.446107 0.516301
-0.144480 0.446107 0.516301
-0.144480 0.446107 0.516301
-0.144480 0.446107 0.516301
-0.144480 0.446107 0.516301
-0.144480 0.446107 0.516301
-0.144480 0.446107 0.516301
-0.192555 -0.031415 0.118047
-0.176699 -0.031156 0.118115
-0.192585 -0.026048 0.118878
-0.175516 -0.025821 0.118473
-0.173425 -0.008406 0.106573
-0.213813 -0.008713 0.107227
-0.209492 -0.026333 0.119487
-0.208193 -0.032735 0.118405
-0.172327 -0.032365 0.121925
-0.170301 -0.026910 0.122360
-0.167665 -0.036787 0.129196
-0.166027 -0.031944 0.127737
-0.214204 -0.027548 0.123589
-0.212808 -0.034234 0.122229
-0.218561 -0.036106 0.131400
-0.215853 -0.039916 0.131446
-0.205103 -0.034189 0.124790
-0.191678 -0.033993 0.123623
-0.178931 -0.033639 0.123337
-0.209881 -0.035559 0.127210
-0.175570 -0.034482 0.126113
-0.205119 -0.041845 0.127257
-0.202663 -0.040419 0.125204
-0.192201 -0.040435 0.122674
-0.181309 -0.039243 0.123829
-0.178417 -0.040390 0.125368
-0.173298 -0.042517 0.130819
-0.170261 -0.036892 0.132264
-0.212632 -0.040085 0.135176
-0.209560 -0.044647 0.133365
-0.154508 -0.050071 0.125220
-0.151899 -0.044851 0.124658
-0.169979 -0.044115 0.132667
-0.166828 -0.038852 0.133376
-0.159929 -0.056016 0.126779
-0.154794 -0.052412 0.128666
-0.231942 -0.047292 0.127443
-0.229801 -0.051053 0.127854
-0.228449 -0.053041 0.132298
-0.215350 -0.041781 0.135908
-0.212382 -0.046776 0.134247
-0.223120 -0.056865 0.131464
-0.239301 -0.068300 0.115624
-0.231579 -0.069650 0.117448
-0.240297 -0.064902 0.111294
-0.244162 -0.061160 0.110182
-0.146509 -0.065597 0.107336
-0.140566 -0.062256 0.106662
-0.147232 -0.067791 0.111356
-0.153698 -0.071622 0.113354
-0.151171 -0.092084 0.108605
-0.144667 -0.092199 0.108951
-0.142482 -0.092396 0.103183
-0.175507 0.010219 0.090591
-0.176379 0.054274 0.063914
-0.195325 0.054285 0.065172
-0.214819 0.053520 0.064792
-0.152965 -0.112590 0.108675
-0.145653 -0.113232 0.108671
-0.159156 -0.133142 0.108336
-0.151919 -0.135506 0.108769
-0.170569 -0.147870 0.108854
-0.165821 -0.152669 0.108996
-0.183196 -0.155697 0.108362
-0.181072 -0.162201 0.108957
-0.197604 -0.158713 0.109075
-0.198015 -0.164903 0.109108
-0.197604 -0.158713 0.109075
-0.214317 -0.153699 0.109235
-0.198015 -0.164903 0.109108
-0.217654 -0.158556 0.109158
-0.225403 -0.142623 0.109392
-0.230593 -0.146099 0.109791
-0.231982 -0.125868 0.109451
-0.238742 -0.127620 0.110150
-0.235640 -0.107579 0.110869
-0.242155 -0.108522 0.110263
-0.234634 -0.085215 0.111100
-0.241861 -0.087808 0.111626
-0.143987 -0.113011 0.101800
-0.197726 -0.166787 0.102595
-0.197726 -0.166787 0.102595
-0.240718 -0.129056 0.102847
-0.243808 -0.106317 0.102583
-0.138296 -0.091366 0.104034
-0.134569 -0.093792 0.099441
-0.135650 -0.089703 0.102392
-0.132443 -0.090818 0.098605
-0.135857 -0.100102 0.078711
-0.133561 -0.097261 0.077934
-0.137595 -0.100593 0.076545
-0.136342 -0.098376 0.074581
-0.139422 -0.102035 0.071633
-0.137811 -0.101786 0.069527
-0.140142 -0.093185 0.101552
-0.138406 -0.094058 0.098487
-0.140384 -0.113819 0.097880
-0.148222 -0.136798 0.098165
-0.162586 -0.155524 0.098356
-0.178516 -0.165622 0.098629
-0.198083 -0.168489 0.099264
-0.198083 -0.168489 0.099264
-0.219181 -0.161670 0.098596
-0.233908 -0.148618 0.098698
-0.243956 -0.128690 0.099463
-0.246713 -0.106474 0.100547
-0.243478 -0.105171 0.105107
-0.247956 -0.105553 0.105324
-0.243474 -0.087933 0.106854
-0.248224 -0.087827 0.105382
-0.240902 -0.067843 0.108719
-0.246045 -0.064133 0.107611
-0.139262 -0.072216 0.063278
-0.139959 -0.063660 0.096684
-0.142079 -0.102477 0.071939
-0.148358 -0.135560 0.072074
-0.145995 -0.136644 0.071879
-0.141452 -0.110652 0.072438
-0.138739 -0.109395 0.072258
-0.162799 -0.154392 0.072606
-0.160946 -0.156139 0.072109
-0.178582 -0.164340 0.071877
-0.177734 -0.166530 0.071446
-0.199587 -0.167078 0.072426
-0.199684 -0.169437 0.071860
-0.218595 -0.160733 0.071581
-0.220044 -0.163222 0.071903
-0.199587 -0.167078 0.072426
-0.199684 -0.169437 0.071860
-0.234391 -0.147757 0.071808
-0.236593 -0.149615 0.072113
-0.244731 -0.126813 0.073004
-0.144478 -0.137296 0.068609
-0.136395 -0.107956 0.070087
-0.252956 -0.105601 0.018966
-0.248196 -0.129104 0.019092
-0.256144 -0.106482 0.024011
-0.251076 -0.129890 0.023557
-0.200804 -0.171664 0.046225
-0.199741 -0.171652 0.068885
-0.177038 -0.168271 0.068542
-0.159303 -0.157561 0.069084
-0.200804 -0.171664 0.046225
-0.221363 -0.165437 0.068967
-0.199741 -0.171652 0.068885
-0.238692 -0.151419 0.069151
-0.151480 -0.135324 0.017678
-0.148129 -0.104006 0.017150
-0.164956 -0.154058 0.017574
-0.162182 -0.156457 0.022521
-0.180344 -0.164004 0.017984
-0.179436 -0.166590 0.023545
-0.223673 -0.160529 0.018423
-0.202114 -0.166525 0.018078
-0.201734 -0.169612 0.023608
-0.201734 -0.169612 0.023608
-0.202114 -0.166525 0.018078
-0.238733 -0.147525 0.018660
-0.257560 -0.091388 0.023661
-0.258541 -0.076873 0.023693
-0.254027 -0.091210 0.018794
-0.254706 -0.076567 0.018666
-0.252303 -0.106869 0.078302
-0.253441 -0.106891 0.080698
-0.254626 -0.104232 0.078245
-0.255465 -0.104635 0.081220
-0.250765 -0.106444 0.100073
-0.252604 -0.104077 0.100345
-0.250299 -0.104248 0.102432
-0.249081 -0.087997 0.103053
-0.266825 0.014095 0.001684
-0.269000 0.012848 0.005206
-0.264957 0.016129 0.017206
-0.265559 0.013223 0.020754
-0.265434 0.000423 0.001580
-0.268544 0.001360 0.007219
-0.263441 -0.014739 0.004294
-0.260371 -0.032335 0.009218
-0.266546 -0.014009 0.010491
-0.262637 -0.032419 0.014508
-0.256279 -0.053685 0.015563
-0.258587 -0.052837 0.020425
-0.260290 0.052147 0.027375
-0.258771 0.054203 0.023796
-0.248673 0.058171 0.039920
-0.246731 0.060893 0.037035
-0.233003 0.064783 0.054018
-0.231492 0.067839 0.051385
-0.214685 0.055622 0.060634
-0.195610 0.055666 0.061271
-0.178033 0.055641 0.059327
-0.161763 0.065807 0.053741
-0.163937 0.068131 0.050828
-0.148294 0.056577 0.040119
-0.149969 0.059252 0.037353
-0.138000 0.045421 0.023717
-0.140010 0.047572 0.020782
-0.139531 0.013884 0.019885
-0.140911 0.014531 0.016164
-0.147493 -0.077091 0.022203
-0.151534 -0.075535 0.017756
-0.195632 0.054263 0.057990
-0.214123 0.054006 0.056481
-0.179271 0.053682 0.055922
-0.229903 0.066993 0.049371
-0.164892 0.067467 0.048751
-0.152403 0.059392 0.035646
-0.142979 0.047903 0.020070
-0.145583 0.013802 0.015536
-0.243888 0.059836 0.034983
-0.255805 0.053314 0.021712
-0.260438 0.015816 0.016379
-0.263337 0.013578 0.000946
-0.253119 -0.053468 0.014791
-0.250508 -0.075850 0.018644
-0.257575 -0.031994 0.008627
-0.261078 -0.014712 0.004027
-0.263054 0.000384 0.001352
-0.249831 -0.091132 0.019018
-0.244650 -0.127510 0.019242
-0.248590 -0.104939 0.019398
-0.235664 -0.144879 0.018938
-0.221784 -0.157020 0.018649
-0.202076 -0.163063 0.018539
-0.181854 -0.161074 0.018231
-0.167448 -0.151377 0.017975
-0.202076 -0.163063 0.018539
-0.156191 -0.134008 0.017590
-0.152410 -0.104354 0.017263
-0.156925 -0.075958 0.017544
-0.142777 0.013508 -0.000703
-0.147087 -0.001332 0.000620
-0.146723 0.013958 -0.000025
-0.150390 -0.000373 0.001323
-0.144312 -0.001531 0.002878
-0.141167 0.011349 0.001377
-0.150989 -0.018385 0.003722
-0.154243 -0.017108 0.004293
-0.152942 -0.034439 0.008162
-0.152893 -0.054182 0.012907
-0.156714 -0.034819 0.008909
-0.157009 -0.054565 0.013732
-0.150439 -0.053376 0.015406
-0.148548 -0.018339 0.005294
-0.150550 -0.034142 0.010332
-0.140372 0.011836 0.013873
-0.185712 -0.012928 0.092829
-0.189607 -0.036201 0.089478
-0.205138 -0.012956 0.093356
-0.202868 -0.037663 0.089195
-0.165381 -0.018637 0.088759
-0.176543 -0.039117 0.088791
-0.231494 -0.029091 0.082829
-0.224300 -0.052079 0.089613
-0.234525 -0.069065 0.088999
-0.219346 -0.017858 0.091850
-0.212143 -0.042024 0.089559
-0.229903 0.066993 0.049371
-0.227316 0.050942 0.055645
-0.243888 0.059836 0.034983
-0.255805 0.053314 0.021712
-0.214123 0.054006 0.056481
-0.260438 0.015816 0.016379
-0.145583 0.013802 0.015536
-0.142979 0.047903 0.020070
-0.152403 0.059392 0.035646
-0.164412 0.050702 0.056032
-0.164892 0.067467 0.048751
-0.179271 0.053682 0.055922
-0.157009 -0.054565 0.013732
-0.156714 -0.034819 0.008909
-0.154243 -0.017108 0.004293
-0.150390 -0.000373 0.001323
-0.146723 0.013958 -0.000025
-0.156925 -0.075958 0.017544
-0.152410 -0.104354 0.017263
-0.160913 -0.141672 0.045904
-0.156191 -0.134008 0.017590
-0.167448 -0.151377 0.017975
-0.181854 -0.161074 0.018231
-0.190336 -0.160985 0.047035
-0.202076 -0.163063 0.018539
-0.221784 -0.157020 0.018649
-0.202076 -0.163063 0.018539
-0.190336 -0.160985 0.047035
-0.244650 -0.127510 0.019242
-0.235664 -0.144879 0.018938
-0.248590 -0.104939 0.019398
-0.257575 -0.031994 0.008627
-0.253119 -0.053468 0.014791
-0.250508 -0.075850 0.018644
-0.261078 -0.014712 0.004027
-0.263054 0.000384 0.001352
-0.263337 0.013578 0.000946
-0.156972 -0.056611 0.088331
-0.163614 -0.139888 0.086364
-0.190187 -0.157343 0.086058
-0.190187 -0.157343 0.086058
-0.155175 -0.037762 0.070934
-0.169028 0.013719 0.073636
-0.222366 0.012822 0.074414
-0.165742 -0.044880 0.090259
-0.195632 0.054263 0.057990
-0.205119 -0.041845 0.127257
-0.202663 -0.040419 0.125204
-0.192201 -0.040435 0.122674
-0.181309 -0.039243 0.123829
-0.178417 -0.040390 0.125368
-0.173298 -0.042517 0.130819
-0.209560 -0.044647 0.133365
-0.169979 -0.044115 0.132667
-0.159929 -0.056016 0.126779
-0.212382 -0.046776 0.134247
-0.223120 -0.056865 0.131464
-0.231579 -0.069650 0.117448
-0.153698 -0.071622 0.113354
-0.151171 -0.092084 0.108605
-0.152965 -0.112590 0.108675
-0.159156 -0.133142 0.108336
-0.170569 -0.147870 0.108854
-0.183196 -0.155697 0.108362
-0.197604 -0.158713 0.109075
-0.197604 -0.158713 0.109075
-0.214317 -0.153699 0.109235
-0.225403 -0.142623 0.109392
-0.231982 -0.125868 0.109451
-0.235640 -0.107579 0.110869
-0.234634 -0.085215 0.111100
-0.249310 -0.107057 0.080052
-0.248488 -0.127873 0.072556
-0.250481 -0.128647 0.070294
-0.256030 -0.104982 0.070406
-0.254008 -0.107785 0.073130
-0.248388 -0.106676 0.073695
-0.249831 -0.091132 0.019018
-0.170173 0.092606 0.052942
-0.177173 0.110189 0.047136
-0.196570 0.110406 0.047122
-0.215422 0.110290 0.047261
-0.223712 0.091925 0.052171
-0.163337 0.073344 0.055290
-0.196729 0.075468 0.057471
-0.231626 0.073178 0.056073
-0.217988 0.121526 0.032050
-0.177372 0.122567 0.031923
-0.196601 0.122977 0.024846
-0.215242 0.122551 0.025802
-0.179709 0.123332 0.025348
-0.164186 0.117737 0.019192
-0.167401 0.118060 0.013542
-0.227904 0.116163 0.014201
-0.230397 0.115645 0.020377
-0.245635 0.094484 0.009022
-0.247220 0.093371 0.015330
-0.259020 0.068232 0.003132
-0.261292 0.067367 0.009264
-0.148967 0.095280 0.013346
-0.151779 0.095941 0.007047
-0.139810 0.063736 0.008585
-0.141825 0.063590 0.000919
-0.216823 0.103183 0.014100
-0.209901 0.106190 0.023958
-0.197006 0.107407 0.024240
-0.184965 0.107319 0.024348
-0.177307 0.104037 0.012735
-0.230358 0.085262 0.008004
-0.216823 0.103183 0.014100
-0.243184 0.060083 0.000863
-0.166670 0.085913 0.007308
-0.177307 0.104037 0.012735
-0.157639 0.059744 0.001893
-0.196522 0.071768 0.056333
-0.164263 0.070438 0.053826
-0.231871 0.068776 0.054737
-0.196205 0.066296 0.044565
-0.169381 0.065055 0.042950
-0.225673 0.063056 0.043759
-0.151052 0.060493 0.039664
-0.148780 0.063008 0.039177
-0.140261 0.048877 0.020918
-0.138162 0.051809 0.021421
-0.160912 0.055948 0.032041
-0.153778 0.046226 0.017865
-0.237025 0.055299 0.031717
-0.246738 0.060716 0.040305
-0.248210 0.063246 0.040774
-0.260790 0.056275 0.026490
-0.259335 0.053762 0.025939
-0.245063 0.049397 0.020524
-0.260300 0.063975 0.008022
-0.141743 0.060635 0.006883
-0.245770 0.057038 0.005437
-0.245063 0.049397 0.020524
-0.155989 0.055902 0.006632
-0.153778 0.046226 0.017865
-0.184762 0.101510 0.030086
-0.184965 0.107319 0.024348
-0.197006 0.107407 0.024240
-0.209373 0.100776 0.029494
-0.209901 0.106190 0.023958
-0.177312 0.083201 0.036093
-0.196205 0.066296 0.044565
-0.169381 0.065055 0.042950
-0.217177 0.081522 0.035418
-0.225673 0.063056 0.043759
-0.216823 0.103183 0.014100
-0.230358 0.085262 0.008004
-0.166670 0.085913 0.007308
-0.177307 0.104037 0.012735
-0.160912 0.055948 0.032041
-0.153778 0.046226 0.017865
-0.155989 0.055902 0.006632
-0.157639 0.059744 0.001893
-0.237025 0.055299 0.031717
-0.245063 0.049397 0.020524
-0.245770 0.057038 0.005437
-0.243184 0.060083 0.000863
-0.251145 -0.109973 0.233874
-0.244080 -0.104007 0.235564
-0.251744 -0.108908 0.232820
-0.244142 -0.103294 0.234724
-0.244994 -0.121758 0.202478
-0.249936 -0.109235 0.202250
-0.236163 -0.118379 0.201442
-0.242749 -0.103998 0.201413
-0.244742 -0.122644 0.203446
-0.236275 -0.119568 0.202654
-0.245374 -0.123115 0.232297
-0.236832 -0.119979 0.234590
-0.244142 -0.103294 0.234724
-0.247460 -0.105498 0.231384
-0.249373 -0.107116 0.231167
-0.246987 -0.105991 0.206278
-0.250760 -0.107912 0.203158
-0.243620 -0.102937 0.202247
-0.245281 -0.104431 0.205876
-0.249405 -0.086992 0.230310
-0.248235 -0.087902 0.205215
-0.248115 -0.088746 0.233461
-0.246334 -0.089174 0.201623
-0.247460 -0.105498 0.231384
-0.244142 -0.103294 0.234724
-0.245281 -0.104431 0.205876
-0.243620 -0.102937 0.202247
-0.236236 -0.064159 0.209243
-0.236851 -0.065595 0.207364
-0.240381 -0.063138 0.209376
-0.240968 -0.064328 0.207904
-0.237948 -0.068255 0.206298
-0.241958 -0.066360 0.206934
-0.236851 -0.065595 0.207364
-0.236804 -0.063557 0.223911
-0.240990 -0.062645 0.223408
-0.237197 -0.064095 0.226831
-0.241845 -0.063425 0.225942
-0.237197 -0.064095 0.226831
-0.237811 -0.065767 0.228695
-0.242981 -0.065106 0.227300
-0.255222 -0.082120 0.227666
-0.255249 -0.082269 0.230696
-0.245293 -0.088758 0.201502
-0.247060 -0.088113 0.233458
-0.248115 -0.088746 0.233461
-0.247060 -0.088113 0.233458
-0.247728 -0.087555 0.234293
-0.254564 -0.081452 0.231691
-0.241851 -0.064768 0.208535
-0.242709 -0.066280 0.207702
-0.253504 -0.081019 0.203597
-0.252960 -0.081712 0.202277
-0.253730 -0.082426 0.203402
-0.245293 -0.088758 0.201502
-0.246334 -0.089174 0.201623
-0.245993 -0.088426 0.200800
-0.236147 -0.066978 0.207971
-0.236147 -0.066978 0.207971
-0.236822 -0.066015 0.225885
-0.236822 -0.066015 0.225885
-0.248235 -0.087902 0.205215
-0.250883 -0.085084 0.205191
-0.246334 -0.089174 0.201623
-0.249405 -0.086992 0.230310
-0.248115 -0.088746 0.233461
-0.252616 -0.084610 0.229879
-0.253760 -0.081097 0.206329
-0.253819 -0.082557 0.206045
-0.236822 -0.066015 0.225885
-0.236147 -0.066978 0.207971
-0.236275 -0.119568 0.202654
-0.243620 -0.102937 0.202247
-0.237198 -0.119018 0.235559
-0.245999 -0.122364 0.233389
-0.236832 -0.119979 0.234590
-0.245868 -0.121874 0.203644
-0.246517 -0.122272 0.231722
-0.251777 -0.110701 0.232316
-0.251324 -0.109743 0.203251
-0.242749 -0.103998 0.201413
-0.242057 -0.103680 0.202273
-0.236275 -0.119568 0.202654
-0.236163 -0.118379 0.201442
-0.235385 -0.118128 0.202667
-0.242843 -0.103761 0.234913
-0.244080 -0.104007 0.235564
-0.237198 -0.119018 0.235559
-0.236059 -0.118689 0.234591
-0.236832 -0.119979 0.234590
-0.252129 -0.096906 0.230419
-0.249245 -0.096566 0.231019
-0.247045 -0.096531 0.205547
-0.249245 -0.096566 0.231019
-0.247045 -0.096531 0.205547
-0.249229 -0.097011 0.205845
-0.251563 -0.108313 0.271020
-0.243690 -0.102816 0.273597
-0.251870 -0.107317 0.270320
-0.243885 -0.101733 0.272896
-0.245304 -0.120814 0.240766
-0.249629 -0.108352 0.240193
-0.236442 -0.118505 0.239805
-0.241925 -0.103469 0.239233
-0.244984 -0.121811 0.241759
-0.236036 -0.119399 0.240913
-0.246314 -0.121323 0.270617
-0.237738 -0.118850 0.273020
-0.243885 -0.101733 0.272896
-0.247720 -0.104465 0.268994
-0.250378 -0.105732 0.269080
-0.246840 -0.105470 0.244045
-0.250110 -0.107363 0.241354
-0.242259 -0.102362 0.240069
-0.245498 -0.104447 0.243554
-0.251162 -0.084518 0.266840
-0.250027 -0.086398 0.242783
-0.249217 -0.086576 0.270614
-0.247640 -0.088536 0.239007
-0.245498 -0.104447 0.243554
-0.247720 -0.104465 0.268994
-0.242259 -0.102362 0.240069
-0.243885 -0.101733 0.272896
-0.242376 -0.061884 0.246275
-0.238112 -0.062815 0.246181
-0.242626 -0.062817 0.244468
-0.238337 -0.063935 0.243952
-0.243728 -0.064484 0.243323
-0.239252 -0.066428 0.242629
-0.238337 -0.063935 0.243952
-0.238971 -0.061700 0.260814
-0.243214 -0.060722 0.260405
-0.239389 -0.062414 0.263216
-0.243850 -0.061536 0.262486
-0.239389 -0.062414 0.263216
-0.240130 -0.064204 0.264672
-0.245058 -0.063256 0.263655
-0.256265 -0.079422 0.264460
-0.256202 -0.080513 0.264615
-0.256280 -0.079316 0.267323
-0.256665 -0.080717 0.267878
-0.246343 -0.088628 0.238738
-0.247698 -0.085915 0.270721
-0.249217 -0.086576 0.270614
-0.247698 -0.085915 0.270721
-0.248692 -0.085628 0.271605
-0.255841 -0.079590 0.268445
-0.245382 -0.062836 0.262780
-0.244600 -0.061798 0.261690
-0.244041 -0.061238 0.259952
-0.243569 -0.062922 0.244789
-0.243301 -0.062157 0.246499
-0.244530 -0.064521 0.244229
-0.254126 -0.081556 0.239610
-0.254794 -0.082350 0.240112
-0.246343 -0.088628 0.238738
-0.247640 -0.088536 0.239007
-0.247122 -0.087737 0.238396
-0.238230 -0.065177 0.244833
-0.238230 -0.065177 0.244833
-0.239107 -0.063500 0.262692
-0.239107 -0.063500 0.262692
-0.247640 -0.088536 0.239007
-0.252307 -0.084493 0.242219
-0.250027 -0.086398 0.242783
-0.251162 -0.084518 0.266840
-0.249217 -0.086576 0.270614
-0.253450 -0.083930 0.266733
-0.254865 -0.080970 0.243325
-0.255142 -0.082361 0.243126
-0.239107 -0.063500 0.262692
-0.238230 -0.065177 0.244833
-0.236036 -0.119399 0.240913
-0.242259 -0.102362 0.240069
-0.238347 -0.117426 0.274067
-0.246991 -0.120340 0.271558
-0.237738 -0.118850 0.273020
-0.245992 -0.120813 0.241858
-0.251570 -0.108952 0.269458
-0.250456 -0.108574 0.241440
-0.241925 -0.103469 0.239233
-0.240659 -0.103205 0.240434
-0.236036 -0.119399 0.240913
-0.236442 -0.118505 0.239805
-0.235224 -0.117784 0.240901
-0.242496 -0.102281 0.272735
-0.243690 -0.102816 0.273597
-0.238347 -0.117426 0.274067
-0.236759 -0.117424 0.273075
-0.237738 -0.118850 0.273020
-0.250593 -0.094227 0.268377
-0.253401 -0.094481 0.267930
-0.248330 -0.095178 0.243132
-0.250593 -0.094227 0.268377
-0.250641 -0.095345 0.243460
-0.248330 -0.095178 0.243132
-0.250606 -0.107668 0.195225
-0.250045 -0.108629 0.196432
-0.242596 -0.102506 0.196309
-0.242168 -0.103235 0.197280
-0.247833 -0.121571 0.164879
-0.252222 -0.108725 0.165128
-0.239112 -0.119058 0.163058
-0.243735 -0.104327 0.163481
-0.247280 -0.122770 0.165919
-0.238336 -0.120190 0.163950
-0.245668 -0.122354 0.195131
-0.236285 -0.119499 0.196460
-0.242596 -0.102506 0.196309
-0.246186 -0.104945 0.193176
-0.248731 -0.106224 0.193048
-0.252526 -0.107979 0.166054
-0.248057 -0.105651 0.168095
-0.244390 -0.103212 0.164040
-0.246070 -0.104234 0.167807
-0.248429 -0.085793 0.192844
-0.248153 -0.087999 0.168055
-0.246070 -0.088045 0.195814
-0.247613 -0.088323 0.164030
-0.246186 -0.104945 0.193176
-0.242596 -0.102506 0.196309
-0.246070 -0.104234 0.167807
-0.244390 -0.103212 0.164040
-0.240099 -0.061982 0.172023
-0.236519 -0.063435 0.172069
-0.240567 -0.062835 0.170165
-0.236334 -0.064411 0.169520
-0.241880 -0.064511 0.168956
-0.237154 -0.066091 0.167975
-0.236334 -0.064411 0.169520
-0.239579 -0.062325 0.186136
-0.236392 -0.063187 0.186054
-0.236548 -0.063977 0.188268
-0.240088 -0.063132 0.188121
-0.236548 -0.063977 0.188268
-0.236594 -0.065729 0.189776
-0.241118 -0.064712 0.189173
-0.253456 -0.080218 0.190584
-0.253450 -0.081076 0.190636
-0.252921 -0.080199 0.193937
-0.253029 -0.080941 0.194261
-0.246393 -0.087858 0.163951
-0.244801 -0.087731 0.195845
-0.246070 -0.088045 0.195814
-0.244801 -0.087731 0.195845
-0.245658 -0.087119 0.196612
-0.252798 -0.080142 0.194945
-0.254209 -0.080497 0.165521
-0.254609 -0.080204 0.166582
-0.254621 -0.081413 0.166053
-0.246393 -0.087858 0.163951
-0.247613 -0.088323 0.164030
-0.247330 -0.087662 0.163098
-0.236176 -0.065593 0.170263
-0.236176 -0.065593 0.170263
-0.235198 -0.064966 0.187921
-0.235198 -0.064966 0.187921
-0.248153 -0.087999 0.168055
-0.250801 -0.084427 0.168534
-0.247613 -0.088323 0.164030
-0.251377 -0.082931 0.192717
-0.248429 -0.085793 0.192844
-0.246070 -0.088045 0.195814
-0.254608 -0.080017 0.169178
-0.254512 -0.081373 0.168866
-0.235198 -0.064966 0.187921
-0.236176 -0.065593 0.170263
-0.238336 -0.120190 0.163950
-0.244390 -0.103212 0.164040
-0.236816 -0.118303 0.197327
-0.245728 -0.120998 0.196180
-0.236285 -0.119499 0.196460
-0.248622 -0.121424 0.166371
-0.246653 -0.121051 0.195007
-0.250922 -0.109237 0.195127
-0.252997 -0.109187 0.166010
-0.243735 -0.104327 0.163481
-0.243253 -0.104288 0.165267
-0.238336 -0.120190 0.163950
-0.239112 -0.119058 0.163058
-0.237889 -0.118966 0.163938
-0.241549 -0.103057 0.196315
-0.242168 -0.103235 0.197280
-0.236816 -0.118303 0.197327
-0.235753 -0.118054 0.196451
-0.236285 -0.119499 0.196460
-0.250856 -0.095347 0.192962
-0.248098 -0.095172 0.193279
-0.248098 -0.095172 0.193279
-0.247463 -0.094970 0.168185
-0.247463 -0.094970 0.168185
-0.249840 -0.094920 0.168463
-0.258687 -0.097757 0.362518
-0.249694 -0.092867 0.363872
-0.258907 -0.096994 0.361486
-0.249839 -0.091966 0.362903
-0.252621 -0.115363 0.334242
-0.256416 -0.103040 0.331719
-0.243175 -0.113088 0.333222
-0.247454 -0.099239 0.330830
-0.252594 -0.116393 0.335508
-0.242768 -0.113822 0.334379
-0.254165 -0.111451 0.364349
-0.244621 -0.108362 0.365933
-0.249839 -0.091966 0.362903
-0.253820 -0.094138 0.360694
-0.251445 -0.092527 0.360913
-0.252289 -0.099070 0.336184
-0.257336 -0.101998 0.332649
-0.248109 -0.097493 0.331361
-0.250446 -0.097490 0.335112
-0.256346 -0.076863 0.357211
-0.254879 -0.084223 0.332699
-0.254662 -0.077632 0.360537
-0.253838 -0.085201 0.329613
-0.251445 -0.092527 0.360913
-0.249839 -0.091966 0.362903
-0.250446 -0.097490 0.335112
-0.248109 -0.097493 0.331361
-0.251064 -0.057009 0.331947
-0.246410 -0.057641 0.331936
-0.251363 -0.058197 0.330234
-0.246611 -0.059110 0.329789
-0.252350 -0.060303 0.329454
-0.247426 -0.061894 0.328641
-0.246611 -0.059110 0.329789
-0.251224 -0.053913 0.345897
-0.246488 -0.054238 0.346239
-0.246952 -0.054632 0.348753
-0.251656 -0.054503 0.348065
-0.246952 -0.054632 0.348753
-0.247704 -0.056229 0.350622
-0.252540 -0.056106 0.349446
-0.262844 -0.072615 0.353889
-0.262351 -0.073618 0.354044
-0.262496 -0.071902 0.357453
-0.262217 -0.072780 0.357701
-0.253220 -0.084640 0.329324
-0.253604 -0.076950 0.360030
-0.254662 -0.077632 0.360537
-0.253604 -0.076950 0.360030
-0.254407 -0.076614 0.361115
-0.261961 -0.071763 0.358077
-0.253175 -0.056424 0.348815
-0.252305 -0.054898 0.347410
-0.261862 -0.078358 0.329207
-0.262307 -0.077875 0.330387
-0.262720 -0.079013 0.330033
-0.253220 -0.084640 0.329324
-0.253838 -0.085201 0.329613
-0.253919 -0.084675 0.328748
-0.246469 -0.060520 0.331034
-0.246469 -0.060520 0.331034
-0.246514 -0.056015 0.348323
-0.246514 -0.056015 0.348323
-0.254879 -0.084223 0.332699
-0.259514 -0.080791 0.332293
-0.253838 -0.085201 0.329613
-0.256346 -0.076863 0.357211
-0.254662 -0.077632 0.360537
-0.258809 -0.075683 0.355971
-0.262493 -0.078693 0.332489
-0.246514 -0.056015 0.348323
-0.246469 -0.060520 0.331034
-0.242768 -0.113822 0.334379
-0.248109 -0.097493 0.331361
-0.245124 -0.106780 0.366644
-0.254641 -0.110198 0.364871
-0.244621 -0.108362 0.365933
-0.253510 -0.115351 0.335568
-0.257555 -0.103288 0.333030
-0.247454 -0.099239 0.330830
-0.242768 -0.113822 0.334379
-0.243175 -0.113088 0.333222
-0.249694 -0.092867 0.363872
-0.245124 -0.106780 0.366644
-0.244621 -0.108362 0.365933
-0.256534 -0.085394 0.358547
-0.253920 -0.085128 0.358966
-0.253028 -0.089938 0.333892
-0.253920 -0.085128 0.358966
-0.253028 -0.089938 0.333892
-0.255834 -0.090081 0.334442
-0.262830 -0.086536 0.404555
-0.254723 -0.082354 0.406365
-0.262873 -0.085715 0.403132
-0.254442 -0.081418 0.405124
-0.255835 -0.105955 0.377090
-0.259377 -0.093261 0.374233
-0.247639 -0.104547 0.376526
-0.250995 -0.089952 0.373081
-0.255659 -0.107023 0.378129
-0.246939 -0.105498 0.377923
-0.259181 -0.100775 0.406904
-0.250259 -0.098532 0.408973
-0.254442 -0.081418 0.405124
-0.257307 -0.082844 0.402698
-0.259515 -0.084520 0.402629
-0.255415 -0.089848 0.377945
-0.259383 -0.091748 0.375414
-0.251207 -0.088292 0.373642
-0.253439 -0.088107 0.377618
-0.258274 -0.065003 0.397151
-0.257520 -0.071389 0.373295
-0.255442 -0.064868 0.400508
-0.255180 -0.074323 0.369995
-0.257307 -0.082844 0.402698
-0.254442 -0.081418 0.405124
-0.253439 -0.088107 0.377618
-0.251207 -0.088292 0.373642
-0.251906 -0.045986 0.370703
-0.247201 -0.046580 0.370731
-0.252165 -0.047359 0.369138
-0.247359 -0.048190 0.368683
-0.253168 -0.049472 0.368415
-0.248124 -0.051054 0.367713
-0.247359 -0.048190 0.368683
-0.247606 -0.042345 0.384779
-0.252246 -0.041983 0.384415
-0.248002 -0.042620 0.387331
-0.252705 -0.042360 0.386660
-0.248002 -0.042620 0.387331
-0.248656 -0.044174 0.389119
-0.253693 -0.043867 0.388254
-0.263657 -0.060316 0.393462
-0.263153 -0.061300 0.393687
-0.263356 -0.059366 0.396975
-0.263068 -0.060222 0.397282
-0.254039 -0.073717 0.369799
-0.254202 -0.064389 0.400446
-0.255442 -0.064868 0.400508
-0.254202 -0.064389 0.400446
-0.255258 -0.063641 0.400781
-0.262830 -0.059178 0.397593
-0.254425 -0.044232 0.387528
-0.253466 -0.042851 0.385993
-0.253044 -0.042649 0.384140
-0.252679 -0.046437 0.371382
-0.262651 -0.067509 0.369317
-0.263248 -0.066854 0.370533
-0.263195 -0.068263 0.370080
-0.254039 -0.073717 0.369799
-0.255180 -0.074323 0.369995
-0.254956 -0.073895 0.368922
-0.247211 -0.049512 0.370019
-0.247211 -0.049512 0.370019
-0.247473 -0.043929 0.387016
-0.247473 -0.043929 0.387016
-0.257520 -0.071389 0.373295
-0.259989 -0.069842 0.372483
-0.255180 -0.074323 0.369995
-0.260419 -0.063321 0.396089
-0.258274 -0.065003 0.397151
-0.255442 -0.064868 0.400508
-0.263300 -0.066103 0.373154
-0.263215 -0.067469 0.372780
-0.247473 -0.043929 0.387016
-0.247211 -0.049512 0.370019
-0.246939 -0.105498 0.377923
-0.251207 -0.088292 0.373642
-0.250636 -0.097121 0.409939
-0.259718 -0.099196 0.407388
-0.250259 -0.098532 0.408973
-0.256679 -0.105857 0.378321
-0.260394 -0.099448 0.405757
-0.263683 -0.087181 0.403383
-0.260216 -0.093133 0.375835
-0.250995 -0.089952 0.373081
-0.249866 -0.089057 0.374135
-0.246939 -0.105498 0.377923
-0.247639 -0.104547 0.376526
-0.245603 -0.104369 0.377403
-0.253670 -0.082827 0.405184
-0.254723 -0.082354 0.406365
-0.250636 -0.097121 0.409939
-0.249703 -0.096812 0.408382
-0.250259 -0.098532 0.408973
-0.260625 -0.073373 0.399492
-0.257638 -0.073280 0.399698
-0.255814 -0.079601 0.375570
-0.257638 -0.073280 0.399698
-0.255814 -0.079601 0.375570
-0.258098 -0.079951 0.375461
-0.266643 -0.072132 0.445041
-0.257070 -0.068679 0.446786
-0.266657 -0.071436 0.443940
-0.256991 -0.067854 0.445745
-0.261659 -0.092882 0.418754
-0.263118 -0.080370 0.415018
-0.251916 -0.092278 0.418373
-0.253601 -0.078177 0.414612
-0.261898 -0.093788 0.420091
-0.251723 -0.092965 0.419611
-0.264654 -0.086169 0.448252
-0.254861 -0.084556 0.450405
-0.256991 -0.067854 0.445745
-0.261116 -0.069529 0.443372
-0.258524 -0.068315 0.443672
-0.259078 -0.076844 0.419333
-0.263912 -0.079114 0.415787
-0.253986 -0.076307 0.414955
-0.256549 -0.075597 0.418485
-0.260007 -0.050998 0.437021
-0.260131 -0.059167 0.413506
-0.258120 -0.051467 0.440414
-0.257793 -0.062255 0.410348
-0.258524 -0.068315 0.443672
-0.256991 -0.067854 0.445745
-0.256549 -0.075597 0.418485
-0.253986 -0.076307 0.414955
-0.254386 -0.033930 0.409821
-0.249684 -0.034544 0.409893
-0.254646 -0.035368 0.408317
-0.249842 -0.036241 0.407917
-0.255657 -0.037507 0.407684
-0.250617 -0.039142 0.407071
-0.249842 -0.036241 0.407917
-0.250119 -0.029693 0.423740
-0.254756 -0.029325 0.423343
-0.250525 -0.029853 0.426300
-0.255225 -0.029602 0.425601
-0.250525 -0.029853 0.426300
-0.251193 -0.031325 0.428153
-0.256226 -0.031033 0.427255
-0.266287 -0.047190 0.433143
-0.265788 -0.048166 0.433414
-0.265994 -0.046088 0.436612
-0.265711 -0.046931 0.436958
-0.256648 -0.061663 0.410129
-0.256877 -0.050996 0.440336
-0.258120 -0.051467 0.440414
-0.256877 -0.050996 0.440336
-0.257931 -0.050229 0.440633
-0.265470 -0.045876 0.437224
-0.256956 -0.031426 0.426544
-0.255985 -0.030118 0.424953
-0.255556 -0.030000 0.423095
-0.255163 -0.034347 0.410517
-0.265229 -0.055442 0.409342
-0.265827 -0.054732 0.410526
-0.265779 -0.056160 0.410136
-0.256648 -0.061663 0.410129
-0.257793 -0.062255 0.410348
-0.257563 -0.061876 0.409257
-0.249705 -0.037504 0.409311
-0.249705 -0.037504 0.409311
-0.250002 -0.031177 0.426045
-0.250002 -0.031177 0.426045
-0.260131 -0.059167 0.413506
-0.262590 -0.057647 0.412618
-0.257793 -0.062255 0.410348
-0.260007 -0.050998 0.437021
-0.258120 -0.051467 0.440414
-0.262254 -0.049971 0.435600
-0.265885 -0.053867 0.413111
-0.265805 -0.055247 0.412798
-0.250002 -0.031177 0.426045
-0.249705 -0.037504 0.409311
-0.251723 -0.092965 0.419611
-0.253986 -0.076307 0.414955
-0.255137 -0.082858 0.450953
-0.264946 -0.084815 0.448638
-0.254861 -0.084556 0.450405
-0.262625 -0.092609 0.419996
-0.264373 -0.080313 0.416242
-0.253601 -0.078177 0.414612
-0.251723 -0.092965 0.419611
-0.251916 -0.092278 0.418373
-0.257070 -0.068679 0.446786
-0.255137 -0.082858 0.450953
-0.254861 -0.084556 0.450405
-0.262229 -0.059964 0.439970
-0.259345 -0.059879 0.440294
-0.258545 -0.067496 0.416272
-0.259345 -0.059879 0.440294
-0.258545 -0.067496 0.416272
-0.260775 -0.067412 0.416058
-0.214980 0.050878 0.506636
-0.192292 0.059829 0.517263
-0.202066 0.057482 0.455806
-0.200161 0.050953 0.433810
-0.200186 0.039557 0.412503
-0.200368 0.026564 0.393074
-0.183588 0.017196 0.374029
-0.199791 0.014940 0.376730
-0.198641 0.003854 0.365944
-0.184807 0.008172 0.362183
-0.182469 0.014181 0.365783
-0.163567 0.014116 0.364553
-0.175402 0.065996 0.524200
-0.169627 0.066488 0.536499
-0.144459 0.067297 0.534829
-0.144344 0.058556 0.537461
-0.171392 0.057164 0.538268
-0.222255 0.040313 0.499615
-0.176812 0.062808 0.526075
-0.191978 0.056906 0.519093
-0.213845 0.047357 0.509191
-0.221241 0.037619 0.502421
-0.228033 0.031329 0.493349
-0.228373 0.028841 0.494669
-0.229589 0.023765 0.476354
-0.172225 0.064217 0.534237
-0.173521 0.057942 0.535725
-0.193558 0.055603 0.525794
-0.191497 0.049327 0.528163
-0.212271 0.038843 0.519292
-0.216482 0.045931 0.516787
-0.224904 0.035939 0.510195
-0.219501 0.029702 0.513945
-0.227980 0.031416 0.508129
-0.222044 0.025839 0.512151
-0.231266 0.022729 0.516042
-0.223657 0.017070 0.516257
-0.234965 -0.001244 0.513317
-0.244431 -0.001018 0.514289
-0.237249 0.016074 0.507301
-0.235113 0.022334 0.497441
-0.244823 0.000928 0.506816
-0.243468 -0.023999 0.499475
-0.252082 -0.023237 0.500824
-0.255424 -0.046814 0.485318
-0.247389 -0.047499 0.483750
-0.253998 -0.055426 0.483283
-0.246464 -0.055200 0.481327
-0.242541 -0.114807 0.469325
-0.225345 -0.136361 0.444105
-0.236159 -0.110378 0.467080
-0.220084 -0.130337 0.443176
-0.210341 -0.142520 0.428315
-0.214729 -0.148640 0.429823
-0.199992 -0.154551 0.413743
-0.204109 -0.160875 0.415504
-0.185591 -0.161629 0.410274
-0.188049 -0.169132 0.411639
-0.173410 -0.165173 0.408411
-0.174636 -0.173283 0.409557
-0.161249 -0.166565 0.407355
-0.159879 -0.174041 0.408080
-0.144731 -0.163235 0.406299
-0.142016 -0.170511 0.406246
-0.128309 -0.155721 0.406451
-0.122939 -0.162296 0.405728
-0.106432 -0.143198 0.424259
-0.112182 -0.137229 0.424411
-0.093272 -0.115206 0.446758
-0.086557 -0.117193 0.446102
-0.082687 -0.084374 0.450311
-0.074997 -0.084683 0.449123
-0.074039 -0.054075 0.454473
-0.065964 -0.055312 0.452475
-0.065964 -0.055312 0.452475
-0.063019 -0.041697 0.464045
-0.074039 -0.054075 0.454473
-0.071343 -0.041170 0.465526
-0.068669 -0.028285 0.476607
-0.060128 -0.027791 0.475284
-0.066841 -0.013761 0.487891
-0.058692 -0.012884 0.487532
-0.057662 -0.000044 0.496925
-0.066379 0.021127 0.499709
-0.065426 -0.001879 0.497304
-0.076198 0.017943 0.499847
-0.076316 0.021232 0.496696
-0.068968 0.026953 0.493724
-0.084340 0.037476 0.505903
-0.079659 0.044809 0.503847
-0.102695 0.048534 0.518632
-0.100651 0.054620 0.517061
-0.121040 0.059561 0.531405
-0.121869 0.064197 0.530095
-0.124174 0.066108 0.532625
-0.123088 0.057410 0.534921
-0.119880 0.065238 0.520050
-0.118274 0.061857 0.520815
-0.116338 0.050254 0.523443
-0.116281 0.054042 0.521834
-0.100582 0.054042 0.509403
-0.100943 0.045369 0.512797
-0.068174 0.002380 0.489101
-0.085744 0.036996 0.503262
-0.076607 0.021579 0.494341
-0.070684 0.004760 0.486193
-0.076274 -0.040131 0.450654
-0.076274 -0.040131 0.450654
-0.089722 -0.095609 0.432507
-0.108956 -0.130406 0.409277
-0.137283 -0.158586 0.387712
-0.169574 -0.168037 0.389634
-0.195671 -0.158834 0.392496
-0.217563 -0.134924 0.417358
-0.237070 -0.107665 0.448163
-0.245962 -0.052748 0.462597
-0.244014 -0.023960 0.484563
-0.237457 -0.001084 0.501593
-0.226878 0.011328 0.501901
-0.223419 0.022534 0.506105
-0.218507 0.028198 0.509285
-0.209960 0.037915 0.514698
-0.189521 0.047955 0.523713
-0.179954 0.052527 0.528189
-0.178238 0.050327 0.528440
-0.187555 0.046056 0.523977
-0.216449 0.026804 0.510324
-0.123843 0.047220 0.519884
-0.102333 0.041343 0.514328
-0.108288 0.037509 0.512057
-0.078969 0.019825 0.497331
-0.088075 0.032269 0.505820
-0.092745 0.027991 0.503993
-0.085167 0.017293 0.496076
-0.072340 0.004733 0.488559
-0.079203 0.004592 0.488791
-0.073102 -0.003248 0.475551
-0.178390 0.044178 0.521631
-0.207504 0.028352 0.510785
-0.163780 0.008082 0.365416
-0.182186 0.007963 0.366467
-0.183670 0.005839 0.364057
-0.200353 -0.000190 0.362720
-0.187550 0.004218 0.360038
-0.186631 0.003129 0.359996
-0.145761 0.007517 0.363769
-0.145085 0.012784 0.362703
-0.142464 0.008898 0.359048
-0.127413 0.003979 0.360683
-0.142996 0.006111 0.359919
-0.143312 0.004928 0.360401
-0.140874 0.003189 0.355501
-0.141627 0.002151 0.355498
-0.127643 -0.000756 0.355861
-0.239075 0.016913 0.507066
-0.247809 0.002095 0.506387
-0.247039 -0.004509 0.505398
-0.250421 -0.003214 0.505000
-0.251659 -0.021141 0.495628
-0.255821 -0.019765 0.495275
-0.260377 -0.035528 0.484089
-0.255405 -0.040757 0.482274
-0.248692 -0.084300 0.463808
-0.248688 -0.085347 0.476920
-0.254088 -0.055930 0.469756
-0.243412 -0.112711 0.457947
-0.228012 -0.133478 0.431705
-0.217582 -0.146952 0.416577
-0.207598 -0.159885 0.401305
-0.160330 -0.176194 0.395471
-0.142486 -0.171411 0.393160
-0.122509 -0.161509 0.392688
-0.101688 -0.136961 0.411972
-0.085339 -0.114634 0.432192
-0.078012 -0.086547 0.435401
-0.070991 -0.055588 0.437645
-0.073876 0.028220 0.487536
-0.082970 0.046031 0.498004
-0.071533 0.023869 0.485273
-0.063267 0.013885 0.491420
-0.059087 0.001952 0.489931
-0.059524 -0.009405 0.480978
-0.061658 -0.023586 0.469452
-0.064219 -0.036610 0.458833
-0.070991 -0.055588 0.437645
-0.066513 -0.045952 0.449074
-0.059120 -0.035572 0.457925
-0.057673 -0.023058 0.467799
-0.056449 -0.008602 0.479635
-0.056756 0.002910 0.488771
-0.062298 0.014566 0.490707
-0.119793 0.024465 0.387559
-0.114912 0.036034 0.405068
-0.109105 0.046809 0.426064
-0.101965 0.053967 0.449951
-0.100200 0.057575 0.506852
-0.082855 0.049316 0.495347
-0.073569 0.030590 0.485416
-0.072099 0.027204 0.483882
-0.074619 0.016876 0.466033
-0.093319 0.054545 0.473575
-0.124102 0.012861 0.371144
-0.134390 -0.016654 0.316114
-0.203051 -0.014687 0.321534
-0.141561 -0.028798 0.271121
-0.173346 -0.019689 0.271950
-0.206548 -0.027664 0.274886
-0.147585 -0.035994 0.227824
-0.178149 -0.026712 0.228978
-0.153091 -0.040945 0.186102
-0.182629 -0.031091 0.187271
-0.153938 -0.042857 0.162312
-0.163968 -0.034664 0.166383
-0.205449 -0.037318 0.169678
-0.216521 -0.043867 0.167175
-0.184226 -0.033229 0.168578
-0.260329 -0.039201 0.449305
-0.262416 -0.045976 0.459006
-0.255357 -0.036757 0.450542
-0.260847 -0.044017 0.465144
-0.241140 -0.082789 0.474325
-0.241619 -0.081826 0.454954
-0.254989 -0.047626 0.473457
-0.254598 -0.052143 0.468753
-0.258845 -0.042185 0.480614
-0.246420 -0.112757 0.456431
-0.210051 -0.162014 0.401817
-0.237024 -0.135721 0.428540
-0.226139 -0.149495 0.411539
-0.214410 -0.162423 0.396633
-0.249897 -0.113490 0.453581
-0.175949 -0.176106 0.396509
-0.190326 -0.170682 0.399293
-0.176276 -0.180101 0.396642
-0.191672 -0.173685 0.398791
-0.159449 -0.180557 0.395101
-0.140420 -0.175401 0.393134
-0.120594 -0.163766 0.391949
-0.099645 -0.138164 0.411900
-0.083361 -0.115084 0.431727
-0.075647 -0.086937 0.435342
-0.069672 -0.057336 0.437421
-0.117955 -0.164351 0.385670
-0.095364 -0.138542 0.407093
-0.080170 -0.115147 0.427499
-0.073249 -0.088673 0.431460
-0.206867 -0.169000 0.290173
-0.143939 -0.164325 0.285035
-0.067900 -0.065224 0.433377
-0.060817 -0.043775 0.448573
-0.068082 -0.054703 0.435829
-0.067630 -0.062547 0.430322
-0.071100 -0.068668 0.414208
-0.134385 -0.150970 0.271461
-0.097090 -0.097739 0.317097
-0.107643 -0.100119 0.282383
-0.078562 -0.083940 0.381188
-0.174377 -0.171836 0.280493
-0.158454 -0.166828 0.279292
-0.148659 -0.161595 0.278339
-0.139269 -0.148007 0.264556
-0.111155 -0.100681 0.274740
-0.217975 -0.159533 0.275757
-0.214497 -0.156518 0.268346
-0.228630 -0.135992 0.274578
-0.251613 -0.084891 0.463998
-0.255735 -0.056412 0.469630
-0.256249 -0.052248 0.468820
-0.256901 -0.053532 0.462146
-0.255797 -0.051963 0.465891
-0.254873 -0.087755 0.459371
-0.179295 -0.167178 0.224424
-0.165078 -0.158349 0.183049
-0.183597 -0.166691 0.184010
-0.204309 -0.168460 0.156936
-0.169515 -0.163286 0.154193
-0.187537 -0.170072 0.155144
-0.188011 -0.166260 0.149676
-0.204907 -0.166319 0.150599
-0.172833 -0.161359 0.148377
-0.158921 -0.150068 0.142045
-0.165595 -0.149584 0.139079
-0.162142 -0.145074 0.137845
-0.140116 -0.115997 0.141667
-0.144488 -0.113485 0.138544
-0.132332 -0.101068 0.141539
-0.140145 -0.094557 0.139048
-0.224090 -0.157631 0.146071
-0.218530 -0.158181 0.142303
-0.222065 -0.153997 0.141241
-0.233189 -0.141052 0.145064
-0.229377 -0.138345 0.141053
-0.217836 -0.150046 0.140910
-0.223927 -0.135276 0.140709
-0.214595 -0.153864 0.142089
-0.202788 -0.159716 0.149641
-0.188175 -0.160923 0.148724
-0.176103 -0.156903 0.147441
-0.170028 -0.145725 0.140428
-0.167098 -0.141263 0.137634
-0.149622 -0.110368 0.138683
-0.122575 -0.101300 0.229055
-0.132481 -0.101028 0.182836
-0.134377 -0.101106 0.156552
-0.148461 -0.131184 0.141793
-0.152381 -0.127536 0.138358
-0.157400 -0.124127 0.138203
-0.236575 -0.120441 0.141417
-0.244348 -0.094345 0.142207
-0.230390 -0.118152 0.142115
-0.238517 -0.092744 0.142085
-0.240945 -0.122141 0.145289
-0.247265 -0.097990 0.145645
-0.097090 -0.097739 0.317097
-0.107643 -0.100119 0.282383
-0.093139 -0.095440 0.315404
-0.104028 -0.098574 0.280320
-0.078562 -0.083940 0.381188
-0.074411 -0.080578 0.380379
-0.071100 -0.068668 0.414208
-0.066971 -0.066204 0.413188
-0.068082 -0.054703 0.435829
-0.061659 -0.055264 0.430234
-0.062598 -0.053747 0.433502
-0.064348 -0.050837 0.421069
-0.067845 -0.057902 0.407565
-0.111155 -0.100681 0.274740
-0.122575 -0.101300 0.229055
-0.117638 -0.099536 0.228342
-0.132481 -0.101028 0.182836
-0.128523 -0.099998 0.182293
-0.134377 -0.101106 0.156552
-0.130359 -0.099841 0.156808
-0.132332 -0.101068 0.141539
-0.128756 -0.098850 0.142413
-0.128703 -0.091537 0.182367
-0.131104 -0.090281 0.155238
-0.118230 -0.090703 0.228752
-0.105582 -0.090385 0.277303
-0.093788 -0.087892 0.315290
-0.075450 -0.071250 0.377653
-0.067392 -0.048009 0.421285
-0.071399 -0.055977 0.406569
-0.079633 -0.069106 0.377840
-0.109414 -0.089048 0.277861
-0.097323 -0.085539 0.315531
-0.132841 -0.087687 0.157505
-0.136049 -0.070353 0.156867
-0.162592 -0.032926 0.164358
-0.207132 -0.035057 0.167695
-0.217891 -0.041421 0.165347
-0.235335 -0.054985 0.163271
-0.249495 -0.082295 0.160562
-0.246463 -0.079538 0.163406
-0.254600 -0.047254 0.422927
-0.258764 -0.048860 0.423325
-0.257046 -0.056127 0.399293
-0.253142 -0.054756 0.398730
-0.255846 -0.063475 0.373150
-0.253813 -0.073111 0.326775
-0.251482 -0.080093 0.281216
-0.244319 -0.080737 0.233635
-0.248815 -0.083311 0.233596
-0.247499 -0.082911 0.190642
-0.242679 -0.080692 0.190833
-0.251691 -0.082626 0.146392
-0.236889 -0.049736 0.145766
-0.185941 -0.026648 0.157192
-0.161493 -0.029341 0.154665
-0.210502 -0.031460 0.158069
-0.153530 -0.035706 0.148625
-0.141593 -0.046432 0.141179
-0.220782 -0.038051 0.153584
-0.132605 -0.069855 0.140241
-0.129280 -0.089265 0.141480
-0.253325 -0.090445 0.147055
-0.250815 -0.091481 0.162767
-0.250403 -0.091396 0.145819
-0.247428 -0.092428 0.163307
-0.249135 -0.091884 0.190712
-0.245960 -0.092562 0.190306
-0.246997 -0.092150 0.233368
-0.250149 -0.091489 0.233500
-0.253163 -0.089355 0.285174
-0.249791 -0.090140 0.285282
-0.250248 -0.089477 0.293553
-0.253697 -0.088744 0.293448
-0.253131 -0.085211 0.330720
-0.255874 -0.084106 0.330790
-0.257867 -0.075047 0.374994
-0.254600 -0.076462 0.375714
-0.258503 -0.068146 0.401424
-0.255741 -0.069220 0.402001
-0.258180 -0.059971 0.426485
-0.260603 -0.059338 0.426092
-0.259438 -0.047266 0.459639
-0.257683 -0.051347 0.465912
-0.064917 0.016081 0.488696
-0.231676 -0.062481 0.190118
-0.145851 -0.048536 0.139345
-0.232473 -0.052967 0.143948
-0.142742 -0.072274 0.138338
-0.140145 -0.094557 0.139048
-0.151627 -0.051624 0.138878
-0.161268 -0.043844 0.147032
-0.167651 -0.038950 0.150033
-0.186485 -0.035843 0.152417
-0.207379 -0.040095 0.153634
-0.214392 -0.044366 0.151235
-0.227684 -0.055750 0.143390
-0.241393 -0.086581 0.144881
-0.244751 -0.091522 0.145110
-0.238733 -0.091192 0.145929
-0.245890 -0.098143 0.145256
-0.254552 -0.051399 0.466255
-0.258371 -0.047152 0.473347
-0.206657 -0.147300 0.168173
-0.221690 -0.122505 0.168173
-0.188498 -0.151632 0.168174
-0.175010 -0.142500 0.168173
-0.158985 -0.114445 0.168173
-0.147605 -0.095126 0.168173
-0.232631 -0.090628 0.168173
-0.149815 -0.076153 0.168173
-0.147605 -0.095126 0.168173
-0.162844 -0.054217 0.168173
-0.187060 -0.045134 0.168174
-0.207835 -0.050573 0.168174
-0.225992 -0.069379 0.168173
-0.206657 -0.147300 0.168173
-0.221690 -0.122505 0.168173
-0.188498 -0.151632 0.168174
-0.175010 -0.142500 0.168173
-0.158985 -0.114445 0.168173
-0.147605 -0.095126 0.168173
-0.232631 -0.090628 0.168173
-0.149815 -0.076153 0.168173
-0.162844 -0.054217 0.168173
-0.187060 -0.045134 0.168174
-0.207835 -0.050573 0.168174
-0.225992 -0.069379 0.168173
-0.148398 0.047009 0.521746
-0.076274 -0.040131 0.450654
-0.082147 -0.035995 0.433814
-0.089722 -0.095609 0.432507
-0.097272 -0.090093 0.400820
-0.108956 -0.130406 0.409277
-0.114349 -0.122264 0.381751
-0.137283 -0.158586 0.387712
-0.139418 -0.149773 0.366160
-0.217563 -0.134924 0.417358
-0.195671 -0.158834 0.392496
-0.211585 -0.124895 0.386736
-0.180092 -0.152780 0.367046
-0.237070 -0.107665 0.448163
-0.231380 -0.085992 0.412557
-0.244014 -0.023960 0.484563
-0.245962 -0.052748 0.462597
-0.235821 -0.041138 0.441073
-0.237457 -0.001084 0.501593
-0.224435 -0.001594 0.465168
-0.226878 0.011328 0.501901
-0.108288 0.037509 0.512057
-0.123843 0.047220 0.519884
-0.108444 0.022034 0.472109
-0.085167 0.017293 0.496076
-0.092745 0.027991 0.503993
-0.079203 0.004592 0.488791
-0.084707 -0.008030 0.451578
-0.073102 -0.003248 0.475551
-0.178390 0.044178 0.521631
-0.207504 0.028352 0.510785
-0.189270 0.025261 0.479658
-0.241619 -0.081826 0.454954
-0.169574 -0.168037 0.389634
-0.148398 0.047009 0.521746
-0.149526 0.035597 0.483445
-0.086373 -0.077290 0.352412
-0.082413 -0.079980 0.352341
-0.081456 -0.087743 0.353656
-0.086149 -0.090379 0.354937
-0.086149 -0.090379 0.354937
-0.138157 -0.109763 0.089701
-0.137926 -0.109075 0.092341
-0.137266 -0.111682 0.089371
-0.136897 -0.110737 0.093580
-0.137154 -0.104202 0.080185
-0.137978 -0.104835 0.083613
-0.137265 -0.101884 0.095268
-0.135650 -0.099633 0.097996
-0.136891 -0.111390 0.095310
-0.137548 -0.113275 0.088103
-0.135328 -0.097454 0.101040
-0.137607 -0.103980 0.076093
-0.138033 -0.112388 0.096385
-0.138771 -0.114445 0.087933
-0.140028 -0.112183 0.096349
-0.140592 -0.114280 0.087998
-0.140546 -0.104312 0.074954
-0.138704 -0.104465 0.074766
-0.140126 -0.097908 0.073017
-0.138352 -0.098039 0.072848
-0.136367 -0.097277 0.102904
-0.134949 -0.091069 0.099617
-0.135906 -0.090540 0.101306
-0.137959 -0.090681 0.101059
-0.138144 -0.097180 0.103013
-0.137193 -0.097617 0.074279
-0.138144 -0.097180 0.103013
-0.137959 -0.090681 0.101059
-0.140546 -0.104312 0.074954
-0.140126 -0.097908 0.073017
-0.140172 -0.104604 0.083477
-0.138988 -0.101626 0.095507
-0.140240 -0.109940 0.089597
-0.140592 -0.114280 0.087998
-0.139974 -0.109290 0.092669
-0.140028 -0.112183 0.096349
-0.140126 -0.097908 0.073017
-0.137959 -0.090681 0.101059
-0.140240 -0.109940 0.089597
-0.139974 -0.109290 0.092669
-0.140172 -0.104604 0.083477
-0.138988 -0.101626 0.095507
-0.249938 -0.119870 0.089508
-0.250250 -0.119828 0.086788
-0.250958 -0.121565 0.090329
-0.251468 -0.121644 0.086030
-0.249939 -0.112071 0.097365
-0.249307 -0.113526 0.094188
-0.250543 -0.113428 0.082359
-0.252071 -0.111885 0.079048
-0.251514 -0.122813 0.084672
-0.250697 -0.122856 0.091917
-0.252378 -0.110493 0.075571
-0.249331 -0.110922 0.101275
-0.250560 -0.123908 0.083911
-0.249579 -0.124005 0.092407
-0.248745 -0.123929 0.083571
-0.247718 -0.124055 0.092191
-0.246376 -0.111207 0.102426
-0.248209 -0.111163 0.102646
-0.246123 -0.104503 0.102788
-0.247958 -0.104459 0.102927
-0.251481 -0.111097 0.074066
-0.252184 -0.103947 0.075384
-0.251349 -0.103915 0.073696
-0.249527 -0.103914 0.073790
-0.249756 -0.110963 0.073729
-0.249153 -0.104297 0.101472
-0.249756 -0.110963 0.073729
-0.249527 -0.103914 0.073790
-0.246376 -0.111207 0.102426
-0.246123 -0.104503 0.102788
-0.247208 -0.113549 0.094198
-0.248639 -0.113361 0.081958
-0.247872 -0.120200 0.089588
-0.247718 -0.124055 0.092191
-0.248245 -0.120297 0.086460
-0.248745 -0.123929 0.083571
-0.246123 -0.104503 0.102788
-0.249527 -0.103914 0.073790
-0.247872 -0.120200 0.089588
-0.248245 -0.120297 0.086460
-0.247208 -0.113549 0.094198
-0.248639 -0.113361 0.081958
1 76
21 95
55 96
75 115
0 1
21 22
53 55
54 75
2 76
2 77
56 97
3 77
3 78
57 97
57 98
27 29
28 30
45 47
46 48
4 78
4 79
58 98
58 99
5 79
5 80
59 99
59 100
6 80
6 81
60 100
60 101
33 35
34 36
39 41
40 42
0 23
22 24
51 53
52 54
25 27
26 28
47 49
48 50
7 81
7 82
61 101
61 102
9 83
9 84
11 85
11 86
63 103
63 104
65 105
65 106
31 33
32 34
41 43
42 44
8 82
8 83
62 102
62 103
12 86
12 87
66 107
14 88
14 89
68 108
68 109
10 85
64 104
64 105
13 87
13 88
67 107
67 108
16 90
16 91
70 110
70 111
15 89
15 90
69 109
69 110
18 92
18 93
72 112
72 113
17 91
17 92
71 111
71 112
19 93
73 113
73 114
29 31
30 32
43 45
44 46
20 94
20 95
74 114
74 115
23 25
24 26
49 51
50 52
35 37
36 38
38 40
1553 1555
1217 1218
1552 1554
1565 1568
1491 1494
1492 1493
1447 1448
1313 1316
1470 1472
1568 1570
1445 1447
1468 1469
1438 1440
1411 1412
1437 1439
1312 1314
1371 1411
1436 1437
1570 1582
1562 1563
1469 1470
1554 1556
1497 1500
1223 1224
1560 1564
1219 1220
1556 1558
1498 1499
1574 1586
1180 1217
1216 1246
1552 1579
1314 1317
1315 1318
1574 1578
1263 1312
1490 1491
1472 1473
1471 1474
1489 1492
1317 1319
1318 1320
1582 1586
382 415
1555 1557
1222 1223
1560 1561
1559 1563
1425 1589
1381 1383
392 411
1352 1353
1557 1559
1364 1591
1423 1590
1448 1449
289 298
1454 1455
1449 1588
1176 1179
1455 1587
396 412
400 413
288 299
1347 1348
326 327
376 378
1496 1498
1281 1282
1495 1497
1158 1159
1362 1366
1427 1429
1425 1426
1275 1276
1177 1178
1428 1430
1364 1365
1423 1424
1225 1226
1566 1567
1475 1476
366 415
1337 1340
1327 1504
1503 1505
487 489
371 416
1160 1161
457 458
1247 1248
1580 1581
1179 1181
1348 1349
323 324
379 380
473 475
1378 1380
1282 1283
1519 1520
1527 1532
1540 1545
1220 1221
1558 1584
1435 1450
456 457
312 314
1553 1578
472 474
654 655
1178 1180
614 618
1452 1453
813 817
738 740
811 818
557 559
940 942
487 488
714 718
753 755
1529 1530
1542 1543
717 721
638 640
715 722
1004 1008
674 675
942 1005
834 836
905 909
1025 1027
1099 1103
849 851
1061 1062
961 962
576 577
925 927
1002 1009
937 938
1037 1038
542 544
615 622
617 621
1001 1005
554 555
846 847
1284 1285
750 751
1002 1008
1180 1182
650 651
262 263
1175 1176
810 814
1156 1273
1158 1273
1181 1183
396 397
399 400
248 249
1561 1563
1174 1177
1225 1331
1567 1583
1350 1351
469 471
1462 1473
1247 1551
1396 1531
1512 1534
468 470
343 344
391 393
535 549
490 492
517 520
924 926
1382 1385
205 228
1328 1464
1272 1275
1272 1335
1272 1274
1349 1350
1335 1375
1375 1376
827 841
833 835
1024 1026
1226 1227
1566 1569
737 739
729 744
1283 1284
1661 1663
1670 1671
807 808
481 483
522 532
611 612
1619 1621
1628 1629
631 645
1526 1527
1539 1540
1160 1330
637 639
541 543
344 345
390 391
263 316
845 846
918 932
1428 1589
1152 1155
466 468
1153 1154
467 469
203 229
163 202
484 486
232 234
1461 1508
609 610
1366 1591
1427 1590
711 712
1486 1489
1147 1152
465 473
1221 1222
1561 1584
1326 1465
464 472
1450 1588
1354 1355
1453 1587
147 163
1499 1501
1500 1502
1228 1248
1571 1581
1445 1446
1417 1418
1145 1148
1466 1468
1224 1331
1564 1583
1125 1126
1148 1153
1578 1579
1488 1490
202 229
216 239
217 243
490 491
517 518
1340 1380
1201 1203
1419 1420
1199 1201
1110 1111
1137 1140
1412 1413
1439 1441
848 850
1039 1041
1501 1504
1655 1659
1613 1617
1537 1538
1549 1550
775 798
777 789
1303 1304
939 941
1360 1362
1429 1431
1535 1536
231 233
1129 1130
410 414
1373 1374
261 446
844 845
556 558
930 931
674 704
688 691
1440 1442
652 653
1533 1535
1546 1547
577 602
579 593
1064 1080
962 989
964 980
752 754
1464 1467
371 372
675 703
677 694
774 799
783 786
152 161
643 644
1123 1124
1520 1532
1029 1031
1465 1466
1304 1310
961 990
974 977
1061 1090
1074 1077
552 553
870 896
881 884
1481 1483
154 158
838 840
1477 1479
1384 1397
547 548
368 369
871 895
146 162
743 745
1421 1422
121 128
1200 1202
1198 1200
1206 1305
1138 1139
1035 1036
748 749
315 358
246 445
595 599
1477 1478
1306 1310
935 936
164 167
458 501
120 169
1237 1551
1573 1585
572 580
232 236
493 495
696 700
120 125
1135 1137
982 984
576 603
587 590
1231 1232
1337 1338
151 164
761 785
212 213
275 297
791 793
889 893
1082 1086
368 372
412 437
413 438
768 778
1113 1114
648 649
1355 1358
668 678
456 494
1268 1271
153 160
761 783
250 251
252 253
172 302
225 227
864 874
1048 1076
948 976
1055 1064
955 964
231 235
857 883
1055 1065
955 965
661 688
494 496
948 974
1048 1074
857 881
245 247
1558 1559
1114 1115
481 482
521 522
277 296
1197 1199
1306 1307
174 176
262 264
1192 1193
1112 1113
1346 1347
255 256
1338 1339
198 199
335 336
401 403
329 330
405 406
1276 1277
329 331
404 405
303 304
254 271
258 270
1194 1195
254 255
258 260
293 296
310 312
1286 1287
259 260
1511 1513
1207 1210
1210 1287
1511 1512
1530 1531
1543 1544
220 221
564 589
1305 1306
191 193
268 269
1277 1278
309 311
219 220
1280 1281
259 261
1532 1538
1545 1550
866 894
489 500
1324 1461
238 240
867 894
300 302
176 178
301 303
1336 1344
519 520
316 355
266 272
1196 1212
771 797
1058 1088
958 988
345 357
385 390
1146 1147
201 204
484 485
523 524
203 205
574 601
1323 1325
318 320
373 377
1163 1165
1159 1163
514 519
671 702
1390 1414
1161 1162
1301 1302
1162 1164
322 323
380 381
150 165
427 431
362 366
1536 1537
1548 1549
173 175
433 434
1125 1205
770 796
242 246
1476 1482
1516 1517
308 310
1136 1138
1357 1363
320 325
373 375
242 244
307 309
670 701
170 307
237 239
319 321
383 384
165 166
431 432
1057 1087
957 987
167 174
1174 1220
516 518
1430 1432
1385 1390
445 448
1173 1175
157 159
429 430
1270 1329
192 194
454 455
256 257
455 458
168 195
251 273
1288 1309
341 343
393 394
221 444
306 308
511 516
503 505
185 186
338 339
398 399
166 173
432 433
451 456
1301 1311
1356 1372
573 581
760 780
1228 1236
1278 1342
241 245
1400 1421
856 878
1047 1071
947 971
224 226
500 503
660 686
356 357
385 386
1196 1198
340 342
395 397
354 355
672 680
501 502
865 875
188 190
769 779
669 679
1056 1066
956 966
158 194
1115 1117
241 243
265 267
1213 1214
1267 1269
1237 1239
1572 1573
1239 1242
1572 1576
268 273
211 212
369 370
1266 1268
321 322
1345 1346
1209 1211
1211 1213
451 452
215 216
236 238
1409 1416
218 219
452 460
1214 1215
279 282
335 337
401 402
171 172
565 585
362 364
190 192
452 453
127 147
1189 1191
281 283
1401 1417
1385 1386
1111 1122
294 295
1515 1516
1518 1519
126 146
299 301
1533 1534
1544 1546
304 305
454 459
1133 1134
325 326
375 376
170 171
460 464
1120 1121
1397 1400
1208 1238
1238 1241
214 215
453 454
368 371
149 151
1297 1298
189 191
441 442
1240 1244
235 237
1539 1541
175 177
434 435
1121 1256
1279 1280
497 498
525 526
317 318
377 418
292 293
1188 1190
353 356
386 387
1165 1167
1596 1599
337 338
398 402
1638 1641
1249 1250
1396 1410
1291 1292
495 506
1403 1419
462 466
1171 1173
382 383
492 499
520 529
331 332
404 407
131 153
1359 1433
1185 1189
1184 1185
1249 1255
1172 1174
459 467
187 189
440 441
178 180
186 188
692 693
703 704
470 483
591 592
602 603
1388 1398
1089 1090
978 979
989 990
885 886
895 896
463 465
1487 1488
347 352
223 225
1128 1129
787 788
798 799
1480 1481
305 306
154 155
1456 1457
1240 1241
474 496
350 359
183 184
438 439
349 353
387 388
373 374
340 341
394 395
1393 1414
222 224
462 477
1399 1401
1264 1265
1187 1188
465 480
465 485
180 182
159 193
430 443
118 119
466 476
466 482
314 346
1292 1293
1384 1386
1149 1151
507 508
530 531
1387 1388
118 122
1343 1345
461 463
1170 1172
463 479
1393 1395
1343 1344
352 354
1367 1368
359 360
283 285
1389 1391
148 150
426 427
1245 1246
1577 1579
491 497
518 525
1604 1612
1606 1616
1618 1627
1605 1609
534 606
619 620
317 319
384 418
1647 1651
1649 1650
1662 1667
1164 1166
1607 1608
1620 1625
618 621
1227 1228
1569 1571
1648 1658
1660 1669
475 486
1528 1529
1541 1542
1001 1004
718 721
1646 1654
1394 1415
814 817
635 636
713 716
1296 1297
1387 1389
732 802
815 816
1402 1403
1485 1486
1191 1192
1257 1258
614 617
503 504
378 409
291 294
613 616
1410 1416
1243 1245
1575 1577
369 372
286 288
1258 1259
917 993
1006 1007
116 123
810 813
184 187
439 440
1183 1285
1184 1294
1279 1341
1434 1435
1341 1342
1294 1295
324 348
379 389
714 717
630 707
719 720
290 292
346 347
1117 1118
810 812
332 333
407 408
735 736
809 812
922 923
1000 1003
1642 1644
1242 1243
1575 1576
330 334
406 450
1244 1246
1643 1645
1190 1194
1404 1405
1601 1603
252 274
1395 1413
1441 1443
1600 1602
1205 1208
364 371
156 157
428 429
499 504
529 530
509 510
526 527
1116 1119
826 899
907 908
1017 1093
1101 1102
177 179
435 436
348 349
388 389
1169 1171
1513 1514
410 417
436 437
853 860
1298 1299
1405 1406
560 567
831 832
904 906
1022 1023
1098 1100
1044 1050
944 950
276 277
1140 1141
1182 1217
1186 1216
1110 1127
274 275
1407 1408
1442 1444
1290 1291
250 276
1252 1254
1327 1328
479 480
512 524
852 859
1043 1051
943 951
1262 1263
656 664
1167 1169
756 763
1258 1311
495 498
495 510
562 568
1230 1231
757 764
1130 1131
334 336
403 450
1261 1263
1252 1253
1126 1234
286 290
1131 1133
1293 1295
1122 1123
733 734
1321 1322
1215 1246
682 684
920 921
132 133
537 538
533 607
363 367
363 365
350 351
916 994
1204 1206
969 970
1069 1070
609 612
1016 1094
825 900
633 634
328 333
408 409
829 830
1020 1021
1323 1324
730 803
287 288
1299 1300
710 712
1479 1482
805 808
902 903
1096 1097
477 478
513 515
997 998
629 708
1139 1142
1166 1168
1406 1407
133 134
1289 1290
1459 1460
806 807
351 361
1228 1229
1622 1623
1632 1633
793 819
476 477
515 521
1127 1132
128 130
367 417
1664 1665
1168 1170
1143 1145
595 628
1597 1598
478 479
512 513
1202 1209
1326 1327
1637 1641
1595 1599
1639 1640
1149 1150
1636 1638
1478 1480
1594 1596
1150 1264
643 724
287 291
930 1010
1232 1233
1136 1233
129 131
1271 1332
1234 1235
1368 1369
743 819
696 727
139 140
1086 1104
745 824
880 882
880 890
644 727
138 139
420 421
982 1015
642 723
653 726
700 724
984 1010
547 623
931 1015
791 824
1432 1434
1082 1109
1395 1396
827 828
827 837
1018 1019
1018 1028
1458 1478
841 898
1032 1033
1032 1092
825 826
1016 1017
1193 1195
893 910
1093 1094
899 900
365 372
1203 1207
780 785
889 915
833 834
833 897
1024 1025
1024 1091
1029 1104
586 588
586 596
878 883
1026 1027
1026 1095
835 836
835 901
1031 1109
778 779
631 632
631 641
773 776
773 795
973 975
1073 1075
1073 1083
782 784
782 792
929 1011
939 1013
575 578
575 598
1071 1076
971 976
742 820
752 821
629 630
739 740
739 804
678 679
673 676
673 699
648 726
698 723
840 915
1144 1146
585 589
1196 1197
829 831
1020 1022
124 126
647 728
652 725
918 919
918 928
606 607
993 994
1123 1126
1444 1484
744 746
744 801
535 536
535 545
552 626
597 624
1360 1361
729 731
730 732
135 144
580 581
687 689
687 695
737 738
737 800
537 539
960 963
960 986
1060 1063
1060 1085
1035 1107
1084 1105
1145 1146
874 875
1128 1135
926 927
926 995
686 690
869 872
869 892
838 910
533 534
645 646
645 706
748 821
794 820
543 544
543 608
802 803
747 823
754 822
965 966
1065 1066
637 638
637 705
916 917
548 628
733 735
639 640
639 709
633 635
634 636
1039 1107
546 624
556 626
921 923
934 1014
941 1012
1204 1205
932 933
932 992
541 542
541 604
1351 1358
1154 1156
1363 1370
649 725
697 728
538 540
1036 1106
1081 1108
924 925
924 991
1116 1120
1334 1525
844 913
891 911
549 550
549 605
1193 1197
1604 1605
1372 1373
553 625
594 627
936 1012
981 1014
935 1013
985 1011
1648 1649
1667 1669
1034 1108
1041 1106
1606 1607
1625 1627
1514 1515
1506 1525
1517 1518
1646 1647
125 127
136 143
1365 1371
1424 1436
1182 1183
1184 1186
920 922
1493 1496
1494 1495
1665 1668
1673 1675
1623 1626
230 233
511 512
1229 1230
1332 1524
1155 1157
1622 1624
1630 1632
1664 1666
1672 1674
551 627
558 625
843 914
850 912
137 145
419 425
839 911
848 913
1475 1485
280 447
1192 1194
474 475
1634 1639
1592 1597
1593 1598
1635 1640
141 142
423 424
514 515
1164 1165
1270 1334
1600 1601
208 234
1119 1120
1422 1487
1642 1643
1654 1656
1657 1658
1660 1661
1178 1179
1144 1229
749 822
790 823
1612 1614
162 163
1615 1616
1618 1619
182 196
185 197
1258 1263
1521 1523
1650 1652
1662 1663
1609 1611
1651 1653
1608 1610
1620 1621
475 506
1327 1329
1603 1617
1645 1659
122 123
154 157
470 505
470 471
840 842
1509 1513
1602 1613
1644 1655
1329 1505
464 465
226 227
444 449
313 361
200 201
122 128
209 249
269 270
271 272
699 700
486 509
527 528
207 209
1120 1250
181 182
183 185
123 129
845 912
888 914
641 642
653 655
1521 1522
1265 1267
483 507
531 532
1418 1420
1151 1266
1408 1409
1256 1257
117 124
1260 1262
1141 1143
1391 1392
1119 1254
144 145
888 889
1476 1510
448 449
1251 1254
1259 1261
1326 1328
207 208
1398 1399
132 135
278 448
117 119
206 208
1286 1288
1520 1522
741 742
752 753
126 127
1349 1354
1119 1253
631 642
545 546
556 557
646 647
652 654
1402 1404
1418 1523
1481 1509
202 203
936 938
981 983
1036 1038
1081 1083
1462 1463
1142 1144
649 651
695 697
1255 1260
945 946
945 949
1045 1046
1045 1049
854 855
854 858
569 570
570 571
314 324
1052 1053
1053 1054
952 953
953 954
861 862
698 699
130 131
221 284
458 489
288 327
665 666
666 667
933 934
941 942
758 759
758 762
1195 1196
1335 1340
222 223
205 207
304 318
658 659
658 662
134 136
1378 1506
842 843
1033 1034
1041 1042
748 750
794 795
298 299
168 200
935 937
985 986
161 227
152 153
561 563
563 566
1594 1595
1636 1637
286 287
307 308
302 303
1443 1444
1376 1377
560 562
558 559
553 555
594 596
746 747
754 755
1378 1379
1434 1451
311 312
1420 1522
142 148
424 426
306 319
793 794
143 149
221 282
749 751
790 792
1418 1521
597 599
928 929
939 940
1307 1308
1640 1641
160 226
1274 1333
223 284
1035 1037
1084 1085
1598 1599
1289 1507
594 595
1446 1456
552 554
597 598
844 846
891 892
196 216
197 217
867 869
1058 1060
201 203
299 326
1432 1433
240 255
244 260
1288 1308
771 773
957 959
866 868
1057 1059
145 156
425 428
765 766
766 767
495 496
1300 1507
210 211
286 328
918 930
1596 1597
1638 1639
1285 1360
1294 1431
1250 1251
278 280
137 138
419 420
269 339
272 342
140 141
422 423
1351 1360
346 351
845 847
888 890
770 772
1275 1335
1485 1487
1278 1336
144 155
282 284
1666 1668
1672 1673
1624 1626
1630 1631
1048 1049
948 949
857 858
280 281
283 284
560 591
312 323
564 566
687 702
574 575
696 697
981 982
1081 1082
1322 1458
567 569
1377 1379
1257 1259
661 662
168 210
502 503
642 643
1031 1034
984 985
1215 1244
1029 1030
838 839
670 672
1084 1086
742 743
782 797
1073 1088
973 988
199 222
568 570
1290 1299
929 930
584 600
1592 1593
1634 1635
757 759
1072 1087
972 987
208 230
303 320
208 209
840 843
931 934
278 279
586 601
1028 1030
1039 1040
837 839
848 849
944 946
853 855
1044 1046
1333 1524
781 796
950 952
1050 1052
860 861
571 572
863 864
663 665
546 547
631 643
657 659
880 894
563 565
1054 1055
954 955
745 747
854 856
945 947
1045 1047
758 760
560 561
768 789
239 240
243 244
667 668
953 956
666 669
1053 1056
308 321
698 700
548 551
664 666
951 953
862 865
859 862
967 968
1067 1068
876 877
1003 1004
1597 1632
763 766
1285 1351
569 592
571 593
766 769
1592 1594
852 854
1639 1674
943 945
756 758
1043 1045
1592 1630
1634 1672
1635 1673
1593 1631
1614 1615
1614 1629
1149 1264
1613 1614
1604 1606
562 563
683 685
1640 1675
1023 1092
1042 1098
832 898
851 904
582 583
921 932
549 612
683 684
1653 1659
1611 1617
949 977
855 885
858 884
1046 1078
1049 1077
1647 1649
720 721
707 709
720 722
1608 1609
1646 1648
1650 1651
654 714
1652 1653
1653 1670
1605 1607
922 991
1002 1003
1002 1004
1656 1657
1656 1671
921 999
715 717
899 901
908 909
1093 1095
1102 1103
716 717
1610 1611
1611 1628
923 992
942 1000
1654 1658
1598 1633
644 647
993 995
1007 1009
721 722
739 803
765 788
767 789
1601 1605
539 604
615 616
680 681
918 998
733 737
1021 1032
561 591
566 590
650 675
676 677
1333 1377
729 730
1642 1646
735 800
811 812
1020 1024
829 833
942 1001
533 535
940 1005
540 605
559 613
634 645
916 998
917 919
940 1006
802 804
816 818
924 996
672 673
817 818
585 586
620 621
659 692
662 691
639 708
861 886
863 887
673 679
621 622
578 580
655 718
920 924
972 973
1072 1073
635 705
715 716
616 617
676 678
543 607
575 581
952 979
954 980
1052 1079
1054 1080
633 637
1026 1094
835 900
831 897
905 906
1022 1091
1099 1100
654 713
1253 1254
618 619
1379 1524
606 608
736 801
755 809
759 787
762 786
557 618
873 874
1024 1096
833 902
1289 1300
1032 1097
841 903
677 678
878 880
846 871
872 873
1064 1065
964 965
537 541
937 962
963 964
1037 1062
1063 1064
1017 1019
1040 1101
826 828
849 907
651 674
688 689
751 774
783 784
1038 1061
1074 1075
974 975
776 777
630 632
655 719
777 778
825 827
1016 1018
744 808
776 778
731 732
753 815
1261 1262
1074 1076
974 976
783 785
963 965
1063 1065
734 808
879 880
629 631
665 693
667 694
688 690
554 577
578 579
579 580
971 973
1071 1073
872 874
1075 1076
784 785
975 976
588 589
814 815
613 614
780 782
555 576
587 588
534 536
557 619
773 779
587 589
882 883
868 869
1059 1060
881 883
847 870
881 882
1059 1066
959 966
868 875
