1358186009856544179 461 508
0.149712 -0.505930 0.924828
0.075789 -0.524590 0.948847
0.064470 -0.524590 0.926632
0.046840 -0.524590 0.909002
0.024625 -0.524590 0.897683
0.000000 -0.524590 0.893783
-0.024625 -0.524590 0.897683
-0.046840 -0.524590 0.909002
-0.064470 -0.524590 0.926632
-0.075789 -0.524590 0.948847
-0.079690 -0.524590 0.973473
-0.075789 -0.524590 0.998098
-0.064470 -0.524590 1.020313
-0.046840 -0.524590 1.037943
-0.024625 -0.524590 1.049262
-0.000000 -0.524590 1.053162
0.024625 -0.524590 1.049262
0.046840 -0.524590 1.037943
0.064470 -0.524590 1.020313
0.075789 -0.524590 0.998098
0.079690 -0.524590 0.973473
0.075789 -0.524590 0.948847
0.149712 -0.505930 0.924828
0.219949 -0.475339 0.902007
0.219949 -0.475339 0.902007
0.284770 -0.433573 0.880945
0.284770 -0.433573 0.880945
0.342579 -0.381659 0.862162
0.342579 -0.381659 0.862162
0.391952 -0.320875 0.846120
0.391952 -0.320875 0.846120
0.431675 -0.252718 0.833213
0.431675 -0.252718 0.833213
0.460768 -0.178867 0.823760
0.460768 -0.178867 0.823760
0.478515 -0.101140 0.817994
0.478515 -0.101140 0.817994
0.484480 -0.021450 0.816056
0.484480 -0.021450 0.816056
0.478515 0.058239 0.817994
0.478515 0.058239 0.817994
0.460768 0.135967 0.823760
0.460768 0.135967 0.823760
0.431675 0.209818 0.833213
0.431675 0.209818 0.833213
0.391952 0.277975 0.846120
0.391952 0.277975 0.846120
0.342579 0.338758 0.862162
0.342579 0.338758 0.862162
0.284770 0.390673 0.880945
0.284770 0.390673 0.880945
0.219949 0.432439 0.902007
0.219949 0.432439 0.902007
0.149712 0.463029 0.924828
0.149712 0.463029 0.924828
0.075789 0.481690 0.948847
0.064470 0.481690 0.926632
0.046840 0.481690 0.909002
0.024625 0.481690 0.897683
-0.000000 0.481690 0.893783
-0.024625 0.481690 0.897683
-0.046840 0.481690 0.909002
-0.064470 0.481690 0.926632
-0.075789 0.481690 0.948847
-0.079690 0.481690 0.973473
-0.075789 0.481690 0.998098
-0.064470 0.481690 1.020313
-0.046840 0.481690 1.037943
-0.024625 0.481690 1.049262
-0.000000 0.481690 1.053162
0.024625 0.481690 1.049262
0.046840 0.481690 1.037943
0.064470 0.481690 1.020313
0.075789 0.481690 0.998098
0.079690 0.481690 0.973473
0.075789 0.481690 0.948847
0.000000 -0.530862 0.973473
0.000000 -0.530862 0.973473
0.000000 -0.530862 0.973473
0.000000 -0.530862 0.973473
0.000000 -0.530862 0.973473
0.000000 -0.530862 0.973473
0.000000 -0.530862 0.973473
0.000000 -0.530862 0.973473
0.000000 -0.530862 0.973473
0.000000 -0.530862 0.973473
0.000000 -0.530862 0.973473
0.000000 -0.530862 0.973473
0.000000 -0.530862 0.973473
0.000000 -0.530862 0.973473
0.000000 -0.530862 0.973473
0.000000 -0.530862 0.973473
0.000000 -0.530862 0.973473
0.000000 -0.530862 0.973473
0.000000 -0.530862 0.973473
0.000000 -0.530862 0.973473
-0.000000 0.487962 0.973473
-0.000000 0.487962 0.973473
-0.000000 0.487962 0.973473
-0.000000 0.487962 0.973473
-0.000000 0.487962 0.973473
-0.000000 0.487962 0.973473
-0.000000 0.487962 0.973473
-0.000000 0.487962 0.973473
-0.000000 0.487962 0.973473
-0.000000 0.487962 0.973473
-0.000000 0.487962 0.973473
-0.000000 0.487962 0.973473
-0.000000 0.487962 0.973473
-0.000000 0.487962 0.973473
-0.000000 0.487962 0.973473
-0.000000 0.487962 0.973473
-0.000000 0.487962 0.973473
-0.000000 0.487962 0.973473
-0.000000 0.487962 0.973473
-0.000000 0.487962 0.973473
0.053899 0.119695 1.123798
0.053240 0.118113 1.122833
0.053513 0.118932 1.124386
0.052999 0.117701 1.123690
0.053899 0.119695 1.123798
0.053513 0.118932 1.124386
0.054007 0.120043 1.126273
0.053592 0.119190 1.126356
0.074751 0.110024 1.124669
0.074844 0.110375 1.127097
0.074751 0.110024 1.124669
0.074094 0.108444 1.123737
0.051685 0.114466 1.123136
0.072553 0.104816 1.124039
0.073914 0.108000 1.124594
0.072737 0.105229 1.124867
0.074426 0.109228 1.125266
0.052999 0.117701 1.123690
0.051809 0.114913 1.123964
0.073914 0.108000 1.124594
0.072737 0.105229 1.124867
0.074426 0.109228 1.125266
0.053513 0.118932 1.124386
0.074494 0.109490 1.127195
0.053592 0.119190 1.126356
0.074426 0.109228 1.125266
0.053513 0.118932 1.124386
0.074494 0.109490 1.127195
0.074426 0.109228 1.125266
0.072215 0.104055 1.126459
0.071866 0.103271 1.126141
0.050993 0.112903 1.125288
0.051809 0.114913 1.123964
0.051283 0.113725 1.125595
0.074221 0.108925 1.129500
0.074484 0.109631 1.130082
0.053644 0.119281 1.129331
0.073565 0.107504 1.131680
0.073518 0.107300 1.130714
0.072481 0.104908 1.131019
0.051620 0.114531 1.130277
0.052715 0.117137 1.130960
0.072683 0.105302 1.130189
0.053316 0.118611 1.128719
0.052606 0.116972 1.129958
0.051761 0.114965 1.129414
0.050925 0.112828 1.128088
0.051232 0.113667 1.127726
0.052606 0.116972 1.129958
0.073518 0.107300 1.130714
0.051761 0.114965 1.129414
0.072683 0.105302 1.130189
0.053316 0.118611 1.128719
0.074221 0.108925 1.129500
0.071795 0.103206 1.128880
0.072161 0.104006 1.128541
0.051232 0.113667 1.127726
0.072161 0.104006 1.128541
0.072215 0.104055 1.126459
0.051283 0.113725 1.125595
0.144812 0.126649 1.095854
0.145683 0.128099 1.043078
0.139744 0.110561 1.042267
0.131738 0.094572 1.041626
0.129737 0.092154 1.093740
0.144105 0.126495 1.107800
0.136133 0.108838 1.118940
0.142579 0.126723 1.119291
0.129391 0.091712 1.105591
0.127603 0.092037 1.117338
0.136133 0.108838 1.118940
0.131608 0.110286 1.123169
0.127603 0.092037 1.117338
0.123660 0.093599 1.122012
0.118372 0.095759 1.123891
0.133089 0.130954 1.125179
0.138889 0.128229 1.123489
0.142579 0.126723 1.119291
0.112857 0.117288 1.126456
0.107209 0.100931 1.125484
0.121449 0.135454 1.126714
0.106209 0.098776 1.122814
0.118372 0.095759 1.123891
0.107209 0.100931 1.125484
0.106129 0.097230 1.111663
0.127603 0.092037 1.117338
0.123660 0.093599 1.122012
0.129391 0.091712 1.105591
0.106575 0.097361 1.099154
0.105860 0.097768 1.095509
0.109102 0.100229 1.092926
0.112443 0.100107 1.061736
0.109544 0.095862 1.061358
0.131738 0.094572 1.041626
0.132550 0.088093 1.039684
0.141768 0.109984 1.040088
0.132550 0.088093 1.039684
0.150963 0.133147 1.042182
0.129737 0.092154 1.093740
0.110518 0.100727 1.065374
0.108289 0.096329 1.065617
0.108289 0.096329 1.065617
0.074272 0.110088 1.093278
0.101783 0.098662 1.094375
0.105860 0.097768 1.095509
0.046956 0.120439 1.092884
0.044500 0.121842 1.093814
0.043831 0.123854 1.056395
0.042312 0.123110 1.093907
0.043059 0.122757 1.109778
0.043397 0.122208 1.096351
0.124483 0.137647 1.050720
0.145683 0.128099 1.043078
0.125930 0.144252 1.049868
0.150963 0.133147 1.042182
0.126250 0.144017 1.055712
0.122472 0.137809 1.121949
0.144105 0.126495 1.107800
0.144812 0.126649 1.095854
0.133089 0.130954 1.125179
0.138889 0.128229 1.123489
0.121449 0.135454 1.126714
0.142579 0.126723 1.119291
0.135025 0.090445 0.989043
0.132797 0.088329 1.034620
0.151161 0.133270 1.037129
0.152948 0.134374 0.991648
0.144165 0.111203 0.981581
0.138935 0.099554 0.980815
0.135378 0.091657 0.983562
0.136964 0.094323 0.981828
0.150069 0.126391 0.982267
0.152268 0.131924 0.984007
0.152911 0.133841 0.986897
0.123893 0.145503 1.046109
0.151161 0.133270 1.037129
0.152948 0.134374 0.991648
0.080810 0.165341 1.009101
0.068243 0.170529 1.004608
0.070388 0.169814 1.002766
0.065115 0.171570 0.988666
0.073966 0.168388 1.003544
0.066332 0.170556 1.015568
0.064478 0.171061 1.015124
0.062202 0.170032 1.058912
0.063816 0.169346 1.059399
0.044662 0.126220 1.056516
0.045907 0.125449 1.011239
0.043831 0.123854 1.056395
0.047157 0.126391 0.987043
0.052286 0.147951 1.057627
0.064478 0.171061 1.015124
0.062202 0.170032 1.058912
0.065115 0.171570 0.988666
0.056661 0.149155 0.978631
0.062074 0.163205 0.979774
0.051447 0.136094 0.978430
0.047974 0.126921 0.981983
0.049135 0.129808 0.979164
0.065534 0.171013 0.983123
0.064741 0.168245 0.980494
0.065534 0.171013 0.983123
0.080477 0.165872 0.983455
0.152911 0.133841 0.986897
0.080011 0.163980 0.980726
0.064741 0.168245 0.980494
0.152268 0.131924 0.984007
0.150069 0.126391 0.982267
0.152268 0.131924 0.984007
0.080011 0.163980 0.980726
0.062074 0.163205 0.979774
0.064741 0.168245 0.980494
0.051447 0.136094 0.978430
0.056661 0.149155 0.978631
0.144165 0.111203 0.981581
0.138935 0.099554 0.980815
0.062392 0.119348 0.982539
0.064637 0.122700 0.978156
0.135378 0.091657 0.983562
0.136964 0.094323 0.981828
0.047974 0.126921 0.981983
0.049135 0.129808 0.979164
0.047157 0.126391 0.987043
0.135025 0.090445 0.989043
0.045907 0.125449 1.011239
0.132797 0.088329 1.034620
0.061876 0.162476 1.060924
0.059856 0.162169 1.117593
0.063816 0.169346 1.059399
0.042312 0.123110 1.093907
0.047636 0.128868 1.059828
0.047256 0.129429 1.119474
0.044767 0.126570 1.120774
0.043604 0.124174 1.116727
0.052585 0.143221 1.120110
0.051455 0.143606 1.123023
0.058345 0.160189 1.122722
0.059715 0.158354 1.120999
0.059715 0.158354 1.120999
0.058345 0.160189 1.122722
0.052585 0.143221 1.120110
0.042933 0.125027 1.109431
0.043059 0.122757 1.109778
0.071384 0.172217 1.004021
0.074109 0.171149 1.004365
0.070388 0.169814 1.002766
0.073966 0.168388 1.003544
0.068243 0.170529 1.004608
0.069679 0.172810 1.005988
0.123893 0.145503 1.046109
0.080810 0.165341 1.009101
0.124183 0.150131 1.046617
0.081111 0.168383 1.009732
0.066332 0.170556 1.015568
0.063816 0.169346 1.059399
0.067710 0.172895 1.016155
0.065669 0.172105 1.059954
0.126669 0.148741 1.050154
0.125930 0.144252 1.049868
0.126995 0.147931 1.055577
0.126250 0.144017 1.055712
0.063816 0.169346 1.059399
0.059856 0.162169 1.117593
0.065669 0.172105 1.059954
0.061442 0.164922 1.119696
0.122816 0.141183 1.122760
0.122472 0.137809 1.121949
0.122073 0.139183 1.128344
0.119614 0.133587 1.130194
0.121449 0.135454 1.126714
0.121449 0.135454 1.126714
0.122073 0.139183 1.128344
0.060625 0.163065 1.124088
0.058345 0.160189 1.122722
0.058638 0.158790 1.125431
0.060625 0.163065 1.124088
0.058345 0.160189 1.122722
0.090583 0.152596 1.126821
0.060625 0.163065 1.124088
0.061442 0.164922 1.119696
0.090583 0.152596 1.126821
0.042469 0.121528 1.117302
0.043506 0.123534 1.122321
0.043604 0.124174 1.116727
0.044767 0.126570 1.120774
0.045821 0.128430 1.124013
0.051835 0.142938 1.124812
0.051455 0.143606 1.123023
0.106151 0.101784 1.128876
0.104816 0.097563 1.127276
0.107209 0.100931 1.125484
0.104188 0.095644 1.123341
0.106209 0.098776 1.122814
0.073159 0.110326 1.124822
0.112748 0.116730 1.130165
0.112857 0.117288 1.126456
0.042290 0.120027 1.109907
0.043059 0.122757 1.109778
0.042899 0.118581 1.097185
0.043397 0.122208 1.096351
0.043886 0.118194 1.094648
0.044500 0.121842 1.093814
0.046956 0.120439 1.092884
0.046304 0.117461 1.093568
0.103288 0.094763 1.111273
0.104204 0.094291 1.099053
0.106129 0.097230 1.111663
0.106575 0.097361 1.099154
0.105860 0.097768 1.095509
0.103842 0.094713 1.095810
0.100799 0.096034 1.094849
0.101783 0.098662 1.094375
0.074267 0.110084 1.093425
0.072929 0.107471 1.094150
0.141768 0.109984 1.040088
0.150963 0.133147 1.042182
0.132550 0.088093 1.039684
0.132550 0.088093 1.039684
0.109544 0.095862 1.061358
0.133438 0.089195 1.021533
0.132253 0.087395 1.021420
0.133691 0.088575 1.021631
0.132727 0.087000 1.021533
0.133438 0.089195 1.021533
0.133691 0.088575 1.021631
0.135726 0.089001 1.021611
0.135666 0.088377 1.021695
0.132789 0.088195 0.997563
0.131601 0.084948 1.021291
0.132232 0.085573 0.997362
0.133293 0.087757 0.997706
0.134159 0.089456 0.997854
0.133882 0.090147 0.997733
0.133293 0.087757 0.997706
0.134159 0.089456 0.997854
0.132727 0.087000 1.021533
0.133691 0.088575 1.021631
0.132727 0.087000 1.021533
0.132193 0.084916 1.021423
0.133293 0.087757 0.997706
0.132849 0.085541 0.997534
0.132747 0.082250 1.021327
0.133446 0.082809 0.997382
0.135666 0.088377 1.021695
0.136097 0.089229 0.997925
0.137630 0.087362 1.021710
0.138056 0.088123 0.997906
0.139220 0.086096 0.997789
0.138755 0.085441 1.021661
0.139220 0.086096 0.997789
0.138056 0.088123 0.997906
0.139845 0.086222 0.997664
0.138456 0.088630 0.997801
0.136097 0.089229 0.997925
0.136146 0.089926 0.997822
0.134159 0.089456 0.997854
0.133882 0.090147 0.997733
0.132849 0.085541 0.997534
0.132900 0.082299 0.997188
0.133446 0.082809 0.997382
0.135300 0.081249 0.997360
0.134622 0.080692 1.021329
0.135300 0.081249 0.997360
0.135158 0.080460 0.997173
0.132213 0.081767 1.021176
0.132193 0.084916 1.021423
0.132747 0.082250 1.021327
0.138016 0.087821 1.021628
0.139342 0.085558 1.021571
0.137630 0.087362 1.021710
0.138755 0.085441 1.021661
0.139916 0.082944 0.997462
0.139323 0.082390 1.021445
0.134622 0.080692 1.021329
0.134467 0.079938 1.021183
0.137885 0.080807 0.997286
0.137232 0.080275 1.021293
0.136942 0.080963 1.021420
0.136942 0.080963 1.021420
0.137558 0.081527 0.997453
0.139283 0.083309 0.997607
0.137558 0.081527 0.997453
0.139283 0.083309 0.997607
0.138740 0.082737 1.021550
0.138740 0.082737 1.021550
0 1
21 22
53 55
54 75
56 96
56 97
2 76
2 77
55 96
75 115
1 76
21 95
57 97
57 98
3 77
3 78
0 23
22 24
51 53
52 54
5 79
5 80
59 99
59 100
58 98
58 99
4 78
4 79
33 35
34 36
39 41
40 42
25 27
26 28
47 49
48 50
6 80
6 81
60 100
60 101
27 29
28 30
45 47
46 48
10 84
10 85
64 104
64 105
7 81
7 82
61 101
61 102
11 85
11 86
9 83
9 84
65 105
65 106
63 103
63 104
8 82
8 83
62 102
62 103
31 33
32 34
41 43
42 44
12 86
12 87
66 106
66 107
14 88
14 89
68 108
68 109
15 89
15 90
69 109
69 110
13 87
13 88
67 107
67 108
23 25
24 26
49 51
50 52
29 31
30 32
43 45
44 46
73 113
73 114
19 93
19 94
70 110
70 111
16 90
16 91
71 111
71 112
17 91
17 92
72 112
72 113
18 92
18 93
74 114
74 115
20 94
20 95
35 37
36 38
37 39
38 40
280 282
284 285
227 232
335 341
231 232
336 342
332 355
339 340
250 253
325 326
327 328
303 304
337 338
176 177
228 234
179 180
209 214
239 240
299 301
241 242
251 252
223 300
263 264
258 261
329 330
259 260
267 268
331 332
223 224
264 305
302 306
343 356
347 353
365 369
358 369
208 210
393 394
351 356
353 354
386 389
205 216
217 220
218 219
387 388
218 221
378 388
229 230
379 389
207 209
206 215
256 259
267 269
211 213
390 391
227 228
263 265
298 300
266 268
439 450
451 452
434 440
447 448
436 437
454 455
417 418
458 459
427 444
423 424
409 411
413 415
428 443
395 408
399 432
421 422
410 412
211 212
390 392
134 136
174 175
133 135
137 138
141 142
172 173
166 167
262 266
168 169
164 165
128 129
117 127
146 147
116 126
120 124
162 170
155 156
151 152
153 157
194 196
345 371
182 183
186 193
182 185
186 188
177 178
187 189
308 311
360 363
344 370
311 312
352 363
178 179
194 195
366 371
350 362
293 297
310 313
314 316
364 370
243 247
283 290
292 296
224 225
305 318
280 281
285 287
277 278
361 362
270 271
286 289
307 310
307 316
270 272
288 289
225 226
373 375
372 374
243 244
290 291
197 198
191 196
235 237
200 204
382 383
190 195
198 199
380 381
367 380
176 181
233 234
184 185
201 203
180 184
203 214
181 183
233 238
197 200
368 382
254 258
323 329
324 331
253 257
322 326
320 328
357 372
309 317
177 213
228 230
204 206
302 304
309 318
359 373
227 229
179 212
209 210
272 274
288 297
191 192
235 236
343 344
188 189
201 202
247 248
283 284
189 190
198 202
341 347
229 231
334 336
192 193
236 238
271 276
286 287
303 315
338 349
244 246
291 295
358 361
239 245
294 299
256 277
269 275
357 358
333 335
232 237
342 346
262 306
265 273
296 298
303 314
240 392
301 393
230 251
241 391
350 351
308 309
359 360
340 348
354 355
242 249
252 279
364 365
327 333
208 216
217 394
229 250
325 334
365 367
219 220
384 387
273 274
296 297
207 215
343 345
346 347
307 308
117 128
127 129
255 257
321 322
348 349
351 352
275 276
277 281
376 377
204 205
383 384
384 385
197 199
366 368
245 246
294 295
248 249
279 282
385 386
330 332
337 339
405 434
381 385
427 447
404 440
122 152
444 448
125 151
119 148
133 134
323 324
130 131
135 136
448 452
221 222
377 378
447 451
319 320
254 255
321 323
434 439
156 157
440 450
153 155
319 321
312 313
314 315
156 162
152 157
155 170
151 153
147 162
416 418
433 435
423 458
425 456
222 226
375 377
450 452
427 428
439 451
374 376
376 379
128 147
146 170
414 417
441 442
424 459
446 460
129 146
403 405
319 324
428 430
443 444
401 443
396 404
453 460
454 459
120 122
455 458
456 457
124 125
123 159
140 168
417 437
442 449
418 436
435 438
139 169
143 150
422 423
425 426
437 454
449 453
399 401
430 432
436 455
438 457
406 433
415 416
420 422
426 429
160 161
164 166
403 408
154 158
165 167
421 424
445 446
402 445
419 421
161 163
166 172
159 160
164 168
158 171
167 173
395 396
398 441
413 414
150 154
165 169
149 163
172 175
134 175
148 149
145 171
173 174
131 145
136 174
121 123
140 142
400 402
412 419
116 117
410 420
429 431
126 127
139 141
143 144
406 407
409 410
397 398
411 412
260 261
268 304
118 119
133 138
130 132
135 137
124 144
126 132
116 118
120 121
407 408
431 432
395 397
399 400
