13388065011007983351 1195 600
-0.651608 -0.027897 3.111125
-0.724137 -0.087789 2.347659
-0.360568 0.187785 1.066028
0.063623 -0.147660 4.090055
0.003520 0.336464 3.907938
0.262799 -0.293143 0.837074
0.070135 -0.039987 1.370148
0.668272 0.558918 3.405849
0.504652 0.761002 3.342644
-0.166527 0.133889 0.894384
-0.466742 -0.392558 3.518056
-0.334468 -0.271015 3.927516
-0.638592 -0.189035 2.054374
-0.697755 -0.187236 2.314574
-0.494459 -0.054651 2.529274
-0.467694 -0.042613 2.768856
-0.176290 0.023745 1.637582
-0.312311 -0.103606 3.394340
-0.124248 0.037267 1.504848
0.064396 -0.200765 3.930342
-0.441491 0.340708 2.557492
-0.410445 0.350093 2.725096
-0.171472 0.460153 2.228737
-0.255095 0.468515 2.107636
-0.074967 0.413647 2.214058
-0.084894 0.395971 4.089209
-0.055553 0.395646 4.328850
0.123854 0.046880 1.481312
0.079650 -0.089636 1.440594
-0.234686 -0.136991 3.309757
0.400618 -0.130789 1.522172
0.334378 -0.158841 3.905256
0.649830 0.024259 3.807322
0.097265 0.378409 2.200064
0.440917 0.098465 1.467550
0.475893 0.075951 1.601305
0.579441 0.606473 3.364039
0.051796 0.262470 3.904955
0.441417 0.673983 3.952133
0.551816 0.120212 3.898953
0.564626 0.605131 3.874959
0.709807 0.589724 3.469562
-0.226373 0.351655 3.865402
0.556457 0.586110 4.324846
0.594552 0.554811 4.221147
-0.252176 -0.391727 1.621728
-0.484775 -0.508238 3.013829
-0.214705 -0.382584 2.829243
-0.426241 -0.336460 3.706757
0.422062 -0.415595 0.869884
0.364563 -0.360137 3.339770
0.369715 -0.431144 3.385467
0.301740 -0.328006 3.843147
-0.628386 -0.146969 2.025814
-0.649080 -0.189644 3.357942
-0.592064 -0.139546 1.987851
-0.577474 0.030396 2.112157
-0.533772 0.025811 2.112362
-0.592216 0.020447 2.943577
-0.514240 -0.005913 2.951289
-0.383112 -0.106630 1.115824
-0.252858 -0.042200 2.898921
-0.273958 -0.041626 3.027229
-0.438486 -0.243183 3.378922
0.045681 -0.088242 2.902378
-0.650270 -0.168344 3.555706
-0.406901 -0.278030 3.590823
-0.520323 0.073164 3.859241
-0.155306 -0.068868 4.073192
-0.067932 -0.151556 4.066960
-0.472221 0.088065 2.504205
-0.442984 0.108990 2.592669
-0.307378 0.115875 1.105271
-0.251578 0.165487 0.991022
-0.346052 0.024379 1.109927
-0.389713 0.225511 2.982949
-0.225827 0.448211 2.256227
-0.340923 0.336194 2.989140
-0.289706 0.472615 2.641232
-0.136524 0.374632 1.835247
-0.110933 0.380286 1.882537
-0.138419 0.447906 2.210491
-0.165246 0.487878 2.634833
-0.483769 0.072794 3.800885
-0.485247 0.103799 3.827166
-0.500747 0.177555 3.782485
0.024979 0.175212 3.898273
-0.087853 0.188002 3.889164
-0.057389 0.363194 4.377172
-0.039320 0.361334 4.462604
0.133106 -0.118713 0.977922
0.098747 -0.078728 1.032537
0.213497 -0.069356 2.900686
0.222059 -0.280959 0.845367
0.229967 -0.295507 0.924625
0.395844 -0.008302 0.887853
0.422525 0.022904 1.118859
0.308350 -0.093193 3.491410
0.312001 -0.107036 3.543046
0.442218 -0.162694 3.782750
0.436528 -0.107321 3.775441
0.076251 0.203899 1.943801
0.120165 0.297682 2.043686
0.299820 0.082587 1.115962
0.310779 0.028816 0.887059
0.383890 0.138376 3.444169
0.411859 0.069388 3.434128
0.265500 0.458668 3.118896
0.220054 0.494155 3.150955
0.401870 0.528138 3.478335
0.664353 0.798434 3.645036
0.317770 0.196665 3.558145
0.358220 0.232031 3.579452
0.378343 0.482514 3.566057
0.455527 0.616790 4.145349
0.509051 0.442216 3.743814
0.594458 0.479475 3.662209
0.535942 0.563457 4.143997
0.510887 0.546147 4.255662
0.558856 0.542787 4.227756
0.583921 0.786281 3.778204
0.651631 0.709280 3.765436
0.666395 0.756149 3.744735
-0.669784 -0.435737 0.864876
-0.732192 -0.282532 0.868205
-0.170383 -0.688857 1.122559
-0.162878 -0.705787 0.862527
-0.535364 -0.520485 2.118435
-0.494893 -0.512969 2.650535
-0.476302 -0.502518 3.041007
-0.515146 -0.529414 2.638691
-0.248979 -0.361547 3.389254
-0.290676 -0.238486 3.926812
-0.284243 -0.326439 3.735848
-0.261166 -0.307599 3.828182
0.408059 -0.405658 1.635404
0.371585 -0.534388 2.639748
0.397043 -0.393342 2.474300
0.338763 -0.489161 2.995001
0.106624 -0.324819 3.699204
0.217295 0.054704 3.987221
0.160149 -0.238254 3.889642
0.232638 0.110490 3.953425
0.388904 0.070993 3.482228
0.517890 -0.045810 3.537344
-0.621321 0.059071 3.696318
-0.545788 -0.232623 3.732739
0.376285 0.699768 4.254929
0.478936 0.776338 4.021137
0.346809 0.283745 3.543626
0.335872 0.222957 3.569153
-0.172891 -0.088087 1.418900
-0.244398 -0.024766 1.555202
-0.096908 0.142133 1.513621
-0.047559 0.087114 2.107322
0.105415 0.010638 1.495605
0.033543 0.205180 2.082165
-0.319138 0.434806 1.852057
-0.341350 0.412682 1.943618
-0.354314 0.445180 1.947046
-0.341350 0.412682 1.943618
-0.427075 0.058462 2.381659
-0.505883 0.180500 2.379087
-0.449009 0.308716 2.582784
-0.288799 0.031950 2.877353
0.100612 0.290746 2.051730
0.111608 0.241702 4.048578
0.190995 0.020679 4.021319
0.338686 0.303782 3.026847
0.398325 0.236657 3.066729
-0.285531 0.049915 3.991053
-0.200366 -0.139629 4.068263
0.239306 0.285468 3.592058
0.353122 0.335870 3.535435
-0.575564 0.033888 2.986522
-0.679606 -0.028277 2.955077
-0.432124 -0.160422 2.906909
-0.409136 -0.127420 2.966799
-0.485933 -0.072526 2.575105
-0.459227 -0.089158 2.713086
-0.312767 0.062709 3.912273
-0.365136 -0.126027 3.158156
-0.491326 -0.013319 3.009391
-0.324408 -0.113879 3.840746
-0.551582 0.047040 2.094800
-0.665508 0.034496 2.172141
-0.596111 -0.128242 1.969392
-0.694388 -0.153303 2.125288
0.705408 0.758383 3.403890
0.639471 0.764661 3.765182
0.645437 0.510191 3.660332
0.631782 0.523231 3.639997
0.690621 0.662052 3.417173
0.687855 0.558401 3.489122
0.344692 0.246043 3.423738
-0.248327 -0.091583 4.156756
-0.236447 0.149709 4.100063
-0.128397 -0.162844 4.128307
-0.019521 -0.161115 4.115758
0.099839 0.026592 4.190174
0.134720 -0.016230 4.116693
-0.055118 0.303938 4.107995
-0.210995 0.124168 4.180866
0.307036 0.553653 3.300807
0.212596 0.523666 3.248965
-0.198800 0.592862 3.391481
-0.202090 0.613343 3.246495
-0.159289 0.542241 3.032530
-0.268161 0.522310 3.023437
0.426665 0.286492 2.651968
0.347740 0.269476 3.053024
0.311244 0.402201 2.607335
0.033151 0.489117 2.596172
-0.701945 -0.084894 3.617503
-0.682831 -0.091991 3.524620
0.007282 -0.213997 3.996363
0.228889 0.069074 3.994730
0.401340 -0.326086 2.850057
0.496323 -0.322001 0.869621
-0.333820 -0.588950 0.863473
-0.294236 -0.589807 1.463832
0.228889 0.069074 3.994730
0.226006 0.114490 3.959650
-0.374524 -0.247724 3.910992
-0.509486 -0.236325 3.708449
0.685534 -0.156134 1.662975
-0.365820 -0.140728 1.038254
-0.167103 0.123595 0.857883
0.019253 0.073493 2.062820
-0.465810 -0.095600 2.668069
-0.459227 -0.089158 2.713086
0.272287 0.075221 3.361747
0.511368 -0.192598 2.925638
-0.282464 0.213691 0.973772
-0.091591 0.143578 1.272966
0.534831 0.452169 3.730125
0.556726 0.077833 3.858852
-0.578729 0.094662 3.489548
-0.607729 -0.000705 3.253634
0.477671 0.632890 4.319240
0.530019 0.695638 4.324650
0.492810 0.606354 4.273168
0.530652 0.614803 4.294021
0.477671 0.632890 4.319240
0.376285 0.699768 4.254929
-0.114485 0.011840 0.932429
-0.086326 0.021985 1.121697
0.106514 -0.207331 1.390510
0.182413 -0.172940 1.534408
-0.186705 -0.157446 1.038761
-0.223107 -0.116373 1.405797
-0.365304 -0.071238 0.961289
-0.361290 -0.146020 1.082424
0.371368 -0.038965 0.842669
0.383722 -0.229239 0.853228
-0.034579 0.180712 1.895037
-0.056278 0.216858 1.837318
-0.147640 0.016684 1.903040
-0.034579 0.180712 1.895037
-0.454464 0.071252 2.153376
-0.462994 0.329619 2.180470
0.053934 -0.014390 2.080647
0.161868 -0.117178 2.115890
-0.204788 -0.016398 2.097796
0.012041 0.231885 2.211169
-0.247660 -0.004443 2.054411
0.398325 0.236657 3.066729
0.048538 -0.159854 4.077236
-0.130231 -0.166810 4.065717
0.357751 0.340048 3.578332
0.453870 0.249787 2.900444
-0.251747 0.151827 3.955635
-0.266333 -0.050560 3.982833
-0.231014 0.493450 3.033377
-0.393150 0.325092 3.663335
-0.510529 0.230004 3.732903
0.416416 0.221526 3.485757
-0.521095 -0.073197 2.378028
-0.678599 0.013321 2.613913
-0.531409 0.017312 2.978727
-0.567926 0.017580 2.929998
-0.580450 0.005812 2.773925
-0.452966 -0.106410 2.768458
-0.559033 -0.137391 2.431298
-0.486153 -0.075571 2.529216
-0.443779 -0.234219 3.195121
-0.594311 0.006872 2.933758
-0.388822 -0.071674 3.124727
-0.640969 0.014857 2.554516
-0.655483 0.013986 2.396934
-0.473109 -0.066067 2.837296
-0.605870 -0.033863 2.049154
-0.670963 0.023790 2.115940
-0.676230 -0.201113 2.260888
-0.694617 -0.086297 2.120867
-0.637796 -0.174892 2.422881
-0.703298 -0.140187 2.156192
0.457910 0.781235 3.708771
0.438078 0.746095 3.667915
0.645437 0.510191 3.660332
0.678342 0.638157 3.696592
0.448655 0.721483 3.554589
0.443641 0.694437 3.447279
0.561233 0.762825 3.427163
0.484072 0.782334 3.517785
0.442226 0.485521 3.730665
0.478936 0.776338 4.021137
0.460112 0.409529 3.768018
0.329182 0.139249 3.610627
0.373787 0.347039 3.667418
-0.243258 -0.115361 4.426768
-0.228765 -0.069488 4.483445
-0.100246 -0.177094 4.129688
-0.176061 -0.088012 4.117814
0.056693 -0.248925 4.367599
-0.000920 0.278935 4.153977
0.135418 -0.218464 4.331206
0.136025 0.097857 4.107677
0.082889 -0.095064 4.121030
0.018407 0.308058 4.088537
-0.189579 0.129910 4.050837
-0.179567 0.173396 4.162501
0.152049 0.612596 3.532762
0.203271 0.521281 3.511221
0.229859 0.579167 3.411691
0.266850 0.483070 3.383186
0.308833 0.537510 3.292183
0.322037 0.433166 3.273422
-0.198800 0.592862 3.391481
-0.177385 0.541809 3.401030
-0.402081 0.471934 3.369835
-0.407928 0.484476 3.230455
0.087865 -0.268920 4.313145
0.062937 -0.253312 4.293081
-0.323482 0.066520 3.041615
-0.232709 -0.019632 3.039886
-0.324793 0.340486 2.745863
-0.266178 0.383358 2.772854
0.149904 0.139297 4.429239
0.132853 0.123313 4.582747
-0.696427 -0.126636 3.621010
-0.668038 -0.148994 3.549520
-0.404710 0.003207 3.992729
-0.144964 -0.191808 3.980219
-0.382185 -0.230621 3.954995
0.503057 -0.708345 0.861100
0.511506 -0.560976 0.865478
0.089659 -0.322835 3.795875
0.098368 -0.345354 2.882376
0.191807 -0.130194 3.986697
0.160194 -0.238154 3.888482
0.176885 -0.331804 3.654426
0.428889 -0.616684 1.660102
0.343253 -0.485443 2.868982
-0.066906 -0.776355 0.859869
-0.436434 0.031997 1.167668
-0.403981 0.213344 1.251509
0.526001 0.652589 4.222383
0.096644 -0.064625 1.091598
0.150963 0.039478 1.216085
-0.036055 0.110908 2.078865
-0.391382 0.285400 3.009980
-0.294433 0.544852 3.364697
-0.255727 0.486309 3.374188
-0.052575 -0.216432 3.989885
-0.503780 -0.125045 3.868384
-0.412277 0.115056 3.922541
-0.011995 -0.692542 0.871234
-0.004540 0.381254 4.082944
0.009357 0.391487 4.110696
-0.075813 0.393862 4.109599
-0.061798 0.382851 4.082207
0.584485 0.470718 3.707436
0.494006 0.422212 3.747117
-0.670857 0.014320 3.658055
-0.627082 0.055420 3.697934
-0.542084 0.143783 3.610881
-0.532912 0.114406 3.586410
0.548789 0.571163 4.254757
0.525893 0.585468 4.339832
0.483116 0.645909 4.327121
0.431418 0.608023 4.334332
0.616532 0.598676 4.183148
0.566356 0.610617 4.253942
0.593556 0.657317 4.323735
0.584559 0.696335 4.292839
0.508355 0.648189 4.311792
0.483116 0.645909 4.327121
0.492548 0.624564 4.246958
0.473692 0.591968 4.240687
0.494626 0.671449 4.228272
0.474458 0.666301 4.204589
-0.125087 0.137141 1.194347
-0.087774 0.105326 1.312974
0.211795 0.133907 1.428110
0.319082 0.172788 1.431713
0.145860 -0.208656 1.467848
0.182413 -0.172940 1.534408
-0.366909 0.374028 1.535174
-0.438812 0.175368 1.562354
-0.395856 -0.057532 1.389780
-0.362946 -0.000761 1.525147
-0.238388 -0.171393 1.056186
-0.178300 -0.116376 1.002011
0.453721 0.061348 1.538031
0.376336 0.132143 1.381339
0.457921 0.070522 1.474037
0.357676 -0.037166 0.838812
-0.316377 0.422132 1.855514
-0.463126 0.038780 2.169209
-0.494248 0.183476 2.184010
-0.326717 0.438082 1.844221
-0.069943 0.102843 1.900497
-0.037229 0.188862 1.836073
-0.510023 0.210833 2.183203
-0.494871 0.334873 2.190447
-0.432599 0.070166 2.402117
-0.431807 0.074719 2.384612
0.040556 -0.005095 2.242019
0.143741 -0.112482 2.270560
-0.352670 0.390954 2.543194
-0.374125 0.431757 2.282231
-0.263430 0.472763 2.209197
-0.250671 0.480516 2.115335
-0.543541 0.070088 3.853936
-0.469476 0.098513 3.835540
0.397589 0.226069 3.490042
0.359542 0.321747 3.574184
0.172450 -0.004419 4.011107
0.132830 -0.111974 3.982443
0.049747 -0.120807 3.970207
0.315626 0.257287 3.472920
0.359542 0.321747 3.574184
-0.341954 0.395439 3.597009
-0.356333 0.408921 3.386378
-0.255253 0.152401 4.035577
-0.183298 0.268723 3.994091
-0.199045 -0.078527 4.064104
-0.139707 -0.121782 3.966305
0.202058 0.488553 3.031964
0.268906 0.451012 3.046936
-0.416406 0.299372 3.689616
-0.375271 0.341023 3.633421
-0.227052 0.122164 4.045007
-0.711223 -0.219131 2.635442
-0.610390 0.015649 2.688778
-0.614848 0.008455 2.540141
-0.700807 -0.185918 2.345427
-0.422927 -0.155214 2.980743
-0.441171 -0.205661 3.054090
-0.585875 0.028707 2.798645
-0.495684 -0.020685 2.764812
-0.466124 -0.066602 2.662507
-0.465810 -0.095600 2.668069
-0.396164 -0.198950 3.650943
-0.384442 -0.153971 3.530057
-0.617058 -0.212965 3.092056
-0.512358 0.142463 3.629706
-0.493095 0.091829 3.387180
-0.652962 -0.145316 3.073544
-0.455533 -0.115072 2.842629
-0.473109 -0.066067 2.837296
-0.523964 -0.205770 2.581391
-0.541233 -0.194422 2.525558
-0.559699 0.016715 3.062127
-0.644489 -0.036824 2.122744
-0.591901 -0.019707 2.447389
-0.590723 -0.022537 2.189242
-0.613467 -0.039120 2.050843
-0.583748 -0.105387 1.967283
-0.626776 -0.120417 1.972273
-0.607372 0.008213 2.159339
-0.556600 -0.089663 2.444729
0.427614 0.703086 3.426724
0.434974 0.731887 3.570854
0.445520 0.744422 3.666321
0.434582 0.615011 3.681494
0.448655 0.721483 3.554589
0.448142 0.685818 3.565746
0.693866 0.659797 3.706338
0.646402 0.786786 3.767826
0.531080 0.797206 3.873688
0.681946 0.585972 3.534045
0.646369 0.573103 3.585317
0.673921 0.569703 3.617137
0.371290 0.018773 3.562929
0.483089 0.065870 3.541532
0.591193 0.316742 3.492881
0.662299 0.461990 3.488237
0.500829 0.794129 3.609094
-0.157134 -0.174080 4.548814
-0.174289 -0.076769 4.592555
-0.115638 -0.157785 4.127749
-0.046642 -0.107764 4.113997
-0.148802 -0.279802 4.328901
-0.098156 -0.289842 4.314627
-0.089630 -0.223555 4.521105
-0.157134 -0.174080 4.548814
-0.004543 0.375493 4.096248
0.134755 -0.142210 4.374884
0.158493 -0.106443 4.374557
0.136175 -0.125479 4.431988
0.157507 -0.082427 4.439333
0.016574 0.406619 4.091549
-0.195627 0.075313 4.060371
-0.205885 -0.000057 4.016451
-0.103860 0.197554 4.050164
-0.173591 0.132016 4.078888
0.192244 0.599823 3.399596
0.252499 0.584157 3.460640
0.262525 0.591273 3.451903
0.243301 0.513417 3.452606
0.152830 0.547159 3.281849
0.133199 0.551298 3.340104
0.309819 0.452166 3.159330
0.349377 0.416649 3.217807
0.291400 0.560327 3.265689
0.295300 0.456091 3.319566
-0.187958 0.594181 3.241873
-0.206261 0.591663 3.379495
-0.294433 0.544852 3.364697
-0.381206 0.493279 3.359559
-0.386031 0.476714 3.212787
-0.323440 0.442495 3.017716
0.143948 -0.191177 4.297102
0.115366 -0.236690 4.317266
0.283668 -0.045117 2.889822
0.325039 -0.154043 2.702305
0.160993 -0.218095 2.620726
-0.400215 -0.072704 2.653049
0.328225 -0.147704 2.633072
-0.293789 -0.150399 2.684566
-0.274920 0.430434 2.632351
-0.205166 0.471877 2.599584
0.054660 0.334762 4.501004
0.117594 0.274569 4.449173
-0.676874 -0.078165 3.491511
-0.670728 -0.119276 3.500907
-0.691044 -0.129906 3.515053
-0.696012 -0.130811 3.625095
0.249163 0.066973 4.014933
0.344129 -0.199862 3.936112
0.374229 -0.250558 3.841027
-0.458230 -0.153701 3.897601
0.222239 0.122323 3.969761
0.571210 -0.374067 1.542934
-0.467697 -0.308955 3.694128
0.291506 0.039689 4.012496
0.449400 -0.324772 2.894054
0.318743 0.049196 3.985785
0.279719 0.093051 3.983641
-0.054018 -0.446718 3.419511
0.126789 -0.142967 3.972166
0.124557 -0.227379 3.942811
0.294247 0.112985 3.920299
0.225825 0.056406 3.982937
0.218798 -0.641784 1.451472
0.307546 0.051769 3.963671
0.222239 0.122323 3.969761
0.039558 -0.189163 3.994145
-0.245362 0.041285 0.914875
0.096644 -0.064625 1.091598
0.105048 -0.093156 0.959237
-0.365304 -0.071238 0.961289
-0.249401 -0.051333 2.921252
-0.103810 -0.109456 2.917573
-0.501002 0.016365 3.025514
-0.342096 0.432922 3.370402
-0.381206 0.493279 3.359559
-0.695201 -0.334851 1.459557
-0.745621 -0.298820 0.868707
-0.062268 -0.381416 3.650993
0.106537 -0.136144 3.981145
0.503468 -0.310844 0.867926
0.211014 -0.729767 0.864303
0.643121 -0.359922 0.867222
-0.202887 -0.113470 3.980900
-0.292485 0.036556 3.967992
0.303611 -0.149366 0.831177
0.284777 -0.118541 0.820210
0.010054 0.389303 4.111211
0.000171 0.393387 4.111115
-0.074997 0.356222 4.083935
-0.061798 0.382851 4.082207
-0.069721 0.358507 4.096534
-0.072044 0.380081 4.091969
0.575983 0.438327 3.683008
0.570520 0.250593 3.764255
0.454542 0.310472 3.814092
0.495044 0.421487 3.739772
-0.407944 -0.264523 3.521175
-0.453642 -0.262178 3.365713
-0.618672 -0.034405 3.692832
-0.636511 -0.068211 3.735868
0.543373 0.650201 4.231357
0.516027 0.638608 4.215705
0.577138 0.589975 4.308558
0.595102 0.630845 4.284564
0.405115 0.619406 4.299289
0.379454 0.682223 4.254135
0.454539 0.617150 4.143832
0.498044 0.624154 4.199366
0.539071 0.614644 4.059776
0.589216 0.650493 4.058291
0.538506 0.598159 4.216003
0.546598 0.647327 4.227219
0.565836 0.628979 4.225990
0.483816 0.622790 4.268381
0.424521 0.670531 4.191126
0.449617 0.678385 4.205071
0.553771 0.611253 4.238180
-0.369488 0.334033 1.252373
-0.350585 0.223008 1.113325
-0.260324 0.196906 0.915022
-0.342900 0.197023 0.999242
-0.318244 -0.106720 1.408095
-0.350914 -0.055631 1.444957
0.475241 -0.118658 1.368537
0.473749 -0.076325 1.419671
-0.304320 0.447514 1.883560
-0.388057 0.085746 1.683324
-0.329049 0.046156 1.677133
-0.340775 -0.057912 1.453974
-0.221115 0.460549 2.150851
-0.360752 0.001208 1.531117
0.162348 -0.188449 0.908895
0.402722 0.168801 1.542689
0.457921 0.070522 1.474037
0.381470 0.125935 1.378748
0.192573 -0.042973 0.898210
0.099257 0.278504 2.083391
0.183627 0.333285 2.096984
-0.147823 0.023730 1.903902
-0.069943 0.102843 1.900497
-0.353494 0.440530 1.949842
-0.101679 0.375006 1.909574
-0.131993 0.392714 1.847340
-0.341350 0.412682 1.943618
-0.477892 0.333233 2.381871
-0.438875 0.377232 2.379307
-0.462734 0.056644 2.403561
-0.431807 0.074719 2.384612
0.420038 0.275063 2.488593
0.461082 0.224919 2.347311
-0.000127 0.281362 2.203607
0.023601 0.398976 2.237194
-0.297304 -0.126223 2.632935
-0.321209 -0.110829 2.522218
-0.188583 0.436165 2.092886
-0.157573 0.445926 2.117959
-0.469476 0.098513 3.835540
-0.458499 -0.077298 3.830203
0.194003 0.269910 3.926778
0.399646 -0.174894 3.633415
0.451026 -0.160965 3.781320
-0.106133 -0.137299 4.063453
0.378490 0.016141 3.363856
0.341826 -0.143871 3.464733
0.288715 -0.141062 3.508039
0.426131 0.267195 2.931695
0.468232 0.256216 2.902428
-0.285370 0.442378 3.027338
-0.221815 0.202091 3.933559
-0.259887 0.092492 3.975242
-0.199045 -0.078527 4.064104
-0.428834 0.264925 3.483160
0.069720 0.540774 3.016772
0.371346 -0.043179 3.346790
-0.414331 0.287471 3.690240
-0.512134 0.234318 3.739538
-0.442100 0.167048 3.426943
-0.008797 0.375368 3.863099
-0.206783 0.486122 3.032776
-0.059985 0.540725 3.011991
-0.683680 -0.254433 2.758848
-0.665320 -0.020556 3.017078
-0.583147 0.022913 2.392511
-0.594014 -0.001111 2.531515
-0.643567 -0.005055 3.009297
-0.514645 0.004062 2.978225
-0.583504 0.023518 2.988404
-0.670346 -0.273836 2.797005
-0.605180 0.032109 2.695136
-0.633346 0.034212 2.625268
-0.651831 0.016951 2.503125
-0.639043 0.012046 2.628382
-0.370120 -0.167609 3.531826
-0.386085 0.000957 3.494659
-0.354576 -0.064006 3.512350
-0.561523 -0.234671 3.343523
-0.451664 -0.247937 3.329370
-0.608362 0.028861 3.099058
-0.466267 -0.192407 2.816506
-0.412801 -0.144665 2.995397
-0.542287 0.009670 3.136886
-0.628189 0.000888 2.902335
-0.591875 0.000488 2.755608
-0.626918 0.014419 2.554562
-0.679892 -0.004997 2.554049
-0.477176 -0.074327 2.582426
-0.489874 -0.072913 2.519137
-0.286955 -0.078075 3.304527
-0.669498 0.008933 2.081942
-0.678062 -0.014586 2.130545
-0.623235 -0.190002 2.081278
-0.707301 -0.094066 2.366271
-0.593384 -0.013146 2.175251
-0.592400 -0.034274 2.205205
-0.644489 -0.036824 2.122744
-0.623834 -0.037296 2.069615
-0.655826 -0.034069 2.051380
-0.684545 -0.068098 2.062146
-0.605687 -0.198344 2.013400
-0.586678 -0.181670 2.025469
-0.594721 -0.166312 2.011823
-0.709650 -0.107275 2.429311
0.669337 0.688979 3.348608
0.579079 0.507746 3.642548
0.663500 0.536273 3.648318
0.433325 0.655978 3.603412
0.433449 0.738692 3.588303
0.643973 0.601960 3.332418
0.427638 0.692928 4.069240
0.435830 0.701113 3.925667
0.464379 0.779345 3.935138
0.454706 0.735098 3.800772
0.519354 0.635142 3.577096
0.624506 0.586712 3.577316
0.534712 0.559069 3.603428
0.460815 0.611507 3.524237
0.670594 0.537343 3.539510
0.646273 0.540093 3.630767
0.360550 -0.040016 3.546827
0.504273 -0.026011 3.608172
0.422573 0.234099 3.840478
0.436670 0.249256 3.848423
0.237212 -0.149468 3.851040
0.232531 -0.029155 3.920850
-0.243258 -0.115361 4.426768
-0.236169 -0.071259 4.505119
-0.178133 -0.118230 4.132072
-0.123090 -0.166665 4.135342
-0.048261 -0.141082 4.121821
-0.190118 -0.244466 4.326478
-0.146482 -0.281870 4.328609
-0.223186 0.195857 4.414802
-0.212482 0.189578 4.411270
-0.058264 0.381555 4.108989
-0.068998 0.377486 4.266252
-0.161325 0.273922 4.352606
-0.106475 0.348733 4.335427
0.134682 -0.023536 4.535904
0.008030 -0.145930 4.128900
0.171386 -0.165930 4.323640
0.126577 -0.223271 4.331238
0.138042 0.026672 4.523104
0.137566 0.185798 4.419448
0.126624 0.180124 4.415638
0.024655 0.311658 4.085182
0.152625 0.098555 4.112050
-0.145121 -0.067750 4.082898
0.091713 0.106363 4.086583
0.042147 0.182621 4.080255
-0.185895 -0.084509 3.953988
0.119863 0.543173 3.513438
0.123407 0.621319 3.507914
0.127421 0.544257 3.369766
0.158193 0.533255 3.394914
0.221969 0.501521 3.413924
0.202579 0.530681 3.242188
0.152830 0.547159 3.281849
0.251724 0.486854 3.396211
0.330632 0.515950 3.305615
0.317959 0.543862 3.123886
0.282777 0.574747 3.165012
0.371611 0.489899 3.272444
-0.199214 0.600081 3.347665
-0.192505 0.581289 3.390454
-0.275900 0.560345 3.029023
-0.370380 0.522331 3.108104
-0.387115 0.495409 3.328355
-0.342096 0.432922 3.370402
-0.336735 0.441567 3.199735
-0.433004 0.395301 3.009474
0.142525 -0.192952 4.295326
0.133675 -0.180517 4.212769
0.157531 0.483964 3.015241
0.424080 0.316434 2.656332
-0.367451 0.227883 3.015115
-0.350865 0.293698 3.036561
-0.284082 0.478526 2.627906
-0.177127 0.487108 2.632385
0.239056 0.442653 3.031277
0.160993 -0.218095 2.620726
-0.236978 -0.182220 2.628518
0.059038 0.309394 4.524170
0.117594 0.274569 4.449173
-0.669096 -0.139540 3.415058
-0.684508 -0.141112 3.413450
-0.692062 -0.127436 3.341768
-0.685404 -0.140915 3.344965
-0.689815 -0.085210 3.491805
-0.675274 -0.087066 3.455282
-0.677898 -0.055153 3.502512
-0.697415 -0.073817 3.502321
-0.664722 -0.185297 3.423402
-0.648092 -0.187846 3.386987
-0.679968 -0.182460 3.353538
-0.670299 -0.189064 3.357936
-0.384817 -0.157867 3.981357
-0.368862 -0.212286 3.957015
-0.315509 -0.080731 3.997802
0.216736 0.082293 3.994397
0.192776 0.026743 4.000863
-0.687694 -0.347843 2.572419
-0.424419 0.057846 3.957012
-0.171916 -0.694493 1.075860
0.374010 -0.302360 2.826578
-0.414581 -0.007960 3.928395
-0.391026 0.090761 3.925526
0.106218 -0.137518 3.982779
0.037732 -0.197945 3.994144
-0.113308 -0.411416 3.418126
0.356822 -0.382650 3.024639
0.312143 0.125679 3.925617
0.290436 0.126181 3.946368
-0.439776 -0.016232 3.958385
0.176154 -0.213822 0.846163
-0.317349 -0.026671 0.860033
0.511637 0.664090 4.228606
0.446178 -0.115184 1.204042
0.329162 -0.276041 1.386727
0.442884 0.123936 2.812682
0.446394 0.212702 2.785173
-0.250424 0.503084 3.026658
-0.389174 0.353459 3.182632
-0.380239 0.361618 3.010099
-0.380239 0.361618 3.010099
0.409787 0.289357 2.643650
-0.549064 -0.530105 2.195665
-0.633399 -0.335637 2.169627
-0.157529 -0.662264 1.455449
-0.581267 -0.570224 1.851099
-0.731610 -0.284879 2.163129
-0.662373 -0.322227 1.833188
-0.326084 0.003974 3.997072
-0.029295 -0.209715 4.011742
0.035210 -0.189527 4.015167
0.410895 -0.583095 2.207237
0.371224 -0.533845 2.646677
-0.136827 -0.353495 3.694481
-0.680436 -0.317989 1.457577
-0.345538 0.112409 3.920637
-0.358835 0.112314 3.927433
-0.649271 -0.303945 1.832587
0.360048 -0.318483 3.211835
-0.321778 -0.479418 0.864507
-0.326318 -0.591935 0.863532
0.369099 -0.395856 2.622167
0.432506 -0.416947 0.868293
0.526913 -0.553713 0.866988
0.178342 -0.094221 0.828118
-0.383411 -0.109708 1.115226
-0.316313 -0.162601 1.075155
-0.290613 -0.048421 0.842248
-0.299458 -0.034169 0.846453
-0.277348 -0.022064 0.909138
0.009664 0.387561 4.086458
0.000171 0.393387 4.111115
-0.061798 0.382851 4.082207
-0.069721 0.358507 4.096534
0.568116 -0.064133 3.623596
0.586822 0.050646 3.671342
0.588786 -0.070643 3.626095
0.506346 0.428370 3.753128
0.584485 0.470718 3.707436
0.592209 -0.048313 3.603059
-0.407944 -0.264523 3.521175
-0.453642 -0.262178 3.365713
-0.618672 -0.034405 3.692832
-0.636511 -0.068211 3.735868
0.543373 0.650201 4.231357
0.516027 0.638608 4.215705
0.577138 0.589975 4.308558
0.595102 0.630845 4.284564
0.379454 0.682223 4.254135
0.405115 0.619406 4.299289
0.461571 0.625746 4.256836
0.388018 0.694663 4.133271
0.379454 0.682223 4.254135
0.548846 0.545071 4.226829
0.536441 0.575993 4.234311
0.546598 0.647327 4.227219
0.543373 0.650201 4.231357
0.528191 0.619468 4.270167
0.440841 0.604146 4.226543
0.434157 0.671142 4.298016
0.453145 0.653814 4.329553
0.494549 0.625065 4.269990
0.565836 0.628979 4.225990
0.424521 0.670531 4.191126
-0.465278 0.165030 1.404984
-0.476957 0.123283 1.354687
-0.115005 -0.025547 1.380639
-0.077703 0.071272 1.333016
0.327466 0.197554 1.409598
0.447645 0.118377 1.438470
0.250019 0.005281 0.877718
0.237906 0.001791 0.879377
0.446178 -0.115184 1.204042
0.173219 0.030557 1.176980
-0.248771 0.026741 1.903038
-0.244385 -0.014351 1.585104
-0.180237 0.006752 1.633276
-0.340775 -0.057912 1.453974
-0.272164 0.011132 1.827089
-0.360752 0.001208 1.531117
-0.383411 -0.109708 1.115226
-0.316313 -0.162601 1.075155
0.159196 -0.092134 1.956076
0.176764 -0.113919 1.856094
0.097503 0.063798 1.574112
0.146511 0.053643 1.443552
0.192573 -0.042973 0.898210
0.262367 -0.003365 0.885491
-0.341350 0.412682 1.943618
-0.212168 0.432142 1.920916
-0.452991 0.327614 1.806965
-0.423082 0.341298 1.750166
-0.258572 -0.003555 1.833931
-0.253287 -0.000520 1.922325
-0.457101 0.038412 2.368566
-0.458933 0.295048 2.428998
-0.474176 0.189921 2.423799
-0.431807 0.074719 2.384612
0.054395 0.333987 2.206590
0.092849 0.391381 2.212037
0.356792 0.356175 2.086872
0.399967 0.301651 2.075987
-0.146059 -0.026888 2.247589
-0.150110 -0.003168 2.089393
-0.454546 0.235736 2.081446
-0.425673 0.377687 2.088098
-0.025741 0.301822 2.086136
-0.016993 0.170040 2.079223
-0.447376 0.043106 3.387655
-0.432491 0.022620 3.326449
0.305765 0.347025 3.679304
0.338224 0.296733 3.731935
-0.129295 -0.173700 4.064017
0.233345 -0.071856 2.937400
0.089491 0.179158 3.937302
0.376436 0.175663 3.462338
0.398128 0.226196 3.487359
0.269807 -0.040928 3.035672
-0.408705 0.318881 3.681149
-0.414331 0.287471 3.690240
-0.415063 -0.140553 3.869073
-0.372911 -0.225010 3.760308
-0.263299 -0.072161 3.135087
-0.161463 -0.111533 3.090330
-0.105074 0.219726 3.878833
0.027224 0.242846 3.886945
-0.138697 0.105588 3.895958
0.254762 0.345533 3.578108
0.266134 0.309010 3.690079
0.233345 -0.071856 2.937400
0.110966 -0.110822 2.924712
-0.215014 -0.111818 4.065421
-0.575072 -0.008353 2.783405
-0.526213 -0.030005 2.727644
-0.481819 -0.103331 2.588600
-0.494532 -0.100718 2.520987
-0.689551 -0.118396 2.966773
-0.428513 -0.173011 2.906821
-0.576038 -0.294084 2.776066
-0.529997 -0.332090 2.963202
-0.442064 -0.161024 2.820324
-0.693716 -0.136567 2.878133
-0.453866 -0.076070 2.767842
-0.528258 -0.068761 2.491098
-0.651831 0.016951 2.503125
-0.466278 -0.092572 2.771863
-0.532958 -0.059959 2.426054
-0.518167 -0.123060 3.803233
-0.562510 -0.126822 3.767427
-0.556090 -0.256851 3.267142
-0.561523 -0.234671 3.343523
-0.435052 0.047158 3.306766
-0.591553 0.020017 2.939275
-0.531440 -0.036891 2.914049
-0.542287 0.009670 3.136886
-0.402867 0.002717 3.201583
-0.587272 0.012593 3.160915
-0.615112 0.010989 2.690711
-0.623121 0.017727 2.628112
-0.590004 -0.005162 2.504462
-0.655483 0.013986 2.396934
-0.554066 -0.139201 2.433373
-0.601384 0.018052 2.210216
-0.566725 0.063416 2.101963
-0.678062 -0.014586 2.130545
-0.644489 -0.036824 2.122744
-0.599103 -0.062355 2.139241
-0.542407 -0.090782 2.327078
-0.610610 -0.004589 2.198797
-0.592400 -0.034274 2.205205
-0.609768 -0.026449 2.131785
-0.567491 -0.040400 1.971177
-0.586557 -0.040540 1.971937
-0.684545 -0.068098 2.062146
-0.683279 -0.028703 2.389823
-0.685464 -0.021014 2.341737
-0.682057 -0.039242 2.065911
-0.556600 -0.089663 2.444729
0.702037 0.608077 3.569397
0.579079 0.507746 3.642548
0.643947 0.542331 3.636500
0.684079 0.611842 3.572533
0.433325 0.655978 3.603412
0.461181 0.742460 3.593380
0.427638 0.692928 4.069240
0.441938 0.655951 4.062616
0.591242 0.753679 3.906304
0.617590 0.623931 3.590869
0.582360 0.554283 3.608994
0.646369 0.573103 3.585317
0.647773 0.540285 3.628730
0.670594 0.537343 3.539510
0.646273 0.540093 3.630767
0.360550 -0.040016 3.546827
0.504273 -0.026011 3.608172
0.422573 0.234099 3.840478
0.436670 0.249256 3.848423
0.269461 -0.138846 3.532386
0.319845 -0.085243 3.491807
0.554502 0.762718 4.122458
-0.080850 0.408174 4.088249
-0.105970 -0.285600 4.316138
-0.074386 -0.155553 4.118271
-0.096266 -0.194026 4.134920
-0.047199 -0.105205 4.117033
-0.123671 -0.254711 4.229412
-0.267587 0.138833 4.195027
-0.275347 0.134739 4.232820
-0.223186 0.195857 4.414802
-0.212482 0.189578 4.411270
-0.080850 0.408174 4.088249
-0.058264 0.381555 4.108989
-0.071645 0.371683 4.090728
-0.161325 0.273922 4.352606
-0.106475 0.348733 4.335427
0.035418 0.365617 4.087327
-0.002051 -0.196608 4.155200
-0.017836 -0.216808 4.146720
0.003315 -0.098221 4.136291
0.143072 0.124540 4.107898
0.099002 -0.033839 4.117495
0.122914 0.063908 4.114017
0.128058 0.107388 4.518907
0.125933 0.065504 4.531393
-0.175729 -0.049838 4.129734
-0.172677 -0.057911 4.092125
-0.095204 0.179402 3.993270
-0.069288 0.311362 4.102221
-0.034197 0.222573 4.047570
-0.170401 0.129121 3.962991
0.117487 0.622006 3.502101
0.095757 0.551936 3.502261
0.146957 0.534878 3.406357
0.158442 0.534774 3.394269
0.175141 0.533439 3.560542
0.132419 0.539921 3.526566
0.255153 0.499681 3.282996
0.293383 0.477990 3.325024
0.221969 0.501521 3.413924
0.251724 0.486854 3.396211
0.246450 0.497521 3.263246
0.237240 0.503717 3.253262
0.300514 0.461768 3.152697
0.288642 0.466564 3.163375
0.291400 0.560327 3.265689
0.262990 0.478505 3.281175
-0.201690 0.589139 3.381420
-0.246222 0.577971 3.362869
-0.187735 0.592500 3.261581
-0.164083 0.534957 3.255441
-0.341929 0.427797 3.370475
-0.380040 0.475977 3.371001
-0.371736 0.499911 3.172671
-0.370057 0.502341 3.055788
-0.345153 0.428570 3.383371
-0.342609 0.427295 3.372025
-0.345311 0.431181 3.364285
-0.334323 0.438657 3.238131
-0.250415 0.497061 3.244934
-0.286686 0.547912 3.251089
-0.359150 0.391288 3.013254
-0.344256 0.413507 3.014651
0.071614 -0.268024 4.213667
0.055311 -0.237863 4.210941
0.294464 -0.035260 2.887989
0.335594 -0.151571 2.690358
0.306988 -0.127439 2.765783
0.160993 -0.218095 2.620726
-0.400984 0.119563 2.889652
-0.324125 0.001789 2.882598
-0.197190 -0.173918 2.671165
-0.293789 -0.150399 2.684566
0.026074 0.487167 2.550911
0.016727 0.486249 2.609600
0.146746 0.122596 4.475852
0.149615 0.111215 4.435903
0.062460 0.356449 4.463384
0.117594 0.274569 4.449173
-0.712430 -0.135217 3.367333
-0.694551 -0.111882 3.361738
-0.712430 -0.135217 3.367333
-0.716009 -0.105746 3.509560
-0.672031 -0.102846 3.368566
-0.675423 -0.093887 3.365922
-0.697415 -0.073817 3.502321
-0.717175 -0.049471 3.497588
-0.685454 -0.036213 3.482060
-0.671154 -0.033572 3.484384
-0.696188 -0.171833 3.375125
-0.669071 -0.159913 3.370522
-0.691044 -0.129906 3.515053
-0.669071 -0.159913 3.370522
0.224084 0.045760 3.986984
-0.167041 -0.566690 2.203531
-0.228455 -0.405287 2.183704
-0.243914 -0.403512 1.845943
0.498760 -0.335121 1.080480
0.476320 -0.331217 1.456110
-0.439787 -0.016137 3.954398
0.142440 -0.083524 3.980461
-0.195494 -0.473876 2.623303
-0.473621 -0.299282 3.690805
0.331340 -0.143618 3.952849
-0.267516 -0.340920 3.821681
0.355707 -0.197970 3.901563
-0.424844 0.055392 3.950450
-0.064684 -0.769123 0.859252
-0.465059 -0.250466 3.778744
0.103674 -0.141574 3.984907
-0.354542 0.040048 3.974401
0.400808 -0.155076 3.849647
-0.245950 -0.387124 3.692631
0.232055 0.084350 3.975466
-0.299599 -0.475688 0.865154
0.289388 0.113394 3.922437
0.411897 -0.192879 3.793368
-0.267688 -0.363801 0.868067
0.223551 0.108126 3.952513
0.344337 -0.393680 3.257574
-0.356563 0.091826 3.944783
0.335852 -0.386904 3.436275
0.437351 -0.225937 3.673077
0.255816 0.110085 3.948032
-0.229951 -0.169668 3.975591
-0.400254 -0.091311 3.967536
0.281310 -0.027353 4.000344
0.272499 0.044636 3.993245
-0.390202 -0.152902 3.960003
-0.362679 -0.227864 3.910486
-0.374153 -0.201338 3.937890
-0.001561 -0.674387 0.871249
-0.244181 -0.140537 3.980023
0.297862 0.112194 3.914642
-0.257806 -0.065987 3.972601
0.265467 0.077702 3.976659
0.224326 0.083745 3.968896
-0.219232 -0.126101 3.970448
0.218926 -0.558411 2.205724
0.214412 -0.483839 2.636901
-0.121903 -0.390415 0.866304
0.468607 -0.229262 3.407768
-0.277457 -0.343533 0.867905
0.332244 0.087478 3.934585
0.312143 0.125679 3.925617
-0.828676 -0.146833 1.824406
-0.882927 -0.108360 1.457854
-0.153504 0.120672 0.895820
-0.162556 0.130534 0.889056
0.313392 -0.053909 0.824263
0.321708 0.000423 0.893183
0.277296 -0.161659 0.785651
0.277296 -0.161659 0.785651
0.267532 -0.145287 0.781427
-0.291339 -0.048416 0.841770
-0.299508 -0.051741 0.836930
-0.273861 -0.006330 0.986925
-0.277348 -0.022064 0.909138
0.280337 -0.155694 0.783635
49 50
217 218
545 548
225 232
352 353
45 47
347 348
135 137
0 1
46 48
155 156
5 6
219 220
153 154
569 570
556 574
405 407
127 128
3 4
51 52
10 11
848 849
1174 1175
163 164
1130 1137
814 843
209 210
129 130
823 858
793 794
235 236
817 855
816 841
226 227
851 854
1133 1134
1181 1182
249 250
188 189
233 234
136 138
215 216
131 133
839 842
1131 1132
840 844
909 910
145 146
277 278
37 42
444 447
211 212
822 850
619 623
19 31
830 831
7 8
1158 1177
12 13
147 148
244 306
481 489
420 421
1052 1056
2 9
273 361
365 366
125 126
259 260
686 701
543 546
237 238
350 351
758 759
201 202
457 458
195 196
223 224
25 26
14 15
551 571
342 344
652 671
166 167
103 104
95 96
30 35
165 228
181 182
779 780
170 171
526 527
308 309
1023 1036
63 66
139 141
398 399
433 434
522 523
271 272
586 587
437 443
355 356
317 318
1102 1104
257 258
54 65
975 976
194 231
692 693
245 246
253 254
180 183
430 438
186 187
264 360
285 287
143 144
528 530
267 268
1155 1157
611 612
24 33
650 651
266 270
576 577
835 836
286 290
358 359
781 782
560 563
20 21
281 282
64 92
36 41
293 295
151 152
274 275
247 248
859 860
123 124
32 39
1176 1178
590 591
877 878
487 488
269 276
38 40
939 940
288 289
747 748
653 654
732 733
1030 1031
564 565
642 643
338 339
1101 1103
261 262
418 419
695 696
980 981
400 401
349 350
1127 1128
27 28
625 629
445 446
479 480
409 410
573 575
345 346
22 23
473 474
905 906
205 206
161 162
1117 1118
941 942
722 723
957 958
101 102
16 18
435 436
251 252
724 725
178 179
676 677
1105 1106
34 35
330 331
921 922
588 589
736 737
518 519
1140 1148
184 185
299 300
283 284
172 173
72 73
60 74
760 763
561 562
529 531
627 628
426 427
925 926
943 944
626 627
67 85
475 476
61 62
666 673
454 455
966 967
392 393
431 432
996 997
1093 1094
192 193
684 685
871 872
78 82
174 175
414 415
334 335
644 645
132 134
115 116
662 663
485 486
999 1000
888 889
668 669
75 77
827 861
303 304
68 69
728 729
320 321
961 963
17 29
988 992
1004 1014
964 965
428 429
959 960
613 614
312 313
516 517
1089 1090
1150 1153
726 727
43 44
1143 1167
646 647
394 395
903 904
86 87
665 670
856 857
412 413
541 542
203 204
689 690
632 633
207 208
301 302
538 539
372 373
239 357
1064 1065
655 664
291 292
197 198
950 954
110 122
450 451
490 491
790 791
322 323
324 325
326 327
932 933
949 968
919 920
120 121
951 962
109 113
818 819
630 631
534 535
795 796
520 521
1138 1144
354 367
1057 1058
1107 1108
874 875
506 507
1113 1114
622 624
914 916
76 81
168 169
402 403
157 158
114 117
343 364
70 71
1063 1066
213 214
422 423
730 731
1028 1029
862 863
917 918
749 750
1050 1051
1038 1042
832 833
786 792
716 721
820 821
314 316
199 200
1019 1020
761 762
448 449
973 978
738 739
661 672
552 553
717 718
378 379
929 930
974 977
496 497
1185 1186
1081 1082
504 505
382 383
532 533
88 89
508 509
305 307
989 990
559 572
492 493
811 845
719 720
1034 1035
784 785
396 397
912 913
58 59
983 998
240 243
598 599
885 886
424 425
923 924
441 442
911 915
93 94
510 511
340 341
986 987
947 948
1192 1193
514 515
456 459
1139 1141
691 694
764 765
466 472
465 468
439 440
336 337
969 970
895 900
540 544
554 557
90 91
815 826
682 683
105 106
310 311
687 688
315 319
1016 1017
740 741
1067 1068
1135 1142
753 754
864 866
1162 1163
567 568
679 680
176 177
374 375
255 256
1170 1173
635 636
620 621
788 789
615 616
600 601
362 363
937 938
1136 1145
1025 1027
935 936
464 566
500 502
971 972
1147 1152
657 658
846 847
555 558
704 713
140 142
149 150
901 902
617 618
945 946
107 108
769 770
927 928
294 296
404 406
699 700
380 381
705 715
607 829
482 483
994 995
1161 1164
1095 1096
778 834
783 837
1085 1086
773 774
263 265
656 667
547 550
809 810
602 603
512 513
1087 1088
279 280
812 813
1073 1074
952 953
1146 1156
462 463
499 501
1109 1110
638 639
772 775
549 550
1024 1026
111 112
592 593
879 880
743 744
221 222
297 298
524 525
984 985
708 709
742 752
697 698
328 329
99 100
118 119
1071 1072
702 703
1041 1055
79 80
97 98
494 495
53 55
659 660
460 461
751 755
893 894
991 993
596 597
883 884
384 385
1083 1084
1011 1012
1039 1040
776 777
931 934
467 471
229 230
469 470
710 711
674 681
1159 1171
1179 1180
241 242
56 57
1059 1060
536 537
483 484
1111 1112
766 767
648 649
1129 1149
1001 1002
896 897
83 84
1047 1048
640 641
1021 1022
805 806
1165 1166
801 802
376 377
1043 1044
1061 1062
1003 1007
388 389
498 503
578 579
1037 1049
768 771
1075 1076
477 478
706 707
332 333
887 898
1005 1006
159 160
1099 1100
890 891
712 714
594 595
881 882
955 956
787 838
1160 1168
368 369
370 371
873 876
1121 1122
390 391
634 637
824 825
1125 1126
604 610
1115 1116
582 583
608 609
386 387
452 453
1154 1172
869 870
1010 1013
675 678
190 191
867 868
803 804
1053 1054
1097 1098
605 606
892 899
828 865
584 585
734 735
1032 1033
408 411
979 982
1188 1189
1008 1009
1015 1018
416 417
1069 1070
1079 1080
797 798
799 800
1183 1184
852 853
1077 1078
1123 1124
745 746
1045 1046
756 757
907 908
807 808
1091 1092
1151 1169
580 581
1190 1191
1119 1120
1187 1194
