12469128719111592965 1192 600
-0.095238 0.306006 0.200087
-0.095238 0.308861 0.191141
-0.095238 0.315570 0.207310
-0.114013 0.308861 0.191141
-0.114013 0.306006 0.200087
-0.114013 0.338183 0.222129
-0.114013 0.330513 0.227764
-0.114013 0.308861 0.191141
-0.095238 0.308861 0.191141
-0.114013 0.322745 0.201116
-0.095238 0.322745 0.201116
-0.089122 0.345558 0.232167
-0.092528 0.343541 0.229422
-0.114013 0.316223 0.224372
-0.095238 0.316223 0.224372
-0.095238 0.300356 0.199223
0.094528 0.331555 0.213107
0.094528 0.323889 0.218739
0.094644 0.337313 0.220945
0.094644 0.329643 0.226580
0.113303 0.315570 0.207310
0.113303 0.322745 0.201116
0.113303 0.300306 0.189833
0.113303 0.308861 0.191141
0.094528 0.316223 0.224372
0.094528 0.308396 0.213504
0.106821 0.349995 0.238206
0.111642 0.344393 0.230581
0.094528 0.291705 0.189833
0.094528 0.300306 0.189833
-0.107531 0.334655 0.249476
-0.100022 0.339101 0.255528
-0.114013 0.291705 0.189833
-0.095238 0.291705 0.189833
0.094528 0.305634 0.210282
0.094528 0.308396 0.213504
-0.095238 0.308396 0.213504
-0.095238 0.300405 0.208614
-0.095238 0.303152 0.209034
-0.095238 0.300405 0.208614
-0.114013 0.278922 0.194527
-0.114013 0.280414 0.192583
0.094528 0.280414 0.192583
0.094528 0.278922 0.194527
0.113303 0.282359 0.207356
0.113303 0.284623 0.208294
-0.095238 0.282359 0.191091
-0.095238 0.284623 0.190153
0.113303 0.291705 0.199223
0.113303 0.291705 0.189833
0.113303 0.287053 0.208614
0.113303 0.284623 0.208294
-0.076051 0.360717 0.246581
0.074435 0.329453 0.248615
-0.074898 0.339561 0.240079
-0.074898 0.347231 0.234444
-0.074898 0.330346 0.245478
0.075588 0.360602 0.253870
0.075588 0.354969 0.261051
-0.076179 0.361766 0.248948
-0.076266 0.361725 0.251537
0.075557 0.361725 0.251537
0.074307 0.328404 0.246248
0.074189 0.343738 0.230915
0.074220 0.346300 0.230541
-0.075017 0.328404 0.246248
0.073505 -0.206485 0.365772
0.072141 -0.206306 0.365772
0.072141 -0.206485 0.367137
-0.073911 -0.206485 0.365772
-0.072547 -0.219435 0.367137
0.075867 -0.214345 0.362046
0.075867 -0.211575 0.362046
-0.073911 -0.211575 0.360682
-0.073911 -0.214345 0.360682
0.073455 -0.206644 0.367087
0.075569 -0.208147 0.367826
0.075182 -0.208534 0.368814
-0.073861 -0.219276 0.367087
-0.075975 -0.217774 0.367826
-0.075588 -0.217387 0.368814
0.075793 -0.210549 0.362119
0.075569 -0.209522 0.362343
-0.073861 -0.206644 0.364458
0.108813 -0.115314 0.033432
0.108810 -0.272131 0.094410
0.108813 -0.143838 0.033432
0.391282 -0.178209 0.078709
0.392125 -0.180518 0.083340
0.391580 -0.182129 0.083888
0.391418 -0.264942 0.008344
0.392054 -0.262445 0.005147
0.125285 -0.272131 0.094433
0.474885 -0.178209 0.078709
0.474587 -0.178503 0.080262
0.560648 -0.143838 0.053963
0.557575 -0.143838 0.048213
0.446387 0.000000 0.033432
0.474970 -0.274483 0.057772
0.474970 -0.264017 0.074248
0.041766 -0.272131 0.094433
0.000000 -0.272131 0.094433
0.446395 -0.261646 0.102682
0.108813 -0.251600 0.035963
0.108813 -0.257349 0.039037
0.529921 0.000000 0.033432
0.446387 -0.143838 0.033432
0.125285 -0.251600 0.002626
0.391169 -0.178127 0.077177
0.391418 -0.183108 0.020559
0.125285 -0.257349 0.005699
0.391418 -0.183108 0.041296
0.433194 -0.183108 -0.000010
0.449905 -0.183108 -0.000010
0.408128 -0.258416 -0.000010
0.416483 -0.258416 -0.000010
0.529921 -0.143838 0.033432
0.557575 0.000000 0.048213
0.560648 0.000000 0.053963
0.469347 -0.176149 0.000094
0.474970 -0.183108 0.020559
0.391169 -0.272131 0.084264
0.389733 -0.272131 0.082829
0.542649 -0.143838 0.035963
0.474970 -0.183108 0.041296
0.449905 -0.258416 -0.000010
0.548399 -0.143838 0.039037
0.408128 -0.228633 0.057772
0.408128 -0.228633 0.074250
0.552695 -0.115314 0.097829
0.449905 -0.228633 0.082603
0.458260 -0.258416 -0.000010
0.404637 -0.261646 0.102682
0.432341 -0.274483 0.058538
0.458260 -0.228633 0.082603
0.404637 -0.272131 0.106092
0.447254 -0.274483 0.058538
0.449905 -0.228633 0.057772
0.458260 -0.274483 0.020559
0.458260 -0.228633 0.057772
0.466616 -0.274483 0.020559
0.454710 -0.228633 0.069606
0.454710 -0.228633 0.080674
0.478412 -0.266526 0.014875
0.478412 -0.262389 0.009835
0.404637 -0.272131 0.094433
0.446391 -0.272131 0.094433
0.545605 -0.254556 0.359542
0.551057 -0.253403 0.355925
0.552695 -0.143838 0.097829
0.552695 -0.160504 0.097829
0.446395 -0.272131 0.106092
0.000000 -0.280750 0.251357
0.041864 -0.280750 0.251357
0.125285 -0.272131 0.192358
0.551008 -0.247607 0.102682
0.548899 -0.251553 0.102682
0.000000 -0.269599 0.347516
0.000000 -0.266526 0.353266
0.088541 -0.280750 0.273631
0.425519 -0.272131 0.179378
0.529921 0.000000 0.368047
0.446387 0.000000 0.368047
0.562541 0.000000 0.341277
0.560648 0.000000 0.347516
0.597659 -0.144597 0.273631
0.597659 -0.144597 0.251357
0.420681 -0.321957 0.273631
0.425745 -0.321957 0.273631
0.446823 -0.289370 0.251357
0.530768 -0.289370 0.251357
0.447259 -0.306610 0.273631
0.447234 -0.306610 0.251357
0.446387 -0.176149 0.000094
0.543120 -0.305227 0.251357
0.555811 -0.301377 0.251357
0.446387 -0.266526 0.353266
0.446387 -0.262389 0.358306
0.404637 -0.272131 0.115706
0.337292 -0.272131 0.115706
0.115312 -0.272131 0.192358
0.433194 -0.183108 -0.000010
0.449905 -0.183108 -0.000010
0.446401 -0.272131 0.179378
0.393865 -0.183108 0.080156
0.392054 -0.183108 0.077445
0.387756 -0.272131 0.033353
0.387756 -0.271492 0.026865
0.478412 -0.251600 0.002626
0.478412 -0.245360 0.000733
0.580419 -0.134296 0.273631
0.580419 -0.121020 0.273631
0.041767 -0.272131 0.273631
0.083534 -0.272131 0.273631
0.529921 -0.272131 0.273631
0.536410 -0.271492 0.273631
0.548399 -0.266526 0.106092
0.553439 -0.262389 0.106092
0.537482 -0.115314 0.215038
0.537482 -0.115314 0.245055
0.537482 0.000000 0.215038
0.563180 0.000000 0.215038
0.126131 -0.306610 0.273631
0.126119 -0.306610 0.251357
0.088337 -0.257615 0.353532
0.088337 -0.253599 0.356829
0.441334 -0.275384 0.304210
0.446387 -0.160504 0.371301
0.446387 -0.143838 0.371301
0.041755 -0.272131 0.251357
0.000000 -0.272131 0.251357
0.557575 -0.257349 0.251357
0.560648 -0.251600 0.251357
0.441337 -0.272131 0.273631
0.404649 -0.272131 0.273631
0.088331 -0.272131 0.273631
0.088337 -0.143838 0.371301
0.088337 -0.160504 0.371301
0.083534 -0.272131 0.334789
0.083534 -0.271492 0.341277
0.083534 -0.257349 0.362442
0.083534 -0.262389 0.358306
0.441336 -0.272131 0.277767
0.446387 -0.275377 0.334948
0.446387 -0.274667 0.341909
0.441330 -0.245992 0.370584
0.441330 -0.239031 0.371293
0.441330 0.000000 0.371301
0.441330 0.000000 0.368047
0.441427 -0.275418 0.281863
0.537482 -0.115314 0.265742
0.563180 -0.115314 0.304210
0.088337 -0.263361 0.344933
0.088337 -0.260912 0.349515
0.441336 -0.267182 0.277767
0.083509 -0.272131 0.233715
0.083509 -0.272131 0.192358
0.104206 -0.321957 0.251357
0.110963 -0.321957 0.251357
0.100826 -0.321957 0.251357
0.084381 -0.306610 0.251357
0.083509 -0.280664 0.192358
0.083509 -0.272131 0.192358
0.529921 -0.272131 0.251357
0.446412 -0.272131 0.251357
0.115312 -0.280664 0.192358
0.115312 -0.280664 0.233715
0.083513 -0.285683 0.193986
0.083518 -0.287572 0.195873
0.115312 -0.280664 0.192358
0.115314 -0.283302 0.192775
-0.108813 0.269599 0.053963
-0.391282 0.178209 0.078709
-0.391580 0.178503 0.080262
-0.390658 0.180518 0.081873
-0.390109 0.182129 0.082417
-0.389815 0.183682 0.082716
0.000000 0.251600 0.035963
0.000000 0.257349 0.039037
-0.474970 0.274483 0.020559
-0.466616 0.274483 0.020559
0.000000 0.266526 0.048213
0.000000 0.262389 0.043173
-0.458260 0.264017 0.074249
-0.458260 0.258711 0.082603
-0.544452 0.260008 0.012217
-0.549116 0.258067 0.014158
-0.553179 0.262130 0.028509
-0.553439 0.262389 0.033353
-0.552720 0.238358 0.102682
-0.552695 0.160504 0.102682
-0.125285 0.257349 0.005699
-0.125285 0.262389 0.009835
-0.108813 0.271492 0.060202
-0.536410 0.271492 0.094433
-0.391169 0.178127 0.077177
-0.391169 0.178127 0.000094
-0.108810 0.272131 0.094410
-0.387756 0.269599 0.020625
-0.387756 0.271492 0.026865
-0.125285 0.272131 0.094433
-0.389733 0.185214 0.082829
-0.408128 0.258416 -0.000010
-0.416483 0.258416 -0.000010
-0.408128 0.228633 0.082603
-0.416483 0.228633 0.082603
-0.389733 0.272131 0.082829
-0.409972 0.228633 0.069606
-0.409972 0.228633 0.058538
-0.433194 0.183108 0.082603
-0.433194 0.228633 0.082603
-0.396575 0.259115 0.081967
-0.393865 0.260265 0.080156
-0.417428 0.274483 0.058538
-0.409972 0.274483 0.058538
-0.563180 0.115314 0.094433
-0.563180 0.000000 0.094433
-0.449905 0.183108 0.082603
-0.536410 0.160504 0.000733
-0.542649 0.160504 0.002626
-0.409972 0.228633 0.080674
-0.417428 0.228633 0.080674
-0.458260 0.228633 0.074250
-0.458260 0.228633 0.057772
-0.469813 0.183108 0.081967
-0.472523 0.183108 0.080156
-0.543120 0.305227 0.251357
-0.458260 0.228633 0.057772
-0.458260 0.274483 0.057772
-0.447254 0.274483 0.069606
-0.553439 0.262389 0.334789
-0.474334 0.261986 0.077445
-0.472523 0.260265 0.080156
-0.454710 0.274483 0.069606
-0.083534 0.115314 0.371301
-0.083534 0.000000 0.371301
-0.529407 0.261671 0.097829
-0.125285 0.000000 0.361263
-0.088337 0.160504 0.371301
-0.534374 0.261258 0.097829
-0.542649 0.269599 0.094433
-0.542602 0.257850 0.102682
-0.546061 0.255011 0.102682
-0.542649 0.269599 0.106092
-0.548399 0.266526 0.106092
-0.088337 0.239031 0.371293
-0.083534 0.251600 0.365516
-0.083534 0.257349 0.362442
-0.405496 0.306610 0.251357
-0.563180 0.115314 0.304210
-0.426365 0.306610 0.251357
-0.548399 0.000000 0.362442
-0.553439 0.000000 0.358306
-0.420681 0.321957 0.273631
-0.420691 0.321957 0.251357
-0.530345 0.280750 0.251357
-0.446618 0.280750 0.251357
-0.530768 0.289370 0.273631
-0.531615 0.306610 0.251357
-0.531615 0.306610 0.273631
-0.446387 0.272131 0.334789
-0.446387 0.271492 0.341277
-0.559519 0.268470 0.273631
-0.553439 0.262389 0.304210
-0.586174 0.276459 0.273631
-0.577760 0.286711 0.273631
-0.471967 0.255567 0.147542
-0.483057 0.272131 0.179378
-0.483057 0.272131 0.179378
-0.446401 0.272131 0.179378
-0.466616 0.183108 0.082603
-0.458260 0.183108 0.082603
-0.478412 0.185214 0.000094
-0.478184 0.183197 0.000094
-0.478412 0.272131 0.077177
-0.478184 0.272131 0.079194
-0.553439 0.143838 0.043173
-0.548399 0.143838 0.039037
-0.125273 0.272131 0.277767
-0.560648 0.251600 0.273631
-0.562541 0.245360 0.273631
-0.125285 0.272131 0.233715
-0.537482 0.115314 0.251357
-0.537482 0.000000 0.251357
-0.563180 0.000000 0.304210
-0.563180 0.115314 0.304210
-0.405496 0.306610 0.251357
-0.420691 0.321957 0.251357
-0.088331 0.272131 0.277767
-0.088337 0.000000 0.361263
-0.430809 0.321957 0.273631
-0.447259 0.306610 0.273631
-0.441330 0.264679 0.360596
-0.441330 0.259149 0.365135
-0.404637 0.272131 0.251357
-0.425524 0.272131 0.251357
-0.563180 0.238872 0.273631
-0.562541 0.245360 0.273631
-0.553439 0.262389 0.273631
-0.083534 0.000000 0.371301
-0.088337 0.000000 0.371301
-0.088334 0.275384 0.304210
-0.088337 0.275377 0.334948
-0.083534 0.269599 0.347516
-0.083534 0.266526 0.353266
-0.083534 0.272131 0.273631
-0.083534 0.272131 0.277767
-0.441334 0.275384 0.304210
-0.441330 0.275377 0.334948
-0.441330 0.264679 0.360596
-0.441330 0.259149 0.365135
-0.446387 0.143838 0.371301
-0.446387 0.115314 0.371301
-0.563180 0.115314 0.281863
-0.441335 0.265347 0.281863
-0.441336 0.267182 0.277767
-0.441330 0.244043 0.360787
-0.441330 0.249016 0.359278
-0.088337 0.115314 0.361263
-0.088337 0.000000 0.361263
-0.093695 0.289284 0.251357
-0.116021 0.289284 0.251357
-0.092986 0.272131 0.192358
-0.083532 0.289206 0.200888
-0.083509 0.272131 0.192358
-0.563180 0.143838 0.251357
-0.563180 0.160504 0.251357
-0.125285 0.272131 0.251357
-0.116021 0.289284 0.251357
-0.093695 0.289284 0.251357
-0.083525 0.288786 0.198251
-0.125286 0.283304 0.192775
-0.125289 0.285683 0.193986
-0.092993 0.285681 0.193987
-0.092988 0.283302 0.192775
0.000000 -0.160504 0.033432
0.000000 -0.143838 0.033432
-0.105368 -0.261646 0.102672
-0.391282 -0.178209 0.078709
-0.390658 -0.180518 0.081873
-0.390109 -0.182129 0.082417
-0.396820 -0.181281 0.085344
-0.395126 -0.181409 0.085223
-0.125285 -0.261646 0.102682
0.000000 -0.251600 0.035963
0.000000 -0.257349 0.039037
-0.474970 -0.264942 0.008344
-0.474334 -0.262445 0.005147
0.000000 -0.266526 0.048213
0.000000 -0.269599 0.053963
-0.458260 -0.264017 0.074249
-0.458260 -0.258711 0.082603
-0.549116 -0.258067 0.014158
-0.551057 -0.260008 0.018822
-0.125285 -0.245360 0.000733
-0.552720 -0.238358 0.102682
-0.125285 -0.251600 0.002626
-0.108813 -0.269599 0.053963
-0.108813 -0.271492 0.060202
-0.562541 -0.245360 0.094433
-0.552307 -0.243325 0.102682
-0.391169 -0.178127 0.077177
-0.392887 -0.177047 0.000094
-0.394803 -0.176376 0.000094
-0.391418 -0.183108 0.041296
-0.391418 -0.183108 0.020559
-0.396576 -0.258913 0.000626
-0.399773 -0.258417 -0.000010
-0.391418 -0.183108 0.074248
-0.392054 -0.183108 0.077445
-0.560648 0.000000 0.053963
-0.562541 0.000000 0.060202
-0.408128 -0.228633 0.082603
-0.391418 -0.274483 0.041296
-0.417428 -0.228633 0.058538
-0.563180 0.000000 0.094433
-0.563180 -0.115314 0.094433
-0.432341 -0.228633 0.058538
-0.391418 -0.274483 0.057772
-0.416483 -0.274483 0.057772
-0.399773 -0.258711 0.082603
-0.408128 -0.274483 0.057772
-0.408128 -0.258711 0.082603
-0.433194 -0.274483 0.057772
-0.563180 -0.115314 0.106092
-0.563180 0.000000 0.106092
-0.416483 -0.274483 0.057772
-0.458260 -0.228633 0.082603
-0.548399 -0.160504 0.005699
-0.553439 -0.160504 0.009835
-0.557575 -0.160504 0.014875
-0.466616 -0.274483 0.020559
-0.474970 -0.274483 0.041296
-0.474970 -0.274483 0.020559
-0.477514 -0.272131 0.081110
-0.476434 -0.272131 0.082829
-0.458260 -0.258711 0.082603
-0.454710 -0.274483 0.069606
-0.454710 -0.274483 0.058538
-0.474970 -0.274483 0.057772
-0.471967 -0.255567 0.147542
-0.471967 -0.255567 0.147542
0.000000 -0.289370 0.251357
-0.041973 -0.289370 0.251357
-0.083534 -0.160504 0.368047
-0.083534 -0.143838 0.368047
-0.083727 -0.289284 0.251357
-0.083945 -0.289370 0.273631
-0.088337 -0.160504 0.371301
-0.560648 -0.251600 0.094433
-0.548899 -0.251553 0.097829
-0.546061 -0.255011 0.097829
-0.560648 -0.251600 0.106092
-0.557575 -0.257349 0.106092
-0.088337 -0.239031 0.371293
-0.083534 -0.275377 0.334948
-0.083534 -0.274667 0.341909
-0.083534 -0.272591 0.348755
-0.083534 -0.269218 0.355065
-0.441330 -0.160504 0.361263
-0.426365 -0.306610 0.251357
-0.441330 -0.238540 0.361280
-0.420691 -0.321956 0.251357
-0.420681 -0.321957 0.273631
-0.446823 -0.289370 0.251357
-0.530768 -0.289370 0.251357
-0.447234 -0.306610 0.251357
-0.530345 -0.280750 0.273631
-0.446387 -0.176149 0.000094
-0.404637 -0.176149 0.000094
-0.565599 -0.274550 0.273631
-0.586174 -0.276459 0.273631
-0.577760 -0.286711 0.273631
-0.577760 -0.286711 0.273631
-0.092986 -0.272131 0.192358
-0.115312 -0.272131 0.192358
-0.391418 -0.183108 0.057772
-0.391418 -0.183108 0.074248
-0.474970 -0.183108 0.074248
-0.474334 -0.183108 0.077445
-0.476434 -0.179562 0.000094
-0.477514 -0.181281 0.000094
-0.471364 -0.272131 0.086014
-0.469347 -0.272131 0.086242
-0.536410 -0.143838 0.034071
-0.529921 -0.143838 0.033432
-0.404648 -0.272131 0.277767
-0.441336 -0.272131 0.277767
-0.563180 -0.238872 0.273631
-0.563180 -0.160504 0.273631
0.000000 -0.272131 0.233715
-0.537482 0.000000 0.257987
-0.537482 0.000000 0.251357
-0.563180 -0.115314 0.304210
-0.563180 0.000000 0.304210
-0.088331 -0.272131 0.277767
-0.088331 -0.272131 0.273631
-0.441550 -0.280750 0.273631
-0.446605 -0.280750 0.273631
-0.446387 -0.252839 0.368507
-0.446387 -0.245992 0.370584
-0.529921 -0.272131 0.251357
-0.536410 -0.271492 0.251357
-0.553439 -0.262389 0.273631
-0.548399 -0.266526 0.273631
-0.446605 -0.280750 0.273631
-0.083534 -0.115314 0.371301
-0.083534 0.000000 0.371301
-0.083534 -0.275384 0.304210
-0.088337 -0.259148 0.365135
-0.088337 -0.264679 0.360596
-0.441337 -0.272131 0.273631
-0.441336 -0.272131 0.277767
-0.446387 -0.275376 0.334948
-0.446387 -0.274667 0.341909
-0.446387 -0.252839 0.368507
-0.446387 -0.245992 0.370584
-0.441330 0.000000 0.371301
-0.446387 0.000000 0.371301
-0.083623 -0.275418 0.281863
-0.563180 -0.115314 0.281863
-0.563180 -0.115314 0.304210
-0.088334 -0.265347 0.304210
-0.125273 -0.272131 0.277767
-0.088333 -0.265347 0.281863
-0.088331 -0.272131 0.277767
-0.104206 -0.321957 0.251357
-0.110963 -0.321957 0.251357
-0.115312 -0.272131 0.192358
-0.115348 -0.289201 0.200890
-0.125285 -0.272131 0.192358
-0.553439 -0.262389 0.251357
-0.548399 -0.266526 0.251357
-0.083509 -0.272131 0.251357
-0.041755 -0.272131 0.251357
0.000000 -0.272131 0.251357
-0.115314 -0.283302 0.192775
-0.125286 -0.283304 0.192775
-0.115337 -0.288782 0.198253
-0.083510 -0.283304 0.192775
-0.083513 -0.285683 0.193986
-0.115327 -0.287569 0.195874
-0.115337 -0.288782 0.198253
0.108813 0.266526 0.048213
0.391282 0.178209 0.078709
0.391580 0.178503 0.080262
0.390658 0.180518 0.081873
0.390109 0.182129 0.082417
0.389815 0.183682 0.082716
0.399773 0.258417 -0.000010
0.396576 0.258913 0.000626
0.474587 0.178503 0.080262
0.474043 0.179051 0.081873
0.557575 0.160504 0.014875
0.560648 0.160504 0.020625
0.404637 0.143838 0.033432
0.539668 0.261337 0.010888
0.544452 0.260008 0.012217
0.446391 0.272131 0.094433
0.529921 0.272131 0.094433
0.446395 0.272131 0.106092
0.529921 0.272131 0.106092
0.108813 0.266526 0.048213
0.108813 0.262389 0.043173
0.446387 0.143838 0.033432
0.387756 0.238872 0.000094
0.387756 0.245360 0.000733
0.534374 0.261258 0.102682
0.108813 0.262389 0.043173
0.083945 0.289370 0.273631
0.084356 0.306610 0.273631
0.387756 0.262389 0.009835
0.387756 0.266526 0.014875
0.548399 0.000000 0.039037
0.389733 0.185214 0.082829
0.553439 0.000000 0.043173
0.391418 0.274483 0.041296
0.399773 0.183108 0.082603
0.408128 0.183108 0.082603
0.391418 0.274483 0.057772
0.477514 0.181281 0.000094
0.478184 0.183197 0.000094
0.000000 0.272131 0.106092
0.041763 0.272131 0.106092
0.474970 0.183108 0.041296
0.548399 0.143838 0.039037
0.348382 0.255567 0.147542
0.348382 0.255567 0.147542
0.409972 0.228633 0.058538
0.409972 0.228633 0.069606
0.553439 0.143838 0.043173
0.474970 0.183108 0.057772
0.458260 0.274483 0.020559
0.474970 0.274483 0.020559
0.466616 0.274483 0.020559
0.478412 0.245360 0.000733
0.478412 0.238872 0.000094
0.409972 0.274483 0.058538
0.409972 0.274483 0.069606
0.474970 0.274483 0.041296
0.432341 0.274483 0.069606
0.432341 0.266348 0.080674
0.447254 0.274483 0.069606
0.471364 0.272131 0.086014
0.447254 0.266348 0.080674
0.473280 0.272131 0.085344
0.404637 0.272131 0.086242
0.551057 0.253403 0.355925
0.549116 0.258067 0.353984
0.000000 0.160504 0.368047
0.041973 0.289370 0.273631
0.000000 0.289370 0.273631
0.000000 0.238872 0.368047
0.000000 0.272131 0.334789
0.125285 0.272131 0.192358
0.000000 0.271492 0.341277
0.000000 0.269599 0.347516
0.553439 0.262389 0.094433
0.546061 0.255011 0.097829
0.538656 0.259959 0.102682
0.441330 0.115314 0.361263
0.125493 0.289284 0.251357
0.529921 0.000000 0.368047
0.446387 0.000000 0.368047
0.441330 0.143838 0.361263
0.580419 0.134296 0.251357
0.597659 0.144597 0.251357
0.580419 0.134296 0.251357
0.597659 0.144597 0.251357
0.425745 0.321956 0.273631
0.447234 0.306610 0.251357
0.531615 0.306610 0.251357
0.447259 0.306610 0.273631
0.446823 0.289370 0.273631
0.592426 0.264762 0.251357
0.586174 0.276459 0.251357
0.596276 0.252071 0.273631
0.592426 0.264762 0.273631
0.404637 0.272131 0.115706
0.337292 0.272131 0.115706
0.433194 0.183108 -0.000010
0.449905 0.183108 -0.000010
0.387756 0.185214 0.000094
0.387983 0.183197 0.000094
0.387756 0.251600 0.002626
0.387756 0.245360 0.000733
0.388653 0.272131 0.081110
0.389733 0.272131 0.082829
0.396820 0.272131 0.086242
0.580419 0.121020 0.251357
0.580419 0.134296 0.251357
0.083534 0.272131 0.277767
0.548399 0.266526 0.273631
0.553439 0.262389 0.273631
0.560648 0.251600 0.106092
0.562541 0.245360 0.106092
0.125285 0.272131 0.233715
0.537482 0.000000 0.215038
0.537482 0.115314 0.215038
0.563180 0.115314 0.215038
0.563180 0.000000 0.215038
0.405483 0.306610 0.273631
0.126131 0.306610 0.273631
0.088337 0.244043 0.360787
0.088337 0.238540 0.361280
0.430809 0.321957 0.273631
0.446387 0.272591 0.348755
0.446387 0.269218 0.355065
0.446387 0.115314 0.371301
0.446387 0.000000 0.371301
0.563180 0.143838 0.251357
0.563180 0.115314 0.251357
0.000000 0.272131 0.273631
0.041767 0.272131 0.273631
0.083534 0.160504 0.368047
0.083534 0.238872 0.368047
0.088337 0.272591 0.348755
0.088337 0.269218 0.355065
0.088331 0.272131 0.277767
0.446387 0.272131 0.277767
0.446387 0.269218 0.355065
0.446387 0.264679 0.360596
0.441330 0.143838 0.371301
0.441330 0.115314 0.371301
0.446387 0.272131 0.281863
0.441427 0.275418 0.281863
0.083534 0.272131 0.281863
0.441335 0.272131 0.281863
0.441334 0.265347 0.304210
0.088337 0.143838 0.361263
0.088337 0.115314 0.361263
0.441335 0.265347 0.281863
0.088331 0.267182 0.277767
0.125285 0.280664 0.192358
0.125285 0.272131 0.192358
0.110958 0.321957 0.273631
0.104201 0.321957 0.273631
0.083618 0.289240 0.233715
0.083532 0.289206 0.200888
0.116021 0.289284 0.251357
0.537482 0.115314 0.251357
0.537482 0.000000 0.251357
0.125389 0.289240 0.233715
0.125493 0.289284 0.251357
0.092993 0.285681 0.193987
0.093001 0.287569 0.195874
0.115319 0.285681 0.193987
0.115327 0.287569 0.195874
0.125285 0.280667 0.192358
0.125286 0.283304 0.192775
0.109080 0.273436 0.234458
0.109080 0.273436 0.192726
0.099080 0.286476 0.199245
0.109080 0.286476 0.199245
-0.099080 0.286476 0.199245
-0.099080 0.286476 0.234458
0.073505 -0.171470 0.365772
0.072141 -0.171291 0.365772
0.072141 -0.171470 0.367137
-0.073911 -0.171470 0.365772
-0.072547 -0.184420 0.367137
0.075867 -0.179330 0.362046
0.075867 -0.176560 0.362046
-0.073911 -0.176560 0.360682
-0.073911 -0.179330 0.360682
0.073455 -0.171629 0.367087
0.075569 -0.173132 0.367826
0.075182 -0.173519 0.368814
-0.073861 -0.184261 0.367087
-0.075975 -0.182759 0.367826
-0.075588 -0.182372 0.368814
0.075793 -0.175534 0.362119
0.075569 -0.174507 0.362343
-0.073861 -0.171629 0.364458
0.073505 -0.136455 0.365772
0.072141 -0.136455 0.367137
0.075867 -0.148041 0.365772
0.075867 -0.148041 0.365773
-0.072547 -0.149405 0.367137
-0.072547 -0.149585 0.365773
0.075867 -0.144315 0.362046
-0.073910 -0.141545 0.360682
-0.072547 -0.141545 0.360502
0.072141 -0.136276 0.365772
0.073455 -0.136614 0.367087
0.075569 -0.138117 0.367826
0.075182 -0.138504 0.368814
0.075793 -0.145342 0.362119
0.075793 -0.145342 0.362119
0.075569 -0.146369 0.362343
0.075793 -0.140519 0.362119
0.075569 -0.139492 0.362343
0.073505 0.217276 0.365772
0.072141 0.217456 0.365773
0.075867 0.205690 0.365773
0.075867 0.205690 0.365772
-0.072547 0.204326 0.367137
0.075867 0.209416 0.362046
-0.073911 0.212186 0.360682
-0.072547 0.212186 0.360502
0.072141 0.217456 0.365772
0.075569 0.215614 0.367826
0.075182 0.215227 0.368814
-0.073861 0.204485 0.367087
0.075793 0.208389 0.362119
0.075793 0.208389 0.362119
0.075569 0.207363 0.362343
0.073455 0.217117 0.364458
0.075793 0.213213 0.362119
0.075569 0.214240 0.362343
0.073505 0.182261 0.365772
0.072141 0.182441 0.365773
0.075867 0.170675 0.365773
0.072141 0.169132 0.365773
0.075867 0.177171 0.362046
0.072141 0.169132 0.365772
-0.072547 0.174401 0.360502
-0.073911 0.174401 0.360682
0.072141 0.182441 0.365772
0.074194 0.180599 0.369201
0.075182 0.180212 0.368814
0.075793 0.170749 0.366799
0.075793 0.173374 0.362119
0.075569 0.172348 0.362343
0.073455 0.182102 0.364458
0.075793 0.178198 0.362119
0.075569 0.180599 0.363718
0.075182 0.180212 0.362730
0.073505 0.147246 0.365773
0.073505 0.147246 0.365772
-0.072547 0.147426 0.365773
-0.073911 0.147246 0.365773
0.075867 0.135660 0.365772
-0.072547 0.134117 0.365773
0.075867 0.139386 0.362046
0.075867 0.142156 0.362046
-0.072547 0.134117 0.365772
-0.072547 0.139386 0.360502
-0.072547 0.142156 0.360502
0.074194 0.145584 0.369201
0.075182 0.145197 0.368814
0.075793 0.135734 0.364745
0.075569 0.135958 0.363718
0.075569 0.145584 0.363718
0.075182 0.145197 0.362730
0.394556 -0.219784 0.358650
0.394376 -0.218420 0.358651
0.406142 -0.222146 0.358650
0.406142 -0.222146 0.358651
0.407685 0.218420 0.358650
0.407505 0.219784 0.358650
0.402416 -0.222146 0.354924
0.402416 0.219784 0.353560
0.399646 0.219784 0.353560
0.394376 -0.218420 0.358650
0.395993 0.222072 0.359678
0.396217 0.221848 0.360704
0.403442 -0.222072 0.354998
0.406068 -0.222072 0.357623
0.405844 -0.221848 0.356597
0.394715 -0.219734 0.357336
0.397592 -0.221848 0.355222
0.396604 -0.221461 0.355609
0.354180 -0.219784 0.358651
0.355544 0.222146 0.358650
0.355544 0.222146 0.358651
0.365766 -0.222146 0.358650
0.367309 0.218420 0.358650
0.367309 0.218420 0.358651
0.359270 -0.222146 0.354924
0.359270 0.219784 0.353560
0.359270 0.218420 0.353381
0.354339 -0.219734 0.359965
0.355617 0.222072 0.359678
0.355841 0.221848 0.360704
0.365692 -0.222072 0.357623
0.364093 -0.221848 0.355222
0.365081 -0.221461 0.355609
0.358243 -0.222072 0.354998
0.357216 -0.221848 0.355222
0.356228 -0.221461 0.355609
0.315168 -0.222146 0.358650
0.315168 -0.222146 0.358651
0.315168 0.222146 0.358650
0.325390 -0.222146 0.358651
0.326754 0.219784 0.358650
0.326754 0.219784 0.358651
0.321664 -0.219784 0.353560
0.318894 -0.219784 0.353560
0.318894 0.222146 0.354924
0.321664 0.222146 0.354924
0.315241 0.219447 0.362304
0.315466 0.220473 0.362079
0.325316 -0.222072 0.359678
0.323717 -0.221848 0.355222
0.324705 -0.221461 0.355609
0.315241 0.222072 0.357623
0.315466 0.221848 0.356597
0.274792 -0.222146 0.358650
0.274792 0.222146 0.358651
0.286378 -0.219784 0.358650
0.286378 -0.219784 0.358651
0.286378 0.219784 0.358650
0.281288 -0.219784 0.353560
0.281288 -0.218420 0.353381
0.286558 0.218420 0.358650
0.278518 0.222146 0.354924
0.274866 0.222072 0.359678
0.274866 0.219447 0.362304
0.275090 0.220473 0.362079
0.284716 -0.221848 0.356597
0.284329 -0.221461 0.355609
0.274866 -0.222072 0.357623
0.274866 0.222072 0.357623
0.277491 0.222072 0.354998
0.275090 0.221848 0.356597
0.234416 -0.222146 0.358651
0.234416 0.222146 0.358650
0.234416 0.222146 0.358651
0.246002 -0.219784 0.358650
0.246002 0.219784 0.358650
0.240912 -0.219784 0.353560
0.240912 -0.218420 0.353381
0.238142 0.222146 0.354924
0.234490 -0.222072 0.359678
0.234490 0.219447 0.362304
0.234714 0.220473 0.362079
0.245843 -0.219734 0.357336
0.244341 -0.221848 0.356597
0.243954 -0.221461 0.355609
0.245843 0.219734 0.357336
0.234490 0.222072 0.357623
0.237116 0.222072 0.354998
0.234714 0.221848 0.356597
0.194040 -0.222146 0.358651
0.194040 0.222146 0.358650
0.194040 0.222146 0.358651
0.205626 -0.219784 0.358650
0.205626 0.219784 0.358650
0.200536 -0.219784 0.353560
0.200536 -0.218420 0.353381
0.200536 0.222146 0.354924
0.194114 -0.222072 0.359678
0.194338 0.221848 0.360704
0.194725 0.221461 0.361692
0.205467 -0.219734 0.357336
0.203965 -0.221848 0.356597
0.203578 -0.221461 0.355609
0.201563 0.222072 0.354998
0.205467 0.219734 0.357336
0.196740 0.222072 0.354998
0.195713 0.221848 0.355222
0.153665 -0.222146 0.358650
0.153665 -0.222146 0.358651
0.153665 0.222146 0.358650
0.165251 -0.219784 0.358651
0.165251 0.219784 0.358651
0.160161 -0.219784 0.353560
0.157391 -0.219784 0.353560
0.160161 0.222146 0.354924
0.157391 0.222146 0.354924
0.153962 0.221848 0.360704
0.154349 0.221461 0.361692
0.165092 -0.219734 0.359965
0.165092 0.219734 0.359965
0.161187 0.222072 0.354998
0.162214 0.221848 0.355222
0.153738 0.222072 0.357623
0.156364 0.222072 0.354998
0.155337 0.221848 0.355222
0.113289 -0.222146 0.358650
0.113289 0.222146 0.358651
0.124875 -0.219784 0.358650
0.124875 -0.219784 0.358651
0.124875 0.219784 0.358650
0.124875 0.219784 0.358651
0.119785 -0.219784 0.353560
0.119785 -0.218420 0.353381
0.119785 0.222146 0.354924
0.113362 0.222072 0.359678
0.113587 0.220473 0.362079
0.113974 0.221461 0.361692
0.120812 0.222072 0.354998
0.120812 0.222072 0.354998
0.121838 0.221848 0.355222
0.113362 -0.222072 0.357623
0.113587 0.221848 0.356597
0.113974 0.221461 0.355609
-0.395920 -0.222146 0.358650
-0.394556 0.219784 0.358650
-0.394556 0.219784 0.358651
-0.407505 -0.219784 0.358651
-0.407505 -0.219784 0.358650
-0.407505 0.219784 0.358651
-0.399646 -0.218420 0.353381
-0.399646 -0.219784 0.353560
-0.399646 0.222146 0.354924
-0.396217 0.220473 0.362079
-0.396604 0.221461 0.361692
-0.407346 0.219734 0.359965
-0.406068 0.222072 0.357623
-0.405844 0.221848 0.356597
-0.395993 -0.222072 0.357623
-0.398619 0.222072 0.354998
-0.396217 0.221848 0.356597
-0.396604 0.221461 0.355609
-0.355544 0.218420 0.362377
-0.355544 -0.218420 0.362377
-0.354180 0.219784 0.358650
-0.367130 -0.219784 0.358651
-0.367309 -0.218420 0.358651
-0.367130 0.219784 0.358650
-0.362040 -0.219784 0.353560
-0.359270 -0.219784 0.353560
-0.354180 0.218420 0.357286
-0.354000 0.218420 0.358650
-0.365692 -0.222072 0.359678
-0.365468 -0.221848 0.360704
-0.366971 0.219734 0.357336
-0.365692 0.222072 0.357623
-0.365468 0.221848 0.356597
-0.354339 0.219734 0.357336
-0.357216 0.221848 0.355222
-0.356228 0.221461 0.355609
-0.315168 -0.218420 0.362377
-0.313804 0.219784 0.358651
-0.326754 -0.219784 0.358651
-0.325390 0.222146 0.358651
-0.325390 0.222146 0.358650
-0.321664 -0.218420 0.353381
-0.313804 0.218420 0.357286
-0.318894 -0.218420 0.353381
-0.315241 -0.219447 0.362304
-0.313963 0.219734 0.359965
-0.326595 -0.219734 0.359965
-0.325316 -0.222072 0.359678
-0.325092 -0.221848 0.360704
-0.323717 0.221848 0.355222
-0.324705 0.221461 0.355609
-0.313963 0.219734 0.357336
-0.316841 0.221848 0.355222
-0.315853 0.221461 0.355609
-0.274792 0.218420 0.362377
-0.273428 0.219784 0.358651
-0.273249 0.218420 0.358651
-0.286558 -0.218420 0.358651
-0.286558 -0.218420 0.358650
-0.285014 0.222146 0.358651
-0.281288 0.218420 0.353381
-0.281288 0.219784 0.353560
-0.273428 0.218420 0.357286
-0.274866 0.219447 0.362304
-0.284716 -0.221848 0.360704
-0.284329 -0.221461 0.361692
-0.284941 0.222072 0.359678
-0.283342 0.221848 0.355222
-0.284329 0.221461 0.355609
-0.273587 0.219734 0.357336
-0.232873 -0.218420 0.358651
-0.232873 -0.218420 0.358650
-0.234416 0.218420 0.362377
-0.233052 0.219784 0.358651
-0.232873 0.218420 0.358651
-0.246182 -0.218420 0.358651
-0.246182 -0.218420 0.358650
-0.244638 0.222146 0.358651
-0.240912 0.218420 0.353381
-0.240912 0.219784 0.353560
-0.233052 0.218420 0.357286
-0.234490 0.219447 0.362304
-0.244341 -0.221848 0.360704
-0.243954 -0.221461 0.361692
-0.244565 0.222072 0.359678
-0.242966 0.221848 0.355222
-0.243954 0.221461 0.355609
-0.233211 0.219734 0.357336
-0.192497 -0.218420 0.358651
-0.192497 -0.218420 0.358650
-0.194040 -0.218420 0.362377
-0.194040 0.218420 0.362377
-0.192677 0.219784 0.358651
-0.192677 0.219784 0.358650
-0.205806 -0.218420 0.358650
-0.204263 0.222146 0.358650
-0.200536 0.218420 0.353381
-0.205626 -0.218420 0.357286
-0.197766 0.218420 0.353381
-0.194114 -0.222072 0.359678
-0.194338 -0.221848 0.360704
-0.203965 -0.221848 0.360704
-0.203578 -0.221461 0.361692
-0.204189 0.222072 0.357623
-0.203965 0.221848 0.356597
-0.203578 0.221461 0.355609
-0.152121 -0.218420 0.358651
-0.153665 -0.218420 0.362377
-0.152301 -0.218420 0.360015
-0.152301 0.219784 0.358651
-0.165251 -0.219784 0.358650
-0.163887 0.222146 0.358651
-0.163887 0.222146 0.358650
-0.165251 -0.218420 0.357286
-0.165430 -0.218420 0.358650
-0.153738 -0.222072 0.359678
-0.153738 -0.219447 0.362304
-0.153962 -0.221848 0.360704
-0.152460 0.219734 0.359965
-0.163813 0.222072 0.359678
-0.163589 0.221848 0.360704
-0.165092 -0.219734 0.357336
-0.163589 0.221848 0.356597
-0.163202 0.221461 0.355609
-0.111925 -0.219784 0.358651
-0.111925 -0.219784 0.358650
-0.113289 0.218420 0.362377
-0.111745 0.218420 0.358651
-0.111745 0.218420 0.358650
-0.125054 0.218420 0.358651
-0.124875 0.218420 0.360015
-0.123511 0.222146 0.358651
-0.124875 -0.218420 0.357286
-0.113362 -0.219447 0.362304
-0.113587 -0.220473 0.362079
-0.113362 0.219447 0.362304
-0.123437 0.222072 0.359678
-0.123437 0.222072 0.359678
-0.123213 0.221848 0.360704
-0.124716 -0.219734 0.357336
-0.113362 -0.222072 0.357623
-0.113587 -0.221848 0.356597
-0.574533 -0.088736 0.221483
-0.568019 -0.088736 0.241899
-0.616407 -0.081757 0.268296
-0.614106 -0.085644 0.265164
-0.570852 -0.110160 0.243323
-0.574003 -0.110160 0.247000
-0.630922 0.000000 0.288052
-0.613419 0.000000 0.300912
-0.564772 -0.110160 0.219990
-0.564772 -0.088736 0.219990
-0.574003 -0.110160 0.247000
-0.574003 -0.088736 0.247000
-0.603967 -0.102763 0.288047
-0.597574 -0.108264 0.279346
-0.564772 -0.110160 0.219990
-0.564772 -0.088736 0.219990
-0.564772 0.088736 0.219990
-0.574533 0.088736 0.221483
-0.611206 0.088140 0.261217
-0.607000 0.088868 0.255491
-0.590376 0.110160 0.232865
-0.574003 0.110160 0.247000
-0.607992 0.110160 0.256841
-0.600429 0.110160 0.246547
-0.568019 0.088736 0.241899
-0.568019 0.110160 0.241899
-0.612297 0.083398 0.299385
-0.613419 0.071430 0.300912
-0.597574 0.108264 0.279346
-0.590488 0.110160 0.269701
-0.555015 0.110160 0.241420
-0.555015 0.088736 0.241420
0.590376 -0.088736 0.232865
0.574003 -0.088736 0.247000
0.618316 -0.069755 0.270894
0.600812 -0.069755 0.283753
0.600429 -0.110160 0.246547
0.582934 -0.110160 0.259400
0.583356 -0.088736 0.225919
0.583356 -0.110160 0.225919
0.583356 -0.110160 0.225919
0.583356 -0.088736 0.225919
0.630922 -0.071430 0.288052
0.629800 -0.083398 0.286525
0.590488 -0.110160 0.269701
0.582934 -0.110160 0.259400
0.555015 -0.088736 0.241420
0.554901 -0.088736 0.219990
0.574003 0.088736 0.247000
0.582934 0.088736 0.259400
0.574533 0.110160 0.221483
0.568019 0.110160 0.241899
0.626543 0.094195 0.282092
0.621470 0.102763 0.275187
0.568019 0.110160 0.241899
0.568019 0.088736 0.241899
0.574003 0.110160 0.247000
0.574003 0.088736 0.247000
0.629800 0.083398 0.286525
0.626543 0.094195 0.282092
0.613419 0.000000 0.300912
0.600734 0.000000 0.283647
1006 1007
1078 1079
701 702
60 61
697 698
740 741
295 296
362 363
364 365
314 315
398 399
546 547
708 709
455 456
464 465
533 534
699 700
281 286
670 671
504 505
169 170
507 545
335 336
97 105
161 162
662 663
106 116
598 599
600 601
243 244
318 325
488 494
528 529
649 652
714 715
499 501
269 270
275 276
678 679
178 179
230 231
307 308
482 483
650 651
712 713
192 193
100 101
622 623
102 132
135 151
573 574
145 146
508 509
595 604
750 751
235 236
245 246
654 696
346 347
317 369
358 368
563 565
526 527
213 214
348 349
754 755
737 738
387 388
381 382
310 343
452 462
467 476
198 199
129 149
391 392
660 664
722 723
729 730
710 711
84 86
200 201
119 173
370 371
239 240
206 229
548 559
728 731
562 564
329 393
560 561
400 401
408 409
514 515
486 487
171 172
202 203
502 503
333 334
165 166
1136 1137
1164 1165
1166 1167
1150 1151
1162 1163
366 367
1176 1177
1130 1131
1180 1181
1190 1191
1138 1139
1140 1141
1144 1145
1184 1185
1186 1187
1154 1155
1160 1161
1168 1169
1170 1171
374 375
160 183
328 330
500 506
109 111
120 124
444 445
633 639
665 666
667 668
417 423
98 99
7 8
9 10
13 14
32 33
742 743
530 575
361 407
337 339
672 673
609 610
510 512
112 113
181 182
289 297
680 681
459 463
285 290
216 217
415 416
405 406
149 150
207 208
484 485
127 128
302 303
516 517
453 458
472 479
616 619
624 631
85 92
277 280
1178 1179
133 136
640 642
641 644
454 457
24 25
689 690
190 191
511 513
676 677
344 345
174 175
674 675
1174 1175
1152 1153
1188 1189
1182 1183
1156 1157
1172 1173
1142 1143
1158 1159
306 338
141 142
287 288
477 478
628 629
637 638
657 658
26 27
30 31
752 753
154 180
568 570
576 577
263 264
430 431
1146 1147
54 55
5 6
18 19
16 17
2 36
20 21
402 404
661 739
15 39
0 1
3 4
48 49
57 58
22 23
159 215
153 209
152 210
28 29
342 378
241 242
733 734
138 140
125 131
130 134
137 139
284 285
460 462
617 618
461 466
632 634
114 115
282 283
350 351
259 260
471 473
646 688
309 313
293 294
300 301
549 550
497 498
372 373
389 390
706 707
716 717
539 540
555 556
720 721
1148 1149
225 226
223 224
495 496
553 554
735 736
237 238
566 567
147 148
531 532
220 221
593 594
439 489
694 695
157 158
383 384
434 436
684 685
635 636
271 272
469 470
95 96
331 332
323 324
186 187
359 360
188 189
428 429
356 357
251 273
278 279
437 438
450 451
194 195
218 219
340 341
541 542
653 655
611 612
163 164
655 656
117 118
376 377
524 525
143 144
261 262
583 608
602 603
211 212
107 110
274 320
605 606
298 299
326 327
103 104
123 126
257 258
424 425
543 544
571 572
692 693
613 615
625 630
468 469
492 493
196 197
176 177
703 704
1132 1133
265 266
647 648
432 433
204 205
396 397
232 233
596 597
669 705
167 168
557 558
537 538
435 440
316 319
718 732
222 234
267 268
1134 1135
11 12
379 380
394 395
490 491
155 156
607 659
321 322
34 35
551 552
535 536
385 386
426 427
90 91
691 726
719 724
311 312
291 292
446 447
589 590
725 727
304 305
184 185
448 449
518 519
227 228
37 38
887 888
889 890
1029 1031
71 72
73 74
761 762
763 764
834 835
837 838
957 958
1084 1086
959 960
852 853
1012 1013
249 250
581 582
744 745
569 578
413 414
746 747
247 248
579 580
748 749
403 410
411 412
53 62
52 59
63 64
44 45
46 47
40 41
42 43
50 51
56 65
522 523
442 443
620 621
121 122
352 353
354 355
474 475
686 687
682 683
643 645
520 521
419 420
586 587
254 255
88 89
591 592
421 422
584 585
93 94
252 253
588 614
87 108
418 441
256 281
1117 1118
1094 1096
870 871
902 905
994 995
849 850
1009 1010
1014 1015
830 831
903 904
1048 1049
1082 1085
976 977
921 922
939 940
1066 1067
774 783
781 782
798 799
816 817
1101 1102
778 779
1043 1044
1061 1062
66 67
756 757
1120 1127
993 999
1011 1018
1025 1033
68 75
69 83
758 765
759 773
845 860
863 872
1008 1021
1030 1039
1050 1057
1068 1075
775 784
792 807
810 824
1026 1034
919 927
937 945
955 963
956 964
1097 1106
1098 1109
920 930
938 949
70 78
760 768
796 803
980 981
1040 1041
1089 1090
1070 1071
79 80
769 770
1052 1053
943 944
819 820
861 862
876 877
879 880
894 895
1022 1023
1037 1038
839 840
801 802
826 827
76 77
766 767
843 844
946 947
1092 1093
785 786
961 962
910 911
928 929
1004 1005
1055 1056
1110 1111
997 998
986 987
1073 1074
983 984
804 806
822 823
950 951
965 966
873 874
841 842
1107 1108
1125 1126
81 82
771 772
808 809
858 859
1000 1001
1019 1020
1121 1122
855 856
1103 1105
787 789
891 892
896 897
925 926
1128 1129
931 933
1016 1017
1035 1036
908 909
913 915
1087 1088
968 969
790 791
780 788
978 982
1047 1054
1065 1072
1083 1091
883 896
899 907
866 875
884 893
954 967
971 979
812 821
906 914
988 1002
934 942
970 985
1119 1124
851 857
869 878
898 912
916 924
996 1003
832 841
1024 1032
1042 1051
1060 1069
1114 1123
923 932
941 948
797 805
814 825
1095 1104
776 777
793 800
794 795
811 818
813 815
828 829
833 836
846 854
847 848
864 865
867 868
881 882
885 886
900 901
917 918
935 936
952 953
972 973
974 975
989 990
991 992
1027 1028
1045 1046
1058 1059
1063 1064
1076 1077
1080 1081
1099 1100
1112 1113
1115 1116
480 481
626 627
