12928268384656320388 972 1022
0.641522 0.100578 1.293815
0.650161 0.088337 1.287922
0.633808 0.112721 1.295210
0.626569 0.126922 1.291458
0.618959 0.141888 1.282489
0.617105 0.159131 1.268587
0.683812 0.110829 1.253834
0.687542 0.102455 1.244679
0.689430 0.093947 1.232226
0.688761 0.086136 1.217777
0.680508 0.075783 1.223559
0.650374 0.150012 1.270876
0.652996 0.151842 1.265129
0.662360 0.143001 1.265428
0.670141 0.134745 1.262994
0.678713 0.123742 1.257033
0.684176 0.114807 1.249664
0.687741 0.106583 1.240973
0.689526 0.098263 1.228910
0.689175 0.090752 1.213604
0.683518 0.083533 1.213481
0.676814 0.075164 1.218110
0.663965 0.061229 1.230274
0.665593 0.061180 1.226534
0.671247 0.064024 1.230351
0.664648 0.069214 1.247299
0.671805 0.071635 1.247413
0.606247 0.150198 1.274830
0.603275 0.150472 1.269078
0.613283 0.159021 1.262884
0.600430 0.147104 1.271414
0.602466 0.143661 1.274278
0.614812 0.135399 1.281554
0.621556 0.121442 1.290754
0.627694 0.109375 1.293994
0.635905 0.096817 1.292502
0.644637 0.085216 1.286998
0.657997 0.079665 1.278992
0.652869 0.075949 1.277862
0.665610 0.074027 1.264735
0.659582 0.071585 1.265932
0.668459 0.064644 1.223828
0.637093 0.159520 1.267730
0.626927 0.165768 1.263066
0.609316 0.131436 1.287948
0.594237 0.140887 1.279238
0.661928 0.061373 1.252769
0.644359 0.033153 1.245255
0.660332 0.053048 1.235182
0.514289 0.048777 1.358497
0.524741 0.036510 1.360330
0.629436 0.013856 1.254934
0.535152 0.023464 1.360323
0.545246 0.009234 1.358157
0.554605 -0.005353 1.353279
0.561213 -0.018013 1.346480
0.566386 -0.030481 1.336862
0.570460 -0.042888 1.324018
0.578405 -0.046091 1.305435
0.659779 0.055612 1.230906
0.661443 0.064421 1.251097
0.573912 -0.048343 1.304298
0.562558 -0.032011 1.335956
0.566670 -0.044230 1.323178
0.557184 -0.019356 1.345676
0.550510 -0.007116 1.352305
0.541567 0.007314 1.357109
0.531948 0.020905 1.359305
0.521722 0.033758 1.359632
0.510567 0.047004 1.357561
0.505088 0.059632 1.345168
0.595173 0.142050 1.275740
0.609873 0.132260 1.285124
0.618551 0.124994 1.287915
0.499785 0.057907 1.345467
0.505764 0.044282 1.359948
0.504056 0.078341 1.319290
0.513950 0.086352 1.313019
0.573881 -0.053436 1.277230
0.571803 -0.055531 1.283082
0.568843 -0.054115 1.303945
0.562255 -0.049449 1.324367
0.557570 -0.035664 1.338516
0.552364 -0.022712 1.348226
0.545998 -0.010504 1.354582
0.516665 0.031392 1.361828
0.527513 0.017436 1.361654
0.537341 0.004002 1.359436
0.545532 -0.024104 1.346633
0.550728 -0.037110 1.337304
0.539741 -0.012957 1.352573
0.531646 0.000520 1.357140
0.521666 0.013904 1.359341
0.509968 0.027602 1.358928
0.582199 -0.043660 1.271741
0.531442 0.100275 1.302526
0.581082 0.139233 1.273416
0.590160 0.146182 1.268255
0.594831 0.147317 1.268855
0.594374 0.146521 1.260427
0.601159 0.144039 1.267263
0.598279 0.151161 1.263793
0.603275 0.149341 1.267355
0.639043 0.031967 1.234273
0.624308 0.012529 1.243775
0.591364 -0.031400 1.265060
0.607825 -0.009645 1.254368
0.608546 0.160284 1.256949
0.613362 0.157928 1.260980
0.615589 0.165423 1.252858
0.620163 0.164529 1.258668
0.620210 0.163214 1.256137
0.595704 0.148969 1.258090
0.606141 0.158541 1.251274
0.614669 0.164794 1.245727
0.618464 0.164396 1.246425
0.623740 0.161645 1.250603
0.633518 0.155468 1.262099
0.646751 0.144686 1.267107
0.635857 0.154569 1.258238
0.648262 0.144575 1.260764
0.656822 0.136706 1.260525
0.656219 0.135512 1.266777
0.663815 0.127686 1.264125
0.663751 0.129352 1.258174
0.671639 0.118186 1.258716
0.670809 0.120967 1.253611
0.677654 0.109257 1.251306
0.676109 0.112825 1.247253
0.680265 0.105241 1.238269
0.681729 0.101098 1.241467
0.683161 0.093478 1.229578
0.681329 0.097979 1.226436
0.669085 0.134607 1.260633
0.661605 0.142792 1.263097
0.676922 0.123835 1.254956
0.681761 0.115160 1.248166
0.685281 0.107356 1.239287
0.686959 0.099685 1.227331
0.663748 0.146000 1.253852
0.671001 0.155772 1.247544
0.654972 0.153572 1.253308
0.662822 0.164233 1.246089
0.642445 0.162657 1.250280
0.635857 0.154569 1.258238
0.654972 0.153572 1.253308
0.648262 0.144575 1.260764
0.671092 0.138238 1.251441
0.678518 0.147248 1.244524
0.685079 0.137222 1.238565
0.678157 0.129207 1.246429
0.689341 0.128648 1.231683
0.682879 0.120763 1.239751
0.692246 0.120722 1.223027
0.685990 0.113187 1.230991
0.687353 0.104697 1.219945
0.694509 0.113289 1.212212
0.663748 0.146000 1.253852
0.656822 0.136706 1.260525
0.651554 0.175124 1.245187
0.642445 0.162657 1.250280
0.671092 0.138238 1.251441
0.663751 0.129352 1.258174
0.670809 0.120967 1.253611
0.678157 0.129207 1.246429
0.676109 0.112825 1.247253
0.682879 0.120763 1.239751
0.680265 0.105241 1.238269
0.685990 0.113187 1.230991
0.681329 0.097979 1.226436
0.687353 0.104697 1.219945
0.665541 0.166652 1.251095
0.653681 0.176916 1.249032
0.674147 0.158452 1.250137
0.682261 0.148670 1.247175
0.688754 0.138563 1.240859
0.692653 0.130118 1.233213
0.695763 0.122725 1.225430
0.696558 0.114201 1.213540
0.666374 0.174845 1.253128
0.670617 0.169465 1.253586
0.700915 0.124408 1.227687
0.702565 0.121289 1.222212
0.672549 0.170746 1.252102
0.668067 0.178926 1.250200
0.705275 0.123779 1.218519
0.701960 0.126679 1.227249
0.670218 0.167546 1.251439
0.669362 0.166858 1.251047
0.697385 0.126689 1.227817
0.695806 0.132079 1.233222
0.691693 0.140800 1.241026
0.685162 0.151082 1.247228
0.676757 0.160537 1.250190
0.675683 0.167579 1.247930
0.681410 0.167504 1.244852
0.683178 0.169736 1.245959
0.699403 0.132576 1.227836
0.703327 0.139632 1.228758
0.701238 0.139328 1.228513
0.698911 0.143840 1.232153
0.695989 0.149310 1.236323
0.691077 0.156788 1.240721
0.685586 0.163236 1.243427
0.687547 0.164903 1.244225
0.701045 0.145147 1.232994
0.698062 0.150616 1.237001
0.692948 0.158262 1.241455
0.678187 0.179245 1.244736
0.690719 0.181831 1.235383
0.708163 0.135105 1.219406
0.712414 0.150548 1.217163
0.689910 0.193513 1.231020
0.728363 0.173405 1.193999
0.675088 0.197414 1.237266
0.679049 0.196703 1.235051
0.677296 0.203113 1.233402
0.679710 0.209352 1.229181
0.691562 0.207656 1.223464
0.717675 0.134713 1.200830
0.721681 0.138396 1.195754
0.717710 0.137453 1.202275
0.728051 0.157224 1.193034
0.719033 0.150555 1.206594
0.725678 0.142458 1.190598
0.687556 0.192012 1.230818
0.688040 0.183230 1.233987
0.711683 0.149666 1.214467
0.716838 0.149433 1.206591
0.715177 0.198456 1.199589
0.707908 0.207407 1.203711
0.722489 0.187316 1.193118
0.727262 0.178091 1.186887
0.657575 0.184256 1.244101
0.662837 0.193668 1.238201
0.668376 0.204365 1.231332
0.674220 0.214332 1.224070
0.691459 0.211830 1.215193
0.727373 0.158431 1.185739
0.724063 0.140286 1.182310
0.718962 0.134393 1.188767
0.706030 0.122840 1.202856
0.712341 0.128483 1.196241
0.703703 0.122654 1.200932
0.710253 0.128842 1.194007
0.716930 0.134242 1.186571
0.722175 0.140022 1.180706
0.725849 0.157929 1.183985
0.725353 0.177293 1.184465
0.654963 0.183609 1.240566
0.660762 0.193166 1.234094
0.666358 0.204041 1.227698
0.672037 0.213922 1.221055
0.690095 0.211670 1.213212
0.704469 0.207497 1.201736
0.713246 0.197810 1.197448
0.720129 0.187382 1.191457
0.469586 -0.004889 1.394276
0.477662 -0.021605 1.395783
0.488126 0.009141 1.384697
0.462663 0.000578 1.390472
0.486147 0.010737 1.381840
0.478320 0.015599 1.373253
0.457761 0.000602 1.384892
0.506637 0.020085 1.374718
0.508538 0.022340 1.369960
0.503113 0.022355 1.371206
0.509275 0.026475 1.366790
0.501106 0.027073 1.369233
0.497574 0.028797 1.362042
0.465459 -0.006580 1.393700
0.461234 -0.008100 1.394343
0.456607 -0.009740 1.390981
0.519441 0.006537 1.372979
0.521442 0.012362 1.366537
0.473736 -0.021742 1.394684
0.468435 -0.022828 1.395486
0.464520 -0.024490 1.393015
0.471236 -0.039598 1.391094
0.475761 -0.038478 1.393722
0.480715 -0.036024 1.392701
0.484469 -0.034663 1.393921
0.527829 -0.006154 1.370144
0.528760 -0.004803 1.366754
0.519776 0.008441 1.369677
0.531587 -0.001866 1.363688
0.521666 0.013904 1.359341
0.509968 0.027602 1.358928
0.531646 0.000520 1.357140
0.539863 -0.015503 1.358946
0.545837 -0.027185 1.352551
0.539741 -0.012957 1.352573
0.545532 -0.024104 1.346633
0.541005 -0.032135 1.359389
0.535529 -0.020069 1.365492
0.494731 -0.061477 1.383695
0.490361 -0.048423 1.389911
0.484506 -0.064735 1.383894
0.481131 -0.052211 1.389845
0.479306 -0.064877 1.381908
0.475978 -0.052868 1.387296
0.497544 -0.076798 1.372929
0.497669 -0.088002 1.362012
0.503011 -0.086204 1.358988
0.506428 -0.092631 1.333592
0.509300 -0.086251 1.346483
0.495486 -0.099661 1.345910
0.512413 -0.085600 1.349109
0.498598 -0.105069 1.304701
0.497221 -0.102838 1.309005
0.486581 -0.109602 1.303888
0.481500 -0.111690 1.306532
0.471198 -0.109812 1.288991
0.546066 -0.047345 1.348227
0.548372 -0.062205 1.332538
0.546939 -0.073476 1.315975
0.541422 -0.081971 1.294622
0.533314 -0.084671 1.276867
0.520901 -0.082336 1.258445
0.507051 -0.074126 1.243413
0.493480 -0.063091 1.233817
0.504050 -0.102549 1.315320
0.501325 -0.099340 1.317376
0.510164 -0.095117 1.333764
0.458264 -0.101988 1.271892
0.447375 -0.091888 1.261383
0.489081 -0.108920 1.324354
0.436086 -0.078295 1.254097
0.426834 -0.064658 1.249846
0.468770 -0.038124 1.226198
0.481010 -0.050302 1.228183
0.466981 -0.032671 1.228461
0.473576 -0.026828 1.225770
0.466076 -0.025553 1.228145
0.466030 -0.019988 1.233189
0.445788 -0.046129 1.239776
0.418260 -0.055490 1.254794
0.416815 -0.062478 1.258076
0.415586 -0.061977 1.263695
0.416338 -0.049813 1.260759
0.441181 -0.034048 1.244641
0.442213 -0.039861 1.239824
0.447640 -0.049981 1.236480
0.551039 -0.040800 1.342380
0.550728 -0.037110 1.337304
0.555270 -0.052920 1.321593
0.554131 -0.056172 1.325203
0.553171 -0.065791 1.310270
0.496489 -0.059394 1.234412
0.483292 -0.046186 1.229017
0.487391 -0.042115 1.227255
0.501020 -0.055396 1.232379
0.514125 -0.066362 1.241197
0.528179 -0.074016 1.255198
0.539547 -0.076545 1.271840
0.548110 -0.073906 1.290585
0.552945 -0.060671 1.307334
0.547336 -0.067154 1.288846
0.539661 -0.069234 1.272341
0.528692 -0.066519 1.256253
0.515766 -0.059273 1.243531
0.503849 -0.049222 1.235401
0.491021 -0.036730 1.230937
0.478014 -0.022744 1.229402
0.428154 -0.079516 1.262125
0.439173 -0.092771 1.269282
0.450329 -0.102874 1.279031
0.462120 -0.109912 1.294630
0.471933 -0.111709 1.311620
0.479478 -0.108847 1.328899
0.485157 -0.100766 1.347903
0.487318 -0.090145 1.362859
0.487111 -0.078575 1.374270
0.481509 -0.078606 1.372406
0.481396 -0.088885 1.361732
0.479268 -0.099059 1.347151
0.474451 -0.106396 1.330379
0.467381 -0.108988 1.314229
0.458102 -0.107303 1.298242
0.446800 -0.100433 1.283630
0.437228 -0.091561 1.274454
0.426822 -0.078971 1.267927
0.715513 0.202201 1.191578
0.708030 0.212195 1.196603
0.728071 0.182779 1.178009
0.650627 0.213743 1.218196
0.641963 0.204521 1.223410
0.631759 0.195433 1.224945
0.632286 0.168411 1.245507
0.619968 0.171765 1.235078
0.620038 0.187874 1.219496
0.658444 0.229916 1.186238
0.654590 0.227481 1.187074
0.613885 0.184730 1.211520
0.613815 0.177508 1.214093
0.611973 0.171269 1.222494
0.663402 0.232243 1.184081
0.697051 0.224062 1.200705
0.684925 0.233387 1.199914
0.674738 0.236872 1.192469
0.667463 0.236390 1.182309
0.632286 0.168411 1.245507
0.614669 0.164794 1.245727
0.618464 0.164396 1.246425
0.619968 0.171765 1.235078
0.731763 0.163584 1.159751
0.726912 0.157750 1.149517
0.722444 0.150509 1.152860
0.681591 0.097346 1.200911
0.671560 0.097849 1.184778
0.679436 0.105772 1.179517
0.690015 0.114858 1.172935
0.698223 0.122208 1.167601
0.707079 0.130999 1.162466
0.715796 0.141579 1.157221
0.613885 0.184730 1.211520
0.613815 0.177508 1.214093
0.613389 0.185502 1.185122
0.658444 0.229916 1.186238
0.649514 0.223357 1.179013
0.654590 0.227481 1.187074
0.642385 0.216840 1.172383
0.632832 0.207660 1.169539
0.624870 0.199429 1.171059
0.617763 0.191264 1.176205
0.663402 0.232243 1.184081
0.667463 0.236390 1.182309
0.609621 0.163869 1.205920
0.611973 0.171269 1.222494
0.611973 0.171269 1.222494
0.611758 0.154139 1.190467
0.609621 0.163869 1.205920
0.611758 0.154139 1.190467
0.664989 0.230822 1.169121
0.671382 0.213929 1.155894
0.680370 0.199740 1.149195
0.675600 0.207539 1.152774
0.660371 0.103591 1.175804
0.648736 0.111451 1.170447
0.639280 0.118496 1.167664
0.630821 0.126260 1.168436
0.622770 0.135154 1.172181
0.684350 0.192303 1.145486
0.689228 0.184090 1.141337
0.694671 0.175364 1.137310
0.702235 0.166178 1.135054
0.712338 0.158772 1.137695
0.707528 0.152956 1.140908
0.616387 0.144632 1.179125
0.625600 0.152205 1.173113
0.679436 0.105772 1.179517
0.671560 0.097849 1.184778
0.690015 0.114858 1.172935
0.698223 0.122208 1.167601
0.707079 0.130999 1.162466
0.715796 0.141579 1.157221
0.722444 0.150509 1.152860
0.726912 0.157750 1.149517
0.616387 0.144632 1.179125
0.630821 0.126260 1.168436
0.622770 0.135154 1.172181
0.648736 0.111451 1.170447
0.639280 0.118496 1.167664
0.495948 0.071528 1.324742
0.566546 0.127897 1.281850
0.549684 0.114652 1.291870
0.564240 -0.056527 1.282920
0.561482 -0.055506 1.302891
0.493577 0.052539 1.342535
0.489367 0.062656 1.325559
0.443141 -0.085126 1.270490
0.454670 -0.093795 1.278846
0.423195 0.030502 1.365362
0.424614 0.023637 1.362844
0.433412 0.018621 1.372319
0.436145 0.020916 1.375035
0.441472 0.010348 1.377784
0.447297 0.000968 1.380987
0.458804 -0.010002 1.384326
0.455835 -0.011887 1.382619
0.451247 -0.091025 1.288595
0.416338 -0.049813 1.260759
0.431550 -0.072438 1.264490
0.421292 -0.056935 1.271413
0.595704 0.148969 1.258090
0.589267 0.143775 1.261932
0.594374 0.146521 1.260427
0.461075 -0.008003 1.386931
0.452018 0.004457 1.384617
0.444448 0.013261 1.382065
0.457761 0.000602 1.384892
0.453755 0.010672 1.381108
0.444965 0.015046 1.385187
0.453892 0.012716 1.384171
0.436047 0.022779 1.379710
0.410730 0.031586 1.344771
0.413235 0.023973 1.344023
0.402191 0.027213 1.324591
0.405445 0.018948 1.325718
0.397526 0.018872 1.307809
0.400843 0.012120 1.310664
0.396371 0.006757 1.291229
0.399766 0.000685 1.295618
0.400212 -0.009976 1.276883
0.402758 -0.014676 1.284215
0.406961 -0.028542 1.267664
0.408472 -0.031606 1.276119
0.412520 -0.041660 1.262649
0.413596 -0.043681 1.272622
0.416338 -0.049813 1.260759
0.515766 -0.059273 1.243531
0.528692 -0.066519 1.256253
0.539661 -0.069234 1.272341
0.503849 -0.049222 1.235401
0.491021 -0.036730 1.230937
0.478014 -0.022744 1.229402
0.469690 -0.007945 1.230928
0.494614 0.028591 1.219575
0.506791 0.010732 1.214162
0.523406 -0.007473 1.214070
0.493301 0.050544 1.231321
0.503687 0.034048 1.221130
0.515077 0.017865 1.215419
0.531374 0.001226 1.215802
0.496699 0.049246 1.231697
0.544187 -0.011109 1.219625
0.441181 -0.034048 1.244641
0.417235 -0.061394 1.264150
0.427384 -0.077905 1.268198
0.437680 -0.090664 1.275060
0.446836 -0.099099 1.283837
0.458404 -0.105858 1.298705
0.467222 -0.107457 1.314123
0.474189 -0.104822 1.329949
0.478959 -0.098102 1.346148
0.481457 -0.087669 1.360592
0.481463 -0.077565 1.370577
0.479291 -0.064093 1.380289
0.476105 -0.052366 1.385937
0.470912 -0.039281 1.390062
0.464095 -0.024311 1.391608
0.456201 -0.009780 1.389304
0.431550 -0.072438 1.264490
0.443141 -0.085126 1.270490
0.454670 -0.093795 1.278846
0.465482 -0.100777 1.292888
0.474605 -0.102826 1.308315
0.482055 -0.100368 1.324387
0.487389 -0.093802 1.339929
0.489844 -0.083968 1.354534
0.489688 -0.074417 1.364716
0.455626 0.037309 1.264433
0.489459 0.065150 1.250130
0.451938 0.015800 1.254679
0.450434 0.028068 1.267994
0.456557 0.001356 1.243829
0.464610 -0.012722 1.237275
0.466030 -0.019988 1.233189
0.715480 0.203878 1.188370
0.707804 0.212875 1.193502
0.721811 0.194255 1.182003
0.697189 0.223895 1.197668
0.686008 0.232502 1.196911
0.677011 0.236365 1.190196
0.670457 0.236327 1.180901
0.726971 0.184975 1.175373
0.730133 0.174847 1.166769
0.731526 0.172293 1.168783
0.730532 0.166312 1.158447
0.726189 0.160733 1.149100
0.668178 0.230999 1.168428
0.670457 0.236327 1.180901
0.670441 0.222722 1.160382
0.674254 0.214406 1.155839
0.682511 0.200444 1.149931
0.678029 0.207983 1.153238
0.686368 0.193482 1.146188
0.690844 0.185498 1.142267
0.695993 0.177236 1.138243
0.703074 0.168380 1.135979
0.712798 0.161507 1.138162
0.726189 0.160733 1.149100
0.487926 0.067242 1.252450
0.454220 0.040264 1.265798
0.455734 0.049935 1.278067
0.491765 0.073060 1.260783
0.497723 0.078425 1.278647
0.505274 0.082165 1.296855
0.451193 0.038600 1.281971
0.452407 0.034699 1.273214
0.448944 0.037002 1.272251
0.462525 0.051757 1.317559
0.454045 0.048038 1.298605
0.503026 0.075815 1.313052
0.512065 0.083245 1.306662
0.491521 0.066987 1.320040
0.473437 0.050372 1.335637
0.484033 0.044459 1.348414
0.466030 -0.019988 1.233189
0.464610 -0.012722 1.237275
0.456557 0.001356 1.243829
0.451938 0.015800 1.254679
0.450434 0.028068 1.267994
0.451193 0.038600 1.281971
0.454045 0.048038 1.298605
0.462525 0.051757 1.317559
0.484033 0.044459 1.348414
0.492183 0.033706 1.354656
0.491730 0.037154 1.359083
0.492183 0.033706 1.354656
0.497574 0.028797 1.362042
0.499463 0.039486 1.356194
0.509968 0.027602 1.358928
0.490495 0.031514 1.363200
0.491329 0.029706 1.361214
0.478320 0.015599 1.373253
0.475418 0.020259 1.371277
0.475578 0.022585 1.373290
0.497574 0.028797 1.362042
0.634219 0.034061 1.229678
0.643091 0.045811 1.223625
0.634219 0.034061 1.229678
0.643091 0.045811 1.223625
0.657944 0.054651 1.223025
0.461075 -0.008003 1.386931
0.640919 0.203741 1.220575
0.648302 0.213227 1.214949
0.653736 0.220039 1.207070
0.632448 0.195428 1.221848
0.622244 0.188563 1.216370
0.656663 0.224478 1.198660
0.654409 0.224521 1.187544
0.616978 0.185706 1.209850
0.615221 0.183526 1.198392
0.611402 0.182800 1.198769
0.616978 0.185706 1.209850
0.616317 0.185648 1.185676
0.649842 0.221330 1.179739
0.654409 0.224521 1.187544
0.642276 0.215711 1.173900
0.633026 0.207385 1.171412
0.625958 0.199412 1.172728
0.619458 0.191896 1.177632
0.469909 -0.021541 1.388040
0.478297 -0.035456 1.385338
0.485087 -0.049536 1.380260
0.488261 -0.061482 1.374036
0.565300 0.125460 1.276614
0.576548 0.134105 1.269515
0.624833 0.059469 1.193930
0.600330 0.076828 1.186665
0.612186 0.067340 1.187819
0.591887 0.085338 1.187339
0.582692 0.095965 1.190856
0.576360 0.106937 1.199236
0.572133 0.118356 1.212107
0.572905 0.122910 1.222218
0.574394 0.128019 1.230889
0.606141 0.158541 1.251274
0.614669 0.164794 1.245727
0.619968 0.171765 1.235078
0.652143 0.151100 1.262901
0.640469 0.159738 1.259636
0.625231 0.166225 1.253918
0.629717 0.166511 1.254172
0.620210 0.163214 1.256137
0.623740 0.161645 1.250603
0.640829 0.160751 1.261896
0.629897 0.167728 1.256341
0.625123 0.168004 1.255941
0.629897 0.167728 1.256341
0.629717 0.166511 1.254172
0.625231 0.166225 1.253918
0.679079 0.092048 1.212428
0.682017 0.088772 1.219068
0.687189 0.092422 1.211882
0.685301 0.089486 1.210819
0.680771 0.085501 1.212947
0.687329 0.087849 1.211954
0.680771 0.085501 1.212947
0.685301 0.089486 1.210819
0.687189 0.092422 1.211882
0.689175 0.090752 1.213604
0.679079 0.092048 1.212428
0.681591 0.097346 1.200911
0.677537 0.090407 1.204370
0.681591 0.097346 1.200911
0.677537 0.090407 1.204370
0.673800 0.087015 1.202665
0.647805 0.052964 1.220601
0.660371 0.103591 1.175804
0.671560 0.097849 1.184778
0.666089 0.075741 1.208734
0.658691 0.065687 1.213703
0.654397 0.059741 1.216694
0.619276 0.014638 1.239875
0.602722 -0.008106 1.250948
0.587118 -0.028332 1.261299
0.566791 -0.054510 1.275447
0.547336 -0.067154 1.288846
0.552945 -0.060671 1.307334
0.555270 -0.052920 1.321593
0.555270 -0.052920 1.321593
0.561482 -0.055506 1.302891
0.564240 -0.056527 1.282920
0.566791 -0.054510 1.275447
0.578704 -0.039980 1.267515
0.602722 -0.008106 1.250948
0.619276 0.014638 1.239875
0.647805 0.052964 1.220601
0.654397 0.059741 1.216694
0.673992 0.075918 1.217555
0.664640 0.064956 1.219923
0.665504 0.065896 1.217538
0.671857 0.073632 1.213568
0.678604 0.082144 1.209441
0.680034 0.084059 1.210192
0.677537 0.090407 1.204370
0.679079 0.092048 1.212428
0.673800 0.087015 1.202665
0.666089 0.075741 1.208734
0.657782 0.063672 1.216525
0.658691 0.065687 1.213703
0.657782 0.063672 1.216525
0.661194 0.065138 1.224229
0.666134 0.066163 1.222928
0.661168 0.058050 1.224095
0.662656 0.061626 1.227703
0.589267 0.143775 1.261932
0.582996 0.138934 1.266090
0.548806 0.112429 1.286157
0.530634 0.098245 1.296850
0.512065 0.083245 1.306662
0.503026 0.075815 1.313052
0.491521 0.066987 1.320040
0.489367 0.062656 1.325559
0.493577 0.052539 1.342535
0.499463 0.039486 1.356194
0.659937 0.070792 1.260417
0.478054 -0.060586 1.371404
0.483251 -0.059355 1.371625
0.475509 -0.050286 1.377684
0.481073 -0.048788 1.377993
0.479618 -0.073023 1.361421
0.485156 -0.072022 1.361139
0.485617 -0.080774 1.351638
0.480026 -0.081290 1.352477
0.484656 -0.089831 1.339177
0.478383 -0.089402 1.340293
0.473070 -0.095343 1.325419
0.479445 -0.095685 1.323036
0.466491 -0.097368 1.311728
0.471960 -0.098075 1.308965
0.463289 -0.097323 1.296290
0.459334 -0.096169 1.299917
0.465482 -0.100777 1.292888
0.474605 -0.102826 1.308315
0.482055 -0.100368 1.324387
0.487389 -0.093802 1.339929
0.489844 -0.083968 1.354534
0.489688 -0.074417 1.364716
0.488261 -0.061482 1.374036
0.485087 -0.049536 1.380260
0.478297 -0.035456 1.385338
0.476105 -0.036102 1.383345
0.470948 -0.038311 1.382359
0.469909 -0.021541 1.388040
0.467602 -0.022499 1.384417
0.463738 -0.024862 1.383335
0.461075 -0.008003 1.386931
0.458804 -0.010002 1.384326
0.455835 -0.011887 1.382619
0.495003 0.066079 1.253270
0.494154 0.063017 1.247977
0.497001 0.069042 1.259388
0.532585 0.096769 1.224150
0.500594 0.077623 1.276003
0.549476 0.108772 1.217743
0.530634 0.098245 1.296850
0.509609 0.079180 1.296432
0.548806 0.112429 1.286157
0.565300 0.125460 1.276614
0.576548 0.134105 1.269515
0.582996 0.138934 1.266090
0.433412 0.018621 1.372319
0.424614 0.023637 1.362844
0.441472 0.010348 1.377784
0.447297 0.000968 1.380987
0.413235 0.023973 1.344023
0.405445 0.018948 1.325718
0.400843 0.012120 1.310664
0.399766 0.000685 1.295618
0.402758 -0.014676 1.284215
0.408472 -0.031606 1.276119
0.413596 -0.043681 1.272622
0.640919 0.203741 1.220575
0.648302 0.213227 1.214949
0.653736 0.220039 1.207070
0.632448 0.195428 1.221848
0.622244 0.188563 1.216370
0.656663 0.224478 1.198660
0.654409 0.224521 1.187544
0.651124 0.217735 1.184957
0.616978 0.185706 1.209850
0.615221 0.183526 1.198392
0.616317 0.185648 1.185676
0.649842 0.221330 1.179739
0.642276 0.215711 1.173900
0.633026 0.207385 1.171412
0.625958 0.199412 1.172728
0.619458 0.191896 1.177632
0.646806 0.191881 1.193103
0.707804 0.212875 1.193502
0.715480 0.203878 1.188370
0.709877 0.207252 1.187666
0.721811 0.194255 1.182003
0.721011 0.190868 1.176971
0.726971 0.184975 1.175373
0.697189 0.223895 1.197668
0.692374 0.224562 1.193215
0.686008 0.232502 1.196911
0.677011 0.236365 1.190196
0.676774 0.231677 1.182962
0.670457 0.236327 1.180901
0.730133 0.174847 1.166769
0.726199 0.174246 1.162929
0.730532 0.166312 1.158447
0.726189 0.160733 1.149100
0.716734 0.165984 1.146357
0.668178 0.230999 1.168428
0.672910 0.223394 1.164498
0.670441 0.222722 1.160382
0.674254 0.214406 1.155839
0.678876 0.209713 1.155882
0.678029 0.207983 1.153238
0.682511 0.200444 1.149931
0.686122 0.197285 1.150224
0.690844 0.185498 1.142267
0.686368 0.193482 1.146188
0.691715 0.187273 1.145166
0.703074 0.168380 1.135979
0.695993 0.177236 1.138243
0.699303 0.176191 1.140663
0.712798 0.161507 1.138162
0.689319 0.214077 1.190635
0.677227 0.219592 1.182689
0.715534 0.175080 1.167162
0.708198 0.168677 1.154318
0.690665 0.182822 1.152630
0.688035 0.188260 1.173086
0.482549 0.014711 1.380160
0.421292 -0.056935 1.271413
0.473437 0.050372 1.335637
0.578704 -0.039980 1.267515
0.587118 -0.028332 1.261299
0.623740 0.161645 1.250603
0.621484 -0.538376 1.274094
0.547561 -0.557037 1.298113
0.536242 -0.557037 1.275898
0.518612 -0.557037 1.258268
0.496397 -0.557037 1.246949
0.471772 -0.557037 1.243049
0.447146 -0.557037 1.246949
0.424931 -0.557037 1.258268
0.407302 -0.557037 1.275898
0.395983 -0.557037 1.298113
0.392082 -0.557037 1.322739
0.395983 -0.557037 1.347364
0.407302 -0.557037 1.369579
0.424931 -0.557037 1.387209
0.447146 -0.557037 1.398528
0.471772 -0.557037 1.402428
0.496397 -0.557037 1.398528
0.518612 -0.557037 1.387209
0.536242 -0.557037 1.369579
0.547561 -0.557037 1.347364
0.551461 -0.557037 1.322739
0.547561 -0.557037 1.298113
0.621484 -0.538376 1.274094
0.691721 -0.507786 1.251273
0.691721 -0.507786 1.251273
0.756542 -0.466020 1.230211
0.756542 -0.466020 1.230211
0.814351 -0.414106 1.211428
0.814351 -0.414106 1.211428
0.863724 -0.353322 1.195385
0.863724 -0.353322 1.195385
0.903446 -0.285165 1.182479
0.903446 -0.285165 1.182479
0.932539 -0.211314 1.173026
0.932539 -0.211314 1.173026
0.950287 -0.133587 1.167260
0.950287 -0.133587 1.167260
0.956252 -0.053897 1.165322
0.956252 -0.053897 1.165322
0.950287 0.025792 1.167260
0.950287 0.025792 1.167260
0.932539 0.103520 1.173026
0.932539 0.103520 1.173026
0.903446 0.177371 1.182479
0.903446 0.177371 1.182479
0.863724 0.245528 1.195385
0.863724 0.245528 1.195385
0.814351 0.306311 1.211428
0.814351 0.306311 1.211428
0.756542 0.358226 1.230211
0.756542 0.358226 1.230211
0.691721 0.399992 1.251273
0.691721 0.399992 1.251273
0.621484 0.430582 1.274094
0.621484 0.430582 1.274094
0.547561 0.449243 1.298113
0.536242 0.449243 1.275898
0.518612 0.449243 1.258268
0.496397 0.449243 1.246949
0.471772 0.449243 1.243049
0.447146 0.449243 1.246949
0.424931 0.449243 1.258268
0.407302 0.449243 1.275898
0.395983 0.449243 1.298113
0.392082 0.449243 1.322739
0.395983 0.449243 1.347364
0.407302 0.449243 1.369579
0.424931 0.449243 1.387209
0.447146 0.449243 1.398528
0.471772 0.449243 1.402428
0.496397 0.449243 1.398528
0.518612 0.449243 1.387209
0.536242 0.449243 1.369579
0.547561 0.449243 1.347364
0.551461 0.449243 1.322739
0.547561 0.449243 1.298113
0.471772 -0.563309 1.322739
0.471772 -0.563309 1.322739
0.471772 -0.563309 1.322739
0.471772 -0.563309 1.322739
0.471772 -0.563309 1.322739
0.471772 -0.563309 1.322739
0.471772 -0.563309 1.322739
0.471772 -0.563309 1.322739
0.471772 -0.563309 1.322739
0.471772 -0.563309 1.322739
0.471772 -0.563309 1.322739
0.471772 -0.563309 1.322739
0.471772 -0.563309 1.322739
0.471772 -0.563309 1.322739
0.471772 -0.563309 1.322739
0.471772 -0.563309 1.322739
0.471772 -0.563309 1.322739
0.471772 -0.563309 1.322739
0.471772 -0.563309 1.322739
0.471772 -0.563309 1.322739
0.471772 0.455515 1.322739
0.471772 0.455515 1.322739
0.471772 0.455515 1.322739
0.471772 0.455515 1.322739
0.471772 0.455515 1.322739
0.471772 0.455515 1.322739
0.471772 0.455515 1.322739
0.471772 0.455515 1.322739
0.471772 0.455515 1.322739
0.471772 0.455515 1.322739
0.471772 0.455515 1.322739
0.471772 0.455515 1.322739
0.471772 0.455515 1.322739
0.471772 0.455515 1.322739
0.471772 0.455515 1.322739
0.471772 0.455515 1.322739
0.471772 0.455515 1.322739
0.471772 0.455515 1.322739
0.471772 0.455515 1.322739
0.471772 0.455515 1.322739
856 857
877 878
909 911
910 931
858 932
858 933
912 952
912 953
857 932
877 951
911 952
931 971
859 933
859 934
913 953
913 954
856 879
878 880
907 909
908 910
861 935
861 936
915 955
915 956
860 934
860 935
914 954
914 955
889 891
890 892
895 897
896 898
881 883
882 884
903 905
904 906
862 936
862 937
916 956
916 957
883 885
884 886
901 903
902 904
866 940
866 941
920 960
920 961
863 937
863 938
917 957
917 958
867 941
867 942
921 961
921 962
865 939
865 940
919 959
919 960
864 938
864 939
918 958
918 959
887 889
888 890
897 899
898 900
868 942
868 943
922 962
922 963
870 944
870 945
924 964
924 965
871 945
871 946
925 965
925 966
869 943
869 944
923 963
923 964
879 881
880 882
905 907
906 908
885 887
886 888
899 901
900 902
875 949
875 950
929 969
929 970
872 946
872 947
926 966
926 967
873 947
873 948
927 967
927 968
874 948
874 949
928 968
928 969
876 950
876 951
930 970
930 971
893 895
894 896
891 893
892 894
847 849
339 340
509 526
336 341
103 623
334 340
526 598
695 696
707 708
333 341
104 106
105 106
328 342
262 263
490 615
696 697
707 854
331 335
339 542
481 482
802 811
47 48
619 695
621 708
260 850
329 342
47 51
493 617
103 104
262 269
615 618
594 778
731 732
491 616
95 465
730 731
778 780
814 819
257 259
268 850
77 95
518 519
306 326
185 219
520 552
472 495
259 264
464 465
315 316
184 214
522 523
261 266
647 730
780 781
312 324
89 702
344 345
814 816
468 607
776 779
501 503
816 825
495 497
517 518
430 449
59 60
318 319
520 521
473 496
785 788
80 81
347 355
503 505
313 314
775 777
524 773
369 370
352 353
155 408
170 684
591 596
605 852
79 80
591 592
604 605
614 616
828 842
337 364
338 381
321 323
825 828
366 367
354 355
74 75
472 494
332 350
61 63
822 830
521 522
499 501
230 237
496 498
788 789
57 58
311 312
698 853
705 706
356 357
699 700
353 354
81 82
96 464
468 469
735 736
466 467
703 704
613 617
586 587
530 531
71 72
302 306
819 822
319 320
467 701
702 703
252 253
44 45
527 528
468 611
736 737
521 524
378 379
350 351
316 317
367 368
232 238
358 359
511 512
504 506
792 793
311 326
236 237
293 313
359 360
510 511
46 48
348 349
247 248
502 504
791 792
588 592
603 604
497 499
351 352
362 363
514 515
325 327
368 369
471 755
544 545
774 776
3 4
408 409
686 691
295 301
375 376
500 502
790 791
253 254
22 25
446 457
472 475
238 239
320 330
264 273
24 26
364 365
553 555
600 601
267 274
246 247
377 378
26 39
69 70
370 371
361 362
513 514
427 430
431 432
357 358
512 699
56 57
427 428
429 431
304 322
470 482
542 543
307 323
324 325
523 525
585 776
533 534
553 554
601 602
62 63
545 546
755 756
92 93
286 287
53 54
534 535
747 750
365 366
374 375
546 547
756 757
531 532
376 377
117 118
346 347
548 549
758 759
528 529
290 343
654 655
274 285
547 548
757 758
85 86
65 66
596 597
606 852
380 381
360 361
510 513
52 53
84 87
554 588
602 603
555 556
599 600
532 533
68 69
329 330
276 279
580 581
827 843
830 833
498 500
789 790
37 39
138 675
297 372
18 19
327 328
4 27
82 83
75 85
748 749
272 277
299 373
91 92
286 288
62 64
88 89
292 344
40 46
66 67
86 87
536 537
94 105
540 541
50 52
178 241
383 397
470 471
543 544
277 278
285 289
11 42
55 56
282 294
740 744
31 32
539 540
117 665
388 389
401 404
643 644
763 766
8 9
10 24
644 645
762 763
271 276
67 68
345 356
700 701
2 3
90 91
288 291
283 284
371 372
49 50
213 222
624 643
766 769
842 848
210 211
119 120
144 146
750 752
649 651
0 1
593 595
733 734
93 737
611 612
764 767
33 44
739 743
275 280
550 646
760 761
119 666
144 855
379 380
619 620
621 622
647 648
781 782
559 561
812 818
208 209
171 172
54 55
210 227
141 160
143 145
584 590
112 113
484 658
142 159
697 853
706 854
301 302
480 753
487 488
35 36
477 479
771 787
430 448
432 458
281 296
273 282
833 836
437 451
690 691
64 65
745 747
12 667
410 411
450 452
36 38
5 27
132 673
169 683
752 753
483 794
508 851
101 107
749 751
397 398
765 768
279 298
529 530
650 651
768 771
7 8
14 15
83 84
222 224
208 226
295 296
505 507
34 35
606 608
437 438
461 690
387 390
688 692
719 720
389 395
429 660
661 662
597 607
606 609
258 281
480 754
373 374
229 231
17 18
746 748
1 37
102 108
413 414
454 455
538 539
304 305
742 764
21 41
289 290
278 300
293 294
28 29
426 433
652 653
133 135
0 2
9 10
384 567
38 40
137 138
297 298
535 536
130 131
76 77
839 842
561 562
818 820
667 668
417 634
25 738
154 155
168 170
303 305
549 550
759 760
78 94
129 132
167 169
33 34
88 90
291 292
473 474
784 785
234 235
751 754
221 223
255 256
645 646
761 762
662 664
250 251
402 404
659 660
254 255
570 571
823 829
386 387
481 483
509 851
385 386
191 192
565 566
817 824
303 307
235 236
741 765
711 725
309 310
299 300
506 508
793 794
174 175
421 422
172 179
412 413
453 454
628 629
798 799
382 383
123 125
692 693
720 722
127 130
537 538
148 149
441 448
458 460
248 256
593 594
732 733
153 156
475 489
625 626
795 796
217 218
251 252
118 122
558 560
813 815
415 634
186 198
398 399
5 43
125 127
173 174
492 494
192 193
6 7
633 636
804 805
744 745
249 250
558 559
812 813
12 13
308 310
334 363
515 557
269 287
610 612
42 43
15 16
445 446
516 557
474 476
784 786
221 228
32 73
405 406
178 182
639 640
807 808
143 401
160 388
679 711
134 661
440 441
459 460
405 567
96 97
338 339
836 839
740 742
560 565
815 817
147 150
161 164
399 400
209 212
16 17
211 223
128 129
165 167
190 191
409 410
450 451
136 137
610 611
739 741
183 196
233 234
229 230
411 412
452 453
308 321
743 746
438 439
461 462
231 232
444 445
579 580
840 843
339 527
822 845
151 153
175 176
135 136
212 215
650 652
152 154
166 168
423 424
828 847
587 594
407 414
455 456
113 114
658 659
625 628
795 798
566 568
824 826
76 463
488 489
562 563
820 821
124 126
162 163
140 142
633 635
803 804
149 151
570 572
829 831
140 148
150 152
164 166
626 627
796 797
568 569
826 827
419 421
20 21
72 73
120 121
146 158
714 715
126 128
163 165
139 141
145 157
13 14
240 242
131 674
578 579
840 841
422 423
439 440
459 462
825 846
476 477
786 787
417 424
421 637
60 738
263 541
563 564
821 823
243 244
244 245
133 134
630 631
800 801
594 779
122 123
819 844
637 639
806 807
641 642
809 810
443 444
139 147
157 161
582 585
713 714
241 242
640 641
808 809
636 642
805 810
394 395
416 428
215 225
390 393
577 578
837 841
442 443
419 420
607 610
609 618
121 124
158 162
159 249
689 694
709 710
206 207
572 573
831 832
656 657
239 240
588 590
31 98
723 726
201 202
309 322
576 577
837 838
627 630
797 800
99 100
108 111
435 436
29 110
551 589
489 491
187 193
588 589
172 233
107 109
260 271
637 638
801 806
583 589
263 624
487 490
227 228
574 575
834 835
225 226
492 493
435 442
507 509
406 407
456 457
620 689
622 709
217 236
204 207
716 717
583 590
485 783
728 729
202 203
629 632
799 803
574 576
835 838
75 737
648 729
782 783
684 685
686 687
224 239
723 724
267 268
98 99
556 557
598 599
336 339
683 685
717 718
81 702
434 436
446 447
268 269
466 698
704 705
267 287
332 333
216 217
573 575
832 834
336 337
189 190
609 614
220 224
393 394
415 416
43 668
43 670
22 726
200 201
219 220
260 263
27 30
205 206
23 24
78 705
469 595
734 735
198 205
115 116
403 855
214 216
109 114
31 100
608 613
772 774
674 677
332 363
197 199
99 101
179 180
673 677
679 718
111 116
665 666
196 204
110 669
78 79
181 182
194 195
187 194
101 102
676 677
679 680
171 180
111 672
663 665
199 200
9 19
9 682
189 197
772 773
195 203
109 111
396 400
425 426
99 728
485 486
20 678
271 272
391 396
418 425
177 181
337 338
100 102
608 609
264 265
40 738
33 73
687 688
717 719
179 184
23 41
182 185
30 100
724 725
694 721
710 723
724 727
308 309
48 59
28 30
30 31
97 98
623 726
669 670
159 172
391 392
418 420
663 664
671 672
257 270
589 590
49 69
181 189
305 307
22 23
478 487
769 770
230 254
478 479
770 771
114 115
402 403
171 188
678 682
236 252
491 493
675 676
680 681
393 632
415 635
99 112
484 486
489 492
693 721
722 723
712 725
551 583
552 582
209 226
400 564
426 571
679 716
23 727
232 248
19 675
681 682
406 569
457 581
195 196
392 631
420 638
211 227
22 727
678 680
613 614
212 225
180 183
712 713
669 672
156 178
181 186
715 716
664 668
670 671
239 246
223 228
198 199
272 541
187 188
