16237679183961957794 624 600
-0.322581 -0.538388 1.274991
-0.396504 -0.557049 1.299010
-0.407823 -0.557049 1.276795
-0.425453 -0.557049 1.259165
-0.447668 -0.557049 1.247846
-0.472293 -0.557049 1.243946
-0.496918 -0.557049 1.247846
-0.519133 -0.557049 1.259165
-0.536763 -0.557049 1.276795
-0.548082 -0.557049 1.299010
-0.551983 -0.557049 1.323636
-0.548082 -0.557049 1.348261
-0.536763 -0.557049 1.370476
-0.519133 -0.557049 1.388106
-0.496918 -0.557049 1.399425
-0.472293 -0.557049 1.403325
-0.447668 -0.557049 1.399425
-0.425453 -0.557049 1.388106
-0.407823 -0.557049 1.370476
-0.396504 -0.557049 1.348261
-0.392603 -0.557049 1.323636
-0.396504 -0.557049 1.299010
-0.322581 -0.538388 1.274991
-0.252344 -0.507798 1.252170
-0.252344 -0.507798 1.252170
-0.187523 -0.466032 1.231108
-0.187523 -0.466032 1.231108
-0.129714 -0.414117 1.212325
-0.129714 -0.414117 1.212325
-0.080341 -0.353333 1.196283
-0.080341 -0.353333 1.196283
-0.040618 -0.285177 1.183376
-0.040618 -0.285177 1.183376
-0.011525 -0.211326 1.173923
-0.011525 -0.211326 1.173923
0.006222 -0.133598 1.168157
0.006222 -0.133598 1.168157
0.012187 -0.053909 1.166219
0.012187 -0.053909 1.166219
0.006222 0.025781 1.168157
0.006222 0.025781 1.168157
-0.011525 0.103508 1.173923
-0.011525 0.103508 1.173923
-0.040618 0.177359 1.183376
-0.040618 0.177359 1.183376
-0.080341 0.245516 1.196283
-0.080341 0.245516 1.196283
-0.129714 0.306300 1.212325
-0.129714 0.306300 1.212325
-0.187523 0.358214 1.231108
-0.187523 0.358214 1.231108
-0.252344 0.399981 1.252170
-0.252344 0.399981 1.252170
-0.322581 0.430571 1.274991
-0.322581 0.430571 1.274991
-0.396504 0.449231 1.299010
-0.407823 0.449231 1.276795
-0.425453 0.449231 1.259165
-0.447668 0.449231 1.247846
-0.472293 0.449231 1.243946
-0.496918 0.449231 1.247846
-0.519133 0.449231 1.259165
-0.536763 0.449231 1.276795
-0.548082 0.449231 1.299010
-0.551983 0.449231 1.323636
-0.548082 0.449231 1.348261
-0.536763 0.449231 1.370476
-0.519133 0.449231 1.388106
-0.496918 0.449231 1.399425
-0.472293 0.449231 1.403325
-0.447668 0.449231 1.399425
-0.425453 0.449231 1.388106
-0.407823 0.449231 1.370476
-0.396504 0.449231 1.348261
-0.392603 0.449231 1.323636
-0.396504 0.449231 1.299010
-0.472293 -0.563320 1.323636
-0.472293 -0.563320 1.323636
-0.472293 -0.563320 1.323636
-0.472293 -0.563320 1.323636
-0.472293 -0.563320 1.323636
-0.472293 -0.563320 1.323636
-0.472293 -0.563320 1.323636
-0.472293 -0.563320 1.323636
-0.472293 -0.563320 1.323636
-0.472293 -0.563320 1.323636
-0.472293 -0.563320 1.323636
-0.472293 -0.563320 1.323636
-0.472293 -0.563320 1.323636
-0.472293 -0.563320 1.323636
-0.472293 -0.563320 1.323636
-0.472293 -0.563320 1.323636
-0.472293 -0.563320 1.323636
-0.472293 -0.563320 1.323636
-0.472293 -0.563320 1.323636
-0.472293 -0.563320 1.323636
-0.472293 0.455503 1.323636
-0.472293 0.455503 1.323636
-0.472293 0.455503 1.323636
-0.472293 0.455503 1.323636
-0.472293 0.455503 1.323636
-0.472293 0.455503 1.323636
-0.472293 0.455503 1.323636
-0.472293 0.455503 1.323636
-0.472293 0.455503 1.323636
-0.472293 0.455503 1.323636
-0.472293 0.455503 1.323636
-0.472293 0.455503 1.323636
-0.472293 0.455503 1.323636
-0.472293 0.455503 1.323636
-0.472293 0.455503 1.323636
-0.472293 0.455503 1.323636
-0.472293 0.455503 1.323636
-0.472293 0.455503 1.323636
-0.472293 0.455503 1.323636
-0.472293 0.455503 1.323636
-0.576410 0.122907 1.288470
-0.571815 0.123183 1.286066
-0.578770 0.116245 1.296999
-0.578611 0.119972 1.293172
-0.509486 0.061991 1.339870
-0.494120 0.049654 1.348682
-0.540690 0.086010 1.321015
-0.573067 -0.029406 1.309080
-0.555175 -0.061005 1.296452
-0.572897 -0.042985 1.286917
-0.678099 0.082726 1.248693
-0.666384 0.060858 1.233413
-0.640393 0.042872 1.270630
-0.641268 0.033491 1.248318
-0.496370 0.006982 1.222239
-0.481353 -0.006373 1.228080
-0.588443 0.090481 1.187331
-0.576516 0.080088 1.193047
-0.496370 0.006982 1.222239
-0.481353 -0.006373 1.228080
-0.576516 0.080088 1.193047
-0.588443 0.090481 1.187331
-0.461380 0.045073 1.261060
-0.461891 0.042273 1.257150
-0.466234 0.043008 1.252324
-0.472080 0.047671 1.248914
-0.560223 0.114119 1.205125
-0.553941 0.108116 1.207850
-0.563456 0.119222 1.206052
-0.563805 0.123310 1.211067
-0.461978 0.048542 1.268031
-0.564834 0.130408 1.222059
-0.464163 0.051681 1.277777
-0.567192 0.135497 1.232112
-0.468074 0.054398 1.288706
-0.570692 0.139298 1.243744
-0.472006 0.056125 1.298598
-0.574347 0.140902 1.252759
-0.479987 0.061143 1.312144
-0.477819 0.059714 1.310185
-0.451265 0.044299 1.308495
-0.446609 0.042009 1.296729
-0.575100 0.138950 1.260870
-0.558699 0.123636 1.271930
-0.575784 0.140958 1.256212
-0.576026 0.140492 1.258911
-0.443653 0.038171 1.284898
-0.442600 0.032336 1.272670
-0.444413 0.024937 1.262450
-0.447970 0.016366 1.252745
-0.465965 0.038497 1.260420
-0.466066 0.039883 1.264132
-0.467235 0.041843 1.269956
-0.453619 0.005603 1.243794
-0.461138 -0.005637 1.237131
-0.469781 0.040353 1.255618
-0.475604 0.044667 1.252425
-0.565635 0.117379 1.209321
-0.566660 0.120859 1.214015
-0.556295 0.106552 1.210958
-0.562355 0.112290 1.208331
-0.469794 0.044108 1.279286
-0.568946 0.125657 1.223260
-0.473434 0.047565 1.290230
-0.571689 0.130288 1.233512
-0.476982 0.051409 1.300273
-0.574942 0.134369 1.244907
-0.480630 0.055949 1.309989
-0.482761 0.057992 1.311799
-0.577436 0.136686 1.252748
-0.470158 -0.016227 1.232959
-0.479353 -0.026896 1.231274
-0.470158 -0.016227 1.232959
-0.561297 0.120527 1.269741
-0.576775 0.134842 1.260143
-0.578168 0.136267 1.257644
-0.578115 0.137090 1.254799
-0.481951 0.038989 1.354270
-0.529862 -0.061627 1.338146
-0.533205 -0.068114 1.330283
-0.543331 -0.070272 1.303447
-0.536032 -0.070679 1.322196
-0.545341 -0.069498 1.293430
-0.542314 -0.069597 1.280791
-0.535650 -0.067955 1.268343
-0.527559 -0.064719 1.256369
-0.517935 -0.060880 1.246027
-0.508178 -0.056299 1.237436
-0.497955 -0.048575 1.231547
-0.488155 -0.038197 1.229030
-0.494281 0.066349 1.322964
-0.479400 0.054914 1.330621
-0.466962 0.045112 1.336463
-0.481289 0.061573 1.334701
-0.495039 0.072598 1.327530
-0.570344 0.125136 1.295499
-0.566845 0.125576 1.293362
-0.573111 0.124581 1.292493
-0.507044 0.067731 1.341271
-0.536978 0.091344 1.323267
-0.575506 0.122048 1.296197
-0.575287 0.118150 1.299408
-0.572647 0.123038 1.298155
-0.572695 0.119587 1.301240
-0.482055 0.043482 1.353909
-0.481964 0.046782 1.354723
-0.475156 0.050084 1.348466
-0.493428 0.056646 1.349068
-0.469784 0.051681 1.340110
-0.468896 0.048746 1.338532
-0.603188 0.156931 1.258765
-0.596635 0.157790 1.250441
-0.611323 0.155439 1.265239
-0.621685 0.154169 1.269532
-0.634486 0.153878 1.270935
-0.657662 0.154273 1.266135
-0.662528 0.152053 1.265052
-0.673818 0.138951 1.261018
-0.666058 0.149101 1.263857
-0.680174 0.129535 1.257119
-0.685887 0.120334 1.252355
-0.690670 0.111687 1.246962
-0.694334 0.103871 1.241147
-0.696788 0.097094 1.235073
-0.685071 0.079668 1.226069
-0.691627 0.090119 1.231727
-0.673577 0.070037 1.221574
-0.662800 0.063455 1.215045
-0.656148 0.062648 1.206687
-0.649488 0.063852 1.198420
-0.642354 0.066426 1.190990
-0.634976 0.070170 1.184744
-0.627445 0.074927 1.179525
-0.618394 0.083354 1.177029
-0.610137 0.092999 1.177521
-0.602679 0.103223 1.180115
-0.596605 0.112222 1.183188
-0.602679 0.103223 1.180115
-0.591642 0.121137 1.187927
-0.587402 0.130473 1.194598
-0.583402 0.141362 1.203901
-0.583377 0.147158 1.212411
-0.585452 0.151811 1.221949
-0.588152 0.155232 1.231553
-0.591442 0.157473 1.241150
-0.695549 0.103405 1.230852
-0.608639 0.106623 1.183642
-0.608639 0.106623 1.183642
-0.619551 0.152839 1.255113
-0.615012 0.150365 1.248471
-0.621355 0.150197 1.252796
-0.613007 0.153440 1.250200
-0.627649 0.153019 1.257907
-0.629019 0.150832 1.254932
-0.639083 0.155012 1.258161
-0.640523 0.153612 1.254537
-0.657877 0.157303 1.254441
-0.657320 0.155911 1.251048
-0.663225 0.155930 1.253062
-0.665306 0.151784 1.248627
-0.667120 0.152618 1.251796
-0.661855 0.154571 1.249626
-0.671050 0.143881 1.245826
-0.673457 0.144072 1.248859
-0.676783 0.135426 1.242128
-0.679279 0.135424 1.245159
-0.682036 0.126791 1.237557
-0.684628 0.126736 1.240592
-0.685691 0.120150 1.233431
-0.688619 0.119462 1.236091
-0.688883 0.113596 1.228927
-0.691840 0.112584 1.231199
-0.689216 0.108102 1.225383
-0.692294 0.106371 1.227122
-0.681387 0.095814 1.220578
-0.689085 0.100656 1.224249
-0.686629 0.103615 1.223322
-0.682765 0.092115 1.221085
-0.670857 0.086620 1.218123
-0.672055 0.082755 1.218063
-0.660774 0.080197 1.214942
-0.662217 0.076743 1.213932
-0.654219 0.078958 1.209500
-0.649440 0.079541 1.203455
-0.643532 0.081679 1.197394
-0.638416 0.083908 1.192358
-0.632817 0.087955 1.188977
-0.626853 0.093868 1.187775
-0.620420 0.101219 1.187925
-0.614525 0.108969 1.189500
-0.612703 0.108623 1.186420
-0.614525 0.108969 1.189500
-0.609358 0.116603 1.192213
-0.612703 0.108623 1.186420
-0.602943 0.124489 1.193520
-0.605160 0.124086 1.196304
-0.599050 0.132832 1.199196
-0.601275 0.132199 1.201604
-0.596056 0.141489 1.206726
-0.598878 0.139876 1.208567
-0.595873 0.146242 1.213238
-0.598601 0.144461 1.214475
-0.599308 0.147263 1.219670
-0.596783 0.149608 1.219638
-0.601980 0.149489 1.227520
-0.604818 0.151038 1.234562
-0.607130 0.154074 1.243513
-0.609211 0.151206 1.242192
-0.601501 -0.009945 1.270129
-0.526227 0.033896 1.211835
-0.526227 0.033896 1.211835
-0.503971 0.070619 1.233067
-0.484571 0.064892 1.311638
-0.489290 0.068927 1.308975
-0.490925 0.064716 1.308877
-0.486744 0.061375 1.311224
-0.526460 0.091598 1.305633
-0.525411 0.096266 1.311387
-0.465064 0.029625 1.335243
-0.459443 0.040931 1.329614
-0.464356 0.040398 1.337345
-0.460671 0.030108 1.328339
-0.454905 0.040536 1.321600
-0.478811 0.034530 1.354489
-0.486936 0.028062 1.361950
-0.495363 0.016532 1.365755
-0.501148 0.004560 1.364848
-0.506816 -0.008840 1.362538
-0.512241 -0.023171 1.358741
-0.517446 -0.037593 1.352870
-0.522004 -0.051069 1.345638
-0.525266 -0.063055 1.338292
-0.527865 -0.069399 1.329458
-0.470201 0.028503 1.343302
-0.476711 0.025455 1.350003
-0.470840 0.038082 1.346629
-0.539284 -0.071124 1.302793
-0.531715 -0.071454 1.320995
-0.540575 -0.070352 1.294096
-0.537396 -0.069499 1.282379
-0.451496 0.028930 1.310964
-0.444594 0.037351 1.298642
-0.449153 0.039432 1.310153
-0.447609 0.026951 1.300172
-0.531630 -0.068467 1.270872
-0.441770 0.033838 1.287049
-0.445621 0.023834 1.289246
-0.523776 -0.065295 1.259224
-0.441122 0.028394 1.275112
-0.445965 0.019768 1.279126
-0.514416 -0.061590 1.249177
-0.447816 0.015078 1.271088
-0.443682 0.021252 1.265116
-0.504968 -0.057263 1.240874
-0.446880 0.012447 1.255224
-0.451006 0.007155 1.262686
-0.495093 -0.049937 1.235231
-0.455983 -0.001666 1.255123
-0.452289 0.002474 1.246680
-0.485611 -0.040034 1.232845
-0.462586 -0.010829 1.249680
-0.459530 -0.008020 1.240435
-0.477028 -0.029137 1.235120
-0.470405 -0.019897 1.247014
-0.468117 -0.018683 1.236735
-0.468117 -0.018683 1.236735
-0.478824 -0.029228 1.245441
-0.470405 -0.019897 1.247014
-0.486057 -0.038824 1.243729
-0.494078 -0.046238 1.245486
-0.502400 -0.051698 1.250029
-0.510875 -0.054728 1.256654
-0.518854 -0.057845 1.265427
-0.525168 -0.061478 1.275645
-0.530469 -0.062795 1.285672
-0.532341 -0.064256 1.293266
-0.531133 -0.065211 1.299569
-0.523830 -0.066766 1.316974
-0.516867 -0.059481 1.332420
-0.521007 -0.067381 1.323999
-0.513358 -0.049062 1.339498
-0.509088 -0.036641 1.346302
-0.504274 -0.023009 1.351721
-0.499252 -0.009748 1.355175
-0.494221 0.002218 1.357266
-0.489410 0.011927 1.358333
-0.482906 0.020799 1.355621
-0.456556 0.029980 1.321274
-0.518897 0.092129 1.293512
-0.521454 0.088854 1.291853
-0.507838 0.068976 1.236619
-0.562155 0.116492 1.204814
-0.564368 0.114633 1.208312
-0.476127 0.058656 1.307226
-0.479072 0.054279 1.307144
-0.603415 0.002211 1.291427
-0.562451 0.124478 1.292785
-0.563880 0.123366 1.289404
-0.467343 0.038705 1.257907
-0.463358 0.041593 1.254555
-0.565937 0.121624 1.285064
-0.479291 0.038715 1.303667
-0.460671 0.030108 1.328339
-0.487666 0.036170 1.320407
-0.456556 0.029980 1.321274
-0.498368 0.028067 1.333698
-0.482906 0.020799 1.355621
-0.509951 0.015501 1.341746
-0.476711 0.025455 1.350003
-0.489410 0.011927 1.358333
-0.494221 0.002218 1.357266
-0.520850 0.000168 1.343463
-0.499252 -0.009748 1.355175
-0.504274 -0.023009 1.351721
-0.529595 -0.015860 1.338618
-0.509088 -0.036641 1.346302
-0.535003 -0.030419 1.327865
-0.513358 -0.049062 1.339498
-0.516867 -0.059481 1.332420
-0.536344 -0.041543 1.312656
-0.521007 -0.067381 1.323999
-0.523830 -0.066766 1.316974
-0.531133 -0.065211 1.299569
-0.532341 -0.064256 1.293266
-0.533437 -0.047729 1.295045
-0.530469 -0.062795 1.285672
-0.526675 -0.048141 1.277412
-0.525168 -0.061478 1.275645
-0.518854 -0.057845 1.265427
-0.516971 -0.042725 1.262136
-0.510875 -0.054728 1.256654
-0.502400 -0.051698 1.250029
-0.505636 -0.032212 1.251282
-0.494078 -0.046238 1.245486
-0.486057 -0.038824 1.243729
-0.494200 -0.018020 1.246315
-0.478824 -0.029228 1.245441
-0.470405 -0.019897 1.247014
-0.484208 -0.002068 1.247906
-0.470405 -0.019897 1.247014
-0.462586 -0.010829 1.249680
-0.484208 -0.002068 1.247906
-0.455983 -0.001666 1.255123
-0.477009 0.013490 1.255841
-0.451006 0.007155 1.262686
-0.447816 0.015078 1.271088
-0.473576 0.026554 1.269046
-0.445965 0.019768 1.279126
-0.474373 0.035359 1.285740
-0.445621 0.023834 1.289246
-0.447609 0.026951 1.300172
-0.451496 0.028930 1.310964
-0.470201 0.028503 1.343302
-0.465064 0.029625 1.335243
-0.479291 0.038715 1.303667
-0.487666 0.036170 1.320407
-0.498368 0.028067 1.333698
-0.509951 0.015501 1.341746
-0.520850 0.000168 1.343463
-0.529595 -0.015860 1.338618
-0.535003 -0.030419 1.327865
-0.536344 -0.041543 1.312656
-0.533437 -0.047729 1.295045
-0.526675 -0.048141 1.277412
-0.516971 -0.042725 1.262136
-0.505636 -0.032212 1.251282
-0.494200 -0.018020 1.246315
-0.484208 -0.002068 1.247906
-0.477009 0.013490 1.255841
-0.473576 0.026554 1.269046
-0.474373 0.035359 1.285740
-0.614619 0.130783 1.260833
-0.615012 0.150365 1.248471
-0.606196 0.133847 1.249955
-0.621355 0.150197 1.252796
-0.624507 0.123955 1.267991
-0.629019 0.150832 1.254932
-0.640523 0.153612 1.254537
-0.657320 0.155911 1.251048
-0.634356 0.114402 1.270340
-0.661855 0.154571 1.249626
-0.671050 0.143881 1.245826
-0.665306 0.151784 1.248627
-0.642665 0.103580 1.267522
-0.676783 0.135426 1.242128
-0.682036 0.126791 1.237557
-0.648170 0.093134 1.259966
-0.685691 0.120150 1.233431
-0.688883 0.113596 1.228927
-0.650034 0.084656 1.248822
-0.689216 0.108102 1.225383
-0.686629 0.103615 1.223322
-0.670857 0.086620 1.218123
-0.681387 0.095814 1.220578
-0.647971 0.079437 1.235788
-0.660774 0.080197 1.214942
-0.642297 0.078270 1.222846
-0.654219 0.078958 1.209500
-0.633874 0.081335 1.211968
-0.649440 0.079541 1.203455
-0.643532 0.081679 1.197394
-0.638416 0.083908 1.192358
-0.623986 0.088163 1.204811
-0.632817 0.087955 1.188977
-0.626853 0.093868 1.187775
-0.614137 0.097715 1.202462
-0.620420 0.101219 1.187925
-0.605828 0.108539 1.205280
-0.614525 0.108969 1.189500
-0.609358 0.116603 1.192213
-0.605160 0.124086 1.196304
-0.609358 0.116603 1.192213
-0.605828 0.108539 1.205280
-0.600323 0.118984 1.212836
-0.601275 0.132199 1.201604
-0.598878 0.139876 1.208567
-0.598459 0.127462 1.223980
-0.598601 0.144461 1.214475
-0.599308 0.147263 1.219670
-0.601980 0.149489 1.227520
-0.600522 0.132681 1.237014
-0.604818 0.151038 1.234562
-0.609211 0.151206 1.242192
-0.614619 0.130783 1.260833
-0.606196 0.133847 1.249955
-0.624507 0.123955 1.267991
-0.634356 0.114402 1.270340
-0.642665 0.103580 1.267522
-0.648170 0.093134 1.259966
-0.650034 0.084656 1.248822
-0.642297 0.078270 1.222846
-0.647971 0.079437 1.235788
-0.633874 0.081335 1.211968
-0.623986 0.088163 1.204811
-0.614137 0.097715 1.202462
-0.605828 0.108539 1.205280
-0.600323 0.118984 1.212836
-0.598459 0.127462 1.223980
-0.600522 0.132681 1.237014
-0.500995 0.073412 1.241378
-0.554690 0.117201 1.211330
-0.502967 0.071135 1.241583
-0.556662 0.114924 1.211534
-0.480096 0.061372 1.308605
-0.479156 0.060800 1.311296
-0.478129 0.059767 1.309707
-0.480759 0.062156 1.310932
-0.480770 0.055029 1.310550
-0.478059 0.058161 1.310268
-0.482404 0.056617 1.312460
-0.479693 0.059748 1.312176
-0.481860 0.061619 1.312116
-0.484571 0.058488 1.312399
-0.465880 0.044567 1.258716
-0.466448 0.045239 1.260711
-0.464483 0.043473 1.259994
-0.464480 0.043634 1.261812
-0.464749 0.042085 1.259742
-0.467464 0.038954 1.260026
-0.466352 0.043288 1.257696
-0.469065 0.040156 1.257978
-0.464410 0.042028 1.262373
-0.467123 0.038896 1.262655
-0.482069 0.059095 1.308810
-0.468420 0.042962 1.260916
-0.570310 0.131057 1.259429
-0.516615 0.087268 1.289477
-0.568338 0.133334 1.259224
-0.570789 0.135333 1.257852
-0.570782 0.135514 1.259932
-0.569001 0.134118 1.261551
-0.574898 0.132046 1.260700
-0.572185 0.135177 1.260417
-0.575145 0.131992 1.257738
-0.572431 0.135123 1.257455
-0.572815 0.130450 1.263017
-0.570101 0.133581 1.262735
-0.556246 0.118314 1.208732
-0.557141 0.119200 1.209957
-0.554122 0.116529 1.209335
-0.557244 0.117515 1.207983
-0.561496 0.115858 1.209843
-0.558783 0.118990 1.209560
-0.559956 0.114383 1.208266
-0.554594 0.115250 1.208314
-0.557306 0.112118 1.208597
-0.498618 0.071265 1.240395
-0.499090 0.069986 1.239375
-0.514643 0.089545 1.289273
-0.513497 0.088854 1.292611
-0.514597 0.088317 1.293795
-0.517310 0.085186 1.294078
-0.501802 0.066854 1.239658
-0.511025 0.086594 1.291297
-0.512997 0.084317 1.291502
-0.499349 0.068184 1.243608
-0.497377 0.070461 1.243403
-0.554584 0.116746 1.214293
-0.566750 0.131412 1.257988
-0.503036 0.075045 1.243409
-0.515202 0.089711 1.287103
-0.515808 0.087676 1.289429
-0.569722 0.131341 1.258960
-0.515808 0.087676 1.289429
-0.502776 0.072010 1.242712
-0.556690 0.115674 1.212243
-0.502776 0.072010 1.242712
-0.569722 0.131341 1.258960
0 1
21 22
53 55
54 75
56 96
56 97
2 76
2 77
55 96
75 115
1 76
21 95
57 97
57 98
3 77
3 78
0 23
22 24
51 53
59 99
59 100
5 79
5 80
58 98
58 99
4 78
4 79
33 35
34 36
39 41
25 27
26 28
47 49
48 50
60 100
6 80
27 29
45 47
46 48
10 84
10 85
64 104
64 105
61 101
61 102
7 81
7 82
11 85
11 86
63 103
63 104
9 83
9 84
65 105
65 106
62 102
62 103
8 82
8 83
31 33
32 34
41 43
42 44
12 86
66 106
14 88
14 89
68 108
68 109
15 89
15 90
69 109
69 110
13 87
13 88
67 107
67 108
23 25
24 26
49 51
50 52
29 31
30 32
43 45
44 46
19 93
19 94
73 113
73 114
16 90
16 91
70 110
70 111
17 91
17 92
71 111
71 112
18 92
72 112
74 114
74 115
20 94
20 95
37 39
38 40
35 37
36 38
591 607
600 603
595 602
592 606
586 605
601 608
621 622
617 618
583 604
555 556
613 615
614 616
133 325
136 326
143 327
175 406
129 324
126 128
128 411
189 405
159 404
118 122
332 416
589 597
558 581
584 594
564 577
555 604
563 578
590 598
561 572
556 583
609 612
579 580
559 570
610 611
557 582
619 620
215 219
333 412
613 614
615 616
123 411
125 324
568 607
567 606
575 603
562 605
569 602
576 608
206 332
120 122
570 612
579 610
580 611
559 609
172 406
330 405
141 327
214 215
210 333
130 325
134 326
329 404
127 129
124 125
158 159
230 231
189 190
453 454
455 457
130 131
134 135
132 251
137 253
206 207
196 197
352 353
270 272
214 223
209 210
392 393
437 438
435 440
477 478
430 432
475 476
457 459
483 484
423 427
442 445
479 480
448 451
481 482
445 448
480 481
462 464
417 464
470 486
421 423
472 473
432 435
476 477
419 421
471 472
417 419
470 471
451 454
482 483
427 430
474 475
484 485
440 442
478 479
271 273
493 494
121 193
207 208
132 133
136 137
344 345
221 223
209 224
345 346
343 344
523 525
527 528
135 186
240 242
397 398
429 431
165 169
169 170
255 256
200 201
396 397
431 433
340 341
342 343
201 202
398 399
428 429
170 186
204 205
346 347
360 363
363 366
242 243
370 374
374 377
290 294
508 509
505 510
545 547
532 536
553 554
187 188
377 380
510 512
546 547
489 536
540 554
529 532
552 553
502 505
544 545
203 204
487 489
539 540
512 514
499 502
543 544
528 529
551 552
514 518
548 549
487 491
539 541
550 551
495 499
542 543
491 495
541 542
518 521
549 550
372 375
378 381
202 203
368 370
162 163
240 241
369 372
164 165
341 342
366 369
399 400
426 428
361 364
145 147
233 234
394 396
433 434
198 199
250 251
355 360
229 230
156 157
338 358
157 162
149 151
249 250
382 383
452 453
371 373
458 460
248 249
357 358
364 368
443 444
373 376
456 458
180 182
357 361
294 296
376 379
455 456
394 395
387 388
444 446
295 297
254 255
354 355
382 384
450 452
233 235
367 371
460 461
148 150
312 314
492 493
339 351
356 359
466 467
268 270
178 180
336 351
359 362
465 466
356 403
420 467
389 390
441 443
401 402
179 181
228 229
252 253
236 237
252 254
347 348
281 283
386 387
280 282
500 501
291 293
384 385
449 450
279 281
276 279
385 386
447 449
463 465
425 426
278 280
497 500
310 312
257 258
150 152
194 195
243 244
244 245
174 178
227 260
313 315
530 531
226 227
245 246
379 380
381 383
226 228
146 148
311 313
526 530
237 238
259 260
246 247
256 257
196 198
275 278
168 177
152 409
304 305
522 524
151 153
349 350
424 468
221 222
290 292
507 509
303 304
520 522
334 349
468 469
307 308
524 525
422 424
348 353
308 311
526 527
365 367
461 463
283 285
238 239
239 241
335 338
335 336
142 143
285 287
195 197
267 322
352 354
321 323
537 538
175 176
299 300
515 516
501 503
511 513
265 323
488 538
318 320
284 286
503 504
264 268
182 185
302 303
519 520
140 141
264 267
334 337
418 469
337 403
418 420
314 316
266 269
490 492
390 391
439 441
171 172
138 146
320 321
535 537
181 410
298 299
513 515
251 262
253 263
239 261
301 302
517 519
265 266
488 490
393 395
436 437
300 301
516 517
315 317
531 533
287 289
316 319
286 288
504 506
391 392
438 439
144 145
117 416
116 119
414 415
317 318
533 534
154 328
173 174
330 331
261 289
272 274
288 292
506 507
116 213
231 232
118 119
262 306
263 309
274 276
184 331
116 117
413 416
186 380
188 381
273 277
494 496
161 191
138 139
232 234
118 217
218 219
208 225
212 412
275 277
496 498
193 220
144 173
154 184
573 574
577 578
587 588
596 599
565 566
211 218
166 167
140 415
412 413
153 160
171 414
183 410
216 218
305 306
307 309
155 409
596 600
599 601
587 591
217 219
183 184
224 225
220 221
144 407
154 155
190 191
173 408
616 617
616 619
613 621
614 618
614 623
615 620
615 622
176 408
142 407
139 415
559 579
611 612
582 604
570 580
609 610
581 583
555 557
556 558
588 590
587 589
563 565
191 192
166 414
573 575
565 568
574 576
566 567
593 595
585 586
160 161
158 161
573 577
574 578
597 599
596 598
185 192
569 571
560 561
560 562
584 585
571 572
593 594
585 588
593 596
560 566
