4245137813673162624 1184 600
0.325563 0.204090 1.612860
-0.302585 0.204090 1.612860
-0.302585 0.204090 1.612860
-0.302585 0.204090 1.140383
-0.302585 -0.262838 1.140383
0.325563 -0.262838 1.140383
-0.302585 -0.262838 1.140383
-0.302585 0.204090 1.140383
-0.070831 0.141877 1.540910
-0.057445 0.145440 1.539352
-0.130897 0.106107 1.554561
-0.142332 0.096297 1.557598
-0.126379 0.098060 1.558650
-0.059148 0.136733 1.542221
-0.132897 0.089931 1.561513
-0.157975 0.067934 1.565648
-0.165548 0.049109 1.572444
-0.171409 0.011786 1.582480
-0.169898 0.011539 1.582695
-0.153946 0.010345 1.583782
-0.186351 0.007007 1.578046
0.000140 -0.196582 1.594868
-0.025709 -0.194811 1.594494
-0.070224 -0.186230 1.592165
-0.089001 -0.178228 1.591735
-0.133056 -0.140396 1.592903
-0.143382 -0.125411 1.593446
-0.145618 -0.081563 1.600350
-0.020193 -0.179313 1.612388
-0.194323 -0.046892 1.599332
0.057445 0.145440 1.539352
0.130484 0.106097 1.555745
0.156775 0.068734 1.564782
0.045753 0.148313 1.537802
0.137866 0.061586 1.570458
0.164830 0.048290 1.573019
0.158653 0.067133 1.565161
0.153787 0.010022 1.583810
0.088949 -0.177533 1.591273
0.108240 -0.165552 1.591665
0.143382 -0.125411 1.593446
0.153155 -0.107733 1.593233
0.119954 -0.130218 1.606016
0.109211 -0.141775 1.607312
0.004897 -0.180481 1.612639
-0.069005 0.133740 1.545515
-0.069057 0.132899 1.543909
-0.059130 0.136993 1.543976
-0.069005 0.133740 1.545515
-0.064801 0.126658 1.557796
-0.118213 0.093298 1.563338
-0.132897 0.089931 1.561513
-0.132815 0.090103 1.562636
-0.123931 0.087386 1.575136
-0.055183 0.130128 1.555698
-0.059130 0.136993 1.543976
-0.059148 0.136733 1.542221
-0.141158 0.057903 1.606382
-0.051786 0.131969 1.584427
-0.058685 0.129087 1.587312
-0.084280 0.115814 1.596894
-0.094395 0.109767 1.600098
-0.123536 0.085673 1.607479
-0.132627 0.071980 1.611068
-0.036943 0.123262 1.578659
-0.031542 0.123670 1.564138
-0.098774 0.095365 1.604723
-0.089530 0.101178 1.601688
-0.137866 0.061586 1.570458
-0.143643 -0.082690 1.668374
-0.154035 0.013334 1.601960
-0.154804 0.015674 1.642218
-0.146505 0.042288 1.576612
-0.146908 0.044202 1.610195
-0.149283 0.037980 1.620050
-0.147141 -0.054069 1.662157
-0.154762 0.010077 1.596082
-0.154762 0.010077 1.596082
-0.185516 0.008282 1.581277
-0.153155 0.007257 1.600464
-0.151841 -0.006056 1.606851
-0.190758 0.005241 1.579373
-0.192133 -0.011483 1.585333
-0.168525 -0.040130 1.621702
-0.169106 -0.027781 1.615672
-0.160668 0.007862 1.582772
-0.187697 0.007937 1.578450
-0.184498 0.007353 1.580725
-0.152725 0.008724 1.596716
-0.152725 0.008724 1.596716
-0.150022 -0.062917 1.632947
-0.149327 -0.042546 1.623850
-0.150039 -0.028565 1.617332
-0.156273 -0.021494 1.642004
-0.155114 -0.037074 1.645585
-0.151085 -0.018461 1.654015
-0.145230 -0.016147 1.653205
-0.195288 -0.064191 1.605654
-0.189338 -0.064040 1.612028
-0.167835 -0.063160 1.623141
-0.197013 -0.070355 1.571670
-0.165682 -0.055758 1.615071
-0.150022 -0.062917 1.632947
-0.146054 -0.064439 1.625456
-0.114955 -0.129854 1.681125
-0.127026 -0.122133 1.664542
-0.111209 -0.133953 1.679538
-0.137281 0.010266 1.645627
-0.136793 0.014744 1.643323
-0.130659 0.036490 1.620189
-0.095898 0.089363 1.603312
-0.087736 0.095064 1.600708
-0.069110 0.104074 1.595200
-0.061270 0.106987 1.592870
-0.040761 0.115032 1.585832
-0.037112 0.116281 1.583757
-0.026490 0.123239 1.544582
-0.082688 -0.154584 1.654906
0.022917 -0.177825 1.655011
0.023613 -0.176145 1.655877
0.024640 -0.172027 1.656733
0.013734 -0.173087 1.657613
-0.024707 -0.177899 1.655972
-0.043462 -0.174388 1.655209
-0.077512 -0.163682 1.610034
-0.095301 -0.153955 1.608771
-0.041525 -0.174906 1.612244
-0.020193 -0.179313 1.612388
-0.134388 -0.109710 1.661679
-0.126330 -0.105136 1.623043
-0.137787 -0.101253 1.602826
-0.145618 -0.081563 1.600350
-0.128845 -0.090014 1.621226
-0.129979 -0.070923 1.618037
-0.144242 -0.056293 1.616722
-0.171731 -0.059903 1.586004
-0.148898 -0.069612 1.598606
-0.160878 -0.059629 1.592594
-0.169148 -0.060233 1.585212
0.039844 -0.171967 1.610422
0.042695 -0.170899 1.602066
0.044711 -0.167521 1.602231
-0.100927 -0.126266 1.678477
-0.093556 -0.132144 1.671475
-0.021637 -0.160509 1.658355
-0.002139 -0.162103 1.658842
0.033675 -0.152911 1.600688
0.004739 -0.156485 1.600968
-0.077957 -0.142684 1.655245
-0.126762 -0.066600 1.619219
-0.128979 -0.068144 1.593411
-0.135040 -0.061277 1.593124
0.045753 0.148313 1.537802
0.042997 0.149525 1.538197
-0.042272 0.153159 1.533030
-0.021983 0.154575 1.529741
-0.042944 0.152295 1.530679
0.019152 0.147785 1.539394
-0.001086 0.148361 1.538960
-0.034829 0.133589 1.541488
-0.037355 0.141933 1.540017
0.171299 0.011705 1.582440
0.170293 0.007808 1.579811
0.144703 0.009876 1.597146
0.187351 0.006884 1.574035
0.186351 0.007007 1.578046
0.193884 -0.015631 1.572044
0.192574 0.003847 1.571150
0.196268 -0.054543 1.572080
0.197013 -0.070355 1.571670
0.143864 0.006632 1.601073
0.167472 0.010273 1.595330
0.152329 0.009988 1.596617
0.170421 0.008930 1.593764
0.167596 0.009155 1.595662
0.150568 -0.001924 1.604919
0.143111 -0.002845 1.605453
0.191756 -0.007914 1.584267
0.169067 -0.002169 1.603841
0.169106 -0.027781 1.615672
0.145370 0.009478 1.597873
0.143357 0.007631 1.598528
0.190758 0.005241 1.579373
0.152151 0.007020 1.600699
0.139967 -0.046046 1.625633
0.138531 -0.063595 1.633375
0.138531 -0.063595 1.633375
0.166820 -0.063116 1.623747
0.185700 -0.064880 1.602066
0.197013 -0.070355 1.571670
0.195288 -0.064191 1.605654
0.188849 -0.065402 1.598736
0.185700 -0.064880 1.602066
0.184768 -0.061523 1.577773
0.183257 -0.057761 1.596178
0.170966 -0.070096 1.586889
0.166607 -0.079909 1.589712
0.142419 -0.002910 1.604452
0.137746 -0.063161 1.632608
0.139123 -0.044693 1.623811
0.136803 -0.063951 1.633609
0.139328 -0.064725 1.625621
0.140153 -0.030229 1.617074
0.138246 -0.045123 1.625176
0.136803 -0.063951 1.633609
0.122314 -0.072261 1.592738
0.126202 -0.048265 1.587869
0.137492 0.006079 1.579200
0.127925 0.020058 1.573522
-0.020392 0.117801 1.546779
0.132150 0.000923 1.579024
0.122648 0.035445 1.568512
0.117381 0.045631 1.564730
0.052959 0.101741 1.543631
0.040499 0.105736 1.542196
-0.020336 0.110507 1.541289
-0.050331 0.104841 1.544191
-0.040761 0.115032 1.585832
-0.051405 0.111432 1.589905
-0.104880 0.081466 1.606439
-0.110780 0.073783 1.609481
-0.131921 0.021535 1.573738
-0.119723 0.058936 1.562515
-0.126948 0.038488 1.568372
-0.084341 0.090476 1.549288
-0.069568 0.098428 1.546915
0.064372 0.097572 1.545685
0.052959 0.101741 1.543631
0.021921 0.093648 1.503619
0.071538 0.079294 1.509946
0.117381 0.045631 1.564730
0.122648 0.035445 1.568512
0.137746 -0.063161 1.632608
0.140234 -0.063530 1.625831
0.122314 -0.072261 1.592738
0.126510 -0.070970 1.593242
0.062278 -0.169013 1.611123
0.080038 -0.161681 1.610005
0.046432 -0.163966 1.600173
0.094618 -0.122020 1.596160
0.099933 -0.115488 1.595240
0.160908 -0.092054 1.591294
0.148898 -0.069612 1.598606
0.115209 -0.061312 1.554054
0.104843 -0.088708 1.556679
0.056862 -0.145595 1.598420
0.068971 -0.140701 1.598230
-0.061696 -0.145954 1.599593
-0.047843 -0.150848 1.600342
-0.121010 -0.008100 1.543539
-0.116835 -0.049974 1.549257
-0.126795 -0.031955 1.621130
-0.125347 -0.054059 1.630302
-0.092652 -0.123092 1.596063
-0.095762 -0.128148 1.600464
-0.080710 -0.141250 1.656967
-0.100927 -0.126266 1.678477
-0.124670 -0.081033 1.640801
-0.134190 -0.032980 1.625181
-0.131911 -0.053690 1.633447
-0.135283 -0.012337 1.615842
-0.133755 0.009574 1.577166
-0.127993 0.006649 1.576866
-0.133755 0.009574 1.577166
0.101725 0.046203 1.521229
-0.035277 0.096249 1.506767
-0.101260 0.059012 1.521250
0.071538 0.079294 1.509946
-0.071835 0.084325 1.512111
-0.102622 -0.141042 1.671279
-0.122718 -0.118213 1.677874
-0.144803 -0.083273 1.667892
-0.111209 -0.133953 1.679538
-0.107856 -0.128302 1.681985
-0.112644 -0.132232 1.680978
-0.093556 -0.132144 1.671475
-0.075291 0.121816 1.592609
-0.085523 0.116773 1.595221
-0.123536 0.085673 1.607479
-0.132627 0.071980 1.611068
-0.168987 0.115530 1.490725
-0.158427 0.131246 1.474667
-0.151155 0.119991 1.506395
-0.121256 0.165517 1.453172
-0.114926 0.173850 1.442156
-0.129977 0.173853 1.398175
-0.150199 0.147699 1.449175
-0.164176 0.129432 1.469555
-0.136948 0.163089 1.431122
-0.134436 0.171102 1.401055
-0.143643 0.155588 1.440097
-0.070524 0.199365 1.423381
-0.073903 0.209091 1.403797
-0.073795 0.215320 1.378283
-0.071459 0.190535 1.413900
-0.074064 0.199706 1.418264
-0.074215 0.204780 1.402169
-0.074374 0.202099 1.410833
-0.061766 0.196348 1.420161
-0.000000 0.198029 1.422699
-0.071722 0.181366 1.403791
-0.071459 0.190535 1.413900
-0.071722 0.181366 1.403791
-0.019905 0.189159 1.428176
-0.072583 0.185146 1.397312
-0.000000 0.176473 1.417169
-0.026963 0.176564 1.417074
-0.072615 0.190917 1.385916
-0.062889 0.184284 1.407351
-0.044829 0.211088 1.343465
-0.021545 0.211356 1.342680
-0.067425 0.210850 1.345075
-0.149363 0.159464 1.409567
-0.130094 0.173437 1.392054
-0.134573 0.170065 1.399957
-0.130114 0.173151 1.396679
-0.134746 0.171363 1.389626
-0.147993 0.162319 1.397348
-0.134474 0.173965 1.382347
-0.114062 0.187218 1.367668
-0.133202 0.172956 1.382299
-0.077472 0.203686 1.342152
-0.066473 0.207079 1.342727
-0.044170 0.208308 1.341754
-0.021635 0.207672 1.334156
-0.000000 0.207869 1.333893
-0.000000 0.193883 1.233503
-0.000000 0.191089 1.213925
-0.084171 0.207701 1.390715
-0.104960 0.192074 1.358563
-0.135147 0.156911 1.308935
-0.096678 0.168561 1.219117
-0.019788 0.186870 1.200333
-0.035523 0.188364 1.206871
-0.053944 0.187509 1.206922
-0.077543 0.180168 1.209070
-0.035491 0.186468 1.200499
-0.096678 0.168561 1.219117
-0.102943 0.165414 1.229014
-0.137974 0.136946 1.291911
-0.040114 0.188744 1.428642
-0.040736 0.196638 1.419865
-0.056555 0.196455 1.420067
-0.061847 0.182513 1.423562
-0.060967 0.188479 1.429044
-0.058951 0.176800 1.417630
-0.062497 0.177039 1.417746
-0.187801 0.121229 1.429124
-0.209569 0.080423 1.467312
-0.198155 0.101157 1.453742
-0.140013 0.158427 1.428917
-0.150851 0.144987 1.446497
-0.164751 0.127244 1.466627
-0.194837 0.079420 1.510249
-0.152361 0.145373 1.445115
-0.146422 0.152802 1.435906
-0.152785 0.156659 1.413642
-0.157633 0.155204 1.420276
-0.154161 0.157361 1.413188
-0.166251 0.127742 1.464817
-0.152361 0.145373 1.445115
-0.168958 0.141810 1.432136
-0.180943 0.127025 1.444522
-0.204014 0.055423 1.528203
-0.210354 0.035653 1.539658
-0.207649 0.004186 1.557219
-0.158029 0.069719 1.563403
-0.158653 0.067133 1.565161
-0.186146 0.007962 1.574615
-0.187351 0.006884 1.574035
-0.210134 -0.017250 1.561708
-0.220567 -0.017249 1.553975
-0.220848 -0.032131 1.557396
-0.197248 -0.030644 1.572727
-0.174776 0.136218 1.418796
-0.219962 0.072764 1.461564
-0.169980 0.137681 1.426887
-0.153999 0.155631 1.412358
-0.171575 0.138520 1.425763
-0.182670 0.125494 1.435994
-0.212679 0.082531 1.466370
-0.200233 0.102662 1.452521
-0.181596 0.124689 1.440480
-0.169590 0.139203 1.428940
-0.211745 -0.144008 1.418122
-0.218455 0.027989 1.348539
-0.165298 0.123278 1.317145
-0.205792 0.056022 1.332030
-0.197701 0.073866 1.330281
-0.164375 0.122361 1.316100
-0.177857 0.105577 1.322903
-0.089924 0.196656 1.355409
-0.138796 0.147512 1.293195
-0.102943 0.165414 1.229014
-0.135808 0.153680 1.309470
-0.137325 0.150750 1.301787
-0.139388 0.146006 1.293839
-0.139000 0.148139 1.296474
-0.140088 0.150491 1.312757
-0.139175 0.151527 1.313205
-0.140609 0.135767 1.295447
-0.208315 0.034029 1.327624
-0.198531 0.052242 1.324796
-0.189673 0.067132 1.319167
-0.181435 0.080389 1.315206
-0.164367 0.093816 1.308775
-0.177994 0.078018 1.314452
-0.137974 0.136946 1.291911
-0.101832 0.154299 1.221953
-0.097436 0.156190 1.214195
-0.103271 0.136824 1.226957
-0.124146 0.143696 1.265182
-0.106236 0.137274 1.231739
-0.132240 0.125767 1.281663
-0.137764 0.121059 1.292337
-0.141387 0.116705 1.280440
-0.155553 0.102593 1.286434
-0.167854 0.088978 1.292096
-0.180268 0.072925 1.298760
-0.201735 0.045031 1.313331
-0.210846 0.026199 1.320435
-0.143708 0.119006 1.252743
-0.164556 0.098658 1.263545
-0.165226 0.097162 1.258350
-0.143402 0.118342 1.247408
-0.119404 0.133375 1.256562
-0.116128 0.134005 1.250550
-0.143402 0.118342 1.247408
-0.139332 0.121239 1.246297
-0.188002 0.064307 1.272943
-0.197828 0.045571 1.280909
-0.206326 0.017676 1.292504
-0.210418 0.020070 1.299123
-0.217642 0.000658 1.308883
-0.216992 -0.000314 1.309770
-0.218824 -0.003953 1.305094
-0.209810 0.009704 1.296574
-0.200001 0.030461 1.251746
-0.190652 0.053459 1.242328
-0.156501 0.104162 1.220367
-0.118855 0.131681 1.223604
-0.143133 0.114312 1.207802
-0.156700 0.102693 1.214668
-0.190652 0.053459 1.242328
-0.180352 0.073002 1.233726
-0.216282 -0.031769 1.286530
-0.199568 0.028228 1.246222
-0.169260 0.088198 1.221145
-0.156700 0.102693 1.214668
-0.169495 0.089188 1.226800
-0.149894 0.102535 1.175377
-0.141415 0.111524 1.207527
-0.185539 0.054664 1.183527
-0.194680 0.034515 1.193967
-0.212928 -0.037365 1.279313
-0.210225 -0.020478 1.269991
-0.177411 0.066598 1.168271
-0.186155 0.050516 1.176875
-0.205583 -0.044959 1.241731
-0.201757 -0.063829 1.257599
-0.115789 0.128093 1.216777
-0.139199 0.117258 1.206642
-0.137657 0.119845 1.213320
-0.134109 0.117168 1.207100
-0.137657 0.119845 1.213320
-0.212928 -0.037365 1.279313
-0.201757 -0.063829 1.257599
-0.218824 -0.003953 1.305094
-0.216992 -0.000314 1.309770
-0.211767 0.032923 1.328179
-0.218749 0.023996 1.345582
-0.221378 0.017636 1.357814
-0.221091 0.019822 1.354173
-0.235171 -0.048606 1.341679
-0.235793 -0.067257 1.340668
-0.220134 -0.100089 1.354680
-0.226400 -0.085999 1.347310
-0.222619 0.000333 1.355900
-0.220335 0.008763 1.359971
-0.156355 -0.116229 1.221684
-0.136588 -0.126292 1.218375
-0.199460 -0.066682 1.253414
-0.120393 -0.134653 1.217274
-0.125244 -0.139107 1.238584
-0.125464 -0.154886 1.269966
-0.132335 -0.159717 1.295102
-0.140700 -0.163224 1.321740
-0.161905 -0.163223 1.364712
-0.206245 -0.134235 1.385211
-0.190439 -0.142018 1.374567
-0.220573 0.022694 1.361004
-0.221682 0.039673 1.384050
-0.222756 0.069871 1.455079
-0.219540 0.063438 1.485232
-0.219964 0.068120 1.474887
-0.210294 -0.146304 1.445058
-0.208402 -0.143936 1.472313
-0.214229 -0.095594 1.538336
-0.220172 -0.034554 1.556903
-0.220507 -0.033458 1.553175
-0.216296 0.031296 1.536022
-0.218366 -0.061149 1.551528
-0.216547 -0.077006 1.547217
-0.208790 -0.116883 1.524262
-0.208790 -0.116883 1.524262
-0.176081 -0.134838 1.546948
-0.162009 -0.150783 1.538595
-0.140700 -0.163224 1.321740
-0.044191 -0.197266 1.373052
-0.132335 -0.159717 1.295102
-0.075389 -0.167802 1.263393
-0.037835 -0.197483 1.366127
-0.043597 -0.172472 1.265718
-0.061952 -0.144133 1.251343
-0.084829 -0.149136 1.210609
-0.064502 -0.141302 1.242594
-0.040341 -0.119822 1.197822
-0.000000 -0.117486 1.197676
-0.073347 -0.126607 1.198405
-0.107243 -0.133713 1.200827
-0.100319 -0.133455 1.198953
-0.040341 -0.119822 1.197822
-0.000000 -0.117486 1.197676
-0.000000 -0.201021 1.369501
-0.069903 -0.198651 1.415651
-0.089449 -0.188918 1.506070
-0.072902 -0.201145 1.432542
-0.069143 -0.201275 1.417316
-0.074393 -0.195664 1.533136
-0.039875 -0.203182 1.540508
-0.120511 -0.175030 1.518228
-0.146378 -0.168970 1.550330
-0.194436 -0.105534 1.554658
-0.159323 -0.154610 1.555309
-0.180374 -0.121680 1.563316
-0.120628 -0.171967 1.520384
-0.203515 -0.095689 1.553785
-0.215201 -0.077157 1.555471
-0.189206 -0.103605 1.565576
-0.217487 -0.061301 1.556080
-0.000000 -0.198615 1.592706
-0.127547 -0.151228 1.591937
-0.155155 -0.109314 1.593200
-0.133056 -0.140396 1.592903
-0.143382 -0.125411 1.593446
-0.163597 -0.093207 1.592057
0.000000 -0.231275 1.497825
0.000000 -0.234017 1.478314
0.000000 -0.235686 1.460539
0.000000 -0.236574 1.439489
-0.033734 -0.202944 1.373143
-0.000000 -0.206267 1.541925
-0.031809 -0.203077 1.535151
-0.018697 -0.204916 1.530034
-0.000000 -0.205479 1.530315
-0.000000 -0.204343 1.535415
-0.133606 -0.143504 1.590392
-0.127630 -0.150840 1.589944
-0.195133 -0.031773 1.570079
-0.210687 -0.031666 1.564250
-0.210021 -0.032467 1.561958
-0.215053 0.030641 1.533194
-0.215234 0.032119 1.534660
-0.215053 0.030641 1.533194
-0.217517 0.032034 1.530744
-0.218305 0.030862 1.530040
-0.218409 0.027431 1.532775
-0.219450 -0.060836 1.544124
-0.217157 -0.076442 1.539028
-0.206331 -0.129078 1.510439
-0.213052 -0.137390 1.397448
-0.210899 -0.140805 1.418078
-0.208041 -0.140993 1.444213
-0.207770 -0.139782 1.469799
-0.211706 -0.129590 1.399737
-0.216159 0.034331 1.516991
-0.216625 0.042214 1.506345
-0.221746 0.061517 1.454749
-0.221535 0.056217 1.438023
-0.220573 0.022694 1.361004
-0.221378 0.017636 1.357814
-0.205555 -0.121629 1.389164
-0.211612 -0.114559 1.369667
-0.220134 -0.100089 1.354680
-0.207470 0.031530 1.325911
-0.216237 0.027041 1.346347
-0.203884 -0.047118 1.236870
-0.199460 -0.066682 1.253414
-0.197136 0.008666 1.198496
-0.190382 0.030765 1.186165
-0.168548 0.080186 1.160880
-0.150717 0.100204 1.170687
-0.145875 0.099608 1.176452
-0.138766 0.108755 1.207004
-0.173610 0.064715 1.167089
-0.201375 -0.024465 1.219604
-0.200347 -0.046000 1.235676
-0.196754 -0.065920 1.253473
-0.140402 -0.101101 1.224360
-0.111782 -0.119034 1.216498
-0.000000 -0.103785 1.211735
-0.038713 -0.107491 1.211149
-0.111782 -0.119034 1.216498
-0.140402 -0.101101 1.224360
-0.195259 -0.042924 1.251020
-0.183855 0.033943 1.199577
-0.191186 0.009823 1.213545
-0.195062 -0.022007 1.235291
-0.117538 0.001868 1.251822
-0.116819 0.013093 1.251166
-0.136538 0.110143 1.217022
-0.131149 0.115373 1.219599
-0.097321 0.133460 1.230895
-0.114920 0.125497 1.226065
-0.099367 0.136607 1.220958
-0.093326 0.139340 1.211709
-0.086315 0.144117 1.205588
-0.063179 0.157040 1.166898
-0.082620 0.147668 1.203234
-0.073533 0.173250 1.202036
-0.085429 0.163826 1.204409
-0.034391 0.181131 1.200253
-0.088259 0.173282 1.211552
-0.090015 0.160521 1.206286
-0.034391 0.181131 1.200253
-0.018753 0.181380 1.199773
-0.063179 0.157040 1.166898
-0.064479 0.161099 1.166016
-0.059578 0.162764 1.161727
-0.058385 0.159379 1.162508
-0.000000 0.178507 1.187251
-0.018753 0.181380 1.199773
-0.034269 0.179088 1.198515
-0.018220 0.179463 1.198458
-0.000000 0.175379 1.161499
-0.000000 0.170444 1.156445
-0.018710 0.167262 1.156240
-0.045771 0.164264 1.157695
-0.050046 0.162751 1.158945
-0.058385 0.159379 1.162508
-0.022845 0.103318 1.249617
-0.000000 0.104762 1.249622
-0.152140 0.014490 1.519780
-0.143898 -0.120087 1.489068
-0.127584 0.018448 1.460459
-0.128152 0.010810 1.480317
-0.145593 -0.097201 1.515783
-0.129812 -0.077743 1.401045
-0.128987 -0.090844 1.417103
-0.150841 0.025191 1.513469
-0.161402 -0.090775 1.591643
-0.166607 -0.079909 1.589712
-0.115101 0.182593 1.378931
-0.153999 0.155631 1.412358
-0.213073 0.032935 1.537889
-0.210036 0.034043 1.539550
-0.207489 0.035194 1.540858
-0.208876 0.035415 1.539488
-0.144078 0.144231 1.303409
-0.164375 0.122361 1.316100
-0.071053 -0.229713 1.435566
-0.072375 -0.201456 1.524417
0.000000 -0.233254 1.375335
0.000000 -0.233697 1.376547
-0.078170 -0.199408 1.453147
-0.071904 -0.206072 1.456651
-0.069937 -0.230273 1.435980
-0.083048 -0.197119 1.474772
-0.085614 -0.194900 1.488519
-0.039234 -0.208807 1.529449
-0.041002 -0.208796 1.528249
-0.019344 -0.209989 1.529364
-0.032818 -0.232403 1.376764
-0.000000 -0.204284 1.371995
0.168987 0.115530 1.490725
0.158427 0.131246 1.474667
0.151155 0.119991 1.506395
0.158938 0.103930 1.523222
0.139280 0.156436 1.445974
0.132589 0.164016 1.437204
0.097224 0.193056 1.413710
0.084171 0.207701 1.390715
0.150199 0.147699 1.449175
0.164176 0.129431 1.469555
0.136948 0.163089 1.431122
0.056432 0.203013 1.423537
0.039799 0.203069 1.423228
0.073947 0.204731 1.419851
0.074140 0.206779 1.412937
0.074064 0.199706 1.418264
0.070524 0.199365 1.423381
0.071408 0.197419 1.424025
0.065039 0.197623 1.424037
0.065039 0.197623 1.424037
-0.000000 0.198029 1.422699
0.071408 0.197419 1.424025
0.072615 0.190917 1.385916
0.072583 0.185146 1.397312
0.025645 0.180513 1.402920
0.072583 0.185146 1.397312
0.071722 0.181366 1.403791
-0.000000 0.176473 1.417169
0.026963 0.176564 1.417074
0.057672 0.180985 1.403453
0.062889 0.184284 1.407350
0.062497 0.177039 1.417746
0.044829 0.211088 1.343465
0.067425 0.210850 1.345075
0.067425 0.210850 1.345075
0.130114 0.173151 1.396679
0.134573 0.170065 1.399957
0.115101 0.182593 1.378931
0.144236 0.163038 1.406358
0.149363 0.159464 1.409567
0.107376 0.187266 1.373803
0.130313 0.172498 1.388294
0.134914 0.169478 1.391318
0.147993 0.162319 1.397348
0.153865 0.157721 1.401374
0.114062 0.187218 1.367668
0.094203 0.197823 1.347705
0.071888 0.206585 1.343827
0.066473 0.207079 1.342727
-0.000000 0.208208 1.326362
0.021635 0.207672 1.334156
-0.000000 0.203091 1.294610
0.068229 0.187114 1.208585
0.078220 0.181338 1.210199
0.102963 0.167310 1.229797
0.125716 0.156033 1.272153
0.104960 0.192074 1.358563
0.138081 0.148116 1.294160
0.077543 0.180168 1.209070
0.067557 0.186019 1.207530
-0.000000 0.187271 1.200487
0.067557 0.186019 1.207530
0.053944 0.187509 1.206922
0.095408 0.169025 1.215058
0.092466 0.170753 1.212437
0.098398 0.162602 1.215510
0.094484 0.163345 1.210050
-0.000000 0.207869 1.333893
-0.000000 0.196583 1.419788
0.058644 0.188504 1.429110
0.062497 0.177039 1.417746
0.188831 0.122000 1.428278
0.203794 0.101272 1.442727
0.217828 0.068754 1.475662
0.209569 0.080423 1.467312
0.140013 0.158427 1.428917
0.194837 0.079420 1.510249
0.185190 0.098656 1.492817
0.164751 0.127244 1.466627
0.150851 0.144987 1.446497
0.140311 0.158758 1.430840
0.140013 0.158427 1.428917
0.149363 0.159464 1.409567
0.152785 0.156659 1.413642
0.143019 0.157568 1.429940
0.147341 0.154286 1.436344
0.153297 0.146410 1.445488
0.185952 0.099939 1.493031
0.196046 0.079973 1.510498
0.204014 0.055423 1.528202
0.208876 0.035415 1.539488
0.207489 0.035194 1.540858
0.203125 0.030658 1.548992
0.195713 0.056289 1.535964
0.186146 0.007962 1.574615
0.171409 0.011786 1.582480
0.219716 0.001424 1.547848
0.220567 -0.017249 1.553975
0.211086 -0.031505 1.563026
0.202983 0.101548 1.443792
0.214869 0.081892 1.456787
0.182492 0.123047 1.437971
0.180330 0.122053 1.438589
0.171575 0.138520 1.425763
0.182670 0.125494 1.435994
0.180330 0.122053 1.438589
0.181596 0.124689 1.440480
0.182492 0.123047 1.437971
0.213361 -0.139293 1.396009
0.217652 0.033286 1.532229
0.213922 0.034555 1.538267
0.165298 0.123278 1.317145
0.202467 0.054416 1.325884
0.193429 0.072053 1.323142
0.190556 0.086602 1.328025
0.177857 0.105577 1.322902
0.125401 0.154227 1.270987
0.139175 0.151527 1.313205
0.140088 0.150491 1.312757
0.135808 0.153680 1.309470
0.181731 0.081025 1.317511
0.189620 0.067870 1.321007
0.198531 0.052242 1.324796
0.208315 0.034029 1.327624
0.170065 0.098147 1.311933
0.157745 0.114366 1.305850
0.187324 0.065395 1.318229
0.196592 0.051098 1.321948
0.128944 0.141105 1.271214
0.093297 0.158403 1.208728
0.120475 0.145389 1.254810
0.119404 0.133375 1.256562
0.126005 0.128966 1.269749
0.130858 0.125136 1.279529
0.126005 0.128966 1.269749
0.150598 0.109004 1.302670
0.164367 0.093816 1.308775
0.187324 0.065395 1.318229
0.196592 0.051098 1.321948
0.199235 0.042402 1.310590
0.187519 0.066520 1.278030
0.197119 0.048962 1.285896
0.143708 0.119006 1.252743
0.139981 0.121935 1.252219
0.120478 0.129034 1.248552
0.153074 0.104405 1.252228
0.197119 0.048962 1.285896
0.210418 0.020070 1.299123
0.211648 0.015349 1.295529
0.218824 -0.003953 1.305094
0.208559 0.024022 1.317635
0.208925 0.024214 1.321308
0.210243 -0.001559 1.267654
0.180352 0.073002 1.233726
0.106236 0.137274 1.231739
0.118855 0.131681 1.223604
0.139199 0.117258 1.206642
0.143133 0.114312 1.207802
0.169495 0.089188 1.226800
0.216282 -0.031769 1.286530
0.213565 -0.014495 1.275729
0.212741 -0.019299 1.271014
0.209212 -0.003541 1.261919
0.190655 0.051254 1.236565
0.154507 0.099986 1.213939
0.142107 0.114631 1.246697
0.169495 0.089188 1.226800
0.141415 0.111524 1.207527
0.165477 0.085940 1.219921
0.177272 0.068744 1.226810
0.206735 -0.004183 1.261020
0.150717 0.100204 1.170687
0.168548 0.080186 1.160880
0.194522 0.031312 1.187402
0.201215 0.008169 1.200035
0.218824 -0.003953 1.305094
0.215434 -0.006165 1.303932
0.213565 -0.014495 1.275729
0.210225 -0.020478 1.269991
0.103271 0.136824 1.226957
0.139981 0.121935 1.252219
0.139332 0.121239 1.246297
0.213588 -0.070500 1.267933
0.217677 0.015605 1.319936
0.215059 0.023628 1.323029
0.211767 0.032923 1.328179
0.209850 0.026663 1.322965
0.218749 0.023996 1.345582
0.221378 0.017636 1.357814
0.221091 0.019822 1.354173
0.231852 -0.087841 1.342868
0.224805 -0.102815 1.350721
0.226400 -0.085999 1.347310
0.231526 -0.066533 1.343783
0.222336 0.011366 1.354553
0.196059 -0.092257 1.249017
0.125244 -0.139107 1.238584
0.132644 -0.144696 1.268241
0.186189 -0.081513 1.239994
0.168608 -0.094910 1.225004
0.110936 -0.135437 1.204606
0.113837 -0.142830 1.213707
0.125464 -0.154886 1.269966
0.132335 -0.159717 1.295102
0.140700 -0.163224 1.321740
0.161905 -0.163223 1.364712
0.206245 -0.134235 1.385211
0.208057 -0.131488 1.387066
0.220573 0.022694 1.361004
0.221682 0.039673 1.384050
0.219964 0.068120 1.474887
0.217828 0.068754 1.475662
0.210294 -0.146304 1.445058
0.211745 -0.144008 1.418122
0.208532 -0.117680 1.532258
0.212459 -0.097220 1.544002
0.217487 -0.061301 1.556080
0.220172 -0.034554 1.556903
0.216296 0.031296 1.536022
0.218366 -0.061149 1.551528
0.216547 -0.077006 1.547217
0.214229 -0.095594 1.538336
0.210403 -0.116035 1.523741
0.194436 -0.105534 1.554658
0.188130 -0.117875 1.552003
0.094166 -0.184460 1.507343
0.088869 -0.191418 1.475133
0.084659 -0.194347 1.452173
0.091700 -0.189200 1.486504
0.077753 -0.161534 1.249173
0.075389 -0.167802 1.263393
0.043597 -0.172472 1.265718
0.075389 -0.167802 1.263393
-0.000000 -0.148887 1.252153
-0.000000 -0.143501 1.243498
-0.000000 -0.132830 1.224865
-0.000000 -0.117486 1.197676
0.107243 -0.133713 1.200827
0.110919 -0.126129 1.205687
0.087449 -0.124661 1.199851
0.073326 -0.120695 1.200980
0.037835 -0.197483 1.366127
-0.000000 -0.198391 1.364371
0.069903 -0.198651 1.415651
0.073902 -0.198745 1.431661
0.091700 -0.189200 1.486504
0.085614 -0.194900 1.488519
0.083048 -0.197119 1.474772
0.039705 -0.204647 1.537508
0.039875 -0.203182 1.540508
0.104237 -0.199216 1.536275
0.128928 -0.186080 1.543061
0.161257 -0.153924 1.546187
0.148274 -0.169950 1.549471
0.159323 -0.154610 1.555309
0.171547 -0.137882 1.559873
0.158593 -0.149939 1.539004
0.194436 -0.105534 1.554658
0.203515 -0.095689 1.553785
0.087057 -0.196238 1.557668
0.055313 -0.202603 1.562963
0.091698 -0.180484 1.590844
0.110461 -0.167540 1.591274
0.140503 -0.146432 1.584030
0.134352 -0.142683 1.592434
0.048548 -0.192203 1.593327
0.153155 -0.107733 1.593233
0.161402 -0.090775 1.591643
0.000000 -0.229058 1.510426
0.053252 -0.209802 1.495053
0.033734 -0.202944 1.373143
0.040907 -0.202810 1.379777
-0.000000 -0.207514 1.564320
-0.000000 -0.204343 1.535415
-0.000000 -0.205479 1.530315
-0.000000 -0.206267 1.541925
0.131627 -0.152564 1.583523
0.127630 -0.150840 1.589944
0.195132 -0.031773 1.570079
0.194890 -0.031988 1.572554
0.210021 -0.032467 1.561958
0.215053 0.030641 1.533194
0.215234 0.032119 1.534660
0.217692 0.054353 1.503726
0.218737 0.023461 1.534757
0.221339 0.000263 1.543470
0.206526 -0.136462 1.494299
0.213052 -0.137390 1.397448
0.213052 -0.137390 1.397448
0.208146 -0.141305 1.470358
0.208485 -0.132140 1.488879
0.208542 -0.135519 1.468059
0.205346 -0.125485 1.386304
0.221005 -0.001280 1.535907
0.218279 0.018525 1.527169
0.219486 0.060476 1.472143
0.220727 0.061682 1.463019
0.220107 0.045642 1.411565
0.219859 0.033562 1.386484
0.224473 0.001096 1.351376
0.230432 -0.048682 1.347199
0.226400 -0.085999 1.347310
0.231526 -0.066533 1.343783
0.229907 -0.066113 1.346834
0.212865 0.034298 1.331575
0.212386 0.035547 1.330691
0.203884 -0.047118 1.236870
0.205393 -0.025568 1.221168
0.186155 0.050516 1.176875
0.177411 0.066598 1.168271
0.147873 0.097790 1.171830
0.150717 0.100204 1.170687
0.149359 0.093304 1.179671
0.163990 0.076115 1.175100
0.190382 0.030765 1.186165
0.197136 0.008666 1.198496
0.195259 -0.042924 1.251020
0.038713 -0.107491 1.211149
-0.000000 -0.103785 1.211735
0.092165 -0.120361 1.211048
0.111782 -0.119034 1.216498
0.193257 -0.062322 1.260348
0.195259 -0.042924 1.251020
0.168992 0.067184 1.179558
0.176295 0.052431 1.188367
0.088653 0.068471 1.250690
0.120432 0.097587 1.220758
0.147019 0.095900 1.183201
0.136538 0.110143 1.217022
0.115789 0.128093 1.216777
0.101897 0.134473 1.227032
0.061283 0.088232 1.250192
0.081865 0.120302 1.227603
0.056434 0.091073 1.249997
0.078850 0.148780 1.204515
0.069011 0.154440 1.182771
0.082620 0.147668 1.203234
0.085429 0.163826 1.204409
0.090015 0.160521 1.206286
0.082620 0.147668 1.203234
0.084218 0.149561 1.203676
0.090015 0.160521 1.206286
0.073533 0.173250 1.202036
0.065031 0.179372 1.200728
0.061154 0.177230 1.199408
0.071456 0.170552 1.200404
0.070614 0.153248 1.179923
0.082620 0.147668 1.203234
0.059578 0.162764 1.161727
-0.000000 0.176488 1.168712
-0.000000 0.185771 1.199708
0.034269 0.179088 1.198515
0.053798 0.178326 1.198860
-0.000000 0.175379 1.161499
0.036884 0.168281 1.156608
0.019065 0.169720 1.156234
0.050918 0.165582 1.158559
-0.000000 0.164758 1.159767
-0.000000 0.167674 1.156555
0.036395 0.163188 1.160659
0.018670 0.164416 1.160159
0.154920 0.000491 1.364685
0.153907 0.043734 1.425992
0.154641 0.051677 1.452538
0.157292 -0.083005 1.361377
0.162995 -0.057221 1.354834
0.158425 -0.022763 1.359251
0.129812 -0.077743 1.401045
0.128987 -0.090844 1.417103
0.170966 -0.070096 1.586889
0.166607 -0.079909 1.589712
0.118406 0.182067 1.373406
0.210036 0.034043 1.539550
0.059248 -0.232404 1.417600
0.164375 0.122361 1.316100
0.215796 0.024304 1.344701
0.071903 -0.206072 1.456651
0.065346 -0.231781 1.417787
0.074815 -0.204794 1.474038
0.075929 -0.204137 1.474005
0.039710 -0.232245 1.382510
0.032818 -0.232403 1.376764
0.062679 -0.229969 1.413091
0.063765 -0.229305 1.412658
0.075929 -0.204137 1.474005
0.071903 -0.206072 1.456651
0.087524 -0.192078 1.506879
0.074550 -0.198221 1.531428
0.020075 -0.210090 1.528402
-0.021298 0.156288 1.528759
-0.064888 0.193989 1.440595
-0.058137 0.193826 1.440942
-0.057353 0.196042 1.443436
-0.047289 0.148519 1.536498
-0.043205 0.154392 1.529274
0.000027 0.165055 1.512226
-0.129565 0.122084 1.537722
-0.124580 0.129384 1.530242
-0.129656 0.121463 1.535803
-0.142046 0.135233 1.489561
-0.131377 0.151449 1.471518
-0.133523 0.126172 1.529133
-0.122959 0.143924 1.508762
-0.098874 0.181659 1.455707
-0.102932 0.179791 1.451992
-0.084171 0.207701 1.390715
-0.078022 0.215447 1.378458
-0.098707 0.180854 1.453964
-0.091551 0.193091 1.430850
-0.081238 0.138206 1.541367
-0.070863 0.142185 1.539583
-0.019806 0.203087 1.422872
-0.039799 0.203069 1.423228
-0.073795 0.215320 1.378283
-0.073903 0.209091 1.403797
-0.129487 0.118051 1.534061
-0.110236 0.147336 1.501081
-0.112996 0.149996 1.495434
-0.116103 0.138432 1.511733
-0.111335 0.145970 1.502886
-0.042944 0.152295 1.530679
0.037174 0.189234 1.460886
0.021257 0.164963 1.511475
0.056810 0.202885 1.428368
0.037174 0.189234 1.460886
0.058137 0.193826 1.440942
0.037345 0.179820 1.480125
0.043205 0.154392 1.529274
0.037345 0.179820 1.480125
0.109788 0.152237 1.504120
0.131268 0.107665 1.554389
0.111577 0.149431 1.507418
0.113472 0.119949 1.549738
0.129656 0.121463 1.535803
0.133648 0.139521 1.498605
0.158938 0.103930 1.523222
0.166153 0.087161 1.538575
0.142332 0.096297 1.557598
0.078207 0.208679 1.406899
0.078116 0.209564 1.403473
0.078308 0.206225 1.416415
0.057114 0.146008 1.537826
0.070469 0.203042 1.423669
0.073947 0.204731 1.419851
0.129487 0.118051 1.534061
0.124585 0.125348 1.526450
0.116103 0.138432 1.511733
0.130081 0.122929 1.526237
0.119741 0.140175 1.506356
0.110236 0.147336 1.501081
0.042944 0.152295 1.530679
0.078022 0.215447 1.378458
-0.117402 0.091557 1.560377
-0.056116 0.128206 1.544312
-0.126379 0.098060 1.558650
-0.152500 0.007470 1.582927
-0.193501 -0.030150 1.592186
0.131118 0.106554 1.554528
-0.117402 0.091557 1.560377
-0.117159 0.095081 1.571962
-0.152500 0.007470 1.582927
-0.150034 -0.033887 1.657403
-0.167711 -0.061344 1.631729
-0.190818 -0.068840 1.575451
-0.132070 0.032138 1.621800
-0.068371 -0.160069 1.655416
-0.147548 -0.059885 1.592962
0.167596 0.009155 1.595662
0.137746 -0.063161 1.632608
0.147548 -0.059885 1.592962
-0.158938 0.103930 1.523222
-0.097224 0.193056 1.413710
-0.019444 0.198353 1.422773
-0.062260 0.190551 1.414387
-0.062497 0.177039 1.417746
-0.072496 0.210170 1.347366
-0.164375 0.122361 1.316100
-0.206381 0.032681 1.325969
-0.215210 -0.036424 1.281154
-0.190655 0.051254 1.236565
-0.000000 -0.196582 1.594868
-0.164786 0.078321 1.160981
-0.085429 0.163826 1.204409
-0.000000 0.179732 1.198115
-0.000000 0.167674 1.156555
-0.130313 0.172498 1.388294
-0.000000 0.196583 1.419788
0.072496 0.210170 1.347366
-0.000000 0.188484 1.428775
0.060967 0.188479 1.429044
0.062889 0.184284 1.407350
0.197701 0.073866 1.330281
0.164375 0.122361 1.316100
0.139175 0.151527 1.313205
0.115245 0.132121 1.249723
0.180352 0.073002 1.233726
0.197173 0.027753 1.245132
0.101897 0.134473 1.227032
0.218553 0.064596 1.485600
0.094166 -0.184460 1.507343
0.070224 -0.186230 1.592165
0.193257 -0.062322 1.260348
0.070614 0.153248 1.179923
0.133202 0.172956 1.382299
0.216237 0.027041 1.346347
-0.000000 -0.211185 1.528490
0.142046 0.135233 1.489561
0.130897 0.106107 1.554561
0.046568 0.148058 1.537060
0.112996 0.149996 1.495434
0 1
4 5
2 3
6 7
999 1000
228 229
728 729
486 487
878 879
264 267
1006 1007
1005 1006
249 250
516 517
521 522
266 268
991 992
600 601
265 268
1001 1002
915 916
465 466
643 646
598 599
602 603
189 190
820 821
450 451
856 869
942 1062
933 934
592 593
661 670
658 659
423 424
905 906
510 512
723 725
698 703
71 74
525 528
353 363
909 910
870 871
421 422
407 411
682 683
286 287
215 216
943 1052
328 1145
680 681
752 753
351 352
197 202
359 360
550 672
766 767
243 244
745 746
257 259
146 147
1075 1076
605 606
187 188
526 660
924 925
882 883
490 491
845 846
590 591
1060 1061
761 762
1121 1122
178 179
507 509
376 377
514 518
971 972
1036 1037
750 751
1078 1082
495 496
380 381
348 349
1038 1039
847 848
731 790
886 887
384 495
701 702
305 306
890 891
595 596
1010 1176
1020 1021
872 873
980 981
437 438
446 1153
484 485
876 877
1073 1074
773 774
292 293
1087 1088
588 589
988 989
604 607
497 504
586 587
925 927
21 22
837 1170
1113 1125
572 573
895 896
28 44
458 459
958 959
80 92
674 675
280 281
205 206
676 677
282 1144
1008 1009
440 464
960 963
452 453
1035 1040
251 252
888 889
1109 1110
443 444
900 901
763 764
460 463
309 310
986 987
432 433
640 641
505 506
935 936
38 39
361 362
822 823
258 260
706 707
429 430
389 390
789 1166
939 1174
582 583
222 223
946 949
479 480
347 374
322 323
90 91
482 483
1104 1106
419 420
382 383
365 370
68 72
1063 1068
842 843
99 103
967 968
126 127
813 824
324 325
724 741
405 406
990 1175
995 996
749 756
312 350
899 902
919 1173
101 134
814 815
1119 1120
1095 1102
1098 1100
15 16
809 810
417 418
130 131
35 36
644 645
798 799
1069 1096
928 929
155 156
964 965
548 549
570 571
32 34
75 1135
415 416
401 402
796 797
439 449
957 1172
469 470
859 861
647 648
1041 1042
827 840
832 1169
203 204
488 489
833 834
652 1159
198 199
866 867
975 976
23 24
993 994
208 210
124 125
157 158
534 538
447 448
456 457
982 983
303 340
40 41
1062 1179
786 787
1085 1086
531 533
378 379
777 778
669 671
612 613
326 327
546 547
387 388
770 771
144 145
1025 1026
166 167
1045 1177
321 391
454 455
299 1146
236 237
184 185
441 442
122 123
757 758
802 804
844 852
940 941
193 194
636 1158
553 554
473 474
997 998
503 569
838 841
835 836
333 334
1003 1004
864 865
29 1130
542 545
25 26
543 544
962 966
1050 1053
1058 1059
1028 1029
81 82
316 317
102 1136
1033 1034
577 578
974 977
800 801
811 812
37 207
594 1155
768 769
475 476
558 560
224 225
62 63
278 279
685 686
567 568
747 748
893 894
501 502
917 918
720 730
403 404
632 633
537 539
93 94
828 829
819 839
373 559
168 169
42 43
341 342
1079 1080
794 795
903 904
332 336
621 631
624 625
826 851
1097 1099
64 65
129 132
805 806
10 11
1111 1181
619 620
57 73
117 1139
371 372
283 284
788 1165
105 128
913 914
247 248
574 581
104 270
667 668
920 921
897 898
177 182
8 9
269 272
719 730
319 329
83 84
735 736
294 300
301 302
196 241
288 290
759 760
532 536
931 932
678 679
137 1140
575 576
354 355
213 214
1108 1180
245 246
335 622
413 414
304 307
696 697
704 705
744 1164
308 1148
221 263
1092 1093
27 136
642 649
226 227
1018 1019
60 61
650 651
30 33
331 393
337 338
742 1162
874 875
211 212
230 231
217 218
142 143
256 275
276 277
732 733
726 727
1070 1071
807 808
614 615
493 494
66 67
242 1143
608 609
1083 1084
12 1126
195 196
1043 1044
937 938
120 121
868 973
630 1157
14 1128
1115 1182
53 1133
1016 1017
47 48
49 54
711 714
110 111
907 908
219 220
1112 1114
664 665
944 945
911 912
529 552
1022 1030
477 478
431 436
513 515
556 557
508 511
13 1127
969 970
150 151
408 409
296 297
857 858
1054 1055
139 140
159 160
97 98
112 113
926 930
717 718
239 240
116 209
200 201
170 183
298 1147
1067 1094
357 358
85 1134
343 344
58 59
610 611
950 951
163 172
375 492
699 700
175 176
100 1137
253 254
461 462
1023 1027
232 233
687 688
783 784
445 1152
519 520
634 635
712 713
617 639
626 629
425 426
1090 1091
1123 1183
551 555
1064 1065
739 740
627 628
261 262
691 692
693 695
95 96
314 315
709 710
70 79
715 716
273 274
291 295
689 690
434 435
467 468
818 1168
395 397
1047 1051
579 580
684 749
854 855
285 289
623 1156
1011 1012
410 412
616 618
311 1149
708 1161
721 722
133 149
793 1167
1116 1117
947 948
427 428
107 108
830 831
109 1138
161 162
816 817
637 638
1103 1105
313 315
191 192
803 1015
339 400
141 238
234 235
565 566
114 115
1031 1032
737 738
862 863
471 472
849 850
164 165
523 673
500 654
984 985
498 499
1072 1089
1107 1118
880 881
530 535
563 564
78 86
345 346
148 255
50 1132
1065 1066
173 174
922 923
330 394
19 1129
20 87
385 585
694 1160
1049 1178
524 527
366 367
780 781
825 860
655 656
765 1046
152 153
540 1154
481 597
180 181
853 1171
135 138
106 274
154 156
1101 1124
76 89
77 88
1013 1014
952 953
775 776
779 781
782 961
884 885
743 1163
561 562
955 956
356 653
541 557
118 119
754 755
1077 1081
892 956
45 46
772 954
55 56
392 396
368 369
734 1024
785 1048
386 1150
318 320
978 979
584 1151
17 18
364 657
398 399
791 792
31 1131
69 271
1056 1057
660 666
662 663
186 1142
171 1141
51 52
