10760353270450455663 1193 600
-1.878331 0.039225 -0.003014
-0.277903 0.001852 0.207104
-0.517417 -2.876839 0.232351
-0.023476 -0.391425 0.906889
-0.039887 -2.979078 0.539084
-0.004873 -2.234392 1.149873
-0.004873 -2.234392 1.149873
-0.039887 -2.979078 0.539084
0.004718 -2.788231 1.048096
-0.004873 -2.234392 1.149873
-0.461003 0.106391 1.774293
-1.850406 0.129048 1.850911
-0.001041 -2.860672 -0.009398
-0.001220 -0.179040 -0.020363
-0.186954 -0.018554 -0.002195
-1.117053 -2.990387 0.074170
-0.012625 -2.746550 -0.009631
-0.044763 -0.268184 -0.012662
-0.130055 -2.817823 0.201928
-0.020036 -0.326375 0.207789
-0.001220 -0.179040 -0.020363
-1.833157 -2.922260 0.312535
-1.885085 -2.769748 0.188581
-0.069706 -2.740835 0.212521
-0.022795 -2.697318 0.208157
-1.115322 -2.972153 0.230268
-1.883287 -0.244025 0.199943
-1.852825 -0.262454 -0.013436
-0.077341 -2.575147 0.233439
-1.115322 -2.972153 0.230268
-1.667888 -2.963780 0.212458
-1.613201 -0.003591 0.300666
-0.014660 -0.328163 0.304405
-0.062320 -2.145797 0.305858
-0.001536 -2.862132 0.696135
0.009017 -2.797607 0.474797
-1.703184 -0.001256 0.698600
-0.209467 -3.049977 0.711586
-1.921065 -0.164465 0.699467
-1.802441 -0.445348 0.888694
-0.282430 -2.996050 0.720087
-1.674450 -0.068071 0.730397
-1.653649 -0.007195 0.742217
-0.123139 -0.326141 0.876077
-1.846862 -0.463607 0.875309
-0.081259 -0.458660 0.876409
-1.848238 -0.818616 0.919895
-0.046323 -0.824320 0.896644
-0.059908 -0.835605 0.954821
-1.848238 -0.818616 0.919895
-1.918400 -0.174223 1.166541
-0.221791 -3.024364 1.189756
-0.165244 -3.026009 1.467539
-0.069708 -2.806064 1.155762
0.022770 -2.806375 1.159748
-0.245993 -0.077021 1.205840
-1.848847 -0.256551 1.294497
0.005912 -0.229033 1.462497
-1.909175 -0.320644 1.282750
-0.009815 -0.344041 1.292124
-0.249214 -0.072080 1.423385
-0.226891 -0.002939 1.467434
-0.063681 -0.263270 1.396016
-1.913695 -0.226163 1.466125
0.005912 -0.229033 1.462497
-0.232900 -2.989269 1.723245
-0.067231 -2.775725 1.733202
-1.925028 -0.149119 1.950698
-1.913294 -2.859116 1.947211
-1.815066 -0.693778 1.741299
-0.262391 -2.945727 1.723572
-0.031271 -2.364327 1.752473
-1.761541 -0.163419 1.775514
-1.778581 -0.682046 1.774111
-1.778581 -0.682046 1.774111
-1.901104 -2.868037 1.992430
-0.175873 -3.009470 -0.002445
-1.867985 -2.787176 0.001811
-1.858647 -0.250665 -0.010760
-1.894857 -0.216337 0.008783
-0.015468 -0.220792 0.007552
-0.021879 -0.179068 -0.003438
-1.748001 -0.021880 -0.004067
-0.071070 -2.781204 0.176546
-1.919732 -0.167935 -0.005869
-1.061033 -0.024650 0.066524
-0.069161 -2.741550 0.212718
-0.180532 -2.991219 0.073609
-1.802517 -2.769187 0.216672
-1.762848 -3.018070 0.048060
-1.761154 -3.023162 0.241575
-1.759372 -0.006486 0.241896
-1.842042 -2.783042 0.182967
-0.792231 -2.969787 0.232283
-1.933703 -0.192250 0.201153
-0.151053 -2.852990 0.191811
-1.850061 -2.740407 0.212223
-1.908604 -0.155286 0.256106
-1.871840 -0.154146 0.199602
-1.818152 -0.201256 0.214817
-0.092828 -2.872636 0.209513
-0.088832 -2.909435 0.222298
-1.664603 -2.971218 0.221932
-0.817196 -3.005581 0.260162
-1.802517 -2.769187 0.216672
-1.740665 -0.120717 0.389038
-1.115322 -2.972153 0.230268
-0.172225 -3.012044 0.348299
-0.076529 -2.575117 0.233615
-1.893974 -0.152536 0.253398
-0.233947 -3.007167 0.393521
-0.316270 -3.021762 0.291244
-1.598031 -3.025138 0.291545
-0.327616 -2.949460 0.296427
-0.014728 -0.328181 0.304423
-1.893341 -0.150109 0.325091
-0.042575 -2.740675 0.305346
-1.894964 -0.223824 0.308633
-1.832485 -0.222674 0.317261
-1.700171 -3.018255 0.475816
-1.859288 -2.738920 0.326634
-0.015133 -2.717447 0.326666
-1.862729 -2.242900 0.351105
-0.013280 -0.253934 0.349128
-0.204363 -2.991448 0.404078
0.000724 -2.777678 0.459426
-1.895620 -2.810156 0.402054
-1.847510 -2.804855 0.404589
-1.781504 -0.159494 0.391788
-0.057093 -2.740189 0.326007
-0.007566 -2.800984 0.474614
-0.010578 -0.225503 0.475460
-1.852380 -0.254983 0.447171
-1.693607 -0.095073 0.461839
-0.062349 -0.830223 0.765754
-0.225029 -0.074420 0.696534
-0.081229 -0.222147 0.698643
-0.076315 -0.241924 0.473923
-0.231533 -3.029491 0.711841
-0.262056 -0.069118 0.734006
-0.261632 -0.009084 0.742293
-0.255319 -2.952509 0.728220
-0.273313 -3.006245 0.953610
-0.003363 -0.257385 0.810665
-0.012809 -2.699904 0.811557
-0.015197 -2.712139 0.895976
-0.274844 -0.021736 0.957339
-0.015197 -2.712139 0.895976
-0.064201 -0.850703 0.904185
-0.046323 -0.824320 0.896644
-1.654208 -3.010233 0.947635
-1.879396 -0.268140 0.903327
-1.843513 -0.830356 0.936513
-1.653273 -0.007782 0.944929
-0.232536 -3.029657 0.985829
-1.758200 -3.013875 1.012605
-1.699903 -3.020206 0.998981
-0.158969 -3.027676 0.985422
-1.909620 -0.225978 0.998090
-1.838844 -0.221660 0.996710
-0.077282 -2.798573 1.155145
-0.224103 -0.005324 1.153164
-0.230975 -0.078354 1.167929
-1.756949 -3.017098 1.156581
-1.929376 -2.855891 1.179809
-0.079887 -2.752198 1.229059
-1.839785 -0.222431 1.166664
-0.070924 -0.253340 1.282112
-1.756905 -3.031168 1.440914
-1.846623 -0.256458 1.292205
-0.274634 -0.016062 1.201579
-1.767656 0.003384 1.179714
-0.014486 -0.246190 1.230515
-0.249738 -0.071296 1.423492
-1.901449 -0.343487 1.286015
-1.911473 -0.308911 1.248853
-1.692027 -0.070740 1.452719
-1.757733 0.008846 1.440004
-1.845258 -2.717233 1.345114
-1.795348 -2.842272 1.452834
-1.929941 -2.781635 1.371855
-1.904878 -2.754831 1.386830
-1.835318 -2.271807 1.434012
-1.652810 -2.962173 1.418093
-1.854921 -2.269894 1.426689
-1.835208 -0.220504 1.454589
-0.009513 -2.797315 1.465940
-1.691035 -2.951897 1.450466
-0.165177 -0.007716 1.467869
-1.750255 -3.016835 1.467329
-0.064204 -0.141071 1.477725
-0.080640 -0.222221 1.467135
-0.018732 -2.793897 1.734581
-0.056767 -0.223580 1.663289
-1.845735 -1.498443 1.535096
-0.012418 -2.781014 1.854069
-1.923416 -0.148929 1.950282
-1.913355 -0.217775 1.854083
-1.858172 -1.004194 1.706883
-1.747422 -0.003447 1.951369
-0.013291 -0.230928 1.744141
-0.060699 -0.255646 1.697912
-0.084870 -1.010630 1.731105
-0.076077 -2.770332 1.728887
-0.042023 -2.698620 1.738405
-0.042023 -2.698620 1.738405
-0.048778 -1.110516 1.732589
-0.042023 -2.698620 1.738405
-0.048778 -1.110516 1.732589
-0.978297 -0.005750 1.933604
-1.694263 -0.061645 1.705466
-0.978297 -0.005750 1.933604
-0.228839 -0.006083 1.816373
-1.682283 -0.015359 1.841019
-0.025716 -2.861656 1.996046
-0.138105 -2.808750 1.988172
-1.919938 -0.252225 0.454626
-0.960936 -0.002629 0.001232
-1.756273 -3.020344 0.001232
-1.919938 -2.770749 0.454626
-0.015571 -0.184592 0.304055
-0.015571 -2.848862 0.304055
-1.698073 -3.016742 0.405162
-1.912819 -2.800146 0.405162
-0.183562 -0.013988 0.856360
-0.183562 -0.013988 0.947096
-0.183562 -0.070883 0.947096
-1.727337 -0.070883 0.947096
-1.727337 -3.008986 0.856360
-1.727337 -3.008986 0.947096
-1.727337 -3.008986 1.415947
-0.183562 -2.952090 1.415947
-0.183562 -2.952090 1.297704
-1.727337 -2.952090 1.297704
-0.810520 -2.368363 1.957486
-0.177037 -1.733911 2.031099
-1.896444 -2.856022 1.998624
-0.025427 -2.855088 1.998624
-1.395944 -0.054102 1.763364
-1.353006 -0.482360 1.835925
-1.068892 -1.506682 1.819268
-1.068892 -0.462942 1.819268
-0.576283 -1.506682 1.819268
-0.373018 -2.550421 1.819268
-0.079714 -2.834817 1.794645
-0.079714 -1.506682 1.794645
-1.849405 -0.184592 0.895379
-1.849405 -2.870456 0.895379
-1.800422 -2.904102 1.447945
-1.857318 -2.904102 1.447945
-1.800422 -2.877100 1.248783
-1.857318 -0.173424 0.861845
-0.072466 -0.184592 1.379565
-0.015571 -0.184592 1.379565
-0.064553 -0.128747 1.807122
-0.064553 -2.904102 1.447945
-0.121449 -2.877100 1.248783
-0.064553 -2.877100 1.248783
-0.159183 -0.019189 1.623752
-0.155719 -0.013170 1.944930
-1.924727 -0.233684 1.442040
-1.682880 0.001612 1.442040
0.002856 -0.233684 0.718313
-0.238991 0.001612 0.718313
0.002856 -2.789290 1.179590
0.002856 -2.789289 1.442040
-1.932768 -0.187043 0.197591
-1.913456 -0.304641 0.197591
0.010897 -2.835931 0.197591
-0.008415 -2.718333 0.197591
-0.306561 -0.081275 0.292722
-0.960936 -0.002629 0.292722
-0.043675 -0.151287 0.232502
-0.001933 -0.252225 0.001232
-1.756273 -3.020344 0.001232
-1.919938 -2.770749 0.454626
-0.015571 -0.184592 0.213319
-0.072466 -0.184592 0.304055
-0.053527 -0.152902 1.572051
-0.032278 -0.143883 0.729094
-1.698073 -3.016742 0.405162
-1.698073 -3.016742 1.862470
-0.183562 -0.070883 1.415947
-1.727337 -0.013988 1.415947
-0.183563 -0.070883 0.827762
-1.727337 -0.070884 0.737026
-1.727337 -2.952090 0.856360
-1.727337 -3.008986 0.856360
-0.183562 -2.952091 0.947096
-1.727337 -3.008986 0.947096
-1.727337 -3.008986 1.297704
-0.183562 -2.952090 1.297704
-1.032145 -0.783542 2.038069
-0.177037 -1.279452 2.038069
-0.079714 -0.178547 1.797688
-0.025427 -0.158276 1.998624
-0.025427 -0.158276 1.998624
-0.176684 -0.021795 1.998624
-1.842157 -2.835735 1.797688
-1.877208 -1.506682 1.737962
-1.498497 -0.070346 1.763364
-1.548853 -0.632705 1.819268
-0.138356 -0.632705 1.819268
-0.138356 -1.506682 1.819268
-0.761898 -0.636198 1.763364
-0.812254 -1.506682 1.819268
-1.395944 -2.546926 1.763364
-1.345588 -2.959262 1.819268
-0.341622 -1.506682 1.819268
-0.138356 -1.506682 1.819268
-0.812254 -1.506682 1.819268
-0.608989 -1.506682 1.819268
-1.047359 -0.602688 1.808475
-0.807125 -0.481392 1.808475
-1.722722 -0.069980 1.794645
-0.079714 -0.178547 1.794645
-1.906301 -2.870456 0.895379
-1.906301 -0.184592 0.804643
-1.849405 -0.184592 0.213319
-1.906301 -2.870456 0.213318
-1.857318 -0.162898 0.951831
-1.857318 -2.866574 1.338769
-1.857318 -2.894570 1.357823
-1.857318 -2.904102 1.447945
-0.015571 -2.870456 0.804643
-0.072466 -2.870456 0.895379
-0.121449 -0.162898 0.951831
-0.121449 -2.866574 1.338769
-0.064553 -2.894570 1.357823
-0.121449 -0.119215 1.717000
-1.905391 -2.873167 1.624395
-1.905391 -2.873167 1.945648
-1.682880 0.001612 1.442040
-1.763436 0.005953 1.442040
-1.680265 -0.068214 0.979897
-1.844171 -0.238025 0.979897
-1.682880 0.001612 0.979897
-1.680265 -0.068214 0.979897
-0.241606 -0.068214 1.179590
-0.241606 -0.068214 1.442040
-0.241606 -0.068214 0.979897
-0.077700 -0.238025 0.979897
-1.682880 -3.024585 1.442040
-1.682880 -3.024585 1.179590
-1.927342 -2.859116 0.979897
-1.763436 -3.028927 0.979897
-1.680265 -2.954759 0.718313
-1.680265 -2.954759 0.979897
-0.077700 -2.784948 1.442040
0.005470 -2.859116 1.442040
-0.238991 -3.024585 0.718313
-0.241606 -2.954759 0.718313
-1.913456 -0.244496 1.372035
-1.913456 -0.304641 1.247240
-0.186108 0.012340 1.288489
-0.303706 -0.006972 1.288489
-1.735763 -3.035314 0.937937
-1.618165 -3.016001 0.937937
-0.237107 -3.033405 0.747562
-0.303706 -3.016001 0.820131
-1.846502 -0.252225 0.454626
-1.846502 -0.252225 0.001232
-1.919938 -0.168527 0.454626
-1.756273 -0.002629 0.454626
-0.001933 -0.252225 0.454626
-0.001933 -0.252225 0.001232
-0.001933 -0.252225 0.001232
-0.245801 -0.081275 0.001232
-1.846502 -2.770749 0.454626
-1.919938 -2.770749 0.454626
-0.306561 -2.941698 0.292722
-1.615310 -2.941698 0.292722
-0.001933 -2.770749 0.001232
-0.075370 -2.770749 0.454626
-0.245801 -2.941698 0.001232
-0.245801 -2.941698 0.454626
-1.766591 -0.051149 1.572051
-1.775153 -0.029443 0.729094
-1.912804 -0.167094 1.862470
-1.912819 -0.222827 0.405162
-0.223798 -0.006232 1.862470
-0.223798 -0.076919 0.405162
-1.751942 -3.016742 0.405162
-1.912819 -2.800146 0.405162
-1.842166 -2.800146 1.862470
-1.912819 -2.800146 0.405162
-0.223798 -3.016742 1.862470
-0.169929 -3.016742 0.405162
-0.183562 -0.070883 1.415947
-1.727337 -0.070884 1.415947
-0.183562 -0.013988 0.827762
-1.727337 -0.013988 0.827762
-1.727337 -3.008986 1.325210
-1.727337 -2.952090 1.415947
-1.727337 -2.952090 0.827762
-1.727337 -3.008986 0.827762
-1.150467 -0.644381 1.988426
-1.136253 -0.644381 1.914813
-1.733173 -0.083030 1.914813
-1.733173 -0.083030 1.988426
-0.824727 -2.308238 1.988426
-0.084268 -1.830593 1.988426
-0.177037 -1.733911 1.914813
-0.177037 -1.733911 1.988426
-1.912819 -0.151222 1.862880
-1.842157 -0.177628 1.736753
-1.815593 -1.263850 1.946184
-1.815593 -0.182887 1.946184
-1.815593 -1.263850 1.946184
-0.102561 -1.263850 1.946184
-0.009050 -2.861203 1.862880
-0.169893 -3.006335 1.862880
-1.815593 -1.749514 1.946184
-0.102561 -1.749514 1.946184
-0.102561 -2.829563 1.946184
-0.102561 -1.749514 1.946184
-1.395944 -0.466438 1.763364
-1.353006 -0.482360 1.835925
-1.312883 -0.462942 1.819268
-1.312883 -0.632705 1.819268
-0.138356 -0.462942 1.819268
-0.188712 -0.462942 1.763364
-0.373018 -0.462942 1.819268
-0.373018 -0.632705 1.819268
-0.812254 -0.636228 1.819268
-0.804836 -0.482360 1.835925
-1.068892 -1.506682 1.819268
-1.068892 -0.632705 1.819268
-1.345588 -2.377136 1.819268
-1.345588 -1.506682 1.819268
-0.188712 -2.943018 1.763364
-0.138356 -2.943018 1.819268
-0.423374 -2.380659 1.763364
-0.373018 -2.380659 1.819268
-0.608989 -2.550421 1.819268
-0.608989 -2.943018 1.819268
-1.068892 -2.380659 1.819268
-1.068892 -1.506682 1.819268
-1.542091 -0.481392 1.780753
-1.287593 -0.481392 1.762869
-0.884394 -0.481392 1.762869
-0.644160 -0.481392 1.762869
-0.118643 -2.410676 1.808475
-0.326656 -2.410676 1.762869
-1.124629 -2.410676 1.808475
-1.047359 -2.531972 1.808475
-1.842157 -1.506682 1.794645
-0.079714 -1.506682 1.794645
-1.849405 -2.870456 0.895379
-1.906301 -2.870456 0.895379
-1.857318 -0.119215 1.717000
-1.857318 -2.894570 1.357823
-1.857318 -0.119215 1.717000
-1.857318 -0.128747 1.807122
-0.015571 -0.184592 0.895379
-0.015571 -2.870456 0.895379
-0.064553 -0.181407 0.906410
-0.064553 -2.882132 0.292123
-0.011637 -0.142617 1.945802
-0.155719 -0.013170 1.944930
-1.763436 0.005953 1.179590
-1.763436 0.005953 1.442040
-1.844171 -0.238025 1.179590
-1.844171 -0.238025 1.442040
-1.763436 0.005953 0.718313
-1.927342 -0.163858 0.718313
0.005470 -0.163858 1.442040
-0.158436 0.005953 1.442040
-0.241606 -0.068214 1.442040
-0.077700 -0.238025 1.442040
-0.158436 0.005953 0.718313
0.005470 -0.163858 0.718313
-1.927342 -2.859116 1.442040
-1.763436 -3.028927 1.442040
-1.680265 -2.954759 1.442040
-1.844171 -2.784948 1.442040
-1.763436 -3.028927 0.718313
-1.927342 -2.859116 0.718313
-0.158436 -3.028927 1.179590
-0.158436 -3.028927 1.442040
-0.077700 -2.784949 1.179590
-0.077700 -2.784948 1.442040
-0.158436 -3.028927 0.718313
0.005470 -2.859116 0.718313
-1.618165 -0.006972 1.333727
-1.618165 -0.006972 1.406295
-1.618165 -0.006972 0.865368
-1.618165 -0.006972 0.937937
-1.916443 -0.243436 0.884775
-1.916443 -0.306217 0.884775
-0.243561 -0.006972 1.288489
-0.303706 -0.006972 1.288489
0.008988 -0.238041 0.197591
-0.008415 -0.304641 0.197591
-1.930859 -2.784932 1.247240
-1.913456 -2.718333 1.247240
-1.678310 -3.016001 0.820131
-1.618165 -3.016001 0.820131
-0.303706 -3.016001 1.333727
-0.303706 -3.016001 1.406295
-0.303706 -3.016001 0.865368
-0.303706 -3.016001 0.937937
-0.005428 -2.779538 0.884775
-0.005428 -2.716757 0.884775
-1.919938 -0.252225 0.454626
-1.919938 -0.252225 0.001232
-1.107385 -0.023611 0.232502
-1.756273 -0.002629 0.249498
-1.756273 -0.002629 0.249498
-1.904303 -0.152679 0.249498
-0.245801 -0.081275 0.454626
-0.245801 -0.002629 0.454626
-0.165599 -0.002629 0.052418
-0.043675 -0.151287 0.069414
-1.919938 -2.854446 0.454626
-1.615310 -3.020344 0.292722
-0.960936 -3.020344 0.292722
-1.756273 -3.020344 0.454626
-1.756273 -3.020344 0.249499
-1.878196 -2.871687 0.232502
-0.001933 -2.770749 0.001232
-0.075370 -2.770749 0.001232
-0.001933 -2.854446 0.454626
-0.165599 -3.020344 0.454626
-0.072466 -2.848862 0.213318
-0.015571 -2.848862 0.213318
-1.842166 -0.222827 1.862470
-1.912819 -0.222827 1.862470
-1.912804 -0.167094 0.405162
-1.912819 -0.222827 0.405162
-0.169929 -0.006232 1.862470
-0.169929 -0.006232 0.405162
-0.009052 -0.222827 1.862470
-0.009052 -0.222827 0.405162
-1.698073 -2.946054 0.405162
-1.722708 -2.946053 0.405162
-1.766591 -2.971825 1.572051
-1.868344 -2.870071 1.572051
-1.722708 -2.946053 1.862470
-1.722708 -2.946053 0.405162
-0.079705 -2.800146 1.862470
-0.009052 -2.800146 1.862470
-0.009067 -2.855879 0.405162
-0.009052 -2.800146 0.405162
-0.183562 -0.070883 0.856360
-1.727337 -0.070884 0.856360
-1.727337 -0.013988 0.737026
-0.183562 -0.013988 0.737026
-0.183562 -0.070883 1.206968
-1.727337 -0.070884 1.206968
-0.183562 -2.952090 1.325210
-1.727337 -2.952090 1.325210
-0.183562 -2.952090 0.737026
-0.183563 -2.952090 0.827762
-1.033168 -0.566060 1.988426
-1.733173 -0.083030 1.988426
-1.837382 -1.179864 1.988426
-0.177037 -1.279452 1.988426
-0.177037 -1.279452 1.914813
-1.837338 -1.278802 1.988426
-0.943069 -2.447344 1.988426
-0.191179 -2.933292 1.988426
-1.033168 -2.447304 1.988426
-0.943069 -2.447344 1.988426
-0.824734 -2.368363 1.988426
-0.824727 -2.308238 1.988426
-1.842157 -0.177628 1.736753
-1.842157 -0.177628 1.797688
-0.044663 -1.263849 1.853181
-0.169893 -0.007029 1.862880
-0.169893 -0.007029 1.952402
-0.079714 -1.263849 1.797688
-0.079714 -0.178547 1.797688
-0.079714 -1.263849 1.736753
-0.079714 -1.506682 1.736753
-1.745187 -0.021012 1.998624
-0.176684 -0.021795 1.998624
-0.044663 -1.506682 1.853181
-1.815593 -0.182887 1.946184
-1.716899 -0.091608 1.946184
-1.751964 -3.007123 1.952402
-1.912819 -2.862141 1.952402
-0.176684 -2.991569 1.998624
-0.169893 -3.006335 1.952402
-1.912819 -1.749514 1.862880
-0.169893 -3.006335 1.952402
-0.169893 -3.006335 1.862880
-1.912819 -1.749514 1.952402
-1.896444 -1.749514 1.998624
-1.896444 -2.856022 1.998624
-0.079714 -2.834817 1.736753
-0.044663 -2.830884 1.737962
-1.912819 -2.862141 1.952402
-1.912819 -1.506682 1.862880
-0.102561 -1.749514 1.998624
-0.102561 -2.829563 1.998624
-1.886869 -0.253770 1.751320
-1.872021 -0.257684 1.863951
-1.904684 -0.413486 1.863951
-1.886869 -0.413486 1.751320
-1.904684 -0.647864 1.863951
-1.904684 -0.611058 1.863951
-1.872021 -1.169719 1.863951
-1.904684 -1.165805 1.863951
-1.886869 -1.379141 1.751320
-1.904684 -1.379141 1.863951
-1.886869 -1.478790 1.751320
-1.872021 -1.482703 1.863951
-1.904684 -1.633951 1.863951
-1.886869 -1.633951 1.751320
-1.904684 -1.883743 1.863951
-1.904684 -1.846937 1.863951
-1.872021 -2.405212 1.863951
-1.904684 -2.401299 1.863951
-1.886869 -2.599571 1.751320
-1.904684 -2.599571 1.863951
-1.886869 -2.698169 1.751320
-1.872021 -2.702082 1.863951
-0.035002 -0.216964 1.751320
-0.017187 -0.216964 1.863951
-0.035002 -0.413486 1.751320
-0.017187 -0.413486 1.863951
-0.035002 -0.967532 1.751320
-0.017187 -0.967532 1.863951
-0.035002 -1.165805 1.751320
-0.035002 -1.128999 1.751320
-0.049850 -1.279526 1.863951
-0.035002 -1.275612 1.751320
-0.035002 -1.441984 1.751320
-0.017187 -1.441984 1.863951
-0.035002 -1.633951 1.751320
-0.017187 -1.633951 1.863951
-0.035002 -2.179205 1.751320
-0.017187 -2.179205 1.863951
-0.035002 -2.401299 1.751320
-0.035002 -2.364493 1.751320
-0.049850 -2.503810 1.863951
-0.035002 -2.499896 1.751320
-0.035002 -2.661363 1.751320
-0.017187 -2.661363 1.863951
-0.315590 -0.020850 1.865504
-0.274777 -0.020850 1.865504
-0.879110 -0.050305 1.865504
-0.874770 -0.020850 1.865504
-1.107060 -0.036916 1.752873
-1.107060 -0.020850 1.865504
-1.218722 -0.036916 1.752873
-1.223062 -0.050305 1.865504
-1.407868 -0.020850 1.865504
-1.407868 -0.036916 1.752873
-0.315590 -2.976448 1.752873
-0.315590 -2.992514 1.865504
-0.752589 -2.976448 1.752873
-0.711776 -2.976448 1.752873
-1.567822 -2.963058 1.865504
-1.563482 -2.992514 1.865504
-1.630605 -0.054102 1.763364
-1.630605 -0.466438 1.763364
-1.395944 -0.466438 1.763364
-1.353006 -0.482360 1.835925
-1.109617 -0.636228 1.819268
-1.109617 -1.506682 1.819268
-0.138356 -0.632705 1.819268
-0.188712 -0.632705 1.763364
-0.373018 -0.632705 1.819268
-0.423374 -0.632705 1.763364
-0.608989 -0.632705 1.819268
-0.659344 -0.632705 1.763364
-1.068892 -1.506682 1.819268
-1.018536 -1.506682 1.763364
-1.587668 -2.531003 1.835925
-1.580249 -2.377136 1.819268
-1.548853 -2.550421 1.819268
-1.548853 -2.943018 1.819268
-1.312883 -2.550421 1.819268
-1.312883 -2.943018 1.819268
-0.188712 -2.380659 1.763364
-0.188712 -1.506682 1.763364
-0.373018 -2.550421 1.819268
-0.373018 -2.380659 1.819268
-0.761898 -2.959262 1.763364
-0.761898 -2.546926 1.763364
-1.068892 -1.506682 1.819268
-1.068892 -2.380659 1.819268
-1.542091 -0.481392 1.780753
-1.124629 -0.602688 1.762869
-1.287593 -0.602688 1.762869
-1.364863 -0.481392 1.762869
-1.287593 -0.481392 1.762869
-1.124628 -0.481392 1.762869
-1.813110 -2.410676 1.808475
-1.760857 -2.410676 1.762869
-0.118643 -2.531972 1.808475
-0.118643 -2.410676 1.808475
-0.884394 -2.410676 1.762869
-1.047359 -2.410676 1.762869
-0.199191 -0.070741 1.794645
-0.079714 -0.178547 1.794645
-1.906301 -2.870456 1.288828
-1.906301 -0.184592 1.288828
-1.906301 -2.870456 0.304055
-1.906301 -0.184592 0.304055
-1.857318 -0.128747 1.807122
-1.857318 -2.904102 1.447945
-1.857318 -2.877100 1.248783
-1.857318 -0.173424 0.861845
-0.072466 -0.184592 1.288828
-0.015571 -0.184592 1.288828
-0.064553 -0.164885 0.817534
-0.064553 -0.181407 0.906410
-0.121449 -2.882132 0.292123
-0.064553 -2.882132 0.292123
-1.893056 -0.162819 1.624395
-1.893056 -0.162819 1.945648
-1.905391 -0.149806 0.367886
-1.889048 -0.166149 0.367886
-0.174628 -0.036376 1.624241
-0.171163 -0.030357 1.945419
-0.169785 -0.029187 0.689139
-0.153442 -0.012844 0.689139
-1.905391 -2.873167 1.624395
-1.768429 -3.010129 1.624395
-0.032823 -2.856824 1.624395
-0.032823 -2.856824 1.945648
-0.016480 -2.873167 0.367886
-0.032823 -2.856824 0.367886
-1.690798 0.008673 1.442040
-1.763436 0.005953 1.442040
-1.844171 -0.238025 1.179590
-1.844171 -0.238025 1.442040
-1.916809 -0.240745 0.718313
-1.916809 -0.240745 0.979897
-1.680265 -0.068214 0.718313
-1.844171 -0.238025 0.718313
-0.231073 0.008673 1.442040
-0.238991 0.001612 1.442040
-0.077700 -0.238025 1.179590
-0.005063 -0.240745 1.179590
-0.005063 -0.240745 0.718313
0.002856 -0.233684 0.718313
-0.241606 -0.068214 0.718313
-0.077700 -0.238025 0.718313
-1.680265 -2.954759 1.442040
-1.682880 -3.024585 1.442040
-1.844171 -2.784949 1.179590
-1.916809 -2.782228 1.179590
-1.916809 -2.782228 0.718313
-1.924727 -2.789290 0.718313
-1.680265 -2.954759 0.718313
-1.844171 -2.784949 0.718313
-0.231073 -3.031647 1.442040
-0.158436 -3.028927 1.442040
-0.077700 -2.784949 1.179590
-0.077700 -2.784948 1.442040
-0.005063 -2.782228 0.718313
-0.005063 -2.782228 0.979897
-0.241606 -2.954759 0.718313
-0.077700 -2.784949 0.718313
-1.683070 -0.015206 1.407364
-1.682463 -0.005722 1.407364
-1.735763 0.012340 1.406295
-1.684764 0.010431 1.406295
-1.914706 -0.240343 1.373103
-1.922624 -0.233282 1.373103
-1.924534 -0.187043 1.373103
-1.677703 0.002512 1.215921
-1.678310 -0.006972 1.215921
-1.735763 0.004106 1.289558
-1.735763 0.012340 1.288489
-1.677703 0.002512 0.937937
-1.684764 0.010431 0.937937
-1.618165 -0.015206 0.748631
-1.618165 -0.006972 0.747562
-1.689524 0.002196 0.748631
-1.735763 0.004106 0.748631
-1.914706 -0.240343 0.198660
-1.905222 -0.239736 0.198660
-1.913456 -0.244496 0.197591
-1.913456 -0.304641 0.197591
-1.917693 -0.239101 0.885844
-1.908209 -0.238467 0.885844
-1.935755 -0.183465 0.884775
-1.935755 -0.183465 0.812207
-0.238801 -0.015206 1.407364
-0.303706 -0.015206 1.407364
-0.186108 0.012340 1.406295
-0.186108 0.004106 1.407364
-0.008415 -0.244496 1.372035
-0.008415 -0.244496 1.247240
0.002663 -0.187043 1.248308
0.002663 -0.187043 1.373103
-0.237107 0.010431 1.288489
-0.237107 0.010431 1.215921
-0.303706 -0.015206 0.866437
-0.303706 -0.015206 0.939005
-0.232347 0.002196 0.866437
-0.186108 0.004106 0.866437
-0.239408 -0.005722 0.748631
-0.238801 -0.015206 0.748631
-0.243561 -0.006972 0.820131
-0.243561 -0.006972 0.747562
-0.016649 -0.239736 0.323455
-0.007165 -0.240343 0.323455
0.010897 -0.187043 0.322386
0.008988 -0.238041 0.322386
-0.013662 -0.238467 0.885844
-0.013662 -0.306217 0.885844
0.003740 -0.231730 0.885844
0.005650 -0.183465 0.885844
-1.677703 -3.025485 1.406295
-1.678310 -3.016001 1.406295
-1.735763 -3.027079 1.334795
-1.735763 -3.035314 1.333727
-1.922940 -2.777870 1.247240
-1.930859 -2.784932 1.247240
-1.618165 -3.007767 1.216989
-1.618165 -3.007767 1.289558
-1.689524 -3.025170 1.216989
-1.735763 -3.027079 1.216989
-1.678310 -3.016001 0.865368
-1.677703 -3.025486 0.865368
-1.678310 -3.016001 0.937937
-1.678310 -3.016001 0.865368
-1.682463 -3.017251 0.821199
-1.683070 -3.007767 0.821199
-1.735763 -3.035314 0.820131
-1.735763 -3.035314 0.747562
-1.913456 -2.778478 0.322386
-1.913456 -2.718333 0.322386
-1.932768 -2.835931 0.322386
-1.930859 -2.784932 0.322386
-1.925927 -2.778904 0.812207
-1.916443 -2.779538 0.812207
-1.927521 -2.839508 0.885844
-1.935755 -2.839509 0.884775
-0.244168 -3.025485 1.406295
-0.237107 -3.033404 1.406295
-0.016649 -2.718333 1.373103
-0.008415 -2.718333 1.372035
0.000753 -2.789692 1.248308
0.002663 -2.835931 1.248308
-0.243561 -3.016001 1.215921
-0.244168 -3.025486 1.215921
-0.243561 -3.016001 1.215921
-0.243561 -3.016001 1.288489
-0.243561 -3.016001 0.937937
-0.244168 -3.025486 0.937937
-0.186108 -3.035314 0.937937
-0.237107 -3.033405 0.937937
-0.238801 -3.007767 0.821199
-0.303706 -3.007767 0.821199
-0.186108 -3.035314 0.820131
-0.237107 -3.033404 0.820131
0.001069 -2.777871 0.322386
-0.008415 -2.778478 0.322386
0.002663 -2.835931 0.198660
0.010897 -2.835931 0.197591
0.011975 -2.786275 0.884775
0.011975 -2.786275 0.812207
-1.904303 -0.152679 0.249498
-1.878196 -0.151287 0.232502
-1.846502 -0.252225 0.454626
-1.919938 -0.252225 0.454626
-1.615310 -0.002629 0.292722
-1.676071 -0.002629 0.454626
-1.107385 -0.023611 0.069414
-1.107385 -0.023611 0.232502
-0.001933 -0.168527 0.454626
-0.001933 -0.168527 0.001232
-0.165599 -0.002629 0.454626
-0.165599 -0.002629 0.249498
-0.814486 -0.023611 0.069414
-0.823996 -0.002629 0.052418
-0.960936 -2.941698 0.292722
-1.919938 -2.770749 0.001232
-1.919938 -2.770749 0.454626
-1.756273 -2.999362 0.069414
-1.756273 -3.020344 0.052418
-0.017568 -2.870295 0.249499
-0.043675 -2.871687 0.232502
-0.306561 -2.941698 0.292722
-0.245801 -2.941698 0.454626
-0.245801 -3.020344 0.454626
-0.165599 -3.020344 0.052418
-0.165599 -2.999362 0.069414
-0.015571 -2.848862 0.304055
-0.015571 -2.848862 0.213318
-1.891781 -0.146071 1.581323
-1.889593 -0.143883 0.729094
-1.766591 -0.051149 1.572051
-1.772966 -0.027255 1.581323
-1.912804 -0.167094 0.405162
-1.912819 -0.222827 0.405162
-0.030090 -0.146071 1.581323
-0.032278 -0.143883 0.729094
-0.155280 -0.051149 1.572051
-0.153415 -0.053014 0.738365
-0.009067 -0.167094 0.405162
-0.009052 -0.222827 0.405162
-1.912804 -2.855879 1.862470
-1.912804 -2.855879 0.405162
-1.766591 -2.971825 1.572051
-1.768456 -2.969960 0.738365
-1.912804 -2.855879 0.405162
-1.912819 -2.800146 0.405162
-0.148906 -2.995718 1.581323
-0.146718 -2.993531 0.729094
-0.155280 -2.971825 1.572051
-0.148906 -2.995718 1.581323
-0.009067 -2.855879 0.405162
-0.009052 -2.800146 0.405162
-1.727337 -0.070884 0.856360
-0.183562 -0.070883 0.856360
-1.727337 -0.013988 0.737026
-1.727337 -0.013988 0.827762
-1.727337 -0.070884 1.206968
-0.183562 -0.070883 1.206968
-0.183562 -2.952090 1.325210
-0.183562 -3.008986 1.325210
-1.727337 -2.952090 0.737026
-1.727337 -2.952090 0.827762
-1.032145 -0.783542 1.988426
-0.942051 -0.783549 1.988426
-1.837382 -1.179864 1.988426
-0.810520 -0.645001 1.914813
-0.824734 -0.645001 1.988426
-1.837338 -1.278802 1.988426
-0.943069 -2.447344 1.988426
-0.191179 -2.933292 1.988426
-1.018953 -2.447304 1.914813
-0.928855 -2.447344 1.914813
-0.824734 -2.368363 1.988426
-0.810520 -2.368363 1.914813
-1.842157 -0.177628 1.797688
-1.842157 -0.177628 1.736753
-1.877208 -0.181566 1.853181
-1.729061 -0.048038 1.853181
-1.912819 -0.151222 1.862880
-1.751964 -0.006240 1.862880
-0.169893 -0.007029 1.952402
-0.169893 -0.007029 1.862880
-1.716899 -1.263852 1.946184
-1.815593 -1.263850 1.946184
-1.877208 -1.263850 1.737962
-1.877208 -1.506682 1.737962
-1.745187 -0.021012 1.998624
-0.176684 -0.021795 1.998624
-0.079714 -1.506682 1.736753
-0.079714 -1.506682 1.797688
-0.102561 -0.183801 1.998624
-0.102561 -0.183801 1.946183
-1.842157 -1.749514 1.736753
-1.842157 -2.835735 1.736753
-0.025427 -1.749514 1.998624
-0.025427 -2.855088 1.998624
-1.751964 -3.007123 1.862880
-0.169893 -3.006335 1.862880
-1.729061 -2.965325 1.737962
-1.877208 -2.831798 1.737962
-1.815593 -2.830477 1.946184
-1.815593 -2.830477 1.998624
-0.044663 -1.506682 1.853181
-0.009050 -1.506682 1.862880
-0.025427 -2.855088 1.998624
-0.025427 -1.749514 1.998624
-0.025427 -1.506682 1.960892
-0.025427 -1.506682 1.998624
-1.815593 -1.749514 1.946184
-1.815593 -1.749514 1.998624
-1.886869 -0.351344 1.751320
-1.872021 -0.355258 1.751320
-1.886869 -0.253770 1.751320
-1.904684 -0.253770 1.863951
-1.886869 -0.450291 1.751320
-1.872021 -0.454205 1.751320
-1.886869 -0.721243 1.751320
-1.886869 -0.758049 1.751320
-1.886869 -0.967532 1.751320
-1.872021 -0.971446 1.751320
-1.886869 -0.869958 1.751320
-1.904684 -0.869958 1.863951
-1.886869 -1.068231 1.751320
-1.872021 -1.072145 1.751320
-1.886869 -1.379141 1.751320
-1.904684 -1.379141 1.863951
-1.886869 -1.569007 1.751320
-1.872021 -1.572921 1.751320
-1.886869 -1.478790 1.751320
-1.904684 -1.478790 1.863951
-1.886869 -1.670757 1.751320
-1.872021 -1.674671 1.751320
-1.886869 -1.982368 1.751320
-1.904684 -1.982368 1.863951
-1.886869 -2.179205 1.751320
-1.872021 -2.183118 1.751320
-1.886869 -2.080580 1.751320
-1.904684 -2.080580 1.863951
-1.886869 -2.292515 1.751320
-1.872021 -2.296429 1.751320
-1.886869 -2.599571 1.751320
-1.904684 -2.599571 1.863951
-1.886869 -2.797844 1.751320
-1.872021 -2.801758 1.751320
-1.886869 -2.698169 1.751320
-1.904684 -2.698169 1.863951
-0.035002 -0.253770 1.751320
-0.017187 -0.253770 1.863951
-0.035002 -0.547866 1.751320
-0.035002 -0.511060 1.751320
-0.035002 -0.758049 1.751320
-0.017187 -0.758049 1.863951
-0.035002 -0.647864 1.751320
-0.035002 -0.611058 1.751320
-0.035002 -0.869958 1.751320
-0.017187 -0.869958 1.863951
-0.035002 -1.165805 1.751320
-0.035002 -1.128999 1.751320
-0.035002 -1.379141 1.751320
-0.017187 -1.379141 1.863951
-0.035002 -1.275612 1.751320
-0.035002 -1.238806 1.751320
-0.035002 -1.478790 1.751320
-0.017187 -1.478790 1.863951
-0.035002 -1.774286 1.751320
-0.035002 -1.737480 1.751320
-0.035002 -1.982368 1.751320
-0.017187 -1.982368 1.863951
-0.035002 -1.883743 1.751320
-0.035002 -1.846937 1.751320
-0.035002 -2.080580 1.751320
-0.017187 -2.080580 1.863951
-0.035002 -2.401299 1.751320
-0.035002 -2.364493 1.751320
-0.035002 -2.599571 1.751320
-0.017187 -2.599571 1.863951
-0.035002 -2.499896 1.751320
-0.035002 -2.463090 1.751320
-0.035002 -2.698169 1.751320
-0.017187 -2.698169 1.863951
-0.423787 -0.036916 1.752873
-0.423787 -0.020850 1.865504
-0.641704 -0.036916 1.752873
-0.646044 -0.050305 1.752873
-0.533507 -0.036916 1.752873
-0.533507 -0.020850 1.865504
-0.752589 -0.036916 1.752873
-0.756929 -0.050305 1.752873
-1.107060 -0.036916 1.752873
-1.107060 -0.020850 1.865504
-1.326919 -0.036916 1.752873
-1.331259 -0.050305 1.752873
-1.218722 -0.036916 1.752873
-1.218722 -0.020850 1.865504
-1.448681 -0.036916 1.752873
-1.453021 -0.050305 1.752873
-1.673979 -0.036916 1.752873
-1.673979 -0.020850 1.865504
-0.315590 -2.976448 1.752873
-0.315590 -2.992514 1.865504
-0.641704 -2.976448 1.752873
-0.600891 -2.976448 1.752873
-0.874770 -2.976448 1.752873
-0.874770 -2.992514 1.865504
-0.752589 -2.976448 1.752873
-0.711776 -2.976448 1.752873
-0.998863 -2.976448 1.752873
-0.998863 -2.992514 1.865504
-1.326919 -2.976448 1.752873
-1.286106 -2.976448 1.752873
-1.563482 -2.976448 1.752873
-1.563482 -2.992514 1.865504
-1.448681 -2.976448 1.752873
-1.407868 -2.976448 1.752873
-1.630605 -0.466438 1.763364
-1.630605 -0.054102 1.763364
-1.638112 -0.620293 1.779982
-1.637930 -0.482332 1.780063
-1.395944 -0.466438 1.763364
-1.395944 -0.054102 1.763364
-1.490992 -0.479491 1.779982
-1.498497 -0.462942 1.763364
-1.345588 -1.506682 1.819268
-1.395944 -1.506682 1.763364
-1.109617 -0.636228 1.819268
-1.159973 -0.636198 1.763364
-1.255200 -0.617454 1.780062
-1.299334 -0.617458 1.831472
-0.291266 -0.466438 1.763364
-0.341622 -0.466473 1.819268
-0.196218 -0.479491 1.779982
-0.283941 -0.482332 1.780063
-0.291266 -1.506682 1.763364
-0.341622 -1.506682 1.819268
-0.518420 -0.620293 1.779982
-0.525927 -0.636198 1.763364
-0.386566 -0.617458 1.831472
-0.430700 -0.617454 1.780062
-0.761898 -0.466438 1.763364
-0.812254 -0.466473 1.819268
-0.666850 -0.479491 1.779982
-0.754573 -0.482332 1.780063
-0.761898 -1.506682 1.763364
-0.812254 -1.506682 1.819268
-0.865626 -0.636228 1.819268
-0.915982 -0.636198 1.763364
-1.011209 -0.617454 1.780062
-1.055343 -0.617458 1.831472
-1.630605 -2.546926 1.763364
-1.580249 -2.546891 1.819268
-1.725653 -2.533873 1.779982
-1.637930 -2.531032 1.780063
-1.630605 -1.506682 1.763364
-1.580249 -1.506682 1.819268
-1.403451 -2.393071 1.779982
-1.395944 -2.377166 1.763364
-1.535305 -2.395905 1.831472
-1.491171 -2.395910 1.780062
-1.159973 -2.546926 1.763364
-1.109617 -2.546891 1.819268
-1.255021 -2.533873 1.779982
-1.167298 -2.531032 1.780063
-1.159973 -1.506682 1.763364
-1.109617 -1.506682 1.819268
-0.341622 -2.377136 1.819268
-0.291266 -2.377166 1.763364
-0.196039 -2.395910 1.780062
-0.151905 -2.395905 1.831472
-0.525927 -2.546926 1.763364
-0.525927 -2.959262 1.763364
-0.430879 -2.533873 1.779982
-0.423374 -2.550421 1.763364
-0.576283 -1.506682 1.819268
-0.525927 -1.506682 1.763364
-0.812254 -2.377136 1.819268
-0.761898 -2.377166 1.763364
-0.666671 -2.395910 1.780062
-0.622537 -2.395905 1.831472
-0.915982 -2.546926 1.763364
-0.865626 -2.546891 1.819268
-1.011030 -2.533873 1.779982
-0.923307 -2.531032 1.780063
-0.915982 -1.506682 1.763364
-0.865626 -1.506682 1.819268
-0.326656 -0.602688 1.762869
-0.581461 -0.602688 1.780753
-0.566891 -0.602688 1.762869
-1.542091 -0.602688 1.808475
-0.807125 -0.602688 1.808475
-0.820484 -0.602688 1.808475
-0.338220 -0.602688 1.780753
-0.871035 -0.481392 1.808475
-1.590833 -0.481392 1.780753
-1.605097 -0.481392 1.762869
-0.820484 -0.481392 1.808475
-0.820484 -0.602688 1.780753
-0.871035 -0.602688 1.780753
-1.590833 -0.602688 1.808475
-1.060289 -0.602688 1.780753
-1.060289 -0.481392 1.780753
-0.629589 -2.410676 1.780753
-0.644160 -2.410676 1.762869
-0.871035 -2.410676 1.780753
-1.111699 -2.410676 1.780753
-1.111699 -2.531972 1.780753
-1.527827 -2.410676 1.762869
-0.820484 -2.410676 1.780753
-0.403926 -2.531971 1.762869
-0.392362 -2.531972 1.780753
-0.884394 -2.531971 1.762869
-0.392362 -2.531972 1.780753
-1.364863 -2.410676 1.762869
-1.047359 -2.531971 1.762869
-1.590833 -2.410676 1.780753
-1.605097 -2.410676 1.762869
-0.884394 -2.410676 1.762869
-1.047359 -2.410676 1.762869
-0.338220 -2.531972 1.780753
-1.842157 -1.506682 1.794645
-1.842157 -1.263850 1.794645
-1.906301 -2.870456 1.288828
-1.849405 -2.870456 1.288828
-1.906301 -0.184592 0.304055
-1.906301 -2.870456 0.304055
-1.857318 -0.128747 1.807122
-1.800422 -0.128747 1.807122
-1.857318 -2.877100 1.248783
-1.857318 -0.173424 0.861845
-0.015571 -2.870456 1.288828
-0.015571 -0.184592 1.288828
-0.064553 -2.882132 0.292123
-0.064553 -0.181407 0.906410
-0.064553 -0.181407 0.906410
-0.064553 -2.882132 0.292123
328 329
450 451
254 255
702 703
456 457
1189 1190
1191 1192
250 251
320 321
704 705
1185 1186
326 327
316 317
318 319
698 699
1187 1188
700 701
1181 1182
246 247
454 455
220 221
143 147
19 24
129 134
236 237
3 5
32 33
446 447
202 203
408 409
412 413
314 315
0 1
205 206
207 208
955 956
575 576
945 946
284 285
230 231
290 291
282 283
288 289
390 391
544 545
911 912
232 233
226 227
546 547
388 389
548 549
915 916
550 551
380 381
384 385
378 379
386 387
538 539
899 900
530 531
532 533
280 281
10 11
142 150
146 153
298 299
244 245
370 371
587 592
588 589
953 954
963 964
216 217
951 952
571 572
406 407
594 595
414 415
242 243
240 241
292 293
6 7
234 235
560 561
927 928
400 401
436 437
682 683
302 303
426 427
676 677
304 305
660 661
428 429
905 906
887 888
893 894
554 555
376 377
278 279
895 896
901 902
211 212
209 210
82 85
270 271
873 880
515 516
506 507
2 4
300 301
151 152
8 9
29 30
102 106
218 219
274 275
194 198
72 73
120 122
63 67
38 50
372 373
360 361
364 365
504 505
867 868
374 375
874 875
238 239
306 307
66 71
656 657
1073 1074
1077 1078
680 681
1127 1128
31 36
434 435
672 673
674 675
186 195
39 49
44 46
260 261
262 263
716 717
258 259
330 331
712 713
722 723
222 223
366 367
51 52
382 383
312 313
264 265
342 343
480 481
752 753
460 461
338 339
462 463
478 479
728 729
346 347
730 731
754 755
171 177
272 273
438 439
13 14
573 574
568 577
943 944
1177 1178
584 593
440 441
163 164
466 467
464 465
470 471
340 341
468 469
740 741
344 345
472 473
476 477
482 483
334 335
732 733
756 757
474 475
748 749
522 523
514 517
362 363
173 191
34 35
132 133
55 60
410 411
937 938
580 581
26 27
442 443
91 97
112 119
508 509
294 295
84 94
176 185
135 136
57 59
869 870
296 297
21 22
310 311
308 309
957 958
935 936
191 193
458 459
720 721
89 90
512 513
518 519
77 92
684 687
863 864
178 179
418 419
422 423
678 679
86 108
188 190
23 28
865 866
1168 1171
685 686
688 689
694 695
1174 1175
1164 1170
696 697
15 25
670 671
424 425
404 405
536 537
444 445
43 45
352 353
1075 1076
578 579
166 169
199 213
789 790
787 788
214 215
1162 1163
1157 1158
692 693
268 269
356 357
354 355
266 267
196 197
12 16
598 599
604 605
608 609
614 615
618 619
620 621
622 623
628 629
630 631
632 633
638 639
971 972
979 980
983 984
987 988
991 992
995 996
999 1000
1003 1004
1005 1006
1009 1010
1013 1014
1017 1018
1021 1022
1025 1026
1029 1030
1033 1034
1037 1038
650 651
1057 1058
1061 1062
1065 1066
1069 1070
644 645
648 649
1039 1040
1043 1044
1047 1048
1051 1052
1055 1056
636 637
626 627
596 597
606 607
616 617
646 647
348 349
83 95
392 393
276 277
324 325
62 64
358 359
17 20
556 559
923 926
941 942
18 23
192 204
53 54
37 40
885 886
913 914
224 225
228 229
919 920
552 553
322 323
452 453
708 709
562 563
929 930
921 922
569 570
585 586
939 940
56 58
1099 1100
1139 1140
1119 1120
1089 1090
1109 1110
160 165
114 123
416 417
658 659
144 145
60 61
162 170
138 141
332 333
881 882
510 511
76 87
167 172
107 110
420 421
432 433
664 665
668 669
430 431
662 663
1117 1118
1137 1138
1133 1134
1083 1084
1103 1104
1081 1082
1101 1102
1121 1122
1131 1132
1141 1142
1123 1124
1091 1092
666 667
1107 1108
1111 1112
1097 1098
1087 1088
396 397
924 925
931 932
398 399
402 403
557 558
154 157
520 521
368 369
861 862
111 113
98 99
744 745
736 737
726 727
750 751
825 826
486 487
781 782
791 792
793 794
799 800
815 816
843 844
500 501
821 822
857 858
484 485
498 499
109 115
158 159
161 170
200 201
540 541
526 527
350 351
742 743
336 337
690 691
492 493
494 495
131 137
1115 1116
1125 1126
1135 1136
1095 1096
1105 1106
1085 1086
805 806
41 42
783 784
849 850
117 118
502 503
488 489
566 567
933 934
947 948
47 48
139 140
155 156
496 497
490 491
777 778
827 828
564 565
917 918
394 395
286 287
706 707
252 253
448 449
524 525
1179 1180
256 257
710 711
1183 1184
248 249
105 128
88 96
96 104
897 898
528 529
891 892
542 543
909 910
903 904
1169 1176
78 79
65 70
949 950
967 968
959 960
93 103
174 175
183 187
829 830
851 852
760 761
847 848
803 804
1150 1153
1154 1155
1161 1165
69 74
582 583
1146 1156
126 127
807 808
68 75
839 840
763 764
795 796
773 774
817 818
80 81
116 121
652 653
1063 1064
640 641
1059 1060
1071 1072
1067 1068
180 181
100 101
965 966
961 962
624 625
1015 1016
600 601
634 635
975 976
1007 1008
1011 1012
1031 1032
610 611
1019 1020
1023 1024
1027 1028
1035 1036
590 591
110 124
602 603
612 613
148 149
859 860
878 879
168 189
642 643
654 655
125 130
871 872
876 877
883 884
907 908
889 890
534 535
1079 1080
1129 1130
1093 1094
1113 1114
724 725
718 719
714 715
1144 1145
1159 1160
1172 1173
1151 1152
1143 1149
1166 1167
182 184
989 990
997 998
969 970
973 974
977 978
981 982
985 986
993 994
1001 1002
1041 1042
1049 1050
1053 1054
1045 1046
1147 1148
813 814
746 747
738 739
762 763
835 836
734 735
769 770
831 832
779 780
845 846
758 759
801 802
819 820
841 842
853 854
775 776
797 798
765 766
809 810
823 824
811 812
837 838
855 856
767 768
785 786
771 772
833 834
