4206143080747510864 1955 1900
-0.322581 -0.538388 1.274991
-0.396504 -0.557049 1.299010
-0.407823 -0.557049 1.276795
-0.425453 -0.557049 1.259165
-0.447668 -0.557049 1.247846
-0.472293 -0.557049 1.243946
-0.496918 -0.557049 1.247846
-0.519133 -0.557049 1.259165
-0.536763 -0.557049 1.276795
-0.548082 -0.557049 1.299010
-0.551983 -0.557049 1.323636
-0.548082 -0.557049 1.348261
-0.536763 -0.557049 1.370476
-0.519133 -0.557049 1.388106
-0.496918 -0.557049 1.399425
-0.472293 -0.557049 1.403325
-0.447668 -0.557049 1.399425
-0.425453 -0.557049 1.388106
-0.407823 -0.557049 1.370476
-0.396504 -0.557049 1.348261
-0.392603 -0.557049 1.323636
-0.396504 -0.557049 1.299010
-0.322581 -0.538388 1.274991
-0.252344 -0.507798 1.252170
-0.252344 -0.507798 1.252170
-0.187523 -0.466032 1.231108
-0.187523 -0.466032 1.231108
-0.129714 -0.414117 1.212325
-0.129714 -0.414117 1.212325
-0.080341 -0.353333 1.196283
-0.080341 -0.353333 1.196283
-0.040618 -0.285177 1.183376
-0.040618 -0.285177 1.183376
-0.011525 -0.211326 1.173923
-0.011525 -0.211326 1.173923
0.006222 -0.133598 1.168157
0.006222 -0.133598 1.168157
0.012187 -0.053909 1.166219
0.012187 -0.053909 1.166219
0.006222 0.025781 1.168157
0.006222 0.025781 1.168157
-0.011525 0.103508 1.173923
-0.011525 0.103508 1.173923
-0.040618 0.177359 1.183376
-0.040618 0.177359 1.183376
-0.080341 0.245516 1.196283
-0.080341 0.245516 1.196283
-0.129714 0.306300 1.212325
-0.129714 0.306300 1.212325
-0.187523 0.358214 1.231108
-0.187523 0.358214 1.231108
-0.252344 0.399981 1.252170
-0.252344 0.399981 1.252170
-0.322581 0.430571 1.274991
-0.322581 0.430571 1.274991
-0.396504 0.449231 1.299010
-0.407823 0.449231 1.276795
-0.425453 0.449231 1.259165
-0.447668 0.449231 1.247846
-0.472293 0.449231 1.243946
-0.496918 0.449231 1.247846
-0.519133 0.449231 1.259165
-0.536763 0.449231 1.276795
-0.548082 0.449231 1.299010
-0.551983 0.449231 1.323636
-0.548082 0.449231 1.348261
-0.536763 0.449231 1.370476
-0.519133 0.449231 1.388106
-0.496918 0.449231 1.399425
-0.472293 0.449231 1.403325
-0.447668 0.449231 1.399425
-0.425453 0.449231 1.388106
-0.407823 0.449231 1.370476
-0.396504 0.449231 1.348261
-0.392603 0.449231 1.323636
-0.396504 0.449231 1.299010
-0.472293 -0.563320 1.323636
-0.472293 -0.563320 1.323636
-0.472293 -0.563320 1.323636
-0.472293 -0.563320 1.323636
-0.472293 -0.563320 1.323636
-0.472293 -0.563320 1.323636
-0.472293 -0.563320 1.323636
-0.472293 -0.563320 1.323636
-0.472293 -0.563320 1.323636
-0.472293 -0.563320 1.323636
-0.472293 -0.563320 1.323636
-0.472293 -0.563320 1.323636
-0.472293 -0.563320 1.323636
-0.472293 -0.563320 1.323636
-0.472293 -0.563320 1.323636
-0.472293 -0.563320 1.323636
-0.472293 -0.563320 1.323636
-0.472293 -0.563320 1.323636
-0.472293 -0.563320 1.323636
-0.472293 -0.563320 1.323636
-0.472293 0.455503 1.323636
-0.472293 0.455503 1.323636
-0.472293 0.455503 1.323636
-0.472293 0.455503 1.323636
-0.472293 0.455503 1.323636
-0.472293 0.455503 1.323636
-0.472293 0.455503 1.323636
-0.472293 0.455503 1.323636
-0.472293 0.455503 1.323636
-0.472293 0.455503 1.323636
-0.472293 0.455503 1.323636
-0.472293 0.455503 1.323636
-0.472293 0.455503 1.323636
-0.472293 0.455503 1.323636
-0.472293 0.455503 1.323636
-0.472293 0.455503 1.323636
-0.472293 0.455503 1.323636
-0.472293 0.455503 1.323636
-0.472293 0.455503 1.323636
-0.472293 0.455503 1.323636
-0.661803 0.078085 1.193864
-0.662337 0.077242 1.195408
-0.663066 0.078478 1.193756
-0.663687 0.077546 1.195490
-0.662857 0.076065 1.196747
-0.663397 0.077119 1.197545
-0.664279 0.078711 1.196185
-0.661561 0.075888 1.196543
-0.664279 0.078711 1.196185
-0.663397 0.077119 1.197545
-0.663320 0.079429 1.196824
-0.662459 0.077879 1.198145
-0.661860 0.079067 1.196731
-0.662655 0.080407 1.194995
-0.661289 0.079947 1.195106
-0.663591 0.079717 1.194299
-0.655949 0.082707 1.186452
-0.655362 0.081980 1.187555
-0.661060 0.077656 1.197918
-0.661503 0.078027 1.196062
-0.660741 0.076701 1.197171
-0.660986 0.078850 1.194557
-0.663591 0.079717 1.194299
-0.656675 0.082090 1.185487
-0.656728 0.080653 1.185679
-0.655052 0.080510 1.184484
-0.653287 0.079349 1.184550
-0.654687 0.079868 1.185658
-0.653084 0.078798 1.185737
-0.656189 0.080012 1.186708
-0.654856 0.081944 1.184179
-0.656675 0.082090 1.185487
-0.655517 0.080727 1.187587
-0.660986 0.078850 1.194557
-0.661503 0.078027 1.196062
-0.660741 0.076701 1.197171
-0.647280 0.063615 1.204949
-0.647366 0.062501 1.205848
-0.645517 0.061290 1.205909
-0.645606 0.062505 1.205024
-0.647752 0.063468 1.203796
-0.654051 0.080584 1.186565
-0.652482 0.079535 1.186646
-0.639824 0.065288 1.192503
-0.639493 0.066302 1.193272
-0.652482 0.079535 1.186646
-0.652112 0.080726 1.186518
-0.654051 0.080584 1.186565
-0.653785 0.081837 1.186443
-0.655517 0.080727 1.187587
-0.654182 0.082563 1.185184
-0.654856 0.081944 1.184179
-0.652333 0.081352 1.185246
-0.652955 0.080701 1.184239
-0.637238 0.065975 1.192947
-0.638331 0.066686 1.193548
-0.637451 0.064908 1.192151
-0.639493 0.066302 1.193272
-0.638834 0.064623 1.191925
-0.637451 0.064908 1.192151
-0.652955 0.080701 1.184239
-0.644029 0.062361 1.203912
-0.643750 0.061146 1.204642
-0.638102 0.064394 1.196361
-0.637043 0.063447 1.196098
-0.644718 0.062276 1.202855
-0.646184 0.062419 1.203877
-0.639248 0.064153 1.195886
-0.645993 0.060083 1.205516
-0.644174 0.059936 1.204207
-0.644964 0.060035 1.202991
-0.644174 0.059936 1.204207
-0.646640 0.060178 1.204187
-0.645993 0.060083 1.205516
-0.648405 0.061339 1.204120
-0.647895 0.061325 1.205455
-0.648301 0.062378 1.203307
-0.647752 0.063468 1.203796
-0.646184 0.062419 1.203877
-0.646698 0.061308 1.203386
-0.644718 0.062276 1.202855
-0.645196 0.061164 1.202336
-0.639581 0.063092 1.195181
-0.638626 0.062210 1.194915
-0.639048 0.063934 1.193637
-0.638004 0.063141 1.193182
-0.637257 0.062309 1.195396
-0.636569 0.063316 1.193510
-0.638731 0.064976 1.194381
-0.637531 0.065275 1.194736
-0.638731 0.064976 1.194381
-0.639248 0.064153 1.195886
-0.637257 0.062309 1.195396
-0.636378 0.064425 1.194268
-0.636569 0.063316 1.193510
-0.534039 -0.036469 1.247697
-0.534627 -0.037463 1.249127
-0.535324 -0.036260 1.247436
-0.536008 -0.037366 1.249039
-0.535125 -0.038775 1.250343
-0.535916 -0.037856 1.251098
-0.536853 -0.036340 1.249690
-0.533802 -0.038747 1.250307
-0.536853 -0.036340 1.249690
-0.535916 -0.037856 1.251098
-0.536103 -0.035525 1.250475
-0.535188 -0.036999 1.251844
-0.534606 -0.035662 1.250562
-0.535372 -0.034362 1.248784
-0.533976 -0.034620 1.249058
-0.528078 -0.030640 1.241287
-0.536096 -0.035143 1.247947
-0.528575 -0.031305 1.240214
-0.527531 -0.031331 1.242432
-0.533442 -0.035630 1.248518
-0.527493 -0.032593 1.242400
-0.533755 -0.037001 1.251796
-0.534012 -0.036600 1.249912
-0.533201 -0.037857 1.251065
-0.536096 -0.035143 1.247947
-0.528575 -0.031305 1.240214
-0.526615 -0.032572 1.239380
-0.524716 -0.033462 1.239640
-0.526307 -0.033215 1.240569
-0.524581 -0.034040 1.240823
-0.527933 -0.033352 1.241416
-0.526605 -0.031110 1.239154
-0.533442 -0.035630 1.248518
-0.527493 -0.032593 1.242400
-0.534012 -0.036600 1.249912
-0.533201 -0.037857 1.251065
-0.518979 -0.049215 1.260102
-0.519005 -0.050376 1.260942
-0.517015 -0.051302 1.261206
-0.517178 -0.050068 1.260359
-0.519275 -0.049368 1.258892
-0.525907 -0.032463 1.241577
-0.524219 -0.033273 1.241829
-0.510364 -0.045792 1.248816
-0.510292 -0.044783 1.249656
-0.524219 -0.033273 1.241829
-0.524022 -0.032034 1.241792
-0.525907 -0.032463 1.241577
-0.525823 -0.031181 1.241534
-0.526165 -0.030454 1.240260
-0.526605 -0.031110 1.239154
-0.524175 -0.031380 1.240524
-0.524558 -0.032060 1.239423
-0.507991 -0.044756 1.249622
-0.509246 -0.044248 1.250097
-0.507935 -0.045798 1.248768
-0.510292 -0.044783 1.249656
-0.509219 -0.046271 1.248351
-0.507935 -0.045798 1.248768
-0.524558 -0.032060 1.239423
-0.519294 -0.051594 1.260443
-0.515102 -0.051116 1.260179
-0.507808 -0.047394 1.252682
-0.515470 -0.049918 1.259461
-0.509024 -0.046629 1.252835
-0.515278 -0.052350 1.259651
-0.507755 -0.048511 1.251919
-0.516000 -0.050047 1.258320
-0.517586 -0.050177 1.259143
-0.510051 -0.047010 1.252204
-0.517248 -0.052544 1.260712
-0.515914 -0.052303 1.258346
-0.515278 -0.052350 1.259651
-0.517729 -0.052474 1.259313
-0.517248 -0.052544 1.260712
-0.509021 -0.048785 1.251258
-0.507755 -0.048511 1.251919
-0.519628 -0.051584 1.259053
-0.519294 -0.051594 1.260443
-0.519584 -0.050498 1.258297
-0.517586 -0.050177 1.259143
-0.517858 -0.051323 1.258551
-0.516000 -0.050047 1.258320
-0.516232 -0.051187 1.257704
-0.510126 -0.048070 1.251425
-0.509538 -0.047076 1.249996
-0.508336 -0.047680 1.249656
-0.506998 -0.047314 1.250176
-0.509481 -0.046040 1.250809
-0.508395 -0.045587 1.251331
-0.509481 -0.046040 1.250809
-0.510051 -0.047010 1.252204
-0.507076 -0.046231 1.250991
-0.506998 -0.047314 1.250176
-0.497328 0.074736 1.264439
-0.490506 0.068968 1.268282
-0.493746 0.070346 1.251490
-0.486923 0.064578 1.255333
-0.496597 0.067995 1.248922
-0.487500 0.060305 1.254046
-0.501373 0.073849 1.266188
-0.492276 0.066159 1.271312
-0.575810 0.133161 1.267237
-0.576695 0.132806 1.268330
-0.575245 0.132356 1.267205
-0.576338 0.131918 1.268557
-0.575392 0.133810 1.266008
-0.574728 0.133158 1.265689
-0.575500 0.134654 1.264833
-0.574862 0.134200 1.264238
-0.576122 0.135565 1.263889
-0.575630 0.135326 1.263071
-0.577161 0.136404 1.263321
-0.576913 0.136361 1.262370
-0.578459 0.137042 1.263215
-0.577161 0.136404 1.263321
-0.578517 0.137151 1.262240
-0.576913 0.136361 1.262370
-0.579821 0.137385 1.263586
-0.580198 0.137573 1.262697
-0.581035 0.137377 1.264381
-0.581698 0.137564 1.263678
-0.581920 0.137022 1.265474
-0.582792 0.137125 1.265030
-0.582339 0.136373 1.266703
-0.583309 0.136324 1.266547
-0.582231 0.135529 1.267879
-0.583175 0.135281 1.267999
-0.581609 0.134618 1.268822
-0.582407 0.134156 1.269164
-0.580570 0.133779 1.269390
-0.581124 0.133120 1.269866
-0.579271 0.133140 1.269496
-0.579520 0.132331 1.269996
-0.577910 0.132798 1.269125
-0.577838 0.131909 1.269537
-0.575491 0.133895 1.267718
-0.576376 0.133540 1.268813
-0.575072 0.134545 1.266490
-0.575181 0.135389 1.265315
-0.575803 0.136299 1.264371
-0.576841 0.137138 1.263802
-0.578140 0.137777 1.263698
-0.579502 0.138119 1.264068
-0.580716 0.138112 1.264863
-0.581601 0.137756 1.265957
-0.582020 0.137108 1.267185
-0.581912 0.136263 1.268362
-0.581289 0.135353 1.269304
-0.580251 0.134514 1.269873
-0.578952 0.133875 1.269979
-0.577591 0.133533 1.269607
-0.577346 0.127723 1.266631
-0.576023 0.128254 1.264994
-0.575396 0.129224 1.263158
-0.575559 0.130486 1.261401
-0.576488 0.131848 1.259990
-0.578041 0.133102 1.259140
-0.578041 0.133102 1.259140
-0.579984 0.134057 1.258982
-0.582018 0.134569 1.259538
-0.583834 0.134557 1.260724
-0.585157 0.134027 1.262360
-0.585784 0.133057 1.264197
-0.585621 0.131794 1.265954
-0.584692 0.130432 1.267365
-0.583138 0.129179 1.268214
-0.581196 0.128223 1.268372
-0.579162 0.127712 1.267817
-0.575810 0.133161 1.267237
-0.576695 0.132806 1.268330
-0.575392 0.133810 1.266008
-0.575500 0.134654 1.264833
-0.576122 0.135565 1.263889
-0.577161 0.136404 1.263321
-0.578459 0.137042 1.263215
-0.579821 0.137385 1.263586
-0.581035 0.137377 1.264381
-0.581920 0.137022 1.265474
-0.582339 0.136373 1.266703
-0.582231 0.135529 1.267879
-0.581609 0.134618 1.268822
-0.580570 0.133779 1.269390
-0.579271 0.133140 1.269496
-0.577910 0.132798 1.269125
-0.538557 -0.047612 1.270347
-0.543815 -0.045502 1.284131
-0.543621 -0.042931 1.266694
-0.551087 -0.037886 1.278989
-0.537353 -0.051663 1.286788
-0.534059 -0.051802 1.271807
-0.528603 -0.054180 1.271375
-0.543760 -0.040097 1.261376
-0.538516 -0.037967 1.257580
-0.543823 -0.038631 1.264573
-0.538235 -0.037952 1.257827
-0.543603 -0.038685 1.264922
-0.533363 -0.035267 1.252943
-0.533650 -0.035303 1.252704
-0.531975 -0.035016 1.250914
-0.532284 -0.035044 1.250670
-0.529050 -0.052209 1.274798
-0.528804 -0.052561 1.274646
-0.523002 -0.050975 1.266937
-0.522914 -0.051338 1.266892
-0.517017 -0.048433 1.261539
-0.517055 -0.048057 1.261527
-0.516249 -0.048508 1.259169
-0.516306 -0.048071 1.259157
-0.535936 -0.050813 1.286868
-0.536045 -0.051172 1.286954
-0.525111 -0.054224 1.265397
-0.520936 -0.053057 1.259304
-0.524815 -0.054176 1.265621
-0.520602 -0.053026 1.259495
-0.528188 -0.054684 1.269885
-0.528332 -0.054598 1.269499
-0.533946 -0.052587 1.270796
-0.518602 -0.051527 1.257682
-0.518260 -0.051485 1.257957
-0.516745 -0.049786 1.257623
-0.516743 -0.049955 1.257978
-0.533792 -0.037080 1.248931
-0.533739 -0.037511 1.248866
-0.536040 -0.039052 1.250103
-0.535915 -0.039400 1.249996
-0.541056 -0.041084 1.256232
-0.541106 -0.040713 1.256257
-0.532163 -0.035597 1.249786
-0.531772 -0.035719 1.249733
-0.543801 -0.041599 1.260780
-0.543980 -0.041248 1.260828
-0.543390 -0.044239 1.265504
-0.543581 -0.044029 1.265773
-0.538810 -0.048792 1.269553
-0.538716 -0.048956 1.269222
-0.537015 -0.051591 1.286963
-0.528449 -0.054068 1.271601
-0.543677 -0.039799 1.261289
-0.550978 -0.037537 1.279137
-0.550053 -0.036991 1.279390
-0.550399 -0.037009 1.279249
-0.517055 -0.048057 1.261527
-0.533363 -0.035267 1.252943
-0.523002 -0.050975 1.266937
-0.538235 -0.037952 1.257827
-0.533739 -0.037511 1.248866
-0.518602 -0.051527 1.257682
-0.516745 -0.049786 1.257623
-0.531772 -0.035719 1.249733
-0.516306 -0.048071 1.259157
-0.531975 -0.035016 1.250914
-0.542563 -0.043580 1.284150
-0.543603 -0.038685 1.264922
-0.550053 -0.036991 1.279390
-0.529050 -0.052209 1.274798
-0.535936 -0.050813 1.286868
-0.660408 0.071831 1.214683
-0.664036 0.073802 1.225115
-0.664509 0.075870 1.212125
-0.671466 0.081563 1.221064
-0.657369 0.067188 1.228684
-0.656379 0.067688 1.216247
-0.652505 0.064264 1.216838
-0.667003 0.078495 1.207221
-0.663949 0.079136 1.203750
-0.665276 0.076356 1.201448
-0.667019 0.078812 1.207187
-0.666892 0.080689 1.210996
-0.663472 0.079092 1.203722
-0.666632 0.080613 1.211474
-0.658990 0.079032 1.197043
-0.659423 0.079010 1.196899
-0.659040 0.078107 1.195161
-0.659476 0.078182 1.195232
-0.652226 0.066127 1.219337
-0.652027 0.065663 1.219167
-0.648727 0.064654 1.210964
-0.648735 0.064213 1.210977
-0.644979 0.064498 1.204171
-0.644942 0.064940 1.204111
-0.645352 0.063677 1.202040
-0.645312 0.064191 1.201984
-0.656152 0.068023 1.228949
-0.656241 0.067597 1.228999
-0.649521 0.060738 1.203255
-0.649089 0.060746 1.203395
-0.650773 0.061948 1.208561
-0.650351 0.061949 1.208683
-0.652651 0.063182 1.214381
-0.652892 0.063259 1.213930
-0.648060 0.061330 1.201396
-0.647617 0.061347 1.201620
-0.646356 0.062573 1.200735
-0.646265 0.062409 1.201160
-0.661819 0.075797 1.194662
-0.661684 0.075399 1.194507
-0.663249 0.075244 1.196219
-0.663289 0.074782 1.196293
-0.665159 0.075907 1.201559
-0.660307 0.076940 1.194146
-0.659981 0.076696 1.193924
-0.667109 0.077413 1.206357
-0.656939 0.067240 1.228824
-0.652289 0.064345 1.217072
-0.671397 0.081935 1.221018
-0.670429 0.082549 1.221239
-0.670845 0.082525 1.221098
-0.644942 0.064940 1.204111
-0.658990 0.079032 1.197043
-0.648727 0.064654 1.210964
-0.663472 0.079092 1.203722
-0.659981 0.076696 1.193924
-0.659040 0.078107 1.195161
-0.646356 0.062573 1.200735
-0.645312 0.064191 1.201984
-0.662725 0.075004 1.225344
-0.666632 0.080613 1.211474
-0.670429 0.082549 1.221239
-0.652226 0.066127 1.219337
-0.656152 0.068023 1.228949
-0.482568 0.054705 1.295313
-0.487677 0.050534 1.293930
-0.506340 0.063737 1.303520
-0.506868 0.061894 1.300746
-0.482535 0.045944 1.279063
-0.568512 0.112196 1.269638
-0.568454 0.114492 1.272423
-0.597152 0.128094 1.267959
-0.582382 0.115131 1.275747
-0.593717 0.135023 1.254489
-0.597913 0.130162 1.269378
-0.588955 0.134087 1.241253
-0.599024 0.131069 1.270207
-0.606587 0.139509 1.265705
-0.624606 0.157907 1.255832
-0.626183 0.159726 1.254946
-0.610408 0.140254 1.270871
-0.606262 0.135774 1.272757
-0.609274 0.137700 1.273780
-0.614668 0.143492 1.270630
-0.627131 0.156163 1.263425
-0.628336 0.158619 1.260505
-0.612247 0.138529 1.269481
-0.629279 0.155926 1.259623
-0.609281 0.137743 1.265324
-0.607102 0.123621 1.275924
-0.581545 0.116312 1.277771
-0.581181 0.115610 1.280069
-0.626153 0.155403 1.255833
-0.584337 0.135605 1.225437
-0.611340 0.162035 1.228611
-0.607045 0.158546 1.213954
-0.614248 0.159634 1.227706
-0.610449 0.156183 1.213835
-0.605706 0.152317 1.200604
-0.609307 0.150240 1.201225
-0.580352 0.122847 1.197783
-0.581672 0.129799 1.211519
-0.584747 0.130748 1.226149
-0.477089 0.041042 1.262688
-0.471211 0.043909 1.262802
-0.582186 0.124846 1.213683
-0.581686 0.127920 1.212371
-0.567272 0.114465 1.275083
-0.506338 0.064287 1.305743
-0.474847 0.029746 1.321309
-0.483325 0.040104 1.306453
-0.464048 0.031200 1.306685
-0.471105 0.035051 1.279046
-0.457333 0.028684 1.292357
-0.484704 0.025950 1.331059
-0.502165 0.033402 1.325786
-0.493750 0.019497 1.336189
-0.476973 -0.019781 1.248286
-0.488559 -0.005241 1.242432
-0.488611 -0.030065 1.250640
-0.507600 -0.021797 1.248106
-0.641292 0.104740 1.177655
-0.650132 0.097213 1.182718
-0.632518 0.114249 1.176035
-0.624349 0.124460 1.177431
-0.648221 0.094999 1.183318
-0.639216 0.102642 1.178155
-0.658426 0.092540 1.191193
-0.656651 0.090279 1.191937
-0.665341 0.091007 1.201783
-0.511959 -0.042712 1.267553
-0.529284 -0.031589 1.267700
-0.522297 -0.044976 1.280506
-0.527921 -0.044071 1.291581
-0.541370 -0.030214 1.289712
-0.500441 -0.037792 1.257146
-0.471112 -0.013122 1.248674
-0.457884 0.005816 1.257961
-0.454953 0.014162 1.266206
-0.472043 0.017674 1.253099
-0.473217 0.034027 1.246007
-0.469551 0.034876 1.246786
-0.472303 0.027817 1.239118
-0.579637 0.118502 1.199733
-0.579541 0.121179 1.198727
-0.576355 0.108255 1.176688
-0.578965 0.110039 1.176353
-0.587898 0.094441 1.173825
-0.596093 0.086480 1.175767
-0.590732 0.096809 1.174538
-0.598469 0.088241 1.175233
-0.540056 0.077894 1.197213
-0.454405 0.022721 1.278596
-0.611873 0.151480 1.200363
-0.612972 0.157351 1.212819
-0.616675 0.160789 1.226530
-0.613413 0.143781 1.189886
-0.608301 0.079241 1.181018
-0.612861 0.078378 1.182066
-0.630271 0.112318 1.176491
-0.621952 0.122721 1.177903
-0.628840 0.111259 1.172414
-0.620134 0.122645 1.174361
-0.584505 0.112377 1.187353
-0.594854 0.098981 1.180987
-0.602220 0.089493 1.180098
-0.615195 0.133084 1.182701
-0.610848 0.142413 1.190580
-0.612328 0.133927 1.179699
-0.607419 0.144185 1.188687
-0.617704 0.134626 1.182148
-0.638772 0.100614 1.174298
-0.648785 0.092150 1.180084
-0.658141 0.086972 1.189572
-0.663660 0.088751 1.202692
-0.665772 0.085354 1.201515
-0.670749 0.087024 1.212945
-0.667596 0.090601 1.212688
-0.669821 0.093891 1.221768
-0.676783 0.088661 1.223281
-0.674750 0.085743 1.216780
-0.677781 0.093298 1.232222
-0.677276 0.087583 1.223888
-0.678212 0.092325 1.232726
-0.675997 0.085271 1.218248
-0.670774 0.097968 1.229872
-0.671392 0.096090 1.220600
-0.672313 0.100117 1.228588
-0.670460 0.102759 1.236952
-0.671982 0.104843 1.235548
-0.669210 0.092836 1.211644
-0.674447 0.084553 1.216864
-0.670367 0.085672 1.213048
-0.672746 0.082422 1.218201
-0.668078 0.083329 1.214285
-0.666581 0.084842 1.217107
-0.670835 0.083953 1.220430
-0.656131 0.064480 1.228199
-0.660118 0.066977 1.227957
-0.672332 0.080186 1.220545
-0.655263 0.067142 1.229786
-0.675373 0.083565 1.218728
-0.651128 0.068265 1.226195
-0.651413 0.065468 1.224059
-0.642817 0.056590 1.229280
-0.651291 0.060042 1.230696
-0.654707 0.082325 1.264507
-0.654648 0.061302 1.231346
-0.632015 0.116562 1.280411
-0.645404 0.147705 1.265166
-0.645531 0.147668 1.263912
-0.653942 0.138629 1.265049
-0.653914 0.138760 1.263838
-0.661520 0.129539 1.263233
-0.661333 0.129811 1.261947
-0.637119 0.155486 1.261871
-0.636997 0.155521 1.263199
-0.639556 0.107738 1.279247
-0.630350 0.159266 1.261608
-0.630568 0.160262 1.258878
-0.631649 0.160066 1.260604
-0.629647 0.159929 1.259544
-0.627433 0.159850 1.254176
-0.645990 0.098928 1.276065
-0.643151 0.097046 1.276003
-0.643151 0.097046 1.276003
-0.651100 0.090370 1.271082
-0.645990 0.098928 1.276065
-0.636080 0.092166 1.276276
-0.636080 0.092166 1.276276
-0.605235 0.062762 1.295210
-0.605235 0.062762 1.295210
-0.548685 0.008741 1.330327
-0.548685 0.008741 1.330327
-0.663884 0.116706 1.263353
-0.667000 0.119751 1.261113
-0.663884 0.116706 1.263353
-0.667000 0.119751 1.261113
-0.651571 0.104481 1.272160
-0.651571 0.104481 1.272160
-0.672618 0.112540 1.255102
-0.667749 0.120853 1.259784
-0.672251 0.113180 1.253996
-0.667469 0.121254 1.258651
-0.675600 0.105716 1.247967
-0.675887 0.104902 1.248863
-0.502452 0.012098 1.339476
-0.518854 0.019544 1.332333
-0.510428 0.004580 1.341321
-0.517421 -0.003141 1.341035
-0.532346 0.004510 1.331331
-0.523264 -0.011043 1.338284
-0.530923 -0.025722 1.327403
-0.532539 -0.031965 1.319855
-0.541130 -0.010150 1.322488
-0.544284 -0.022219 1.308022
-0.527803 -0.018673 1.333624
-0.532598 -0.037210 1.311219
-0.532346 0.004510 1.331331
-0.523264 -0.011043 1.338284
-0.667698 0.116201 1.246326
-0.670433 0.110217 1.241470
-0.645228 0.145396 1.255176
-0.637724 0.152331 1.253356
-0.630333 0.157814 1.248935
-0.623455 0.160687 1.240286
-0.635698 0.150974 1.254926
-0.643318 0.143933 1.256809
-0.628196 0.156541 1.250412
-0.652311 0.137785 1.254916
-0.658601 0.130080 1.253086
-0.650516 0.136200 1.256582
-0.656902 0.128381 1.254759
-0.663765 0.122815 1.250170
-0.661860 0.122520 1.247410
-0.677459 0.099065 1.240688
-0.677833 0.098121 1.241438
-0.668901 0.108220 1.242978
-0.666127 0.114307 1.247924
-0.661860 0.122520 1.247410
-0.663765 0.122815 1.250170
-0.662138 0.121022 1.251825
-0.665004 0.121104 1.255603
-0.665004 0.121104 1.255603
-0.667469 0.121254 1.258651
-0.662138 0.121022 1.251825
-0.621179 0.159492 1.241637
-0.619135 0.162054 1.243653
-0.667749 0.120853 1.259784
-0.531066 -0.041296 1.301717
-0.463588 -0.003523 1.251927
-0.588305 0.107552 1.184168
-0.582553 0.105331 1.174591
-0.658889 0.121141 1.245287
-0.658889 0.121141 1.245287
-0.479269 0.056667 1.296620
-0.471733 0.052566 1.280548
-0.467381 0.044972 1.263245
-0.467240 0.034849 1.247616
-0.484414 0.033217 1.334338
-0.494281 0.026019 1.340123
-0.483667 0.031194 1.334190
-0.493108 0.024309 1.339659
-0.473068 0.036054 1.323756
-0.460168 0.038943 1.308101
-0.460515 0.041031 1.307750
-0.502866 0.016066 1.343494
-0.504166 0.017666 1.344011
-0.452340 0.036220 1.291789
-0.452589 0.038232 1.291114
-0.449244 0.030588 1.274368
-0.449118 0.028787 1.275497
-0.449960 0.018684 1.261296
-0.450047 0.020229 1.259816
-0.513409 0.009047 1.346364
-0.512050 0.007494 1.345824
-0.521629 0.000080 1.346269
-0.520035 -0.001225 1.345717
-0.528560 -0.009227 1.343207
-0.526762 -0.010259 1.342721
-0.453507 0.009284 1.252884
-0.453624 0.010760 1.251350
-0.459342 0.000590 1.245058
-0.459310 -0.000867 1.246666
-0.467049 -0.009828 1.241248
-0.466631 -0.010650 1.243164
-0.476707 -0.020308 1.239766
-0.475963 -0.020917 1.241675
-0.489105 -0.032639 1.244390
-0.490176 -0.032322 1.242575
-0.502394 -0.041425 1.251785
-0.503762 -0.041327 1.250154
-0.514977 -0.046830 1.263330
-0.516586 -0.046853 1.261937
-0.525690 -0.049003 1.277185
-0.527504 -0.049071 1.276062
-0.531896 -0.048004 1.289385
-0.533860 -0.048037 1.288565
-0.537639 -0.044941 1.300262
-0.535585 -0.044987 1.300819
-0.539545 -0.040239 1.311360
-0.537447 -0.040399 1.311674
-0.528560 -0.009227 1.343207
-0.533967 -0.018289 1.337800
-0.526762 -0.010259 1.342721
-0.532008 -0.019043 1.337456
-0.535608 -0.027184 1.330329
-0.537673 -0.026680 1.330473
-0.537453 -0.034398 1.321622
-0.539555 -0.034083 1.321547
-0.626616 0.120489 1.189324
-0.619107 0.132987 1.196099
-0.637159 0.108388 1.190287
-0.647908 0.099928 1.198735
-0.655987 0.097374 1.212399
-0.616642 0.142534 1.208798
-0.619883 0.146571 1.224020
-0.649254 0.123455 1.247096
-0.656762 0.110957 1.240321
-0.649254 0.123455 1.247096
-0.659228 0.101411 1.227620
-0.638710 0.135556 1.246130
-0.627961 0.144017 1.237685
-0.619107 0.132987 1.196099
-0.626616 0.120489 1.189324
-0.637159 0.108388 1.190287
-0.647908 0.099928 1.198735
-0.655987 0.097374 1.212399
-0.616642 0.142534 1.208798
-0.619883 0.146571 1.224020
-0.656762 0.110957 1.240321
-0.649254 0.123455 1.247096
-0.659228 0.101411 1.227620
-0.638710 0.135556 1.246130
-0.627961 0.144017 1.237685
-0.471105 0.035051 1.279046
-0.483325 0.040104 1.306453
-0.502165 0.033402 1.325786
-0.507600 -0.021797 1.248106
-0.488559 -0.005241 1.242432
-0.529284 -0.031589 1.267700
-0.544284 -0.022219 1.308022
-0.541370 -0.030214 1.289712
-0.472043 0.017674 1.253099
-0.518854 0.019544 1.332333
-0.532346 0.004510 1.331331
-0.541130 -0.010150 1.322488
-0.613769 0.079463 1.314718
-0.603572 0.069933 1.321495
-0.555070 0.089202 1.312355
-0.585485 0.053031 1.333515
-0.529691 0.066753 1.326770
-0.560977 0.030369 1.347581
-0.627444 0.027770 1.292801
-0.637097 0.038258 1.286677
-0.604571 0.001496 1.251944
-0.580288 -0.022907 1.265037
-0.610322 0.009165 1.303664
-0.586338 -0.014387 1.317155
-0.555250 -0.030375 1.341459
-0.580264 0.110609 1.296396
-0.627494 0.027182 1.238786
-0.553704 0.092671 1.314216
-0.574008 0.109968 1.301313
-0.627502 0.027099 1.231131
-0.625103 0.019414 1.238668
-0.624847 0.019006 1.230562
-0.485658 0.030215 1.353455
-0.487234 0.027043 1.351240
-0.485975 0.003177 1.367385
-0.489114 0.002343 1.363976
-0.541521 -0.006316 1.357589
-0.528239 0.070134 1.328716
-0.582316 -0.025766 1.262572
-0.606669 -0.001253 1.249410
-0.581085 -0.027424 1.254732
-0.605540 -0.002688 1.241518
-0.529241 -0.031889 1.353204
-0.526108 -0.023438 1.362637
-0.522808 -0.020731 1.360554
-0.632902 0.063805 1.299653
-0.627468 0.076043 1.305433
-0.639691 0.054454 1.290742
-0.555989 -0.052073 1.277049
-0.554795 -0.053889 1.269243
-0.500932 0.045554 1.344356
-0.502473 0.042278 1.342295
-0.554028 -0.049083 1.279417
-0.562660 -0.037136 1.330522
-0.537943 0.008684 1.360619
-0.520143 -0.008497 1.369366
-0.526114 -0.018274 1.365643
-0.541545 -0.045225 1.347624
-0.544997 -0.052279 1.339832
-0.540439 -0.066868 1.286539
-0.539693 -0.068618 1.278704
-0.658584 0.060395 1.240209
-0.640892 0.042148 1.223622
-0.529929 -0.074513 1.314117
-0.528280 -0.076503 1.308370
-0.538491 -0.063751 1.288769
-0.529925 -0.069723 1.314572
-0.537847 -0.033557 1.362030
-0.530946 -0.021263 1.369901
-0.545150 -0.026361 1.357886
-0.537468 -0.014616 1.366632
-0.552071 -0.038325 1.350079
-0.544571 -0.044854 1.354260
-0.504985 -0.009868 1.369498
-0.540546 -0.043176 1.349654
-0.527530 -0.020577 1.364602
-0.568066 0.113796 1.288583
-0.568103 0.117170 1.294459
-0.546622 0.099163 1.307991
-0.522709 -0.070142 1.316828
-0.527572 -0.073800 1.316208
-0.520758 -0.073504 1.308119
-0.525087 -0.076770 1.308335
-0.623303 0.030918 1.228852
-0.617561 0.024412 1.228532
-0.625901 0.028542 1.228913
-0.623001 0.020127 1.228451
-0.603686 -0.001626 1.239400
-0.532034 -0.064325 1.276414
-0.537107 -0.068534 1.276958
-0.552757 -0.053125 1.267181
-0.525087 -0.076770 1.308335
-0.520758 -0.073504 1.308119
-0.622775 0.087222 1.307654
-0.534850 -0.062104 1.334285
-0.520910 0.076558 1.322684
-0.644741 0.048426 1.281252
-0.590274 0.128296 1.277120
-0.590474 0.130215 1.280125
-0.575289 0.115719 1.286560
-0.575472 0.117610 1.289526
-0.622249 0.124029 1.279357
-0.622562 0.086940 1.301679
-0.623535 0.126253 1.282158
-0.623555 0.087851 1.304363
-0.620412 0.124513 1.279067
-0.622075 0.127111 1.281790
-0.627530 0.077527 1.302745
-0.632915 0.065512 1.297157
-0.518171 -0.011258 1.368245
-0.523461 -0.019281 1.364665
-0.517116 -0.011871 1.365945
-0.641845 0.052883 1.278503
-0.644218 0.051356 1.279526
-0.485806 0.000011 1.366791
-0.488822 -0.000818 1.363270
-0.485990 -0.002640 1.361387
-0.488100 -0.002873 1.360477
-0.478240 0.005370 1.363950
-0.477421 0.002407 1.359510
-0.477696 0.036274 1.348266
-0.478240 0.005370 1.363950
-0.476908 0.033025 1.342652
-0.477421 0.002407 1.359510
-0.569256 0.116675 1.297263
-0.548046 0.098849 1.310622
-0.658952 0.063453 1.240243
-0.655544 0.065305 1.239953
-0.524484 -0.067105 1.316462
-0.527431 -0.069012 1.316544
-0.536551 -0.044894 1.344402
-0.538711 -0.045893 1.346908
-0.539545 -0.051204 1.339440
-0.541542 -0.052325 1.340491
-0.493298 0.051862 1.338639
-0.503823 -0.014299 1.366012
-0.503900 -0.012830 1.368812
-0.537095 -0.042384 1.350312
-0.532063 -0.061925 1.335689
-0.528958 -0.059909 1.335622
-0.579220 -0.026419 1.252602
-0.636806 0.046110 1.221190
-0.639449 0.043712 1.221257
-0.655417 0.064807 1.238480
-0.658675 0.063386 1.238454
-0.522381 0.076232 1.325286
-0.495007 0.051672 1.341095
-0.479756 0.036096 1.350665
-0.480473 0.007329 1.365166
-0.623535 0.126253 1.282158
-0.622249 0.124029 1.279357
-0.621387 0.126112 1.284665
-0.529382 -0.024078 1.367899
-0.535374 -0.034446 1.361068
-0.591419 0.129507 1.283082
-0.576540 0.117109 1.292385
-0.540945 -0.044086 1.354717
-0.590821 0.125495 1.273561
-0.621453 0.123538 1.274722
-0.590533 0.126957 1.275394
-0.622116 0.124680 1.276729
-0.574792 0.114189 1.281946
-0.574478 0.115710 1.283957
-0.486745 -0.003880 1.358144
-0.476528 0.004570 1.355128
-0.567402 0.110438 1.284711
-0.545187 0.091320 1.297530
-0.545060 0.094160 1.299737
-0.519534 0.071953 1.314836
-0.519252 0.069932 1.312801
-0.476189 0.030945 1.340484
-0.476528 0.004570 1.355128
-0.503694 -0.016157 1.364058
-0.516285 -0.013600 1.363749
-0.477507 0.029155 1.337925
-0.493288 0.045291 1.327851
-0.476937 0.004737 1.351477
-0.476937 0.004737 1.351477
-0.486772 -0.004276 1.355599
-0.504172 -0.016830 1.361198
-0.514800 -0.013469 1.361122
-0.519375 -0.019557 1.358041
-0.526839 -0.031371 1.350786
-0.536786 -0.050052 1.339376
-0.527077 -0.057566 1.335781
-0.522675 -0.066279 1.316010
-0.519929 -0.070548 1.305503
-0.533191 -0.043651 1.341535
-0.535298 -0.049111 1.337728
-0.526035 -0.055523 1.334779
-0.520554 -0.064013 1.314392
-0.518430 -0.067498 1.305157
-0.519929 -0.070548 1.305503
-0.528706 -0.063087 1.277159
-0.518430 -0.067498 1.305157
-0.527243 -0.060991 1.278104
-0.571413 -0.018164 1.251175
-0.543870 -0.044735 1.266707
-0.595033 0.006913 1.238364
-0.613357 0.026883 1.228933
-0.619481 0.033758 1.227844
-0.621403 0.032108 1.227455
-0.633189 0.048529 1.221608
-0.635054 0.047270 1.221484
-0.654858 0.067733 1.238030
-0.652617 0.068929 1.237985
-0.641193 0.055260 1.276841
-0.639737 0.056888 1.274686
-0.655151 0.067869 1.239549
-0.652592 0.069266 1.238986
-0.634356 0.059265 1.283273
-0.636008 0.058419 1.284666
-0.628435 0.067398 1.290470
-0.623156 0.078553 1.295835
-0.624819 0.078301 1.297824
-0.623088 0.087459 1.299001
-0.622444 0.087901 1.296231
-0.623353 0.123838 1.276964
-0.623053 0.122704 1.275133
-0.623053 0.122704 1.275133
-0.623353 0.123838 1.276964
-0.493288 0.045291 1.327851
-0.521894 -0.004915 1.354547
-0.519252 0.069932 1.312801
-0.545187 0.091320 1.297530
-0.609531 0.078901 1.301261
-0.567402 0.110438 1.284711
-0.574792 0.114189 1.281946
-0.622444 0.087901 1.296231
-0.590821 0.125495 1.273561
-0.621453 0.123538 1.274722
-0.623053 0.122704 1.275133
-0.514800 -0.013469 1.361122
-0.477507 0.029155 1.337925
-0.486772 -0.004276 1.355599
-0.476937 0.004737 1.351477
-0.504172 -0.016830 1.361198
-0.639737 0.056888 1.274686
-0.631719 0.049739 1.275352
-0.633189 0.048529 1.221608
-0.619481 0.033758 1.227844
-0.613357 0.026883 1.228933
-0.595033 0.006913 1.238364
-0.571413 -0.018164 1.251175
-0.541488 -0.041243 1.331127
-0.543870 -0.044735 1.266707
-0.535298 -0.049111 1.337728
-0.527243 -0.060991 1.278104
-0.518430 -0.067498 1.305157
-0.520554 -0.064013 1.314392
-0.526035 -0.055523 1.334779
-0.652617 0.068929 1.237985
-0.658952 0.063453 1.240243
-0.655544 0.065305 1.239953
-0.655151 0.067869 1.239549
-0.652592 0.069266 1.238986
-0.634356 0.059265 1.283273
-0.623156 0.078553 1.295835
-0.519375 -0.019557 1.358041
-0.533191 -0.043651 1.341535
-0.526839 -0.031371 1.350786
-0.628435 0.067398 1.290470
-0.652592 0.069266 1.238986
-0.729659 0.179585 1.158194
-0.724705 0.169667 1.177590
-0.728231 0.175251 1.155377
-0.697077 0.224204 1.194108
-0.690011 0.223613 1.197607
-0.698595 0.207730 1.206588
-0.682562 0.178377 1.237994
-0.670009 0.188601 1.226980
-0.677699 0.211081 1.207794
-0.679193 0.215489 1.203978
-0.710705 0.134071 1.208681
-0.708408 0.127379 1.215813
-0.718129 0.200569 1.197723
-0.720851 0.199121 1.197516
-0.715492 0.199437 1.203465
-0.716675 0.145872 1.225403
-0.699890 0.166770 1.243235
-0.715517 0.144962 1.227094
-0.717494 0.130685 1.206026
-0.731779 0.160058 1.170237
-0.736446 0.176878 1.160567
-0.735274 0.172322 1.157273
-0.680523 0.186849 1.242282
-0.689029 0.217006 1.213998
-0.700567 0.226985 1.200437
-0.691932 0.227088 1.203845
-0.670687 0.193605 1.232727
-0.678751 0.216039 1.213562
-0.714742 0.132085 1.226789
-0.713872 0.133379 1.228086
-0.713906 0.141429 1.226427
-0.715394 0.125449 1.217982
-0.714972 0.123500 1.214672
-0.681729 0.172376 1.253508
-0.678326 0.174670 1.253218
-0.689117 0.166834 1.252625
-0.685963 0.169380 1.253394
-0.729481 0.158892 1.159720
-0.727840 0.154693 1.164742
-0.712700 0.133849 1.188816
-0.669126 0.186951 1.239189
-0.710086 0.128431 1.194812
-0.696035 0.166412 1.245414
-0.691720 0.163560 1.250896
-0.691120 0.164853 1.251783
-0.726375 0.183329 1.195394
-0.726056 0.191388 1.191347
-0.704405 0.210554 1.210739
-0.702665 0.212905 1.210753
-0.713574 0.200789 1.205514
-0.727614 0.179832 1.189325
-0.726905 0.182379 1.190836
-0.702967 0.226640 1.199045
-0.702072 0.215221 1.208936
-0.725600 0.189490 1.189093
-0.731472 0.170439 1.181073
-0.715027 0.129763 1.224335
-0.732257 0.169080 1.178365
-0.715448 0.127709 1.221574
-0.733212 0.169960 1.175185
-0.736684 0.178476 1.161682
-0.711634 0.200736 1.193557
-0.715834 0.202002 1.195735
-0.708894 0.199569 1.199466
-0.713014 0.200827 1.201804
-0.716932 0.200452 1.194562
-0.712710 0.199255 1.192387
-0.734408 0.178483 1.158665
-0.729659 0.179585 1.158194
-0.732912 0.173601 1.155230
-0.728231 0.175251 1.155377
-0.690011 0.223613 1.197607
-0.697077 0.224204 1.194108
-0.690637 0.226741 1.200842
-0.699043 0.227096 1.197568
-0.670009 0.188601 1.226980
-0.677699 0.211081 1.207794
-0.669179 0.191968 1.230439
-0.677130 0.214509 1.211251
-0.678811 0.218963 1.207410
-0.679193 0.215489 1.203978
-0.711895 0.130621 1.227051
-0.707519 0.130312 1.224824
-0.710681 0.132440 1.228638
-0.706551 0.131970 1.226048
-0.710695 0.141596 1.226672
-0.706612 0.141269 1.223981
-0.707706 0.126583 1.218751
-0.712246 0.124692 1.218680
-0.707362 0.125602 1.216220
-0.711707 0.123035 1.215465
-0.676603 0.171918 1.252271
-0.679900 0.169728 1.252805
-0.676267 0.168560 1.248496
-0.678688 0.166711 1.249127
-0.686832 0.164584 1.252287
-0.683694 0.162758 1.248998
-0.683916 0.166942 1.252990
-0.681537 0.164479 1.249484
-0.726523 0.159082 1.158292
-0.722174 0.161219 1.159005
-0.724726 0.155013 1.163879
-0.720715 0.157779 1.164770
-0.706283 0.137904 1.189447
-0.709722 0.134658 1.188142
-0.667532 0.184853 1.237438
-0.668436 0.181490 1.233994
-0.706943 0.128724 1.194808
-0.703585 0.131922 1.196383
-0.694701 0.164010 1.243701
-0.696344 0.164190 1.241253
-0.690991 0.163098 1.240635
-0.692530 0.163444 1.238259
-0.688676 0.162778 1.251454
-0.689881 0.160853 1.249940
-0.685159 0.161422 1.248274
-0.686160 0.160024 1.246865
-0.722675 0.191756 1.187777
-0.718457 0.190384 1.185695
-0.703038 0.211664 1.207713
-0.700559 0.209064 1.204352
-0.703681 0.210440 1.207596
-0.700465 0.208331 1.204522
-0.711888 0.201499 1.202885
-0.708074 0.199825 1.200280
-0.725422 0.182429 1.187928
-0.721046 0.181462 1.185929
-0.725752 0.180816 1.186945
-0.721194 0.180271 1.185214
-0.703648 0.226665 1.194844
-0.701282 0.223959 1.191517
-0.702696 0.213242 1.206447
-0.700459 0.210451 1.203097
-0.719861 0.188028 1.184163
-0.724159 0.189371 1.186090
-0.729526 0.172271 1.179249
-0.724889 0.172428 1.177621
-0.712104 0.128484 1.224726
-0.707598 0.128895 1.223251
-0.730200 0.171587 1.177801
-0.725559 0.172400 1.176432
-0.707825 0.127696 1.221322
-0.731012 0.172270 1.175709
-0.726300 0.173355 1.174862
-0.730173 0.182896 1.160362
-0.734911 0.181768 1.160876
-0.710742 0.144006 1.226340
-0.706845 0.143592 1.223385
-0.712710 0.199255 1.192387
-0.718457 0.190384 1.185695
-0.706845 0.143592 1.223385
-0.692530 0.163444 1.238259
-0.680379 0.220001 1.210004
-0.706551 0.131970 1.226048
-0.707519 0.130312 1.224824
-0.706612 0.141269 1.223981
-0.707706 0.126583 1.218751
-0.707362 0.125602 1.216220
-0.676267 0.168560 1.248496
-0.678688 0.166711 1.249127
-0.681537 0.164479 1.249484
-0.683694 0.162758 1.248998
-0.720715 0.157779 1.164770
-0.706283 0.137904 1.189447
-0.668436 0.181490 1.233994
-0.703585 0.131922 1.196383
-0.690991 0.163098 1.240635
-0.685159 0.161422 1.248274
-0.686160 0.160024 1.246865
-0.700465 0.208331 1.204522
-0.700559 0.209064 1.204352
-0.708074 0.199825 1.200280
-0.708894 0.199569 1.199466
-0.721194 0.180271 1.185214
-0.721046 0.181462 1.185929
-0.701282 0.223959 1.191517
-0.700459 0.210451 1.203097
-0.719861 0.188028 1.184163
-0.724889 0.172428 1.177621
-0.707598 0.128895 1.223251
-0.725559 0.172400 1.176432
-0.707825 0.127696 1.221322
-0.726300 0.173355 1.174862
-0.730173 0.182896 1.160362
-0.711634 0.200736 1.193557
-0.568564 0.131788 1.244747
-0.569265 0.132362 1.244348
-0.568498 0.134222 1.245672
-0.569574 0.135104 1.245075
-0.555553 0.115883 1.197632
-0.554694 0.117344 1.195642
-0.556217 0.116427 1.197258
-0.555717 0.118182 1.195075
-0.499957 0.072549 1.226731
-0.502630 0.072769 1.227994
-0.561274 0.112441 1.180086
-0.479110 0.044932 1.226819
-0.572355 0.099512 1.181475
-0.490433 0.032231 1.228056
-0.574999 0.140200 1.250944
-0.577089 0.141453 1.244899
-0.556677 0.117973 1.185340
-0.561151 0.122113 1.187751
-0.491085 0.064834 1.229258
-0.495099 0.067534 1.220151
-0.496495 0.075214 1.295734
-0.505930 0.082894 1.283117
-0.535763 0.107720 1.273330
-0.513814 0.089469 1.276730
-0.479709 0.055622 1.238521
-0.475546 0.051719 1.236419
-0.481054 0.056489 1.235059
-0.477598 0.052968 1.230371
-0.496139 0.074746 1.288729
-0.491487 0.071066 1.293534
-0.493478 0.072310 1.287540
-0.559253 0.114851 1.181627
-0.565857 0.120949 1.185157
-0.478025 0.048100 1.227845
-0.474973 0.046264 1.236757
-0.498284 0.072625 1.300173
-0.491689 0.066534 1.296657
-0.568825 0.119409 1.184114
-0.476319 0.043135 1.234391
-0.492948 0.063738 1.298586
-0.500215 0.070477 1.302140
-0.561070 0.120533 1.267402
-0.515710 0.088532 1.274750
-0.486117 0.059777 1.276690
-0.487737 0.060789 1.272879
-0.486173 0.064617 1.274496
-0.487724 0.065449 1.270590
-0.481264 0.053367 1.256111
-0.480860 0.058168 1.255457
-0.483487 0.055690 1.258140
-0.483700 0.060805 1.256712
-0.488587 0.066382 1.270128
-0.484579 0.061525 1.255858
-0.506535 0.080320 1.282832
-0.497717 0.072986 1.287886
-0.490793 0.065218 1.269781
-0.495614 0.071062 1.286946
-0.484126 0.053075 1.258352
-0.487967 0.058318 1.273701
-0.483982 0.058081 1.274640
-0.486841 0.060428 1.255714
-0.492152 0.062817 1.230643
-0.480530 0.053211 1.260191
-0.480160 0.054367 1.271095
-0.478857 0.052787 1.266424
-0.475762 0.050665 1.273335
-0.476998 0.052164 1.277765
-0.477131 0.049123 1.273474
-0.479177 0.049710 1.277987
-0.474525 0.049166 1.268904
-0.475894 0.047624 1.269043
-0.473289 0.047667 1.264473
-0.475468 0.045213 1.264695
-0.482266 0.027056 1.249755
-0.487593 0.030466 1.235664
-0.470962 0.039750 1.248546
-0.473966 0.043393 1.259313
-0.478320 0.047038 1.256878
-0.483052 0.051863 1.259380
-0.480652 0.051497 1.283269
-0.485096 0.055252 1.281159
-0.487005 0.056790 1.274498
-0.579484 0.139366 1.253922
-0.582569 0.141217 1.245066
-0.582347 0.137968 1.255333
-0.585874 0.140081 1.245224
-0.478994 0.052633 1.266438
-0.487127 0.057714 1.288438
-0.482779 0.054076 1.290896
-0.483703 0.055196 1.294206
-0.483110 0.055299 1.235870
-0.482041 0.054609 1.238623
-0.482481 0.050857 1.256836
-0.476255 0.044536 1.249482
-0.471929 0.040922 1.252010
-0.476047 0.050328 1.284948
-0.488670 0.036029 1.286111
-0.491907 0.038738 1.284292
-0.482057 0.055384 1.281849
-0.484115 0.057880 1.289226
-0.478174 0.052908 1.292575
-0.467324 0.039753 1.253689
-0.479992 0.025512 1.255019
-0.483228 0.028222 1.253201
-0.473214 0.044678 1.250310
-0.475271 0.047171 1.257680
-0.469362 0.042224 1.260993
-0.572122 0.107579 1.268436
-0.511433 0.057683 1.303043
-0.590632 0.134828 1.265369
-0.596224 0.128206 1.265922
-0.577385 0.123971 1.272879
-0.583001 0.117363 1.273415
-0.594421 0.136686 1.255154
-0.579900 0.106488 1.185502
-0.504083 0.050879 1.299492
-0.485256 0.030679 1.260465
-0.494943 0.042417 1.295171
-0.494024 0.041303 1.291879
-0.599783 0.130323 1.255668
-0.490788 0.038594 1.293697
-0.482019 0.027969 1.262284
-0.492650 0.066628 1.272680
-0.491970 0.070776 1.273596
-0.495712 0.070387 1.283758
-0.494044 0.073321 1.281098
-0.501747 0.074319 1.267556
-0.505701 0.079172 1.281860
-0.498793 0.076544 1.269754
-0.501759 0.080184 1.280482
-0.497665 0.076723 1.282788
-0.499333 0.073788 1.285447
-0.484028 0.056046 1.241490
-0.483349 0.060194 1.242406
-0.487089 0.059803 1.252564
-0.485421 0.062738 1.249904
-0.492232 0.062640 1.233135
-0.496187 0.067494 1.247440
-0.489279 0.064865 1.235333
-0.492244 0.068505 1.246061
-0.485864 0.057257 1.236722
-0.485185 0.061404 1.237639
-0.460409 0.056004 1.270552
-0.461060 0.056003 1.270603
-0.463932 0.060011 1.280895
-0.464546 0.059892 1.280768
-0.467400 0.063035 1.290028
-0.466883 0.063005 1.290375
-0.460742 0.050225 1.261740
-0.461378 0.050204 1.261785
-0.467157 0.027869 1.237277
-0.474680 0.015168 1.229897
-0.467757 0.027979 1.237482
-0.475221 0.015380 1.230163
-0.463018 0.039594 1.247882
-0.462388 0.039566 1.247762
-0.443104 0.036877 1.270768
-0.443075 0.042664 1.279622
-0.443076 0.036360 1.271142
-0.443043 0.042225 1.280157
-0.444306 0.025415 1.257149
-0.448925 0.013318 1.246753
-0.448946 0.013702 1.246241
-0.446686 0.046474 1.289869
-0.446629 0.045867 1.290059
-0.465517 -0.011606 1.235796
-0.476216 -0.023271 1.234728
-0.465600 -0.011420 1.235191
-0.476380 -0.023176 1.234118
-0.456565 0.000582 1.238931
-0.456519 0.000311 1.239509
-0.450039 0.049189 1.299540
-0.449987 0.048574 1.299700
-0.456885 0.051726 1.314415
-0.456846 0.051109 1.314587
-0.459735 0.051789 1.317523
-0.459640 0.051172 1.317656
-0.477730 0.065057 1.314417
-0.477060 0.065199 1.314293
-0.475880 0.064395 1.308576
-0.475309 0.064583 1.308803
-0.473230 0.065308 1.304856
-0.473846 0.065218 1.304684
-0.476567 0.061750 1.304769
-0.476504 0.061514 1.305932
-0.476653 0.062872 1.308687
-0.476559 0.062276 1.308900
-0.477933 0.063641 1.314486
-0.478099 0.064319 1.314504
-0.476990 0.061177 1.305714
-0.468560 0.054209 1.309996
-0.476504 0.061514 1.305932
-0.468199 0.054721 1.310114
-0.476907 0.061252 1.304742
-0.486762 0.059006 1.317311
-0.476990 0.061177 1.305714
-0.486309 0.059145 1.317739
-0.475509 0.063946 1.317263
-0.476023 0.063730 1.317591
-0.473912 0.062047 1.320630
-0.473451 0.062290 1.320254
-0.471386 0.060010 1.322931
-0.471020 0.060312 1.322475
-0.460569 0.047422 1.314979
-0.460268 0.047928 1.314992
-0.483350 0.003425 1.226152
-0.483838 0.003718 1.226442
-0.493598 -0.008232 1.225152
-0.494036 -0.007864 1.225438
-0.505504 -0.019660 1.227301
-0.505898 -0.019228 1.227559
-0.516501 -0.028799 1.231551
-0.517027 -0.028413 1.231825
-0.522666 -0.032857 1.234397
-0.522857 -0.032267 1.234553
-0.489088 -0.034317 1.236194
-0.488891 -0.034399 1.236796
-0.500673 -0.042693 1.240968
-0.500817 -0.042503 1.240353
-0.470086 0.045084 1.327366
-0.469905 0.044472 1.327342
-0.460569 0.047422 1.314979
-0.459879 0.047032 1.314315
-0.459533 0.047522 1.314369
-0.460558 0.049572 1.317747
-0.460268 0.047928 1.314992
-0.461166 0.049438 1.317605
-0.462826 0.051669 1.323059
-0.463314 0.051432 1.322650
-0.465497 0.053876 1.323626
-0.465773 0.053481 1.323197
-0.468764 0.056591 1.323861
-0.468968 0.056146 1.323444
-0.471920 0.058612 1.322642
-0.471844 0.059144 1.323026
-0.474348 0.061211 1.320724
-0.474331 0.060625 1.320440
-0.476427 0.062937 1.317683
-0.476370 0.062330 1.317465
-0.462358 0.052505 1.322973
-0.462317 0.053063 1.322583
-0.465023 0.054739 1.323534
-0.464831 0.055161 1.323092
-0.468043 0.057845 1.323301
-0.468292 0.057466 1.323767
-0.520011 -0.027198 1.240921
-0.506846 -0.016994 1.235114
-0.520317 -0.027143 1.240365
-0.507079 -0.016867 1.234529
-0.525516 -0.030843 1.243041
-0.525316 -0.030987 1.243657
-0.527365 -0.033223 1.241839
-0.527432 -0.033725 1.242328
-0.526758 -0.034398 1.238219
-0.526735 -0.035076 1.238227
-0.479574 -0.020539 1.240908
-0.480011 -0.020112 1.241093
-0.491199 -0.030842 1.243475
-0.491616 -0.030393 1.243667
-0.505043 -0.040282 1.250273
-0.504744 -0.040808 1.250074
-0.469631 -0.009830 1.241720
-0.510180 -0.044053 1.252427
-0.509707 -0.044421 1.252143
-0.511993 -0.046606 1.250719
-0.511327 -0.046654 1.250647
-0.511354 -0.047906 1.246879
-0.510763 -0.047819 1.247215
-0.507164 -0.046033 1.243350
-0.506759 -0.046016 1.243857
-0.449872 0.021721 1.261665
-0.450507 0.021766 1.261757
-0.454121 0.011649 1.251990
-0.454726 0.011800 1.252133
-0.461714 0.000944 1.245358
-0.461156 0.000684 1.245186
-0.448973 0.030599 1.274184
-0.451908 0.038149 1.289667
-0.449613 0.030556 1.274174
-0.452528 0.038059 1.289541
-0.495588 -0.006708 1.232501
-0.495378 -0.006899 1.233073
-0.485943 0.003731 1.233525
-0.485760 0.003480 1.234082
-0.477970 0.013982 1.237427
-0.478112 0.014293 1.236885
-0.471655 0.025030 1.243955
-0.471745 0.025424 1.243460
-0.467922 0.035593 1.252840
-0.467870 0.035115 1.253262
-0.466920 0.044461 1.265140
-0.466880 0.043916 1.265471
-0.468966 0.051303 1.280299
-0.469018 0.051887 1.280047
-0.497183 0.053780 1.328533
-0.496799 0.053872 1.329036
-0.472350 0.055137 1.289735
-0.472276 0.054521 1.289889
-0.479553 0.057050 1.304299
-0.479474 0.056425 1.304419
-0.487650 0.054673 1.315674
-0.487840 0.055283 1.315681
-0.497652 0.050248 1.326452
-0.497886 0.050838 1.326519
-0.508346 0.042987 1.336044
-0.508579 0.043585 1.336089
-0.508128 0.045483 1.337439
-0.507713 0.045618 1.337912
-0.455344 0.040961 1.298962
-0.455938 0.040857 1.298750
-0.462768 0.042815 1.313766
-0.463311 0.042699 1.313448
-0.471212 0.040868 1.325679
-0.471685 0.040742 1.325269
-0.481337 0.037162 1.337194
-0.481784 0.037040 1.336754
-0.480644 0.040583 1.338873
-0.480454 0.039973 1.338845
-0.492124 0.034278 1.347880
-0.491925 0.033666 1.347858
-0.492502 0.031846 1.346776
-0.492946 0.031701 1.346332
-0.461166 0.049438 1.317605
-0.463314 0.051432 1.322650
-0.465773 0.053481 1.323197
-0.474331 0.060625 1.320440
-0.476370 0.062330 1.317465
-0.468968 0.056146 1.323444
-0.476559 0.062276 1.308900
-0.477933 0.063641 1.314486
-0.511354 -0.047906 1.246879
-0.526735 -0.035076 1.238227
-0.511993 -0.046606 1.250719
-0.527432 -0.033725 1.242328
-0.527432 -0.033725 1.242328
-0.511993 -0.046606 1.250719
-0.525316 -0.030987 1.243657
-0.510180 -0.044053 1.252427
-0.520011 -0.027198 1.240921
-0.505043 -0.040282 1.250273
-0.491616 -0.030393 1.243667
-0.506846 -0.016994 1.235114
-0.480011 -0.020112 1.241093
-0.495378 -0.006899 1.233073
-0.449613 0.030556 1.274174
-0.466880 0.043916 1.265471
-0.450507 0.021766 1.261757
-0.467870 0.035115 1.253262
-0.481784 0.037040 1.336754
-0.497652 0.050248 1.326452
-0.471685 0.040742 1.325269
-0.487650 0.054673 1.315674
-0.486309 0.059145 1.317739
-0.496799 0.053872 1.329036
-0.470086 0.045084 1.327366
-0.480644 0.040583 1.338873
-0.479474 0.056425 1.304419
-0.472276 0.054521 1.289889
-0.463311 0.042699 1.313448
-0.455938 0.040857 1.298750
-0.468966 0.051303 1.280299
-0.452528 0.038059 1.289541
-0.485760 0.003480 1.234082
-0.470147 -0.009492 1.241901
-0.477970 0.013982 1.237427
-0.461714 0.000944 1.245358
-0.492124 0.034278 1.347880
-0.507713 0.045618 1.337912
-0.492946 0.031701 1.346332
-0.508346 0.042987 1.336044
-0.471920 0.058612 1.322642
-0.454726 0.011800 1.252133
-0.471655 0.025030 1.243955
-0.602690 0.163211 1.224616
-0.602015 0.163330 1.224787
-0.598169 0.157443 1.206414
-0.597462 0.157523 1.206444
-0.597578 0.152633 1.199301
-0.598279 0.152624 1.199374
-0.599148 0.143215 1.186822
-0.599837 0.143271 1.186983
-0.604272 0.131356 1.176450
-0.604905 0.131531 1.176718
-0.612301 0.118470 1.170288
-0.612864 0.118755 1.170610
-0.609107 0.165493 1.242235
-0.581839 0.129491 1.193906
-0.580367 0.139232 1.206928
-0.581775 0.128957 1.194366
-0.580313 0.138646 1.207315
-0.587014 0.116604 1.183704
-0.587121 0.117038 1.183155
-0.595274 0.104136 1.177512
-0.595460 0.104467 1.176916
-0.580261 0.143892 1.214442
-0.580219 0.143243 1.214728
-0.616755 0.079795 1.177097
-0.617096 0.079932 1.176494
-0.605532 0.091136 1.174905
-0.605784 0.091372 1.174287
-0.591665 0.151540 1.250275
-0.594236 0.151091 1.253174
-0.591593 0.150838 1.250323
-0.594076 0.150359 1.253102
-0.585112 0.148367 1.232849
-0.585168 0.149053 1.232695
-0.596611 0.152481 1.259416
-0.596625 0.151862 1.259818
-0.612146 0.165683 1.251865
-0.612875 0.165561 1.251991
-0.610696 0.164307 1.254455
-0.611242 0.164067 1.254911
-0.608837 0.162186 1.258241
-0.608385 0.162454 1.257746
-0.606022 0.159720 1.260465
-0.605679 0.160073 1.259940
-0.610126 0.164533 1.245474
-0.610697 0.164469 1.245030
-0.622149 0.106183 1.167836
-0.622609 0.106589 1.168191
-0.633117 0.094575 1.169950
-0.633480 0.095085 1.170281
-0.643655 0.085557 1.175344
-0.643929 0.086136 1.175639
-0.648330 0.081863 1.178334
-0.648596 0.082448 1.178621
-0.652676 0.078493 1.181308
-0.653009 0.079068 1.181683
-0.628310 0.070269 1.182706
-0.628704 0.070373 1.182131
-0.633053 0.066563 1.185974
-0.633501 0.066640 1.185436
-0.603845 0.145078 1.263073
-0.603774 0.144357 1.263227
-0.596217 0.147541 1.252164
-0.595415 0.147162 1.251214
-0.604192 0.155227 1.249231
-0.604598 0.154671 1.249079
-0.595954 0.148156 1.252214
-0.596217 0.147541 1.252164
-0.595086 0.147834 1.251566
-0.597063 0.151097 1.259887
-0.595954 0.148156 1.252214
-0.597652 0.150835 1.259489
-0.611830 0.161909 1.244428
-0.612313 0.161539 1.244136
-0.601043 0.153754 1.260516
-0.603538 0.156764 1.261320
-0.603785 0.156263 1.260877
-0.606339 0.158505 1.260174
-0.606264 0.159127 1.260576
-0.609137 0.161426 1.258447
-0.609117 0.160754 1.258184
-0.611637 0.163501 1.254898
-0.611527 0.162794 1.254717
-0.600371 0.154818 1.261008
-0.600184 0.155321 1.260542
-0.602963 0.157804 1.260719
-0.603212 0.157379 1.261235
-0.613230 0.164096 1.252026
-0.613364 0.164832 1.252057
-0.611830 0.161909 1.244428
-0.611786 0.162325 1.243352
-0.612144 0.161627 1.242945
-0.620700 0.159508 1.254269
-0.612313 0.161539 1.244136
-0.620233 0.159614 1.254800
-0.649432 0.084238 1.187907
-0.643776 0.088472 1.183763
-0.649839 0.084319 1.187336
-0.644174 0.088571 1.183189
-0.653697 0.081872 1.189596
-0.653475 0.081700 1.190304
-0.655424 0.079843 1.188353
-0.655512 0.079315 1.188857
-0.633752 0.097163 1.178358
-0.634094 0.097308 1.177757
-0.655421 0.078027 1.184785
-0.655510 0.077277 1.184890
-0.628959 0.072587 1.190811
-0.617946 0.081575 1.184629
-0.629084 0.073238 1.190962
-0.618282 0.082109 1.184952
-0.607341 0.091943 1.182108
-0.607791 0.092363 1.182462
-0.639261 0.066230 1.197585
-0.641182 0.063940 1.195907
-0.638803 0.065818 1.197244
-0.640481 0.063771 1.195724
-0.641081 0.062199 1.192277
-0.640385 0.062262 1.192550
-0.637962 0.063359 1.188792
-0.637276 0.063382 1.189110
-0.588045 0.138737 1.224354
-0.592586 0.141794 1.237530
-0.588736 0.138639 1.224233
-0.593248 0.141698 1.237306
-0.586449 0.133131 1.211060
-0.587553 0.124959 1.199779
-0.586861 0.124919 1.199625
-0.591673 0.114705 1.190407
-0.591040 0.114534 1.190140
-0.598564 0.103561 1.184432
-0.598005 0.103284 1.184093
-0.624107 0.107150 1.176070
-0.624370 0.107379 1.175454
-0.609101 0.129290 1.183025
-0.615732 0.118292 1.177224
-0.609002 0.128845 1.183567
-0.615563 0.117961 1.177826
-0.604976 0.138821 1.192603
-0.605030 0.139360 1.192148
-0.603691 0.146878 1.203569
-0.603733 0.147496 1.203228
-0.605512 0.152571 1.216567
-0.605572 0.153239 1.216343
-0.621877 0.154620 1.251945
-0.630283 0.147759 1.257025
-0.622131 0.155281 1.252069
-0.630945 0.148113 1.257439
-0.614708 0.157542 1.241571
-0.614610 0.156840 1.241591
-0.609415 0.156335 1.229492
-0.609333 0.155648 1.229626
-0.605868 0.140198 1.260436
-0.598433 0.142653 1.249524
-0.605325 0.140308 1.260890
-0.597823 0.142778 1.249865
-0.614413 0.133561 1.266683
-0.614475 0.133778 1.265864
-0.630260 0.151618 1.260835
-0.629820 0.151673 1.261387
-0.601043 0.153754 1.260516
-0.597652 0.150835 1.259489
-0.606339 0.158505 1.260174
-0.609117 0.160754 1.258184
-0.603785 0.156263 1.260877
-0.611527 0.162794 1.254717
-0.613230 0.164096 1.252026
-0.641081 0.062199 1.192277
-0.655510 0.077277 1.184890
-0.641182 0.063940 1.195907
-0.655512 0.079315 1.188857
-0.655512 0.079315 1.188857
-0.641182 0.063940 1.195907
-0.653475 0.081700 1.190304
-0.639261 0.066230 1.197585
-0.629084 0.073238 1.190962
-0.618282 0.082109 1.184952
-0.643776 0.088472 1.183763
-0.633752 0.097163 1.178358
-0.604976 0.138821 1.192603
-0.609002 0.128845 1.183567
-0.587553 0.124959 1.199779
-0.591673 0.114705 1.190407
-0.615563 0.117961 1.177826
-0.624107 0.107150 1.176070
-0.598564 0.103561 1.184432
-0.607791 0.092363 1.182462
-0.586449 0.133131 1.211060
-0.603691 0.146878 1.203569
-0.614610 0.156840 1.241591
-0.609333 0.155648 1.229626
-0.598433 0.142653 1.249524
-0.593248 0.141698 1.237306
-0.614475 0.133778 1.265864
-0.630283 0.147759 1.257025
-0.605868 0.140198 1.260436
-0.621877 0.154620 1.251945
-0.620233 0.159614 1.254800
-0.629820 0.151673 1.261387
-0.603845 0.145078 1.263073
-0.613697 0.137489 1.269634
-0.613492 0.136902 1.269509
-0.588736 0.138639 1.224233
-0.605512 0.152571 1.216567
-0.613697 0.137489 1.269634
-0.634763 0.068431 1.195366
-0.635092 0.068913 1.195648
-0.649432 0.084238 1.187907
-0.635092 0.068913 1.195648
-0.702679 0.113350 1.247728
-0.697335 0.127669 1.255657
-0.678040 0.081023 1.262476
-0.655569 0.076188 1.281411
-0.663099 0.065233 1.240477
-0.641130 0.056336 1.274764
-0.631123 0.069506 1.288627
-0.636075 0.061520 1.282983
-0.704588 0.102532 1.241743
-0.687923 0.139406 1.264024
-0.656577 0.118067 1.285134
-0.627645 0.126333 1.277770
-0.647485 0.090122 1.289915
-0.622501 0.088442 1.294361
-0.626362 0.078259 1.293199
-0.679145 0.147206 1.269496
-0.698614 0.126392 1.258996
-0.703974 0.112116 1.251065
-0.684682 0.077028 1.266555
-0.669787 0.059994 1.243432
-0.660949 0.072326 1.287194
-0.646769 0.052364 1.279966
-0.635845 0.067670 1.296127
-0.640955 0.059155 1.290092
-0.706067 0.100209 1.243998
-0.689248 0.138168 1.267352
-0.659613 0.120343 1.293092
-0.650519 0.090301 1.298164
-0.629364 0.129655 1.285953
-0.625377 0.089231 1.302469
-0.630659 0.076893 1.300932
-0.679272 0.147019 1.272960
-0.688461 0.078198 1.230566
-0.647703 0.148446 1.273451
-0.638622 0.058538 1.288323
-0.644413 0.052033 1.278184
-0.667487 0.060321 1.241567
-0.667487 0.060321 1.241567
-0.687108 0.079419 1.228039
-0.687108 0.079419 1.228039
-0.705468 0.102329 1.241941
-0.703683 0.113449 1.248450
-0.698322 0.127789 1.256416
-0.688889 0.139573 1.264785
-0.679555 0.147665 1.270013
-0.646674 0.149111 1.270582
-0.646674 0.149111 1.270582
-0.627422 0.129370 1.283713
-0.627422 0.129370 1.283713
-0.622986 0.088961 1.300724
-0.628096 0.076679 1.299402
-0.633394 0.067206 1.294556
-0.663099 0.065233 1.240477
-0.641130 0.056336 1.274764
-0.636075 0.061520 1.282983
-0.631123 0.069506 1.288627
-0.622501 0.088442 1.294361
-0.626362 0.078259 1.293199
-0.627645 0.126333 1.277770
-0.663099 0.065233 1.240477
-0.686074 0.080370 1.228207
-0.687923 0.139406 1.264024
-0.697335 0.127669 1.255657
-0.702679 0.113350 1.247728
-0.704588 0.102532 1.241743
-0.686074 0.080370 1.228207
-0.679145 0.147206 1.269496
-0.646768 0.148109 1.269567
-0.627645 0.126333 1.277770
-0.646768 0.148109 1.269567
-0.686074 0.080370 1.228207
-0.646768 0.148109 1.269567
-0.553735 0.118129 1.200485
-0.565368 0.132631 1.244062
-0.502913 0.076569 1.228665
-0.514546 0.091072 1.272242
-0.515172 0.089046 1.274533
-0.568314 0.132547 1.245052
-0.515172 0.089046 1.274533
-0.502707 0.073553 1.227938
-0.555849 0.117054 1.198457
-0.502707 0.073553 1.227938
-0.568314 0.132547 1.245052
1065 1068
1303 1304
1307 1310
1398 1399
698 701
699 700
535 537
0 1
21 22
53 55
56 96
56 97
2 76
2 77
55 96
75 115
1 76
21 95
57 97
57 98
3 77
0 23
22 24
51 53
52 54
59 99
59 100
5 79
5 80
58 98
4 78
4 79
33 35
34 36
39 41
40 42
25 27
26 28
47 49
60 100
60 101
6 80
27 29
28 30
45 47
46 48
10 84
10 85
64 104
61 101
7 81
7 82
11 85
11 86
63 103
63 104
9 83
65 105
65 106
62 102
62 103
8 82
8 83
31 33
32 34
41 43
12 86
12 87
66 106
66 107
14 88
14 89
68 109
15 89
15 90
69 109
69 110
13 88
67 107
67 108
24 26
49 51
50 52
30 32
43 45
44 46
19 94
73 113
73 114
16 91
70 110
70 111
17 91
17 92
71 112
18 92
18 93
72 112
72 113
74 115
20 94
20 95
37 39
38 40
36 38
1296 1299
1293 1314
1405 1410
1952 1953
1948 1949
1295 1300
1944 1946
1945 1947
1306 1308
1309 1312
1344 1352
1311 1313
1305 1313
1294 1298
613 619
1292 1297
1300 1333
1950 1951
1107 1116
1124 1125
1944 1945
1946 1947
696 699
697 698
1111 1112
936 994
904 939
1068 1081
1920 1921
1907 1908
1891 1893
956 969
944 945
904 956
1058 1060
1128 1129
1049 1051
1883 1885
1928 1930
1924 1925
1039 1040
938 977
933 983
1882 1887
988 989
883 892
1874 1880
881 891
880 893
1050 1052
1080 1105
864 895
859 894
1012 1018
1064 1066
1890 1896
1898 1903
921 938
930 983
968 988
883 884
1010 1011
881 882
870 880
1009 1012
1066 1067
863 869
863 864
857 859
1039 1041
1085 1086
857 868
858 860
866 896
1144 1145
1207 1210
1208 1209
1268 1269
963 964
860 897
1046 1047
1916 1917
903 907
1045 1048
1082 1094
985 987
1938 1939
990 991
1008 1009
1067 1069
1880 1942
1890 1892
986 1046
941 949
1898 1899
1002 1003
1903 1905
1122 1123
580 607
1896 1904
920 921
929 930
874 884
588 599
846 848
967 968
1072 1073
1183 1184
1035 1036
1918 1919
1909 1910
1113 1114
578 580
843 844
875 877
904 905
948 1002
994 997
586 607
847 851
1876 1942
1931 1932
1883 1943
1940 1941
701 786
1874 1875
1882 1884
873 882
576 763
1037 1038
1090 1091
1900 1905
1041 1042
1084 1085
1218 1253
1256 1257
1017 1019
876 878
908 909
578 583
844 845
548 553
532 576
545 546
856 858
861 865
532 534
661 665
662 671
554 555
556 560
1388 1407
1038 1040
1088 1090
586 588
846 847
1330 1372
544 559
599 602
896 901
568 614
1310 1318
611 614
533 534
664 668
1064 1076
1329 1383
963 977
932 933
989 990
169 172
175 176
263 266
269 270
216 289
220 271
875 893
891 902
876 894
895 908
533 535
1858 1859
892 903
1861 1863
168 170
262 264
222 248
127 153
1032 1033
1092 1093
583 715
845 852
1021 1022
1077 1079
1832 1833
1834 1835
459 460
142 174
238 268
120 190
215 288
1623 1624
1625 1626
1006 1015
941 943
940 942
1657 1658
909 937
1659 1660
872 905
997 998
926 1046
1000 1004
1070 1072
940 1005
1044 1046
1195 1214
1263 1271
867 917
539 540
519 520
1043 1045
1082 1083
1138 1147
1264 1270
972 981
232 247
162 171
257 265
134 152
496 509
1140 1146
878 916
523 525
502 507
771 772
715 718
852 853
602 723
849 850
240 254
123 192
1665 1667
253 255
256 267
158 160
161 173
136 156
151 193
234 251
1664 1666
1685 1696
666 667
702 707
1686 1695
764 765
718 719
726 727
722 726
853 854
551 552
1391 1411
1386 1387
1397 1412
849 854
1321 1342
1315 1343
1691 1696
1664 1676
310 312
309 311
1693 1695
1346 1347
777 778
1400 1402
1351 1382
1401 1403
773 777
765 766
571 608
572 609
772 776
799 801
794 797
577 579
763 764
776 779
1548 1551
1248 1251
801 803
797 799
536 571
1549 1550
1630 1631
400 402
795 796
1236 1238
1281 1282
1449 1451
1249 1250
1288 1289
447 448
1439 1446
800 802
1536 1537
1629 1632
1440 1445
796 798
1332 1402
1567 1568
779 780
1635 1652
1677 1682
1914 1915
1913 1914
1872 1873
1934 1935
1873 1881
1933 1934
1888 1897
1888 1889
1679 1681
1301 1303
1328 1405
1302 1304
1380 1408
1379 1409
1370 1388
1367 1407
1364 1366
1385 1394
1331 1399
1459 1506
1457 1507
562 755
1684 1690
1453 1460
1581 1584
1683 1689
598 600
1452 1461
1599 1601
1511 1513
1025 1030
1102 1103
1451 1452
1462 1464
1670 1672
1499 1501
1600 1602
1649 1650
1068 1071
1441 1446
1672 1674
1443 1444
1585 1597
1587 1589
1165 1166
1677 1678
1682 1684
1586 1598
1644 1658
1443 1445
1487 1586
1643 1644
598 603
1510 1607
1645 1646
1673 1675
1511 1608
1688 1690
1679 1680
1485 1585
1335 1340
405 452
1437 1473
1175 1205
910 911
1484 1485
1709 1711
1593 1595
1640 1660
825 829
839 841
826 828
838 840
824 830
820 821
833 834
836 837
821 822
834 835
818 820
832 833
826 827
838 839
822 828
835 840
819 823
831 836
829 830
841 842
1688 1720
543 570
1687 1719
1458 1459
1438 1472
1710 1712
1674 1709
464 465
1607 1609
1646 1657
912 914
1456 1457
1494 1645
1510 1512
1603 1605
1675 1710
1024 1025
1101 1103
1546 1548
1604 1606
1639 1641
1547 1549
1631 1633
1668 1670
1176 1206
585 587
562 563
1606 1612
1639 1659
769 771
1605 1611
1427 1428
1417 1418
1179 1185
1669 1671
1342 1343
564 754
587 603
1496 1498
573 611
855 856
1329 1366
1770 1771
1458 1460
1539 1571
1497 1499
1398 1403
568 569
1364 1365
537 540
1592 1594
1537 1572
1346 1351
1561 1567
574 612
1591 1593
1640 1642
1480 1643
623 733
561 569
581 620
910 915
1562 1569
1635 1637
898 916
1772 1773
1838 1839
1579 1581
1337 1341
901 937
1158 1159
1580 1582
1636 1638
1442 1496
1501 1503
1771 1774
1507 1508
1444 1497
1110 1115
1177 1186
1500 1502
1724 1726
1506 1509
1131 1258
1711 1713
1773 1775
1839 1849
471 475
478 516
885 887
1774 1794
563 566
1712 1714
1601 1603
630 636
1563 1566
629 639
1790 1792
1775 1793
1848 1849
1546 1552
1561 1563
888 890
888 889
1564 1565
1656 1662
1792 1794
618 625
566 637
1633 1654
636 637
1789 1791
1637 1662
1897 1903
629 630
1786 1788
1850 1865
1804 1806
1576 1578
1761 1767
1791 1793
1845 1848
1153 1155
577 582
952 979
1578 1579
1754 1755
413 421
639 640
792 794
1759 1766
976 981
1851 1866
950 951
640 641
1784 1785
641 643
1571 1573
1577 1580
1638 1663
1589 1592
1767 1796
1572 1574
1634 1653
1797 1802
1786 1787
1855 1865
306 308
541 543
1757 1822
1860 1861
1766 1795
1841 1847
803 805
412 421
1723 1867
1799 1801
1842 1843
1806 1813
1796 1798
570 573
1590 1591
1642 1647
1889 1896
565 567
1788 1789
1844 1850
412 420
466 467
1020 1021
1077 1078
793 795
1805 1814
1853 1866
1799 1800
1843 1846
1552 1566
1312 1319
1795 1800
1846 1847
1654 1656
862 939
621 622
1802 1804
995 996
802 804
1801 1803
1842 1851
690 755
1573 1576
1817 1818
1723 1725
1730 1862
1376 1404
767 768
768 775
1901 1902
790 792
1893 1895
1574 1575
1653 1655
1055 1056
1100 1104
1785 1818
1815 1816
1854 1858
1736 1860
1756 1757
1915 1916
627 628
1375 1400
1906 1907
770 774
1330 1380
1787 1816
1854 1855
567 635
789 790
1811 1813
788 791
781 789
591 592
472 474
1812 1814
780 788
621 624
1156 1161
1809 1811
592 638
1227 1229
1912 1913
311 312
309 310
514 515
634 635
1933 1938
593 596
596 642
879 913
769 770
593 594
1352 1381
775 782
1015 1016
1807 1812
1852 1859
996 999
1026 1027
774 783
590 595
595 597
624 638
1817 1819
805 806
1081 1099
589 590
604 758
1809 1810
1344 1345
1172 1224
1254 1255
1872 1880
1935 1936
605 758
677 679
544 557
1053 1055
890 939
582 584
678 680
806 808
1228 1230
782 784
867 914
610 766
1233 1241
1413 1415
605 606
1423 1425
898 899
632 633
1856 1858
1087 1089
1807 1808
1857 1859
679 681
625 633
807 809
808 817
1922 1923
584 714
783 785
617 760
815 817
1480 1481
811 815
397 399
1419 1420
1429 1430
676 685
678 683
785 787
677 684
1031 1032
1089 1093
1433 1435
1894 1895
809 816
736 754
1481 1494
615 616
617 618
527 529
1483 1495
1234 1242
1279 1284
1124 1138
1448 1454
812 813
469 471
814 816
1728 1736
276 277
283 287
131 147
138 139
185 208
227 228
235 236
1434 1436
1728 1730
732 733
813 814
1363 1369
685 691
1727 1729
681 756
1727 1735
947 950
1119 1152
1022 1023
1075 1079
1450 1455
1359 1372
714 716
178 180
272 273
224 226
900 901
1401 1410
463 465
682 752
479 518
674 694
601 757
1878 1886
1927 1929
1878 1879
1926 1927
1877 1879
1925 1926
1885 1886
642 645
487 495
914 915
1080 1081
1449 1450
597 658
1584 1587
708 709
481 517
528 529
1583 1588
1648 1651
1399 1406
1454 1462
1447 1448
735 739
1455 1463
1434 1440
530 531
734 735
1433 1439
118 140
186 199
282 286
710 711
651 744
725 757
716 717
1050 1053
1080 1099
730 737
708 713
730 731
1568 1599
739 740
952 953
527 531
713 744
1570 1600
1650 1652
731 732
1436 1437
463 467
647 649
1183 1211
737 738
1113 1270
1181 1212
721 725
1033 1034
1353 1362
650 651
762 827
469 472
1116 1117
712 743
724 727
455 466
720 721
645 646
720 724
1049 1054
413 415
177 179
274 275
130 133
654 658
307 308
305 306
1414 1419
1426 1430
957 961
1209 1214
1269 1271
922 924
1259 1261
974 976
1132 1146
1057 1058
1056 1059
1071 1100
738 741
1189 1191
608 610
397 400
116 145
211 241
197 198
294 295
1130 1131
1083 1084
672 673
1751 1753
486 488
521 530
1731 1732
646 653
1418 1422
1427 1431
230 231
243 244
137 165
148 149
181 183
196 207
293 302
1179 1180
1151 1152
544 549
487 489
499 515
406 407
456 464
928 929
920 943
1678 1685
404 405
691 706
695 707
967 998
923 925
1772 1869
1838 1871
1069 1070
746 749
1680 1686
1402 1403
1400 1401
926 927
927 1044
1667 1668
728 748
692 697
693 696
666 675
973 975
653 656
414 417
453 455
872 874
1666 1669
480 481
522 528
1145 1147
1215 1220
1272 1274
1386 1389
1390 1391
655 657
1392 1395
1404 1410
1386 1391
745 746
1304 1365
1387 1411
656 745
1135 1136
1023 1024
1075 1101
476 483
1760 1761
1758 1759
1840 1870
1414 1416
1424 1426
657 729
435 438
919 1005
869 873
1368 1384
1389 1390
1395 1396
520 522
1735 1829
868 871
1392 1397
476 479
1729 1824
1733 1734
1393 1412
1502 1504
1109 1110
488 491
519 521
489 490
919 942
444 445
443 446
1148 1149
1508 1560
1503 1505
684 688
422 423
406 408
454 456
404 409
1700 1708
1694 1698
877 991
1205 1207
1536 1541
1627 1629
1030 1031
1089 1102
1538 1540
631 759
1232 1239
1206 1208
1311 1320
1719 1721
1699 1707
1143 1144
1550 1553
1628 1630
1919 1940
1920 1930
1908 1924
1909 1931
1713 1715
1714 1716
1167 1169
1278 1290
931 932
1307 1308
1305 1306
1316 1318
1551 1554
1722 1782
545 548
1361 1377
665 671
1716 1718
915 917
911 918
396 401
906 907
468 470
886 995
650 652
428 446
1370 1371
1378 1379
1367 1368
1384 1385
1354 1356
1355 1360
1476 1479
1468 1470
1173 1175
1721 1783
1515 1518
1467 1530
1184 1185
922 923
470 475
980 999
398 403
957 959
546 553
1114 1115
1182 1186
1504 1622
401 402
498 501
1477 1478
1619 1620
1363 1367
1420 1421
1517 1519
1613 1614
1466 1531
1469 1471
1557 1559
1559 1621
1359 1370
1505 1544
547 689
1126 1127
438 449
477 508
719 787
727 812
509 510
659 660
644 648
687 690
668 670
1133 1258
497 499
1558 1560
1320 1327
1318 1324
1308 1323
1316 1325
1307 1322
663 664
424 426
1305 1373
934 935
438 442
961 962
964 966
1180 1235
1106 1108
1174 1176
477 513
1758 1763
1836 1870
437 441
886 953
1776 1869
1837 1871
1334 1336
1340 1341
1423 1431
1424 1432
1416 1421
1415 1422
422 427
473 474
1335 1337
1778 1868
554 556
974 980
1195 1196
1354 1355
1197 1199
962 1007
1175 1176
1335 1350
1109 1281
1178 1236
1810 1821
1123 1252
1227 1228
1225 1226
1241 1242
1229 1230
1252 1253
1231 1232
1245 1246
1216 1218
1169 1170
702 703
704 705
1220 1222
1167 1168
1239 1240
1189 1190
1213 1214
1211 1212
1185 1186
1235 1236
1198 1203
1338 1339
1358 1361
1360 1362
1356 1357
552 686
1780 1782
1782 1830
1122 1216
906 909
1742 1744
923 972
1781 1783
625 626
749 750
751 753
1717 1769
1717 1831
324 368
328 369
957 958
1226 1227
1697 1747
1826 1828
1407 1412
1393 1394
1409 1411
1734 1737
1471 1472
1702 1703
307 309
306 312
305 311
1819 1864
1470 1473
1765 1769
1831 1833
1122 1148
1701 1704
1543 1545
1622 1624
1340 1353
1703 1705
1413 1414
1427 1429
1431 1432
902 908
1425 1426
1428 1430
1421 1422
1415 1416
1418 1420
1336 1337
1532 1535
1158 1235
1520 1522
1741 1742
1137 1164
1704 1706
1464 1466
1533 1534
875 876
1521 1523
1465 1467
1325 1329
1141 1142
1139 1140
1555 1557
1621 1623
1740 1743
1825 1826
1522 1525
1474 1476
1526 1528
1718 1768
1489 1490
532 763
924 1029
935 1035
1777 1780
1830 1832
1197 1198
1106 1289
1174 1250
1488 1491
1527 1529
1616 1617
1525 1526
1490 1492
1493 1534
922 1028
1618 1661
711 750
751 752
742 761
747 762
1691 1692
969 970
1095 1096
1137 1138
1542 1544
1479 1528
1491 1493
1468 1489
1524 1527
1616 1661
1746 1749
1166 1251
1201 1203
1315 1317
1334 1372
944 946
1319 1321
911 995
1364 1394
1693 1694
886 918
1705 1749
1737 1739
1823 1827
1747 1748
549 550
1541 1543
1625 1627
981 982
1738 1741
1007 1020
1014 1019
1700 1702
1194 1196
673 675
1200 1204
1265 1266
931 1036
1379 1380
1478 1529
1617 1620
537 538
917 980
1408 1409
1744 1751
1469 1488
984 985
1553 1555
1626 1628
986 987
959 1006
958 960
662 663
670 671
1530 1532
1323 1328
1301 1322
1302 1324
660 662
1374 1376
1326 1331
1373 1375
1739 1740
1825 1827
1162 1164
1763 1765
1834 1836
1745 1750
1828 1829
1835 1837
1035 1037
1149 1220
691 692
1138 1196
1134 1162
1013 1017
1140 1197
1127 1175
1676 1708
1135 1189
741 742
1160 1240
661 664
946 994
992 994
1357 1359
1223 1240
1699 1701
1111 1276
909 972
878 958
1519 1521
1614 1615
1540 1542
906 923
423 429
423 458
877 957
665 668
433 435
961 991
964 991
907 934
425 430
905 985
613 614
963 990
1187 1243
978 979
1368 1396
1384 1395
1348 1383
1495 1613
1516 1517
1255 1283
1554 1556
1161 1163
937 981
1947 1948
1947 1950
1944 1952
1905 1917
1905 1918
1371 1389
1378 1390
1904 1910
1904 1911
1120 1155
1199 1200
1264 1265
1946 1951
1945 1949
1945 1954
434 436
436 457
943 998
872 928
1118 1119
965 1013
904 1095
1475 1477
1482 1619
900 917
1778 1779
1156 1157
1016 1023
1896 1912
945 947
1154 1159
955 956
553 555
1891 1908
1891 1909
1900 1919
1900 1920
1015 1022
1893 1907
1901 1921
1097 1098
1299 1300
1215 1216
546 560
1141 1150
1762 1764
741 753
748 749
1153 1154
954 1016
538 575
1314 1333
899 918
1338 1383
960 1006
548 554
1292 1294
1217 1218
1257 1272
1297 1298
1193 1247
1202 1204
1266 1267
434 440
457 460
1130 1158
1193 1195
1262 1263
1219 1220
1201 1219
1340 1348
978 1015
474 500
1309 1352
944 1060
993 1063
970 1051
1096 1097
539 542
952 954
429 431
458 459
1315 1382
1321 1347
975 976
1317 1381
1319 1345
1027 1032
416 418
540 558
417 419
453 461
507 509
408 410
454 462
409 411
496 502
1191 1252
1026 1031
1192 1253
497 503
1596 1597
1000 1002
433 439
1245 1248
419 431
459 461
493 504
525 526
491 493
1244 1247
1285 1287
1188 1190
1259 1260
242 270
271 281
285 289
189 191
146 176
167 169
121 122
124 125
216 217
219 220
172 210
175 203
266 304
269 298
1045 1046
184 185
187 189
228 261
236 242
139 146
147 167
276 281
283 285
202 203
208 210
277 304
287 298
217 235
219 227
122 138
124 131
1121 1123
1168 1171
1221 1222
1273 1274
507 512
507 523
153 154
166 168
248 249
260 262
170 209
264 303
126 127
221 222
502 504
502 525
940 1002
1610 1611
249 272
132 166
154 178
226 260
180 209
126 129
1060 1061
1062 1063
1167 1172
1254 1290
375 376
366 367
372 373
370 371
378 379
373 374
367 368
364 365
374 375
377 378
363 379
365 366
371 372
430 432
786 787
810 812
984 1046
1188 1244
1260 1285
237 238
284 288
188 190
141 142
214 215
174 201
268 297
119 120
1202 1221
1267 1273
484 512
523 524
482 484
520 524
1360 1361
1356 1358
282 284
186 188
213 214
286 297
199 201
1225 1237
971 1028
1134 1135
152 155
257 259
247 250
162 164
265 300
223 232
128 134
648 652
1246 1249
1286 1288
1349 1372
506 511
1126 1166
418 432
229 259
250 274
133 164
179 205
275 300
128 130
223 225
254 296
239 240
290 292
117 123
212 218
192 195
143 144
159 200
948 993
1348 1369
1231 1233
251 279
160 204
173 206
157 158
156 182
193 194
252 253
255 299
233 234
245 246
703 709
705 756
652 669
1276 1282
483 485
1001 1062
1073 1074
485 511
211 212
116 117
292 294
195 197
198 200
239 241
143 145
295 296
686 688
987 1095
492 505
320 322
344 346
327 330
332 334
338 340
315 316
340 342
327 328
181 182
194 196
334 336
316 346
148 157
163 165
280 301
299 302
315 318
135 137
149 150
244 252
278 279
291 293
230 233
243 245
204 207
322 324
318 320
503 505
1241 1245
949 992
1170 1229
1149 1150
542 544
402 426
986 1096
1047 1097
1003 1063
1293 1294
297 298
201 203
188 189
214 217
119 122
141 146
237 242
325 329
386 387
357 358
361 362
353 354
343 345
394 395
335 337
390 391
354 355
317 319
348 362
381 395
329 331
387 388
350 351
355 356
321 323
384 385
337 339
391 392
359 360
339 341
392 393
351 352
347 349
360 361
383 384
333 335
389 390
341 343
393 394
358 359
313 317
380 382
352 353
313 314
380 381
347 348
385 386
331 333
1296 1298
398 444
1918 1941
1910 1932
1911 1937
1232 1234
1279 1280
410 440
460 462
475 513
1225 1227
1242 1246
1284 1286
260 261
219 221
124 126
303 304
249 281
154 184
143 157
212 245
291 292
117 150
1725 1726
403 442
300 301
155 182
205 206
128 135
223 233
258 259
163 164
709 711
752 756
1754 1756
1169 1230
1277 1278
1752 1753
1731 1733
1048 1098
1094 1105
421 447
411 439
1514 1516
1512 1513
1291 1292
323 324
326 328
1484 1486
1518 1530
1698 1732
1819 1820
516 518
495 514
450 452
1768 1769
1762 1763
1226 1228
1275 1276
1732 1734
1780 1781
1699 1700
1750 1751
1697 1698
1764 1765
1821 1822
1776 1778
1468 1469
1557 1558
1530 1531
1518 1519
1544 1545
1735 1736
1752 1756
1555 1556
1725 1733
1553 1554
1540 1541
1611 1612
1597 1598
1595 1596
1609 1610
1864 1867
1475 1486
1480 1482
1494 1495
1512 1516
504 505
490 491
418 419
517 518
433 434
494 495
439 440
410 411
399 450
400 447
471 516
416 417
451 452
1355 1377
