14076925444985733925 1906 5015
0.104451 -0.339526 0.011185
0.044979 -0.352263 0.014158
0.088851 -0.343586 -0.019161
0.052877 -0.350208 0.029521
0.032679 -0.353894 0.001967
0.064554 -0.346808 -0.043244
0.017181 -0.354941 -0.005860
0.033938 -0.348876 -0.058706
0.000000 -0.355302 -0.008557
0.000000 -0.349589 -0.064034
-0.017181 -0.354941 -0.005860
-0.033938 -0.348876 -0.058706
-0.032679 -0.353894 0.001967
-0.064554 -0.346808 -0.043244
-0.088851 -0.343586 -0.019161
-0.044979 -0.352263 0.014158
-0.104451 -0.339526 0.011185
-0.052876 -0.350208 0.029521
-0.109826 -0.335025 0.044823
-0.055598 -0.347929 0.046549
-0.104451 -0.330525 0.078461
-0.052876 -0.345651 0.063578
-0.088851 -0.326465 0.108807
-0.044979 -0.343596 0.078940
-0.032679 -0.341965 0.091132
-0.064554 -0.323243 0.132890
-0.033938 -0.321174 0.148352
-0.017181 -0.340918 0.098959
-0.000000 -0.320461 0.153679
-0.000000 -0.340557 0.101656
0.017181 -0.340918 0.098959
0.033938 -0.321174 0.148352
0.032679 -0.341965 0.091132
0.064554 -0.323243 0.132890
0.044979 -0.343596 0.078940
0.088851 -0.326465 0.108807
0.052876 -0.345651 0.063578
0.104451 -0.330525 0.078461
0.055598 -0.347929 0.046549
0.109826 -0.335025 0.044823
0.052877 -0.350208 0.029521
0.104451 -0.339526 0.011185
0.153454 -0.320484 -0.007427
0.130535 -0.326448 -0.052009
0.094840 -0.331182 -0.087390
0.049860 -0.334221 -0.110106
0.000000 -0.335268 -0.117933
-0.049860 -0.334221 -0.110106
-0.094840 -0.331182 -0.087390
-0.130535 -0.326448 -0.052009
-0.153454 -0.320484 -0.007427
-0.161351 -0.313872 0.041993
-0.153454 -0.307260 0.091413
-0.130535 -0.301295 0.135995
-0.094840 -0.296562 0.171375
-0.049860 -0.293522 0.194091
-0.000000 -0.292475 0.201918
0.049860 -0.293522 0.194091
0.094839 -0.296562 0.171375
0.130535 -0.301295 0.135995
0.153454 -0.307260 0.091413
0.161351 -0.313872 0.041993
0.153454 -0.320484 -0.007427
0.198678 -0.293550 -0.025856
0.169005 -0.301272 -0.083576
0.122790 -0.307401 -0.129384
0.064554 -0.311336 -0.158794
0.000000 -0.312692 -0.168928
-0.064554 -0.311336 -0.158794
-0.122790 -0.307401 -0.129384
-0.169005 -0.301272 -0.083576
-0.198678 -0.293550 -0.025856
-0.208902 -0.284990 0.038129
-0.198678 -0.276429 0.102113
-0.169005 -0.268707 0.159834
-0.122790 -0.262578 0.205641
-0.064554 -0.258643 0.235052
-0.000000 -0.257287 0.245186
0.064554 -0.258643 0.235052
0.122789 -0.262578 0.205641
0.169005 -0.268707 0.159834
0.198678 -0.276429 0.102113
0.208902 -0.284990 0.038129
0.198678 -0.293550 -0.025856
0.239010 -0.259388 -0.043647
0.203314 -0.268678 -0.113086
0.147716 -0.276051 -0.168192
0.077659 -0.280785 -0.203573
0.000000 -0.282416 -0.215764
-0.077659 -0.280785 -0.203573
-0.147716 -0.276051 -0.168192
-0.203314 -0.268678 -0.113086
-0.239009 -0.259388 -0.043647
-0.251309 -0.249090 0.033326
-0.239009 -0.238792 0.110299
-0.203314 -0.229502 0.179737
-0.147716 -0.222129 0.234844
-0.077659 -0.217395 0.270224
-0.000000 -0.215764 0.282416
0.077659 -0.217395 0.270224
0.147716 -0.222129 0.234844
0.203314 -0.229502 0.179737
0.239009 -0.238792 0.110299
0.251309 -0.249090 0.033326
0.239010 -0.259388 -0.043647
0.273456 -0.218839 -0.060365
0.232616 -0.229468 -0.139811
0.169005 -0.237904 -0.202859
0.088851 -0.243320 -0.243339
0.000000 -0.245186 -0.257288
-0.088851 -0.243320 -0.243339
-0.169005 -0.237904 -0.202859
-0.232616 -0.229468 -0.139810
-0.273456 -0.218839 -0.060365
-0.287529 -0.207057 0.027702
-0.273456 -0.195275 0.115769
-0.232616 -0.184645 0.195215
-0.169005 -0.176210 0.258264
-0.088851 -0.170794 0.298743
-0.000000 -0.168928 0.312692
0.088851 -0.170794 0.298743
0.169005 -0.176210 0.258264
0.232616 -0.184645 0.195215
0.273456 -0.195275 0.115769
0.287529 -0.207057 0.027702
0.273456 -0.218839 -0.060365
0.301170 -0.172902 -0.075595
0.256190 -0.184608 -0.163093
0.186133 -0.193899 -0.232531
0.097856 -0.199863 -0.277113
0.000000 -0.201918 -0.292475
-0.097856 -0.199863 -0.277113
-0.186133 -0.193898 -0.232531
-0.256190 -0.184608 -0.163093
-0.301170 -0.172902 -0.075595
-0.316668 -0.159926 0.021396
-0.301170 -0.146949 0.118388
-0.256190 -0.135243 0.205886
-0.186133 -0.125953 0.275324
-0.097856 -0.119988 0.319906
-0.000000 -0.117933 0.335268
0.097856 -0.119988 0.319906
0.186133 -0.125953 0.275324
0.256190 -0.135243 0.205886
0.301169 -0.146949 0.118388
0.316668 -0.159926 0.021396
0.301170 -0.172902 -0.075595
0.321467 -0.122707 -0.088965
0.273456 -0.135203 -0.182359
0.198678 -0.145119 -0.256477
0.104451 -0.151485 -0.304064
0.000000 -0.153679 -0.320462
-0.104451 -0.151485 -0.304064
-0.198678 -0.145119 -0.256477
-0.273456 -0.135203 -0.182359
-0.321467 -0.122707 -0.088965
-0.338010 -0.108856 0.014564
-0.321467 -0.095005 0.118092
-0.273456 -0.082510 0.211487
-0.198678 -0.072594 0.285605
-0.104451 -0.066227 0.333192
-0.000000 -0.064033 0.349589
0.104451 -0.066227 0.333192
0.198678 -0.072594 0.285605
0.273456 -0.082510 0.211487
0.321467 -0.095005 0.118092
0.338010 -0.108856 0.014564
0.321467 -0.122707 -0.088965
0.333849 -0.069491 -0.100143
0.283989 -0.082468 -0.197135
0.206330 -0.092766 -0.274108
0.108474 -0.099378 -0.323528
0.000000 -0.101656 -0.340557
-0.108474 -0.099378 -0.323528
-0.206330 -0.092766 -0.274108
-0.283989 -0.082468 -0.197135
-0.333849 -0.069491 -0.100143
-0.351030 -0.055107 0.007373
-0.333849 -0.040722 0.114889
-0.283989 -0.027746 0.211880
-0.206330 -0.017447 0.288854
-0.108474 -0.010835 0.338273
-0.000000 -0.008557 0.355302
0.108474 -0.010835 0.338273
0.206330 -0.017447 0.288853
0.283989 -0.027746 0.211880
0.333849 -0.040722 0.114889
0.351030 -0.055107 0.007373
0.333849 -0.069491 -0.100143
0.338011 -0.014564 -0.108856
0.287529 -0.027702 -0.207057
0.208902 -0.038129 -0.284990
0.109826 -0.044823 -0.335025
0.000000 -0.047130 -0.352267
-0.109826 -0.044823 -0.335025
-0.208902 -0.038129 -0.284990
-0.287529 -0.027702 -0.207057
-0.338010 -0.014564 -0.108856
-0.355405 0.000000 0.000000
-0.338010 0.014564 0.108856
-0.287529 0.027702 0.207057
-0.208902 0.038129 0.284990
-0.109826 0.044823 0.335025
-0.000000 0.047130 0.352266
0.109826 0.044823 0.335025
0.208902 0.038129 0.284990
0.287529 0.027702 0.207057
0.338010 0.014564 0.108856
0.355405 0.000000 0.000000
0.338011 -0.014564 -0.108856
0.283989 0.027746 -0.211881
0.333849 0.040722 -0.114889
0.206330 0.017447 -0.288854
0.108474 0.010835 -0.338273
0.000000 0.008557 -0.355302
-0.108474 0.010835 -0.338273
-0.206330 0.017447 -0.288854
-0.283989 0.027746 -0.211881
-0.333849 0.040722 -0.114889
-0.351030 0.055107 -0.007373
-0.333849 0.069491 0.100143
-0.283989 0.082468 0.197135
-0.206330 0.092766 0.274108
-0.108474 0.099378 0.323528
-0.000000 0.101656 0.340557
0.108474 0.099378 0.323528
0.206330 0.092766 0.274108
0.283989 0.082468 0.197135
0.333849 0.069491 0.100143
0.351030 0.055107 -0.007373
0.333849 0.040722 -0.114889
0.273456 0.082510 -0.211487
0.321467 0.095005 -0.118092
0.198678 0.072594 -0.285605
0.104451 0.066227 -0.333192
0.000000 0.064033 -0.349589
-0.104451 0.066227 -0.333192
-0.198678 0.072594 -0.285605
-0.273456 0.082510 -0.211487
-0.321467 0.095005 -0.118092
-0.338010 0.108856 -0.014564
-0.321467 0.122707 0.088965
-0.273456 0.135203 0.182359
-0.198678 0.145119 0.256477
-0.104451 0.151485 0.304064
-0.000000 0.153679 0.320461
0.104451 0.151485 0.304064
0.198678 0.145119 0.256477
0.273456 0.135203 0.182359
0.321467 0.122707 0.088965
0.338010 0.108856 -0.014564
0.321467 0.095005 -0.118092
0.256190 0.135243 -0.205886
0.301170 0.146949 -0.118388
0.186133 0.125953 -0.275324
0.097856 0.119988 -0.319906
0.000000 0.117933 -0.335268
-0.097856 0.119988 -0.319906
-0.186133 0.125953 -0.275324
-0.256190 0.135243 -0.205886
-0.301170 0.146949 -0.118388
-0.316668 0.159926 -0.021396
-0.301170 0.172902 0.075595
-0.256190 0.184608 0.163093
-0.186133 0.193898 0.232531
-0.097856 0.199863 0.277113
-0.000000 0.201918 0.292475
0.097856 0.199863 0.277113
0.186133 0.193898 0.232531
0.256190 0.184608 0.163093
0.301169 0.172902 0.075595
0.316668 0.159926 -0.021396
0.301170 0.146949 -0.118388
0.232616 0.184645 -0.195215
0.273456 0.195275 -0.115769
0.169005 0.176210 -0.258264
0.088851 0.170794 -0.298743
0.000000 0.168928 -0.312692
-0.088851 0.170794 -0.298743
-0.169005 0.176210 -0.258264
-0.232616 0.184645 -0.195215
-0.273456 0.195275 -0.115769
-0.287529 0.207057 -0.027702
-0.273456 0.218839 0.060365
-0.232616 0.229468 0.139810
-0.169005 0.237904 0.202859
-0.088851 0.243320 0.243339
-0.000000 0.245186 0.257287
0.088851 0.243320 0.243339
0.169005 0.237904 0.202859
0.232616 0.229468 0.139810
0.273456 0.218839 0.060365
0.287529 0.207057 -0.027702
0.273456 0.195275 -0.115769
0.203314 0.229502 -0.179737
0.239010 0.238792 -0.110299
0.147716 0.222129 -0.234844
0.077659 0.217395 -0.270224
0.000000 0.215764 -0.282416
-0.077659 0.217395 -0.270224
-0.147716 0.222129 -0.234844
-0.203314 0.229502 -0.179737
-0.239009 0.238792 -0.110299
-0.251309 0.249090 -0.033326
-0.239009 0.259388 0.043647
-0.203314 0.268678 0.113086
-0.147716 0.276051 0.168192
-0.077659 0.280785 0.203573
-0.000000 0.282416 0.215764
0.077659 0.280785 0.203573
0.147716 0.276051 0.168192
0.203314 0.268678 0.113086
0.239009 0.259388 0.043647
0.251309 0.249090 -0.033326
0.239010 0.238792 -0.110299
0.198678 0.276429 -0.102113
0.169005 0.268707 -0.159834
0.122790 0.262578 -0.205641
0.064554 0.258643 -0.235052
0.000000 0.257287 -0.245186
-0.064554 0.258643 -0.235052
-0.122790 0.262578 -0.205641
-0.169005 0.268707 -0.159834
-0.198678 0.276429 -0.102113
-0.208902 0.284990 -0.038129
-0.198678 0.293550 0.025856
-0.169005 0.301272 0.083576
-0.122790 0.307401 0.129384
-0.064554 0.311336 0.158794
-0.000000 0.312692 0.168928
0.064554 0.311336 0.158794
0.122789 0.307401 0.129384
0.169005 0.301272 0.083576
0.198678 0.293550 0.025856
0.208902 0.284990 -0.038129
0.198678 0.276429 -0.102113
0.153454 0.307260 -0.091413
0.130535 0.301295 -0.135995
0.094840 0.296562 -0.171375
0.049860 0.293522 -0.194091
0.000000 0.292475 -0.201918
-0.049860 0.293522 -0.194091
-0.094840 0.296562 -0.171375
-0.130535 0.301295 -0.135995
-0.153454 0.307260 -0.091413
-0.161351 0.313872 -0.041993
-0.153454 0.320484 0.007427
-0.130535 0.326448 0.052009
-0.094840 0.331182 0.087390
-0.049860 0.334221 0.110106
-0.000000 0.335268 0.117933
0.049860 0.334221 0.110106
0.094839 0.331182 0.087390
0.130535 0.326448 0.052009
0.153454 0.320484 0.007427
0.161351 0.313872 -0.041993
0.153454 0.307260 -0.091413
0.104451 0.330525 -0.078461
0.088851 0.326465 -0.108807
0.064554 0.323243 -0.132890
0.033938 0.321174 -0.148352
0.000000 0.320461 -0.153679
-0.033938 0.321174 -0.148352
-0.064554 0.323243 -0.132890
-0.088851 0.326465 -0.108807
-0.104451 0.330525 -0.078461
-0.109826 0.335025 -0.044823
-0.104451 0.339526 -0.011185
-0.088851 0.343586 0.019161
-0.064554 0.346808 0.043244
-0.033938 0.348876 0.058706
-0.000000 0.349589 0.064033
0.033938 0.348876 0.058706
0.064554 0.346808 0.043244
0.088851 0.343586 0.019161
0.104451 0.339526 -0.011185
0.109826 0.335025 -0.044823
0.104451 0.330525 -0.078461
0.052877 0.345651 -0.063578
0.044979 0.343596 -0.078940
0.032679 0.341965 -0.091132
0.017181 0.340918 -0.098959
0.000000 0.340557 -0.101656
-0.017181 0.340918 -0.098959
-0.032679 0.341965 -0.091132
-0.044979 0.343596 -0.078940
-0.052876 0.345651 -0.063578
-0.055598 0.347929 -0.046549
-0.052876 0.350208 -0.029521
-0.044979 0.352263 -0.014158
-0.032679 0.353894 -0.001967
-0.017181 0.354941 0.005860
-0.000000 0.355302 0.008557
0.017181 0.354941 0.005860
0.032679 0.353894 -0.001967
0.044979 0.352263 -0.014158
0.052876 0.350208 -0.029521
0.055598 0.347929 -0.046549
0.052877 0.345651 -0.063578
0.000000 -0.352266 0.047130
0.000000 -0.352266 0.047130
0.000000 -0.352266 0.047130
0.000000 -0.352266 0.047130
0.000000 -0.352266 0.047130
0.000000 -0.352266 0.047130
0.000000 -0.352266 0.047130
0.000000 -0.352266 0.047130
0.000000 -0.352266 0.047130
0.000000 -0.352266 0.047130
0.000000 -0.352266 0.047130
0.000000 -0.352266 0.047130
0.000000 -0.352266 0.047130
0.000000 -0.352266 0.047130
0.000000 -0.352266 0.047130
0.000000 -0.352266 0.047130
0.000000 -0.352266 0.047130
0.000000 -0.352266 0.047130
0.000000 -0.352266 0.047130
0.000000 -0.352266 0.047130
0.000000 0.352266 -0.047130
0.000000 0.352266 -0.047130
0.000000 0.352266 -0.047130
0.000000 0.352266 -0.047130
0.000000 0.352266 -0.047130
0.000000 0.352266 -0.047130
0.000000 0.352266 -0.047130
0.000000 0.352266 -0.047130
0.000000 0.352266 -0.047130
0.000000 0.352266 -0.047130
0.000000 0.352266 -0.047130
0.000000 0.352266 -0.047130
0.000000 0.352266 -0.047130
0.000000 0.352266 -0.047130
0.000000 0.352266 -0.047130
0.000000 0.352266 -0.047130
0.000000 0.352266 -0.047130
0.000000 0.352266 -0.047130
0.000000 0.352266 -0.047130
0.000000 0.352266 -0.047130
-0.265751 0.100832 1.413841
-0.305763 0.096215 1.406571
-0.294962 0.110669 1.398166
-0.300612 0.121116 1.398218
-0.303850 0.136389 1.419320
-0.264952 0.138154 1.404166
-0.281657 0.124150 1.400931
-0.264274 0.131736 1.405532
-0.260996 0.122114 1.403639
-0.281657 0.124150 1.400931
-0.264274 0.131736 1.405532
-0.201646 0.143691 1.470571
-0.220079 0.158437 1.447920
-0.222080 0.154985 1.478215
-0.209139 0.150193 1.440977
-0.229466 0.148701 1.420107
-0.239823 0.158613 1.430339
-0.386884 -0.142000 1.398941
-0.370113 -0.153268 1.388419
-0.390984 -0.148975 1.400514
-0.315324 0.051922 1.442405
-0.294080 0.041122 1.440719
-0.289970 0.045983 1.423182
-0.367438 -0.161747 1.512508
-0.360841 -0.187583 1.489958
-0.371359 -0.165551 1.514186
-0.377911 -0.138301 1.533634
-0.378947 -0.108707 1.541567
-0.385804 -0.079912 1.555575
-0.382468 -0.078785 1.551466
-0.316707 0.048345 1.388548
-0.335296 0.050459 1.383231
-0.302870 0.053601 1.400996
-0.387867 -0.046973 1.556289
-0.384879 -0.046697 1.551459
-0.387012 -0.009742 1.546330
-0.384021 -0.011451 1.541485
-0.381872 0.023722 1.527263
-0.378827 0.020087 1.523149
-0.367838 0.049323 1.495963
-0.370974 0.055174 1.498684
-0.351170 0.074344 1.461203
-0.340235 0.094911 1.442276
-0.335826 0.091206 1.439498
-0.318895 0.109241 1.413131
-0.229058 0.144258 1.421402
-0.210021 0.143939 1.443378
-0.204589 0.137526 1.471745
-0.202011 0.125028 1.501686
-0.199979 0.118127 1.536786
-0.201362 0.110978 1.531017
-0.205714 0.085743 1.568317
-0.204009 0.090909 1.573253
-0.208871 0.052922 1.604628
-0.208988 0.047166 1.596987
-0.294096 0.048115 1.407895
-0.214183 0.011554 1.625787
-0.214686 0.008852 1.616891
-0.219638 -0.033436 1.626826
-0.219421 -0.033945 1.634504
-0.224983 -0.074738 1.624262
-0.223439 -0.076953 1.630990
-0.225915 -0.113994 1.611019
-0.225872 -0.116338 1.618082
-0.223117 -0.154202 1.592234
-0.223786 -0.149059 1.587415
-0.219952 -0.174290 1.559598
-0.218966 -0.179028 1.563307
-0.214959 -0.194831 1.532033
-0.214026 -0.199910 1.498646
-0.211669 -0.206608 1.500626
-0.209387 -0.215517 1.450590
-0.210677 -0.209071 1.449073
-0.217955 -0.212939 1.427891
-0.216436 -0.220044 1.426246
-0.236369 -0.215352 1.416142
-0.268168 -0.225753 1.404567
-0.269325 -0.217688 1.406454
-0.302538 -0.220086 1.402297
-0.331189 -0.214344 1.433020
-0.347887 -0.204478 1.462542
-0.344689 -0.200048 1.463450
-0.318522 -0.217420 1.414600
-0.297537 -0.236557 1.414767
-0.321228 -0.231676 1.443960
-0.332585 -0.112936 1.510048
-0.329584 -0.138519 1.490770
-0.317280 -0.130002 1.492152
-0.350196 -0.206164 1.503739
-0.361663 -0.180902 1.530956
-0.370919 -0.116559 1.569693
-0.372856 -0.079224 1.578755
-0.374363 -0.040277 1.579290
-0.372911 -0.000371 1.568859
-0.368152 0.036201 1.549669
-0.358082 0.068486 1.520755
-0.343876 0.096024 1.487753
-0.225991 0.125333 1.544761
-0.228616 0.100131 1.577426
-0.337795 0.058917 1.411042
-0.317537 0.058754 1.420283
-0.235785 0.060263 1.609938
-0.242509 0.012961 1.630577
-0.368364 0.046976 1.390153
-0.246613 -0.031894 1.640624
-0.250444 -0.077045 1.638454
-0.249384 -0.120813 1.625432
-0.370826 0.048532 1.413473
-0.410506 0.020822 1.414212
-0.249588 -0.161672 1.600420
-0.242619 -0.190235 1.569983
-0.233992 -0.209173 1.538952
-0.398976 0.028955 1.437222
-0.340387 0.032997 1.482866
-0.231241 -0.222556 1.505108
-0.230174 -0.236619 1.439409
-0.370480 0.016327 1.490489
-0.351136 0.011443 1.501800
-0.433110 -0.018911 1.434158
-0.424058 -0.011733 1.460940
-0.381885 -0.008072 1.504909
-0.360496 -0.013988 1.517100
-0.302538 -0.220086 1.402297
-0.270107 -0.206731 1.405412
-0.269325 -0.217688 1.406454
-0.304877 -0.202094 1.405524
-0.274453 -0.194332 1.412390
-0.286412 -0.183080 1.439699
-0.324334 -0.196654 1.428946
-0.388097 -0.037552 1.514215
-0.366278 -0.040254 1.524771
-0.437719 -0.045055 1.439622
-0.429502 -0.040733 1.467969
-0.342179 -0.171658 1.471690
-0.387554 -0.068886 1.516665
-0.366257 -0.068773 1.526245
-0.437132 -0.077180 1.439457
-0.428207 -0.074495 1.469327
-0.300268 -0.166348 1.484674
-0.352139 -0.132394 1.507361
-0.379609 -0.098617 1.512155
-0.359581 -0.095270 1.521413
-0.418367 -0.125666 1.430533
-0.420489 -0.103456 1.465908
-0.361025 -0.031841 1.529053
-0.352403 0.022100 1.496286
-0.235962 -0.017950 1.582775
-0.300612 0.121116 1.398218
-0.365957 -0.123829 1.501516
-0.345920 -0.120144 1.508662
-0.287416 0.141451 1.456109
-0.407405 -0.127771 1.458680
-0.349011 -0.143883 1.485904
-0.389954 -0.147333 1.446547
-0.303370 -0.173421 1.432362
-0.327530 -0.155268 1.573877
-0.299510 -0.225869 1.489896
-0.358160 -0.168675 1.424870
-0.241290 -0.084685 1.584331
-0.359378 -0.087203 1.529474
-0.285468 -0.032344 1.626933
-0.281584 0.012247 1.615892
-0.302040 -0.165756 1.401712
-0.319693 -0.175383 1.421436
-0.315891 -0.168400 1.398629
-0.353247 -0.168088 1.400497
-0.216981 -0.015114 1.599328
-0.214686 0.008852 1.616891
-0.219638 -0.033436 1.626826
-0.380035 -0.030425 1.536857
-0.384879 -0.046697 1.551459
-0.384021 -0.011451 1.541485
-0.222008 0.045225 1.549091
-0.277101 0.075445 1.461962
-0.209587 0.093127 1.494195
-0.239818 -0.135885 1.550051
-0.232404 -0.170622 1.503325
-0.267597 -0.212349 1.535228
-0.277329 -0.189484 1.565359
-0.254109 -0.234953 1.474840
-0.283421 -0.154036 1.443388
-0.303610 -0.139270 1.471374
-0.304486 -0.144913 1.474121
-0.236369 -0.215352 1.416142
-0.285266 -0.162075 1.417388
-0.287359 -0.077460 1.625436
-0.286604 -0.120143 1.613609
-0.314298 -0.163700 1.395440
-0.335838 -0.164178 1.387234
-0.201362 0.110978 1.531017
-0.198494 0.106022 1.506852
-0.202011 0.125028 1.501686
-0.351170 0.074344 1.461203
-0.335826 0.091206 1.439498
-0.427181 -0.098502 1.419091
-0.402377 -0.134689 1.405370
-0.210021 0.143939 1.443378
-0.201172 0.126211 1.463439
-0.207490 0.129449 1.439267
-0.204589 0.137526 1.471745
-0.366442 0.036541 1.376733
-0.394135 0.024012 1.388531
-0.353441 0.040836 1.376763
-0.318895 0.109241 1.413131
-0.369635 0.030043 1.503044
-0.367838 0.049323 1.495963
-0.378827 0.020087 1.523149
-0.225293 -0.191734 1.429376
-0.210102 0.114053 1.449475
-0.367438 -0.161747 1.512508
-0.350957 -0.183812 1.473230
-0.360841 -0.187583 1.489958
-0.368444 -0.142526 1.514096
-0.378947 -0.108707 1.541567
-0.314298 -0.163700 1.395440
-0.298482 -0.147380 1.403543
-0.302040 -0.165756 1.401712
-0.285266 -0.162075 1.417388
-0.376570 -0.090790 1.537639
-0.382468 -0.078785 1.551466
-0.345820 -0.141034 1.386469
-0.335838 -0.164178 1.387234
-0.370113 -0.153268 1.388419
-0.227334 0.128155 1.420149
-0.229058 0.144258 1.421402
-0.378481 -0.126239 1.397336
-0.386884 -0.142000 1.398941
-0.427181 -0.098502 1.419091
-0.401388 -0.103007 1.413506
-0.402377 -0.134689 1.405370
-0.205714 0.085743 1.568317
-0.205071 0.054526 1.565437
-0.413915 -0.060242 1.420452
-0.434501 -0.048274 1.420878
-0.404543 -0.017132 1.408760
-0.421188 -0.003379 1.407945
-0.394135 0.024012 1.388531
-0.408581 0.011807 1.398950
-0.208988 0.047166 1.596987
-0.352778 0.024600 1.378412
-0.386776 0.005729 1.392207
-0.366442 0.036541 1.376733
-0.353441 0.040836 1.376763
-0.333842 0.043950 1.382971
-0.314263 0.034963 1.388431
-0.316707 0.048345 1.388548
-0.225686 -0.087568 1.597490
-0.302411 0.046941 1.400030
-0.224983 -0.074738 1.624262
-0.225915 -0.113994 1.611019
-0.294034 0.027359 1.427233
-0.294096 0.048115 1.407895
-0.289970 0.045983 1.423182
-0.222898 -0.143385 1.561171
-0.294080 0.041122 1.440719
-0.322374 0.020494 1.485121
-0.314018 0.013140 1.463119
-0.336948 0.004036 1.504485
-0.336742 -0.014839 1.495005
-0.346894 -0.016803 1.517917
-0.350781 -0.041379 1.525127
-0.345299 -0.053491 1.507437
-0.349836 -0.067173 1.526378
-0.334504 -0.093316 1.498822
-0.344170 -0.091890 1.521482
-0.332585 -0.112936 1.510048
-0.310575 -0.119102 1.471862
-0.317280 -0.130002 1.492152
-0.223786 -0.149059 1.587415
-0.303610 -0.139270 1.471374
-0.283421 -0.154036 1.443388
-0.434501 -0.048274 1.420878
-0.219952 -0.174290 1.559598
-0.217784 -0.179250 1.508648
-0.214026 -0.199910 1.498646
-0.210677 -0.209071 1.449073
-0.217955 -0.212939 1.427891
-0.318522 -0.217420 1.414600
-0.331189 -0.214344 1.433020
-0.344689 -0.200048 1.463450
-0.344170 -0.091890 1.521482
-0.349836 -0.067173 1.526378
-0.350781 -0.041379 1.525127
-0.346894 -0.016803 1.517917
-0.336948 0.004036 1.504485
-0.322374 0.020494 1.485121
-0.408581 0.011807 1.398950
-0.421188 -0.003379 1.407945
-0.325810 0.018208 1.402763
-0.293898 0.034059 1.407712
-0.284621 -0.141678 1.424306
-0.333842 0.043950 1.382971
-0.302411 0.046941 1.400030
-0.304260 -0.133121 1.428066
-0.329854 0.006668 1.447110
-0.386294 0.004388 1.391712
-0.404685 -0.017100 1.408672
-0.407151 0.010958 1.398844
-0.300624 0.117072 1.395835
-0.306032 0.140629 1.420464
-0.264320 0.137388 1.402539
-0.312687 0.032550 1.387046
-0.352769 0.024528 1.378099
-0.317883 0.053617 1.389374
-0.292297 0.024932 1.426018
-0.292516 0.048432 1.406907
-0.282203 -0.140190 1.422328
-0.334307 -0.093621 1.499563
-0.303060 -0.145258 1.475767
-0.283287 -0.154003 1.443497
-0.284365 -0.163763 1.416235
-0.283287 -0.154003 1.443497
-0.333249 -0.162970 1.383541
-0.265454 0.101094 1.413535
-0.300624 0.117072 1.395835
-0.264320 0.137388 1.402539
-0.200922 0.143097 1.470299
-0.209234 0.151450 1.441239
-0.223758 0.158987 1.479493
-0.250096 -0.122199 1.629248
-0.373151 -0.118935 1.574031
-0.243724 -0.195592 1.574800
-0.416762 -0.119436 1.412054
-0.370884 -0.153887 1.388354
-0.419293 -0.126590 1.430207
-0.248208 -0.032167 1.645955
-0.229644 -0.236511 1.439120
-0.267902 -0.218539 1.401941
-0.216032 -0.213558 1.425758
-0.340835 0.034793 1.484099
-0.305151 0.033410 1.461002
-0.291379 0.052992 1.424998
-0.208655 -0.215458 1.450514
-0.211520 -0.206963 1.500686
-0.292516 0.048432 1.406907
-0.317883 0.053617 1.389374
-0.239634 0.158626 1.430240
-0.228632 0.148182 1.418178
-0.198458 0.118425 1.537123
-0.229196 0.103231 1.579918
-0.208293 0.053870 1.606278
-0.352103 -0.132171 1.507160
-0.342249 -0.169977 1.470390
-0.371161 -0.161809 1.511032
-0.305411 -0.199903 1.402919
-0.332779 -0.210931 1.433691
-0.232252 -0.169936 1.503082
-0.217846 -0.179202 1.508627
-0.225203 -0.191395 1.428411
-0.239864 -0.136028 1.550205
-0.241380 -0.084775 1.584538
-0.222946 -0.143382 1.561148
-0.225844 -0.087560 1.597437
-0.303060 -0.145258 1.475767
-0.335118 -0.116279 1.511992
-0.333097 -0.157019 1.469195
-0.411645 0.022317 1.414338
-0.407151 0.010958 1.398844
-0.428132 -0.024020 1.414818
-0.366867 -0.125286 1.502999
-0.390664 -0.148573 1.447360
-0.235918 -0.017958 1.582780
-0.217130 -0.015129 1.599187
-0.222015 0.045269 1.549163
-0.205363 0.054519 1.565333
-0.208270 0.092926 1.494197
-0.346543 -0.141843 1.386931
-0.401465 -0.103261 1.413594
-0.345298 -0.053489 1.507427
-0.413867 -0.060216 1.420509
-0.336618 -0.014989 1.494907
-0.312798 0.010733 1.462509
-0.352576 0.022127 1.496267
-0.341432 0.094920 1.441447
-0.305980 0.096158 1.406359
-0.361151 -0.031876 1.528940
-0.359286 -0.087138 1.529254
-0.379855 -0.030413 1.536913
-0.376620 -0.090731 1.537528
-0.348432 -0.204563 1.462574
-0.303167 -0.222334 1.401163
-0.318648 -0.217810 1.414566
-0.216032 -0.213558 1.425758
-0.267902 -0.218539 1.401941
-0.208655 -0.215458 1.450514
-0.211520 -0.206963 1.500686
-0.217260 -0.174702 1.560120
-0.223228 -0.154228 1.592245
-0.225986 -0.116549 1.618716
-0.218722 -0.033894 1.636255
-0.208293 0.053870 1.606278
-0.198458 0.118425 1.537123
-0.381843 0.033446 1.379392
-0.228632 0.148182 1.418178
-0.204299 0.127329 1.436953
-0.381843 0.033446 1.379392
-0.209234 0.151450 1.441239
-0.385751 -0.079923 1.555915
-0.382455 -0.108941 1.540688
-0.284365 -0.163763 1.416235
-0.303049 -0.173847 1.431424
-0.333249 -0.162970 1.383541
-0.305151 0.033410 1.461002
-0.291379 0.052992 1.424998
-0.434738 -0.048429 1.420748
-0.433714 -0.018843 1.434337
-0.369254 0.037061 1.550803
-0.243915 0.014962 1.635173
-0.372834 0.055002 1.497657
-0.388045 -0.009303 1.546923
-0.324881 0.023125 1.485338
-0.346756 -0.015809 1.519725
-0.383442 -0.006778 1.506793
-0.339118 0.062871 1.411635
-0.355190 -0.040734 1.529033
-0.200922 0.143097 1.470299
-0.272931 -0.241368 1.423092
-0.231129 -0.227799 1.506718
-0.318648 -0.217810 1.414566
-0.303167 -0.222334 1.401163
-0.321359 -0.232856 1.444154
-0.332779 -0.210931 1.433691
-0.376107 -0.039479 1.580778
-0.355349 -0.173732 1.400774
-0.348432 -0.204563 1.462574
-0.350811 -0.208794 1.504786
-0.371161 -0.161809 1.511032
-0.362815 -0.181880 1.532007
-0.382455 -0.108941 1.540688
-0.414230 0.013616 1.450333
-0.438152 -0.077210 1.439561
-0.385751 -0.079923 1.555915
-0.335118 -0.116279 1.511992
-0.347433 -0.093899 1.525022
-0.349909 -0.067098 1.523268
-0.388045 -0.009303 1.546923
-0.431174 -0.040427 1.468844
-0.346756 -0.015809 1.519725
-0.324881 0.023125 1.485338
-0.372834 0.055002 1.497657
-0.344796 0.097528 1.488054
-0.341432 0.094920 1.441447
-0.388790 -0.069219 1.518705
-0.353497 0.041543 1.375948
-0.347433 -0.093899 1.525022
-0.422094 -0.104309 1.466813
-0.428132 -0.024020 1.414818
-0.434738 -0.048429 1.420748
-0.416762 -0.119436 1.412054
-0.218722 -0.033894 1.636255
-0.225986 -0.116549 1.618716
-0.370884 -0.153887 1.388354
-0.223228 -0.154228 1.592245
-0.217260 -0.174702 1.560120
-0.349909 -0.067098 1.523268
-0.283287 -0.154003 1.443497
-0.353497 0.041543 1.375948
-0.265586 0.100614 1.413656
-0.305355 0.095865 1.406474
-0.294976 0.110650 1.397894
-0.304060 0.123922 1.404220
-0.274694 0.146025 1.417761
-0.265012 0.137560 1.404882
-0.303971 0.136177 1.419775
-0.285826 0.129295 1.398551
-0.281653 0.124148 1.400913
-0.264274 0.131736 1.405532
-0.317849 -0.128173 1.490380
-0.332918 -0.111887 1.507393
-0.319683 -0.133653 1.493234
-0.335571 -0.115919 1.511432
-0.260986 0.122110 1.403610
-0.281653 0.124148 1.400913
-0.264274 0.131736 1.405532
-0.202021 0.143275 1.470405
-0.220075 0.158437 1.447916
-0.222550 0.155853 1.478538
-0.209136 0.150189 1.440988
-0.386975 -0.141880 1.398627
-0.370040 -0.153117 1.388747
-0.389279 -0.146423 1.400720
-0.291754 0.043454 1.422920
-0.293236 0.049436 1.423856
-0.294664 0.040784 1.440242
-0.305371 0.033435 1.460911
-0.315488 0.051998 1.442386
-0.229455 0.148618 1.420128
-0.294251 0.048242 1.407984
-0.301314 0.048943 1.399032
-0.296934 0.052441 1.409580
-0.317965 0.052696 1.390256
-0.239830 0.158133 1.430565
-0.317251 0.046375 1.389914
-0.333702 0.043954 1.382636
-0.335333 0.050169 1.383285
-0.371315 -0.165602 1.514239
-0.358273 -0.183470 1.488741
-0.361079 -0.187602 1.489832
-0.367466 -0.161739 1.512492
-0.377713 -0.138340 1.533699
-0.378933 -0.108710 1.541580
-0.381950 -0.110564 1.545126
-0.392041 0.022160 1.389219
-0.406525 0.010936 1.399305
-0.394343 0.026944 1.391409
-0.409209 0.014378 1.402004
-0.417895 -0.004049 1.407729
-0.421978 -0.001379 1.411059
-0.430657 -0.022743 1.418961
-0.382468 -0.078785 1.551466
-0.385433 -0.079861 1.555399
-0.387763 -0.046977 1.556182
-0.384879 -0.046697 1.551459
-0.386978 -0.009758 1.546293
-0.384021 -0.011451 1.541485
-0.381820 0.023634 1.527179
-0.378827 0.020087 1.523149
-0.434771 -0.074522 1.425222
-0.423726 -0.097766 1.419489
-0.428203 -0.099581 1.422364
-0.367838 0.049323 1.495963
-0.371070 0.055338 1.498839
-0.434014 -0.048361 1.420973
-0.435422 -0.047738 1.424469
-0.350938 0.074415 1.461427
-0.340375 0.095043 1.442223
-0.336879 0.090726 1.438492
-0.318832 0.109305 1.413225
-0.316253 0.106304 1.411937
-0.298797 0.116637 1.399982
-0.229058 0.144258 1.421402
-0.210021 0.143939 1.443378
-0.204589 0.137526 1.471745
-0.200121 0.132136 1.501543
-0.202011 0.125028 1.501686
-0.200542 0.118156 1.536870
-0.201362 0.110978 1.531017
-0.205714 0.085743 1.568317
-0.203972 0.091039 1.573386
-0.208835 0.052976 1.604713
-0.208988 0.047166 1.596987
-0.214149 0.011589 1.625903
-0.214686 0.008852 1.616891
-0.219638 -0.033436 1.626826
-0.219382 -0.033944 1.634636
-0.224983 -0.074738 1.624262
-0.223407 -0.076974 1.631083
-0.225915 -0.113994 1.611019
-0.225847 -0.116366 1.618140
-0.223059 -0.154216 1.592259
-0.223786 -0.149059 1.587415
-0.219984 -0.174302 1.559600
-0.218850 -0.178864 1.563170
-0.214926 -0.194887 1.532062
-0.216474 -0.188334 1.529183
-0.214120 -0.199925 1.498638
-0.285497 -0.162092 1.417319
-0.285504 -0.162200 1.430016
-0.303778 -0.168390 1.404811
-0.211584 -0.206801 1.500574
-0.212057 -0.205136 1.470432
-0.209320 -0.215647 1.450528
-0.212256 -0.209710 1.449334
-0.217719 -0.212740 1.427667
-0.216779 -0.219742 1.427039
-0.236306 -0.215904 1.416157
-0.269325 -0.217688 1.406454
-0.268445 -0.224912 1.405215
-0.302619 -0.220103 1.401921
-0.302508 -0.216101 1.404019
-0.318775 -0.217690 1.414369
-0.317447 -0.213988 1.416554
-0.351754 -0.157158 1.386839
-0.352996 -0.161676 1.389306
-0.331006 -0.214317 1.433178
-0.331436 -0.210485 1.434073
-0.337971 0.059488 1.411345
-0.317769 0.058646 1.420258
-0.347539 -0.204096 1.462561
-0.344689 -0.200048 1.463450
-0.368272 0.046986 1.390282
-0.297647 -0.235170 1.415034
-0.320489 -0.230204 1.443845
-0.371035 0.048598 1.413223
-0.410424 0.020816 1.414420
-0.336663 -0.220561 1.472394
-0.349773 -0.205659 1.503736
-0.361431 -0.180179 1.530334
-0.413474 0.012357 1.449803
-0.377645 0.031607 1.456374
-0.340093 0.031948 1.482365
-0.370928 -0.116663 1.569781
-0.369856 0.015768 1.490178
-0.351118 0.011432 1.501798
-0.432833 -0.018939 1.434338
-0.372878 -0.079227 1.578768
-0.374371 -0.040277 1.579298
-0.372911 -0.000373 1.568859
-0.382492 -0.007734 1.505250
-0.360460 -0.013991 1.517114
-0.430397 -0.040319 1.468432
-0.368412 0.036652 1.550058
-0.387959 -0.037611 1.514251
-0.355130 -0.040676 1.527865
-0.437653 -0.045051 1.439658
-0.357450 0.067507 1.519967
-0.343494 0.095396 1.487266
-0.387592 -0.068903 1.516852
-0.354157 -0.067967 1.529142
-0.436873 -0.077179 1.439710
-0.428181 -0.074501 1.469283
-0.379473 -0.098524 1.512235
-0.347730 -0.093901 1.523944
-0.418214 -0.125551 1.430741
-0.421279 -0.104161 1.466342
-0.366444 -0.124846 1.502293
-0.205657 0.135490 1.504626
-0.224965 0.123285 1.543586
-0.228392 0.099767 1.577163
-0.235703 0.060139 1.609796
-0.242514 0.012956 1.630559
-0.390616 -0.148263 1.447267
-0.246619 -0.031895 1.640604
-0.250449 -0.077043 1.638439
-0.249388 -0.120809 1.625424
-0.387619 -0.153477 1.412279
-0.357805 -0.167928 1.424584
-0.249618 -0.161752 1.600487
-0.333043 -0.156610 1.469057
-0.242941 -0.191331 1.570912
-0.319798 -0.175055 1.421278
-0.303483 -0.172015 1.431568
-0.233995 -0.209163 1.538945
-0.231246 -0.222672 1.505034
-0.230244 -0.235794 1.439895
-0.238830 -0.230355 1.421742
-0.272760 -0.240017 1.423550
-0.353328 -0.168260 1.400567
-0.302508 -0.216101 1.404019
-0.270109 -0.206729 1.405407
-0.269325 -0.217688 1.406454
-0.304991 -0.202000 1.405286
-0.274342 -0.193426 1.412242
-0.286490 -0.183524 1.439815
-0.324289 -0.196633 1.428978
-0.342179 -0.171658 1.471690
-0.300269 -0.166363 1.484677
-0.289882 -0.148464 1.455482
-0.303346 -0.139064 1.471436
-0.304607 -0.144631 1.473890
-0.352352 -0.132900 1.507921
-0.284581 -0.153865 1.442768
-0.297826 -0.155280 1.455689
-0.283629 -0.156853 1.427946
-0.309659 -0.131565 1.523569
-0.302772 -0.163277 1.402233
-0.359807 -0.087582 1.530473
-0.313616 -0.083797 1.549398
-0.309441 -0.024484 1.550429
-0.352706 0.022584 1.496788
-0.297240 0.031604 1.516878
-0.314474 -0.163881 1.395777
-0.360931 -0.031964 1.528878
-0.335411 -0.161634 1.387350
-0.328038 -0.167343 1.393277
-0.298797 0.116637 1.399982
-0.415627 -0.118870 1.412909
-0.402607 -0.137016 1.408364
-0.399739 -0.133247 1.405663
-0.365474 0.034825 1.377639
-0.380076 0.030754 1.381431
-0.367245 0.040045 1.380592
-0.353475 0.040915 1.377039
-0.287357 0.141099 1.455868
-0.263277 0.115523 1.533917
-0.350912 -0.041436 1.522131
-0.347065 -0.016753 1.517960
-0.350073 -0.067050 1.523348
-0.327522 -0.155248 1.573860
-0.320393 -0.186579 1.549808
-0.267677 -0.212600 1.535236
-0.299581 -0.226635 1.490030
-0.298442 -0.147204 1.403227
-0.285497 -0.162092 1.417319
-0.302772 -0.163277 1.402233
-0.314474 -0.163881 1.395777
-0.241542 -0.084908 1.584917
-0.235913 -0.018048 1.582695
-0.285466 -0.032344 1.626931
-0.281581 0.012244 1.615888
-0.345861 -0.140583 1.386294
-0.335411 -0.161634 1.387350
-0.351754 -0.157158 1.386839
-0.216981 -0.015114 1.599328
-0.214686 0.008852 1.616891
-0.219638 -0.033436 1.626826
-0.370040 -0.153117 1.388747
-0.379206 -0.128212 1.398178
-0.386975 -0.141880 1.398627
-0.380035 -0.030425 1.536857
-0.384879 -0.046697 1.551459
-0.384021 -0.011451 1.541485
-0.415627 -0.118870 1.412909
-0.411109 -0.105568 1.413801
-0.399739 -0.133247 1.405663
-0.423726 -0.097766 1.419489
-0.430276 -0.073579 1.422506
-0.423236 -0.060715 1.419467
-0.434014 -0.048361 1.420973
-0.404776 -0.016949 1.408726
-0.426862 -0.024259 1.415619
-0.417895 -0.004049 1.407729
-0.392041 0.022160 1.389219
-0.406525 0.010936 1.399305
-0.352792 0.024518 1.378230
-0.386754 0.005644 1.392174
-0.365474 0.034825 1.377639
-0.380076 0.030754 1.381431
-0.353475 0.040915 1.377039
-0.333702 0.043954 1.382636
-0.314130 0.034919 1.388222
-0.317251 0.046375 1.389914
-0.222309 0.045734 1.549600
-0.277103 0.075452 1.461970
-0.209542 0.093072 1.494153
-0.301314 0.048943 1.399032
-0.239969 -0.136247 1.550456
-0.293911 0.027325 1.427223
-0.294251 0.048242 1.407984
-0.291754 0.043454 1.422920
-0.294664 0.040784 1.440242
-0.323141 0.019027 1.483261
-0.313999 0.013094 1.463110
-0.305371 0.033435 1.460911
-0.336969 0.004081 1.504547
-0.339377 -0.010294 1.503176
-0.347065 -0.016753 1.517960
-0.350912 -0.041436 1.522131
-0.346687 -0.053789 1.516024
-0.350073 -0.067050 1.523348
-0.335813 -0.097577 1.507208
-0.344305 -0.090809 1.518760
-0.332918 -0.111887 1.507393
-0.303346 -0.139064 1.471436
-0.317849 -0.128173 1.490380
-0.254110 -0.233949 1.474719
-0.238277 -0.204819 1.417348
-0.287354 -0.077460 1.625432
-0.286602 -0.120121 1.613591
-0.201362 0.110978 1.531017
-0.198494 0.106022 1.506852
-0.202011 0.125028 1.501686
-0.326229 0.068353 1.442614
-0.350938 0.074415 1.461427
-0.336879 0.090726 1.438492
-0.210021 0.143939 1.443378
-0.201172 0.126211 1.463439
-0.207490 0.129449 1.439267
-0.204589 0.137526 1.471745
-0.316253 0.106304 1.411937
-0.369548 0.029985 1.503034
-0.367838 0.049323 1.495963
-0.336969 0.004081 1.504547
-0.325636 0.022868 1.484601
-0.378827 0.020087 1.523149
-0.232388 -0.170522 1.503289
-0.225689 -0.192555 1.429759
-0.231453 0.108318 1.439454
-0.209650 0.113460 1.448963
-0.367466 -0.161739 1.512492
-0.351021 -0.183793 1.473185
-0.358273 -0.183470 1.488741
-0.368444 -0.142526 1.514096
-0.378933 -0.108710 1.541580
-0.376570 -0.090790 1.537639
-0.382468 -0.078785 1.551466
-0.227334 0.128155 1.420149
-0.229058 0.144258 1.421402
-0.205714 0.085743 1.568317
-0.205071 0.054526 1.565437
-0.325819 0.018223 1.402795
-0.293894 0.034149 1.407738
-0.208988 0.047166 1.596987
-0.225686 -0.087568 1.597490
-0.224983 -0.074738 1.624262
-0.225915 -0.113994 1.611019
-0.222898 -0.143385 1.561171
-0.223786 -0.149059 1.587415
-0.219984 -0.174302 1.559600
-0.385264 -0.098937 1.434851
-0.362267 -0.122262 1.416020
-0.401481 -0.103233 1.413665
-0.217967 -0.179273 1.508657
-0.216474 -0.188334 1.529183
-0.413930 -0.060220 1.420535
-0.214120 -0.199925 1.498638
-0.304370 -0.133162 1.428011
-0.213634 -0.197460 1.457796
-0.212057 -0.205136 1.470432
-0.212256 -0.209710 1.449334
-0.284239 -0.141295 1.424284
-0.217719 -0.212740 1.427667
-0.236306 -0.215904 1.416157
-0.310883 -0.119723 1.472066
-0.317447 -0.213988 1.416554
-0.331436 -0.210485 1.434073
-0.344689 -0.200048 1.463450
-0.337051 -0.014416 1.495223
-0.345377 -0.053505 1.507433
-0.353209 -0.016957 1.474273
-0.334557 -0.093432 1.498857
-0.329856 0.006687 1.447126
-0.344305 -0.090809 1.518760
-0.323141 0.019027 1.483261
-0.305371 0.033435 1.460911
-0.283629 -0.156853 1.427946
-0.284581 -0.153865 1.442768
-0.289882 -0.148464 1.455482
-0.426862 -0.024259 1.415619
-0.430276 -0.073579 1.422506
-0.352085 -0.093731 1.521160
-0.339709 -0.116761 1.509179
-0.347638 -0.093428 1.522754
-0.335842 -0.115613 1.510811
-0.358482 -0.068067 1.525971
-0.354026 -0.067797 1.527741
-0.344512 0.007683 1.502819
-0.350382 -0.015345 1.519073
-0.340446 0.006634 1.504942
-0.354127 -0.015134 1.517689
-0.316944 -0.129484 1.492029
-0.319880 -0.133002 1.492517
-0.332443 -0.112645 1.509837
-0.337006 -0.165927 1.390836
-0.328133 -0.167359 1.393493
-0.337563 -0.166278 1.395588
-0.329414 -0.167560 1.397636
-0.389506 -0.146910 1.400826
-0.369923 -0.152803 1.388673
-0.370157 -0.156329 1.392378
-0.388841 -0.143289 1.397728
-0.298162 0.044391 1.440103
-0.290247 0.045002 1.423056
-0.293694 0.048982 1.423630
-0.294404 0.040642 1.440251
-0.298147 0.049815 1.423139
-0.302556 0.044975 1.439928
-0.293807 0.048056 1.407748
-0.303289 0.052904 1.401389
-0.297087 0.051973 1.409749
-0.301213 0.048606 1.398809
-0.306519 0.053198 1.403806
-0.301242 0.052275 1.411436
-0.333757 0.045574 1.381130
-0.318245 0.052605 1.390651
-0.316485 0.048034 1.388183
-0.335456 0.050047 1.383762
-0.337738 0.050232 1.388032
-0.320977 0.052835 1.394048
-0.322569 0.020254 1.484892
-0.308475 0.036630 1.460443
-0.325777 0.023645 1.485029
-0.305574 0.033089 1.460663
-0.311975 0.037956 1.458468
-0.329899 0.024759 1.483072
-0.393799 0.023400 1.388578
-0.409670 0.014845 1.402072
-0.394260 0.026914 1.391590
-0.408660 0.011672 1.398705
-0.422145 -0.001208 1.411219
-0.420583 -0.003814 1.407576
-0.431429 -0.022448 1.419163
-0.429389 -0.024198 1.415070
-0.420809 -0.000157 1.416167
-0.429748 -0.021794 1.425108
-0.408410 0.015867 1.407071
-0.392729 0.028414 1.395799
-0.432942 -0.073976 1.421427
-0.426490 -0.098108 1.418525
-0.435333 -0.074639 1.425550
-0.428436 -0.099746 1.422624
-0.436373 -0.047671 1.424430
-0.433958 -0.048456 1.420234
-0.368291 -0.156940 1.398307
-0.387745 -0.147999 1.405538
-0.415651 -0.121707 1.422137
-0.417151 -0.121255 1.416596
-0.426964 -0.100315 1.428051
-0.434035 -0.075239 1.430961
-0.434780 -0.046823 1.430340
-0.354805 0.045415 1.384239
-0.367301 0.040171 1.380767
-0.366843 0.041023 1.385163
-0.353804 0.044961 1.379837
-0.354948 -0.040894 1.526486
-0.359065 -0.040831 1.524869
-0.323790 -0.134276 1.491057
-0.293827 -0.152693 1.455599
-0.304929 -0.144406 1.473556
-0.298642 -0.153839 1.454674
-0.309258 -0.145835 1.472296
-0.287764 -0.157201 1.443350
-0.292586 -0.158304 1.443077
-0.289662 -0.162259 1.431369
-0.285820 -0.161734 1.429977
-0.292291 -0.165081 1.422222
-0.288798 -0.164764 1.420000
-0.293733 -0.166475 1.413263
-0.296185 -0.166522 1.416907
-0.304055 -0.168074 1.405086
-0.306155 -0.168131 1.408929
-0.315946 -0.168381 1.398749
-0.317653 -0.168459 1.402721
-0.352657 -0.162563 1.394268
-0.353117 -0.162001 1.389401
-0.352378 -0.159069 1.385823
-0.400915 -0.138353 1.413442
-0.402835 -0.137291 1.408488
-0.330685 0.051972 1.437244
-0.315659 0.051296 1.441988
-0.317898 0.058058 1.420236
-0.306509 0.055517 1.424281
-0.356565 0.052290 1.401537
-0.357275 0.049053 1.390159
-0.367638 0.045773 1.390692
-0.341811 0.053719 1.393880
-0.337484 0.057357 1.410778
-0.325523 0.055568 1.398870
-0.311380 0.056016 1.407359
-0.306757 0.056355 1.414091
-0.380651 0.034348 1.384577
-0.379761 0.035489 1.389182
-0.370400 0.047309 1.413097
-0.380460 0.040411 1.395384
-0.352639 0.050068 1.427837
-0.355858 0.032395 1.471761
-0.339764 0.030492 1.481666
-0.341979 0.043923 1.453647
-0.326042 0.043360 1.460516
-0.409523 0.020081 1.414449
-0.380923 0.040530 1.422053
-0.392218 0.033169 1.401837
-0.397823 0.027415 1.436505
-0.377348 0.030723 1.456017
-0.362960 0.042922 1.440169
-0.369713 0.015467 1.489930
-0.351209 0.011454 1.501752
-0.422200 0.003421 1.423743
-0.411603 0.010674 1.448744
-0.391696 0.014149 1.471274
-0.360579 -0.014019 1.516969
-0.381492 -0.008333 1.504514
-0.432582 -0.019138 1.434293
-0.422897 -0.012654 1.460198
-0.402923 -0.008757 1.483785
-0.366337 -0.040267 1.524686
-0.387471 -0.037730 1.513662
-0.437894 -0.045034 1.439648
-0.428926 -0.040863 1.467460
-0.409001 -0.038372 1.492754
-0.386696 -0.068750 1.515896
-0.366328 -0.068781 1.526200
-0.427685 -0.074431 1.468863
-0.436292 -0.076922 1.439603
-0.408410 -0.069599 1.495249
-0.379006 -0.098244 1.511562
-0.359695 -0.095287 1.521354
-0.419954 -0.103163 1.465431
-0.429043 -0.102963 1.436576
-0.400462 -0.099690 1.491578
-0.365500 -0.123286 1.501017
-0.346012 -0.120139 1.508578
-0.406953 -0.127219 1.458186
-0.417191 -0.125012 1.430709
-0.386959 -0.125035 1.482777
-0.348627 -0.142291 1.484992
-0.329794 -0.138122 1.490396
-0.389532 -0.146746 1.446389
-0.400866 -0.143101 1.420831
-0.370137 -0.144225 1.469378
-0.332951 -0.154849 1.468011
-0.320192 -0.162594 1.454009
-0.315448 -0.150499 1.472234
-0.304688 -0.159169 1.455706
-0.374026 -0.157964 1.434838
-0.368392 -0.163717 1.405588
-0.357784 -0.167514 1.424627
-0.387060 -0.152573 1.412350
-0.353871 -0.157218 1.454592
-0.340242 -0.165006 1.441912
-0.320271 -0.171351 1.408652
-0.336131 -0.172257 1.410992
-0.335167 -0.170190 1.403116
-0.319683 -0.174035 1.421149
-0.308901 -0.171233 1.414687
-0.303811 -0.171059 1.431220
-0.299154 -0.169654 1.422649
-0.296652 -0.168530 1.426078
-0.294496 -0.165752 1.434478
-0.298499 -0.163490 1.444544
-0.312277 -0.168093 1.441473
-0.342614 -0.171353 1.416973
-0.352982 -0.167246 1.400735
-0.330676 -0.170790 1.431288
-0.343604 -0.091587 1.521305
-0.290313 -0.148373 1.455202
-0.302309 -0.140501 1.472973
-0.284540 -0.153698 1.442699
-0.282599 -0.158633 1.428393
-0.285888 -0.161826 1.417640
-0.291462 -0.163708 1.410351
-0.302156 -0.165469 1.401833
-0.314455 -0.165947 1.395291
-0.327038 -0.165068 1.390290
-0.335807 -0.163801 1.387713
-0.402077 -0.134114 1.405009
-0.415714 -0.118818 1.412717
-0.366248 0.036343 1.377032
-0.380076 0.030619 1.381336
-0.353324 0.040543 1.376583
-0.336815 0.003772 1.504277
-0.346397 -0.017084 1.517721
-0.350645 -0.041456 1.524920
-0.349683 -0.067120 1.526155
-0.292424 -0.146991 1.453716
-0.286543 -0.145703 1.439660
-0.292438 -0.140037 1.451688
-0.285837 -0.152030 1.441821
-0.284271 -0.150294 1.426203
-0.283825 -0.156774 1.427979
-0.287679 -0.153363 1.415687
-0.287053 -0.159878 1.417626
-0.292798 -0.161471 1.410760
-0.294539 -0.155529 1.407613
-0.303030 -0.163175 1.402558
-0.309473 -0.156675 1.398324
-0.314606 -0.163760 1.396089
-0.324570 -0.155573 1.392023
-0.326884 -0.162869 1.391033
-0.334499 -0.153179 1.388940
-0.335688 -0.161568 1.388250
-0.349853 -0.149751 1.387167
-0.351696 -0.157010 1.387132
-0.364375 -0.145124 1.389043
-0.368272 -0.151217 1.390090
-0.386101 -0.133669 1.399157
-0.386718 -0.141969 1.399232
-0.411115 -0.105542 1.413720
-0.399546 -0.133266 1.406050
-0.413038 -0.118258 1.413836
-0.423547 -0.097804 1.419954
-0.423229 -0.060730 1.419355
-0.430092 -0.073570 1.423055
-0.431322 -0.048452 1.421626
-0.426595 -0.024127 1.416306
-0.414591 -0.015748 1.409299
-0.417582 -0.003846 1.408657
-0.393912 0.012002 1.393362
-0.406353 0.010983 1.399638
-0.391831 0.022244 1.389719
-0.356233 0.031672 1.378530
-0.374710 0.023318 1.382318
-0.365322 0.034958 1.378545
-0.378469 0.029231 1.382786
-0.352701 0.039140 1.378759
-0.331871 0.038765 1.382413
-0.334090 0.043998 1.383732
-0.317590 0.046428 1.390532
-0.315920 0.042116 1.388877
-0.302736 0.047000 1.400373
-0.301990 0.043234 1.399162
-0.294796 0.042146 1.408327
-0.295329 0.046410 1.408497
-0.294060 0.036253 1.430187
-0.291982 0.043394 1.422924
-0.295283 0.039177 1.439849
-0.323451 0.019037 1.483029
-0.314556 0.020224 1.468091
-0.306434 0.031731 1.460069
-0.339230 -0.010324 1.503234
-0.337387 0.003012 1.502130
-0.347030 -0.017544 1.515317
-0.346659 -0.053794 1.516034
-0.351465 -0.041413 1.521957
-0.350575 -0.067098 1.523193
-0.335813 -0.097577 1.507208
-0.344642 -0.090886 1.518647
-0.333364 -0.112019 1.507179
-0.310491 -0.127668 1.477338
-0.318197 -0.128307 1.490215
-0.303962 -0.139242 1.471077
-0.345964 0.018453 1.391037
-0.369574 0.016415 1.383393
-0.352842 0.025112 1.379380
-0.308445 0.021885 1.415449
-0.301248 0.035562 1.398460
-0.294113 0.034140 1.407981
-0.294218 0.028007 1.427421
-0.326105 0.018847 1.403023
-0.314570 0.034963 1.389024
-0.329888 0.032055 1.383222
-0.367513 0.004524 1.412259
-0.387086 0.006747 1.392902
-0.404547 -0.016891 1.408745
-0.387786 -0.019036 1.432051
-0.362521 -0.123174 1.416406
-0.359168 -0.137932 1.389597
-0.379066 -0.128259 1.398495
-0.340405 -0.136075 1.397866
-0.385349 -0.099047 1.434931
-0.401481 -0.103233 1.413665
-0.413553 -0.060200 1.420231
-0.396724 -0.058858 1.442464
-0.346208 -0.141702 1.388115
-0.333398 -0.145407 1.389580
-0.321890 -0.147124 1.393170
-0.321680 -0.136104 1.412119
-0.310736 -0.147882 1.397842
-0.298964 -0.147665 1.404404
-0.304332 -0.133158 1.428014
-0.289831 -0.145214 1.413778
-0.286125 -0.142465 1.424174
-0.288403 -0.138200 1.436826
-0.295076 -0.132401 1.448102
-0.328699 -0.119285 1.453452
-0.311536 -0.120892 1.472382
-0.345636 -0.120054 1.434839
-0.337051 -0.014416 1.495223
-0.362640 -0.055354 1.485829
-0.353138 -0.016947 1.474164
-0.344765 -0.053490 1.506941
-0.351524 -0.095018 1.477274
-0.334703 -0.093597 1.498978
-0.313941 0.013098 1.463143
-0.330148 0.007319 1.447304
-0.368506 -0.096542 1.456092
-0.348760 0.004451 1.429887
-0.370568 -0.018801 1.453196
-0.379884 -0.057198 1.464315
-0.303962 -0.139242 1.471077
-0.292424 -0.146991 1.453716
-0.318197 -0.128307 1.490215
-0.333364 -0.112019 1.507179
-0.344642 -0.090886 1.518647
-0.350575 -0.067098 1.523193
-0.351465 -0.041413 1.521957
-0.347030 -0.017544 1.515317
-0.337387 0.003012 1.502130
-0.323451 0.019037 1.483029
-0.306434 0.031731 1.460069
-0.295283 0.039177 1.439849
-0.291982 0.043394 1.422924
-0.295329 0.046410 1.408497
-0.302736 0.047000 1.400373
-0.317590 0.046428 1.390532
-0.334090 0.043998 1.383732
-0.352701 0.039140 1.378759
-0.365322 0.034958 1.378545
-0.378469 0.029231 1.382786
-0.391831 0.022244 1.389719
-0.406353 0.010983 1.399638
-0.417582 -0.003846 1.408657
-0.426595 -0.024127 1.416306
-0.431322 -0.048452 1.421626
-0.430092 -0.073570 1.423055
-0.423547 -0.097804 1.419954
-0.413038 -0.118258 1.413836
-0.399546 -0.133266 1.406050
-0.386718 -0.141969 1.399232
-0.368272 -0.151217 1.390090
-0.351696 -0.157010 1.387132
-0.335688 -0.161568 1.388250
-0.326884 -0.162869 1.391033
-0.314606 -0.163760 1.396089
-0.303030 -0.163175 1.402558
-0.292798 -0.161471 1.410760
-0.287053 -0.159878 1.417626
-0.283825 -0.156774 1.427979
-0.285837 -0.152030 1.441821
-0.285168 -0.032415 1.626403
-0.250482 -0.077026 1.638342
-0.246667 -0.031902 1.640443
-0.287073 -0.077380 1.624935
-0.275777 0.052679 1.593940
-0.242565 0.012904 1.630384
-0.235020 0.059152 1.608467
-0.281284 0.012006 1.615385
-0.299510 -0.225804 1.489886
-0.254098 -0.232880 1.474386
-0.260056 -0.225712 1.502959
-0.288400 -0.234308 1.461549
-0.310369 -0.209967 1.520719
-0.267444 -0.211249 1.534601
-0.320230 -0.186009 1.549332
-0.277105 -0.188828 1.564804
-0.282935 -0.158274 1.591535
-0.249271 -0.160898 1.599398
-0.242688 -0.190149 1.569907
-0.286382 -0.119936 1.613079
-0.249423 -0.120772 1.625349
-0.230286 -0.228939 1.477505
-0.248951 -0.235495 1.450512
-0.227575 -0.232083 1.454825
-0.301046 -0.227710 1.408683
-0.318340 -0.217233 1.414692
-0.302539 -0.219959 1.402097
-0.315552 -0.222928 1.417687
-0.239010 -0.230283 1.422154
-0.270287 -0.231652 1.411857
-0.268592 -0.224626 1.405753
-0.236856 -0.221885 1.415830
-0.217057 -0.219471 1.427158
-0.219587 -0.225074 1.434639
-0.215269 -0.220661 1.453186
-0.209674 -0.215306 1.450496
-0.217153 -0.217819 1.477758
-0.210508 -0.211821 1.472339
-0.218766 -0.212460 1.501817
-0.212298 -0.206062 1.500398
-0.215218 -0.194593 1.531898
-0.222581 -0.201336 1.535282
-0.226948 -0.184064 1.565238
-0.219259 -0.178660 1.562984
-0.231206 -0.155894 1.595832
-0.223507 -0.153867 1.591801
-0.233821 -0.118832 1.620748
-0.226038 -0.116158 1.617715
-0.228934 -0.035514 1.637609
-0.223673 -0.076803 1.630320
-0.219721 -0.033954 1.633502
-0.231251 -0.077781 1.633641
-0.217694 0.054681 1.607591
-0.214579 0.011160 1.624481
-0.209352 0.052625 1.604046
-0.223320 0.011023 1.628980
-0.204578 0.090429 1.572727
-0.212768 0.093596 1.576703
-0.208660 0.119347 1.541239
-0.200888 0.117477 1.536445
-0.200121 0.132136 1.501543
-0.207392 0.146300 1.474523
-0.205674 0.135485 1.504626
-0.202373 0.143172 1.470403
-0.212188 0.152374 1.444485
-0.209140 0.150215 1.440956
-0.231746 0.152055 1.426633
-0.229491 0.149007 1.419978
-0.318496 0.109071 1.413385
-0.303683 0.123294 1.404909
-0.300658 0.120830 1.398659
-0.319577 0.113177 1.419673
-0.343610 -0.209220 1.467079
-0.361030 -0.187728 1.489957
-0.347953 -0.204458 1.462511
-0.357632 -0.192608 1.496575
-0.327988 -0.217974 1.435530
-0.331358 -0.214706 1.433050
-0.388385 -0.046963 1.556768
-0.381319 -0.078334 1.561092
-0.383720 -0.043231 1.561522
-0.386583 -0.080126 1.556430
-0.378395 0.025979 1.533261
-0.387229 -0.009657 1.546545
-0.383393 -0.006997 1.551168
-0.381949 0.023861 1.527438
-0.378118 -0.111863 1.552590
-0.382476 -0.110802 1.545562
-0.373798 -0.141851 1.538819
-0.377974 -0.138345 1.533648
-0.367692 -0.169865 1.519477
-0.371705 -0.165832 1.514398
-0.342179 -0.171658 1.471690
-0.368444 -0.142526 1.514096
-0.352352 -0.132900 1.507921
-0.351021 -0.183793 1.473185
-0.325372 -0.205767 1.426350
-0.324226 -0.196642 1.429025
-0.304768 -0.202018 1.405670
-0.303890 -0.209217 1.403238
-0.219594 -0.202057 1.427377
-0.238277 -0.204819 1.417348
-0.226062 -0.191735 1.429459
-0.242178 -0.193565 1.425043
-0.213634 -0.197460 1.457796
-0.224635 -0.185193 1.455150
-0.218047 -0.179488 1.508722
-0.232273 -0.169781 1.502947
-0.239889 -0.136110 1.550269
-0.225686 -0.087568 1.597490
-0.222898 -0.143385 1.561171
-0.241728 -0.085035 1.585278
-0.236339 -0.017787 1.583532
-0.216981 -0.015114 1.599328
-0.205071 0.054526 1.565437
-0.222535 0.046061 1.549951
-0.198494 0.106022 1.506852
-0.209476 0.092943 1.494084
-0.209650 0.113460 1.448963
-0.201172 0.126211 1.463439
-0.207490 0.129449 1.439267
-0.231448 0.108309 1.439450
-0.227334 0.128155 1.420149
-0.265586 0.100614 1.413656
-0.261053 0.122146 1.403939
-0.305234 0.095876 1.406605
-0.313742 0.102046 1.409544
-0.295056 0.110693 1.398288
-0.339058 0.077536 1.445819
-0.352706 0.022584 1.496788
-0.369548 0.029985 1.503034
-0.326082 0.068419 1.442756
-0.376570 -0.090790 1.537639
-0.380035 -0.030425 1.536857
-0.359807 -0.087582 1.530473
-0.360931 -0.031964 1.528878
-0.344689 -0.200048 1.463450
-0.358273 -0.183470 1.488741
-0.330656 -0.210600 1.434650
-0.317447 -0.213988 1.416554
-0.302307 -0.216100 1.404625
-0.269325 -0.217688 1.406454
-0.236740 -0.215648 1.417074
-0.270107 -0.206729 1.405412
-0.218449 -0.213157 1.428341
-0.212282 -0.209725 1.449359
-0.212057 -0.205136 1.470432
-0.214120 -0.199925 1.498638
-0.216474 -0.188334 1.529183
-0.219984 -0.174302 1.559600
-0.223786 -0.149059 1.587415
-0.225915 -0.113994 1.611019
-0.224983 -0.074738 1.624262
-0.219638 -0.033436 1.626826
-0.208988 0.047166 1.596987
-0.214686 0.008852 1.616891
-0.205714 0.085743 1.568317
-0.201362 0.110978 1.531017
-0.210021 0.143939 1.443378
-0.229058 0.144258 1.421402
-0.264274 0.131736 1.405532
-0.315252 0.106396 1.413029
-0.298498 0.116602 1.400654
-0.378827 0.020087 1.523149
-0.367838 0.049323 1.495963
-0.384879 -0.046697 1.551459
-0.382468 -0.078785 1.551466
-0.379035 -0.108693 1.541507
-0.374354 -0.135718 1.529869
-0.367553 -0.161725 1.512429
-0.277091 0.075426 1.461959
-0.232514 0.088029 1.481663
-0.246582 0.041443 1.537619
-0.259457 -0.019536 1.570712
-0.297292 0.031676 1.516962
-0.309547 -0.024421 1.550638
-0.286412 -0.183080 1.439699
-0.247854 -0.185810 1.451810
-0.274207 -0.193192 1.412031
-0.313669 -0.083833 1.549501
-0.266985 -0.083600 1.571913
-0.266203 -0.133890 1.541016
-0.257954 -0.168580 1.497724
-0.269063 0.087937 1.564112
-0.227860 0.098657 1.576107
-0.384021 -0.011451 1.541485
-0.225099 0.123035 1.543391
-0.262509 0.113983 1.532886
-0.366922 0.058890 1.504255
-0.370890 0.055320 1.498935
-0.350226 0.074736 1.462112
-0.256523 0.134214 1.501786
-0.223523 0.141037 1.509015
-0.222159 0.153745 1.477875
-0.250847 0.147929 1.472920
-0.351979 0.082937 1.473517
-0.353584 0.078195 1.466609
-0.335809 0.091208 1.439521
-0.202011 0.125028 1.501686
-0.204589 0.137526 1.471745
-0.339288 0.094413 1.442477
-0.337206 0.099011 1.447289
-0.229735 0.158246 1.458011
-0.246760 0.154527 1.448701
-0.279201 -0.237486 1.440217
-0.244391 -0.235539 1.433966
-0.272475 -0.237568 1.423444
-0.327327 -0.154912 1.573412
-0.332156 -0.118036 1.591318
-0.334337 -0.077812 1.601243
-0.334129 -0.035432 1.602072
-0.309631 -0.131521 1.523505
-0.300241 -0.166236 1.484596
-0.231114 -0.234650 1.439751
-0.231404 -0.222261 1.504944
-0.234094 -0.209067 1.538890
-0.325153 0.044365 1.570436
-0.331117 0.006460 1.591375
-0.267973 0.140078 1.410490
-0.264978 0.137638 1.404819
-0.316380 0.076956 1.542642
-0.306058 0.103349 1.511803
-0.296438 0.124782 1.481794
-0.286732 0.139729 1.455390
-0.276583 0.146100 1.433242
-0.336725 -0.220615 1.472387
-0.320456 -0.230082 1.443849
-0.349404 -0.204590 1.503112
-0.360672 -0.179696 1.529783
-0.366733 -0.150081 1.551504
-0.369872 -0.115935 1.568442
-0.372407 -0.079084 1.577850
-0.373820 -0.040407 1.578284
-0.372391 -0.000758 1.567963
-0.367276 0.035102 1.548322
-0.357475 0.067504 1.519950
-0.342783 0.094536 1.487076
-0.328353 0.112903 1.459541
-0.314729 0.125992 1.431725
-0.302428 0.134643 1.419926
-0.287427 0.131459 1.404388
-0.285760 0.129287 1.398699
-0.281666 0.124155 1.400977
-0.277751 0.116709 1.399568
-0.297383 -0.234603 1.415252
-0.306824 -0.233665 1.426823
-0.220078 0.158463 1.447891
-0.239575 0.157050 1.430477
-0.274495 0.145486 1.417777
-0.344689 -0.200048 1.463450
-0.358273 -0.183470 1.488741
-0.330656 -0.210600 1.434650
-0.317447 -0.213988 1.416554
-0.302307 -0.216100 1.404625
-0.269325 -0.217688 1.406454
-0.236740 -0.215648 1.417074
-0.218449 -0.213157 1.428341
-0.212282 -0.209725 1.449359
-0.212057 -0.205136 1.470432
-0.214120 -0.199925 1.498638
-0.216474 -0.188334 1.529183
-0.219984 -0.174302 1.559600
-0.223786 -0.149059 1.587415
-0.225915 -0.113994 1.611019
-0.224983 -0.074738 1.624262
-0.219638 -0.033436 1.626826
-0.214686 0.008852 1.616891
-0.208988 0.047166 1.596987
-0.205714 0.085743 1.568317
-0.201362 0.110978 1.531017
-0.202011 0.125028 1.501686
-0.204589 0.137526 1.471745
-0.210021 0.143939 1.443378
-0.229058 0.144258 1.421402
-0.264274 0.131736 1.405532
-0.281666 0.124155 1.400977
-0.298498 0.116602 1.400654
-0.315252 0.106396 1.413029
-0.335809 0.091208 1.439521
-0.350226 0.074736 1.462112
-0.367838 0.049323 1.495963
-0.378827 0.020087 1.523149
-0.384021 -0.011451 1.541485
-0.384879 -0.046697 1.551459
-0.382468 -0.078785 1.551466
-0.379035 -0.108693 1.541507
-0.374354 -0.135718 1.529869
-0.367553 -0.161725 1.512429
0 1
0 2
0 3
0 42
1 2
1 3
1 4
1 399
1 400
2 4
2 5
2 42
2 43
3 399
4 5
4 6
4 400
4 401
5 6
5 7
5 43
5 44
6 7
6 8
6 401
6 402
7 8
7 9
7 44
7 45
8 9
8 10
8 11
8 402
8 403
9 11
9 45
9 46
9 47
10 11
10 12
10 13
10 403
10 404
11 13
11 47
11 48
12 13
12 14
12 15
12 404
12 405
13 14
13 48
13 49
14 15
14 16
14 49
14 50
15 16
15 17
15 405
15 406
16 17
16 18
16 50
16 51
17 18
17 19
17 406
17 407
18 19
18 20
18 51
18 52
19 20
19 21
19 407
19 408
20 21
20 22
20 52
20 53
21 22
21 23
21 408
21 409
22 23
22 25
22 53
22 54
23 24
23 25
23 409
23 410
24 25
24 26
24 27
24 410
24 411
25 26
25 54
25 55
26 27
26 28
26 55
26 56
27 28
27 29
27 411
27 412
28 29
28 30
28 31
28 56
29 30
29 412
29 413
30 31
30 32
30 413
30 414
31 32
31 33
31 56
31 57
32 33
32 34
32 414
32 415
33 34
33 35
33 57
33 58
34 35
34 36
34 415
34 416
35 36
35 37
35 58
35 59
36 37
36 38
36 416
36 417
37 38
37 39
37 59
37 60
38 39
38 40
38 417
38 418
39 40
39 41
39 60
39 61
40 41
40 418
41 61
41 62
42 43
42 63
43 44
43 63
43 64
44 45
44 64
44 65
45 46
45 65
45 66
46 47
46 66
46 67
46 68
47 48
47 68
47 69
48 49
48 69
48 70
49 50
49 70
49 71
50 51
50 71
50 72
51 52
51 72
51 73
52 53
52 73
52 74
53 54
53 74
53 75
54 55
54 75
54 76
55 56
55 76
55 77
56 57
56 77
57 58
57 77
57 78
58 59
58 78
58 79
59 60
59 79
59 80
60 61
60 80
60 81
61 62
61 81
61 82
62 82
62 83
63 64
63 84
64 65
64 84
64 85
65 66
65 85
65 86
66 67
66 86
66 87
67 68
67 87
67 88
67 89
68 69
68 89
68 90
69 70
69 90
69 91
70 71
70 91
70 92
71 72
71 92
71 93
72 73
72 93
72 94
73 74
73 94
73 95
74 75
74 95
74 96
75 76
75 96
75 97
76 77
76 97
76 98
77 78
77 98
78 79
78 98
78 99
79 80
79 99
79 100
80 81
80 100
80 101
81 82
81 101
81 102
82 83
82 102
82 103
83 103
83 104
84 85
84 105
85 86
85 105
85 106
86 87
86 106
86 107
87 88
87 107
87 108
88 89
88 108
88 109
88 110
89 90
89 110
89 111
90 91
90 111
90 112
91 92
91 112
91 113
92 93
92 113
92 114
93 94
93 114
94 95
94 114
94 115
95 96
95 115
95 116
95 117
96 97
96 117
96 118
97 98
97 118
97 119
98 99
98 119
99 100
99 119
99 120
100 101
100 120
100 121
101 102
101 121
101 122
101 123
102 103
102 123
102 124
103 104
103 124
104 124
104 125
105 106
105 126
106 107
106 126
106 127
107 108
107 127
107 128
107 129
108 109
108 129
108 130
109 110
109 130
110 111
110 130
110 131
111 112
111 131
111 132
111 133
112 113
112 133
112 134
113 114
113 134
113 135
114 115
114 135
115 116
115 135
115 136
116 117
116 136
116 137
116 138
117 118
117 138
117 139
118 119
118 139
118 140
119 120
119 140
120 121
120 140
120 141
121 122
121 141
121 142
122 123
122 142
122 143
122 144
123 124
123 144
123 145
124 125
124 145
125 145
125 146
126 127
126 147
127 128
127 147
127 148
128 129
128 148
128 149
128 150
129 130
129 150
129 151
130 131
130 151
131 132
131 151
131 152
132 133
132 152
132 153
132 154
133 134
133 154
133 155
134 135
134 155
134 156
135 136
135 156
136 137
136 156
136 157
137 138
137 157
137 158
137 159
138 139
138 159
138 160
139 140
139 160
139 161
140 141
140 161
141 142
141 161
141 162
142 143
142 162
142 163
143 144
143 163
143 164
143 165
144 145
144 165
144 166
145 146
145 166
146 166
146 167
147 148
147 168
148 149
148 168
148 169
149 150
149 169
149 170
149 171
150 151
150 171
150 172
151 152
151 172
152 153
152 172
152 173
153 154
153 173
153 174
153 175
154 155
154 175
154 176
155 156
155 176
155 177
156 157
156 177
157 158
157 177
157 178
158 159
158 178
158 179
158 180
159 160
159 180
159 181
160 161
160 181
160 182
161 162
161 182
162 163
162 182
162 183
163 164
163 183
163 184
164 165
164 184
164 185
164 186
165 166
165 186
165 187
166 167
166 187
167 187
167 188
168 169
168 189
169 170
169 189
169 190
170 171
170 190
170 191
170 192
171 172
171 192
171 193
172 173
172 193
173 174
173 193
173 194
174 175
174 194
174 195
174 196
175 176
175 196
175 197
176 177
176 197
176 198
177 178
177 198
178 179
178 198
178 199
179 180
179 199
179 200
180 181
180 200
180 201
181 182
181 201
181 202
182 183
182 202
182 203
182 204
183 184
183 204
183 205
184 185
184 205
184 206
185 186
185 206
185 207
186 187
186 207
186 208
187 188
187 208
188 208
188 209
189 190
189 210
189 211
190 191
190 210
190 212
191 192
191 212
191 213
192 193
192 213
192 214
193 194
193 214
194 195
194 214
194 215
195 196
195 215
195 216
196 197
196 216
196 217
197 198
197 217
197 218
198 199
198 218
198 219
198 220
199 200
199 220
199 221
200 201
200 221
200 222
201 202
201 222
202 203
202 222
202 223
203 204
203 223
203 224
203 225
204 205
204 225
204 226
205 206
205 226
206 207
206 226
206 227
207 208
207 227
207 228
208 209
208 228
208 229
208 230
209 230
210 211
210 212
210 231
211 231
211 232
212 213
212 231
212 233
213 214
213 233
213 234
214 215
214 234
214 235
214 236
215 216
215 236
215 237
216 217
216 237
216 238
217 218
217 238
218 219
218 238
218 239
219 220
219 239
219 240
219 241
220 221
220 241
220 242
221 222
221 242
221 243
222 223
222 243
223 224
223 243
223 244
224 225
224 244
224 245
224 246
225 226
225 246
225 247
226 227
226 247
227 228
227 247
227 248
228 229
228 248
228 249
229 230
229 249
229 250
229 251
230 251
231 232
231 233
231 252
232 252
232 253
233 234
233 252
233 254
234 235
234 254
234 255
235 236
235 255
235 256
235 257
236 237
236 257
236 258
237 238
237 258
237 259
238 239
238 259
239 240
239 259
239 260
240 241
240 260
240 261
240 262
241 242
241 262
241 263
242 243
242 263
242 264
243 244
243 264
244 245
244 264
244 265
245 246
245 265
245 266
245 267
246 247
246 267
246 268
247 248
247 268
248 249
248 268
248 269
249 250
249 269
249 270
250 251
250 270
250 271
250 272
251 272
252 253
252 254
252 273
253 273
253 274
254 255
254 273
254 275
255 256
255 275
255 276
256 257
256 276
256 277
256 278
257 258
257 278
257 279
258 259
258 279
258 280
259 260
259 280
260 261
260 280
260 281
261 262
261 281
261 282
261 283
262 263
262 283
262 284
263 264
263 284
263 285
264 265
264 285
265 266
265 285
265 286
266 267
266 286
266 287
266 288
267 268
267 288
267 289
268 269
268 289
269 270
269 289
269 290
270 271
270 290
270 291
271 272
271 291
271 292
271 293
272 293
273 274
273 275
273 294
274 294
274 295
275 276
275 294
275 296
276 277
276 296
276 297
277 278
277 297
277 298
277 299
278 279
278 299
278 300
279 280
279 300
279 301
280 281
280 301
281 282
281 301
281 302
282 283
282 302
282 303
282 304
283 284
283 304
283 305
284 285
284 305
284 306
285 286
285 306
285 307
286 287
286 307
286 308
287 288
287 308
288 289
288 308
288 309
289 290
289 309
289 310
290 291
290 310
290 311
291 292
291 311
291 312
292 293
292 312
292 313
292 314
293 314
294 295
294 296
294 315
294 316
295 315
296 297
296 316
296 317
297 298
297 317
297 318
298 299
298 318
298 319
298 320
299 300
299 320
299 321
300 301
300 321
300 322
301 302
301 322
301 323
302 303
302 323
302 324
303 304
303 324
303 325
304 305
304 325
304 326
305 306
305 326
305 327
306 307
306 327
306 328
307 308
307 328
307 329
308 309
308 329
309 310
309 329
309 330
310 311
310 330
310 331
311 312
311 331
311 332
312 313
312 332
312 333
313 314
313 333
313 334
314 334
314 335
315 316
315 336
316 317
316 336
316 337
317 318
317 337
317 338
318 319
318 338
318 339
319 320
319 339
319 340
319 341
320 321
320 341
320 342
321 322
321 342
321 343
322 323
322 343
322 344
323 324
323 344
323 345
324 325
324 345
324 346
325 326
325 346
325 347
326 327
326 347
326 348
327 328
327 348
327 349
328 329
328 349
328 350
329 330
329 350
330 331
330 350
330 351
331 332
331 351
331 352
332 333
332 352
332 353
333 334
333 353
333 354
334 335
334 354
334 355
335 355
335 356
336 337
336 357
337 338
337 357
337 358
338 339
338 358
338 359
339 340
339 359
339 360
340 341
340 360
340 361
340 362
341 342
341 362
341 363
342 343
342 363
342 364
343 344
343 364
343 365
344 345
344 365
344 366
345 346
345 366
345 367
346 347
346 367
346 368
347 348
347 368
347 369
348 349
348 369
348 370
349 350
349 370
349 371
350 351
350 371
351 352
351 371
351 372
352 353
352 372
352 373
353 354
353 373
353 374
354 355
354 374
354 375
355 356
355 375
355 376
356 376
356 377
357 358
357 378
358 359
358 378
358 379
359 360
359 379
359 380
360 361
360 380
360 381
361 362
361 381
361 382
361 383
362 363
362 383
362 384
363 364
363 384
363 385
364 365
364 385
364 386
365 366
365 386
365 387
366 367
366 387
366 388
367 368
367 388
367 389
368 369
368 389
368 390
369 370
369 390
369 391
370 371
370 391
370 392
371 372
371 392
372 373
372 392
372 393
373 374
373 393
373 394
374 375
374 394
374 395
375 376
375 395
375 396
376 377
376 396
376 397
377 397
377 398
378 379
378 419
379 380
379 419
379 420
380 381
380 420
380 421
381 382
381 421
381 422
382 383
382 422
382 423
383 384
383 423
383 424
384 385
384 424
384 425
385 386
385 425
385 426
386 387
386 426
386 427
387 388
387 427
387 428
388 389
388 428
388 429
389 390
389 429
389 430
390 391
390 430
390 431
391 392
391 431
391 432
392 393
392 432
392 433
393 394
393 433
393 434
394 395
394 434
394 435
395 396
395 435
395 436
396 397
396 436
396 437
397 398
397 437
397 438
398 438
439 440
439 441
439 447
439 612
439 613
439 637
439 647
439 662
440 441
440 584
440 612
440 631
440 632
440 642
440 643
441 447
441 448
441 586
441 642
442 443
442 444
442 445
442 483
443 444
443 455
443 481
443 483
443 535
443 589
444 445
444 446
444 454
444 455
444 484
445 446
446 484
447 448
447 449
447 662
448 449
448 586
449 662
449 663
450 451
450 452
450 453
450 485
450 486
450 487
450 488
451 452
451 453
451 454
451 455
452 455
452 488
452 536
452 589
453 454
453 484
453 485
454 455
454 484
455 589
456 457
456 458
456 634
457 458
457 604
457 627
458 581
458 592
458 596
458 604
458 634
459 460
459 461
459 538
459 539
459 552
459 724
460 461
460 724
461 471
461 494
461 539
462 463
462 464
462 465
462 466
463 464
463 519
463 520
463 527
463 528
464 465
464 528
465 466
465 467
465 528
465 529
466 467
466 468
467 468
467 472
467 529
467 530
468 472
468 473
469 470
469 471
469 730
469 731
470 471
470 538
470 542
470 641
470 730
471 494
471 538
471 539
471 731
472 473
472 474
472 530
472 531
473 474
473 475
474 475
474 476
474 531
474 532
475 476
475 477
476 477
476 478
476 479
476 532
476 533
476 534
477 478
478 479
478 480
479 480
479 481
479 534
479 535
480 481
480 482
481 482
481 483
481 535
482 483
484 485
485 486
486 487
487 488
487 489
488 489
488 490
488 491
488 536
488 537
489 490
490 491
490 492
490 493
491 492
491 537
492 493
492 495
492 537
492 540
493 495
493 496
494 731
495 496
495 497
495 498
495 540
495 541
495 543
496 497
497 498
497 499
498 499
498 500
498 543
498 544
499 500
499 501
500 501
500 502
500 544
500 545
501 502
501 503
501 504
502 503
502 545
503 504
503 505
503 506
503 545
503 548
503 549
504 505
505 506
505 507
505 508
506 507
506 549
506 550
507 508
507 509
507 550
507 553
508 509
508 510
508 511
509 510
509 553
509 554
510 511
510 512
510 513
510 554
511 512
512 513
512 514
513 514
513 515
513 554
514 515
514 516
515 516
515 517
515 522
515 554
516 517
517 521
517 522
518 519
518 520
518 521
518 523
519 520
519 523
519 527
521 522
521 523
522 523
522 554
522 618
523 527
523 595
523 618
524 525
524 526
524 588
524 719
525 526
525 588
525 591
525 593
525 621
526 620
526 621
527 528
527 595
527 616
527 617
528 529
528 594
528 617
529 530
529 594
529 625
530 531
530 624
530 625
531 532
531 599
531 624
532 533
532 599
532 600
533 534
533 537
533 540
533 600
534 535
534 536
534 537
535 536
535 589
536 537
536 589
537 540
538 539
538 542
538 546
538 552
540 541
540 600
541 543
541 600
542 546
542 547
542 639
542 640
542 641
543 544
543 599
543 600
544 545
544 599
544 624
545 548
545 624
545 625
546 547
546 551
546 552
547 551
547 557
547 558
547 640
547 725
547 726
548 549
548 594
548 617
548 625
549 550
549 616
549 617
550 553
550 616
551 552
551 555
551 558
552 555
552 556
552 724
553 554
553 616
553 618
554 618
555 556
555 558
555 559
556 559
556 560
556 723
556 724
557 558
557 570
557 571
557 710
557 726
558 559
558 568
558 571
559 560
559 568
560 568
560 569
560 721
560 722
560 723
561 562
561 563
561 564
561 716
562 563
562 564
562 565
562 622
563 622
564 565
564 566
564 567
564 716
564 717
565 566
565 615
565 622
565 646
566 567
566 572
566 577
566 615
567 572
567 649
567 717
568 569
568 571
568 573
569 573
569 574
569 720
569 721
570 571
570 575
570 576
570 710
571 573
571 576
572 577
572 578
572 649
572 651
573 574
573 576
573 579
573 582
574 579
574 580
574 720
575 576
575 581
575 582
575 633
575 710
576 582
577 578
577 614
577 615
578 598
578 614
578 651
578 657
579 580
579 582
579 587
579 590
580 587
580 588
580 719
580 720
581 582
581 590
581 592
581 633
581 634
582 590
583 584
583 585
583 598
583 608
583 643
584 585
584 611
584 612
584 643
585 597
585 598
585 605
585 611
585 685
586 642
587 588
587 590
587 591
588 591
588 719
590 591
590 592
591 592
591 593
591 596
591 602
592 596
593 601
593 602
593 619
593 621
593 623
594 617
594 625
595 616
595 618
596 602
596 604
597 598
597 614
597 685
597 692
598 608
598 614
598 657
599 600
599 624
601 602
601 603
601 623
601 626
602 603
602 604
603 604
603 626
603 627
604 627
605 606
605 607
605 611
605 670
605 677
605 685
606 607
606 677
607 685
607 687
608 609
608 610
608 643
608 645
608 657
609 610
609 657
609 658
610 645
611 612
611 613
611 629
611 670
612 613
613 629
613 636
613 647
614 615
614 692
614 712
615 646
615 712
616 617
616 618
619 620
619 621
619 623
620 621
622 646
622 715
624 625
626 627
628 629
628 630
628 669
629 630
629 636
629 669
629 670
630 636
630 638
631 632
631 643
631 644
632 642
633 634
633 710
635 636
635 637
635 638
635 663
636 637
636 638
636 647
637 647
637 662
637 663
639 640
639 641
640 725
641 730
643 644
643 645
644 645
646 712
646 714
646 715
648 649
648 650
648 651
648 652
649 650
649 651
649 717
649 718
650 718
651 652
651 657
652 657
652 658
653 654
653 655
653 659
653 660
654 655
654 656
654 659
654 729
654 732
655 656
656 709
656 729
657 658
659 660
659 661
659 664
659 732
660 661
661 664
661 665
662 663
664 665
664 667
664 668
664 702
664 705
664 732
665 668
666 667
666 668
666 671
666 672
667 668
667 671
667 700
667 702
669 670
669 677
670 677
671 672
671 673
671 697
671 700
672 673
672 674
673 674
673 675
673 676
673 679
673 697
673 733
674 676
675 676
675 679
675 680
678 679
678 680
678 681
678 682
678 683
678 727
679 680
679 727
679 733
680 681
681 682
682 683
682 684
683 684
683 686
683 727
683 728
684 686
685 687
685 688
685 692
686 690
686 728
687 688
688 692
688 707
689 690
689 691
689 693
689 695
689 727
689 728
689 733
690 691
690 728
691 693
692 707
692 711
692 712
693 694
693 695
694 695
694 696
694 697
695 697
695 733
696 697
696 698
697 698
697 700
697 733
698 699
698 700
699 700
699 701
700 701
700 702
700 703
701 703
702 703
702 704
702 705
702 706
703 704
704 706
705 706
705 708
705 709
705 729
705 732
706 708
707 711
708 709
709 729
710 726
711 712
711 713
712 713
712 714
713 714
714 715
716 717
717 718
719 720
720 721
721 722
722 723
723 724
725 726
727 728
727 733
729 732
734 735
734 736
734 740
734 741
734 743
734 810
734 831
735 736
735 808
735 809
735 810
735 885
736 831
736 885
737 738
737 739
737 880
738 739
738 757
738 775
738 879
738 880
739 775
739 776
740 741
740 742
740 743
740 744
741 742
741 831
741 882
742 744
742 882
743 744
743 810
743 841
743 842
744 842
745 746
745 747
745 748
745 749
745 750
745 751
745 805
746 747
746 805
746 806
746 807
746 871
746 872
747 748
747 871
749 750
749 751
751 805
751 890
752 753
752 754
752 804
752 811
752 813
752 832
752 833
753 754
753 812
753 813
754 832
755 756
755 757
755 777
756 757
756 775
756 776
757 775
757 777
757 778
757 879
758 759
758 760
758 764
758 888
758 889
758 891
759 760
759 764
759 861
759 866
759 867
759 870
760 856
760 864
760 866
760 891
760 892
761 762
761 763
761 843
761 869
762 763
762 840
762 862
763 799
763 862
763 869
763 884
764 846
764 861
764 888
765 766
765 767
765 771
765 772
765 855
765 856
766 767
766 855
766 858
767 771
768 769
768 770
768 849
768 850
768 851
768 852
768 868
769 770
769 849
770 773
770 774
770 852
771 772
772 856
772 892
773 774
774 852
774 895
775 776
777 778
777 779
778 779
778 845
778 846
778 879
779 846
779 888
780 781
780 782
780 785
780 788
780 815
780 817
781 782
781 783
781 784
781 785
781 787
781 818
782 817
782 818
782 837
783 784
783 787
783 819
783 820
783 822
784 818
784 820
785 786
785 787
785 788
786 787
786 788
786 790
786 823
786 824
786 825
787 821
787 822
787 823
788 789
788 790
788 815
789 790
789 791
789 800
789 815
790 791
790 825
790 826
790 827
791 800
791 801
791 827
791 828
792 793
792 794
792 839
792 894
793 794
793 798
793 883
794 798
794 799
794 839
794 862
795 796
795 797
795 834
795 844
795 852
795 868
796 797
796 834
797 843
797 844
798 799
798 881
798 883
798 884
799 862
799 884
800 801
800 802
800 811
800 814
800 815
801 802
801 803
801 828
801 829
802 803
802 804
802 811
803 804
803 829
803 830
804 811
804 830
804 833
804 854
805 806
805 887
805 890
806 807
806 808
806 887
807 808
807 809
807 872
807 873
807 876
808 809
808 885
808 886
808 887
809 810
809 876
809 877
810 841
810 877
811 812
811 813
811 814
811 847
812 813
812 847
814 815
814 816
814 847
815 816
815 817
816 817
816 836
816 847
816 848
817 836
817 837
819 820
819 822
821 822
821 823
823 824
824 825
825 826
826 827
827 828
828 829
829 830
830 854
831 882
832 833
832 835
833 835
833 854
834 852
834 895
835 854
836 837
836 848
838 839
838 840
838 894
839 840
839 862
839 894
840 862
841 842
841 877
843 844
843 869
844 868
844 869
844 875
845 846
845 861
845 874
845 878
845 879
846 861
846 888
847 848
849 850
850 851
850 853
850 893
851 853
851 868
851 875
851 881
852 868
852 895
853 881
853 883
853 893
855 856
855 858
855 859
856 859
856 864
856 892
857 858
857 859
857 860
858 859
859 860
859 863
859 864
860 863
861 870
861 874
863 864
863 865
864 865
864 866
865 866
865 867
866 867
867 870
868 875
869 875
869 884
870 874
871 872
872 873
873 876
874 878
875 881
875 884
876 877
878 879
878 880
879 880
881 883
881 884
883 893
885 886
886 887
887 890
888 889
889 891
891 892
896 897
896 898
896 910
896 1162
896 1206
896 1215
897 898
897 1162
897 1191
897 1198
898 910
898 911
898 1104
898 1198
899 900
899 901
899 902
899 903
899 966
899 968
900 901
900 902
900 930
900 1112
901 903
901 904
901 905
901 925
901 930
901 969
902 964
902 966
902 1045
902 1112
903 904
903 968
904 905
904 968
905 969
906 907
906 908
906 1087
906 1088
907 908
907 909
907 1051
907 1251
908 909
908 1054
908 1067
908 1088
909 1051
909 1054
910 911
910 912
910 1215
911 912
911 1104
912 1215
912 1216
913 914
913 915
913 916
913 970
913 971
913 972
913 1055
914 915
914 916
914 925
914 930
915 930
915 1055
915 1056
915 1112
915 1113
916 925
916 969
916 970
917 918
917 919
917 1107
918 919
918 1011
918 1012
918 1064
918 1076
919 1064
919 1106
919 1107
920 921
920 922
920 926
921 922
921 923
921 924
921 926
921 928
921 1016
922 923
923 924
923 1029
923 1202
924 1015
924 1016
924 1029
925 930
925 969
926 927
926 928
927 928
927 929
927 931
928 929
928 1016
929 931
929 932
929 933
929 1015
929 1016
930 1112
931 932
932 933
932 1111
933 1015
933 1019
933 1110
933 1111
934 935
934 936
934 937
934 938
934 1026
935 936
935 937
935 1018
936 1017
936 1018
936 1025
936 1026
937 938
937 939
938 939
938 940
938 1026
938 1030
939 940
939 948
940 948
940 949
940 1030
940 1034
941 942
941 943
941 1109
942 943
942 944
942 945
943 944
943 1019
943 1023
943 1109
943 1110
944 945
944 946
944 1023
945 946
945 947
945 1257
946 947
946 1023
946 1033
947 961
947 962
947 1033
947 1257
948 949
948 950
948 951
949 950
949 1034
950 951
950 952
950 1034
950 1035
951 952
951 953
952 953
952 954
952 1035
952 1036
953 954
953 955
954 955
954 959
954 960
954 1036
954 1040
954 1044
955 959
956 957
956 958
956 961
956 962
956 1048
956 1258
957 958
957 1105
957 1258
958 1048
958 1052
958 1105
959 960
959 963
960 963
960 964
960 1044
960 1045
961 962
961 1257
961 1258
962 1033
962 1043
962 1048
963 964
963 965
964 965
964 966
964 1045
965 966
965 967
966 967
966 968
967 968
969 970
970 971
971 972
971 973
972 973
972 974
972 1055
973 974
973 975
974 975
974 976
974 977
974 1055
974 1056
974 1057
975 976
976 977
976 978
976 979
977 978
977 1057
978 979
978 980
978 1057
978 1058
979 980
979 981
980 981
980 982
980 983
980 1058
980 1059
980 1061
981 982
982 983
982 984
983 984
983 985
983 1061
983 1062
984 985
984 986
985 986
985 987
985 1062
985 1063
986 987
986 988
986 989
987 988
987 1063
988 989
988 990
988 991
988 1063
988 1066
988 1068
989 990
990 991
990 992
990 993
991 992
991 1068
991 1071
992 993
992 994
992 998
992 1071
992 1072
993 994
994 998
994 999
995 996
995 997
995 1092
995 1094
996 997
996 1070
996 1090
996 1091
996 1092
997 1069
997 1070
997 1094
997 1100
997 1103
998 999
998 1000
998 1072
998 1073
999 1000
999 1001
1000 1001
1000 1002
1000 1003
1000 1073
1001 1002
1002 1003
1002 1004
1003 1004
1003 1073
1003 1074
1004 1005
1004 1006
1004 1074
1005 1006
1005 1007
1005 1008
1006 1007
1006 1020
1006 1074
1006 1075
1007 1008
1007 1009
1007 1020
1008 1009
1008 1010
1009 1010
1009 1013
1009 1020
1009 1021
1010 1013
1010 1014
1011 1012
1011 1102
1012 1076
1012 1102
1012 1103
1013 1014
1013 1017
1013 1021
1013 1024
1014 1017
1014 1018
1015 1016
1015 1019
1015 1022
1015 1028
1015 1029
1017 1018
1017 1024
1017 1025
1019 1022
1019 1023
1019 1110
1020 1021
1020 1075
1021 1024
1021 1075
1021 1120
1022 1023
1022 1027
1022 1028
1023 1027
1023 1033
1024 1025
1024 1120
1025 1026
1025 1118
1025 1119
1025 1120
1026 1030
1026 1117
1026 1118
1027 1028
1027 1031
1027 1033
1027 1037
1027 1039
1028 1029
1028 1031
1029 1031
1029 1032
1029 1202
1030 1034
1030 1117
1030 1187
1031 1032
1031 1037
1032 1037
1032 1038
1032 1201
1032 1202
1033 1039
1033 1043
1034 1035
1034 1186
1034 1187
1035 1036
1035 1127
1035 1186
1036 1040
1036 1127
1036 1128
1037 1038
1037 1039
1037 1041
1038 1041
1038 1042
1038 1115
1038 1201
1039 1041
1039 1043
1039 1046
1039 1049
1040 1044
1040 1057
1040 1058
1040 1113
1040 1128
1041 1042
1041 1046
1042 1046
1042 1047
1042 1114
1042 1115
1043 1048
1043 1049
1044 1045
1044 1113
1045 1112
1045 1113
1046 1047
1046 1049
1046 1050
1046 1053
1047 1050
1047 1051
1047 1114
1047 1116
1048 1049
1048 1052
1048 1053
1049 1053
1050 1051
1050 1053
1050 1054
1051 1054
1051 1116
1051 1251
1052 1053
1052 1060
1052 1064
1052 1105
1052 1106
1053 1054
1053 1060
1054 1060
1054 1067
1055 1056
1056 1057
1056 1113
1057 1058
1057 1113
1058 1059
1058 1128
1059 1061
1059 1128
1060 1064
1060 1065
1060 1067
1061 1062
1061 1127
1061 1128
1062 1063
1062 1127
1062 1186
1063 1066
1063 1186
1063 1187
1064 1065
1064 1076
1064 1106
1065 1067
1065 1069
1065 1076
1066 1068
1066 1117
1066 1118
1066 1187
1067 1069
1067 1070
1067 1088
1067 1091
1068 1071
1068 1118
1068 1119
1069 1070
1069 1076
1069 1103
1070 1091
1071 1072
1071 1119
1072 1073
1072 1119
1072 1184
1073 1074
1073 1075
1073 1184
1074 1075
1075 1120
1075 1184
1076 1103
1077 1078
1077 1079
1077 1080
1077 1243
1078 1079
1078 1080
1078 1081
1078 1185
1079 1185
1079 1241
1080 1081
1080 1082
1080 1083
1080 1243
1080 1244
1081 1082
1081 1185
1081 1205
1082 1083
1082 1084
1082 1085
1082 1204
1082 1205
1083 1084
1083 1209
1083 1244
1084 1085
1084 1089
1084 1209
1084 1211
1085 1089
1085 1093
1085 1165
1085 1204
1086 1087
1086 1088
1086 1090
1086 1091
1087 1088
1088 1091
1089 1093
1089 1095
1089 1211
1089 1213
1090 1091
1090 1092
1093 1095
1093 1096
1093 1165
1094 1100
1095 1096
1095 1101
1095 1138
1095 1213
1096 1097
1096 1101
1096 1125
1096 1165
1097 1098
1097 1099
1097 1101
1097 1125
1097 1126
1098 1099
1098 1101
1098 1191
1098 1199
1099 1126
1099 1161
1099 1162
1099 1191
1100 1102
1100 1103
1101 1138
1101 1199
1102 1103
1104 1198
1105 1106
1105 1107
1106 1107
1108 1109
1108 1110
1108 1111
1109 1110
1110 1111
1112 1113
1114 1115
1114 1116
1115 1201
1116 1251
1117 1118
1117 1187
1118 1119
1119 1120
1119 1184
1120 1184
1121 1122
1121 1123
1121 1124
1121 1129
1121 1130
1121 1229
1121 1235
1121 1239
1122 1123
1122 1239
1122 1254
1123 1124
1124 1130
1125 1126
1125 1165
1125 1222
1125 1225
1126 1132
1126 1161
1126 1222
1127 1128
1127 1186
1129 1130
1129 1131
1129 1135
1129 1136
1129 1229
1130 1131
1131 1135
1132 1133
1132 1134
1132 1161
1132 1218
1132 1221
1132 1222
1133 1134
1133 1221
1134 1222
1134 1223
1135 1136
1135 1137
1136 1137
1136 1142
1136 1143
1136 1229
1136 1230
1137 1143
1138 1139
1138 1140
1138 1199
1138 1203
1138 1213
1139 1140
1139 1213
1139 1214
1140 1203
1141 1142
1141 1143
1141 1144
1142 1143
1142 1144
1142 1146
1142 1230
1142 1233
1144 1145
1144 1146
1145 1146
1145 1147
1146 1147
1146 1148
1146 1149
1146 1233
1147 1149
1148 1149
1148 1150
1148 1151
1148 1152
1148 1154
1148 1233
1148 1248
1148 1250
1149 1150
1150 1152
1151 1152
1151 1154
1151 1156
1153 1154
1153 1155
1153 1157
1153 1158
1153 1159
1153 1219
1154 1155
1154 1156
1154 1219
1154 1250
1155 1156
1155 1157
1157 1158
1158 1159
1158 1160
1159 1160
1159 1164
1159 1219
1159 1220
1160 1164
1161 1162
1161 1163
1161 1189
1161 1218
1162 1163
1162 1191
1162 1206
1163 1189
1163 1195
1163 1206
1163 1207
1164 1167
1164 1220
1165 1204
1165 1225
1165 1231
1166 1167
1166 1168
1166 1169
1166 1171
1166 1172
1166 1219
1166 1220
1166 1250
1167 1168
1167 1220
1168 1169
1169 1172
1170 1171
1170 1172
1170 1173
1170 1174
1171 1172
1171 1174
1171 1246
1171 1248
1171 1250
1173 1174
1173 1175
1174 1175
1174 1177
1174 1246
1174 1247
1175 1176
1175 1177
1176 1177
1176 1178
1177 1178
1177 1179
1177 1180
1177 1247
1177 1249
1178 1180
1179 1180
1179 1181
1179 1182
1179 1183
1179 1249
1180 1181
1181 1183
1182 1183
1182 1242
1182 1249
1182 1256
1185 1205
1185 1240
1185 1241
1186 1187
1188 1189
1188 1190
1188 1217
1189 1190
1189 1195
1189 1217
1189 1218
1190 1195
1190 1197
1191 1192
1191 1193
1191 1198
1191 1199
1192 1193
1192 1199
1192 1200
1193 1198
1194 1195
1194 1196
1194 1197
1194 1216
1195 1196
1195 1197
1195 1207
1196 1206
1196 1207
1196 1215
1196 1216
1199 1200
1199 1203
1200 1203
1201 1202
1201 1252
1202 1252
1202 1253
1204 1205
1204 1231
1205 1231
1205 1236
1205 1238
1205 1240
1206 1207
1206 1215
1208 1209
1208 1210
1208 1211
1208 1212
1209 1210
1209 1211
1209 1244
1209 1245
1210 1245
1211 1212
1211 1213
1212 1213
1212 1214
1213 1214
1215 1216
1217 1218
1217 1221
1218 1221
1219 1220
1219 1250
1222 1223
1222 1224
1222 1225
1223 1224
1224 1225
1224 1226
1225 1226
1225 1227
1225 1231
1226 1227
1227 1231
1227 1232
1228 1229
1228 1230
1228 1233
1228 1247
1228 1249
1229 1230
1229 1235
1229 1242
1229 1249
1230 1233
1231 1232
1231 1234
1231 1236
1232 1234
1233 1247
1233 1248
1234 1236
1234 1237
1235 1239
1235 1242
1236 1237
1236 1238
1237 1238
1238 1240
1239 1242
1239 1254
1239 1255
1239 1256
1240 1241
1242 1249
1242 1256
1243 1244
1244 1245
1246 1247
1246 1248
1247 1248
1247 1249
1248 1250
1252 1253
1254 1255
1255 1256
1259 1260
1259 1261
1259 1263
1259 1264
1259 1405
1259 1410
1260 1261
1260 1262
1260 1335
1260 1410
1260 1415
1261 1262
1261 1264
1261 1271
1261 1443
1262 1269
1262 1270
1262 1271
1262 1335
1263 1264
1263 1333
1263 1334
1263 1400
1263 1405
1264 1333
1264 1443
1264 1461
1264 1462
1265 1266
1265 1267
1265 1268
1265 1303
1265 1375
1265 1385
1266 1267
1266 1268
1266 1333
1266 1459
1266 1460
1267 1298
1267 1300
1267 1303
1267 1459
1268 1333
1268 1334
1268 1385
1268 1389
1269 1270
1269 1271
1269 1445
1269 1580
1269 1581
1270 1335
1270 1337
1270 1339
1270 1445
1271 1443
1271 1581
1271 1582
1272 1273
1272 1274
1272 1352
1272 1353
1272 1354
1272 1453
1273 1274
1273 1275
1273 1350
1273 1451
1273 1452
1273 1453
1274 1275
1274 1352
1274 1431
1274 1441
1275 1350
1275 1351
1275 1429
1275 1431
1276 1277
1276 1278
1276 1279
1276 1322
1276 1323
1276 1356
1277 1278
1277 1279
1277 1353
1277 1354
1277 1607
1277 1608
1278 1322
1278 1352
1278 1353
1279 1356
1279 1454
1279 1606
1279 1607
1280 1281
1280 1282
1280 1283
1280 1284
1280 1285
1280 1299
1281 1282
1281 1283
1281 1286
1281 1288
1281 1590
1282 1284
1282 1288
1283 1299
1283 1301
1283 1589
1283 1590
1284 1285
1284 1288
1284 1291
1284 1360
1284 1368
1285 1299
1285 1302
1285 1358
1285 1360
1286 1287
1286 1288
1286 1289
1286 1590
1286 1591
1287 1288
1287 1289
1287 1290
1287 1291
1287 1293
1287 1294
1288 1291
1289 1294
1289 1591
1289 1592
1290 1291
1290 1293
1290 1297
1290 1367
1290 1368
1291 1368
1292 1293
1292 1294
1292 1295
1292 1332
1292 1458
1292 1594
1292 1595
1293 1294
1293 1295
1293 1297
1294 1592
1294 1593
1294 1594
1295 1296
1295 1297
1295 1332
1296 1297
1296 1329
1296 1332
1296 1364
1296 1366
1297 1366
1297 1367
1298 1299
1298 1300
1298 1301
1298 1459
1298 1586
1298 1587
1299 1300
1299 1301
1299 1302
1300 1302
1300 1303
1301 1587
1301 1588
1301 1589
1302 1303
1302 1358
1302 1377
1303 1375
1303 1377
1304 1305
1304 1306
1304 1307
1304 1457
1304 1598
1304 1599
1305 1306
1305 1307
1305 1308
1305 1314
1305 1315
1306 1315
1306 1369
1306 1370
1306 1457
1307 1308
1307 1309
1307 1599
1307 1600
1308 1309
1308 1310
1308 1312
1308 1314
1309 1310
1309 1311
1309 1600
1309 1601
1310 1311
1310 1312
1310 1313
1310 1320
1311 1320
1311 1321
1311 1601
1311 1602
1312 1313
1312 1314
1312 1378
1312 1386
1313 1320
1313 1328
1313 1386
1313 1391
1313 1396
1314 1315
1314 1378
1314 1380
1315 1370
1315 1372
1315 1380
1316 1317
1316 1318
1316 1320
1316 1321
1316 1603
1317 1318
1317 1319
1317 1455
1317 1603
1317 1604
1318 1319
1318 1320
1318 1326
1318 1327
1318 1328
1319 1324
1319 1325
1319 1326
1319 1455
1320 1321
1320 1328
1321 1602
1321 1603
1322 1323
1322 1352
1322 1424
1322 1441
1323 1355
1323 1356
1323 1424
1323 1426
1324 1325
1324 1326
1324 1355
1324 1407
1324 1412
1324 1417
1325 1355
1325 1356
1325 1454
1325 1455
1326 1327
1326 1402
1326 1407
1327 1328
1327 1396
1327 1402
1328 1396
1329 1330
1329 1331
1329 1332
1329 1362
1329 1364
1330 1331
1330 1332
1330 1369
1330 1456
1330 1458
1331 1362
1331 1363
1331 1369
1331 1370
1332 1458
1333 1334
1333 1460
1333 1461
1334 1389
1334 1394
1334 1400
1335 1339
1335 1415
1335 1421
1336 1337
1336 1338
1336 1340
1336 1341
1336 1444
1336 1446
1337 1338
1337 1339
1337 1444
1337 1445
1338 1339
1338 1341
1338 1422
1339 1421
1339 1422
1340 1341
1340 1342
1340 1343
1340 1446
1340 1447
1341 1342
1341 1422
1341 1437
1341 1438
1342 1343
1342 1344
1342 1436
1342 1437
1343 1344
1343 1345
1343 1447
1344 1345
1344 1347
1344 1435
1344 1436
1345 1346
1345 1347
1345 1447
1345 1448
1346 1347
1346 1348
1346 1349
1346 1448
1346 1449
1347 1349
1347 1433
1347 1435
1348 1349
1348 1350
1348 1351
1348 1449
1348 1450
1349 1351
1349 1429
1349 1433
1350 1351
1350 1450
1350 1451
1351 1429
1352 1353
1352 1441
1353 1354
1354 1453
1354 1608
1354 1609
1354 1610
1355 1356
1355 1417
1355 1426
1356 1454
1357 1358
1357 1359
1357 1365
1357 1373
1357 1376
1357 1377
1358 1359
1358 1360
1358 1377
1359 1360
1359 1365
1359 1366
1359 1367
1359 1368
1360 1368
1361 1362
1361 1363
1361 1364
1361 1365
1361 1371
1361 1373
1362 1363
1362 1364
1363 1370
1363 1371
1363 1372
1364 1365
1364 1366
1365 1366
1365 1373
1366 1367
1367 1368
1369 1370
1369 1456
1369 1457
1370 1372
1371 1372
1371 1373
1371 1379
1371 1380
1371 1383
1372 1380
1373 1376
1373 1383
1374 1375
1374 1376
1374 1382
1374 1383
1374 1384
1374 1385
1375 1376
1375 1377
1375 1385
1376 1377
1376 1383
1378 1379
1378 1380
1378 1381
1378 1386
1379 1380
1379 1381
1379 1382
1379 1383
1381 1382
1381 1386
1381 1387
1382 1383
1382 1384
1382 1387
1382 1388
1384 1385
1384 1388
1384 1389
1384 1390
1384 1393
1385 1389
1386 1387
1386 1391
1387 1388
1387 1391
1387 1392
1388 1392
1388 1393
1389 1390
1389 1394
1390 1393
1390 1394
1390 1395
1391 1392
1391 1396
1392 1393
1392 1396
1392 1397
1393 1395
1393 1397
1393 1398
1394 1395
1394 1399
1394 1400
1395 1398
1395 1399
1396 1397
1396 1401
1396 1402
1397 1398
1397 1401
1397 1403
1398 1399
1398 1403
1399 1400
1399 1403
1399 1404
1399 1408
1400 1404
1400 1405
1401 1402
1401 1403
1401 1406
1401 1408
1402 1406
1402 1407
1403 1408
1404 1405
1404 1408
1404 1409
1404 1413
1405 1409
1405 1410
1406 1407
1406 1408
1406 1411
1406 1413
1407 1411
1407 1412
1408 1413
1409 1410
1409 1413
1409 1414
1409 1418
1410 1414
1410 1415
1411 1412
1411 1413
1411 1416
1412 1416
1412 1417
1413 1416
1413 1418
1414 1415
1414 1418
1414 1419
1414 1427
1415 1419
1415 1421
1416 1417
1416 1418
1416 1423
1417 1423
1417 1426
1418 1423
1418 1427
1419 1420
1419 1421
1419 1427
1419 1428
1420 1421
1420 1422
1420 1428
1420 1439
1420 1442
1421 1422
1422 1438
1422 1439
1423 1424
1423 1425
1423 1426
1423 1427
1424 1425
1424 1426
1424 1441
1425 1427
1425 1428
1425 1440
1425 1441
1427 1428
1428 1440
1428 1442
1429 1430
1429 1431
1429 1432
1429 1433
1430 1431
1430 1432
1430 1440
1430 1441
1430 1442
1431 1441
1432 1433
1432 1434
1432 1439
1432 1442
1433 1434
1433 1435
1434 1435
1434 1436
1434 1437
1434 1438
1434 1439
1435 1436
1436 1437
1437 1438
1438 1439
1439 1442
1440 1441
1440 1442
1443 1462
1443 1582
1443 1583
1444 1445
1444 1446
1444 1578
1444 1579
1445 1578
1445 1580
1446 1447
1446 1579
1446 1617
1447 1448
1447 1615
1447 1616
1447 1617
1448 1449
1448 1614
1448 1615
1449 1450
1449 1614
1450 1451
1450 1613
1450 1614
1451 1452
1451 1612
1451 1613
1452 1453
1452 1611
1452 1612
1453 1610
1453 1611
1454 1455
1454 1605
1454 1606
1455 1604
1455 1605
1456 1457
1456 1458
1456 1596
1456 1597
1457 1597
1457 1598
1458 1595
1458 1596
1459 1460
1459 1585
1459 1586
1460 1461
1460 1584
1460 1585
1461 1462
1461 1583
1461 1584
1462 1583
1463 1464
1463 1465
1463 1466
1463 1529
1464 1465
1464 1466
1464 1467
1464 1560
1464 1561
1465 1527
1465 1529
1465 1561
1465 1562
1465 1564
1466 1467
1466 1468
1467 1468
1467 1469
1467 1559
1467 1560
1468 1469
1468 1470
1469 1470
1469 1471
1469 1472
1469 1559
1470 1471
1471 1472
1471 1473
1472 1473
1472 1474
1472 1557
1472 1559
1473 1474
1473 1475
1474 1475
1474 1476
1474 1554
1474 1556
1474 1557
1475 1476
1475 1477
1476 1477
1476 1478
1476 1553
1476 1554
1477 1478
1477 1479
1478 1479
1478 1480
1478 1481
1478 1552
1478 1553
1479 1481
1480 1481
1480 1482
1480 1545
1480 1552
1481 1482
1481 1483
1482 1483
1482 1484
1482 1485
1482 1545
1482 1546
1483 1485
1484 1485
1484 1486
1484 1487
1484 1546
1484 1549
1485 1487
1486 1487
1486 1488
1486 1489
1486 1490
1486 1549
1486 1550
1487 1488
1488 1489
1489 1490
1489 1491
1490 1491
1490 1492
1490 1493
1490 1494
1490 1550
1491 1492
1492 1493
1493 1494
1493 1495
1494 1495
1494 1496
1494 1497
1494 1542
1494 1550
1495 1497
1496 1497
1496 1498
1496 1500
1496 1541
1496 1542
1497 1498
1498 1500
1498 1502
1499 1500
1499 1501
1499 1503
1499 1504
1499 1531
1499 1532
1500 1501
1500 1502
1500 1531
1500 1541
1501 1502
1501 1503
1503 1504
1503 1505
1504 1505
1504 1506
1504 1507
1504 1532
1504 1539
1505 1506
1506 1507
1506 1508
1507 1508
1507 1509
1507 1538
1507 1539
1508 1509
1508 1510
1508 1511
1509 1510
1509 1534
1509 1538
1510 1511
1510 1512
1510 1513
1510 1534
1510 1535
1511 1513
1512 1513
1512 1514
1512 1516
1512 1517
1512 1535
1512 1536
1512 1572
1513 1514
1514 1517
1515 1516
1515 1517
1515 1518
1515 1519
1516 1517
1516 1518
1516 1566
1516 1572
1518 1519
1518 1520
1518 1521
1518 1522
1518 1566
1518 1569
1519 1520
1520 1522
1521 1522
1521 1523
1521 1524
1521 1569
1521 1571
1522 1523
1523 1524
1523 1525
1524 1525
1524 1526
1524 1527
1524 1571
1525 1526
1526 1527
1526 1528
1527 1528
1527 1529
1527 1564
1527 1571
1528 1529
1530 1531
1530 1532
1530 1537
1530 1539
1530 1540
1530 1575
1531 1532
1531 1540
1531 1541
1532 1539
1533 1534
1533 1535
1533 1536
1533 1537
1533 1573
1533 1575
1534 1535
1534 1537
1534 1538
1535 1536
1536 1572
1536 1573
1537 1538
1537 1539
1537 1575
1538 1539
1540 1541
1540 1542
1540 1543
1540 1575
1541 1542
1542 1543
1542 1550
1543 1550
1543 1551
1543 1575
1543 1576
1544 1545
1544 1546
1544 1547
1544 1548
1544 1565
1545 1546
1545 1547
1545 1552
1546 1548
1546 1549
1547 1552
1547 1553
1547 1554
1547 1555
1547 1565
1548 1549
1548 1550
1548 1551
1548 1565
1548 1574
1549 1550
1550 1551
1551 1574
1551 1576
1551 1577
1552 1553
1553 1554
1554 1555
1554 1556
1555 1556
1555 1557
1555 1558
1555 1563
1555 1565
1556 1557
1557 1558
1557 1559
1558 1559
1558 1560
1558 1561
1558 1562
1558 1563
1559 1560
1560 1561
1561 1562
1562 1563
1562 1564
1563 1564
1563 1565
1563 1570
1563 1574
1564 1570
1564 1571
1565 1574
1566 1567
1566 1568
1566 1569
1566 1572
1567 1568
1567 1569
1567 1570
1567 1571
1567 1577
1568 1572
1568 1573
1568 1576
1568 1577
1569 1571
1570 1571
1570 1574
1570 1577
1572 1573
1573 1575
1573 1576
1574 1577
1575 1576
1576 1577
1578 1579
1578 1580
1579 1617
1580 1581
1581 1582
1582 1583
1583 1584
1584 1585
1585 1586
1586 1587
1587 1588
1588 1589
1589 1590
1590 1591
1591 1592
1592 1593
1593 1594
1594 1595
1595 1596
1596 1597
1597 1598
1598 1599
1599 1600
1600 1601
1601 1602
1602 1603
1603 1604
1604 1605
1605 1606
1606 1607
1607 1608
1608 1609
1609 1610
1610 1611
1611 1612
1612 1613
1613 1614
1614 1615
1615 1616
1616 1617
1618 1619
1618 1620
1618 1621
1618 1625
1618 1828
1618 1835
1619 1620
1619 1621
1619 1637
1619 1638
1619 1664
1619 1666
1619 1669
1620 1623
1620 1625
1620 1666
1620 1673
1621 1637
1621 1826
1621 1827
1621 1828
1622 1623
1622 1624
1622 1625
1622 1801
1622 1834
1623 1624
1623 1625
1623 1670
1623 1673
1624 1670
1624 1675
1624 1801
1624 1802
1625 1834
1625 1835
1626 1627
1626 1628
1626 1629
1626 1630
1626 1843
1626 1845
1627 1628
1627 1629
1627 1639
1627 1640
1627 1832
1628 1630
1628 1631
1628 1832
1628 1833
1629 1640
1629 1822
1629 1843
1629 1844
1629 1863
1630 1631
1630 1632
1630 1845
1630 1846
1631 1632
1631 1633
1631 1636
1631 1833
1632 1633
1632 1634
1632 1825
1632 1846
1633 1634
1633 1635
1633 1636
1634 1635
1634 1637
1634 1638
1634 1825
1635 1636
1635 1638
1635 1660
1635 1662
1636 1660
1636 1833
1637 1638
1637 1825
1637 1826
1638 1662
1638 1664
1639 1640
1639 1641
1639 1654
1639 1656
1639 1832
1640 1641
1640 1822
1640 1823
1640 1831
1641 1652
1641 1654
1641 1831
1642 1643
1642 1644
1642 1645
1642 1647
1642 1648
1642 1862
1643 1644
1643 1645
1643 1695
1643 1870
1644 1648
1644 1870
1644 1871
1644 1872
1645 1694
1645 1695
1645 1862
1645 1863
1646 1647
1646 1648
1646 1649
1646 1650
1646 1651
1646 1823
1646 1824
1646 1831
1647 1648
1647 1824
1647 1862
1648 1649
1648 1872
1649 1650
1649 1872
1649 1873
1650 1651
1650 1653
1650 1873
1650 1874
1651 1652
1651 1653
1651 1831
1652 1653
1652 1654
1652 1655
1652 1831
1653 1655
1653 1874
1653 1875
1653 1876
1654 1655
1654 1656
1654 1657
1655 1657
1655 1876
1655 1877
1656 1657
1656 1658
1656 1659
1656 1832
1657 1658
1657 1877
1658 1659
1658 1660
1658 1661
1658 1877
1658 1878
1658 1879
1659 1660
1659 1832
1659 1833
1660 1661
1660 1662
1660 1833
1661 1662
1661 1663
1661 1879
1662 1663
1662 1664
1663 1664
1663 1665
1663 1879
1663 1880
1663 1881
1664 1665
1664 1669
1665 1667
1665 1669
1665 1881
1666 1667
1666 1668
1666 1669
1666 1673
1667 1668
1667 1669
1667 1881
1667 1882
1668 1671
1668 1673
1668 1882
1668 1883
1670 1671
1670 1672
1670 1673
1670 1674
1670 1675
1671 1672
1671 1673
1671 1883
1671 1884
1671 1885
1672 1674
1672 1885
1672 1886
1674 1675
1674 1676
1674 1677
1674 1886
1675 1676
1675 1802
1675 1804
1676 1677
1676 1680
1676 1804
1676 1810
1677 1678
1677 1680
1677 1886
1677 1887
1677 1888
1678 1679
1678 1680
1678 1681
1678 1888
1678 1889
1679 1680
1679 1681
1679 1682
1679 1811
1679 1864
1680 1810
1680 1811
1681 1682
1681 1683
1681 1889
1681 1890
1682 1683
1682 1684
1682 1864
1683 1684
1683 1685
1683 1890
1683 1891
1684 1685
1684 1836
1684 1864
1684 1865
1685 1836
1685 1837
1685 1891
1686 1687
1686 1688
1686 1689
1686 1818
1686 1895
1686 1896
1687 1688
1687 1689
1687 1857
1687 1858
1688 1858
1688 1859
1688 1894
1688 1895
1689 1818
1689 1819
1689 1856
1689 1857
1690 1691
1690 1692
1690 1693
1690 1694
1690 1843
1690 1844
1690 1845
1691 1692
1691 1693
1691 1709
1691 1867
1691 1868
1692 1694
1692 1695
1692 1867
1692 1869
1693 1708
1693 1709
1693 1845
1693 1846
1694 1695
1694 1844
1694 1863
1695 1869
1695 1870
1696 1697
1696 1698
1696 1699
1696 1701
1696 1901
1696 1902
1697 1698
1697 1699
1697 1704
1697 1848
1697 1849
1698 1701
1698 1702
1698 1849
1698 1850
1698 1851
1699 1704
1699 1705
1699 1902
1699 1903
1700 1701
1700 1702
1700 1703
1700 1806
1700 1852
1700 1853
1701 1702
1701 1703
1701 1899
1701 1900
1701 1901
1702 1851
1702 1852
1703 1806
1703 1807
1703 1898
1703 1899
1704 1705
1704 1706
1704 1847
1704 1848
1705 1706
1705 1707
1705 1903
1705 1904
1706 1707
1706 1708
1706 1709
1706 1847
1707 1709
1707 1904
1707 1905
1708 1709
1708 1846
1708 1847
1709 1868
1709 1905
1710 1711
1710 1712
1710 1713
1710 1715
1710 1830
1711 1712
1711 1713
1711 1750
1711 1785
1711 1786
1711 1787
1712 1750
1712 1752
1712 1797
1712 1829
1712 1830
1713 1714
1713 1715
1713 1754
1713 1755
1713 1787
1714 1715
1714 1716
1714 1717
1714 1754
1714 1756
1714 1757
1715 1716
1715 1794
1715 1830
1716 1717
1716 1794
1716 1796
1717 1757
1717 1758
1717 1761
1717 1796
1718 1719
1718 1720
1718 1722
1718 1762
1718 1763
1719 1720
1719 1721
1719 1759
1719 1760
1719 1761
1719 1762
1720 1721
1720 1722
1720 1723
1720 1795
1721 1761
1721 1794
1721 1795
1721 1796
1722 1723
1722 1724
1722 1725
1722 1763
1722 1764
1723 1725
1723 1795
1724 1725
1724 1726
1724 1728
1724 1764
1724 1765
1724 1766
1725 1726
1725 1795
1725 1799
1725 1800
1726 1727
1726 1728
1726 1729
1726 1799
1727 1728
1727 1729
1727 1730
1727 1731
1727 1769
1727 1770
1727 1771
1728 1766
1728 1767
1728 1768
1728 1769
1729 1730
1729 1791
1729 1798
1729 1799
1730 1731
1730 1732
1730 1733
1730 1790
1730 1791
1731 1732
1731 1771
1731 1772
1731 1773
1732 1733
1732 1734
1732 1772
1732 1774
1732 1775
1733 1734
1733 1735
1733 1790
1734 1735
1734 1737
1734 1775
1734 1816
1735 1736
1735 1737
1735 1789
1735 1790
1736 1737
1736 1738
1736 1739
1736 1740
1736 1789
1737 1738
1737 1776
1737 1816
1737 1817
1738 1740
1738 1776
1738 1777
1739 1740
1739 1741
1739 1742
1739 1788
1739 1789
1740 1742
1740 1777
1740 1778
1741 1742
1741 1743
1741 1745
1741 1788
1741 1861
1742 1778
1742 1861
1743 1744
1743 1745
1743 1749
1743 1788
1744 1745
1744 1746
1744 1749
1744 1779
1744 1815
1745 1779
1745 1780
1745 1860
1745 1861
1746 1747
1746 1748
1746 1749
1746 1808
1746 1815
1747 1748
1747 1749
1747 1751
1747 1753
1747 1792
1747 1793
1748 1751
1748 1781
1748 1782
1748 1808
1749 1788
1749 1792
1750 1751
1750 1752
1750 1783
1750 1784
1750 1785
1751 1752
1751 1753
1751 1781
1751 1783
1751 1803
1752 1753
1752 1797
1753 1793
1753 1797
1754 1755
1754 1756
1755 1787
1756 1757
1757 1758
1758 1759
1758 1761
1759 1760
1759 1761
1760 1762
1761 1796
1762 1763
1763 1764
1764 1765
1765 1766
1766 1767
1767 1768
1768 1769
1769 1770
1770 1771
1771 1773
1772 1773
1772 1774
1774 1775
1775 1816
1776 1777
1776 1817
1777 1778
1778 1860
1778 1861
1779 1780
1779 1815
1780 1860
1781 1782
1781 1803
1782 1808
1783 1784
1783 1803
1784 1785
1785 1786
1786 1787
1788 1789
1788 1792
1789 1790
1789 1792
1790 1791
1790 1792
1791 1792
1791 1793
1791 1798
1792 1793
1793 1797
1793 1798
1794 1795
1794 1796
1794 1830
1795 1800
1795 1830
1797 1798
1797 1829
1798 1799
1798 1829
1799 1800
1799 1829
1800 1829
1800 1830
1801 1802
1801 1804
1801 1805
1801 1834
1801 1838
1802 1804
1804 1805
1804 1810
1805 1809
1805 1810
1805 1838
1805 1839
1806 1807
1806 1813
1806 1853
1806 1854
1807 1813
1807 1814
1807 1898
1808 1815
1809 1810
1809 1811
1809 1812
1809 1839
1809 1840
1810 1811
1811 1812
1811 1820
1811 1864
1812 1820
1812 1821
1812 1840
1812 1841
1813 1814
1813 1819
1813 1854
1813 1855
1814 1818
1814 1819
1814 1897
1814 1898
1816 1817
1818 1819
1818 1896
1818 1897
1819 1855
1819 1856
1820 1821
1820 1864
1821 1841
1821 1842
1821 1864
1821 1865
1822 1823
1822 1824
1822 1862
1822 1863
1823 1824
1823 1831
1824 1862
1825 1826
1825 1846
1825 1847
1826 1827
1826 1847
1826 1848
1827 1828
1827 1848
1827 1849
1827 1850
1828 1835
1828 1850
1828 1851
1829 1830
1832 1833
1834 1835
1834 1838
1834 1852
1835 1851
1835 1852
1836 1837
1836 1858
1836 1859
1836 1865
1836 1866
1837 1859
1837 1891
1837 1892
1838 1839
1838 1852
1838 1853
1839 1840
1839 1853
1839 1854
1840 1841
1840 1854
1840 1855
1841 1842
1841 1855
1841 1856
1841 1857
1842 1857
1842 1865
1842 1866
1843 1844
1843 1845
1844 1863
1845 1846
1846 1847
1847 1848
1848 1849
1849 1850
1850 1851
1851 1852
1852 1853
1853 1854
1854 1855
1855 1856
1856 1857
1857 1858
1857 1866
1858 1859
1858 1866
1859 1892
1859 1893
1859 1894
1860 1861
1862 1863
1864 1865
1865 1866
1867 1868
1867 1869
1868 1905
1869 1870
1870 1871
1871 1872
1872 1873
1873 1874
1874 1875
1875 1876
1876 1877
1877 1878
1878 1879
1879 1880
1880 1881
1881 1882
1882 1883
1883 1884
1884 1885
1885 1886
1886 1887
1887 1888
1888 1889
1889 1890
1890 1891
1891 1892
1892 1893
1893 1894
1894 1895
1895 1896
1896 1897
1897 1898
1898 1899
1899 1900
1900 1901
1901 1902
1902 1903
1903 1904
1904 1905
