7713551984770659475 1193 1208
-0.374922 -0.467404 1.458033
-0.440589 -0.433421 1.458801
-0.432885 -0.438497 1.477803
-0.452343 -0.424721 1.443559
-0.466998 -0.413250 1.433569
-0.483119 -0.400131 1.429808
-0.499128 -0.386646 1.432644
-0.513458 -0.374117 1.441801
-0.524706 -0.363770 1.456381
-0.531772 -0.356617 1.474957
-0.533962 -0.353359 1.495712
-0.531064 -0.354315 1.516613
-0.523361 -0.359391 1.535615
-0.511606 -0.368090 1.550857
-0.496951 -0.379561 1.560847
-0.480830 -0.392681 1.564608
-0.464821 -0.406166 1.561772
-0.450491 -0.418695 1.552615
-0.439243 -0.429042 1.538035
-0.432178 -0.436195 1.519458
-0.429987 -0.439452 1.498704
-0.432885 -0.438497 1.477803
-0.374922 -0.467404 1.458033
-0.312901 -0.486497 1.438668
-0.312901 -0.486497 1.438668
-0.248348 -0.495308 1.420186
-0.248348 -0.495308 1.420186
-0.182855 -0.493618 1.403040
-0.182855 -0.493618 1.403040
-0.118033 -0.481470 1.387654
-0.118033 -0.481470 1.387654
-0.055478 -0.459163 1.374406
-0.055478 -0.459163 1.374406
0.003268 -0.427245 1.363623
0.003268 -0.427245 1.363623
0.056761 -0.386503 1.355569
0.056761 -0.386503 1.355569
0.103681 -0.337940 1.350444
0.103681 -0.337940 1.350444
0.142875 -0.282752 1.348373
0.142875 -0.282752 1.348373
0.173378 -0.222297 1.349408
0.173378 -0.222297 1.349408
0.194437 -0.158065 1.353522
0.194437 -0.158065 1.353522
0.205534 -0.091636 1.360615
0.205534 -0.091636 1.360615
0.206397 -0.024648 1.370512
0.206397 -0.024648 1.370512
0.197004 0.041252 1.382970
0.197004 0.041252 1.382970
0.177586 0.104440 1.397681
0.177586 0.104440 1.397681
0.148621 0.163361 1.414283
0.148621 0.163361 1.414283
0.103119 0.221639 1.413366
0.110823 0.216563 1.432368
0.091365 0.230338 1.398124
0.076710 0.241809 1.388134
0.060589 0.254929 1.384373
0.044580 0.268413 1.387209
0.030250 0.280942 1.396366
0.019002 0.291290 1.410946
0.011937 0.298442 1.429522
0.009746 0.301700 1.450277
0.012644 0.300744 1.471178
0.020347 0.295668 1.490180
0.032102 0.286969 1.505422
0.046757 0.275498 1.515412
0.062878 0.262378 1.519173
0.078887 0.248894 1.516337
0.093217 0.236365 1.507180
0.104465 0.226017 1.492600
0.111530 0.218865 1.474023
0.113721 0.215607 1.453269
0.110823 0.216563 1.432368
-0.485363 -0.400488 1.497491
-0.485363 -0.400488 1.497491
-0.485363 -0.400488 1.497491
-0.485363 -0.400488 1.497491
-0.485363 -0.400488 1.497491
-0.485363 -0.400488 1.497491
-0.485363 -0.400488 1.497491
-0.485363 -0.400488 1.497491
-0.485363 -0.400488 1.497491
-0.485363 -0.400488 1.497491
-0.485363 -0.400488 1.497491
-0.485363 -0.400488 1.497491
-0.485363 -0.400488 1.497491
-0.485363 -0.400488 1.497491
-0.485363 -0.400488 1.497491
-0.485363 -0.400488 1.497491
-0.485363 -0.400488 1.497491
-0.485363 -0.400488 1.497491
-0.485363 -0.400488 1.497491
-0.485363 -0.400488 1.497491
0.065122 0.262736 1.451490
0.065122 0.262736 1.451490
0.065122 0.262736 1.451490
0.065122 0.262736 1.451490
0.065122 0.262736 1.451490
0.065122 0.262736 1.451490
0.065122 0.262736 1.451490
0.065122 0.262736 1.451490
0.065122 0.262736 1.451490
0.065122 0.262736 1.451490
0.065122 0.262736 1.451490
0.065122 0.262736 1.451490
0.065122 0.262736 1.451490
0.065122 0.262736 1.451490
0.065122 0.262736 1.451490
0.065122 0.262736 1.451490
0.065122 0.262736 1.451490
0.065122 0.262736 1.451490
0.065122 0.262736 1.451490
0.065122 0.262736 1.451490
-0.295160 -0.036523 1.581732
-0.307808 -0.025476 1.565347
-0.311306 -0.038813 1.561008
-0.302078 -0.045704 1.572702
-0.295160 -0.036523 1.581732
-0.242626 -0.019306 1.575001
-0.307808 -0.025476 1.565347
-0.314415 -0.041122 1.557036
-0.320977 -0.014587 1.548079
-0.320977 -0.014587 1.548079
-0.320977 -0.014587 1.548079
-0.314415 -0.041122 1.557036
-0.341633 0.002286 1.520178
-0.341633 0.002286 1.520178
-0.360077 -0.025628 1.496650
-0.357676 0.015363 1.496758
-0.305667 0.033476 1.490298
-0.313094 0.037222 1.479858
-0.357676 0.015363 1.496758
-0.306425 0.035726 1.484919
-0.296252 0.025036 1.510360
-0.289852 0.034060 1.497025
-0.198452 0.015093 1.553875
-0.190347 -0.001715 1.568234
-0.204944 0.029684 1.540104
-0.208258 0.036289 1.533201
-0.210930 0.040938 1.528171
-0.279161 0.028083 1.513809
-0.214509 0.050102 1.508337
-0.279161 0.028083 1.513809
-0.210930 0.040938 1.528171
-0.284483 0.037158 1.494435
-0.217100 0.057922 1.491546
-0.285620 0.043181 1.482345
-0.218733 0.062052 1.482448
-0.284189 0.051989 1.468103
-0.291656 0.048060 1.471238
-0.291540 0.042786 1.479744
-0.296252 0.025036 1.510360
-0.357676 0.015363 1.496758
-0.314384 -0.047598 1.556849
-0.359938 -0.046342 1.495884
-0.295115 -0.048414 1.581425
-0.301921 -0.048116 1.572841
-0.295160 -0.036523 1.581732
-0.242626 -0.019306 1.575001
-0.295115 -0.048414 1.581425
-0.190212 -0.048321 1.570150
-0.190347 -0.001715 1.568234
-0.295071 -0.060243 1.581129
-0.311065 -0.057271 1.560783
-0.307608 -0.070307 1.564119
-0.301809 -0.050617 1.572910
-0.295071 -0.060243 1.581129
-0.242385 -0.076806 1.573603
-0.307608 -0.070307 1.564119
-0.314351 -0.054518 1.556652
-0.320643 -0.079978 1.546157
-0.320643 -0.079978 1.546157
-0.320643 -0.079978 1.546157
-0.314351 -0.054518 1.556652
-0.341062 -0.094469 1.517043
-0.341062 -0.094469 1.517043
-0.359807 -0.066719 1.495128
-0.356918 -0.105271 1.492578
-0.311915 -0.124772 1.474929
-0.304013 -0.122314 1.484905
-0.356918 -0.105271 1.492578
-0.304234 -0.124587 1.479622
-0.295316 -0.115326 1.506319
-0.288852 -0.123150 1.491025
-0.197322 -0.108540 1.550911
-0.189971 -0.093177 1.566218
-0.203982 -0.121254 1.536553
-0.207374 -0.126755 1.529634
-0.209733 -0.130634 1.524352
-0.278196 -0.118323 1.509825
-0.278196 -0.118323 1.509825
-0.212921 -0.137826 1.504239
-0.209733 -0.130634 1.524352
-0.283194 -0.125620 1.489257
-0.215819 -0.143714 1.487402
-0.282664 -0.131469 1.476521
-0.217385 -0.146929 1.478358
-0.282768 -0.137534 1.463079
-0.287600 -0.131341 1.473955
-0.290294 -0.134162 1.466211
-0.295316 -0.115326 1.506319
-0.356918 -0.105271 1.492578
-0.295071 -0.060243 1.581129
-0.242385 -0.076806 1.573603
-0.189971 -0.093177 1.566218
-0.284483 0.037158 1.494435
-0.286321 0.040853 1.482867
-0.285289 0.035723 1.493147
-0.285620 0.043181 1.482345
-0.290328 0.033017 1.495332
-0.303936 0.032426 1.489730
-0.289852 0.034060 1.497025
-0.305667 0.033476 1.490298
-0.290328 0.033017 1.495332
-0.284483 0.037158 1.494435
-0.285289 0.035723 1.493147
-0.289852 0.034060 1.497025
-0.304542 0.034363 1.485135
-0.305667 0.033476 1.490298
-0.303936 0.032426 1.489730
-0.306425 0.035726 1.484919
-0.290979 0.040674 1.480049
-0.286321 0.040853 1.482867
-0.291540 0.042786 1.479744
-0.285620 0.043181 1.482345
-0.304542 0.034363 1.485135
-0.291540 0.042786 1.479744
-0.306425 0.035726 1.484919
-0.290979 0.040674 1.480049
-0.311306 -0.038813 1.561008
-0.312432 -0.042177 1.556824
-0.309602 -0.039988 1.560503
-0.314415 -0.041122 1.557036
-0.314415 -0.041122 1.557036
-0.314384 -0.047598 1.556849
-0.312432 -0.042177 1.556824
-0.312403 -0.047881 1.556660
-0.311065 -0.057271 1.560783
-0.301331 -0.050539 1.570803
-0.309482 -0.056401 1.560124
-0.301809 -0.050617 1.572910
-0.301809 -0.050617 1.572910
-0.301345 -0.048351 1.570855
-0.301331 -0.050539 1.570803
-0.301921 -0.048116 1.572841
-0.287600 -0.131341 1.473955
-0.283267 -0.129592 1.476617
-0.287660 -0.129477 1.474344
-0.282664 -0.131469 1.476521
-0.283194 -0.125620 1.489257
-0.283267 -0.129592 1.476617
-0.282664 -0.131469 1.476521
-0.283738 -0.124407 1.487892
-0.283194 -0.125620 1.489257
-0.288771 -0.122217 1.489455
-0.283738 -0.124407 1.487892
-0.288852 -0.123150 1.491025
-0.302213 -0.121478 1.484037
-0.288852 -0.123150 1.491025
-0.304013 -0.122314 1.484905
-0.288771 -0.122217 1.489455
-0.304013 -0.122314 1.484905
-0.304234 -0.124587 1.479622
-0.302213 -0.121478 1.484037
-0.302408 -0.123493 1.479362
-0.302408 -0.123493 1.479362
-0.287600 -0.131341 1.473955
-0.287660 -0.129477 1.474344
-0.304234 -0.124587 1.479622
-0.312374 -0.053978 1.556486
-0.314351 -0.054518 1.556652
-0.312374 -0.053978 1.556486
-0.311065 -0.057271 1.560783
-0.309482 -0.056401 1.560124
-0.314351 -0.054518 1.556652
-0.301363 -0.046306 1.570897
-0.302078 -0.045704 1.572702
-0.311306 -0.038813 1.561008
-0.301363 -0.046306 1.570897
-0.302078 -0.045704 1.572702
-0.309602 -0.039988 1.560503
-0.312432 -0.042177 1.556824
-0.308782 -0.043927 1.561370
-0.309602 -0.039988 1.560503
-0.310291 -0.045475 1.559411
-0.310952 -0.048124 1.558461
-0.312403 -0.047881 1.556660
-0.309482 -0.056401 1.560124
-0.301331 -0.050539 1.570803
-0.306078 -0.052577 1.564613
-0.308825 -0.053250 1.561006
-0.304869 -0.048509 1.566226
-0.301345 -0.048351 1.570855
-0.310453 -0.051256 1.559017
-0.312374 -0.053978 1.556486
-0.301363 -0.046306 1.570897
-0.306182 -0.044719 1.564721
-0.288831 0.036552 1.489842
-0.290328 0.033017 1.495332
-0.285289 0.035723 1.493147
-0.293400 0.034144 1.491094
-0.290979 0.040674 1.480049
-0.304542 0.034363 1.485135
-0.296866 0.036879 1.484858
-0.292564 0.038637 1.483183
-0.303936 0.032426 1.489730
-0.297550 0.034735 1.488504
-0.286321 0.040853 1.482867
-0.289120 0.038793 1.485229
-0.283267 -0.129592 1.476617
-0.287827 -0.126961 1.479967
-0.287660 -0.129477 1.474344
-0.291168 -0.126928 1.478209
-0.302213 -0.121478 1.484037
-0.291385 -0.123040 1.485729
-0.288771 -0.122217 1.489455
-0.296032 -0.123525 1.482961
-0.287099 -0.125269 1.483807
-0.283738 -0.124407 1.487892
-0.294483 -0.125570 1.479239
-0.302408 -0.123493 1.479362
-0.311223 -0.045987 1.560814
-0.309950 -0.044678 1.562467
-0.311785 -0.048228 1.560008
-0.311223 -0.045987 1.560814
-0.308782 -0.043927 1.561370
-0.310291 -0.045475 1.559411
-0.309950 -0.044678 1.562467
-0.311785 -0.048228 1.560008
-0.310291 -0.045475 1.559411
-0.310952 -0.048124 1.558461
-0.311223 -0.045987 1.560814
-0.307663 -0.051991 1.565213
-0.306634 -0.048554 1.566582
-0.309986 -0.052570 1.562160
-0.307663 -0.051991 1.565213
-0.308825 -0.053250 1.561006
-0.306078 -0.052577 1.564613
-0.309986 -0.052570 1.562160
-0.306634 -0.048554 1.566582
-0.306078 -0.052577 1.564613
-0.304869 -0.048509 1.566226
-0.307663 -0.051991 1.565213
-0.311361 -0.050880 1.560482
-0.310453 -0.051256 1.559017
-0.311785 -0.048228 1.560008
-0.310952 -0.048124 1.558461
-0.311361 -0.050880 1.560482
-0.310453 -0.051256 1.559017
-0.308825 -0.053250 1.561006
-0.311361 -0.050880 1.560482
-0.309986 -0.052570 1.562160
-0.307749 -0.045355 1.565304
-0.306634 -0.048554 1.566582
-0.306182 -0.044719 1.564721
-0.307749 -0.045355 1.565304
-0.304869 -0.048509 1.566226
-0.309950 -0.044678 1.562467
-0.307749 -0.045355 1.565304
-0.308782 -0.043927 1.561370
-0.306182 -0.044719 1.564721
-0.293615 0.035327 1.491149
-0.289830 0.037357 1.490056
-0.293400 0.034144 1.491094
-0.289830 0.037357 1.490056
-0.293615 0.035327 1.491149
-0.288831 0.036552 1.489842
-0.292898 0.039148 1.484426
-0.296461 0.037672 1.485857
-0.292564 0.038637 1.483183
-0.296866 0.036879 1.484858
-0.292898 0.039148 1.484426
-0.296461 0.037672 1.485857
-0.297038 0.035847 1.488962
-0.293615 0.035327 1.491149
-0.297550 0.034735 1.488504
-0.293400 0.034144 1.491094
-0.297038 0.035847 1.488962
-0.290056 0.039262 1.486148
-0.288831 0.036552 1.489842
-0.290056 0.039262 1.486148
-0.289830 0.037357 1.490056
-0.289120 0.038793 1.485229
-0.292898 0.039148 1.484426
-0.289120 0.038793 1.485229
-0.292564 0.038637 1.483183
-0.290056 0.039262 1.486148
-0.297038 0.035847 1.488962
-0.296461 0.037672 1.485857
-0.297550 0.034735 1.488504
-0.296866 0.036879 1.484858
-0.291587 -0.127359 1.479542
-0.288964 -0.127384 1.480924
-0.291168 -0.126928 1.478209
-0.288964 -0.127384 1.480924
-0.291587 -0.127359 1.479542
-0.287827 -0.126961 1.479967
-0.291733 -0.124298 1.485480
-0.295350 -0.124699 1.483280
-0.295350 -0.124699 1.483280
-0.291385 -0.123040 1.485729
-0.296032 -0.123525 1.482961
-0.291733 -0.124298 1.485480
-0.288401 -0.126047 1.483955
-0.287099 -0.125269 1.483807
-0.291385 -0.123040 1.485729
-0.288401 -0.126047 1.483955
-0.291733 -0.124298 1.485480
-0.288401 -0.126047 1.483955
-0.288964 -0.127384 1.480924
-0.287099 -0.125269 1.483807
-0.287827 -0.126961 1.479967
-0.294169 -0.126304 1.480338
-0.294483 -0.125570 1.479239
-0.291587 -0.127359 1.479542
-0.294169 -0.126304 1.480338
-0.291168 -0.126928 1.478209
-0.294169 -0.126304 1.480338
-0.296032 -0.123525 1.482961
-0.294483 -0.125570 1.479239
-0.295350 -0.124699 1.483280
-0.281507 -0.135146 1.460711
-0.217385 -0.146929 1.478358
-0.282768 -0.137534 1.463079
-0.215772 -0.144735 1.475767
-0.289217 -0.131953 1.463765
-0.282768 -0.137534 1.463079
-0.290294 -0.134162 1.466211
-0.281507 -0.135146 1.460711
-0.311198 -0.122347 1.472287
-0.311915 -0.124772 1.474929
-0.356443 -0.103052 1.490143
-0.356918 -0.105271 1.492578
-0.358741 -0.065296 1.491609
-0.356443 -0.103052 1.490143
-0.359807 -0.066719 1.495128
-0.356918 -0.105271 1.492578
-0.359173 -0.045157 1.492314
-0.359938 -0.046342 1.495884
-0.358977 -0.024505 1.493204
-0.360077 -0.025628 1.496650
-0.357148 0.012811 1.493989
-0.357676 0.015363 1.496758
-0.312620 0.034828 1.477274
-0.357676 0.015363 1.496758
-0.313094 0.037222 1.479858
-0.357148 0.012811 1.493989
-0.290887 0.045681 1.468850
-0.291656 0.048060 1.471238
-0.282991 0.049745 1.465842
-0.284189 0.051989 1.468103
-0.217278 0.059715 1.479710
-0.282991 0.049745 1.465842
-0.218733 0.062052 1.482448
-0.284189 0.051989 1.468103
-0.218733 0.062052 1.482448
-0.215391 0.055655 1.488725
-0.217278 0.059715 1.479710
-0.217100 0.057922 1.491546
-0.212330 0.047686 1.506653
-0.214509 0.050102 1.508337
-0.208934 0.038989 1.525421
-0.210930 0.040938 1.528171
-0.210930 0.040938 1.528171
-0.206543 0.034477 1.530381
-0.208934 0.038989 1.525421
-0.208258 0.036289 1.533201
-0.203211 0.027922 1.537180
-0.204944 0.029684 1.540104
-0.196564 0.013735 1.550598
-0.198452 0.015093 1.553875
-0.189158 -0.002929 1.565009
-0.190347 -0.001715 1.568234
-0.189602 -0.049538 1.567595
-0.189158 -0.002929 1.565009
-0.190212 -0.048321 1.570150
-0.190347 -0.001715 1.568234
-0.188679 -0.090974 1.563258
-0.189971 -0.093177 1.566218
-0.195980 -0.106723 1.548048
-0.197322 -0.108540 1.550911
-0.202583 -0.119453 1.533732
-0.203982 -0.121254 1.536553
-0.205778 -0.124999 1.526794
-0.207374 -0.126755 1.529634
-0.209733 -0.130634 1.524352
-0.208051 -0.128751 1.521806
-0.209733 -0.130634 1.524352
-0.212921 -0.137826 1.504239
-0.208051 -0.128751 1.521806
-0.211337 -0.135703 1.501923
-0.215819 -0.143714 1.487402
-0.214151 -0.141660 1.485378
-0.217385 -0.146929 1.478358
-0.215772 -0.144735 1.475767
-0.278363 -0.131219 1.457703
-0.215772 -0.144735 1.475767
-0.281507 -0.135146 1.460711
-0.212857 -0.140953 1.471971
-0.211093 -0.139617 1.478101
-0.215772 -0.144735 1.475767
-0.214151 -0.141660 1.485378
-0.208037 -0.134011 1.494734
-0.211337 -0.135703 1.501923
-0.208051 -0.128751 1.521806
-0.204458 -0.126000 1.517193
-0.204458 -0.126000 1.517193
-0.202529 -0.122838 1.521669
-0.208051 -0.128751 1.521806
-0.205778 -0.124999 1.526794
-0.199375 -0.117917 1.528185
-0.202583 -0.119453 1.533732
-0.191807 -0.104956 1.543247
-0.195980 -0.106723 1.548048
-0.185897 -0.090647 1.557482
-0.188679 -0.090974 1.563258
-0.279016 0.045736 1.463028
-0.288773 0.041527 1.466860
-0.282991 0.049745 1.465842
-0.290887 0.045681 1.468850
-0.312620 0.034828 1.477274
-0.311248 0.031571 1.475670
-0.353843 0.010544 1.492656
-0.357148 0.012811 1.493989
-0.353843 0.010544 1.492656
-0.358977 -0.024505 1.493204
-0.357148 0.012811 1.493989
-0.357278 -0.024401 1.492445
-0.359173 -0.045157 1.492314
-0.357958 -0.044702 1.491818
-0.358741 -0.065296 1.491609
-0.356943 -0.066221 1.490857
-0.356443 -0.103052 1.490143
-0.352464 -0.101572 1.488313
-0.311198 -0.122347 1.472287
-0.352464 -0.101572 1.488313
-0.310178 -0.118807 1.470716
-0.356443 -0.103052 1.490143
-0.288555 -0.127323 1.462182
-0.289217 -0.131953 1.463765
-0.281507 -0.135146 1.460711
-0.187718 -0.049682 1.563732
-0.189602 -0.049538 1.567595
-0.186222 -0.003523 1.559626
-0.189158 -0.002929 1.565009
-0.196564 0.013735 1.550598
-0.192274 0.011998 1.545974
-0.189158 -0.002929 1.565009
-0.203211 0.027922 1.537180
-0.199233 0.025817 1.532727
-0.206543 0.034477 1.530381
-0.202978 0.032216 1.525660
-0.208934 0.038989 1.525421
-0.204777 0.035981 1.521582
-0.212330 0.047686 1.506653
-0.204777 0.035981 1.521582
-0.208226 0.044085 1.503372
-0.208934 0.038989 1.525421
-0.215391 0.055655 1.488725
-0.211196 0.051685 1.485218
-0.217278 0.059715 1.479710
-0.214593 0.055247 1.475778
-0.217278 0.059715 1.479710
-0.282991 0.049745 1.465842
-0.217177 -0.134256 1.477211
-0.215200 -0.127503 1.494112
-0.211565 -0.119866 1.515554
-0.306225 0.028027 1.482776
-0.347735 0.008200 1.499630
-0.350519 -0.025483 1.499260
-0.350997 -0.044857 1.498578
-0.350177 -0.065479 1.497758
-0.346498 -0.099853 1.495710
-0.305359 -0.116509 1.478443
-0.212212 0.029394 1.519927
-0.218683 0.047303 1.480084
-0.253102 0.003788 1.521596
-0.251143 -0.100940 1.516353
-0.270441 -0.104956 1.506091
-0.234811 -0.092083 1.525957
-0.275005 0.008177 1.514534
-0.302726 -0.098458 1.496727
-0.326167 -0.086391 1.496547
-0.325147 -0.002955 1.500829
-0.303722 0.008494 1.505323
-0.345201 0.011676 1.491236
-0.320179 -0.007660 1.492252
-0.329732 0.021950 1.483082
-0.363110 -0.042803 1.489515
-0.364115 -0.019467 1.490319
-0.364977 -0.001884 1.491224
-0.373355 -0.009314 1.480496
-0.364115 -0.019467 1.490319
-0.358021 0.000424 1.471595
-0.364977 -0.001884 1.491224
-0.345201 0.011676 1.491236
-0.373355 -0.009314 1.480496
-0.364977 -0.001884 1.491224
-0.350175 0.005505 1.465471
-0.329732 0.021950 1.483082
-0.346619 0.000992 1.463238
-0.353698 -0.003600 1.469433
-0.350175 0.005505 1.465471
-0.358021 0.000424 1.471595
-0.361862 -0.003178 1.467801
-0.358021 0.000424 1.471595
-0.356893 -0.006810 1.467201
-0.353698 -0.003600 1.469433
-0.361862 -0.003178 1.467801
-0.380363 -0.015169 1.472074
-0.387336 -0.020828 1.463825
-0.380363 -0.015169 1.472074
-0.387336 -0.020828 1.463825
-0.389301 -0.033174 1.462057
-0.392950 -0.025135 1.457338
-0.370227 -0.011858 1.449662
-0.376871 -0.017474 1.444063
-0.361061 -0.003714 1.457679
-0.356893 -0.006810 1.467201
-0.361061 -0.003714 1.457679
-0.361862 -0.003178 1.467801
-0.356332 -0.007051 1.458795
-0.395204 -0.041326 1.451524
-0.396652 -0.039049 1.449867
-0.396758 -0.041233 1.449693
-0.394156 -0.038368 1.452867
-0.395566 -0.041350 1.452673
-0.394314 -0.044470 1.452487
-0.394830 -0.043954 1.453469
-0.395204 -0.041326 1.451524
-0.365877 -0.069683 1.448730
-0.356185 -0.078211 1.455713
-0.361017 -0.081097 1.454355
-0.370756 -0.072353 1.447060
-0.370756 -0.072353 1.447060
-0.377639 -0.066093 1.441996
-0.390885 -0.033992 1.456926
-0.391927 -0.037607 1.455558
-0.388844 -0.033373 1.431902
-0.393923 -0.037628 1.435896
-0.389343 -0.036767 1.432046
-0.391681 -0.034160 1.437614
-0.391432 -0.050837 1.447140
-0.395756 -0.046763 1.441286
-0.393755 -0.046508 1.448582
-0.397498 -0.044020 1.441170
-0.385751 -0.058717 1.435652
-0.392093 -0.045548 1.455112
-0.394830 -0.043954 1.453469
-0.394314 -0.044470 1.452487
-0.392998 -0.044848 1.455636
-0.394830 -0.043954 1.453469
-0.392998 -0.044848 1.455636
-0.395566 -0.041350 1.452673
-0.372701 -0.063594 1.443886
-0.377639 -0.066093 1.441996
-0.387262 -0.050001 1.455821
-0.325174 0.021546 1.461032
-0.346619 0.000992 1.463238
-0.350175 0.005505 1.465471
-0.322470 0.016481 1.458585
-0.311256 0.028844 1.469581
-0.325174 0.021546 1.461032
-0.313360 0.033027 1.473497
-0.322470 0.016481 1.458585
-0.314496 0.024808 1.474971
-0.311256 0.028844 1.469581
-0.313360 0.033027 1.473497
-0.313441 0.021816 1.470516
-0.321118 -0.008460 1.486036
-0.320179 -0.007660 1.492252
-0.380735 -0.056440 1.437839
-0.389253 -0.048697 1.431263
-0.392070 -0.048070 1.436993
-0.397498 -0.044020 1.441170
-0.395756 -0.046763 1.441286
-0.394114 -0.044295 1.435607
-0.321400 -0.047797 1.490346
-0.322445 -0.047326 1.484302
-0.314496 0.024808 1.474971
-0.313360 0.033027 1.473497
-0.325174 0.021546 1.461032
-0.313360 0.033027 1.473497
-0.363110 -0.042803 1.489515
-0.363612 -0.066253 1.488445
-0.364633 -0.085953 1.488034
-0.345036 -0.098438 1.485365
-0.357406 -0.085716 1.467555
-0.364633 -0.085953 1.488034
-0.373392 -0.076791 1.477523
-0.345036 -0.098438 1.485365
-0.322900 -0.087483 1.486140
-0.330951 -0.107247 1.478165
-0.312302 -0.111455 1.470388
-0.311609 -0.118303 1.468323
-0.310484 -0.113695 1.464218
-0.312302 -0.111455 1.470388
-0.311609 -0.118303 1.468323
-0.311249 -0.108394 1.465969
-0.393583 -0.058338 1.455839
-0.400497 -0.051976 1.448193
-0.387904 -0.063541 1.461892
-0.324824 -0.106844 1.455911
-0.345581 -0.086707 1.459953
-0.321901 -0.102648 1.453471
-0.348993 -0.090822 1.461898
-0.310484 -0.113695 1.464218
-0.324824 -0.106844 1.455911
-0.321901 -0.102648 1.453471
-0.311609 -0.118303 1.468323
-0.323297 -0.084795 1.480083
-0.322900 -0.087483 1.486140
-0.321400 -0.047797 1.490346
-0.324824 -0.106844 1.455911
-0.311609 -0.118303 1.468323
-0.330951 -0.107247 1.478165
-0.348993 -0.090822 1.461898
-0.353040 -0.082091 1.465882
-0.348993 -0.090822 1.461898
-0.357406 -0.085716 1.467555
-0.345581 -0.086707 1.459953
-0.389493 -0.041018 1.432101
-0.389564 -0.045268 1.431690
-0.356462 -0.078871 1.463967
-0.357406 -0.085716 1.467555
-0.361476 -0.082098 1.464233
-0.353040 -0.082091 1.465882
-0.361476 -0.082098 1.464233
-0.356185 -0.078211 1.455713
-0.356462 -0.078871 1.463967
-0.361017 -0.081097 1.454355
-0.361017 -0.081097 1.454355
-0.361476 -0.082098 1.464233
-0.380670 -0.070063 1.469620
-0.364633 -0.085953 1.488034
-0.363612 -0.066253 1.488445
-0.373392 -0.076791 1.477523
-0.380670 -0.070063 1.469620
-0.389690 -0.050833 1.461199
-0.389454 -0.042003 1.461654
-0.389454 -0.042003 1.461654
-0.389502 -0.048011 1.458377
-0.389690 -0.050833 1.461199
-0.389307 -0.041857 1.458750
-0.387904 -0.063541 1.461892
-0.393583 -0.058338 1.455839
-0.392471 -0.052409 1.457740
-0.392471 -0.052409 1.457740
-0.389502 -0.048011 1.458377
-0.391194 -0.049454 1.456073
-0.389690 -0.050833 1.461199
-0.389263 -0.035694 1.459061
-0.389301 -0.033174 1.462057
-0.397304 -0.038007 1.441445
-0.393483 -0.036269 1.449078
-0.397588 -0.040994 1.441327
-0.386923 -0.033781 1.456608
-0.340783 -0.087738 1.479169
-0.323297 -0.084795 1.480083
-0.327981 -0.096878 1.472696
-0.355001 -0.078221 1.479573
-0.353040 -0.082091 1.465882
-0.355001 -0.078221 1.479573
-0.340783 -0.087738 1.479169
-0.363725 -0.073344 1.473194
-0.370489 -0.067901 1.467087
-0.363725 -0.073344 1.473194
-0.356462 -0.078871 1.463967
-0.370489 -0.067901 1.467087
-0.345581 -0.086707 1.459953
-0.327981 -0.096878 1.472696
-0.321901 -0.102648 1.453471
-0.310484 -0.113695 1.464218
-0.311249 -0.108394 1.465969
-0.310484 -0.113695 1.464218
-0.322445 -0.047326 1.484302
-0.321118 -0.008460 1.486036
-0.380735 -0.056440 1.437839
-0.385751 -0.058717 1.435652
-0.389253 -0.048697 1.431263
-0.394518 -0.050637 1.428519
-0.389253 -0.048697 1.431263
-0.394518 -0.050637 1.428519
-0.394614 -0.046126 1.428645
-0.389564 -0.045268 1.431690
-0.389253 -0.048697 1.431263
-0.328494 0.009031 1.477157
-0.311256 0.028844 1.469581
-0.313441 0.021816 1.470516
-0.322470 0.016481 1.458585
-0.311256 0.028844 1.469581
-0.328494 0.009031 1.477157
-0.346619 0.000992 1.463238
-0.341104 -0.000771 1.482980
-0.353698 -0.003600 1.469433
-0.354964 -0.009496 1.482739
-0.341104 -0.000771 1.482980
-0.354964 -0.009496 1.482739
-0.363737 -0.012920 1.475956
-0.356893 -0.006810 1.467201
-0.370334 -0.017710 1.469393
-0.377856 -0.023207 1.461775
-0.370334 -0.017710 1.469393
-0.363737 -0.012920 1.475956
-0.377856 -0.023207 1.461775
-0.383904 -0.027368 1.455604
-0.390958 -0.032090 1.448030
-0.380106 -0.026662 1.439143
-0.372044 -0.020375 1.445771
-0.365446 -0.014934 1.451135
-0.395407 -0.035462 1.441807
-0.395407 -0.035462 1.441807
-0.390958 -0.032090 1.448030
-0.383904 -0.027368 1.455604
-0.396652 -0.039049 1.449867
-0.400232 -0.037949 1.449224
-0.400554 -0.041067 1.448865
-0.396758 -0.041233 1.449693
-0.400232 -0.037949 1.449224
-0.407908 -0.038059 1.439988
-0.400554 -0.041067 1.448865
-0.407980 -0.040575 1.439901
-0.407643 -0.035836 1.440056
-0.400008 -0.030374 1.449146
-0.398750 -0.032610 1.433140
-0.400008 -0.030374 1.449146
-0.407643 -0.035836 1.440056
-0.407908 -0.038059 1.439988
-0.407643 -0.035836 1.440056
-0.398750 -0.032610 1.433140
-0.394349 -0.035478 1.429063
-0.394023 -0.031004 1.429283
-0.385020 -0.023973 1.437113
-0.394023 -0.031004 1.429283
-0.385020 -0.023973 1.437113
-0.388844 -0.033373 1.431902
-0.394023 -0.031004 1.429283
-0.380106 -0.026662 1.439143
-0.378305 -0.061572 1.459987
-0.378305 -0.061572 1.459987
-0.365446 -0.014934 1.451135
-0.372044 -0.020375 1.445771
-0.370227 -0.011858 1.449662
-0.376871 -0.017474 1.444063
-0.394349 -0.035478 1.429063
-0.388844 -0.033373 1.431902
-0.389343 -0.036767 1.432046
-0.394023 -0.031004 1.429283
-0.394483 -0.040797 1.428891
-0.408021 -0.043096 1.439797
-0.407980 -0.040575 1.439901
-0.408021 -0.043096 1.439797
-0.400401 -0.044227 1.448937
-0.407863 -0.045344 1.439697
-0.400497 -0.051976 1.448193
-0.396751 -0.043425 1.449631
-0.400401 -0.044227 1.448937
-0.392471 -0.052409 1.457740
-0.396751 -0.043425 1.449631
-0.400401 -0.044227 1.448937
-0.391194 -0.049454 1.456073
-0.394614 -0.046126 1.428645
-0.394483 -0.040797 1.428891
-0.389493 -0.041018 1.432101
-0.407863 -0.045344 1.439697
-0.399164 -0.048847 1.432505
-0.399164 -0.048847 1.432505
-0.407863 -0.045344 1.439697
-0.394518 -0.050637 1.428519
-0.394518 -0.050637 1.428519
-0.391968 -0.031180 1.458758
-0.392950 -0.025135 1.457338
-0.389263 -0.035694 1.459061
-0.391968 -0.031180 1.458758
-0.390885 -0.033992 1.456926
-0.389301 -0.033174 1.462057
-0.391968 -0.031180 1.458758
-0.396652 -0.039049 1.449867
-0.390885 -0.033992 1.456926
-0.400232 -0.037949 1.449224
-0.388844 -0.033373 1.431902
-0.394699 -0.038901 1.453784
-0.391927 -0.037607 1.455558
-0.394156 -0.038368 1.452867
-0.392861 -0.038271 1.456005
-0.394156 -0.038368 1.452867
-0.395566 -0.041350 1.452673
-0.394699 -0.038901 1.453784
-0.395204 -0.041326 1.451524
-0.356332 -0.007051 1.458795
-0.361061 -0.003714 1.457679
-0.394699 -0.038901 1.453784
-0.392861 -0.038271 1.456005
-0.372701 -0.063594 1.443886
-0.365877 -0.069683 1.448730
-0.356185 -0.078211 1.455713
-0.391081 -0.041728 1.458169
-0.390330 -0.039092 1.457534
-0.391545 -0.039497 1.457633
-0.389770 -0.041783 1.458182
-0.391927 -0.037607 1.455558
-0.391545 -0.039497 1.457633
-0.390330 -0.039092 1.457534
-0.392861 -0.038271 1.456005
-0.384456 -0.056565 1.454227
-0.391545 -0.039497 1.457633
-0.391081 -0.041728 1.458169
-0.356332 -0.007051 1.458795
-0.397588 -0.040994 1.441327
-0.397304 -0.038007 1.441445
-0.392093 -0.045548 1.455112
-0.390462 -0.044321 1.457209
-0.391654 -0.043833 1.457363
-0.392998 -0.044848 1.455636
-0.391081 -0.041728 1.458169
-0.390462 -0.044321 1.457209
-0.389770 -0.041783 1.458182
-0.391654 -0.043833 1.457363
-0.389502 -0.048011 1.458377
-0.389307 -0.041857 1.458750
-0.390462 -0.044321 1.457209
-0.389770 -0.041783 1.458182
-0.392093 -0.045548 1.455112
-0.391194 -0.049454 1.456073
-0.391654 -0.043833 1.457363
-0.396751 -0.043425 1.449631
-0.394314 -0.044470 1.452487
-0.389263 -0.035694 1.459061
-0.390330 -0.039092 1.457534
-0.391432 -0.050837 1.447140
-0.384456 -0.056565 1.454227
-0.310754 0.021425 1.466821
-0.221500 -0.011823 1.550170
-0.227618 -0.023539 1.552185
-0.247419 -0.119979 1.490373
-0.257998 -0.118267 1.484335
-0.269270 -0.116489 1.479548
-0.216967 0.032534 1.505886
-0.238629 -0.047081 1.550064
-0.233659 -0.035432 1.550737
-0.330564 -0.087155 1.449193
-0.327296 -0.094942 1.447289
-0.332310 -0.088111 1.449204
-0.238396 -0.047030 1.551811
-0.233375 -0.035270 1.552425
-0.335732 -0.078402 1.450908
-0.300992 -0.046795 1.482533
-0.227942 -0.023707 1.550540
-0.221895 -0.012089 1.548602
-0.329450 -0.096864 1.450109
-0.332851 -0.089035 1.454553
-0.334562 -0.089648 1.452439
-0.327720 -0.096441 1.452114
-0.310979 -0.104896 1.449082
-0.316344 -0.102706 1.447642
-0.212486 0.009143 1.537369
-0.214614 0.003657 1.540327
-0.213162 0.008255 1.536148
-0.213993 0.004384 1.541659
-0.210714 0.016293 1.529441
-0.211418 0.015175 1.528447
-0.343762 -0.056472 1.455825
-0.341566 -0.045497 1.456638
-0.341693 -0.056560 1.455596
-0.343551 -0.044900 1.456799
-0.248467 -0.115152 1.477857
-0.235354 -0.122205 1.484095
-0.234170 -0.120557 1.484049
-0.239280 -0.103990 1.512206
-0.242555 -0.096340 1.518204
-0.242796 -0.097066 1.519448
-0.239025 -0.103200 1.511240
-0.218182 0.023376 1.529938
-0.246244 -0.083030 1.530066
-0.246395 -0.083665 1.531685
-0.230572 -0.022658 1.555717
-0.224252 -0.010356 1.553519
-0.226746 -0.009820 1.552790
-0.233120 -0.022362 1.555034
-0.298087 -0.108785 1.454970
-0.297505 -0.107409 1.455233
-0.322791 0.003643 1.446863
-0.307319 0.016800 1.451734
-0.283128 0.027605 1.468087
-0.324334 -0.097865 1.446781
-0.236903 -0.123171 1.484522
-0.250411 -0.117575 1.478526
-0.344562 -0.068465 1.457176
-0.340071 -0.080233 1.454654
-0.338425 -0.079398 1.456960
-0.342843 -0.067839 1.459509
-0.299987 -0.111177 1.457046
-0.313031 -0.107242 1.451465
-0.324003 0.008173 1.450331
-0.308452 0.021191 1.455772
-0.216397 0.006784 1.544451
-0.214745 0.011812 1.539972
-0.212709 0.019382 1.531760
-0.214336 0.031230 1.517485
-0.215208 0.024377 1.524891
-0.212622 0.024740 1.524997
-0.216678 0.031078 1.517738
-0.215016 0.021835 1.528168
-0.212350 0.022110 1.528411
-0.243011 -0.105826 1.514172
-0.246495 -0.098965 1.522085
-0.250022 -0.085368 1.535167
-0.249827 -0.072631 1.544596
-0.252361 -0.085286 1.534598
-0.252192 -0.072526 1.543893
-0.341889 -0.068174 1.453364
-0.337596 -0.079243 1.451002
-0.287945 0.030926 1.479053
-0.261936 0.037106 1.494084
-0.230162 -0.116748 1.500155
-0.218288 0.039097 1.507534
-0.217069 0.037369 1.506584
-0.227899 0.043440 1.501535
-0.246179 -0.071041 1.539330
-0.246257 -0.071508 1.541068
-0.211460 0.019821 1.522276
-0.210439 0.018860 1.526193
-0.211119 0.017574 1.525403
-0.210760 0.021340 1.522869
-0.213198 0.025412 1.515004
-0.212511 0.027290 1.515438
-0.333362 -0.004336 1.453526
-0.340068 -0.018802 1.456986
-0.338669 -0.019157 1.459339
-0.334024 -0.003646 1.450923
-0.323559 0.007527 1.453141
-0.300133 -0.110392 1.458846
-0.286281 -0.113819 1.462882
-0.286550 -0.112804 1.464831
-0.331676 -0.007139 1.448076
-0.330359 -0.008886 1.448512
-0.337859 -0.021628 1.453717
-0.336248 -0.022944 1.453804
-0.266571 -0.037947 1.516388
-0.246333 -0.060030 1.551666
-0.248757 -0.060033 1.550767
-0.339869 -0.067744 1.453196
-0.240992 0.042391 1.497021
-0.256521 0.039531 1.488671
-0.284358 -0.111264 1.461039
-0.283878 -0.109819 1.461456
-0.216651 -0.001346 1.543775
-0.326360 -0.099929 1.449497
-0.324526 -0.099427 1.451570
-0.215424 0.019208 1.531383
-0.216116 -0.000799 1.545205
-0.284649 0.032020 1.471131
-0.308287 0.020185 1.458750
-0.284637 0.030462 1.473390
-0.233558 -0.118672 1.500986
-0.256721 0.038022 1.490434
-0.248836 -0.098704 1.521483
-0.226090 0.039273 1.499928
-0.216391 0.034891 1.505810
-0.236469 -0.034877 1.555864
-0.241593 -0.047089 1.555141
-0.344613 -0.055620 1.462030
-0.344168 -0.043350 1.463017
-0.345999 -0.043402 1.460715
-0.346415 -0.055914 1.459756
-0.231527 -0.122621 1.495248
-0.234181 -0.121058 1.495417
-0.238874 -0.121788 1.485694
-0.218649 0.001296 1.548188
-0.221224 0.001717 1.547418
-0.219055 0.007036 1.543731
-0.228970 0.042107 1.503066
-0.241490 0.041150 1.498558
-0.318445 -0.104976 1.450143
-0.243047 -0.059267 1.546550
-0.242955 -0.059487 1.548325
-0.273843 -0.113648 1.468378
-0.274300 -0.112792 1.470300
-0.236185 -0.117415 1.500624
-0.272064 -0.111317 1.466685
-0.271671 -0.109900 1.467183
-0.230249 -0.115532 1.499837
-0.228490 -0.119016 1.494591
-0.343550 -0.031153 1.460254
-0.341719 -0.031368 1.462560
-0.339563 -0.034422 1.456525
-0.229623 -0.121902 1.494886
-0.341375 -0.033404 1.456582
-0.228293 -0.120505 1.494566
-0.244104 -0.047257 1.554235
-0.220328 0.038123 1.508489
-0.248237 -0.113614 1.478734
-0.234235 -0.118843 1.484724
-0.263392 -0.114336 1.474923
-0.251255 -0.116345 1.480244
-0.262892 -0.115224 1.473007
-0.217452 0.011900 1.539352
-0.261088 -0.112282 1.471817
-0.260743 -0.110817 1.472483
-0.312641 -0.106248 1.453381
-0.317689 -0.104157 1.452102
-0.318146 -0.105137 1.453251
-0.324969 -0.100508 1.452830
-0.317689 -0.104157 1.452102
-0.324526 -0.099427 1.451570
-0.313213 -0.107266 1.454512
-0.312641 -0.106248 1.453381
-0.238285 -0.117572 1.500994
-0.236333 -0.121077 1.495810
-0.240714 -0.122209 1.486179
-0.238874 -0.121788 1.485694
-0.234181 -0.121058 1.495417
-0.236185 -0.117415 1.500624
-0.252620 -0.117920 1.480510
-0.251255 -0.116345 1.480244
-0.264445 -0.115585 1.475771
-0.275464 -0.114404 1.471230
-0.274300 -0.112792 1.470300
-0.263392 -0.114336 1.474923
-0.287434 -0.113733 1.465960
-0.286550 -0.112804 1.464831
-0.300855 -0.111447 1.459884
-0.300133 -0.110392 1.458846
-0.339026 -0.079532 1.458952
-0.333214 -0.089467 1.456168
-0.338425 -0.079398 1.456960
-0.332851 -0.089035 1.454553
-0.343586 -0.067729 1.461681
-0.342843 -0.067839 1.459509
-0.345317 -0.055192 1.464291
-0.344613 -0.055620 1.462030
-0.344767 -0.042546 1.465331
-0.344168 -0.043350 1.463017
-0.342241 -0.030227 1.464694
-0.341719 -0.031368 1.462560
-0.239036 -0.034923 1.555084
-0.339289 -0.017688 1.461209
-0.338669 -0.019157 1.459339
-0.333998 -0.002658 1.455375
-0.323896 0.010048 1.455464
-0.323559 0.007527 1.453141
-0.333362 -0.004336 1.453526
-0.308936 0.021509 1.461114
-0.308287 0.020185 1.458750
-0.285109 0.031836 1.475156
-0.284637 0.030462 1.473390
-0.257398 0.039162 1.491367
-0.256721 0.038022 1.490434
-0.242194 0.042395 1.499228
-0.229662 0.043475 1.503848
-0.241490 0.041150 1.498558
-0.228970 0.042107 1.503066
-0.245410 -0.105326 1.513517
-0.221183 0.039345 1.509341
-0.220328 0.038123 1.508489
-0.217728 0.032631 1.518723
-0.216678 0.031078 1.517738
-0.216181 0.023225 1.529078
-0.216645 0.023548 1.529392
-0.216674 0.020608 1.532228
-0.215016 0.021835 1.528168
-0.215424 0.019208 1.531383
-0.216324 0.025702 1.525875
-0.215208 0.024377 1.524891
-0.218879 0.013110 1.540321
-0.220549 0.008143 1.544808
-0.217452 0.011900 1.539352
-0.219055 0.007036 1.543731
-0.222779 0.002725 1.548615
-0.228384 -0.009043 1.554218
-0.221224 0.001717 1.547418
-0.226746 -0.009820 1.552790
-0.234825 -0.021893 1.556552
-0.233120 -0.022362 1.555034
-0.240775 -0.034752 1.556539
-0.239036 -0.034923 1.555084
-0.245842 -0.047325 1.555616
-0.244104 -0.047257 1.554235
-0.250509 -0.060307 1.552163
-0.248757 -0.060033 1.550767
-0.253963 -0.073081 1.545407
-0.252192 -0.072526 1.543893
-0.254120 -0.086112 1.536095
-0.252361 -0.085286 1.534598
-0.250673 -0.099514 1.522631
-0.247360 -0.105954 1.514384
-0.248836 -0.098704 1.521483
-0.245410 -0.105326 1.513517
-0.327420 -0.097079 1.453497
-0.327720 -0.096441 1.452114
191 192
193 195
142 143
145 146
424 427
499 500
454 455
565 566
199 200
425 426
150 151
456 457
498 501
51 53
52 54
0 2
21 22
23 25
24 26
43 45
44 46
57 97
57 98
2 76
21 95
4 78
4 79
1 76
1 77
33 35
34 36
62 102
62 103
3 77
3 78
53 56
54 75
5 79
5 80
59 99
59 100
58 98
58 99
64 104
64 105
60 100
60 101
63 103
63 104
66 106
66 107
18 92
18 93
6 80
6 81
25 27
26 28
61 101
61 102
55 96
55 97
67 107
67 108
49 51
50 52
15 89
15 90
14 88
14 89
68 108
68 109
27 29
28 30
16 90
16 91
70 110
70 111
7 81
7 82
45 47
46 48
20 94
20 95
47 49
48 50
69 109
69 110
65 105
65 106
29 31
30 32
8 82
8 83
56 96
75 115
10 84
10 85
13 87
13 88
11 85
11 86
72 112
72 113
41 43
42 44
71 111
71 112
12 86
12 87
31 33
32 34
9 83
9 84
17 91
17 92
0 23
22 24
37 39
38 40
39 41
40 42
74 114
74 115
73 113
73 114
19 93
19 94
35 37
36 38
519 564
183 185
203 204
134 136
154 155
169 170
205 206
120 121
160 161
121 139
161 164
170 188
206 207
133 134
447 448
446 449
523 526
432 434
537 540
181 183
433 435
568 582
524 525
949 1041
570 571
538 539
577 579
575 576
476 477
545 547
163 164
478 479
544 546
163 207
478 481
476 480
518 545
517 544
130 131
443 445
576 585
570 586
589 715
673 680
680 714
694 715
672 681
778 779
179 180
438 439
125 129
126 128
174 178
175 177
436 437
533 535
681 713
761 778
442 444
528 529
589 682
668 673
534 536
527 530
671 672
779 791
574 575
581 584
1046 1054
571 572
1056 1058
1148 1150
1147 1149
128 131
129 155
985 986
177 180
178 204
1015 1016
694 696
699 714
997 1054
583 587
601 684
660 662
701 713
761 776
1055 1056
1146 1148
705 708
716 719
1145 1147
706 707
772 774
661 663
792 795
123 124
126 127
172 173
175 176
934 1015
789 790
793 794
584 585
520 524
446 450
522 523
762 777
773 775
133 152
448 451
428 432
537 542
181 202
430 433
539 541
586 587
695 697
717 718
117 124
122 125
167 173
171 174
505 508
588 600
597 598
138 139
473 475
591 687
686 738
116 117
120 122
579 583
165 167
169 171
688 689
691 693
591 592
595 686
472 474
548 550
480 482
516 518
187 188
481 483
580 581
144 146
463 465
590 683
602 685
194 195
490 491
532 534
546 549
710 712
716 717
492 493
506 507
513 515
138 140
471 473
515 517
996 997
462 464
557 560
580 582
984 985
789 791
130 157
441 443
1007 1057
440 442
528 531
665 666
684 685
573 574
470 472
548 551
1033 1055
1143 1146
157 179
438 441
549 552
530 532
187 189
483 485
588 590
598 602
482 484
514 516
558 559
436 440
531 533
664 667
792 793
1081 1155
1115 1190
1110 1188
559 562
459 462
557 561
971 1017
687 688
737 738
572 573
1185 1187
1008 1009
709 711
774 775
1011 1059
1186 1189
974 1084
184 201
269 271
144 148
461 463
973 977
972 976
689 695
693 718
194 197
491 494
1045 1046
502 505
493 495
504 506
185 193
192 203
136 145
143 154
592 600
593 595
1058 1075
1150 1153
1149 1151
1030 1032
135 153
229 230
132 137
214 215
760 763
765 766
760 762
766 773
789 799
794 796
1139 1141
1029 1031
1140 1144
1037 1039
268 270
314 323
166 168
240 243
968 970
691 692
737 739
118 119
280 282
796 800
798 799
182 186
261 262
1141 1142
1038 1040
1183 1185
1009 1010
988 989
228 231
304 305
1011 1012
1184 1186
593 594
597 599
996 1032
1029 1033
1143 1144
977 1022
982 1047
983 1048
976 1021
994 1035
1034 1036
1123 1125
635 636
637 734
1122 1124
1010 1042
1181 1183
212 213
301 308
994 995
956 982
281 283
286 298
633 634
897 898
1012 1043
1182 1184
241 242
290 291
618 620
845 893
1070 1097
1113 1117
1172 1175
260 263
316 318
1022 1078
749 855
860 862
821 873
879 882
968 1100
812 910
843 892
1034 1102
1109 1125
1094 1101
980 981
1174 1176
1179 1181
1042 1063
1171 1172
1175 1177
1021 1077
1108 1124
1043 1092
1180 1182
196 198
252 254
984 1037
978 979
979 1071
649 871
781 783
1020 1045
981 1138
1176 1178
980 1072
1173 1174
1112 1116
835 836
837 839
989 1098
946 1078
1035 1079
1177 1179
978 1062
147 149
208 211
1047 1082
1048 1083
941 1077
1036 1080
1120 1123
1096 1097
1117 1121
1151 1152
935 936
1092 1138
1178 1180
1136 1139
1074 1075
1153 1154
1001 1018
1062 1063
674 675
780 782
1030 1086
950 951
935 1053
810 883
838 840
936 947
825 826
828 829
703 870
856 857
942 950
1031 1087
1137 1140
1116 1118
990 1067
1126 1130
1130 1132
951 1049
1028 1061
990 991
946 947
1132 1134
941 942
692 736
739 740
638 649
658 781
992 993
1128 1131
1039 1090
993 1064
1131 1133
1134 1136
1066 1067
619 835
837 846
1066 1086
704 736
740 747
594 614
599 612
253 255
312 321
938 939
657 780
674 896
1064 1065
1133 1135
768 842
771 841
937 938
1040 1088
1065 1087
1135 1137
612 613
614 615
1004 1093
1157 1159
810 811
840 844
940 1027
1060 1061
1082 1100
1018 1020
702 703
748 857
1013 1014
964 1013
970 1091
1156 1158
803 807
804 805
617 828
826 874
988 1068
1079 1098
1118 1119
1080 1096
1120 1121
116 158
160 162
763 769
765 767
1126 1127
158 165
162 205
867 868
869 870
498 541
827 829
831 832
967 1090
948 1044
964 967
798 806
800 801
966 1044
209 210
302 310
645 907
932 933
1085 1095
953 992
1128 1129
808 809
815 816
999 1000
690 719
721 722
519 520
1162 1167
596 601
605 606
954 991
965 966
1007 1008
1052 1099
1164 1169
1187 1188
1074 1093
1154 1157
1152 1156
1059 1155
1189 1190
958 962
1069 1070
1113 1114
562 564
1111 1112
971 973
767 771
768 769
636 658
637 638
720 723
764 772
960 963
945 1014
603 604
795 797
801 803
805 806
861 863
926 928
626 639
880 881
972 974
633 657
896 897
618 619
845 846
647 659
943 948
757 759
552 554
495 497
503 504
611 620
622 623
148 150
458 461
140 141
469 471
811 812
843 844
1001 1003
556 577
558 577
459 460
561 563
1158 1165
467 470
551 553
730 733
734 735
564 578
1002 1004
1159 1166
841 933
842 907
702 704
747 748
197 199
494 496
1026 1028
536 575
538 575
613 617
615 874
804 816
807 808
525 571
527 571
501 567
508 569
509 569
189 190
485 487
484 486
512 514
1050 1076
957 987
450 452
521 522
1023 1027
953 955
1129 1192
952 954
151 152
451 453
428 431
542 543
741 742
743 745
616 742
743 755
200 202
429 430
510 513
756 757
944 945
647 648
621 624
802 910
668 670
682 683
809 813
814 815
645 646
678 932
1051 1103
1106 1107
731 732
770 898
1104 1105
641 642
669 671
790 791
141 142
466 469
1057 1068
696 697
699 700
467 468
553 555
998 1071
1017 1091
1168 1171
190 191
487 488
998 999
156 176
237 273
1167 1168
1072 1073
1170 1173
1073 1099
1169 1170
137 147
217 219
1069 1081
1114 1115
486 489
511 512
961 1053
958 961
1084 1085
563 564
564 565
501 502
677 679
642 912
676 725
596 611
607 608
149 153
226 227
127 156
236 237
507 508
509 511
641 644
644 883
186 196
256 259
517 518
675 676
676 788
959 1049
555 556
558 560
959 960
690 735
727 728
868 872
869 871
827 836
832 834
519 521
519 566
604 606
608 610
698 700
709 712
838 839
848 850
782 783
784 785
660 663
665 667
607 609
621 623
746 754
922 930
744 746
921 922
603 605
661 662
546 547
546 550
216 218
301 302
664 666
669 670
239 272
289 297
499 501
501 503
679 725
995 1076
956 957
726 728
730 732
166 172
275 277
720 722
727 729
622 624
892 893
132 135
221 223
498 500
498 543
554 556
509 510
634 635
731 733
182 184
264 265
257 258
318 321
238 239
284 289
706 708
721 723
705 707
710 711
698 701
776 777
1102 1103
1106 1109
198 201
248 251
118 123
232 235
1104 1108
224 225
304 310
317 319
403 404
786 865
851 864
833 851
847 865
300 303
366 369
274 276
290 297
317 320
407 408
300 311
382 385
233 234
284 286
266 267
316 323
726 729
764 770
609 610
797 802
220 222
305 308
249 250
312 314
306 307
372 373
303 309
378 379
741 749
750 753
616 873
876 878
535 536
538 540
292 293
339 340
292 294
343 344
319 322
421 422
785 786
864 872
833 834
847 850
364 365
367 368
955 1051
1107 1192
952 1050
365 381
383 384
1000 1006
1003 1006
285 299
362 363
306 309
392 393
294 299
357 359
724 725
787 866
1105 1191
313 320
413 414
643 724
849 866
400 401
402 405
525 526
527 529
1107 1191
944 987
1005 1052
1163 1164
1024 1026
1002 1005
1163 1166
962 1024
1161 1165
1160 1162
370 371
374 375
364 376
377 380
400 406
409 410
307 311
387 388
744 745
751 753
464 465
466 468
754 755
875 878
480 481
963 1025
454 456
458 460
335 337
338 341
1023 1025
335 336
342 345
444 445
447 449
858 859
861 862
817 818
880 882
313 315
396 399
425 427
496 497
315 322
416 419
325 355
360 361
371 376
390 391
474 475
477 479
750 752
860 863
336 355
356 358
650 652
925 929
424 426
429 431
488 489
490 492
628 640
885 886
401 415
420 423
876 877
879 881
725 788
784 787
641 643
848 849
625 628
888 891
625 929
630 632
452 453
455 457
395 406
411 412
434 435
437 439
370 381
386 389
293 296
351 352
646 648
677 678
288 296
347 349
751 752
921 926
756 814
813 912
639 930
875 877
819 859
823 855
818 819
821 823
648 758
677 911
756 758
911 912
651 653
654 655
394 395
397 398
884 887
894 895
640 931
903 905
913 914
923 925
285 287
328 329
394 415
417 418
287 288
332 333
656 894
889 890
900 902
924 931
629 631
654 656
918 919
923 924
337 346
353 354
326 346
348 350
1019 1061
824 854
852 853
822 824
830 853
159 168
244 247
209 211
225 227
324 325
327 330
324 326
331 334
940 1061
895 908
904 906
119 159
247 279
655 927
915 916
899 901
908 909
220 223
228 230
909 927
917 920
1018 1019
233 235
236 238
852 867
854 856
822 825
830 831
224 226
229 231
626 627
817 820
627 928
820 858
245 246
291 295
1111 1114
975 1160
260 262
264 266
241 243
244 246
265 267
268 271
232 234
280 283
213 215
221 222
208 210
217 218
1068 1089
272 273
274 277
245 278
295 298
212 214
216 219
278 279
281 282
969 970
249 251
253 254
1089 1091
1112 1113
240 242
275 276
252 255
256 258
248 250
269 270
969 988
970 1095
257 259
261 263
342 344
356 359
338 340
343 345
357 358
361 363
339 341
352 354
328 330
360 362
347 350
351 353
327 329
332 334
331 333
348 349
1156 1157
975 1161
397 399
412 414
407 409
411 413
1085 1091
396 398
417 419
402 404
421 423
383 385
387 389
372 374
386 388
416 418
420 422
373 375
391 393
403 405
408 410
899 902
917 919
378 380
390 392
367 369
382 384
914 915
918 920
900 901
904 905
650 653
913 916
885 887
903 906
630 631
651 652
629 632
889 891
366 368
377 379
884 886
888 890
1160 1161
