4918206452647682737 2678 1900
0.314074 0.236259 1.592871
-0.314074 0.236259 1.592871
-0.314074 -0.230669 1.592871
0.314074 0.236259 1.592871
-0.314074 0.236259 1.592871
-0.314074 0.236259 1.120393
-0.314074 -0.230669 1.120393
-0.314074 0.236259 1.120393
0.314074 -0.230669 1.592871
-0.314074 -0.230669 1.592871
-0.314074 -0.230669 1.120393
0.314074 -0.230669 1.120393
0.314074 -0.230669 1.592871
0.314074 -0.230669 1.120393
-0.314074 0.236259 1.592871
-0.314074 -0.230669 1.120393
-0.314074 -0.230669 1.592871
-0.314074 0.236259 1.120393
0.167706 0.163144 1.826016
0.167706 -0.099664 1.826016
0.081667 0.163144 1.519195
-0.081667 0.163144 1.895946
0.167706 0.163144 1.826016
0.081667 -0.099664 1.519195
0.081667 0.163144 1.519195
-0.081667 -0.099664 1.895946
0.081667 -0.099664 1.519195
0.167706 -0.099664 1.826016
0.167706 0.163144 1.826016
0.081667 0.163144 1.519195
0.081667 -0.099664 1.519195
-0.167706 -0.099664 1.589124
-0.081667 -0.099664 1.895946
-0.219574 -0.137183 1.409374
-0.227911 -0.134997 1.424005
-0.193149 -0.075445 1.368401
-0.202777 -0.067170 1.358869
-0.196627 -0.041678 1.360260
-0.283454 -0.042460 1.494724
-0.269388 -0.059337 1.529426
-0.160687 0.016907 1.488468
-0.194684 0.060178 1.441115
-0.173257 0.052533 1.417304
-0.190671 0.035045 1.394896
-0.211806 -0.136958 1.449456
-0.227792 -0.134171 1.436957
-0.227421 -0.073306 1.535981
-0.194507 -0.077824 1.536918
-0.170025 -0.112827 1.398404
-0.170968 -0.101378 1.372312
-0.227792 -0.134171 1.436957
-0.219574 -0.137183 1.409374
-0.231007 -0.070204 1.379966
-0.214960 -0.093422 1.378859
-0.241869 -0.105594 1.391899
-0.207568 0.059718 1.432719
-0.210592 0.055106 1.400598
-0.271924 -0.026299 1.492822
-0.205365 -0.009436 1.388076
-0.220022 -0.034998 1.412579
-0.221392 0.001238 1.415826
-0.297373 -0.035194 1.429975
-0.271326 -0.029264 1.419047
-0.290025 -0.055404 1.440538
-0.307427 -0.057400 1.447383
-0.299789 -0.050586 1.428502
-0.239786 -0.021966 1.551999
-0.230322 0.050632 1.498031
-0.200890 0.047368 1.474820
-0.232306 0.047613 1.483378
-0.228646 0.019740 1.520181
-0.193984 0.036919 1.508520
-0.173325 0.036175 1.448886
-0.156622 0.045331 1.481919
-0.233212 -0.133797 1.427447
-0.228733 -0.132042 1.461083
-0.245964 -0.131741 1.453541
-0.247350 -0.116630 1.408136
-0.258240 -0.124710 1.425519
-0.249447 -0.124888 1.482076
-0.233440 -0.118295 1.498534
-0.282780 -0.066985 1.447777
-0.267738 -0.080624 1.429573
-0.192930 0.008849 1.360791
-0.172008 0.006395 1.370933
-0.201364 0.007230 1.355694
-0.256481 -0.065815 1.417357
-0.261496 -0.044463 1.413763
-0.233961 -0.032495 1.419673
-0.240678 -0.048169 1.416947
-0.259569 -0.105409 1.413473
-0.245829 -0.062238 1.408732
-0.239796 -0.113239 1.403698
-0.260387 -0.092982 1.517168
-0.278394 -0.078251 1.515202
-0.250061 -0.120963 1.482659
-0.247594 -0.045480 1.547913
-0.264873 -0.078372 1.535268
-0.262892 -0.082262 1.528651
-0.223879 0.051682 1.460965
-0.210566 0.011867 1.404726
-0.221392 0.001238 1.415826
-0.218670 0.017604 1.426177
-0.198557 -0.084637 1.362268
-0.234457 -0.119103 1.392601
-0.218960 -0.108944 1.386339
-0.167852 -0.122593 1.445182
-0.170150 -0.107159 1.424847
-0.209075 -0.108433 1.504024
-0.201944 -0.085623 1.523886
-0.295109 -0.027880 1.444312
-0.268888 -0.018379 1.448049
-0.252208 0.000559 1.429576
-0.159376 -0.093347 1.387108
-0.157463 -0.067986 1.386279
-0.152863 0.015839 1.396873
-0.272918 -0.103529 1.429589
-0.174061 -0.046371 1.550393
-0.160066 0.017402 1.529847
-0.164781 -0.015981 1.536130
-0.179237 -0.073216 1.539519
-0.227901 -0.137585 1.454318
-0.175686 -0.117494 1.502462
-0.183446 -0.093661 1.535349
-0.169364 0.064404 1.465851
-0.181188 0.059513 1.449055
-0.159637 0.024378 1.507532
-0.244938 -0.023920 1.546841
-0.256936 -0.066528 1.546473
-0.256333 -0.071419 1.545148
-0.192190 0.013934 1.368412
-0.209702 -0.005117 1.359189
-0.218814 0.023899 1.403406
-0.223922 0.035549 1.435712
-0.212496 -0.016111 1.340705
-0.209123 -0.050089 1.364359
-0.216217 -0.026666 1.367613
-0.220462 -0.000659 1.371467
-0.199071 -0.025719 1.358031
-0.275761 -0.012255 1.455293
-0.156001 0.015909 1.507626
-0.200764 -0.006733 1.378071
-0.225493 -0.026931 1.372455
-0.215066 -0.044650 1.373332
-0.204788 -0.018199 1.370754
-0.231441 -0.098336 1.396106
-0.211957 0.035746 1.503699
-0.197094 0.043825 1.484905
-0.226695 0.053198 1.496004
-0.243976 0.017571 1.532831
-0.228740 0.023306 1.512613
-0.244587 -0.060558 1.555383
-0.280268 -0.072449 1.482188
-0.294977 -0.043021 1.475344
-0.177553 0.025217 1.366900
-0.192190 0.013934 1.368412
-0.179792 0.041332 1.399192
-0.206277 0.033731 1.376699
-0.193734 0.033413 1.385781
-0.201995 0.015794 1.371571
-0.208435 0.019960 1.377120
-0.178705 0.020907 1.379478
-0.167116 0.013116 1.391893
-0.170112 0.058186 1.417095
-0.174868 0.034780 1.405817
-0.151418 0.010536 1.379634
-0.160751 -0.022675 1.368001
-0.166696 -0.008407 1.360587
-0.202646 0.046180 1.410382
-0.187453 0.054820 1.465137
-0.207239 0.055013 1.449767
-0.203571 0.019028 1.382716
-0.203571 0.019028 1.382716
-0.294842 -0.047739 1.428623
-0.268811 -0.061861 1.423098
-0.166502 -0.105754 1.409150
-0.163823 -0.129068 1.424956
-0.308757 -0.054369 1.461706
-0.297551 -0.032726 1.461075
-0.274863 -0.010550 1.474672
-0.273981 -0.029970 1.474989
-0.241779 0.020755 1.514010
-0.255508 0.012682 1.489581
-0.297373 -0.035194 1.429975
-0.316805 -0.044032 1.435096
-0.313669 -0.033448 1.443597
-0.247243 0.002620 1.423574
-0.252484 -0.020541 1.407343
-0.267619 -0.118993 1.452841
-0.280268 -0.072449 1.482188
-0.167165 -0.134408 1.407086
-0.187307 -0.121237 1.385210
-0.218814 0.023899 1.403406
-0.178613 0.036302 1.370857
-0.214525 0.003922 1.367212
-0.234209 -0.132104 1.407827
-0.238286 -0.071150 1.409709
-0.232751 0.043485 1.462736
-0.229669 0.035124 1.477784
-0.233745 0.024589 1.456037
-0.165166 0.004206 1.367819
-0.169664 0.009505 1.383785
-0.259843 -0.096836 1.517434
-0.249447 -0.124888 1.482076
-0.233440 -0.118295 1.498534
-0.187618 -0.118305 1.469764
-0.172131 -0.123242 1.456836
-0.211806 -0.136958 1.449456
-0.234041 -0.120410 1.501956
-0.205587 -0.111076 1.489383
-0.177553 0.025217 1.366900
-0.170772 0.032963 1.371305
-0.222452 -0.017615 1.420496
-0.161066 -0.099334 1.379482
-0.324588 -0.042329 1.439346
-0.324588 -0.042329 1.439346
-0.308757 -0.054369 1.461706
-0.168503 -0.130812 1.429326
-0.180656 -0.132308 1.421015
-0.261687 -0.039453 1.535156
-0.268560 -0.061730 1.540657
-0.191692 -0.123018 1.408292
-0.186453 -0.121497 1.433704
-0.202414 -0.099872 1.368352
-0.217688 -0.069447 1.368163
-0.167217 0.058778 1.457733
-0.172313 0.068269 1.450173
-0.157552 0.061324 1.475544
-0.197442 -0.120983 1.377365
-0.209166 -0.127923 1.395853
-0.209166 -0.127923 1.395853
-0.197675 0.055466 1.441025
-0.263980 -0.098588 1.523971
-0.259865 -0.023037 1.515706
-0.282959 -0.046132 1.416148
-0.233351 -0.009157 1.416207
-0.252484 -0.020541 1.407343
-0.233351 -0.009157 1.416207
-0.235767 -0.018175 1.407177
-0.203473 -0.021014 1.343506
-0.204301 -0.050969 1.352657
-0.199662 -0.008978 1.357822
-0.252445 -0.008107 1.504044
-0.257509 0.004964 1.519293
-0.313394 -0.035586 1.428761
-0.186453 -0.121497 1.433704
-0.219574 -0.137183 1.409374
-0.186453 -0.121497 1.433704
-0.187618 -0.118305 1.469764
-0.201964 -0.117623 1.368327
-0.192678 -0.117557 1.373312
-0.291059 -0.058995 1.458702
-0.219574 -0.137183 1.409374
-0.209166 -0.127923 1.395853
-0.193505 -0.125185 1.417942
-0.209166 -0.127923 1.395853
-0.219574 -0.137183 1.409374
-0.232598 -0.117894 1.393893
-0.211744 -0.044439 1.352919
-0.200985 0.049470 1.403439
-0.232414 -0.131701 1.470327
-0.221537 0.057575 1.452908
-0.203277 0.059099 1.464531
-0.217587 0.050214 1.467413
-0.224519 0.056299 1.468487
-0.210566 0.011867 1.404726
-0.172131 -0.123242 1.456836
-0.263134 -0.061359 1.437366
-0.187201 -0.121938 1.425414
-0.186453 -0.121497 1.433704
-0.209808 -0.067643 1.348353
-0.157765 0.039055 1.493821
-0.208435 0.019960 1.377120
-0.316805 -0.044032 1.435096
-0.211806 -0.136958 1.449456
-0.227901 -0.137585 1.454318
-0.227792 -0.134171 1.436957
-0.227792 -0.134171 1.436957
-0.227901 -0.137585 1.454318
-0.227792 -0.134171 1.436957
-0.227911 -0.134997 1.424005
-0.213247 -0.134491 1.431939
-0.193505 -0.125185 1.417942
-0.219574 -0.137183 1.409374
-0.227911 -0.134997 1.424005
-0.233205 -0.129123 1.407913
-0.233212 -0.133797 1.427447
-0.233205 -0.129123 1.407913
-0.032007 -0.011081 1.660942
-0.021738 -0.020880 1.681176
-0.011564 -0.014912 1.666761
0.032674 0.048357 1.548555
0.063723 -0.008131 1.555500
0.038512 0.032738 1.536317
-0.048077 0.060267 1.557200
0.052175 0.002370 1.558840
0.076126 0.027723 1.575234
0.069440 -0.066897 1.552869
0.019956 -0.136502 1.633450
-0.019739 -0.139781 1.630389
-0.065928 -0.083469 1.563624
-0.050390 -0.116847 1.574200
-0.067321 -0.060012 1.548201
-0.083906 0.030358 1.595689
-0.059163 0.060527 1.571645
0.022212 0.008202 1.663692
-0.006518 0.011002 1.662660
0.098817 -0.000224 1.630298
0.059161 0.024564 1.638096
0.077380 0.000349 1.629601
0.061422 0.042821 1.610979
-0.035386 -0.127384 1.609566
-0.051441 -0.114031 1.617851
-0.063575 0.034075 1.613010
-0.069108 0.033821 1.634576
-0.037272 0.054328 1.633501
-0.066441 -0.007658 1.650667
-0.052833 -0.032240 1.644115
0.000333 0.048304 1.541211
-0.051607 0.056467 1.588463
-0.039704 0.056952 1.608667
-0.034659 0.077213 1.583601
-0.016619 -0.046996 1.678393
-0.040236 -0.037141 1.658353
-0.009599 -0.069635 1.661568
0.010733 -0.045201 1.677945
0.041600 -0.018215 1.660553
0.038984 -0.126225 1.613467
0.043092 -0.112971 1.575819
0.029514 0.019079 1.518069
0.049788 0.025424 1.545591
-0.003001 0.040333 1.507883
-0.039484 0.025537 1.514971
-0.050021 0.010821 1.524454
-0.062139 -0.011696 1.533614
-0.073342 -0.017186 1.577747
0.003046 -0.076145 1.673348
0.036296 -0.038705 1.669892
0.074776 -0.082976 1.629018
0.090038 -0.045200 1.640075
0.069832 -0.052198 1.639117
0.086920 -0.000040 1.617564
0.052199 -0.060049 1.639122
0.064573 -0.102246 1.630731
0.022772 -0.071376 1.644737
0.038176 -0.044239 1.656756
0.026954 0.056305 1.540538
0.044050 -0.099690 1.631199
0.031258 0.051805 1.577291
0.067619 0.000663 1.587198
0.054791 0.017698 1.565230
0.071280 0.021607 1.598213
-0.064023 -0.056945 1.650937
-0.064682 -0.092540 1.635636
-0.053647 -0.058826 1.644544
-0.047909 -0.087262 1.650967
-0.039910 -0.058081 1.644595
-0.084220 -0.013411 1.603322
-0.075134 -0.014746 1.638659
-0.075917 0.024154 1.614710
-0.084142 0.007397 1.607115
-0.084767 -0.004386 1.626820
-0.086664 -0.041540 1.645645
-0.068538 -0.067247 1.630386
-0.069605 -0.070043 1.647027
-0.026444 0.072144 1.558362
0.005975 0.084851 1.618192
-0.009301 0.076777 1.601308
-0.035273 0.070396 1.616526
-0.000510 -0.134087 1.646104
-0.045959 -0.120022 1.641793
0.027083 0.085874 1.592792
-0.000736 0.068841 1.565251
-0.033635 -0.038202 1.683915
0.024117 0.031471 1.643798
-0.039045 0.031462 1.650291
-0.006638 0.021321 1.649009
-0.066441 -0.007658 1.650667
-0.075134 -0.014746 1.638659
0.070602 0.037350 1.601952
0.047566 0.067163 1.619782
0.024089 0.098108 1.610516
0.006071 -0.093536 1.660776
0.051660 0.022850 1.550955
0.051462 0.033797 1.552453
-0.003069 0.077431 1.558179
0.006902 0.076496 1.551351
0.093392 -0.029557 1.628774
0.013407 0.057718 1.625529
-0.002493 0.073379 1.610914
-0.013832 0.044759 1.625508
0.002618 0.040635 1.649709
-0.030926 0.060094 1.615766
0.077941 0.014264 1.588470
0.074225 0.023235 1.576229
-0.056489 0.048315 1.585682
-0.076463 0.034843 1.606191
-0.033300 0.059582 1.563936
0.003466 -0.114737 1.663104
0.039543 -0.131493 1.637301
0.022258 0.056852 1.638329
-0.052409 0.039730 1.590691
0.056009 -0.118668 1.640777
-0.073342 -0.017186 1.577747
-0.011556 -0.065722 1.678659
-0.032106 0.087725 1.590524
0.004184 -0.048546 1.693177
0.062024 0.009247 1.650989
-0.084220 -0.013411 1.603322
-0.084767 -0.004386 1.626820
0.073716 -0.050898 1.649023
-0.023204 -0.000862 1.651726
0.182010 -0.068493 1.453657
0.189387 -0.102095 1.485295
0.236231 -0.157215 1.454655
0.243881 -0.145228 1.474622
0.205828 -0.126617 1.377681
0.205125 -0.096125 1.362316
0.211973 -0.126160 1.358818
0.254876 -0.001553 1.501612
0.253933 -0.017568 1.518533
0.191947 0.028484 1.441078
0.196421 0.047661 1.397972
0.193247 0.011682 1.348146
0.176188 0.034278 1.381279
0.222209 -0.145012 1.505831
0.238894 -0.142237 1.493295
0.201255 -0.033372 1.556420
0.202651 -0.151400 1.432208
0.212826 -0.154839 1.413319
0.232435 -0.154745 1.485635
0.238894 -0.142237 1.493295
0.240528 -0.115635 1.380285
0.243367 -0.133694 1.417532
0.215042 0.049725 1.386353
0.232916 0.016735 1.369364
0.247809 -0.003694 1.476243
0.235386 -0.044960 1.372483
0.231113 -0.019743 1.383132
0.233161 -0.056212 1.396720
0.255975 -0.051519 1.423295
0.246039 -0.050637 1.409599
0.254775 -0.063882 1.448708
0.259342 -0.068417 1.433044
0.266206 -0.063715 1.455306
0.246273 0.033044 1.526724
0.246480 0.063200 1.442504
0.241367 0.057793 1.428494
0.223789 0.056987 1.420049
0.245914 0.057352 1.487028
0.220778 0.058098 1.463752
0.232365 0.053270 1.503391
0.182545 0.048115 1.432838
0.244992 -0.136645 1.480443
0.240102 -0.124591 1.506015
0.228688 -0.130578 1.516450
0.247116 -0.122725 1.445431
0.258981 -0.122644 1.469891
0.240980 -0.110537 1.527979
0.231845 -0.108047 1.539530
0.248409 -0.067356 1.462757
0.242013 -0.088419 1.490910
0.249888 -0.085933 1.452619
0.193033 -0.035642 1.316743
0.206994 -0.052334 1.333003
0.252858 -0.102815 1.450264
0.244116 -0.065537 1.414141
0.236553 -0.065117 1.416460
0.237239 -0.051272 1.407572
0.239768 -0.079837 1.419348
0.257066 -0.113494 1.447717
0.247160 -0.068004 1.538172
0.238300 -0.103727 1.524559
0.244483 0.004354 1.528691
0.249099 -0.039172 1.540844
0.255982 -0.032483 1.538398
0.232535 0.056398 1.400367
0.229596 -0.016243 1.373124
0.226617 0.001128 1.384340
0.231113 -0.019743 1.383132
0.228260 -0.155098 1.435410
0.238870 -0.142402 1.427123
0.200049 -0.139161 1.458570
0.193500 -0.145822 1.491757
0.201312 -0.062191 1.558650
0.204343 -0.104519 1.544415
0.254983 -0.035617 1.431689
0.240445 -0.013563 1.395154
0.241329 -0.023273 1.427529
0.237629 0.014246 1.397874
0.193306 -0.102525 1.370868
0.212780 -0.146683 1.396963
0.164088 -0.026832 1.375172
0.263160 -0.106362 1.463980
0.194700 0.004210 1.542682
0.184221 0.060038 1.481335
0.187957 0.030960 1.518597
0.212405 -0.139567 1.516192
0.186240 -0.111223 1.543226
0.182853 0.055911 1.396662
0.204924 0.054127 1.453237
0.187558 0.046266 1.456563
0.246561 0.025173 1.520844
0.247648 -0.017936 1.549460
0.208164 -0.023861 1.340721
0.223369 -0.063298 1.347218
0.242471 -0.008992 1.373682
0.233340 0.020964 1.383057
0.236150 -0.076050 1.358067
0.248275 -0.051289 1.358013
0.206629 -0.083197 1.360557
0.190571 -0.081103 1.370068
0.246276 -0.010702 1.432335
0.194858 0.034843 1.481021
0.186844 0.035128 1.461514
0.239962 -0.061774 1.393842
0.252926 -0.072879 1.355649
0.240100 -0.060986 1.359446
0.240857 -0.087522 1.363763
0.232703 -0.115141 1.381199
0.238036 -0.131175 1.426182
0.235132 -0.096353 1.376710
0.235567 0.061505 1.461644
0.245485 0.067095 1.439534
0.222511 0.058401 1.431364
0.247674 0.041596 1.488945
0.244581 0.055373 1.477116
0.246697 -0.002032 1.549410
0.244264 -0.054730 1.498665
0.208164 -0.023861 1.340721
0.180320 -0.013256 1.311766
0.233741 -0.016850 1.357763
0.208109 0.002658 1.357600
0.238346 -0.028529 1.362420
0.170250 -0.023273 1.357865
0.165895 -0.042072 1.362947
0.182470 -0.066093 1.358353
0.184018 -0.074669 1.375860
0.224380 0.016462 1.371930
0.206601 0.045232 1.414366
0.217626 0.056853 1.394467
0.235348 -0.024239 1.369540
0.235348 -0.024239 1.369540
0.191005 0.054598 1.428525
0.221232 0.053905 1.447621
0.191220 0.064360 1.434186
0.245712 -0.074647 1.435814
0.256792 -0.064752 1.431722
0.200558 -0.142881 1.441272
0.192446 -0.155007 1.462776
0.258794 -0.029657 1.451388
0.250166 0.004129 1.450329
0.189636 -0.092276 1.515230
0.238072 0.028728 1.469578
0.234860 0.038360 1.445118
0.242469 0.024337 1.449466
0.255975 -0.051519 1.423295
0.270821 -0.059881 1.433327
0.269018 -0.044524 1.433754
0.241927 -0.015537 1.385182
0.241506 -0.048465 1.388778
0.249802 -0.108755 1.496066
0.244264 -0.054730 1.498665
0.238300 -0.103727 1.524559
0.187810 -0.107544 1.378432
0.192653 -0.166065 1.441861
0.211708 -0.165121 1.420472
0.242471 -0.008992 1.373682
0.177313 -0.001262 1.307222
0.234976 -0.051367 1.352828
0.239498 -0.087108 1.424187
0.236228 0.042759 1.407965
0.241813 0.025743 1.395585
0.229678 0.034620 1.428870
0.178010 -0.049704 1.352088
0.168160 -0.026288 1.336666
0.246422 -0.078574 1.546474
0.231845 -0.108047 1.539530
0.240980 -0.110537 1.527979
0.250158 -0.056331 1.556978
0.198903 -0.129363 1.519992
0.215427 -0.154619 1.492489
0.190021 -0.142126 1.507320
0.211677 -0.121544 1.535379
0.231623 -0.110333 1.544427
0.180320 -0.013256 1.311766
0.234209 -0.036478 1.394788
0.188752 -0.139107 1.408615
0.279055 -0.056608 1.435292
0.279055 -0.056608 1.435292
0.244147 -0.066569 1.486693
0.264802 -0.051346 1.468009
0.186403 -0.126670 1.523712
0.204043 -0.166856 1.459292
0.259138 -0.014699 1.529163
0.250549 0.002315 1.516193
0.217334 -0.159086 1.447270
0.212154 -0.155012 1.478778
0.215293 -0.149888 1.386033
0.217992 -0.141827 1.370561
0.228368 -0.123658 1.364923
0.174274 0.056291 1.397435
0.217589 -0.166997 1.411770
0.200137 0.046086 1.399979
0.244655 0.026783 1.487238
0.244433 0.004087 1.490673
0.252676 -0.068869 1.417531
0.246039 -0.050637 1.409599
0.235067 -0.030337 1.385816
0.241506 -0.048465 1.388778
0.236073 -0.047045 1.389537
0.235067 -0.030337 1.385816
0.209828 -0.085259 1.345095
0.237471 0.006409 1.473504
0.248880 0.021037 1.478440
0.268660 -0.055426 1.420616
0.212122 -0.155012 1.478775
0.236231 -0.157215 1.454655
0.212154 -0.155012 1.478778
0.198903 -0.129363 1.519992
0.210777 -0.136578 1.528783
0.218648 -0.164520 1.399646
0.211292 -0.163960 1.404906
0.236231 -0.157215 1.454655
0.238870 -0.142402 1.427123
0.217341 -0.159086 1.447267
0.228260 -0.155098 1.435410
0.236231 -0.157215 1.454655
0.238870 -0.142402 1.427123
0.241529 -0.142413 1.451078
0.209915 0.019829 1.368641
0.231672 -0.131245 1.524583
0.231623 -0.110333 1.544427
0.232653 0.060310 1.387565
0.231022 0.064036 1.407216
0.236589 0.068741 1.402341
0.229596 -0.016243 1.373124
0.190021 -0.142126 1.507320
0.189588 -0.097093 1.384281
0.241348 -0.067924 1.449387
0.212393 -0.159519 1.466727
0.236231 -0.157215 1.454655
0.212545 -0.159519 1.466731
0.221814 -0.130234 1.347751
0.184741 0.060292 1.437493
0.238346 -0.028529 1.362420
0.222209 -0.145012 1.505831
0.238894 -0.142237 1.493295
0.231521 -0.138713 1.511090
0.231521 -0.138713 1.511090
0.238894 -0.142237 1.493295
0.238894 -0.142237 1.493295
0.244992 -0.136645 1.480443
0.211677 -0.121544 1.535379
0.224869 -0.032256 1.354149
0.232435 -0.154745 1.485635
0.217341 -0.159086 1.447267
0.212393 -0.159519 1.466727
0.243881 -0.145228 1.474622
0.241529 -0.142413 1.451078
0.244992 -0.136645 1.480443
0.243881 -0.145228 1.474622
-0.231822 -0.155921 1.404505
-0.238488 -0.151274 1.433379
-0.239371 -0.152882 1.419779
-0.206661 -0.085819 1.360407
-0.216803 -0.076374 1.350179
-0.289664 -0.046075 1.492047
-0.273959 -0.063470 1.529125
-0.175609 -0.047229 1.510128
-0.166791 0.014945 1.484835
-0.203611 0.060129 1.434541
-0.183059 0.052484 1.410437
-0.202092 0.035430 1.386788
-0.221691 -0.153501 1.446585
-0.238488 -0.151274 1.433379
-0.224184 -0.151735 1.428087
-0.231954 -0.078187 1.536241
-0.181785 -0.128045 1.392772
-0.199266 -0.125292 1.373953
-0.183770 -0.115630 1.365510
-0.224184 -0.151735 1.428087
-0.231822 -0.155921 1.404505
-0.244531 -0.079404 1.371528
-0.228552 -0.106314 1.371315
-0.254998 -0.120211 1.385106
-0.217102 0.060174 1.425540
-0.216552 0.055289 1.391306
-0.221895 0.056347 1.392189
-0.278308 -0.028729 1.489498
-0.217767 -0.011415 1.379389
-0.231568 -0.039189 1.405005
-0.232446 0.000291 1.407827
-0.307059 -0.038810 1.422793
-0.282155 -0.032347 1.411033
-0.299416 -0.061336 1.434752
-0.315993 -0.063501 1.442263
-0.309610 -0.056099 1.421788
-0.243265 -0.023891 1.551545
-0.236241 0.050037 1.493490
-0.208078 0.046692 1.469607
-0.239069 0.047359 1.478140
-0.233538 0.018657 1.517309
-0.214542 0.005611 1.531627
-0.199335 0.035553 1.505036
-0.181635 0.035273 1.443171
-0.162815 0.043591 1.477687
-0.244470 -0.151405 1.423375
-0.237942 -0.147401 1.458781
-0.255571 -0.147740 1.450898
-0.259623 -0.132583 1.402538
-0.269424 -0.141327 1.421182
-0.257226 -0.138101 1.480907
-0.240275 -0.129423 1.498031
-0.291968 -0.074269 1.442866
-0.278380 -0.090319 1.423921
-0.280130 -0.111639 1.455723
-0.206034 0.008177 1.351637
-0.184133 0.005059 1.362746
-0.214856 0.006622 1.346132
-0.269816 -0.107766 1.413338
-0.267901 -0.073626 1.410445
-0.245122 -0.036210 1.412191
-0.252109 -0.053675 1.409603
-0.271385 -0.119467 1.407775
-0.257804 -0.069728 1.401278
-0.241638 -0.099941 1.384987
-0.252343 -0.128750 1.397749
-0.245381 -0.074902 1.398548
-0.265859 -0.100438 1.517172
-0.283715 -0.084465 1.514798
-0.257789 -0.133654 1.481433
-0.251334 -0.048351 1.547957
-0.267666 -0.088182 1.528932
-0.231930 0.051782 1.454709
-0.222031 0.011472 1.396409
-0.232446 0.000291 1.407827
-0.228989 0.017445 1.418588
-0.222003 -0.145703 1.390136
-0.247603 -0.135827 1.386357
-0.232318 -0.124143 1.379549
-0.177232 -0.137057 1.441898
-0.236682 -0.099192 1.532937
-0.215542 -0.117971 1.503523
-0.207155 -0.091940 1.523859
-0.303958 -0.030638 1.437844
-0.277944 -0.020348 1.441604
-0.262412 -0.000071 1.421750
-0.250141 0.024192 1.437870
-0.206740 -0.116836 1.365169
-0.165977 0.004280 1.432394
-0.163181 0.014482 1.389982
-0.177603 -0.049512 1.550504
-0.189064 -0.009166 1.527073
-0.164138 0.015306 1.527842
-0.168766 -0.018488 1.535057
-0.183437 -0.077992 1.539849
-0.213039 -0.148614 1.457557
-0.181974 -0.127838 1.502009
-0.187961 -0.099972 1.535944
-0.176524 0.063146 1.460666
-0.189482 0.058952 1.443064
-0.164726 0.022377 1.504557
-0.248646 -0.025932 1.546243
-0.260779 -0.070578 1.547053
-0.260264 -0.075825 1.545805
-0.204950 0.013565 1.359468
-0.223336 -0.006623 1.349440
-0.230313 0.024313 1.394774
-0.233565 0.035970 1.428349
-0.226880 -0.018690 1.330531
-0.222942 -0.056742 1.355307
-0.229813 -0.030265 1.358088
-0.233710 -0.001599 1.361705
-0.261032 0.006933 1.446778
-0.213506 -0.008554 1.369155
-0.228567 -0.050426 1.364322
-0.218011 -0.021046 1.361568
-0.234552 -0.090016 1.377027
-0.244342 -0.111646 1.389295
-0.228145 -0.065215 1.370335
-0.217652 0.034750 1.499848
-0.232719 0.052570 1.491367
-0.234017 0.022347 1.509297
-0.248049 -0.063983 1.556092
-0.287443 -0.079361 1.479709
-0.302107 -0.046985 1.471490
-0.189856 0.025220 1.358481
-0.190705 0.041589 1.391568
-0.218815 0.034669 1.367571
-0.205647 0.033941 1.377305
-0.221108 0.020237 1.367876
-0.178193 0.011975 1.384417
-0.179800 0.058118 1.410322
-0.185394 0.034609 1.398523
-0.172775 -0.026751 1.360213
-0.180993 0.028773 1.407199
-0.213427 0.046877 1.402470
-0.215847 0.055036 1.443290
-0.215931 0.019102 1.373794
-0.215931 0.019102 1.373794
-0.212530 0.050285 1.385624
-0.173091 0.051691 1.473924
-0.170759 0.041816 1.486112
-0.304764 -0.052877 1.421784
-0.279700 -0.068983 1.416369
-0.174156 -0.145389 1.420867
-0.316437 -0.059818 1.457451
-0.305392 -0.035855 1.455916
-0.282165 -0.011952 1.469733
-0.177758 -0.130855 1.473837
-0.181515 -0.117772 1.488213
-0.281416 -0.032784 1.470636
-0.246947 0.019907 1.510739
-0.243074 0.032067 1.491303
-0.307059 -0.038810 1.422793
-0.325714 -0.048686 1.428709
-0.322116 -0.036808 1.437361
-0.257818 0.002106 1.415455
-0.264142 -0.022892 1.398651
-0.287443 -0.079361 1.479709
-0.257789 -0.133654 1.481433
-0.177643 -0.069521 1.362073
-0.178477 -0.152276 1.402323
-0.230313 0.024313 1.394774
-0.190716 0.036812 1.362551
-0.246576 -0.150327 1.402733
-0.250303 -0.079931 1.402650
-0.240747 0.043661 1.456495
-0.236845 0.034852 1.472461
-0.242278 0.024541 1.449638
-0.177162 0.002577 1.359804
-0.265320 -0.104647 1.517545
-0.257226 -0.138101 1.480907
-0.240275 -0.129423 1.498031
-0.265161 -0.092925 1.534133
-0.195985 -0.130966 1.467609
-0.221691 -0.153501 1.446585
-0.240671 -0.131531 1.501681
-0.189856 0.025220 1.358481
-0.182625 0.033141 1.363260
-0.233419 -0.020021 1.412971
-0.173204 -0.113117 1.373049
-0.333005 -0.046772 1.433266
-0.333005 -0.046772 1.433266
-0.316437 -0.059818 1.457451
-0.181645 -0.133360 1.474003
-0.191676 -0.149425 1.416689
-0.265937 -0.042234 1.534516
-0.272579 -0.065680 1.540913
-0.203604 -0.139497 1.403082
-0.196900 -0.136589 1.429702
-0.216268 -0.113973 1.360824
-0.223570 -0.098678 1.356251
-0.174788 0.057688 1.452334
-0.180324 0.067420 1.444383
-0.163996 0.059624 1.470911
-0.210899 -0.138142 1.370837
-0.222003 -0.145703 1.390136
-0.222003 -0.145703 1.390136
-0.206678 0.055481 1.434389
-0.269061 -0.106201 1.524458
-0.254533 0.006786 1.528664
-0.265067 -0.025186 1.513617
-0.282155 -0.032347 1.411033
-0.244503 -0.010696 1.408111
-0.264142 -0.022892 1.398651
-0.244503 -0.010696 1.408111
-0.247498 -0.020479 1.398714
-0.217644 -0.024269 1.333720
-0.218451 -0.057903 1.343431
-0.213186 -0.011025 1.348391
-0.258270 -0.009612 1.500905
-0.262379 0.003890 1.516615
-0.322704 -0.039285 1.421597
-0.196900 -0.136589 1.429702
-0.231822 -0.155921 1.404505
-0.196900 -0.136589 1.429702
-0.204417 0.031046 1.502307
-0.215866 -0.134475 1.361355
-0.206178 -0.134266 1.366607
-0.299363 -0.065010 1.454280
-0.245677 -0.134381 1.387665
-0.222003 -0.145703 1.390136
-0.204956 -0.141593 1.413216
-0.222003 -0.145703 1.390136
-0.231822 -0.155921 1.404505
-0.245677 -0.134381 1.387665
-0.225971 -0.050395 1.343373
-0.212067 0.050337 1.395355
-0.230012 0.057828 1.446289
-0.210990 0.058680 1.458733
-0.225262 0.050040 1.461573
-0.232100 0.056234 1.462542
-0.222031 0.011472 1.396409
-0.180973 -0.137156 1.454136
-0.273252 -0.068130 1.431533
-0.198119 -0.137497 1.421006
-0.196900 -0.136589 1.429702
-0.198643 -0.138614 1.420732
-0.224321 -0.076963 1.339237
-0.163421 0.037186 1.490101
-0.221108 0.020237 1.367876
-0.325714 -0.048686 1.428709
-0.221691 -0.153501 1.446585
-0.237536 -0.154100 1.451770
-0.238488 -0.151274 1.433379
-0.238488 -0.151274 1.433379
-0.237536 -0.154100 1.451770
-0.238488 -0.151274 1.433379
-0.239371 -0.152882 1.419779
-0.214829 0.015728 1.362376
-0.224184 -0.151735 1.428087
-0.204956 -0.141593 1.413216
-0.231822 -0.155921 1.404505
-0.239371 -0.152882 1.419779
-0.231822 -0.155921 1.404505
-0.244470 -0.151405 1.423375
-0.245566 -0.146891 1.402721
0.057928 -0.001697 1.644599
0.050536 0.024768 1.643074
-0.017577 0.059651 1.590208
-0.035344 0.072080 1.598303
-0.006325 0.077565 1.601222
-0.039493 0.039353 1.609533
-0.057547 0.031634 1.595158
0.049903 0.033768 1.653975
0.062528 -0.000982 1.681854
0.029753 -0.046414 1.687949
0.051643 -0.030944 1.659530
0.044745 -0.050555 1.713206
0.020815 -0.009484 1.578602
0.055870 -0.029572 1.597194
0.077722 0.031355 1.615115
0.065926 0.043303 1.585572
0.039190 0.071998 1.610081
-0.059366 -0.006392 1.684517
-0.045456 -0.016439 1.665396
-0.052969 -0.044561 1.709182
0.023904 -0.061276 1.721307
0.019454 0.021845 1.577397
-0.053283 -0.034050 1.653102
-0.051512 -0.069728 1.651850
-0.038432 -0.042885 1.681341
-0.033903 0.080443 1.622870
-0.064986 -0.001240 1.638933
-0.037146 0.016419 1.661825
-0.057016 -0.033707 1.608631
-0.045374 -0.057506 1.612584
0.031464 -0.042644 1.596165
0.048872 -0.038927 1.614068
0.030078 0.094941 1.624552
0.049064 0.062237 1.626129
-0.081190 -0.014289 1.618712
-0.078965 0.026339 1.602018
-0.076121 -0.046914 1.621709
0.043243 -0.067793 1.641488
0.003303 -0.072480 1.644059
-0.001616 -0.064150 1.625277
-0.018437 -0.054241 1.689572
-0.007194 -0.083371 1.661385
0.026825 -0.063567 1.604228
0.001144 -0.035386 1.583527
0.008818 -0.025420 1.593242
0.007269 -0.053517 1.593402
-0.005917 0.094174 1.614471
0.026464 0.075919 1.611157
-0.015172 -0.051943 1.590159
0.001742 -0.061275 1.602347
-0.031613 -0.053959 1.628541
-0.014662 -0.073322 1.619351
-0.028998 0.042651 1.591807
-0.036614 0.024322 1.587083
-0.009964 0.010512 1.583539
-0.000929 -0.003227 1.581597
-0.024556 0.011604 1.590620
-0.066784 0.005920 1.601546
-0.093702 -0.013295 1.596049
0.081695 0.013578 1.604832
0.056831 0.019153 1.585593
0.057928 -0.001697 1.644599
0.062817 -0.013762 1.681233
-0.036002 0.038030 1.571778
0.020259 0.059904 1.584078
0.017519 0.050622 1.584738
-0.058006 -0.031318 1.588841
-0.079894 -0.014089 1.605494
0.049048 -0.053917 1.650578
0.076867 -0.026779 1.630960
0.066533 -0.042368 1.635013
0.012605 0.056531 1.575851
0.005449 0.054681 1.564297
0.039940 0.051667 1.572440
0.037437 0.061064 1.579776
0.071068 0.024012 1.584314
0.081695 0.013578 1.604832
0.026023 0.068893 1.598075
-0.032833 -0.072556 1.663347
-0.079683 -0.052327 1.635436
-0.054159 -0.050915 1.638448
-0.016344 -0.075313 1.633550
-0.038265 -0.067035 1.648612
-0.030106 -0.054329 1.592221
-0.019645 -0.067295 1.603065
-0.045749 -0.067609 1.604548
-0.048469 -0.045364 1.599820
0.032469 -0.051895 1.627609
0.050238 -0.055188 1.627744
-0.087912 -0.026313 1.605142
-0.078140 -0.032862 1.616080
-0.053042 0.035865 1.644926
-0.069316 -0.025369 1.644486
-0.021331 0.051768 1.559010
-0.015640 0.044338 1.570280
-0.034867 0.031631 1.565702
-0.076706 -0.033118 1.625648
-0.009685 -0.010292 1.588497
-0.025285 -0.052187 1.577720
-0.011044 -0.091428 1.645201
0.091196 0.006245 1.618656
-0.011167 -0.051058 1.708394
0.091196 0.006245 1.618656
-0.015640 0.044338 1.570280
-0.009561 0.030887 1.580567
0.010079 0.044356 1.577656
-0.007533 0.036672 1.590701
0.015049 0.024934 1.589285
0.029478 0.046055 1.575934
0.014306 -0.058675 1.589234
0.072076 -0.067221 1.636877
0.035540 0.061696 1.639044
0.008315 -0.006953 1.587023
0.029478 0.046055 1.575934
0.041143 0.057540 1.580876
0.041638 0.041788 1.584346
0.010079 0.044356 1.577656
0.011233 -0.068321 1.606769
0.003029 -0.076768 1.619963
0.056831 0.019153 1.585593
-0.018795 -0.034390 1.584145
-0.088001 -0.058605 1.620224
-0.102234 -0.049107 1.621476
-0.088161 0.120598 1.155371
-0.086146 0.116339 1.136398
-0.085033 0.123268 1.136930
-0.054780 0.134005 1.171751
-0.083356 0.122495 1.172971
-0.022623 0.137217 1.171108
-0.023298 0.137440 1.135681
-0.056496 0.133928 1.136435
0.013510 0.140484 1.135573
0.151955 0.048264 1.175421
0.140741 0.064603 1.156441
0.138914 0.067434 1.174999
0.159895 0.027151 1.176085
0.159898 0.023799 1.140368
0.163657 -0.001300 1.177961
0.159415 -0.033725 1.180669
0.158111 -0.036505 1.141756
0.163168 -0.001580 1.141534
0.135491 -0.078750 1.144098
0.150282 -0.057301 1.143001
0.058505 -0.118804 1.184704
0.084527 -0.110572 1.145600
0.086344 -0.110428 1.184828
0.053014 -0.119892 1.146443
0.111341 -0.098428 1.144936
0.024108 -0.124791 1.147548
-0.016579 -0.127713 1.147641
-0.082652 -0.119043 1.185223
-0.081574 -0.119559 1.146147
-0.116527 -0.101706 1.184670
-0.141376 -0.080092 1.144955
-0.111492 -0.105279 1.145061
-0.159679 -0.044686 1.183779
-0.164426 -0.007229 1.181996
-0.167511 -0.009660 1.143652
-0.158698 0.029082 1.141868
-0.142634 0.064569 1.140233
-0.114695 0.094741 1.173799
-0.083974 0.115769 1.172653
0.140185 0.070143 1.174493
0.141680 0.069653 1.138260
0.141453 0.065756 1.138431
0.129776 0.089356 1.173319
0.116418 0.105498 1.172808
0.129235 0.091768 1.137108
0.116215 0.106859 1.137097
0.110617 0.106065 1.172367
0.111514 0.106820 1.136815
0.109573 0.097452 1.173450
0.108137 0.102295 1.172549
0.133484 0.069537 1.175418
0.136421 0.065768 1.175675
0.156377 0.026456 1.178372
0.160585 -0.001550 1.180481
0.111094 -0.092917 1.185675
0.133956 -0.072861 1.184749
0.147322 -0.054964 1.183919
0.156224 -0.033155 1.182562
0.057902 -0.115200 1.186342
-0.047207 -0.122745 1.185913
0.024069 -0.120655 1.186357
-0.081420 -0.115951 1.185584
-0.137559 -0.076101 1.185532
-0.156019 -0.043079 1.184944
-0.160535 -0.007942 1.183090
-0.150349 0.037496 1.180058
-0.112540 0.092229 1.175514
-0.082471 0.112339 1.173876
-0.052751 0.123868 1.173072
-0.022628 0.128952 1.172455
0.036603 0.142911 1.136599
0.056617 0.141528 1.136533
0.068926 0.136033 1.136614
0.069166 0.125130 1.170297
0.070043 0.126919 1.134897
0.054687 0.129034 1.171389
0.038504 0.132112 1.171645
0.014826 0.131693 1.135431
-0.022687 0.128287 1.135359
-0.055294 0.124415 1.134657
-0.083970 0.113307 1.135838
-0.139294 0.063082 1.138782
-0.155198 0.028920 1.140584
-0.164063 -0.009900 1.142795
-0.158858 -0.044475 1.143486
-0.109352 -0.102007 1.144735
-0.079581 -0.115559 1.145374
-0.016557 -0.123639 1.146171
0.023162 -0.120958 1.146073
0.052041 -0.116288 1.145832
0.083724 -0.107023 1.145552
0.132172 -0.076302 1.143281
0.146998 -0.055421 1.141914
0.154678 -0.034819 1.141380
0.158902 -0.001406 1.140391
0.147064 0.047535 1.138368
0.138205 0.063673 1.137412
0.111067 0.098259 1.135917
0.109541 0.104545 1.136106
0.121163 0.082583 1.173965
0.096090 0.083136 1.154336
0.108137 0.102295 1.172549
0.133484 0.069537 1.175418
0.136421 0.065768 1.175675
0.139505 0.053432 1.157727
0.150455 0.023116 1.157901
0.156377 0.026456 1.178372
0.160585 -0.001550 1.180481
0.133956 -0.072861 1.184749
0.110944 -0.083015 1.152003
0.111094 -0.092917 1.185675
0.128084 -0.061789 1.153958
0.140308 -0.029306 1.152956
0.085235 -0.107125 1.186204
0.057902 -0.115200 1.186342
-0.031168 -0.114870 1.155593
-0.047207 -0.122745 1.185913
-0.001352 -0.116475 1.152269
0.024069 -0.120655 1.186357
-0.081420 -0.115951 1.185584
-0.114022 -0.098616 1.185427
-0.137559 -0.076101 1.185532
-0.156019 -0.043079 1.184944
-0.160535 -0.007942 1.183090
-0.150349 0.037496 1.180058
-0.134928 0.067443 1.177504
-0.131962 0.065689 1.146672
-0.112155 0.085187 1.147279
-0.087693 0.098456 1.146034
-0.068541 0.105334 1.148650
-0.037640 0.113158 1.151787
-0.011016 0.111472 1.156785
0.014592 0.133823 1.171990
0.054687 0.129034 1.171389
0.065895 0.109616 1.154295
0.038504 0.132112 1.171645
0.021787 0.066228 1.612697
0.003772 0.071655 1.608537
0.003772 0.071655 1.608537
0.038002 0.053154 1.618377
0.039169 0.060905 1.636134
0.053693 0.039538 1.645038
0.056472 0.033244 1.625740
0.056472 0.033244 1.625740
0.066378 0.007879 1.634324
0.065689 0.012972 1.653627
-0.013170 0.082091 1.654539
-0.056367 0.047526 1.673749
-0.064432 0.027210 1.681030
-0.071071 0.002684 1.690291
0.000483 0.084138 1.653151
0.040622 0.068147 1.662379
0.055697 0.044927 1.672055
-0.029294 0.062852 1.611169
-0.029294 0.062852 1.611169
-0.014332 0.070630 1.609350
-0.014332 0.070630 1.609350
-0.043419 0.050538 1.615011
-0.042777 0.060503 1.638394
-0.058136 0.035944 1.624140
-0.054276 0.041929 1.646597
-0.070038 0.017621 1.631479
-0.062047 0.023235 1.653298
-0.068442 0.000665 1.661819
-0.073633 -0.021660 1.642928
-0.068136 -0.012518 1.668593
-0.070753 -0.011642 1.697652
-0.065298 -0.031806 1.669252
-0.067106 -0.038274 1.647036
-0.054447 -0.054086 1.650969
-0.015699 -0.076894 1.657547
0.005933 -0.079040 1.673133
0.006849 -0.078126 1.657617
0.005933 -0.079040 1.673133
0.006849 -0.078126 1.657617
0.067875 -0.012064 1.640803
0.070157 -0.008176 1.662810
0.063764 -0.031381 1.645939
-0.031014 0.067295 1.611122
-0.014746 0.075877 1.608232
-0.014746 0.075877 1.608232
-0.045269 0.054125 1.615519
-0.059709 0.039504 1.622756
-0.077057 -0.000996 1.637443
-0.074131 0.016770 1.632170
-0.077981 -0.017052 1.641438
-0.075120 -0.026840 1.643921
-0.038656 -0.071176 1.652853
-0.017164 -0.080439 1.655599
0.006589 -0.082084 1.656161
0.047814 -0.060816 1.651681
0.034674 -0.073748 1.654930
0.058539 -0.047249 1.647873
0.066275 -0.032033 1.644031
0.070258 0.007549 1.633575
0.061783 0.032592 1.627189
0.043974 0.053761 1.618172
0.036422 0.059886 1.615559
0.004147 0.075817 1.608198
0.004147 0.075817 1.608198
-0.014789 0.077234 1.602889
0.002332 0.078044 1.603417
0.001283 0.071699 1.589962
-0.017256 0.070933 1.589548
0.001341 0.074461 1.586824
-0.017780 0.075462 1.586001
0.002472 0.074962 1.579847
-0.019137 0.075044 1.576472
0.001183 0.053522 1.550128
-0.016863 0.052243 1.548241
0.001316 0.059709 1.544343
-0.017443 0.053398 1.543847
-0.016738 0.054731 1.535993
0.000710 0.059524 1.534615
0.025107 0.071241 1.607060
0.048496 0.053589 1.611747
0.045947 0.048555 1.599672
0.038800 0.062991 1.611078
0.061245 0.026377 1.605129
0.071622 0.006738 1.628844
0.071823 -0.013633 1.634846
0.064000 -0.032488 1.629475
0.057265 -0.047133 1.633599
0.035905 -0.075879 1.651676
0.020519 -0.083355 1.653004
0.023173 -0.078989 1.632024
0.002823 -0.079608 1.630846
-0.017901 -0.082796 1.650590
0.002823 -0.079608 1.630846
-0.022712 -0.081292 1.628381
-0.014498 -0.079140 1.617066
-0.077437 -0.030421 1.641743
-0.080404 -0.018515 1.638680
-0.080368 -0.000786 1.633296
-0.076405 0.005907 1.610513
-0.077733 0.014411 1.628485
-0.072576 0.019166 1.608248
-0.063926 0.032930 1.602582
-0.050668 0.049561 1.596556
-0.036084 0.067559 1.563553
-0.034664 0.069950 1.587708
-0.033098 0.052577 1.554479
-0.031075 0.044470 1.548353
0.020131 0.071670 1.582828
0.018557 0.056406 1.536219
0.009947 -0.103345 1.607337
0.031772 -0.095900 1.597148
0.008025 -0.106616 1.593350
0.049271 -0.085430 1.603941
0.061112 -0.064620 1.593652
0.058123 -0.070230 1.610517
0.067062 -0.051437 1.607768
-0.009495 -0.105100 1.595036
-0.003177 -0.101873 1.602989
-0.013736 -0.102540 1.601023
-0.034409 -0.104076 1.597051
-0.063913 -0.092515 1.598388
-0.039015 -0.102068 1.608551
-0.043738 0.034404 1.549404
-0.045270 0.062861 1.588500
-0.057774 0.051167 1.577965
-0.057097 0.051886 1.589914
-0.065111 0.031677 1.581643
-0.070302 0.012788 1.584378
-0.066442 0.022350 1.578263
-0.074143 0.014368 1.583631
-0.079694 0.008827 1.606272
-0.070648 -0.072654 1.616484
-0.018701 -0.104813 1.609439
-0.009086 -0.099126 1.605653
-0.008957 -0.106813 1.613397
0.009947 -0.103345 1.607337
0.008025 -0.106616 1.593350
0.002754 -0.104100 1.615635
-0.013776 -0.104831 1.620700
-0.000820 -0.101372 1.621097
-0.028632 -0.101130 1.617701
-0.020605 -0.104261 1.618851
0.014275 -0.079504 1.607358
0.002388 -0.089773 1.606360
0.017560 -0.095413 1.616480
0.002754 -0.104100 1.615635
0.016433 -0.094206 1.621140
0.013182 -0.089405 1.621914
-0.002377 -0.092248 1.620830
-0.063069 -0.067567 1.615321
-0.078645 -0.058374 1.616590
-0.073746 -0.054603 1.616516
-0.087479 -0.040105 1.615138
-0.087892 -0.020321 1.607325
-0.080927 -0.021214 1.607274
-0.080271 -0.006343 1.600549
-0.084464 -0.004038 1.598763
-0.081644 -0.004397 1.611474
-0.083421 -0.016331 1.615306
0.005327 -0.077862 1.621982
0.022584 -0.081465 1.626261
0.005327 -0.077862 1.621982
0.067545 -0.018837 1.611004
0.030043 -0.088157 1.623263
0.030293 -0.089436 1.619638
0.050447 -0.065043 1.621458
0.059850 -0.048046 1.615195
0.067537 -0.036386 1.611370
0.034106 -0.068086 1.615952
0.046043 -0.058417 1.614931
0.055426 -0.066498 1.612676
0.065086 -0.049292 1.611307
0.075680 -0.033672 1.608423
0.072922 0.010921 1.606132
0.066650 0.027010 1.598523
0.064918 0.027111 1.604344
0.049573 0.050055 1.599038
0.052611 0.049924 1.594391
0.073212 -0.018852 1.611840
0.078715 -0.011455 1.607031
0.078294 -0.023262 1.609323
0.068577 -0.025264 1.610380
0.060446 -0.046309 1.608351
0.062067 0.027844 1.588741
0.039405 0.060499 1.594298
0.042437 0.060934 1.582142
0.031236 0.065394 1.576943
0.029601 0.051886 1.566302
0.030067 0.048419 1.545363
0.069859 -0.034922 1.586621
0.069406 -0.013584 1.584858
0.058148 0.025072 1.581870
0.054627 0.041783 1.578197
0.041706 0.053319 1.571764
-0.027645 -0.079467 1.615689
0.000797 -0.081128 1.617038
0.000797 -0.081128 1.617038
-0.024884 -0.077909 1.608963
-0.034606 -0.073449 1.610222
-0.043593 -0.071009 1.610935
-0.057904 -0.062679 1.612008
-0.029277 0.056916 1.539319
-0.032521 0.053374 1.545831
0.045868 0.027183 1.560482
0.036491 0.037745 1.561241
0.055032 0.034159 1.569567
-0.067808 -0.032602 1.698368
-0.057179 -0.051855 1.702009
-0.019117 -0.081282 1.703600
0.006126 -0.083933 1.702586
0.027605 -0.080213 1.701840
0.050575 -0.063628 1.698181
-0.016738 0.054731 1.535993
0.000710 0.059524 1.534615
0.018557 0.056406 1.536219
0.030067 0.048419 1.545363
0.031772 -0.095900 1.597148
0.049271 -0.085430 1.603941
0.061112 -0.064620 1.593652
-0.034409 -0.104076 1.597051
-0.063913 -0.092515 1.598388
-0.052239 0.028363 1.554867
0.069406 -0.013584 1.584858
0.069859 -0.034922 1.586621
0.065326 0.004893 1.582829
0.058148 0.025072 1.581870
0.045868 0.027183 1.560482
0.055032 0.034159 1.569567
-0.074143 0.014368 1.583631
-0.084464 -0.004038 1.598763
-0.026962 0.077583 1.658139
-0.044432 0.067710 1.664834
-0.056367 0.047526 1.673749
-0.064432 0.027210 1.681030
0.000483 0.084138 1.653151
0.021393 0.079756 1.656256
0.055697 0.044927 1.672055
0.068148 0.016059 1.681389
-0.070753 -0.011642 1.697652
0.072785 -0.006924 1.691368
-0.067808 -0.032602 1.698368
-0.067808 -0.032602 1.698368
-0.057179 -0.051855 1.702009
-0.039037 -0.071183 1.703516
-0.019117 -0.081282 1.703600
0.006126 -0.083933 1.702586
0.006126 -0.083933 1.702586
0.050575 -0.063628 1.698181
0.062024 -0.047222 1.695631
0.070008 -0.113357 1.147870
0.035187 -0.119838 1.152634
0.096302 -0.105277 1.133456
0.149080 -0.034624 1.154370
0.165491 -0.011516 1.136465
0.158325 0.023836 1.137930
0.154442 0.023773 1.158058
0.143202 0.054892 1.157880
0.125396 0.075867 1.154965
0.079255 0.116119 1.156185
0.111363 0.138497 1.009042
0.120370 -0.090463 1.136265
0.118006 -0.088838 1.152275
0.106428 -0.121263 1.114189
0.131611 -0.103528 1.114336
0.074857 0.122236 1.136091
0.068753 0.120142 1.154721
0.119668 0.145055 0.946403
0.104119 0.149826 0.946454
0.097753 0.148211 1.009128
0.192244 0.109163 0.854858
0.159018 0.132977 0.846057
0.235248 0.029889 0.877064
0.230090 -0.016882 0.884985
0.131490 -0.159073 0.903595
0.161788 -0.137442 0.899936
0.095013 -0.175699 0.909628
0.049472 -0.187461 0.912411
0.188720 -0.105278 0.895949
0.136842 -0.065911 1.156408
0.212704 -0.057088 0.889237
0.156460 0.131087 0.845791
0.133859 0.137996 0.840867
0.134905 0.139566 0.840410
0.157678 0.131854 0.845239
0.190696 0.107875 0.853436
0.215873 0.076705 0.864601
0.232642 0.029646 0.874310
0.230440 0.030301 0.876285
0.225151 0.056599 0.869924
0.227423 -0.017151 0.882920
0.225312 -0.016816 0.884968
0.210650 -0.056336 0.887766
0.186944 -0.103140 0.892987
0.159312 -0.134933 0.899696
0.128680 -0.154046 0.904152
0.129619 -0.156369 0.901661
0.093313 -0.170797 0.908976
0.093909 -0.172944 0.907330
0.049400 -0.185142 0.911277
0.001370 -0.189392 0.912350
0.095442 0.142192 1.006942
0.103643 0.143791 0.945816
0.067641 0.112566 1.154357
0.072864 0.120838 1.133614
0.053000 0.122118 1.154597
0.066097 0.120849 1.153869
0.068840 0.122838 1.135237
0.067641 0.112566 1.154357
0.067610 0.138243 1.108271
0.045413 0.168305 0.922230
0.040994 0.172010 0.870768
0.037744 0.177033 0.828047
0.019703 0.179636 0.826497
0.046106 0.161313 0.922327
0.042489 0.168423 0.869639
0.045644 0.129728 1.137862
0.041909 0.138208 1.110064
0.023208 0.129776 1.137901
0.019700 0.139263 1.111632
0.007688 0.155265 1.013078
0.026839 0.155663 1.013651
0.005277 0.180031 0.826832
-0.017325 0.178098 0.828930
-0.049925 0.173047 0.833910
0.027258 0.120077 1.157946
-0.071693 0.116880 1.153291
-0.147538 0.046263 1.149261
-0.155147 0.022323 1.152050
-0.158474 0.000273 1.152659
-0.149787 -0.042111 1.158127
-0.130099 -0.074730 1.160938
-0.099063 -0.103159 1.157034
-0.075246 -0.115406 1.154545
-0.151481 0.077638 1.102690
-0.197724 -0.014277 1.023216
-0.101208 0.157588 0.842051
-0.221008 0.069176 0.878179
-0.234738 0.022992 0.886431
-0.233182 -0.002567 0.889747
-0.204143 -0.078212 0.900700
-0.225711 -0.027585 0.892916
-0.168674 -0.127314 0.904049
-0.087738 -0.178861 0.911130
-0.037295 -0.190503 0.913589
-0.036551 -0.188095 0.911675
-0.086849 -0.176530 0.909541
-0.128045 -0.160187 0.907740
-0.166828 -0.125319 0.902291
-0.165258 -0.123414 0.903660
-0.198636 -0.076497 0.898381
-0.220272 -0.026910 0.891423
-0.230796 -0.002929 0.887232
-0.230038 0.022179 0.883732
-0.232567 0.022435 0.883836
-0.218106 0.066262 0.875688
-0.193233 0.100804 0.866690
-0.131930 0.104288 1.104914
-0.124992 0.144948 0.846014
-0.101129 0.155224 0.840721
-0.123966 0.143325 0.847391
0.008509 0.173666 0.859124
-0.010446 0.170153 0.883412
-0.035469 0.162803 0.908677
-0.077004 0.165296 0.837506
-0.005572 0.118917 1.154483
-0.040338 0.123778 1.153786
-0.002181 0.122504 1.137783
-0.029740 0.159238 0.947804
-0.020447 0.151918 1.012377
-0.160085 0.124563 0.858457
-0.076251 0.163722 0.837392
-0.049316 0.170949 0.832461
-0.048585 0.169324 0.833242
-0.016442 0.174577 0.828660
0.004899 0.176441 0.826594
0.045644 0.129728 1.137862
0.044149 0.120835 1.155612
0.041909 0.138208 1.110064
0.026839 0.155663 1.013651
0.008509 0.173666 0.859124
-0.010446 0.170153 0.883412
-0.007772 0.158999 0.951273
-0.016665 0.168713 0.891270
0.000996 0.156010 1.012559
0.023208 0.129776 1.137901
0.017714 0.129045 1.136000
0.014100 0.140537 1.111649
-0.002181 0.122504 1.137783
0.017714 0.129045 1.136000
0.014100 0.140537 1.111649
-0.006796 0.136427 1.112109
0.027258 0.120077 1.157946
-0.005572 0.118917 1.154483
-0.007772 0.158999 0.951273
-0.020447 0.151918 1.012377
-0.016665 0.168713 0.891270
0.098637 0.085383 1.154399
0.067641 0.112566 1.154357
0.067641 0.112566 1.154357
-0.011309 0.114471 1.156913
0.039917 0.115322 1.155848
-0.011309 0.114471 1.156913
-0.011309 0.114471 1.156913
-0.011309 0.114471 1.156913
0.038497 0.174313 0.827558
0.040657 0.165580 0.878944
-0.024681 0.155539 0.874133
-0.048585 0.169324 0.833242
-0.075655 0.162561 0.837587
-0.100778 0.153416 0.841046
-0.123966 0.143325 0.847391
-0.160085 0.124563 0.858457
-0.193233 0.100804 0.866690
-0.218106 0.066262 0.875688
-0.230038 0.022179 0.883732
-0.227897 -0.002841 0.887653
-0.220272 -0.026910 0.891423
-0.185726 -0.047034 0.927054
-0.105163 -0.143550 0.937800
-0.086174 -0.174464 0.910649
-0.036015 -0.185981 0.912345
0.023934 -0.165056 0.940333
0.093313 -0.170797 0.908976
0.124585 -0.135041 0.932744
0.128680 -0.154046 0.904152
0.187602 -0.039968 0.918488
0.225312 -0.016816 0.884968
0.230440 0.030301 0.876285
0.225151 0.056599 0.869924
0.189250 0.107141 0.854092
0.145101 0.118150 0.883759
0.156460 0.131087 0.845791
0.083494 0.140799 0.878948
0.036557 0.159294 0.876511
0.056907 0.153998 0.878346
0.028685 0.145186 0.927482
-0.098693 -0.133140 0.985992
0.116749 -0.127136 0.981670
0.175568 -0.038445 0.969550
0.165634 0.062058 0.954391
0.023910 0.138489 1.001810
0.091563 0.126024 1.007091
-0.020840 0.132103 1.005467
0.023910 0.138489 1.001810
-0.078582 0.111916 1.011676
-0.140278 0.062474 1.021810
-0.150742 -0.039816 1.036815
-0.086973 -0.120450 1.045497
-0.004727 -0.133115 1.047449
0.101842 -0.111423 1.041652
0.146479 0.055010 1.016540
0.028685 0.145186 0.927482
0.059664 0.150062 1.058975
0.034584 0.148015 1.060278
0.034584 0.148015 1.060278
0.013680 0.144697 1.060512
0.007226 0.143660 1.060326
-0.014328 0.141780 1.060858
-0.188365 -0.010790 1.065075
0.102974 0.132755 1.054850
0.090891 0.141166 1.053030
0.136049 0.141694 0.841356
0.121127 0.142709 0.839033
0.112046 0.142970 0.839847
0.111576 0.144299 0.859446
0.127186 0.141256 0.878807
0.120291 0.139670 0.838516
0.120736 0.140988 0.838199
0.126149 0.133529 0.882841
0.015502 0.165320 0.875498
0.014933 0.161379 0.874730
0.110090 0.142379 0.876036
0.110608 0.142091 0.859689
0.111510 0.140513 0.839975
0.069986 0.145661 0.878857
0.067937 0.134217 1.109334
0.060406 0.145380 1.057201
0.080373 0.131919 1.105574
0.040657 0.165580 0.878944
0.039581 0.172270 0.844190
0.042489 0.168423 0.869639
0.038497 0.174313 0.827558
0.039581 0.172270 0.844190
0.046106 0.161313 0.922327
0.034788 0.174866 0.824881
0.037744 0.177033 0.828047
0.034552 0.177209 0.825562
0.019703 0.179636 0.826497
0.034552 0.177209 0.825562
0.019562 0.177892 0.824974
0.019562 0.177892 0.824974
0.019562 0.177892 0.824974
0.034552 0.177209 0.825562
0.112046 0.142970 0.839847
0.113184 0.140775 0.838712
0.111510 0.140513 0.839975
0.113571 0.142582 0.838919
0.120736 0.140988 0.838199
0.121127 0.142709 0.839033
0.113571 0.142582 0.838919
0.112046 0.142970 0.839847
0.120291 0.139670 0.838516
0.111510 0.140513 0.839975
0.117091 0.107528 1.155155
0.115648 0.108707 1.163134
0.112420 0.111040 1.169335
0.107712 0.114232 1.174807
0.101791 0.118151 1.178447
0.095724 0.122285 1.179418
0.113524 0.102626 1.147906
0.111295 0.104297 1.139990
0.114192 0.109352 1.140159
0.110438 0.111729 1.134181
0.102560 0.110333 1.129286
0.097016 0.114083 1.126823
0.090537 0.118511 1.126249
0.093599 0.122843 1.126804
0.071323 0.130598 1.143289
0.075031 0.135321 1.142513
0.078487 0.133254 1.137311
0.074185 0.128977 1.137156
0.078712 0.126252 1.131555
0.082727 0.130309 1.131682
0.087213 0.126687 1.128358
0.075315 0.135556 1.164023
0.078574 0.133254 1.170409
0.083781 0.130202 1.175398
0.088745 0.126638 1.178448
0.112942 0.103284 1.162165
0.113524 0.102626 1.147906
0.114238 0.102425 1.154258
0.069812 0.132490 1.152015
0.071323 0.130598 1.143289
0.092557 0.118182 1.180293
0.086171 0.122219 1.179222
0.080224 0.126011 1.175940
0.074185 0.128977 1.137156
0.075093 0.129305 1.170502
0.104463 0.109504 1.175875
0.109741 0.105812 1.170008
-0.085620 0.124761 1.176099
-0.092944 0.121610 1.155516
-0.095336 0.118774 1.176895
-0.102543 0.115465 1.155913
-0.096973 0.119649 1.134792
-0.087435 0.125833 1.134734
-0.098027 0.114750 1.135043
-0.103830 0.110446 1.154720
-0.095864 0.113118 1.176854
-0.103669 0.110122 1.157503
-0.091045 0.112066 1.176961
-0.081677 0.117560 1.176492
-0.081225 0.122721 1.176354
-0.084679 0.123670 1.173466
-0.090723 0.121160 1.156514
-0.086122 0.124685 1.137456
-0.082273 0.124073 1.134587
-0.083061 0.119823 1.136661
-0.082866 0.118848 1.134728
-0.087504 0.115914 1.155834
-0.081837 0.119091 1.173430
-0.087945 0.114264 1.155173
-0.081677 0.117560 1.176492
-0.097111 0.108956 1.155171
-0.091045 0.112066 1.176961
-0.087945 0.114264 1.155173
-0.081677 0.117560 1.176492
-0.082866 0.118848 1.134728
-0.082273 0.124073 1.134587
-0.092837 0.112818 1.134691
-0.082866 0.118848 1.134728
0.141325 0.075911 1.156638
0.137592 0.081893 1.176756
0.143040 0.071246 1.176948
0.146844 0.065405 1.156604
0.144262 0.072601 1.135266
0.139215 0.082364 1.135163
0.132786 0.082179 1.176779
0.133021 0.081528 1.174415
0.137675 0.082136 1.137542
0.134091 0.082725 1.137087
0.130479 0.077925 1.176625
0.131571 0.078807 1.173975
0.134039 0.071480 1.156198
0.134295 0.073501 1.156664
0.132624 0.079685 1.137259
0.136476 0.068549 1.135180
0.138740 0.062443 1.155384
0.131679 0.078613 1.134979
0.135487 0.067883 1.176896
0.140897 0.066358 1.176876
0.142072 0.066979 1.135170
0.144998 0.060191 1.154117
0.140897 0.066358 1.176876
0.135487 0.067883 1.176896
0.133585 0.083189 1.134892
0.142072 0.066979 1.135170
0.144262 0.072601 1.135266
0.126149 0.133529 0.882841
0.145101 0.118150 0.883759
0.015502 0.165320 0.875498
0.038662 0.162732 0.875903
0.040500 0.165592 0.878762
0.014933 0.161379 0.874730
-0.024644 0.155530 0.874145
0.105885 0.138241 0.879590
0.116559 0.139025 0.885649
0.084799 0.146698 0.881512
0.084401 0.144338 0.878253
0.071965 0.150173 0.880038
0.058892 0.159474 0.879783
0.058183 0.157083 0.876968
0.088741 0.137833 1.050451
0.078366 0.129255 1.105694
0.060406 0.145380 1.057201
0.067937 0.134217 1.109334
0.072864 0.120838 1.133614
0.067641 0.112566 1.154357
0.046106 0.161313 0.922327
0.122591 0.129931 0.880991
0.102732 0.134721 0.879843
0.083475 0.140831 0.878931
0.069986 0.145661 0.878857
0.036557 0.159294 0.876511
0.110196 0.107319 1.176344
0.117503 0.101087 1.176772
0.112391 0.105775 1.173749
0.117473 0.101197 1.174188
0.110578 0.106275 1.132603
0.112391 0.105775 1.173749
0.112831 0.104773 1.135198
0.112831 0.104773 1.135198
0.117587 0.100041 1.135471
0.108514 0.105374 1.176124
0.109130 0.104545 1.132669
0.115736 0.099414 1.176908
0.115972 0.099131 1.174258
0.111357 0.103629 1.173551
0.111357 0.103629 1.173551
0.111184 0.102608 1.135354
0.116020 0.098213 1.135540
0.073485 0.130229 1.175555
0.071233 0.130290 1.134707
0.071534 0.131215 1.173187
0.073456 0.129356 1.131838
0.064431 0.132917 1.131686
0.064281 0.132678 1.134111
0.071534 0.131215 1.173187
0.064356 0.133767 1.173207
0.070076 0.129206 1.172247
0.063412 0.130807 1.133993
0.063538 0.131558 1.172953
0.063598 0.131657 1.175826
0.072535 0.126986 1.131915
0.063407 0.130859 1.131630
0.070076 0.129206 1.172247
0.072077 0.127795 1.175464
0.063538 0.131558 1.172953
0.072535 0.126986 1.131915
0.063407 0.130859 1.131630
0.063412 0.130807 1.133993
0.111184 0.102608 1.135354
0.109130 0.104545 1.132669
0.108514 0.105374 1.176124
0.111357 0.103629 1.173551
0.115736 0.099414 1.176908
0.115972 0.099131 1.174258
-0.051604 -0.109888 1.279101
0.092449 0.092411 1.245567
0.118445 0.083405 1.230389
0.016106 0.151134 1.195150
-0.013921 0.137185 1.242631
0.121029 0.105096 1.207638
0.136905 0.099963 1.176312
0.106419 -0.106349 1.197422
0.068681 -0.127479 1.199809
-0.194933 -0.039298 1.138195
-0.182300 -0.058629 1.151560
-0.194307 -0.010305 1.184426
-0.195704 -0.030822 1.137906
-0.195565 -0.027598 1.136495
-0.184606 -0.021423 1.142786
-0.195704 -0.030822 1.137906
-0.195738 -0.032743 1.138291
-0.195331 -0.037574 1.138383
-0.199370 -0.027930 1.133590
-0.195738 -0.032743 1.138291
-0.075775 0.146064 1.193940
-0.029658 0.154052 1.198403
-0.036992 0.162463 1.145057
0.067908 0.138782 1.186728
0.065189 0.148089 1.178374
0.062416 0.151518 1.179304
-0.144207 -0.079809 1.107808
-0.162929 -0.046710 1.119249
-0.132263 -0.058576 1.103538
-0.098710 -0.099822 1.128643
-0.106442 -0.074903 1.117609
0.062416 0.151518 1.179304
0.061084 0.142937 1.186961
0.066436 0.143526 1.175914
0.060423 0.148354 1.170341
0.066436 0.143526 1.175914
0.060423 0.148354 1.170341
0.064507 0.139169 1.169896
0.061084 0.142937 1.186961
0.066436 0.143526 1.175914
0.046837 -0.147676 1.150958
0.011122 -0.147868 1.153771
0.050425 -0.139451 1.180385
0.060423 0.148354 1.170341
0.111185 -0.102035 1.144139
0.090314 -0.108063 1.180274
-0.071745 0.146760 1.154208
-0.039058 0.151905 1.139373
-0.054877 0.135314 1.150780
-0.024018 0.116053 1.120132
-0.035008 0.121660 1.139187
-0.021342 0.133707 1.123553
0.114705 0.110423 1.179304
0.146595 0.091586 1.150139
0.103512 0.105391 1.156711
0.113378 0.101969 1.171900
0.060329 0.167241 1.145760
-0.075767 -0.046727 1.094941
-0.065640 -0.055873 1.118286
-0.098681 -0.034364 1.102669
0.024379 -0.148460 1.158507
0.034373 -0.148354 1.154705
0.034300 -0.149146 1.155595
0.034373 -0.148354 1.154705
0.034300 -0.149146 1.155595
0.033172 -0.148910 1.155237
0.034373 -0.148354 1.154705
0.058660 0.160921 1.145829
0.080511 0.118922 1.183148
0.088035 0.116380 1.160973
0.049453 0.138411 1.154357
0.122628 -0.124209 1.138984
0.025385 0.159685 1.141173
0.060423 0.148354 1.170341
0.029147 0.144845 1.146433
-0.059956 -0.050414 1.114943
-0.067036 -0.040861 1.099917
-0.059245 -0.023640 1.122635
-0.096587 0.061008 1.117708
-0.094813 0.080967 1.121222
-0.137046 0.051573 1.143563
-0.116847 0.052352 1.118273
0.128775 -0.117027 1.149537
0.105609 -0.127851 1.175968
0.140559 -0.107130 1.155560
0.128775 -0.117027 1.149537
0.096605 -0.136885 1.132081
0.080844 -0.138692 1.133869
0.128775 -0.117027 1.149537
0.137150 -0.114172 1.152357
0.065002 -0.147584 1.132347
0.175768 0.064933 1.140021
0.178259 0.057371 1.131105
0.177560 0.055959 1.131519
0.178421 0.051047 1.139250
0.177560 0.055959 1.131519
0.172228 0.047470 1.144392
0.173112 0.054058 1.128851
0.178259 0.057371 1.131105
0.178257 0.055348 1.119824
0.182509 0.026730 1.106715
0.112809 -0.068227 1.123974
0.108204 -0.089416 1.130557
0.179146 -0.052271 1.120880
-0.029863 0.082392 1.069932
-0.048024 0.095473 1.073106
-0.028216 0.087480 1.078799
0.051259 0.096538 1.110520
0.051920 0.084766 1.103689
0.190364 -0.018650 1.093971
-0.005057 0.089361 1.069394
-0.012601 0.094778 1.050693
-0.011200 0.095777 1.071239
0.096865 0.032441 1.071336
0.088944 0.055348 1.075621
0.100309 0.059424 1.092770
0.032850 0.073062 1.085733
0.013094 0.076742 1.072563
-0.030029 0.084615 1.065156
-0.023807 0.093500 1.074632
0.086497 -0.037974 1.058587
0.101292 -0.039644 1.067910
-0.006463 0.068362 1.062403
-0.006463 0.068362 1.062403
-0.000141 0.064872 1.030914
-0.001513 0.055437 0.987584
-0.000141 0.064872 1.030914
-0.017883 0.067724 1.071724
0.026718 0.070538 1.039737
0.023848 0.075552 1.016714
0.054620 0.074029 1.023307
0.019119 0.078755 0.997971
0.028813 0.036398 0.998060
0.031489 0.037178 1.016298
0.028511 0.017101 1.037670
0.015183 0.051497 1.014429
0.015541 0.047879 0.987642
0.033409 0.051523 1.003165
-0.010829 0.082904 0.997276
0.029430 0.056254 0.977050
0.032159 0.070192 0.983996
-0.127414 -0.122900 1.181814
-0.122881 -0.112420 1.225238
0.041605 0.113051 1.266212
-0.008888 -0.112539 1.131354
-0.005666 -0.091933 1.100560
0.040746 -0.076568 1.092947
0.034068 -0.089438 1.098807
-0.051608 -0.137069 1.151583
-0.039784 -0.133063 1.129307
-0.036799 -0.138911 1.166910
0.124173 0.001366 1.093622
0.136462 0.000012 1.105114
0.139313 -0.042800 1.080701
0.130875 -0.039956 1.095560
0.113075 -0.057739 1.078169
-0.063461 0.084519 1.088419
-0.047793 0.069539 1.072910
-0.054133 0.067730 1.085989
-0.047793 0.069539 1.072910
-0.037871 0.051092 1.058554
-0.055351 0.071513 1.065199
0.087677 -0.007292 1.041483
0.105884 -0.019965 1.041949
0.138221 -0.023972 1.099255
0.140576 -0.016185 1.068631
-0.080711 -0.097933 1.131196
-0.093598 -0.112110 1.125548
-0.047884 -0.055339 1.103784
-0.047315 -0.034260 1.110170
-0.052799 -0.060219 1.091212
-0.005341 0.040835 1.081691
0.005425 0.025833 1.079409
-0.007082 0.022865 1.085782
-0.027473 -0.039104 1.083253
-0.009063 -0.059636 1.081523
0.159528 0.012265 1.133035
0.179616 0.013795 1.110619
0.160888 -0.009506 1.138249
0.174062 -0.051775 1.135869
-0.001029 -0.022759 1.067681
-0.016921 -0.022101 1.053355
0.015860 -0.022726 1.031616
0.041683 -0.006410 1.045073
0.035718 -0.023320 1.057816
-0.054133 0.067730 1.085989
-0.124970 0.051061 1.118768
-0.127784 0.057104 1.107748
0.009671 -0.063208 1.089259
-0.020991 -0.079004 1.089560
-0.002670 -0.071958 1.084509
-0.037552 -0.065244 1.100499
-0.038319 -0.073253 1.093460
0.053305 0.010129 1.040294
0.036510 0.006064 1.025869
-0.016281 0.007757 1.003491
0.042958 0.032464 1.026538
0.029404 0.029355 1.045808
0.060580 0.053660 1.024234
0.063467 0.056062 1.044935
0.054775 0.040468 1.026711
-0.055001 0.043639 1.030479
-0.074721 0.042633 1.030051
-0.117467 0.010828 1.064414
-0.123244 0.005831 1.095843
-0.114866 0.015098 1.078453
-0.052118 -0.153151 1.143290
-0.123922 -0.109325 1.168198
-0.128990 -0.104936 1.137646
-0.114563 -0.114169 1.184772
0.022728 0.107901 1.108104
0.037293 0.110049 1.128949
0.019653 0.116551 1.123645
0.019223 0.133109 1.128486
-0.162312 0.044396 1.128271
-0.142256 0.059719 1.137846
-0.143958 0.048836 1.154568
0.124348 0.069232 1.138092
0.122744 0.059070 1.111568
0.168866 0.031891 1.125552
0.155376 0.051582 1.141407
-0.016221 0.029353 1.071478
-0.055796 0.008266 1.094773
-0.039997 0.014947 1.077536
-0.037020 0.004719 1.097462
-0.114028 0.087570 1.137390
-0.123911 0.088034 1.121803
-0.139170 0.083455 1.125914
-0.126698 0.094367 1.138002
-0.129594 0.033945 1.105301
-0.114762 0.026809 1.095455
-0.134745 0.023386 1.113610
-0.161394 0.025206 1.147372
-0.157513 -0.011523 1.127288
-0.015700 0.001676 1.074930
-0.021412 0.006799 1.061991
-0.013776 -0.007574 1.075742
-0.047605 -0.061550 1.083639
-0.043288 -0.027483 1.097580
-0.040350 -0.035123 1.084631
-0.024911 0.020026 1.083645
-0.066642 0.056704 1.101949
-0.076591 0.057267 1.109823
0.135599 -0.002793 1.091368
0.136462 0.000012 1.105114
0.101344 -0.000666 1.017295
0.105449 0.018458 1.020322
0.111791 -0.011532 1.026238
0.095713 0.027627 1.058664
0.086922 0.009858 1.047331
0.081107 0.042496 1.063973
0.024554 -0.131594 1.140153
0.003620 -0.132893 1.142827
0.044828 -0.101291 1.108109
-0.130768 0.077147 1.164136
-0.146673 0.075202 1.180209
-0.132890 0.082879 1.174396
0.021389 0.041876 1.038524
-0.001916 0.053350 1.055101
0.007820 0.057722 1.042935
0.016218 0.062083 1.035164
-0.109061 -0.013494 1.095869
-0.120957 -0.017746 1.090860
-0.103107 -0.015073 1.083292
-0.149511 0.027887 1.148493
-0.132756 0.016987 1.134693
-0.130072 0.002972 1.137287
0.161902 -0.051480 1.147912
0.151461 -0.039821 1.140503
0.167417 -0.031650 1.155023
-0.110850 -0.078367 1.274535
-0.074211 -0.106152 1.279462
-0.109763 -0.121252 1.223827
-0.020137 -0.117751 1.096372
-0.027322 -0.072186 1.109789
-0.015829 -0.102885 1.095737
0.008724 0.119785 1.260481
0.012565 0.151542 1.209235
0.124650 -0.041962 1.063371
0.115048 -0.040558 1.058305
0.109518 -0.043782 1.053265
-0.186410 -0.048516 1.136428
-0.194310 -0.039602 1.138008
0.151610 -0.081082 1.165120
0.150947 -0.089656 1.155356
0.126197 -0.110345 1.185853
0.156054 -0.062716 1.150743
0.064541 -0.022311 1.295895
-0.129689 -0.015824 1.116786
-0.125150 -0.010098 1.106947
0.066274 0.100638 1.111169
0.094091 0.107386 1.119721
0.081953 0.087897 1.107655
0.073393 0.079491 1.095267
-0.174990 0.039673 1.133705
-0.169754 0.032406 1.133779
-0.021511 0.069271 1.051277
-0.029947 0.055149 1.074714
0.142882 0.082225 1.184295
0.116768 0.022394 1.274973
-0.104578 0.088508 1.148900
-0.106059 0.099642 1.143841
-0.093360 0.107510 1.154815
-0.040184 0.093656 1.135841
-0.035398 0.105115 1.121763
-0.050643 0.101719 1.108065
-0.102499 0.025081 1.060123
-0.089810 0.042308 1.040630
-0.091509 0.041855 1.059462
-0.070734 0.056373 1.066714
-0.130600 -0.114870 1.175338
-0.157513 -0.011523 1.127288
-0.109702 -0.107856 1.133106
-0.100792 -0.118520 1.150662
-0.095939 0.046778 1.094698
-0.079527 0.044484 1.090355
-0.096768 0.064542 1.069869
-0.082746 0.049262 1.112166
0.052377 0.062083 1.010136
0.119937 0.012244 1.058432
0.127437 0.016762 1.009631
0.125691 0.005111 1.023833
0.124177 -0.014814 1.047211
-0.150067 -0.079167 1.134624
-0.143437 -0.099380 1.143948
-0.153606 -0.084418 1.143920
-0.127881 -0.088981 1.223066
-0.166525 -0.087968 1.155226
-0.083131 0.036187 1.029938
-0.104652 0.021168 1.039897
-0.064532 0.006151 1.028831
-0.070663 0.006331 1.056141
0.012475 0.151015 1.152585
0.008531 0.159137 1.169397
0.025307 0.154021 1.175107
0.022371 0.163132 1.148794
-0.066240 0.005648 1.098464
-0.049610 -0.000785 1.115903
-0.065284 -0.007029 1.098448
-0.082248 0.007085 1.062140
-0.087332 0.019139 1.032635
-0.077805 0.006842 1.020468
-0.064630 0.049786 1.003758
0.018503 0.072039 0.967029
0.000302 0.083392 0.977641
0.017560 0.084576 0.975850
-0.002606 0.098768 1.035917
0.018872 -0.058077 1.094828
0.072136 -0.039573 1.062202
0.045366 -0.025367 1.052546
-0.019374 0.031633 1.007312
-0.056638 0.021148 0.985023
-0.025605 0.052952 1.009883
-0.018973 0.042661 1.011229
-0.035686 0.044240 1.005545
-0.025964 0.021701 1.013458
-0.020732 0.043504 1.053590
0.009637 -0.142278 1.156267
-0.002725 -0.145519 1.135105
0.003512 -0.146908 1.124966
-0.065331 0.087838 1.109294
-0.068455 0.090167 1.137398
-0.052183 0.089297 1.121013
-0.081291 0.066962 1.118582
-0.063794 0.078112 1.104899
-0.066314 0.066118 1.115051
0.084384 0.013909 1.287833
-0.139913 0.084208 1.139380
-0.151826 0.068027 1.152958
0.037293 0.110049 1.128949
0.029579 0.126566 1.128112
0.038524 0.134700 1.143212
0.051938 0.132304 1.139493
0.073162 0.127697 1.146354
-0.167883 0.048339 1.123554
-0.080483 0.034675 1.003676
0.004522 -0.105805 1.116074
0.009596 -0.128334 1.124928
0.076639 -0.109086 1.150842
0.075612 -0.124482 1.147405
0.065339 -0.123291 1.122816
0.056293 0.066941 1.048748
-0.100710 -0.009935 1.080536
-0.105799 -0.010354 1.069871
-0.090803 -0.002907 1.089651
-0.118181 -0.002189 1.071015
-0.114058 -0.008840 1.083581
-0.045090 -0.066700 1.115547
-0.040286 -0.098531 1.125976
-0.074963 -0.051116 1.120622
-0.081940 -0.081298 1.126457
0.045089 -0.006966 1.036887
0.074853 0.025405 1.060593
0.008363 0.052566 0.986899
0.004183 0.067703 0.969757
-0.118647 -0.056067 1.105359
-0.117603 -0.006113 1.124285
-0.111619 -0.023778 1.105052
0.154121 -0.017909 1.151573
0.166949 -0.016431 1.146542
0.172226 -0.013231 1.130352
0.176191 -0.011972 1.151456
0.011547 0.017640 1.027840
-0.021585 0.007710 1.038386
-0.068047 0.106634 1.151675
-0.022063 0.141616 1.140299
0.069573 -0.009309 1.047465
0.055030 0.001883 1.040793
0.054943 -0.013697 1.028230
-0.133834 0.047564 1.111784
-0.141288 0.039499 1.121486
0.022728 0.107901 1.108104
-0.023506 0.102813 1.086558
-0.147181 0.030862 1.130083
-0.152746 0.039194 1.139209
0.019582 0.015658 1.018690
0.011513 -0.143124 1.193512
-0.084216 -0.122701 1.126169
-0.066484 -0.135918 1.157163
-0.082273 -0.137819 1.174274
0.148263 0.097939 1.150846
-0.044391 0.077012 1.070760
-0.057084 0.090517 1.077765
-0.027367 0.071407 1.074588
-0.114260 0.062966 1.067947
-0.123089 0.055355 1.072866
-0.098208 0.060226 1.058586
0.131900 0.077662 1.228768
-0.077874 -0.145685 1.161488
-0.049449 -0.145241 1.163596
-0.102735 -0.134934 1.189977
-0.102735 -0.134934 1.189977
-0.095918 -0.137579 1.178559
-0.092280 -0.136555 1.202422
-0.118865 -0.104226 1.244587
-0.051968 0.011114 0.992251
-0.129222 0.117754 1.167767
-0.143057 0.094614 1.188527
0.139793 -0.027786 1.117494
0.137447 -0.011584 1.113112
0.154004 -0.002249 1.133355
0.002974 -0.043370 1.082293
0.012628 -0.039886 1.092031
-0.003722 -0.035775 1.075089
-0.082926 -0.027001 1.086270
-0.080677 -0.010711 1.088066
-0.120559 -0.014294 1.079582
-0.150786 0.019696 1.133304
0.149880 0.056154 1.164733
0.146064 0.063140 1.174524
0.140659 0.075794 1.184813
0.151189 0.075597 1.170274
0.148247 0.069175 1.176799
0.082062 -0.091380 1.098366
0.082138 -0.071217 1.093049
0.089443 -0.078289 1.097855
0.123116 0.093452 1.174889
0.133943 0.086452 1.184002
-0.019840 0.156045 1.156667
0.067102 -0.135619 1.192104
0.026444 -0.041395 1.085844
0.020533 -0.037568 1.074553
0.040575 -0.052655 1.082356
0.121234 0.117362 1.183977
0.105367 0.129124 1.199594
0.037482 -0.129225 1.136626
0.032771 -0.123337 1.167529
0.051762 -0.116975 1.118845
0.037791 -0.125218 1.115511
0.040071 -0.099903 1.118342
-0.027367 0.071407 1.074588
-0.006463 0.068362 1.062403
-0.158786 -0.047315 1.146710
-0.162929 -0.046710 1.119249
-0.150658 -0.084561 1.122160
0.062458 0.080391 1.079290
0.057314 0.077490 1.092249
0.051259 0.096538 1.110520
0.012962 -0.091954 1.099097
0.023123 -0.100574 1.118950
0.017293 -0.127261 1.123555
0.106725 0.138911 1.150072
-0.047173 0.101810 1.096720
0.081107 0.042496 1.063973
0.053690 0.070620 1.082869
0.068987 0.063628 1.067655
0.104684 0.107973 1.214879
-0.107588 0.110061 1.152985
-0.093644 0.125166 1.157898
-0.132040 0.094379 1.178213
0.111786 0.095970 1.139507
0.087399 0.103091 1.133281
0.102330 0.101782 1.145761
0.097316 0.111459 1.127196
-0.039287 -0.014164 1.103913
-0.030496 0.008054 1.103152
-0.119928 0.107216 1.157933
-0.105692 0.120287 1.152628
-0.062900 -0.017885 1.116855
-0.061828 -0.023354 1.098898
0.104765 0.093012 1.110022
0.113566 0.100289 1.123732
-0.172330 -0.035781 1.131638
-0.144993 -0.085680 1.202649
-0.166433 0.053706 1.141425
-0.162566 0.060913 1.125810
0.016218 0.062083 1.035164
0.015183 0.051497 1.014429
0.043136 0.159403 1.181796
-0.136363 -0.000183 1.105778
-0.146921 0.013716 1.105008
-0.144688 0.014121 1.112942
-0.031188 -0.125832 1.110155
0.167407 -0.072024 1.139961
0.011751 0.009767 1.005331
0.022866 0.004155 0.995364
0.031747 -0.019486 1.022037
0.001456 0.094038 0.998202
-0.012834 0.095873 1.025575
-0.021008 -0.072074 1.081949
0.125860 -0.006821 1.057072
0.119742 0.006626 1.084012
0.136708 0.009975 1.067452
-0.026045 0.039421 1.069156
-0.046239 0.050443 1.014064
-0.088146 0.080077 1.128893
0.088027 -0.106150 1.144004
0.061722 0.027127 1.011770
0.075277 0.041284 1.058559
0.042943 0.026913 1.042334
0.065441 0.022167 1.051715
-0.053003 0.107963 1.139795
-0.070169 -0.116735 1.126246
-0.113862 0.031452 1.073329
-0.122994 0.045053 1.070013
-0.110586 0.052566 1.055755
-0.078678 -0.133568 1.125321
-0.042316 -0.124083 1.119229
-0.047280 -0.106221 1.123897
0.008527 -0.015981 0.999493
-0.003023 -0.016260 1.028339
-0.189018 -0.019064 1.122456
-0.183483 0.026615 1.130500
-0.192141 -0.017737 1.138056
-0.174722 0.059740 1.141277
0.020531 0.055365 0.969776
0.064236 -0.057292 1.078367
0.084605 -0.059267 1.078102
0.054626 -0.049437 1.071235
0.120331 0.037082 1.105412
0.125633 0.045523 1.118736
0.137872 0.037597 1.115294
0.132889 0.051601 1.129025
-0.192608 0.024187 1.131130
0.152090 0.032164 1.151010
0.145585 0.048910 1.152309
0.155371 0.023530 1.138337
0.027435 -0.129866 1.174732
0.048142 -0.131936 1.180409
0.159026 0.057346 1.179590
-0.136393 -0.014617 1.093025
-0.108835 -0.125039 1.194179
-0.129045 -0.119540 1.170162
0.040565 0.002695 1.009397
0.186974 0.024924 1.098861
0.174778 0.054334 1.101570
-0.009532 -0.075465 1.101509
0.105198 0.024466 1.031076
0.110962 0.022049 1.044250
0.117103 0.025897 1.009145
0.020788 0.142417 1.135647
0.005058 0.148871 1.128928
-0.009739 0.144356 1.139252
-0.139170 0.083455 1.125914
-0.141090 0.082400 1.144049
0.068722 0.002675 1.051693
-0.194443 -0.023305 1.122188
-0.190529 -0.025934 1.132331
0.054784 -0.127261 1.120821
0.062306 -0.133284 1.136701
-0.009950 -0.151083 1.151107
0.000083 0.100762 1.093060
0.121053 -0.051399 1.111493
-0.087828 -0.023019 1.078904
-0.069612 -0.017845 1.094266
-0.076905 -0.046227 1.087800
0.036866 -0.128461 1.127113
0.143959 -0.080230 1.171214
0.106100 -0.099462 1.190039
-0.027367 0.071407 1.074588
0.132974 0.074026 1.174439
0.127235 0.068471 1.175401
0.127494 0.075930 1.149819
0.134963 0.091475 1.137186
-0.174990 0.039673 1.133705
0.121458 0.086964 1.134192
0.119588 0.095441 1.155118
0.082092 0.106934 1.145521
0.097085 0.103538 1.162272
0.127149 0.101408 1.137346
-0.011699 0.057822 1.072397
-0.017883 0.067724 1.071724
-0.109980 0.129840 1.154541
-0.075263 0.143502 1.211824
-0.031273 0.151262 1.218725
-0.093230 0.141913 1.203984
-0.101316 0.123818 1.210011
0.012863 0.063242 1.004014
0.012863 0.063242 1.004014
0.123947 0.026426 1.265462
-0.187067 0.042110 1.116827
-0.075018 0.002838 1.089401
-0.155927 -0.075969 1.160230
-0.155992 -0.086008 1.170218
-0.169312 -0.076525 1.152737
-0.162867 -0.093358 1.144375
-0.005306 0.096563 1.082603
-0.105889 0.047361 1.109237
-0.009579 0.156210 1.147901
0.192953 0.001738 1.097532
-0.159345 0.025084 1.138800
-0.106320 0.001759 1.048758
-0.093778 0.001675 1.076029
0.008059 -0.070748 1.096767
0.020651 -0.083260 1.094973
-0.144250 -0.113249 1.166188
-0.162867 -0.093358 1.144375
0.088035 0.116380 1.160973
0.080511 0.118922 1.183148
0.097648 0.117902 1.178387
-0.055600 0.073750 1.053248
0.133161 0.084564 1.164679
0.014695 -0.026534 1.011119
-0.089483 0.102611 1.152295
-0.080476 0.125816 1.156311
-0.004308 0.000023 1.017642
0.002573 0.009888 1.016309
0.002301 -0.022102 1.016974
-0.013834 -0.127776 1.137032
-0.011409 -0.132371 1.154921
0.025881 -0.117468 1.130500
0.013498 -0.026656 1.059902
0.029556 -0.036337 1.064683
0.089004 0.142756 1.169400
0.079532 0.145283 1.167509
-0.144744 0.014435 1.122474
-0.140109 -0.007652 1.122267
-0.015975 0.090703 1.082831
-0.000647 0.095224 1.077311
-0.004198 0.081207 1.068161
0.032850 0.073062 1.085733
-0.138762 0.021213 1.124004
0.049453 0.138411 1.154357
-0.147925 0.027210 1.138158
0.075118 0.132100 1.177480
0.101649 -0.013102 1.027079
0.120301 0.149018 1.133191
0.142466 0.126821 1.129496
0.122095 0.146201 1.111006
0.000083 0.100762 1.093060
0.004169 0.103859 1.082836
0.121234 0.140183 1.126309
0.138183 0.122963 1.129555
-0.015774 -0.141304 1.181508
-0.048799 -0.034085 1.099487
-0.106684 -0.061001 1.101083
-0.134565 0.046744 1.099737
0.187158 0.009687 1.110068
-0.073134 0.043765 1.084331
0.065070 0.015416 1.057903
0.038126 0.024961 1.056008
0.069095 -0.117330 1.189645
0.099672 0.101983 1.110455
0.070630 0.122340 1.135693
-0.050679 0.117530 1.151695
0.060782 0.104019 1.123998
0.071861 0.100532 1.134015
0.097080 0.019740 1.073361
-0.015975 0.090703 1.082831
0.001299 0.016045 1.029489
-0.010396 0.017023 1.014761
-0.160601 0.071830 1.168817
0.004794 0.091417 1.023664
0.017188 0.087457 0.990565
0.159528 0.012265 1.133035
0.179616 0.013795 1.110619
-0.149686 -0.075764 1.153423
-0.106276 -0.019703 1.079591
-0.110337 0.113847 1.229010
0.157628 -0.089947 1.146344
-0.151777 -0.114272 1.149335
0.016501 0.066881 1.053186
0.007820 0.057722 1.042935
-0.096303 0.116922 1.231105
0.045352 0.074841 1.064112
0.053690 0.070620 1.082869
0.068987 0.063628 1.067655
-0.154735 -0.121409 1.152161
-0.156865 -0.116144 1.137440
-0.169741 -0.103494 1.146386
0.188316 -0.007402 1.127583
0.093793 -0.072761 1.088748
0.107336 -0.056815 1.083633
-0.169857 -0.103242 1.135747
-0.164767 -0.103377 1.141675
0.132810 0.031116 1.116890
0.144313 0.003661 1.108095
-0.061448 -0.017527 1.093018
0.038524 0.134700 1.143212
-0.186210 0.041250 1.129294
0.069368 -0.125777 1.153585
0.121846 0.088392 1.175479
0.132215 0.077019 1.186046
0.106912 0.092607 1.236481
0.105389 -0.095855 1.143292
-0.026866 -0.143736 1.173830
-0.032413 -0.149060 1.153629
0.060782 0.104019 1.123998
-0.047865 0.152224 1.139262
-0.050556 0.162542 1.141989
-0.028123 0.154931 1.142201
0.094476 0.018747 1.017803
0.091862 0.132848 1.168769
0.075118 0.132100 1.177480
0.002536 0.092035 1.045442
0.179737 -0.044296 1.108403
-0.165116 0.070786 1.116164
-0.162566 0.060913 1.125810
0.042195 0.085052 1.091951
0.042148 0.074738 1.082965
-0.156117 0.078849 1.110091
-0.160386 0.086208 1.110314
-0.146349 0.084709 1.178485
0.119742 0.006626 1.084012
0.127761 0.017806 1.092706
-0.141263 0.034374 1.129639
-0.123911 0.088034 1.121803
-0.129690 0.077494 1.142737
-0.116354 0.083876 1.128017
-0.088686 0.136928 1.152144
-0.075726 0.149268 1.178465
-0.116354 0.083876 1.128017
-0.064912 -0.135597 1.116305
-0.078943 -0.118232 1.160550
0.005955 0.106240 1.096868
0.005955 0.106240 1.096868
0.025770 0.107004 1.096630
-0.155227 0.084699 1.168913
0.095713 0.027627 1.058664
-0.057727 0.086706 1.091302
0.179351 -0.015127 1.075908
0.189907 -0.001867 1.102798
-0.067531 0.156858 1.157871
-0.041523 0.164155 1.150718
-0.057696 0.068418 1.099511
0.134768 0.137375 1.115880
0.024258 -0.084520 1.105865
0.033578 -0.103954 1.130146
-0.070732 0.056609 1.116386
-0.016579 0.036897 1.068720
-0.017280 0.045928 1.076798
-0.029947 0.055149 1.074714
-0.027367 0.071407 1.074588
0.117804 -0.078777 1.138259
-0.024436 -0.138220 1.166715
-0.017763 -0.148030 1.148659
-0.010013 -0.148379 1.166767
-0.024531 -0.146173 1.146879
-0.023056 -0.157182 1.134064
0.051224 -0.136114 1.137036
-0.028306 0.047553 1.038096
-0.028306 0.047553 1.038096
-0.094963 -0.131850 1.188314
-0.100320 -0.145413 1.148939
-0.026045 0.039421 1.069156
0.076020 0.077887 1.080532
-0.164767 -0.103377 1.141675
0.135657 0.130303 1.111812
-0.095099 0.053066 1.111083
-0.106740 0.084083 1.122669
-0.096587 0.061008 1.117708
-0.076591 0.057267 1.109823
-0.016470 0.158101 1.134590
-0.017094 0.150051 1.139225
0.050398 0.021408 1.025724
0.048303 -0.058390 1.086362
0.036182 -0.067186 1.087190
-0.002165 0.092078 1.008487
-0.073656 -0.147589 1.143268
-0.109978 0.081334 1.134050
0.140907 0.003223 1.080959
0.130713 0.001528 1.078614
0.187158 0.009687 1.110068
-0.017933 -0.161884 1.129844
-0.065510 -0.141616 1.119421
-0.041636 -0.133125 1.115701
0.032809 0.170610 1.134278
0.059011 -0.126452 1.171712
0.075048 -0.116241 1.170501
-0.133711 -0.093700 1.148079
-0.130050 -0.103258 1.175503
0.032200 0.142455 1.135653
-0.103673 0.129967 1.187517
-0.039012 -0.155329 1.139685
-0.156865 -0.116144 1.137440
-0.129045 -0.119540 1.170162
-0.024531 -0.146173 1.146879
-0.103497 -0.150131 1.149513
0.056900 -0.143834 1.145490
-0.156117 0.078849 1.110091
-0.134754 -0.098378 1.112923
0.170354 0.050670 1.105867
0.042433 0.070853 1.048800
-0.038542 0.054989 1.015920
0.025080 -0.131553 1.129561
0.007279 -0.140037 1.121366
0.161275 0.072947 1.147157
0.153757 0.077674 1.172948
0.159682 -0.083535 1.127284
0.114590 0.123302 1.197649
0.042148 0.074738 1.082965
0.042195 0.085052 1.091951
0.144313 0.003661 1.108095
0.125513 0.131624 1.121492
-0.029863 0.082392 1.069932
-0.102368 0.077646 1.121704
-0.095614 0.140284 1.148673
0.019253 0.071591 1.045646
-0.044638 -0.152065 1.137255
-0.156486 -0.106455 1.141971
-0.156486 -0.106455 1.141971
0.124052 -0.066017 1.126674
0.013094 0.076742 1.072563
0 1
3 4
8 9
10 11
4 5
12 13
1 2
6 7
14 16
15 17
20 22
26 27
28 29
31 32
18 19
23 24
29 30
21 22
25 27
1398 1399
1595 1596
1626 1627
1599 1601
1624 1625
754 756
118 120
1298 1334
1619 1628
1622 1623
1613 1618
66 117
1444 1643
669 670
296 307
1545 1546
1617 1628
756 811
291 292
301 302
1615 1627
348 349
374 375
1445 1446
2260 2390
820 821
1478 1479
1559 1560
1571 1573
503 576
1517 1519
730 786
705 751
72 115
483 552
936 1010
1865 2598
1848 1849
297 328
1526 1527
451 500
924 946
938 941
1629 1648
1790 1791
188 189
472 528
94 153
2115 2171
527 579
490 491
1527 1528
1638 1655
561 562
1455 1457
1653 1654
1792 1793
944 1010
1491 1492
1658 1661
2165 2365
1905 2638
1469 1470
1852 2432
1603 1616
1524 1525
294 318
1582 1583
1568 1635
1520 1521
1487 1488
1496 1633
1597 1598
312 363
1486 1630
1555 1631
1577 1578
763 765
463 505
1851 2331
1856 1860
302 334
848 862
671 802
1601 1615
1572 1635
67 149
1561 1634
1596 1614
2164 2165
295 329
921 925
1497 1633
1514 1515
127 129
432 520
1886 1887
1465 1468
1604 1605
1498 1632
1556 1631
1464 1467
956 958
369 370
1449 1450
307 351
2185 2467
875 876
1453 1454
1917 1918
1437 1637
348 385
412 413
1106 1107
1165 1166
445 449
1971 2238
2432 2433
1530 1532
1591 1592
1475 1476
936 945
435 645
721 724
928 1020
334 335
40 72
698 703
93 95
770 771
473 474
1620 1621
822 842
1849 2122
484 485
986 1005
314 377
1523 1524
838 861
758 759
1960 2522
683 685
1941 1945
471 578
1780 1796
245 246
953 954
2128 2130
1802 1806
1819 1822
750 751
1506 1507
423 424
1834 1836
933 952
1532 1533
1840 1841
708 713
208 232
795 822
108 123
2543 2650
1512 1636
919 1021
980 1019
954 977
1470 1471
2326 2503
2032 2269
2276 2618
2198 2201
793 854
924 954
538 542
1537 1547
456 570
2132 2211
959 960
2077 2078
2184 2186
735 769
1447 1448
1461 1462
1589 1590
529 530
134 135
785 807
1607 1609
122 123
1778 1782
1574 1575
434 435
1067 1068
163 225
667 808
1901 2353
1986 2542
504 569
690 691
75 80
1142 1176
784 835
327 328
1584 1648
726 780
331 332
797 800
453 455
298 299
380 381
86 90
1129 1130
1076 1077
860 889
1871 1872
1540 1545
1852 2516
358 360
979 1027
1032 1038
975 1013
1918 1919
189 216
1472 1474
1600 1602
943 1020
471 472
436 555
1994 2381
1072 1073
73 140
2584 2647
1077 1078
1502 1577
1569 1580
144 160
1399 1406
371 380
1898 2507
582 618
715 716
58 59
300 301
291 386
1839 1842
231 259
1507 1508
1872 2168
2420 2515
2097 2221
1069 1071
2560 2648
988 1019
1477 1522
2045 2373
1104 1105
1074 1075
129 202
671 760
1123 1124
1119 1120
382 404
2017 2103
434 538
2062 2436
1451 1452
960 1001
2235 2377
1079 1080
1989 1990
2117 2275
699 700
562 591
320 367
942 998
1161 1162
1927 1928
2008 2166
1001 1018
1471 1473
951 1030
494 496
324 356
2156 2318
1872 1873
165 166
677 835
596 602
958 1006
937 945
707 708
1108 1109
2247 2248
1431 1432
588 591
2508 2612
467 586
502 525
1885 1886
752 755
1427 1428
2011 2588
768 769
2212 2576
1869 1912
2527 2528
1850 1851
1164 1165
2377 2588
1656 1657
794 840
464 612
1992 2192
921 991
869 870
1125 1126
35 37
2470 2471
550 551
1101 1103
1158 1161
2288 2487
704 803
117 119
926 1030
329 330
2261 2611
1153 1154
132 133
2273 2617
544 545
2169 2645
720 721
340 387
1100 1102
1156 1160
1182 1185
616 617
416 417
1988 2121
2281 2282
383 394
372 397
672 761
1166 1167
2193 2251
1135 1136
1430 1456
576 577
152 153
292 383
2109 2111
976 977
800 801
344 345
929 980
700 782
1048 1049
2027 2028
1931 1935
1500 1501
362 364
46 47
1070 1073
1511 1534
813 872
941 943
2240 2242
1131 1132
341 351
147 148
688 789
1550 1551
2058 2417
1056 1057
737 818
1414 1415
1127 1128
347 399
432 518
966 1030
940 974
1162 1163
741 810
2277 2652
747 819
2001 2210
673 787
985 986
43 154
455 459
476 572
1925 1926
56 157
1045 1047
43 159
1200 1201
1146 1147
325 336
1925 2254
2368 2616
2615 2619
1503 1543
1171 1172
524 545
2409 2410
2379 2511
495 514
291 383
2406 2407
1141 1142
2094 2566
590 591
1297 1298
1397 1398
913 914
747 748
1893 2249
709 712
1974 1975
623 624
627 628
776 777
239 240
2052 2053
506 538
111 112
990 1022
469 515
877 912
2091 2092
1983 2363
2034 2468
1538 1539
1557 1558
2106 2289
677 744
929 989
52 143
1440 1441
925 971
1121 1122
367 368
2166 2167
2283 2427
886 887
1543 1581
2317 2531
1978 2042
1110 1111
2123 2547
2064 2399
1044 1049
2270 2511
2021 2667
1096 1097
1150 1152
963 1039
1015 1041
2185 2466
1924 2145
946 1010
998 1011
388 390
2021 2022
2529 2530
2213 2572
1157 1159
2129 2663
428 587
161 164
662 663
1439 1456
282 283
1969 2452
1990 2118
1213 1423
1215 1424
247 281
703 753
665 852
354 355
1565 1568
76 79
390 391
2048 2174
2131 2432
447 476
2124 2167
74 77
1063 1066
788 825
863 873
1065 1067
1193 1194
437 636
1493 1494
2644 2645
2005 2475
1998 2010
1209 1418
742 835
181 182
766 767
1062 1064
1142 1143
2024 2570
884 885
934 1033
1874 2158
50 51
1977 1984
427 484
305 306
46 151
317 378
299 311
690 894
156 193
2120 2411
1218 1417
1991 2192
1891 2563
2419 2581
2514 2515
2194 2253
743 838
1300 1379
700 734
1388 1389
1184 1186
758 846
495 501
2022 2545
2056 2553
1155 1156
2202 2402
792 796
1435 1574
2438 2476
1429 1438
1094 1095
1148 1149
1548 1549
732 849
714 715
808 812
815 864
1585 1586
745 746
1495 1496
775 799
1501 1548
963 964
1181 1184
487 489
403 408
2179 2180
2175 2176
1851 2265
256 257
320 401
391 400
1009 1040
1920 1922
1904 2510
1169 1170
376 411
318 346
1168 1169
309 407
2375 2515
2248 2525
932 949
2015 2509
738 739
1434 1435
423 630
2274 2673
2019 2020
1605 1606
58 265
342 345
919 920
178 180
367 405
1258 1260
130 131
991 1012
2082 2084
322 325
424 601
1151 1153
1034 1038
2661 2662
81 82
222 266
973 1025
2145 2370
319 321
254 255
1236 1237
1352 1355
110 139
1563 1564
1566 1567
463 464
2246 2545
333 334
2403 2516
1172 1173
1932 2653
2321 2322
1902 1903
321 365
707 711
888 900
1509 1510
517 518
686 797
462 493
1945 2656
2171 2348
1875 2235
640 641
437 439
2241 2242
1982 1985
1013 1024
1022 1035
778 779
290 306
998 1041
1854 1855
2224 2225
2436 2437
740 879
293 346
55 168
1420 1421
1535 1536
1536 1548
553 554
1956 1964
1959 2620
2173 2220
419 436
1967 2537
882 883
1516 1518
2281 2447
2306 2307
105 228
689 809
2337 2444
2164 2366
678 842
171 192
1016 1039
454 458
1060 1061
1587 1588
369 398
1290 1291
1395 1396
767 772
922 944
1406 1407
773 791
1929 2534
774 830
2152 2174
678 679
2505 2591
1513 1541
711 724
1897 1899
353 364
2168 2644
1529 1531
303 360
1133 1134
829 830
1055 1059
712 713
2639 2640
322 406
1777 1797
1887 2402
989 1029
2616 2658
2230 2466
1593 1594
2055 2056
2214 2256
696 843
1025 1026
1897 2443
113 114
1082 1086
1386 1387
1422 1423
1583 1647
994 995
2314 2601
146 147
2020 2288
1504 1505
949 950
2262 2587
509 533
2478 2479
38 180
357 361
1012 1014
2178 2180
681 682
2282 2592
2331 2664
112 235
323 356
169 170
1294 1297
1448 1639
866 867
708 757
1204 1205
420 475
48 213
701 734
498 592
2177 2416
2208 2209
2389 2554
444 588
969 999
930 939
2221 2222
288 289
1891 2585
294 365
2350 2575
2113 2243
2073 2341
55 261
2095 2541
2328 2330
583 584
632 653
2251 2253
137 160
1460 1461
414 415
198 199
2545 2637
949 1028
717 839
1608 1646
940 1024
2506 2507
2599 2603
2228 2466
754 762
1965 2125
464 505
2050 2151
2087 2599
57 179
1458 1459
2310 2325
2141 2434
374 391
628 629
2416 2627
158 159
666 853
1974 2351
473 594
131 136
1961 1962
2495 2677
715 896
1023 1024
1174 1177
365 385
236 237
219 220
349 351
2458 2459
2564 2597
1966 2123
79 80
2518 2520
501 644
62 187
658 659
694 819
1895 2250
982 1012
258 270
1914 2218
2206 2370
549 565
2072 2654
2418 2575
100 102
2108 2289
2080 2248
1098 1099
2398 2455
1962 1967
1229 1230
2033 2469
2236 2361
2085 2340
2472 2473
857 858
1187 1218
82 116
315 368
2587 2640
2657 2672
118 126
571 573
2263 2264
850 859
1980 2105
83 210
421 452
1050 1112
1024 1025
921 922
326 337
2206 2207
2030 2086
2456 2467
594 595
539 543
1201 1203
1189 1190
1410 1411
984 993
504 654
680 749
2319 2655
2010 2635
360 409
228 229
1480 1481
1794 1795
1845 2116
181 243
1004 1005
987 1007
727 826
717 767
2093 2094
1741 1742
931 974
592 637
2137 2517
710 711
1982 2163
78 90
756 759
1463 1466
1269 1271
183 234
890 891
2342 2671
1894 1895
2329 2330
1752 1753
1199 1201
732 763
2360 2408
1562 1569
2075 2378
1981 2453
497 631
2068 2069
1212 1214
1051 1054
2160 2162
1925 2580
1749 1754
153 177
957 1000
2501 2503
1720 1721
453 457
2157 2158
461 561
1783 1786
1384 1385
42 156
174 234
1058 1061
2051 2633
1721 1722
86 87
2153 2380
1950 1951
1279 1280
421 514
1718 1719
1920 2232
2013 2014
710 826
221 230
2051 2274
2296 2404
1859 2347
439 467
739 826
83 131
1081 1084
338 343
1248 1249
478 489
1923 2087
2625 2626
2092 2166
1781 1801
2154 2513
1888 1915
1223 1224
2112 2114
96 127
1484 1485
1759 1761
2093 2413
261 262
336 382
2031 2462
106 176
288 290
1875 2510
891 893
1178 1181
1412 1413
1736 1739
1743 1745
448 476
2063 2397
1551 1552
2217 2518
534 575
135 224
1751 1752
1288 1290
1394 1395
674 675
1886 2425
580 583
619 653
1954 2595
522 544
1402 1403
2320 2330
441 560
607 609
1367 1368
1400 1401
618 655
2025 2026
1987 2279
1993 1995
478 479
1202 1204
950 1007
120 123
82 267
104 145
1330 1331
540 603
2054 2407
923 965
1261 1262
1764 1765
2049 2231
2083 2552
289 373
1208 1384
1416 1419
917 918
399 402
1408 1409
1302 1304
2096 2097
772 776
2102 2105
124 125
1611 1612
836 895
2187 2369
513 514
69 197
425 426
646 647
2043 2044
1979 2260
1292 1293
102 133
692 841
486 550
2010 2365
2503 2622
2439 2455
2027 2477
809 812
2582 2583
722 868
565 593
350 384
2149 2150
205 266
206 248
762 901
2182 2339
2450 2451
2028 2194
2238 2453
1210 1211
434 633
2004 2315
142 143
1866 2449
972 982
852 879
2249 2519
1432 1433
532 630
1183 1185
418 599
44 45
2086 2162
2259 2292
1272 1337
1797 1798
1890 2433
1762 1763
332 333
1343 1344
1217 1219
971 972
1267 1268
2016 2445
870 900
1268 1338
1779 1789
233 242
1769 1770
77 195
475 594
598 621
806 823
2555 2643
2098 2312
308 407
2289 2430
126 271
1425 1426
733 832
2061 2259
2394 2396
961 1028
92 195
286 287
2040 2480
656 657
2151 2153
1112 1113
2437 2440
841 868
814 829
1251 1252
2060 2061
1017 1039
684 740
534 535
487 608
956 1007
1553 1554
2119 2411
765 784
818 865
695 881
2459 2460
2264 2617
2266 2267
160 194
1650 1651
443 556
1348 1349
556 557
2046 2047
1442 1443
823 847
315 392
2448 2450
1641 1642
2257 2461
492 535
2148 2376
2015 2037
647 648
649 650
2153 2271
101 102
2057 2214
2385 2480
600 643
190 218
2336 2337
2392 2546
519 521
339 410
609 611
422 539
179 180
2192 2287
252 253
65 184
2287 2306
2067 2069
2299 2392
2346 2517
2038 2236
59 212
2327 2594
613 614
1246 1247
1344 1348
2539 2574
88 238
2097 2483
692 894
735 736
2642 2643
2083 2344
697 816
2140 2219
2374 2629
2318 2347
1361 1370
722 723
2162 2625
1899 2441
176 190
553 604
1222 1241
2567 2568
486 488
2502 2600
745 808
2372 2629
212 238
2524 2525
1919 2177
60 265
304 395
2358 2663
2008 2092
510 511
1225 1226
2428 2532
837 912
1232 1233
2393 2630
605 613
1970 1981
828 829
2303 2628
71 146
98 202
905 906
907 908
289 290
2054 2155
1220 1221
2110 2498
2648 2651
468 610
1244 1245
63 251
216 251
1896 2250
2484 2609
2035 2364
480 481
1137 1138
2172 2458
2494 2677
968 1028
1042 1046
581 655
1206 1210
978 1019
1489 1490
36 103
2110 2292
2418 2419
1250 1251
1391 1392
2018 2066
68 169
2139 2349
2172 2544
1179 1197
1351 1353
1254 1255
1390 1391
1338 1339
2007 2094
845 881
2322 2562
536 574
115 165
935 996
240 270
1006 1007
970 1003
1052 1083
2354 2356
970 1037
1936 2661
2412 2566
2189 2239
1999 2009
284 285
1975 2163
2313 2423
97 220
106 217
719 871
2391 2630
2345 2346
2468 2469
457 493
2473 2474
1976 2452
2409 2530
2091 2414
2076 2355
1281 1283
223 249
482 548
275 276
277 278
53 105
1036 1037
2349 2350
983 996
1941 2065
2489 2567
465 493
1234 1235
1883 1888
197 198
633 635
554 573
2114 2244
77 90
1542 1544
497 619
2507 2668
541 567
2244 2245
685 739
915 916
2039 2408
2334 2577
88 89
508 516
1278 1279
2209 2594
1265 1266
1242 1243
466 468
2159 2160
442 547
1032 1033
262 263
729 733
1846 2558
1321 1323
2201 2604
1989 2483
33 34
1195 1197
1196 1198
2613 2651
442 443
2025 2486
947 1005
47 109
1253 1284
977 1008
2384 2477
103 223
1327 1329
121 207
274 275
2100 2101
2229 2456
1659 1660
2070 2624
138 241
2041 2374
2522 2593
1286 1366
1392 1393
904 905
2442 2521
450 544
997 1001
1263 1264
625 626
1377 1378
760 856
973 974
1929 1933
1365 1382
1921 2430
805 896
1256 1259
1117 1118
1175 1177
467 468
2503 2506
2142 2315
2606 2607
2071 2072
620 653
85 241
316 378
1900 2556
695 804
483 637
1309 1328
2143 2662
1649 1650
288 411
2276 2278
1332 1333
448 634
293 330
559 608
2308 2664
736 865
37 138
2578 2579
1947 2608
2536 2537
533 654
2297 2435
1301 1303
107 175
1275 1277
1191 1208
41 170
61 244
719 767
1008 1009
1787 1788
1915 2553
2216 2497
967 1017
430 431
366 389
817 874
2425 2651
2359 2360
1993 2263
313 359
93 98
2431 2485
2107 2405
962 963
2352 2452
446 447
507 572
2033 2035
2070 2146
2090 2500
2301 2302
558 589
2336 2521
546 639
1320 1321
1868 1870
2040 2525
693 874
2324 2602
2399 2401
1325 1374
2074 2254
566 622
1369 1383
124 227
2135 2322
1662 1668
2225 2312
2118 2120
2036 2119
1002 1017
54 104
1346 1347
824 894
2188 2190
365 397
2457 2459
2521 2562
1354 1362
1913 2499
85 131
651 652
108 209
2291 2532
955 1009
2262 2377
675 676
1953 2573
2367 2636
460 639
994 1038
67 69
2294 2404
1665 1666
2138 2620
1324 1341
2298 2300
1115 1117
1666 1667
1669 1670
2134 2354
2293 2400
2630 2631
2395 2396
63 173
2634 2670
2208 2603
2199 2369
1917 2641
2065 2400
1205 1207
1948 2570
352 364
2316 2446
2290 2456
1847 2272
64 216
2013 2036
1381 1383
1404 1405
2254 2255
2002 2003
167 200
789 902
2481 2524
2147 2332
2533 2538
1287 1289
1313 1314
1490 1499
1880 2568
1322 1342
2477 2482
2226 2657
337 345
2435 2476
2135 2562
1610 1652
1308 1335
488 512
2133 2491
1799 1800
2088 2636
2023 2245
804 815
2041 2045
1968 2494
1973 2351
141 144
1916 1930
748 830
2089 2284
2109 2465
2088 2089
1285 1364
442 639
2197 2199
2106 2108
2003 2599
310 379
1276 1278
1873 2240
781 878
2526 2592
185 273
2512 2596
1867 2564
351 393
2357 2640
1188 1192
2016 2605
1299 1318
2236 2252
456 470
2227 2231
854 855
663 664
909 910
433 481
2665 2666
359 396
1874 2012
92 104
1952 1953
706 802
1958 2593
2223 2371
2044 2226
191 250
2258 2259
440 615
1957 2492
2571 2654
1257 1259
2072 2212
73 271
1964 2669
1113 1114
2195 2200
531 645
1785 1787
935 966
48 175
2237 2375
2305 2306
1951 2523
2333 2479
2366 2636
1272 1375
2196 2280
1482 1483
530 568
568 585
225 226
417 510
2401 2529
2535 2649
1885 1906
2463 2628
279 280
2181 2456
948 1004
1363 1371
2170 2471
2031 2032
173 183
597 642
321 405
927 981
741 895
798 860
1282 1301
2191 2569
2335 2337
725 827
2250 2417
1335 1336
2269 2270
1273 1274
428 548
2144 2454
429 566
1345 1360
2455 2554
2286 2288
2565 2628
602 621
49 213
1995 2609
2183 2429
992 1032
2462 2623
1306 1307
2323 2469
787 825
1877 1878
1436 1576
2058 2215
2540 2574
2104 2105
1312 1315
1949 2268
1326 1373
2161 2271
385 386
564 638
668 849
2126 2127
1305 1306
2203 2204
1936 1937
2099 2101
1991 2631
1996 2578
1310 1311
1946 2676
91 196
1747 1748
2155 2645
438 611
479 608
1870 1877
2469 2601
1984 2390
39 220
452 543
1943 1944
2424 2614
2415 2646
1776 1784
974 1031
68 147
1436 1443
2493 2505
1853 2304
481 520
543 545
770 869
2052 2155
2029 2194
2023 2285
2311 2402
2362 2632
2309 2664
879 880
2586 2624
2004 2006
1728 1729
1742 1744
511 537
1955 2493
2205 2209
2561 2651
1350 1358
1375 1376
2325 2659
1903 2234
477 479
2649 2675
134 239
2544 2548
2344 2429
2233 2383
2047 2173
1972 2434
2460 2621
249 250
2247 2524
1227 1228
155 159
660 661
1356 1357
1949 1951
1937 1939
673 790
449 526
2388 2422
1238 1239
1296 1310
2488 2489
75 260
1831 1832
466 606
2382 2640
734 892
1876 1881
983 984
2100 2577
2255 2580
1802 1803
1879 1880
791 911
2079 2081
2387 2398
1811 1813
1270 1337
851 899
1114 1116
1933 1934
2069 2340
162 201
2490 2496
1997 2551
1863 2422
2369 2658
1640 1641
2136 2338
1955 1957
1709 1710
184 214
215 273
2139 2140
1679 1680
1922 2343
825 840
2426 2590
2504 2589
99 264
1706 1717
2549 2675
2621 2674
702 783
897 898
2077 2465
1892 2563
844 903
1716 1717
455 631
2204 2660
499 601
2295 2557
1981 2238
193 211
1889 2559
2576 2654
1483 1485
1687 1688
2396 2550
70 150
268 269
2059 2219
1686 1705
2355 2356
1926 2031
2600 2622
1681 1682
1713 1715
728 827
1379 1380
458 563
112 186
2435 2436
832 861
1684 1685
2000 2547
718 831
791 799
202 232
1683 1684
2222 2325
1692 1693
2624 2670
1703 1704
84 200
1712 1713
1698 1699
1882 1884
1443 1480
1570 1579
1863 1864
1711 1712
1825 1826
1694 1701
1676 1677
1702 1703
172 272
1339 1374
1689 1690
1372 1375
1674 1675
1682 1683
1902 2430
2610 2651
2410 2656
1691 1692
1316 1319
1315 1317
2464 2596
1295 1311
1043 1044
1833 1835
1695 1698
1710 1714
2386 2421
1804 1805
1704 1705
2143 2295
1700 1701
1898 2265
1696 1697
1340 1359
1817 1818
1942 1943
1814 1815
1139 1140
1707 1708
1732 1737
1753 1769
1774 1775
1085 1088
1764 1769
1733 1735
1757 1763
1767 1768
1771 1772
41 231
1240 1243
687 688
1723 1746
1858 1864
764 765
577 584
1731 1738
1869 1880
1963 2669
1734 1736
1730 1740
1090 1091
128 129
1722 1724
446 523
1766 1773
1726 1742
1718 1730
1861 1862
1755 1759
699 782
1750 1755
1092 1093
1144 1145
1087 1089
731 833
834 838
1216 1231
1179 1240
1180 1241
204 208
1663 1664
95 203
1806 1808
1820 1822
1857 1858
1758 1763
1819 1825
1756 1760
1089 1140
1053 1081
1829 1830
1725 1727
1809 1817
1843 1844
1821 1827
1803 1805
1822 1831
1671 1673
1662 1664
1823 1824
1810 1818
1807 1816
1826 1829
1828 1832
1837 1838
1806 1812
1672 1673
1824 1828
1860 1861
1672 1674
1677 1678
1938 1943
1940 1943
1644 1645
1910 1911
1909 1910
1907 1908
1854 2127
