11576932252973620840 1995 1900
0.621484 -0.538376 1.274094
0.547561 -0.557037 1.298113
0.536242 -0.557037 1.275898
0.518612 -0.557037 1.258268
0.496397 -0.557037 1.246949
0.471772 -0.557037 1.243049
0.447146 -0.557037 1.246949
0.424931 -0.557037 1.258268
0.407302 -0.557037 1.275898
0.395983 -0.557037 1.298113
0.392082 -0.557037 1.322739
0.395983 -0.557037 1.347364
0.407302 -0.557037 1.369579
0.424931 -0.557037 1.387209
0.447146 -0.557037 1.398528
0.471772 -0.557037 1.402428
0.496397 -0.557037 1.398528
0.518612 -0.557037 1.387209
0.536242 -0.557037 1.369579
0.547561 -0.557037 1.347364
0.551461 -0.557037 1.322739
0.547561 -0.557037 1.298113
0.621484 -0.538376 1.274094
0.691721 -0.507786 1.251273
0.691721 -0.507786 1.251273
0.756542 -0.466020 1.230211
0.756542 -0.466020 1.230211
0.814351 -0.414106 1.211428
0.814351 -0.414106 1.211428
0.863724 -0.353322 1.195385
0.863724 -0.353322 1.195385
0.903446 -0.285165 1.182479
0.903446 -0.285165 1.182479
0.932539 -0.211314 1.173026
0.932539 -0.211314 1.173026
0.950287 -0.133587 1.167260
0.950287 -0.133587 1.167260
0.956252 -0.053897 1.165322
0.956252 -0.053897 1.165322
0.950287 0.025792 1.167260
0.950287 0.025792 1.167260
0.932539 0.103520 1.173026
0.932539 0.103520 1.173026
0.903446 0.177371 1.182479
0.903446 0.177371 1.182479
0.863724 0.245528 1.195385
0.863724 0.245528 1.195385
0.814351 0.306311 1.211428
0.814351 0.306311 1.211428
0.756542 0.358226 1.230211
0.756542 0.358226 1.230211
0.691721 0.399992 1.251273
0.691721 0.399992 1.251273
0.621484 0.430582 1.274094
0.621484 0.430582 1.274094
0.547561 0.449243 1.298113
0.536242 0.449243 1.275898
0.518612 0.449243 1.258268
0.496397 0.449243 1.246949
0.471772 0.449243 1.243049
0.447146 0.449243 1.246949
0.424931 0.449243 1.258268
0.407302 0.449243 1.275898
0.395983 0.449243 1.298113
0.392082 0.449243 1.322739
0.395983 0.449243 1.347364
0.407302 0.449243 1.369579
0.424931 0.449243 1.387209
0.447146 0.449243 1.398528
0.471772 0.449243 1.402428
0.496397 0.449243 1.398528
0.518612 0.449243 1.387209
0.536242 0.449243 1.369579
0.547561 0.449243 1.347364
0.551461 0.449243 1.322739
0.547561 0.449243 1.298113
0.471772 -0.563309 1.322739
0.471772 -0.563309 1.322739
0.471772 -0.563309 1.322739
0.471772 -0.563309 1.322739
0.471772 -0.563309 1.322739
0.471772 -0.563309 1.322739
0.471772 -0.563309 1.322739
0.471772 -0.563309 1.322739
0.471772 -0.563309 1.322739
0.471772 -0.563309 1.322739
0.471772 -0.563309 1.322739
0.471772 -0.563309 1.322739
0.471772 -0.563309 1.322739
0.471772 -0.563309 1.322739
0.471772 -0.563309 1.322739
0.471772 -0.563309 1.322739
0.471772 -0.563309 1.322739
0.471772 -0.563309 1.322739
0.471772 -0.563309 1.322739
0.471772 -0.563309 1.322739
0.471772 0.455515 1.322739
0.471772 0.455515 1.322739
0.471772 0.455515 1.322739
0.471772 0.455515 1.322739
0.471772 0.455515 1.322739
0.471772 0.455515 1.322739
0.471772 0.455515 1.322739
0.471772 0.455515 1.322739
0.471772 0.455515 1.322739
0.471772 0.455515 1.322739
0.471772 0.455515 1.322739
0.471772 0.455515 1.322739
0.471772 0.455515 1.322739
0.471772 0.455515 1.322739
0.471772 0.455515 1.322739
0.471772 0.455515 1.322739
0.471772 0.455515 1.322739
0.471772 0.455515 1.322739
0.471772 0.455515 1.322739
0.471772 0.455515 1.322739
0.236327 0.015939 1.515170
0.239933 0.000779 1.529130
0.233153 0.020563 1.520139
0.239933 0.000779 1.529130
0.236327 0.015939 1.515170
0.238413 0.002508 1.536595
0.238413 0.002508 1.536595
0.243405 -0.022668 1.539886
0.239933 0.000779 1.529130
0.240607 -0.021095 1.546085
0.230856 0.029110 1.496341
0.230856 0.029110 1.496341
0.226713 0.035264 1.500551
0.223746 0.037799 1.473855
0.221932 0.045820 1.477723
0.223746 0.037799 1.473855
0.217068 0.039387 1.447076
0.223746 0.037799 1.473855
0.216897 0.045965 1.450934
0.221932 0.045820 1.477723
0.217068 0.039387 1.447076
0.210964 0.029825 1.420222
0.260463 0.025290 1.404351
0.208606 0.034046 1.417450
0.210964 0.029825 1.420222
0.227978 0.014475 1.396028
0.206815 0.011894 1.393564
0.256888 0.007808 1.386267
0.206815 0.011894 1.393564
0.223731 -0.007144 1.386208
0.205542 -0.007308 1.381098
0.205542 -0.007308 1.381098
0.204868 -0.006194 1.373591
0.219196 -0.036767 1.384676
0.202135 -0.038279 1.372852
0.202135 -0.038279 1.372852
0.199442 -0.044082 1.368332
0.219712 -0.059951 1.381609
0.202135 -0.038279 1.372852
0.219196 -0.036767 1.384676
0.202722 -0.062345 1.373142
0.202722 -0.062345 1.373142
0.199442 -0.044082 1.368332
0.202135 -0.038279 1.372852
0.203110 -0.064673 1.368007
0.205105 -0.087651 1.382493
0.205105 -0.087651 1.382493
0.203425 -0.089797 1.377023
0.227475 -0.108569 1.399076
0.208703 -0.113946 1.401015
0.206632 -0.118944 1.396217
0.208703 -0.113946 1.401015
0.259910 -0.106714 1.382625
0.213365 -0.130031 1.430032
0.213365 -0.130031 1.430032
0.210182 -0.135025 1.429631
0.224401 -0.136201 1.463379
0.224401 -0.136201 1.463379
0.220984 -0.140526 1.464706
0.230627 -0.131381 1.491480
0.230627 -0.131381 1.491480
0.229254 -0.134727 1.494533
0.237184 -0.116598 1.515723
0.237184 -0.116598 1.515723
0.234499 -0.119545 1.521357
0.241614 -0.095029 1.533020
0.241614 -0.095029 1.533020
0.237761 -0.096322 1.539598
0.243325 -0.070869 1.543124
0.243325 -0.070869 1.543124
0.239527 -0.071288 1.548502
0.244197 -0.046904 1.544619
0.239527 -0.071288 1.548502
0.244197 -0.046904 1.544619
0.240764 -0.045739 1.548867
0.243325 -0.070869 1.543124
0.243405 -0.022668 1.539886
0.240607 -0.021095 1.546085
0.437744 0.007493 1.389452
0.640071 0.060829 1.210238
0.627329 0.047750 1.216739
0.628589 0.062511 1.199648
0.615771 0.049685 1.205721
0.423102 -0.070712 1.270849
0.404731 -0.075975 1.282079
0.405120 -0.030273 1.283491
0.404524 -0.008944 1.299408
0.396299 -0.031887 1.283906
0.579027 0.108207 1.202183
0.562611 0.112942 1.222850
0.573219 0.120843 1.216531
0.567427 0.100101 1.207805
0.413842 0.017559 1.322339
0.380120 -0.004331 1.429585
0.373981 0.007258 1.418401
0.365907 0.017443 1.406574
0.358445 0.027317 1.392905
0.279954 -0.009379 1.351597
0.301893 -0.009487 1.330214
0.278251 -0.037146 1.346870
0.304220 -0.037057 1.325106
0.304220 -0.037057 1.325106
0.278251 -0.037146 1.346870
0.351905 -0.099936 1.334957
0.333782 -0.037732 1.311189
0.372213 0.036494 1.388535
0.380867 0.027118 1.403579
0.362361 0.035918 1.366875
0.346936 0.033184 1.371552
0.354006 0.029266 1.343188
0.383441 -0.095398 1.317845
0.343292 -0.085840 1.319285
0.364545 -0.012206 1.305249
0.334476 -0.010003 1.316663
0.351447 0.015256 1.321456
0.333782 -0.037732 1.311189
0.362654 -0.037433 1.298249
0.362654 -0.037433 1.298249
0.403393 0.022064 1.380923
0.403760 0.016770 1.404783
0.422625 0.004716 1.403183
0.313282 -0.089111 1.333310
0.254737 -0.011928 1.376271
0.251498 -0.037630 1.370566
0.251498 -0.037630 1.370566
0.288121 0.023241 1.387575
0.321354 -0.098420 1.456285
0.448935 0.039228 1.335333
0.448037 0.035874 1.354813
0.438338 0.036791 1.341875
0.443239 0.034241 1.323590
0.461168 0.035481 1.368649
0.470180 0.037289 1.360467
0.494366 0.019983 1.369206
0.438882 -0.061594 1.266513
0.426377 -0.035991 1.251847
0.437776 -0.000076 1.275015
0.421714 -0.015170 1.262476
0.429335 -0.019104 1.249758
0.423431 0.014963 1.301412
0.411965 0.010566 1.308557
0.441946 0.026814 1.313356
0.440261 0.017033 1.301492
0.429120 0.026826 1.313920
0.454987 0.039445 1.280504
0.446311 0.020583 1.263576
0.446715 0.034674 1.286018
0.481229 0.045009 1.313531
0.478530 0.043350 1.330667
0.488467 0.047027 1.320877
0.470666 0.042226 1.320983
0.467653 0.041161 1.311842
0.491347 0.045160 1.342857
0.502617 0.048647 1.334894
0.511757 0.052290 1.353021
0.503870 0.047316 1.360532
0.536224 0.007730 1.353604
0.518369 -0.063658 1.302092
0.491372 -0.034273 1.238245
0.478745 -0.010489 1.234613
0.475060 -0.045110 1.243477
0.453746 0.004344 1.244269
0.462913 0.007530 1.243915
0.484106 0.061333 1.264288
0.486091 0.046251 1.246629
0.475572 0.038904 1.270503
0.473038 0.029349 1.255196
0.520396 0.094834 1.312976
0.503337 0.072663 1.305544
0.514313 0.071312 1.315626
0.511674 0.092091 1.299256
0.534224 0.091984 1.327579
0.521882 0.070715 1.327782
0.511180 -0.015137 1.234300
0.516631 0.016054 1.217939
0.497992 0.003094 1.227765
0.489733 0.025517 1.233704
0.508344 0.037861 1.225495
0.508344 0.037861 1.225495
0.489733 0.025517 1.233704
0.484671 0.071039 1.280177
0.488303 0.073834 1.292110
0.543741 0.113211 1.280181
0.551937 0.112834 1.290409
0.539794 0.110933 1.268830
0.565378 0.106206 1.301879
0.578558 0.097173 1.307935
0.589776 0.087692 1.310903
0.600502 0.077226 1.310091
0.609847 0.063997 1.306068
0.616833 0.050365 1.296386
0.618390 0.036901 1.282019
0.615637 0.027464 1.266073
0.608422 0.020368 1.247927
0.597815 0.018327 1.231925
0.571011 0.030727 1.209403
0.585037 0.021884 1.218980
0.557797 0.045150 1.204810
0.531142 0.026252 1.213215
0.522175 0.047135 1.219364
0.547117 0.063378 1.208503
0.547117 0.063378 1.208503
0.540330 0.082249 1.220410
0.522175 0.047135 1.219364
0.537397 0.103454 1.252314
0.536522 0.095246 1.237436
0.636018 0.169324 1.239688
0.626646 0.171501 1.229874
0.621638 0.177484 1.234446
0.633919 0.175744 1.245505
0.646880 0.169271 1.251922
0.646693 0.165000 1.243872
0.661780 0.159073 1.253435
0.659437 0.156231 1.245177
0.670938 0.146364 1.242643
0.674794 0.148008 1.250545
0.678087 0.139185 1.239280
0.683061 0.139477 1.246679
0.691116 0.128099 1.238956
0.684921 0.130153 1.232807
0.695475 0.118302 1.226090
0.688602 0.122720 1.222531
0.694439 0.110716 1.211225
0.688005 0.116941 1.210643
0.681895 0.113396 1.195750
0.687064 0.106396 1.193579
0.672241 0.112639 1.183392
0.675821 0.105737 1.178708
0.664370 0.114321 1.176615
0.664947 0.108658 1.170667
0.653054 0.120025 1.171540
0.652043 0.115106 1.165528
0.645955 0.125150 1.170841
0.643743 0.118565 1.160731
0.633260 0.136262 1.173965
0.625869 0.134021 1.164019
0.625869 0.134021 1.164019
0.612493 0.150984 1.177877
0.620331 0.151308 1.183974
0.633260 0.136262 1.173965
0.608126 0.161378 1.190781
0.615871 0.158441 1.194191
0.607034 0.168499 1.201667
0.616179 0.164639 1.203732
0.610550 0.174777 1.216686
0.617876 0.169501 1.215611
0.616181 0.177002 1.226076
0.622196 0.171136 1.222997
0.619092 0.171217 1.236913
0.617439 0.149245 1.260594
0.631493 0.169671 1.247818
0.605478 0.151057 1.251034
0.631051 0.142417 1.265470
0.644367 0.163858 1.253598
0.658466 0.153924 1.254739
0.643694 0.133959 1.267053
0.670217 0.142803 1.252229
0.655522 0.123531 1.265063
0.678292 0.134275 1.248076
0.664555 0.114387 1.259771
0.685597 0.123535 1.240562
0.671447 0.105314 1.253303
0.689596 0.114249 1.228333
0.674567 0.096306 1.241530
0.673807 0.089974 1.229129
0.688591 0.107232 1.214562
0.668923 0.084654 1.214065
0.681813 0.102890 1.197975
0.658441 0.081487 1.198324
0.671527 0.101809 1.183418
0.660900 0.104473 1.175219
0.646781 0.083551 1.188335
0.633880 0.090559 1.177432
0.640238 0.113614 1.164759
0.623754 0.094360 1.178135
0.608141 0.109362 1.180072
0.624011 0.128901 1.169423
0.624011 0.128901 1.169423
0.595804 0.124251 1.192385
0.610701 0.145456 1.182325
0.608141 0.109362 1.180072
0.588882 0.135980 1.205984
0.605319 0.155670 1.194141
0.605568 0.162840 1.205768
0.590047 0.142911 1.220052
0.608262 0.168780 1.219885
0.593988 0.149397 1.234358
0.613668 0.170828 1.228813
0.599838 0.150716 1.243418
0.619358 0.173894 1.236636
0.659997 0.156083 1.255106
0.672118 0.144596 1.252500
0.680409 0.135901 1.248359
0.688094 0.124749 1.240635
0.692285 0.115120 1.227966
0.691251 0.107785 1.213580
0.662453 0.105200 1.173089
0.648896 0.111074 1.166957
0.640714 0.115539 1.162808
0.623722 0.130106 1.166731
0.610243 0.146924 1.179960
0.623722 0.130106 1.166731
0.605402 0.157869 1.192755
0.604016 0.164736 1.203950
0.608235 0.171322 1.219045
0.613818 0.173467 1.228292
0.603905 0.153082 1.252880
0.612755 0.144805 1.266564
0.616656 0.151105 1.263107
0.599676 0.146716 1.256669
0.613538 0.142947 1.264050
0.601229 0.144707 1.254789
0.631151 0.143855 1.268284
0.627155 0.135805 1.268815
0.644473 0.135004 1.269931
0.640020 0.128821 1.273294
0.639240 0.127775 1.270417
0.657018 0.123995 1.267825
0.652238 0.117906 1.271359
0.650738 0.117436 1.268596
0.666553 0.114214 1.262227
0.662019 0.107968 1.265439
0.660004 0.108126 1.262971
0.673937 0.104532 1.255439
0.668752 0.098704 1.258658
0.666211 0.099447 1.256484
0.677163 0.094815 1.242873
0.671753 0.089285 1.246475
0.669107 0.090751 1.245100
0.670875 0.082889 1.233945
0.676320 0.087947 1.229467
0.668285 0.084894 1.233581
0.666301 0.077134 1.218730
0.671402 0.082479 1.213756
0.663670 0.079304 1.219031
0.655851 0.073221 1.201850
0.660190 0.079143 1.197016
0.654061 0.075568 1.203161
0.647640 0.081424 1.186141
0.643167 0.075273 1.190500
0.642307 0.077397 1.192696
0.634502 0.087401 1.178269
0.631088 0.081806 1.183015
0.630873 0.083632 1.185557
0.622841 0.093023 1.175267
0.618287 0.086615 1.179746
0.619199 0.087953 1.182613
0.601570 0.102773 1.181296
0.606005 0.109094 1.177198
0.603734 0.103018 1.184202
0.606005 0.109094 1.177198
0.589177 0.117567 1.193245
0.593496 0.124357 1.189893
0.601570 0.102773 1.181296
0.603734 0.103018 1.184202
0.591505 0.117446 1.195757
0.581573 0.131138 1.208208
0.586170 0.137112 1.204749
0.584049 0.129785 1.209538
0.587160 0.144446 1.219781
0.582379 0.137942 1.224137
0.585312 0.136426 1.224416
0.591453 0.151279 1.234816
0.587224 0.145079 1.239040
0.589722 0.143216 1.238532
0.597930 0.152693 1.244820
0.593565 0.146415 1.248681
0.595414 0.144479 1.247194
0.435326 0.021094 1.364525
0.424378 0.019741 1.350404
0.418003 0.020887 1.336388
0.471193 0.025962 1.377295
0.413095 -0.048004 1.268245
0.411024 -0.025525 1.276099
0.420536 -0.038104 1.260846
0.369081 0.008110 1.320446
0.382984 0.008805 1.313910
0.378315 -0.032078 1.287816
0.395661 -0.054355 1.277577
0.465749 0.050159 1.333518
0.457300 0.049695 1.323123
0.455035 0.042717 1.329142
0.463934 0.042493 1.339814
0.451166 0.038046 1.319405
0.453682 0.048617 1.312342
0.478707 0.038999 1.352694
0.478474 0.050992 1.344558
0.460921 -0.051976 1.250878
0.443712 -0.028455 1.239319
0.442129 -0.009867 1.242370
0.447911 0.044279 1.301738
0.444485 0.007969 1.266817
0.486632 0.068572 1.311803
0.494697 0.071866 1.323353
0.480601 0.065005 1.302247
0.505312 0.070987 1.338062
0.519549 0.063312 1.348722
0.544578 0.035016 1.342303
0.524533 0.041707 1.360255
0.530918 0.026289 1.359140
0.536141 0.049536 1.344342
0.473269 0.011159 1.243491
0.473269 0.011159 1.243491
0.467437 0.052504 1.292898
0.481625 0.055489 1.285602
0.533076 0.070493 1.345181
0.507836 0.028071 1.360161
0.485432 0.029265 1.361399
0.459499 0.045088 1.297484
0.442129 -0.009867 1.242370
0.453746 0.004344 1.244269
0.462913 0.007530 1.243915
0.558946 0.068294 1.340819
0.435977 -0.099894 1.335417
0.419455 -0.103040 1.345472
0.356118 -0.098284 1.438031
0.377489 -0.104090 1.398148
0.402318 -0.106100 1.358506
0.396773 0.025722 1.368187
0.390140 0.030761 1.348520
0.421267 0.030908 1.374232
0.412417 0.028045 1.360686
0.445561 0.025932 1.375466
0.390482 0.014347 1.412017
0.371493 0.026189 1.332748
0.385270 0.013653 1.329102
0.405889 0.017880 1.341758
0.421714 -0.015170 1.262476
0.411024 -0.025525 1.276099
0.396299 -0.031887 1.283906
0.405120 -0.030273 1.283491
0.497413 -0.076728 1.305975
0.378315 -0.032078 1.287816
0.621214 0.160318 1.237475
0.636018 0.169324 1.239688
0.639742 0.154357 1.250340
0.626646 0.171501 1.229874
0.646693 0.165000 1.243872
0.659437 0.156231 1.245177
0.662146 0.137192 1.249146
0.670938 0.146364 1.242643
0.678087 0.139185 1.239280
0.675063 0.122250 1.240034
0.684921 0.130153 1.232807
0.688602 0.122720 1.222531
0.677911 0.110051 1.219568
0.688005 0.116941 1.210643
0.681895 0.113396 1.195750
0.672266 0.106762 1.205833
0.672241 0.112639 1.183392
0.656073 0.107572 1.188211
0.664370 0.114321 1.176615
0.653054 0.120025 1.171540
0.639054 0.117527 1.182929
0.645955 0.125150 1.170841
0.627319 0.127762 1.185848
0.633260 0.136262 1.173965
0.620331 0.151308 1.183974
0.611250 0.148220 1.204569
0.615871 0.158441 1.194191
0.616179 0.164639 1.203732
0.613107 0.158448 1.224335
0.617876 0.169501 1.215611
0.622196 0.171136 1.222997
0.621214 0.160318 1.237475
0.639742 0.154357 1.250340
0.662146 0.137192 1.249146
0.675063 0.122250 1.240034
0.677911 0.110051 1.219568
0.672266 0.106762 1.205833
0.656073 0.107572 1.188211
0.639054 0.117527 1.182929
0.627319 0.127762 1.185848
0.611250 0.148220 1.204569
0.613107 0.158448 1.224335
0.605225 0.116327 1.288342
0.590997 0.124176 1.283233
0.591876 0.106490 1.298058
0.578028 0.114623 1.292614
0.578229 0.128767 1.273243
0.565133 0.120599 1.281903
0.571589 0.128922 1.263883
0.557618 0.121253 1.272248
0.567066 0.127071 1.253971
0.553406 0.119221 1.261527
0.562426 0.121493 1.237789
0.549909 0.112736 1.244991
0.562611 0.112942 1.222850
0.549597 0.104242 1.229983
0.553920 0.091257 1.213911
0.567427 0.100101 1.207805
0.577855 0.082703 1.195693
0.562789 0.073167 1.201925
0.577855 0.082703 1.195693
0.589944 0.067777 1.193841
0.574183 0.056735 1.199366
0.562789 0.073167 1.201925
0.586772 0.043665 1.203861
0.601860 0.056231 1.198021
0.600760 0.035988 1.212310
0.615771 0.049685 1.205721
0.612811 0.033288 1.224200
0.627329 0.047750 1.216739
0.637135 0.049167 1.232405
0.622873 0.034845 1.239803
0.642959 0.055686 1.249196
0.629520 0.041402 1.257265
0.644897 0.063293 1.263119
0.631849 0.050054 1.272324
0.630123 0.062491 1.285650
0.643007 0.074530 1.275349
0.622871 0.075127 1.294496
0.635865 0.086123 1.283232
0.613334 0.087494 1.298677
0.626280 0.097739 1.287914
0.616949 0.108339 1.290069
0.578558 0.097173 1.307935
0.578028 0.114623 1.292614
0.565378 0.106206 1.301879
0.591876 0.106490 1.298058
0.551937 0.112834 1.290409
0.565133 0.120599 1.281903
0.557618 0.121253 1.272248
0.543741 0.113211 1.280181
0.553406 0.119221 1.261527
0.539794 0.110933 1.268830
0.537397 0.103454 1.252314
0.549909 0.112736 1.244991
0.549597 0.104242 1.229983
0.536522 0.095246 1.237436
0.540330 0.082249 1.220410
0.553920 0.091257 1.213911
0.562789 0.073167 1.201925
0.547117 0.063378 1.208503
0.562789 0.073167 1.201925
0.574183 0.056735 1.199366
0.547117 0.063378 1.208503
0.557797 0.045150 1.204810
0.571011 0.030727 1.209403
0.586772 0.043665 1.203861
0.585037 0.021884 1.218980
0.600760 0.035988 1.212310
0.597815 0.018327 1.231925
0.612811 0.033288 1.224200
0.608422 0.020368 1.247927
0.622873 0.034845 1.239803
0.629520 0.041402 1.257265
0.615637 0.027464 1.266073
0.631849 0.050054 1.272324
0.618390 0.036901 1.282019
0.616833 0.050365 1.296386
0.630123 0.062491 1.285650
0.609847 0.063997 1.306068
0.622871 0.075127 1.294496
0.600502 0.077226 1.310091
0.613334 0.087494 1.298677
0.603829 0.098092 1.300016
0.589776 0.087692 1.310903
0.605225 0.116327 1.288342
0.616086 0.125400 1.279287
0.601948 0.132941 1.274381
0.590997 0.124176 1.283233
0.578229 0.128767 1.273243
0.589364 0.136227 1.264830
0.583238 0.136116 1.256124
0.571589 0.128922 1.263883
0.578250 0.134506 1.246845
0.567066 0.127071 1.253971
0.562426 0.121493 1.237789
0.573362 0.128797 1.231428
0.590477 0.091961 1.190216
0.577855 0.082703 1.195693
0.590477 0.091961 1.190216
0.589944 0.067777 1.193841
0.577855 0.082703 1.195693
0.603854 0.077422 1.188645
0.601860 0.056231 1.198021
0.615502 0.068634 1.192336
0.637135 0.049167 1.232405
0.649741 0.062951 1.225989
0.654942 0.069161 1.241867
0.642959 0.055686 1.249196
0.656409 0.075906 1.254693
0.644897 0.063293 1.263119
0.643007 0.074530 1.275349
0.654148 0.085981 1.266339
0.635865 0.086123 1.283232
0.647339 0.096340 1.273496
0.637844 0.107000 1.278624
0.626280 0.097739 1.287914
0.627862 0.117515 1.280907
0.616949 0.108339 1.290069
0.627155 0.135805 1.268815
0.613538 0.142947 1.264050
0.616086 0.125400 1.279287
0.601948 0.132941 1.274381
0.601229 0.144707 1.254789
0.589364 0.136227 1.264830
0.595414 0.144479 1.247194
0.583238 0.136116 1.256124
0.589722 0.143216 1.238532
0.578250 0.134506 1.246845
0.585312 0.136426 1.224416
0.573362 0.128797 1.231428
0.573219 0.120843 1.216531
0.584049 0.129785 1.209538
0.579027 0.108207 1.202183
0.591505 0.117446 1.195757
0.603734 0.103018 1.184202
0.590477 0.091961 1.190216
0.603734 0.103018 1.184202
0.619199 0.087953 1.182613
0.603854 0.077422 1.188645
0.590477 0.091961 1.190216
0.615502 0.068634 1.192336
0.630873 0.083632 1.185557
0.628589 0.062511 1.199648
0.642307 0.077397 1.192696
0.640071 0.060829 1.210238
0.654061 0.075568 1.203161
0.663670 0.079304 1.219031
0.649741 0.062951 1.225989
0.668285 0.084894 1.233581
0.654942 0.069161 1.241867
0.669107 0.090751 1.245100
0.656409 0.075906 1.254693
0.666211 0.099447 1.256484
0.654148 0.085981 1.266339
0.647339 0.096340 1.273496
0.660004 0.108126 1.262971
0.650738 0.117436 1.268596
0.637844 0.107000 1.278624
0.639240 0.127775 1.270417
0.627862 0.117515 1.280907
0.625182 0.107720 1.165625
0.627904 0.110695 1.165183
0.608572 0.123450 1.170537
0.606650 0.120309 1.174224
0.606005 0.122973 1.175059
0.610238 0.128407 1.171725
0.610211 0.129219 1.174902
0.612740 0.129876 1.173903
0.608760 0.128452 1.173940
0.614132 0.125404 1.168594
0.612068 0.127320 1.169749
0.610496 0.121253 1.169525
0.624399 0.115006 1.164863
0.620657 0.110836 1.165681
0.606115 0.122517 1.177061
0.606757 0.119819 1.176963
0.608512 0.117875 1.173224
0.618618 0.107704 1.169450
0.615101 0.129250 1.172542
0.617217 0.127563 1.171682
0.622887 0.109041 1.165092
0.626370 0.112899 1.164505
0.629367 0.115176 1.167499
0.627609 0.117427 1.168075
0.623588 0.104861 1.170582
0.620913 0.105550 1.171785
0.627510 0.106336 1.168862
0.626381 0.105625 1.169365
0.607294 0.126603 1.176199
0.606646 0.125295 1.176520
0.607240 0.126763 1.175659
0.630116 0.112454 1.167318
0.629795 0.109673 1.167661
0.608756 0.117306 1.176155
0.629203 0.108390 1.167947
0.618718 0.107198 1.172575
0.607626 0.127431 1.175067
0.608314 0.128039 1.174960
0.608872 0.128557 1.175398
0.627609 0.117427 1.168075
0.608756 0.117306 1.176155
0.618718 0.107198 1.172575
0.617217 0.127563 1.171682
0.606757 0.119819 1.176963
0.615101 0.129250 1.172542
0.629367 0.115176 1.167499
0.620913 0.105550 1.171785
0.630116 0.112454 1.167318
0.623588 0.104861 1.170582
0.629795 0.109673 1.167661
0.626381 0.105625 1.169365
0.629203 0.108390 1.167947
0.627510 0.106336 1.168862
0.606115 0.122517 1.177061
0.612740 0.129876 1.173903
0.606646 0.125295 1.176520
0.610211 0.129219 1.174902
0.607294 0.126603 1.176199
0.608872 0.128557 1.175398
0.699984 0.249721 1.178778
0.693366 0.253795 1.179772
0.697852 0.244509 1.183594
0.689782 0.247524 1.184409
0.727403 0.239291 1.148763
0.730706 0.200003 1.154509
0.735272 0.208442 1.142135
0.729895 0.207017 1.157872
0.734331 0.215031 1.146058
0.733860 0.176634 1.153635
0.732074 0.170068 1.147120
0.735091 0.179515 1.148958
0.734504 0.172920 1.143205
0.735818 0.218197 1.140326
0.736871 0.212803 1.136492
0.736765 0.222274 1.133344
0.737918 0.217508 1.130280
0.739593 0.227007 1.113759
0.739451 0.224240 1.118475
0.743108 0.182786 1.129142
0.745955 0.188904 1.120169
0.741718 0.189983 1.132759
0.744811 0.195018 1.122515
0.728554 0.244728 1.141649
0.728556 0.248817 1.134244
0.728631 0.253193 1.127242
0.727504 0.261236 1.114281
0.725518 0.267962 1.103042
0.728286 0.257917 1.120464
0.739376 0.229212 1.108669
0.737500 0.235656 1.092770
0.748988 0.205262 1.102709
0.749800 0.208307 1.096926
0.747769 0.194001 1.113113
0.748507 0.196844 1.107367
0.746632 0.199257 1.114907
0.747774 0.202039 1.109488
0.704929 0.265012 1.166684
0.695954 0.239489 1.189200
0.720802 0.217998 1.168639
0.721471 0.222308 1.165648
0.728356 0.196948 1.158674
0.728939 0.165400 1.151830
0.731761 0.173978 1.157805
0.620851 0.227883 1.196234
0.619061 0.234297 1.192111
0.617504 0.240017 1.188146
0.616172 0.245185 1.182575
0.738373 0.195651 1.132063
0.740615 0.199403 1.123826
0.744626 0.206245 1.110145
0.742595 0.203154 1.116621
0.746472 0.209626 1.104088
0.747126 0.211738 1.098025
0.723583 0.211839 1.164663
0.730342 0.219536 1.147848
0.725929 0.213318 1.160269
0.732036 0.222772 1.142060
0.733374 0.226684 1.134448
0.734167 0.236381 1.117761
0.734141 0.234222 1.122476
0.734115 0.238668 1.112110
0.732584 0.244943 1.098485
0.713016 0.230486 1.173397
0.719733 0.247511 1.155312
0.717840 0.242692 1.160380
0.720964 0.252986 1.148547
0.722337 0.262614 1.132496
0.721694 0.257753 1.140894
0.721482 0.270130 1.121520
0.721940 0.266701 1.126878
0.718921 0.276601 1.109582
0.705584 0.288727 1.125152
0.702061 0.291332 1.120998
0.709478 0.278273 1.140887
0.708901 0.280727 1.136537
0.709292 0.265263 1.157194
0.708945 0.270211 1.151429
0.709217 0.259864 1.162594
0.702845 0.240179 1.178360
0.704467 0.245224 1.173699
0.694347 0.234952 1.194617
0.683553 0.236428 1.194631
0.706867 0.233548 1.172201
0.704311 0.235151 1.173786
0.705076 0.233432 1.174344
0.721405 0.213519 1.166974
0.727153 0.189322 1.158003
0.712119 0.249605 1.153217
0.703668 0.259074 1.171913
0.697630 0.263070 1.172912
0.707719 0.254476 1.167143
0.713751 0.253763 1.147893
0.687316 0.255447 1.176287
0.694059 0.271449 1.164192
0.693042 0.268152 1.167440
0.691265 0.263971 1.170919
0.694417 0.276922 1.157544
0.694725 0.284939 1.147450
0.694944 0.288036 1.143329
0.693822 0.294697 1.132456
0.693402 0.296855 1.126486
0.709255 0.275247 1.145276
0.694845 0.282267 1.150961
0.707925 0.255799 1.157027
0.708638 0.261673 1.152587
0.708741 0.266494 1.147291
0.708697 0.273494 1.138293
0.708870 0.270738 1.141578
0.707979 0.277081 1.133636
0.689533 0.294992 1.125498
0.687227 0.288828 1.127869
0.687812 0.292242 1.122981
0.688784 0.282517 1.138665
0.687902 0.275207 1.148455
0.690445 0.279237 1.149709
0.688883 0.279893 1.141955
0.690586 0.282555 1.145004
0.685968 0.271279 1.150162
0.686433 0.266224 1.153797
0.688922 0.269987 1.159832
0.683821 0.264576 1.157374
0.681974 0.259964 1.158685
0.680437 0.254628 1.166142
0.678779 0.251285 1.167499
0.678779 0.247459 1.175799
0.676174 0.244379 1.170590
0.674039 0.243710 1.172044
0.672539 0.237661 1.183326
0.675304 0.241314 1.180341
0.672006 0.235872 1.176509
0.673574 0.239295 1.174569
0.714927 0.258565 1.140043
0.715752 0.263548 1.132508
0.715617 0.270084 1.122436
0.715868 0.266268 1.128288
0.725478 0.257445 1.111463
0.726731 0.235322 1.144728
0.727282 0.240109 1.137377
0.727252 0.244631 1.130887
0.725179 0.230776 1.149565
0.721736 0.221621 1.156627
0.720778 0.218384 1.159346
0.721159 0.217072 1.160426
0.721942 0.216940 1.158784
0.723696 0.218277 1.154279
0.725286 0.223011 1.144257
0.726357 0.225555 1.139826
0.727711 0.228964 1.133832
0.725145 0.168332 1.135027
0.720961 0.164099 1.139410
0.733642 0.176786 1.122537
0.739119 0.183168 1.113534
0.742959 0.184305 1.116370
0.740433 0.186041 1.108891
0.740711 0.188439 1.104394
0.744771 0.188319 1.110393
0.745973 0.191237 1.105905
0.739852 0.207915 1.109227
0.736140 0.192573 1.138927
0.733562 0.190346 1.144636
0.737089 0.176011 1.139403
0.728818 0.171115 1.131304
0.729811 0.192430 1.142001
0.729143 0.191246 1.147596
0.726247 0.194534 1.152028
0.726888 0.191092 1.153872
0.728272 0.190407 1.152282
0.737565 0.222542 1.111108
0.737418 0.220201 1.115786
0.735408 0.231891 1.090176
0.737274 0.224768 1.106339
0.724087 0.263788 1.100830
0.743080 0.193630 1.096089
0.744745 0.198248 1.090294
0.747896 0.196549 1.098574
0.714211 0.276947 1.110573
0.738798 0.221236 1.124037
0.733967 0.230844 1.128199
0.728253 0.240035 1.113222
0.727769 0.246161 1.099240
0.741544 0.210998 1.103426
0.743368 0.212915 1.097928
0.739573 0.186227 1.138579
0.740472 0.179516 1.134315
0.731414 0.173938 1.126703
0.613034 0.228018 1.185867
0.614455 0.222692 1.189417
0.613631 0.236965 1.185288
0.611695 0.233465 1.181816
0.609095 0.245466 1.171154
0.609986 0.238802 1.176160
0.611480 0.248412 1.175108
0.611931 0.242712 1.180324
0.610690 0.253987 1.170782
0.610692 0.258727 1.166169
0.608580 0.251285 1.166807
0.608554 0.256477 1.163081
0.615528 0.201091 1.194416
0.615724 0.208989 1.192453
0.615193 0.215197 1.191374
0.622107 0.221874 1.200686
0.637994 0.229612 1.195773
0.640518 0.228108 1.189162
0.635369 0.234172 1.192044
0.638717 0.234149 1.185696
0.643334 0.225085 1.190636
0.647220 0.221869 1.191390
0.648964 0.222759 1.198196
0.636754 0.237952 1.182914
0.633333 0.238798 1.187970
0.635238 0.242441 1.178774
0.630658 0.252140 1.170615
0.626828 0.252674 1.173796
0.633286 0.246393 1.174974
0.629301 0.248142 1.178716
0.627801 0.257716 1.166040
0.615724 0.208989 1.192453
0.615528 0.201091 1.194416
0.615193 0.215197 1.191374
0.616248 0.214746 1.184204
0.614455 0.222692 1.189417
0.614783 0.220182 1.182242
0.612946 0.225798 1.179525
0.613034 0.228018 1.185867
0.611695 0.233465 1.181816
0.612264 0.231222 1.175331
0.610459 0.236716 1.170407
0.609986 0.238802 1.176160
0.609095 0.245466 1.171154
0.609252 0.243199 1.165863
0.608580 0.251285 1.166807
0.608554 0.256477 1.163081
0.609067 0.249342 1.162242
0.665759 0.228110 1.181435
0.659447 0.219528 1.193612
0.652615 0.219853 1.191249
0.654443 0.220641 1.198227
0.662652 0.223066 1.182663
0.662846 0.225961 1.190885
0.623406 0.216516 1.205714
0.638744 0.222425 1.178501
0.639597 0.224502 1.181900
0.641512 0.219118 1.179353
0.642764 0.221751 1.184398
0.637495 0.226402 1.176197
0.638035 0.229751 1.179624
0.636781 0.229923 1.173964
0.637021 0.233698 1.177111
0.633312 0.239948 1.166219
0.634101 0.242631 1.170774
0.634794 0.235581 1.169909
0.635349 0.238252 1.173760
0.631461 0.246974 1.161443
0.632301 0.249609 1.165956
0.647287 0.220890 1.185272
0.651634 0.217586 1.180126
0.652117 0.222173 1.186240
0.657865 0.219752 1.183104
0.661192 0.222922 1.178454
0.662652 0.223066 1.182663
0.665759 0.228110 1.181435
0.665334 0.226599 1.174609
0.669351 0.233059 1.178433
0.672006 0.235872 1.176509
0.673574 0.239295 1.174569
0.672127 0.234512 1.169140
0.673026 0.238340 1.166916
0.675692 0.238639 1.165465
0.676174 0.244379 1.170590
0.674039 0.243710 1.172044
0.671231 0.229922 1.194695
0.677811 0.226391 1.200827
0.681266 0.232705 1.197877
0.690765 0.229357 1.199667
0.720133 0.161558 1.142105
0.657693 0.223663 1.188872
0.657865 0.219752 1.183104
0.663994 0.218771 1.172275
0.667887 0.223100 1.167201
0.699095 0.152554 1.146022
0.705586 0.147716 1.149322
0.709934 0.154026 1.146601
0.714547 0.153075 1.151507
0.710609 0.147050 1.155145
0.703674 0.159050 1.142300
0.673595 0.227501 1.163319
0.720133 0.161558 1.142105
0.713223 0.164257 1.138521
0.720961 0.164099 1.139410
0.716317 0.167958 1.135209
0.708508 0.171644 1.138412
0.711638 0.176982 1.134984
0.679161 0.233890 1.162057
0.725145 0.168332 1.135027
0.718330 0.171296 1.131538
0.714509 0.178081 1.131160
0.700515 0.237029 1.164004
0.694956 0.239049 1.156105
0.699965 0.239069 1.162492
0.695681 0.241014 1.154954
0.678779 0.251285 1.167499
0.680437 0.254628 1.166142
0.679516 0.245589 1.162012
0.680730 0.250498 1.157209
0.697141 0.245313 1.152872
0.700821 0.243548 1.159345
0.701493 0.236480 1.165213
0.695780 0.237116 1.157572
0.702105 0.236349 1.164480
0.697921 0.236383 1.156468
0.703175 0.237833 1.162256
0.699143 0.237538 1.154833
0.702896 0.249804 1.155768
0.698701 0.249196 1.151526
0.703945 0.254024 1.152474
0.699235 0.253085 1.148942
0.704837 0.258476 1.148799
0.699579 0.257005 1.145677
0.692134 0.254240 1.148355
0.692773 0.258329 1.145261
0.690856 0.249861 1.150331
0.686399 0.261359 1.148652
0.686859 0.258266 1.152603
0.681974 0.259964 1.158685
0.683821 0.264576 1.157374
0.686433 0.266224 1.153797
0.690426 0.231706 1.158145
0.696906 0.227530 1.153105
0.703373 0.218929 1.149059
0.710662 0.219347 1.146505
0.705491 0.213723 1.147934
0.710880 0.217331 1.146301
0.704785 0.262862 1.143638
0.699886 0.261218 1.141335
0.705482 0.267806 1.138643
0.705289 0.270869 1.135240
0.700189 0.272731 1.129767
0.704801 0.274474 1.131013
0.703474 0.282068 1.121802
0.698577 0.280415 1.119831
0.685968 0.271279 1.150162
0.689093 0.274259 1.137178
0.688883 0.279893 1.141955
0.687902 0.275207 1.148455
0.688415 0.277764 1.132944
0.688784 0.282517 1.138665
0.687020 0.265404 1.145573
0.693542 0.261515 1.140181
0.692415 0.270571 1.133915
0.692788 0.267109 1.136621
0.692499 0.273706 1.130126
0.691700 0.281117 1.120420
0.687348 0.284672 1.123748
0.687227 0.288828 1.127869
0.702184 0.242601 1.148430
0.705581 0.244640 1.153714
0.707176 0.248316 1.148946
0.703876 0.245794 1.144408
0.706126 0.249699 1.140225
0.709070 0.252378 1.144260
0.698839 0.230394 1.149244
0.702565 0.237936 1.140112
0.708677 0.229279 1.139844
0.704973 0.224091 1.145462
0.712180 0.221241 1.145364
0.721384 0.228430 1.144154
0.719175 0.221846 1.150768
0.706949 0.242684 1.135485
0.704108 0.239793 1.136803
0.711454 0.233808 1.135044
0.711760 0.236522 1.130489
0.698353 0.208786 1.148288
0.717099 0.218996 1.152284
0.716866 0.217516 1.152773
0.717946 0.217332 1.152133
0.711078 0.217321 1.144944
0.718649 0.218622 1.149272
0.712899 0.218846 1.142534
0.706335 0.208322 1.143188
0.722799 0.232655 1.139950
0.723211 0.236854 1.134549
0.717584 0.243004 1.122688
0.722661 0.245259 1.122815
0.717893 0.240139 1.126847
0.723333 0.241260 1.128631
0.712607 0.242062 1.127049
0.706308 0.252681 1.123401
0.705184 0.248704 1.129689
0.706518 0.253685 1.134672
0.707591 0.257671 1.128568
0.711017 0.261375 1.130886
0.710031 0.256559 1.137540
0.711090 0.263922 1.126593
0.711309 0.267327 1.121195
0.708659 0.264919 1.116896
0.706395 0.256254 1.120712
0.707813 0.260325 1.112770
0.710804 0.252166 1.112559
0.716618 0.250387 1.112205
0.717069 0.247900 1.116771
0.722329 0.249699 1.116868
0.721743 0.253320 1.111683
0.720033 0.260716 1.099467
0.716337 0.259837 1.098689
0.711815 0.261146 1.100016
0.707954 0.265938 1.102434
0.707475 0.271960 1.105862
0.710610 0.274719 1.108715
0.712315 0.158803 1.143172
0.717065 0.156096 1.148093
0.707378 0.164939 1.140654
0.714547 0.153075 1.151507
0.717065 0.156096 1.148093
0.710609 0.147050 1.155145
0.706984 0.140670 1.160470
0.706984 0.140670 1.160470
0.731400 0.211672 1.124108
0.725756 0.211533 1.121998
0.732515 0.215190 1.118914
0.727082 0.214850 1.117230
0.719086 0.229829 1.122988
0.718751 0.228067 1.126477
0.722834 0.231718 1.125254
0.722689 0.228252 1.132077
0.720931 0.215823 1.121085
0.717619 0.221961 1.122931
0.720906 0.217306 1.117172
0.717134 0.224061 1.118869
0.718157 0.225924 1.130594
0.720992 0.224990 1.137046
0.716311 0.223572 1.133950
0.719964 0.222850 1.141119
0.714883 0.221469 1.137483
0.715198 0.220372 1.125820
0.714518 0.217796 1.129800
0.712578 0.214979 1.133650
0.718778 0.211272 1.127167
0.719478 0.213173 1.122471
0.716570 0.207498 1.130833
0.730383 0.208458 1.128975
0.729057 0.204912 1.134362
0.719520 0.196384 1.139385
0.724279 0.196223 1.143917
0.713701 0.202190 1.135905
0.709115 0.211715 1.137970
0.710907 0.197559 1.139716
0.722627 0.193244 1.146302
0.717813 0.193524 1.141066
0.716560 0.191166 1.141464
0.722859 0.191638 1.147121
0.716174 0.189205 1.140127
0.723113 0.190696 1.147177
0.717024 0.188616 1.137811
0.723702 0.190672 1.143453
0.724659 0.191585 1.138297
0.719433 0.189560 1.134684
0.726705 0.193260 1.133328
0.722541 0.192016 1.129187
0.729366 0.196343 1.127439
0.724846 0.195295 1.123995
0.731844 0.200023 1.120313
0.728493 0.197951 1.117537
0.734212 0.203361 1.113446
0.730672 0.201531 1.111300
0.736348 0.206942 1.107198
0.733094 0.204817 1.105221
0.738180 0.210002 1.101401
0.740356 0.212077 1.096957
0.711571 0.189191 1.141409
0.712161 0.185933 1.139046
0.667211 0.222699 1.197506
0.673151 0.218952 1.204513
0.662036 0.218885 1.202350
0.733642 0.176786 1.122537
0.728722 0.180359 1.117983
0.739119 0.183168 1.113534
0.731519 0.185850 1.110588
0.724229 0.185485 1.116678
0.727135 0.189543 1.110968
0.723522 0.190270 1.120063
0.725650 0.175911 1.124026
0.725231 0.184346 1.120896
0.721754 0.182519 1.123760
0.731414 0.173938 1.126703
0.723353 0.173027 1.127535
0.728818 0.171115 1.131304
0.717186 0.179441 1.128129
0.723441 0.187040 1.125289
0.620992 0.213794 1.177887
0.620022 0.219295 1.176244
0.628986 0.216320 1.174716
0.625727 0.221713 1.171743
0.630004 0.210421 1.175048
0.622239 0.207701 1.178396
0.619641 0.222740 1.174779
0.617691 0.225344 1.171369
0.623489 0.227341 1.165511
0.625431 0.226765 1.170287
0.630979 0.226665 1.171869
0.631090 0.227456 1.169804
0.622863 0.231116 1.163462
0.623082 0.235500 1.161407
0.615641 0.235035 1.163793
0.614494 0.241842 1.159993
0.628199 0.253369 1.158275
0.623813 0.259096 1.157333
0.624883 0.260688 1.159263
0.629099 0.256640 1.162622
0.613069 0.255307 1.156187
0.613761 0.249282 1.157116
0.657242 0.219599 1.179557
0.644217 0.211094 1.176089
0.651232 0.213950 1.173556
0.688776 0.166997 1.149698
0.693423 0.159820 1.147345
0.667425 0.211882 1.166035
0.633178 0.205657 1.174401
0.623355 0.200718 1.174647
0.614991 0.192744 1.197381
0.614991 0.192744 1.197381
0.616742 0.176070 1.202197
0.615276 0.184194 1.199905
0.615276 0.184194 1.199905
0.616742 0.176070 1.202197
0.619119 0.163327 1.209079
0.617056 0.158506 1.211607
0.620595 0.165728 1.215519
0.648308 0.169509 1.237816
0.656676 0.165074 1.239038
0.669164 0.105437 1.200356
0.676606 0.110602 1.194723
0.669164 0.105437 1.200356
0.676606 0.110602 1.194723
0.657358 0.109518 1.189346
0.649203 0.114070 1.184683
0.623183 0.147015 1.193538
0.621285 0.152299 1.201201
0.617779 0.156415 1.207210
0.617847 0.160404 1.201918
0.626026 0.141505 1.187690
0.641050 0.120338 1.182509
0.702154 0.133621 1.167144
0.695719 0.127184 1.172052
0.688738 0.120938 1.180428
0.681784 0.116332 1.186793
0.681317 0.112434 1.194090
0.702154 0.133621 1.167144
0.695719 0.127184 1.172052
0.688738 0.120938 1.180428
0.681784 0.116332 1.186793
0.684790 0.118570 1.193614
0.681317 0.112434 1.194090
0.684943 0.114656 1.198449
0.643595 0.208690 1.171266
0.634247 0.203409 1.170972
0.688178 0.122405 1.199596
0.690195 0.129182 1.208333
0.689496 0.136221 1.214582
0.650636 0.174475 1.237419
0.659660 0.170189 1.237919
0.667852 0.163693 1.236477
0.661629 0.173379 1.233384
0.675098 0.156574 1.233477
0.680980 0.148982 1.229685
0.686496 0.145385 1.219890
0.685962 0.141718 1.225005
0.689757 0.133627 1.219349
0.690766 0.125175 1.211512
0.617056 0.158506 1.211607
0.619119 0.163327 1.209079
0.617117 0.168972 1.205267
0.617117 0.168972 1.205267
0.688045 0.117874 1.204260
0.656930 0.182996 1.231320
0.646899 0.186729 1.227356
0.638459 0.185406 1.225694
0.630130 0.183379 1.221934
0.636422 0.182568 1.228392
0.645755 0.184516 1.230735
0.628332 0.177851 1.224559
0.640415 0.171524 1.235021
0.633459 0.171767 1.230980
0.622999 0.168455 1.221376
0.627077 0.171117 1.226594
0.623080 0.166122 1.230762
0.618734 0.158844 1.235827
0.616577 0.155456 1.230204
0.657969 0.092220 1.214313
0.664260 0.098684 1.207626
0.664260 0.098684 1.207626
0.657969 0.092220 1.214313
0.616329 0.134017 1.194049
0.608056 0.127493 1.196430
0.610951 0.151714 1.218893
0.606150 0.144946 1.224403
0.610951 0.151714 1.218893
0.606150 0.144946 1.224403
0.607711 0.147409 1.230322
0.604953 0.141038 1.241616
0.608919 0.142096 1.248046
0.613904 0.140850 1.252947
0.618932 0.139767 1.257377
0.624459 0.136736 1.260037
0.630885 0.132047 1.262152
0.637345 0.125085 1.261481
0.643607 0.118720 1.260077
0.648446 0.112778 1.257887
0.651444 0.106594 1.253775
0.653444 0.101249 1.249497
0.654175 0.096149 1.244321
0.653866 0.092465 1.239541
0.652709 0.088246 1.229835
0.651495 0.085938 1.221312
0.648551 0.084377 1.214616
0.651495 0.085938 1.221312
0.640787 0.085245 1.203318
0.630690 0.091239 1.196884
0.621298 0.097997 1.193427
0.615381 0.105030 1.194647
0.606278 0.113042 1.197451
0.601122 0.120129 1.201435
0.598416 0.127003 1.209337
0.598137 0.131606 1.217321
0.598989 0.134214 1.223393
0.600912 0.137925 1.230354
0.601970 0.140412 1.236219
0.722543 0.219873 1.113672
0.719053 0.226346 1.115195
0.721943 0.221459 1.109322
0.717433 0.227806 1.111608
0.719967 0.232386 1.119208
0.719784 0.234614 1.114721
0.723729 0.236367 1.116913
0.723001 0.234281 1.120346
0.720515 0.236684 1.110570
0.723471 0.238591 1.112275
0.718328 0.229954 1.106940
0.722268 0.225013 1.104649
0.727719 0.219435 1.109402
0.727612 0.217215 1.113266
0.733232 0.220461 1.109965
0.733161 0.223063 1.105041
0.726867 0.229651 1.090776
0.731094 0.230621 1.090066
0.722462 0.230653 1.092356
0.718880 0.235834 1.093636
0.719211 0.241727 1.096813
0.722756 0.244512 1.099111
0.729351 0.191620 1.106164
0.733638 0.187615 1.106381
0.740433 0.186041 1.108891
0.735848 0.189027 1.103212
0.740711 0.188439 1.104394
0.731140 0.194319 1.101947
0.738241 0.194001 1.095015
0.740781 0.198294 1.089539
0.743080 0.193630 1.096089
0.744745 0.198248 1.090294
0.734156 0.198470 1.095046
0.736960 0.201840 1.090148
0.688368 0.289263 1.119648
0.687812 0.292242 1.122981
0.691838 0.286256 1.116519
0.696854 0.285060 1.115907
0.700968 0.286235 1.117571
0.716973 0.279278 1.102228
0.723882 0.270738 1.097595
0.723150 0.266444 1.095647
0.719417 0.264159 1.094805
0.715623 0.263295 1.094290
0.711396 0.264537 1.095117
0.707554 0.274699 1.101383
0.709925 0.276898 1.102868
0.732327 0.247376 1.091331
0.736637 0.238443 1.086289
0.734830 0.234857 1.085682
0.727732 0.248408 1.092080
0.726621 0.233377 1.085946
0.730323 0.233001 1.085237
0.721025 0.239549 1.088522
0.721607 0.244806 1.090152
0.723736 0.246840 1.092412
0.689342 0.269513 1.144191
0.669351 0.233059 1.178433
0.676319 0.242842 1.164459
0.676303 0.247739 1.169094
0.676303 0.247739 1.169094
0.624883 0.260688 1.159263
0.629099 0.256640 1.162622
0.632301 0.249609 1.165956
0.634101 0.242631 1.170774
0.635349 0.238252 1.173760
0.637021 0.233698 1.177111
0.638035 0.229751 1.179624
0.639597 0.224502 1.181900
0.642764 0.221751 1.184398
0.647287 0.220890 1.185272
0.652117 0.222173 1.186240
0.652333 0.177764 1.233323
0.643952 0.178274 1.231622
0.635964 0.178629 1.228456
0.710610 0.274719 1.108715
0.709925 0.276898 1.102868
0.711309 0.267327 1.121195
0.711090 0.263922 1.126593
0.711017 0.261375 1.130886
0.710031 0.256559 1.137540
0.709070 0.252378 1.144260
0.707176 0.248316 1.148946
0.705581 0.244640 1.153714
0.703175 0.237833 1.162256
0.702105 0.236349 1.164480
0.701493 0.236480 1.165213
0.700515 0.237029 1.164004
0.699965 0.239069 1.162492
0.700821 0.243548 1.159345
0.702896 0.249804 1.155768
0.703945 0.254024 1.152474
0.704837 0.258476 1.148799
0.704785 0.262862 1.143638
0.705482 0.267806 1.138643
0.705289 0.270869 1.135240
0.704801 0.274474 1.131013
0.703474 0.282068 1.121802
0.700968 0.286235 1.117571
0.722756 0.244512 1.099111
0.723736 0.246840 1.092412
0.723471 0.238591 1.112275
0.723729 0.236367 1.116913
0.723001 0.234281 1.120346
0.722834 0.231718 1.125254
0.722689 0.228252 1.132077
0.720992 0.224990 1.137046
0.719964 0.222850 1.141119
0.718649 0.218622 1.149272
0.717946 0.217332 1.152133
0.716866 0.217516 1.152773
0.717099 0.218996 1.152284
0.719175 0.221846 1.150768
0.721384 0.228430 1.144154
0.722799 0.232655 1.139950
0.723211 0.236854 1.134549
0.723333 0.241260 1.128631
0.722661 0.245259 1.122815
0.722329 0.249699 1.116868
0.721743 0.253320 1.111683
0.720033 0.260716 1.099467
0.719417 0.264159 1.094805
0.738180 0.210002 1.101401
0.740356 0.212077 1.096957
0.736348 0.206942 1.107198
0.734212 0.203361 1.113446
0.731844 0.200023 1.120313
0.729366 0.196343 1.127439
0.726705 0.193260 1.133328
0.724659 0.191585 1.138297
0.723702 0.190672 1.143453
0.723113 0.190696 1.147177
0.722859 0.191638 1.147121
0.722627 0.193244 1.146302
0.724279 0.196223 1.143917
0.729057 0.204912 1.134362
0.730383 0.208458 1.128975
0.731400 0.211672 1.124108
0.732515 0.215190 1.118914
0.733145 0.218124 1.114249
0.733232 0.220461 1.109965
0.733161 0.223063 1.105041
0.731094 0.230621 1.090066
0.730323 0.233001 1.085237
0.731053 0.247184 1.086742
0.733183 0.244315 1.084586
0.734646 0.240254 1.083351
0.728160 0.247712 1.086069
0.724053 0.246251 1.087258
0.726898 0.242754 1.083446
0.728819 0.237780 1.082342
0.732158 0.238548 1.082545
0.726898 0.242754 1.083446
0.728819 0.237780 1.082342
0.724053 0.246251 1.087258
0.744462 0.213757 1.094044
0.746478 0.212155 1.092891
0.748565 0.209872 1.092005
0.750164 0.207097 1.091831
0.748633 0.204266 1.090257
0.745898 0.202207 1.088274
0.745898 0.202207 1.088274
0.741860 0.212704 1.094044
0.741860 0.212704 1.094044
0.745255 0.205235 1.087551
0.742371 0.208766 1.088112
0.742917 0.211767 1.090655
0.745117 0.210975 1.089430
0.742917 0.211767 1.090655
0.747603 0.207850 1.089112
0.745255 0.205235 1.087551
0.742371 0.208766 1.088112
0.718700 0.276790 1.094720
0.715026 0.279239 1.097022
0.712797 0.279775 1.099514
0.709802 0.277353 1.097471
0.709802 0.277353 1.097471
0.715450 0.267176 1.090852
0.718512 0.267793 1.090861
0.718512 0.267793 1.090861
0.721267 0.269791 1.091902
0.714737 0.271782 1.089961
0.717388 0.273463 1.089879
0.713776 0.276974 1.092920
0.711399 0.275357 1.092596
0.717388 0.273463 1.089879
0.713776 0.276974 1.092920
0.690998 0.296223 1.121827
0.689577 0.294053 1.119495
0.693374 0.293010 1.116858
0.698868 0.293670 1.117606
0.698102 0.291117 1.115447
0.696588 0.296445 1.121760
0.698768 0.295110 1.120015
0.689577 0.294053 1.119495
0.693374 0.293010 1.116858
0.689411 0.290936 1.118229
0.691841 0.289655 1.116142
0.695787 0.288239 1.114908
0.698102 0.291117 1.115447
0.611751 0.260784 1.160385
0.612424 0.259525 1.158090
0.616141 0.262091 1.159365
0.616789 0.261206 1.157394
0.620545 0.262348 1.159778
0.621186 0.262113 1.158438
0.620545 0.262348 1.159778
0.620834 0.262812 1.163090
0.617530 0.263260 1.162908
0.616141 0.262091 1.159365
0.612395 0.261846 1.162895
0.611751 0.260784 1.160385
0.196235 -0.094425 1.550314
0.178637 -0.085508 1.536770
0.174166 -0.106620 1.523330
0.202983 -0.136988 1.467222
0.189000 -0.130809 1.490332
0.191022 -0.123805 1.474641
0.180500 -0.153518 1.437902
0.192105 -0.154461 1.462788
0.200465 -0.148713 1.449856
0.180741 -0.119013 1.448731
0.175256 -0.115031 1.456805
0.175839 -0.103125 1.439217
0.220764 -0.145680 1.457560
0.188535 -0.147097 1.436722
0.187481 -0.148728 1.437632
0.185346 -0.149816 1.436708
0.205320 -0.140953 1.450640
0.193194 -0.143072 1.431220
0.188443 -0.148732 1.437969
0.187481 -0.148728 1.437632
0.188535 -0.147097 1.436722
0.252594 -0.089593 1.410969
0.192786 -0.119978 1.401422
0.184160 -0.116521 1.421792
0.189574 -0.111435 1.408915
0.180385 -0.031512 1.398399
0.169058 -0.044111 1.390863
0.166167 -0.035049 1.392938
0.195425 -0.028185 1.397336
0.185772 -0.037379 1.379409
0.165998 -0.053592 1.383970
0.231414 -0.099762 1.397919
0.189676 -0.067283 1.369740
0.190748 -0.068394 1.380653
0.182980 -0.049374 1.376308
0.193436 -0.099682 1.376071
0.205796 -0.103891 1.389749
0.196062 -0.093307 1.371597
0.198184 -0.076692 1.368450
0.201084 -0.095163 1.389013
0.199610 -0.071835 1.368114
0.193436 -0.099682 1.376071
0.196062 -0.093307 1.371597
0.190613 -0.071457 1.356371
0.190039 -0.103436 1.373370
0.196062 -0.093307 1.371597
0.190039 -0.103436 1.373370
0.189953 -0.011543 1.352296
0.192878 -0.019268 1.355404
0.205226 -0.011955 1.381041
0.199610 -0.071835 1.368114
0.196605 -0.060006 1.358037
0.196397 -0.056025 1.364149
0.209018 -0.043865 1.374982
0.196062 -0.093307 1.371597
0.189632 -0.086266 1.360912
0.196062 -0.093307 1.371597
0.189632 -0.086266 1.360912
0.198300 -0.013885 1.364626
0.192878 -0.019268 1.355404
0.213200 -0.065147 1.366082
0.196906 -0.083487 1.366370
0.192427 -0.018962 1.353757
0.189953 -0.011543 1.352296
0.198640 -0.040352 1.366859
0.198640 -0.040352 1.366859
0.187908 -0.004283 1.353272
0.199616 -0.005629 1.370963
0.199616 -0.005629 1.370963
0.187908 -0.004283 1.353272
0.196906 -0.083487 1.366370
0.187908 -0.004283 1.353272
0.184540 -0.003241 1.478097
0.184778 -0.013239 1.481019
0.191646 0.002607 1.502448
0.204331 -0.049565 1.560456
0.230590 -0.035619 1.559768
0.224000 0.026852 1.528205
0.251206 0.024566 1.503304
0.218866 0.041154 1.509208
0.217621 -0.149159 1.488178
0.192232 -0.131587 1.513641
0.167359 -0.120980 1.503247
0.238159 -0.137361 1.490213
0.170124 -0.116435 1.411685
0.174991 -0.064477 1.378946
0.203095 0.006028 1.540125
0.187227 -0.027313 1.550544
0.214468 -0.006521 1.540966
0.186178 -0.030282 1.514835
0.181352 -0.014751 1.505761
0.175345 -0.036855 1.490446
0.167345 -0.010104 1.501169
0.151600 -0.023236 1.474129
0.166238 -0.032749 1.478470
0.134084 -0.054485 1.489457
0.125547 -0.081808 1.486100
0.122860 -0.074889 1.504414
0.171707 -0.027325 1.474043
0.177067 -0.010589 1.499097
0.157126 -0.049953 1.399510
0.148830 -0.057858 1.421817
0.151176 -0.038539 1.417998
0.267220 -0.032355 1.538215
0.263401 -0.005142 1.520136
0.242042 -0.002094 1.543667
0.114938 -0.082443 1.509294
0.129457 -0.083725 1.497343
0.141111 -0.086510 1.509137
0.157505 -0.067349 1.520572
0.146975 -0.058163 1.505875
0.131089 -0.070496 1.517851
0.132031 -0.077438 1.520954
0.173325 -0.016241 1.420343
0.177096 -0.002470 1.424150
0.189548 -0.016974 1.402359
0.191646 0.002607 1.502448
0.196809 0.019230 1.484187
0.192070 0.004428 1.488857
0.201992 0.003419 1.391139
0.191269 0.030072 1.416779
0.201110 0.037580 1.406067
0.204939 0.014728 1.387383
0.169217 -0.095347 1.393715
0.184413 -0.111144 1.383509
0.176347 -0.101219 1.407750
0.169557 -0.063106 1.395146
0.166797 -0.086264 1.375088
0.160621 -0.087026 1.402068
0.173339 -0.019278 1.543242
0.203810 0.020574 1.530707
0.187008 0.006162 1.529693
0.215699 -0.018760 1.375762
0.179384 -0.050903 1.492188
0.170114 -0.059161 1.510176
0.179372 -0.041369 1.509153
0.227223 0.051341 1.469420
0.214636 0.038843 1.464254
0.213922 0.048402 1.443923
0.192792 0.035378 1.429717
0.199372 -0.000157 1.425986
0.186018 0.003981 1.426688
0.181546 0.012794 1.414418
0.182195 0.043722 1.451417
0.187504 0.021382 1.460237
0.205642 0.025957 1.483370
0.204334 0.000001 1.409828
0.199200 0.000257 1.393858
0.191461 -0.011188 1.396160
0.185851 -0.022899 1.380672
0.189548 -0.016974 1.402359
0.171923 -0.095484 1.483272
0.167611 -0.107601 1.497071
0.133371 -0.093469 1.486723
0.177120 -0.115954 1.484166
0.169228 -0.120960 1.491040
0.141085 -0.063098 1.444930
0.128868 -0.065758 1.432302
0.135029 -0.079444 1.443863
0.159704 -0.103220 1.438629
0.164922 -0.106454 1.455849
0.147539 -0.097067 1.449554
0.233518 0.043083 1.487247
0.203387 0.048395 1.505759
0.221063 0.050959 1.466831
0.195764 0.051225 1.484503
0.200733 0.045217 1.475401
0.206567 0.032061 1.507234
0.207407 0.022174 1.518551
0.214051 0.035215 1.517534
0.179729 -0.061067 1.539957
0.177798 -0.042227 1.528918
0.218774 -0.025342 1.559325
0.205431 -0.135530 1.435952
0.184852 -0.129959 1.450529
0.151941 -0.094541 1.519753
0.135817 -0.098071 1.500514
0.164907 -0.107008 1.510947
0.185237 -0.023221 1.536122
0.190503 -0.044133 1.555792
0.188890 -0.041757 1.545363
0.174408 0.012699 1.390253
0.183959 0.046583 1.432309
0.172187 0.042130 1.419158
0.177681 0.024437 1.441038
0.174296 -0.098510 1.465632
0.144888 -0.094165 1.475337
0.133459 -0.077610 1.475052
0.259809 -0.091168 1.539221
0.215869 -0.084544 1.565179
0.235800 -0.104643 1.549030
0.163616 -0.029352 1.404874
0.169176 -0.028831 1.411798
0.157511 -0.036662 1.417103
0.196531 0.001779 1.516762
0.211209 0.015486 1.510885
0.208088 0.029135 1.496607
0.173173 -0.154617 1.477686
0.195964 -0.152078 1.478677
0.208180 -0.144468 1.485396
0.215571 -0.143873 1.469450
0.160612 -0.021835 1.475921
0.144546 -0.059718 1.469344
0.139956 -0.037502 1.472617
0.150876 -0.053565 1.459892
0.154344 -0.054025 1.444721
0.150311 -0.031727 1.433000
0.163268 -0.033372 1.453110
0.169940 -0.025471 1.441936
0.166520 0.009773 1.515448
0.183543 0.007618 1.513374
0.175357 -0.010385 1.526657
0.163494 0.005621 1.524430
0.172029 -0.003264 1.514419
0.135073 -0.090078 1.424863
0.149935 -0.094838 1.429111
0.142196 -0.092195 1.438320
0.134856 -0.075039 1.426375
0.145675 -0.060217 1.436627
0.147992 -0.072036 1.425497
0.128647 -0.058103 1.404527
0.148299 -0.091103 1.416245
0.141629 -0.075327 1.418062
0.192662 -0.072208 1.558468
0.170823 -0.074314 1.545258
0.185697 -0.009600 1.526560
0.166520 0.009773 1.515448
0.183543 0.007618 1.513374
0.165843 -0.056269 1.396931
0.158901 -0.079637 1.405517
0.143525 -0.059621 1.395838
0.133674 -0.075186 1.407888
0.158810 -0.093258 1.413568
0.169332 -0.095784 1.435051
0.167699 -0.116035 1.431143
0.181735 -0.116164 1.436892
0.164786 -0.106860 1.420175
0.157607 -0.105551 1.426197
0.173325 -0.016241 1.420343
0.173740 -0.009466 1.442742
0.142882 -0.040535 1.484044
0.144344 -0.019602 1.456109
0.147687 -0.049163 1.452984
0.186515 -0.103833 1.398425
0.193410 -0.109557 1.392532
0.188250 -0.097549 1.378991
0.194770 -0.083922 1.391700
0.185632 -0.081636 1.387393
0.175677 -0.089571 1.389204
0.196128 0.037934 1.474778
0.207071 0.043366 1.466740
0.193213 0.049409 1.450779
0.197623 -0.014104 1.384720
0.196673 -0.023724 1.368837
0.185636 -0.028793 1.366867
0.138899 -0.083218 1.459188
0.175203 -0.117864 1.467467
0.147571 -0.086778 1.459786
0.188972 0.021835 1.518013
0.216580 0.018383 1.545547
0.156243 -0.027518 1.458956
0.151987 -0.042755 1.445334
0.193194 -0.143072 1.431220
0.191461 -0.011188 1.396160
0.202731 -0.008859 1.406682
0.174463 -0.073442 1.384710
0.181791 0.045234 1.418555
0.183085 0.013725 1.442116
0.180136 0.000930 1.457038
0.273313 -0.072680 1.535788
0.198068 -0.058657 1.555097
0.179439 -0.060167 1.551505
0.198432 -0.120978 1.392321
0.188774 -0.130827 1.402125
0.167876 -0.097534 1.420090
0.164329 -0.102409 1.401206
0.189435 -0.048133 1.366505
0.163771 -0.052559 1.488846
0.192241 0.039239 1.495608
0.193640 -0.128498 1.413791
0.196766 -0.128123 1.430862
0.185446 -0.125309 1.432344
0.199105 -0.133265 1.448048
0.183462 -0.128066 1.442164
0.197372 -0.123026 1.445921
0.127204 -0.064152 1.508394
0.170561 0.017947 1.423929
0.175875 0.027616 1.402621
0.190120 -0.120138 1.434828
0.183971 -0.017665 1.457452
0.230595 -0.147251 1.477928
0.188172 -0.111600 1.382404
0.244995 -0.109979 1.416322
0.175253 0.010143 1.448028
0.187229 0.018535 1.474383
0.197623 -0.014104 1.384720
0.181880 -0.136900 1.502252
0.205226 -0.011955 1.381041
0.188007 0.007304 1.522129
0.166714 0.017344 1.525205
0.200293 -0.087648 1.560161
0.181700 -0.102439 1.374667
0.147108 -0.048660 1.495428
0.143256 -0.068692 1.476464
0.145798 -0.072251 1.449380
0.196397 -0.056025 1.364149
0.168323 -0.124883 1.441567
0.226542 -0.009217 1.547448
0.230988 -0.009498 1.554237
0.202715 0.024297 1.535035
0.207034 0.008853 1.547958
0.189165 0.016274 1.539662
0.263575 -0.049227 1.543507
0.172133 -0.035217 1.467031
0.173740 -0.009466 1.442742
0.197896 0.047891 1.422905
0.198432 -0.120978 1.392321
0.190039 -0.103436 1.373370
0.146957 -0.097864 1.419823
0.188774 -0.130827 1.402125
0.160654 -0.059861 1.514344
0.180779 -0.048147 1.519884
0.184540 -0.003241 1.478097
0.245093 -0.105864 1.405162
0.176080 0.024920 1.449751
0.175402 -0.153590 1.470686
0.176912 -0.001356 1.466171
0.238413 0.002508 1.536595
0.233153 0.020563 1.520139
0.240607 -0.021095 1.546085
0.226713 0.035264 1.500551
0.221932 0.045820 1.477723
0.216897 0.045965 1.450934
0.208606 0.034046 1.417450
0.204351 0.013831 1.389201
0.204868 -0.006194 1.373591
0.199442 -0.044082 1.368332
0.203110 -0.064673 1.368007
0.203425 -0.089797 1.377023
0.206632 -0.118944 1.396217
0.210182 -0.135025 1.429631
0.220984 -0.140526 1.464706
0.229254 -0.134727 1.494533
0.234499 -0.119545 1.521357
0.237761 -0.096322 1.539598
0.239527 -0.071288 1.548502
0.240764 -0.045739 1.548867
0 1
53 55
54 75
56 97
2 76
2 77
55 96
75 115
1 76
21 95
57 97
57 98
3 78
0 23
22 24
51 53
52 54
5 79
5 80
59 100
58 98
58 99
4 78
4 79
33 35
34 36
39 41
40 42
25 27
47 49
48 50
6 81
60 100
60 101
27 29
28 30
45 47
46 48
10 84
10 85
64 104
64 105
7 81
7 82
61 101
61 102
9 84
11 85
11 86
63 103
63 104
65 106
8 82
8 83
62 103
31 33
41 43
42 44
12 87
66 106
66 107
14 88
14 89
68 109
15 90
69 109
69 110
13 87
13 88
67 107
67 108
23 25
24 26
49 51
29 31
30 32
43 45
73 113
73 114
19 93
19 94
70 110
70 111
16 90
16 91
71 112
17 91
17 92
72 112
72 113
18 93
74 115
20 94
20 95
35 37
36 38
37 39
1726 1811
1742 1861
532 533
531 532
1676 1678
1761 1916
1785 1787
242 531
1799 1801
148 152
1983 1984
1767 1768
1660 1661
1962 1970
261 525
166 171
1987 1988
171 174
1726 1727
134 139
1980 1981
164 168
1944 1973
219 226
1738 1742
215 239
218 240
169 172
170 173
1735 1736
1684 1686
1701 1707
1806 1951
214 229
149 239
163 166
1986 1987
1981 1982
1784 1813
1689 1691
1899 1914
1766 1916
1740 1741
215 216
167 170
1695 1713
1711 1712
227 237
1762 1916
1751 1752
1648 1872
252 254
1753 1907
1777 1827
216 231
217 220
1837 1838
138 241
137 142
140 144
161 165
162 167
146 150
147 151
1746 1856
1824 1825
571 574
250 251
1819 1859
1777 1779
1910 1921
315 316
317 319
220 233
231 232
252 258
1845 1944
174 177
1989 1990
1687 1688
503 504
177 180
1990 1991
1809 1833
1790 1831
1842 1874
1774 1775
213 214
1746 1747
286 297
507 525
1840 1856
271 502
1726 1810
1688 1893
1941 1942
1779 1826
1744 1903
1748 1868
145 149
1841 1856
1889 1890
1769 1770
1792 1793
180 183
1991 1992
173 176
132 137
136 140
175 178
176 179
1762 1763
1729 1730
511 521
1819 1968
1933 1950
1653 1657
581 582
1813 1844
178 181
179 182
1795 1829
1766 1974
1784 1814
274 289
1791 1897
287 521
1790 1915
1775 1776
209 539
129 132
1814 1844
1721 1722
1654 1655
1951 1952
1777 1828
1772 1773
393 396
134 135
1979 1980
1743 1835
1692 1964
156 161
157 162
1762 1941
1724 1956
160 163
1985 1986
1715 1770
1658 1807
1992 1993
1955 1958
1749 1868
1917 1960
1699 1701
1786 1963
521 528
269 512
1760 1823
181 184
182 185
1809 1834
1821 1927
1720 1722
1764 1970
123 124
223 225
1876 1877
1710 1712
271 523
228 491
1849 1889
352 353
1653 1822
128 130
1978 1979
188 190
1737 1859
1650 1823
122 125
1975 1977
535 537
230 540
1823 1824
118 128
416 417
249 487
1656 1848
1790 1829
1720 1937
1769 1787
222 235
126 129
1748 1749
273 547
1962 1974
512 514
118 121
1975 1976
393 395
535 540
536 538
190 193
1977 1994
1851 1889
290 291
488 546
1816 1946
1831 1934
1649 1818
1888 1925
1758 1925
541 542
275 291
1740 1857
1761 1763
1786 1812
1851 1890
154 156
157 159
1880 1881
1890 1908
184 187
189 191
558 561
583 584
1721 1937
1854 1855
564 566
585 586
292 517
295 518
1648 1649
1818 1918
1749 1853
292 293
1946 1947
207 687
606 607
116 126
120 127
1779 1947
1652 1729
466 468
647 648
1662 1664
1886 1887
153 155
460 464
549 551
580 581
317 318
461 463
1664 1822
281 520
1851 1852
722 725
1869 1879
1836 1917
1912 1943
280 282
1903 1951
1864 1903
142 146
144 147
260 506
1812 1814
202 256
1797 1798
1864 1905
414 415
467 469
251 504
1876 1878
1748 1750
1725 1957
1742 1925
1915 1934
1762 1788
522 523
1854 1856
1743 1933
1676 1677
574 577
589 590
1856 1937
1831 1935
1715 1767
143 238
354 355
572 573
199 200
470 471
723 724
1652 1803
1748 1841
1688 1704
1690 1698
1852 1952
512 516
1754 1759
1806 1862
1741 1888
318 321
645 646
555 558
530 533
390 391
462 465
726 727
1664 1848
467 472
1828 1918
141 142
1659 1922
313 316
1743 1951
1725 1778
1754 1760
1716 1717
1706 1780
1694 1703
604 605
644 647
234 536
1826 1828
1681 1682
1842 1843
116 117
119 120
1984 1985
468 473
1908 1909
1771 1775
154 155
660 663
488 494
1820 1956
1784 1810
269 270
194 236
1700 1701
225 540
1684 1939
1927 1929
1891 1893
485 542
297 508
449 452
510 519
566 569
586 587
205 207
603 606
1896 1949
1672 1732
274 276
448 451
1680 1682
1796 1797
284 297
253 544
489 543
650 651
311 313
653 654
1782 1783
272 515
1859 1860
1843 1844
1652 1802
265 269
204 206
471 474
721 723
1676 1797
498 501
1791 1972
1749 1750
1922 1923
688 691
728 729
620 622
661 662
1741 1889
1744 1745
1725 1816
306 307
665 666
1893 1894
221 222
1902 1924
1887 1937
1739 1783
1779 1906
1832 1934
1732 1882
648 649
650 652
338 341
529 530
1739 1925
1778 1906
232 548
233 493
247 538
1681 1894
1822 1954
1833 1904
1781 1783
1929 1954
1829 1935
1791 1830
1737 1969
309 310
658 660
609 610
1651 1653
1808 1904
394 397
510 520
491 541
157 158
311 312
654 656
1699 1708
1918 1919
1697 1901
1734 1957
1688 1705
1805 1806
619 621
694 697
450 453
735 736
145 146
607 608
609 612
299 301
1799 1800
1754 1755
1669 1971
1844 1926
199 250
307 308
611 613
651 655
1767 1945
341 343
659 661
279 296
195 695
734 737
1653 1802
1673 1674
196 694
618 619
310 312
656 658
1655 1973
872 874
1789 1915
262 506
260 524
277 505
525 526
1816 1906
211 212
381 383
203 548
493 545
290 314
624 625
664 667
300 320
641 642
387 388
724 725
281 282
1805 1866
1830 1831
1893 1895
509 511
255 259
1782 1969
1706 1714
1706 1719
249 522
305 306
666 668
326 328
600 602
1928 1930
1893 1896
613 615
655 657
1799 1833
1741 1742
383 385
695 696
737 739
594 596
633 637
264 268
1804 1805
1775 1913
979 980
1654 1665
293 315
294 319
683 684
1872 1919
1673 1840
1881 1885
1811 1926
1673 1798
1847 1848
210 211
622 624
662 664
416 418
1930 1931
1731 1938
1753 1955
1756 1760
1727 1811
254 525
1834 1905
276 503
1927 1928
446 449
1734 1778
472 476
328 331
1871 1948
1734 1959
1868 1878
1682 1733
369 370
1857 1858
1659 1882
838 839
602 604
643 644
1869 1870
476 479
205 684
601 603
198 692
614 616
1677 1924
1756 1823
348 350
570 572
682 685
717 719
615 617
1738 1861
353 356
212 221
610 614
689 692
301 302
632 634
1920 1939
625 627
667 669
591 592
674 677
642 645
424 428
419 420
1753 1956
267 524
593 594
633 635
1672 1892
1920 1967
1921 1964
1802 1904
513 516
1788 1794
1732 1773
406 407
1451 1453
1577 1578
206 685
719 720
495 502
1713 1901
592 595
677 678
430 433
1818 1872
1725 1817
1755 1756
1771 1773
1896 1913
1794 1795
452 454
675 676
473 475
1672 1773
334 336
1772 1891
336 338
699 700
380 382
1811 1815
304 305
668 670
1687 1892
1837 1948
1826 1873
1728 1938
1679 1971
324 325
1688 1953
1698 1700
1855 1961
1855 1909
364 366
686 687
688 690
1655 1846
395 398
423 425
431 434
1208 1213
283 286
339 340
562 563
1856 1887
422 424
409 410
454 457
536 537
1957 1959
1866 1867
1827 1918
1768 1769
1745 1759
223 224
1880 1923
474 477
718 721
500 524
1729 1944
477 480
716 718
447 450
736 738
1765 1766
1801 1834
244 245
400 402
197 693
730 732
410 411
1758 1968
627 629
676 679
711 713
1779 1873
426 429
708 709
616 618
428 430
1763 1912
1804 1853
1700 1712
1713 1953
1781 1925
1807 1863
386 413
412 413
365 368
621 623
333 334
1928 1932
1792 1972
371 373
1846 1847
453 456
733 735
587 588
1698 1699
1877 1880
1840 1886
628 630
702 705
1789 1790
484 538
257 499
626 628
700 702
397 400
512 521
195 197
340 342
720 721
440 443
814 815
1664 1821
455 458
1739 1742
1911 1912
408 409
1723 1827
432 435
746 748
698 701
741 743
549 577
580 590
399 401
327 329
553 554
1691 1703
426 427
709 712
1839 1841
297 510
384 387
1657 1954
378 381
1774 1913
257 258
1207 1214
485 486
491 492
1862 1864
329 330
554 556
253 254
1749 1866
345 347
1671 1883
368 371
988 989
1931 1932
366 369
1915 1972
561 564
584 585
1766 1970
1882 1883
377 379
434 437
1764 1842
1787 1963
1862 1865
442 446
759 762
870 871
1862 1966
1815 1816
761 763
691 693
728 730
1670 1927
208 486
1797 1902
303 304
670 673
374 376
1678 1733
632 673
1871 1918
284 285
769 773
816 817
456 459
731 733
1822 1930
1772 1893
766 767
234 534
1761 1762
1800 1803
635 672
1444 1456
501 523
704 706
747 749
1749 1867
1842 1875
783 785
790 791
1897 1898
441 444
740 742
1885 1966
429 432
708 748
1882 1884
1771 1776
864 865
1889 1908
696 698
739 741
1446 1455
1203 1217
1511 1513
1809 1905
1659 1883
1722 1858
1764 1875
508 509
1445 1457
1535 1537
488 490
1211 1212
1555 1556
285 288
1702 1703
1704 1705
701 703
743 744
881 884
671 672
591 631
674 707
435 438
745 746
630 631
705 707
1970 1974
710 749
263 267
1857 1861
270 512
1800 1825
1758 1950
443 445
1806 1952
1768 1787
1744 1801
1773 1891
1788 1789
243 246
1736 1955
1674 1876
1785 1812
379 380
436 439
1684 1892
373 375
497 498
1180 1197
1732 1884
1793 1844
878 880
943 985
1250 1252
1570 1571
322 323
550 552
1423 1425
1773 1923
385 386
398 399
344 346
567 568
1676 1798
1447 1454
1675 1839
495 496
1425 1426
1809 1864
1796 1900
1911 1943
437 440
835 836
1678 1876
354 357
573 575
560 562
335 337
559 560
1697 1716
1715 1945
1204 1216
298 299
636 639
375 377
1745 1755
356 358
332 335
1691 1699
444 447
359 361
576 578
1850 1852
1895 1896
500 506
1807 1885
908 909
459 462
727 731
296 297
407 408
1772 1949
1931 1936
1807 1881
1146 1149
920 922
350 351
352 355
1352 1353
1357 1358
1805 1865
264 266
438 441
742 745
1892 1920
945 981
372 374
1428 1429
1321 1326
1170 1171
1791 1899
1857 1947
1874 1947
1730 1803
960 961
1283 1285
1939 1965
1901 1902
810 899
1723 1918
322 327
550 553
596 598
637 638
1745 1933
298 300
639 641
1657 1883
809 898
1674 1678
1426 1427
949 950
1832 1915
1759 1933
1147 1148
1532 1533
478 481
1813 1814
1706 1707
1396 1407
270 271
1692 1693
1694 1702
1940 1971
1657 1822
1327 1364
889 900
519 524
1302 1327
1206 1215
1928 1929
598 600
638 640
1335 1405
1378 1403
1853 1890
248 501
479 482
1802 1803
1670 1967
1892 1939
1376 1377
1154 1162
1853 1909
388 460
1137 1138
1842 1946
595 597
678 681
496 500
1397 1422
1400 1424
1771 1923
357 359
1727 1817
1762 1789
1383 1388
1365 1366
1399 1400
828 829
1819 1969
954 955
1120 1165
1519 1520
360 362
1685 1709
1815 1844
1928 1936
1748 1876
1339 1398
1341 1399
597 599
420 421
1367 1374
1326 1327
278 517
518 527
1814 1898
1883 1929
402 404
1890 1909
1816 1843
1855 1908
1224 1356
388 390
902 905
1430 1431
1407 1435
1401 1402
1670 1920
1363 1364
1865 1870
330 332
556 557
1733 1913
1339 1340
1341 1342
893 1523
1659 1881
680 682
1065 1321
679 680
713 715
1420 1421
1377 1382
401 403
1930 1932
1370 1372
1406 1434
201 544
489 546
1369 1370
1657 1658
342 344
565 567
1344 1350
263 265
1353 1354
1358 1359
1178 1180
480 483
714 716
1343 1344
1929 1931
1782 1968
1894 1895
1857 1860
1351 1352
1372 1373
1867 1870
1185 1188
1195 1197
1371 1508
894 1522
1757 1968
1664 1930
347 349
1205 1207
1387 1389
1831 1914
964 982
425 482
422 481
1048 1080
405 421
1260 1261
324 362
1368 1369
1075 1102
1373 1375
1403 1404
1405 1406
1684 1687
1087 1325
1157 1492
1461 1464
1394 1395
1884 1922
1387 1388
1771 1896
364 403
1674 1675
876 877
277 278
266 267
1113 1133
1429 1430
1175 1176
1548 1549
427 483
712 714
1116 1117
1322 1363
1337 1338
1794 1912
1119 1137
1413 1414
1081 1281
1703 1718
1705 1709
1345 1346
892 1521
1181 1188
367 404
1366 1367
1903 1905
1385 1386
857 858
1156 1157
931 932
1111 1133
1186 1241
1543 1544
901 941
966 984
1044 1280
1431 1432
1044 1282
893 1522
1054 1309
130 131
133 135
941 942
1093 1225
1223 1224
875 877
1414 1415
1205 1206
813 832
1243 1247
1076 1102
201 203
545 546
1328 1331
1329 1332
831 844
1839 1840
829 842
1302 1303
1007 1329
1027 1328
1323 1324
1107 1136
1695 1696
1141 1183
1046 1282
873 875
952 1546
346 348
568 570
1089 1094
463 464
466 469
1306 1309
1697 1900
1943 1945
1121 1164
361 363
578 579
1384 1385
1058 1062
1796 1798
1059 1063
1499 1500
1084 1222
866 867
1139 1182
1814 1897
903 906
1509 1510
1463 1468
810 812
1330 1331
1332 1333
1508 1509
1255 1278
1345 1349
1168 1177
1172 1173
906 912
1305 1306
832 833
1063 1317
1498 1499
1268 1270
1562 1563
999 1000
1037 1038
858 860
890 1083
1354 1355
1359 1361
1515 1516
1218 1220
833 834
1661 1910
1665 1668
1412 1413
1683 1685
1689 1690
323 363
552 579
1088 1095
1007 1008
1026 1027
822 824
1090 1091
1438 1439
1152 1153
1092 1093
1221 1223
880 1475
1390 1391
846 898
1416 1417
1036 1039
1303 1327
1270 1272
1774 1876
1169 1201
998 1000
1034 1037
886 911
947 948
1248 1253
1312 1313
1128 1132
1015 1506
1360 1365
857 968
1439 1441
151 152
158 159
929 930
853 854
1054 1308
119 121
122 124
997 1002
996 1009
1028 1030
1391 1393
811 847
1021 1025
1330 1381
1001 1002
855 856
1779 1946
975 1567
1021 1023
1232 1233
1540 1541
885 887
1117 1136
1408 1409
885 886
1695 1717
1711 1719
840 845
1035 1036
982 983
1466 1467
1287 1288
853 1010
871 1483
928 929
1196 1197
1271 1273
1272 1274
1560 1561
1436 1437
989 1486
1115 1122
1525 1526
1076 1079
1423 1424
1010 1049
859 860
895 952
1192 1210
1553 1554
962 965
1845 1973
1464 1465
913 914
958 959
1098 1103
1190 1194
1551 1552
850 974
1198 1199
819 851
825 986
1273 1275
815 823
1418 1419
1314 1315
1153 1492
830 992
847 890
873 874
1065 1067
1044 1045
1234 1235
1012 1014
914 915
1266 1268
1563 1564
1172 1179
1457 1491
1535 1536
1231 1235
1392 1393
1039 1042
1417 1418
1022 1024
915 917
934 936
1016 1507
839 1484
1001 1003
1334 1380
1379 1381
1015 1505
1192 1194
1552 1553
1100 1101
1142 1144
1529 1530
835 837
888 889
970 993
1292 1296
1334 1336
956 957
943 944
123 125
192 193
1066 1067
1086 1507
1112 1113
1300 1301
897 901
1284 1287
1033 1034
974 1569
1301 1304
1189 1190
1168 1198
864 866
1411 1412
946 949
1043 1493
1070 1072
1274 1276
1558 1560
1410 1411
967 990
1265 1267
1126 1142
1068 1071
1494 1495
1316 1317
1497 1498
1140 1141
1455 1489
1157 1159
1432 1433
1104 1294
968 969
869 987
1347 1348
1253 1255
1003 1004
185 186
188 191
1249 1250
1571 1572
1468 1469
1267 1269
995 996
1030 1033
1227 1234
1227 1247
1031 1032
1138 1173
1013 1019
1517 1518
1434 1435
1161 1472
842 843
861 862
1011 1013
1148 1474
1533 1534
1245 1254
1005 1006
1040 1041
1202 1203
1513 1514
878 879
1226 1228
909 910
827 986
1554 1555
1085 1507
836 1476
1008 1009
1149 1473
1018 1020
927 928
1135 1150
1298 1303
1162 1470
1165 1166
1518 1519
1654 1663
844 845
1408 1435
1016 1506
1233 1239
1541 1542
1167 1168
1289 1297
1318 1319
1175 1189
1549 1550
1452 1487
990 991
868 870
1361 1362
1486 1583
1127 1143
1611 1622
1612 1619
1043 1047
1069 1070
1284 1291
1474 1635
1129 1157
1419 1420
881 882
1187 1242
1041 1636
1300 1302
920 921
1163 1471
1048 1085
971 994
1214 1480
1029 1031
1227 1229
958 971
1103 1295
916 918
1226 1249
1572 1573
1058 1060
1584 1585
1588 1590
1287 1289
981 1477
1057 1061
1501 1502
1618 1619
1621 1622
1017 1046
1614 1618
1615 1621
1097 1099
1124 1126
1527 1528
1212 1478
1298 1299
1334 1335
1378 1379
1020 1023
1488 1589
1307 1308
1016 1045
924 926
972 973
1683 1965
1689 1694
1246 1248
814 850
1213 1479
818 820
1264 1266
1564 1565
1285 1460
1145 1147
1531 1532
1450 1451
1576 1577
1617 1620
826 838
1574 1575
1045 1507
1108 1115
1524 1525
1232 1443
1151 1154
960 994
1283 1293
965 966
826 827
937 938
1291 1297
1526 1527
1059 1061
1500 1501
1585 1586
1588 1589
891 1082
1478 1614
1557 1615
1453 1488
1578 1579
819 821
1482 1612
1512 1611
979 1485
1164 1167
818 852
1276 1277
1558 1559
1477 1616
1099 1104
883 911
1565 1566
1458 1463
1179 1180
1260 1279
848 849
1625 1627
1631 1635
1068 1320
977 980
1216 1481
841 1594
977 978
351 415
1208 1209
1439 1446
1092 1219
1221 1222
1491 1590
1536 1584
863 865
868 869
1137 1170
907 908
1537 1538
1244 1245
930 931
1133 1134
1131 1156
1125 1127
936 940
1074 1079
1014 1018
963 964
1460 1462
1340 1361
1342 1355
1064 1066
1506 1507
1290 1294
1686 1688
1191 1193
1131 1132
1286 1459
942 944
1767 1795
953 954
1440 1441
1109 1114
1200 1202
1514 1515
1608 1609
1128 1130
1158 1160
1051 1053
1504 1505
1575 1576
1112 1494
1291 1292
1609 1622
1310 1311
1004 1646
1243 1244
1055 1057
1502 1503
1483 1580
1050 1054
349 414
1613 1617
1624 1625
903 904
1237 1437
928 930
1134 1135
1542 1543
1123 1125
923 927
1150 1153
1441 1444
1645 1647
1053 1064
1505 1506
1231 1238
1316 1640
1436 1438
1230 1440
1229 1449
1236 1436
1639 1641
933 1496
1235 1237
1600 1601
983 1596
1467 1597
1144 1145
1530 1531
1583 1584
1075 1076
896 975
1238 1240
1581 1582
1196 1205
1448 1449
1638 1640
1642 1645
907 912
1158 1159
1050 1052
1114 1123
1077 1494
1610 1611
1240 1242
1306 1310
950 951
939 1493
1072 1073
921 1624
1471 1630
916 917
1105 1296
1054 1056
1591 1604
922 925
1152 1155
1437 1439
1234 1236
1580 1581
1569 1570
919 1623
991 1591
1459 1461
1235 1243
1442 1443
1538 1539
1262 1265
1490 1590
1316 1641
1603 1605
1484 1582
1604 1607
932 933
1110 1111
1230 1231
1605 1606
1176 1182
1547 1548
959 1084
1096 1098
1261 1263
1566 1567
1603 1607
1634 1635
1251 1257
935 1496
1078 1495
1598 1602
1599 1604
391 464
396 466
1594 1595
1663 1666
1473 1634
1623 1624
1632 1633
1586 1587
1626 1627
1609 1610
1185 1187
1630 1632
1643 1644
1277 1598
1559 1599
388 457
765 783
790 793
753 766
1592 1593
1184 1186
1544 1545
1593 1594
1596 1606
1597 1600
774 777
798 800
1613 1614
1582 1587
1628 1629
752 761
759 760
1580 1583
796 798
392 415
393 417
763 770
772 773
789 795
755 760
1619 1620
1118 1120
1520 1521
764 779
803 805
753 754
775 785
791 796
768 769
792 794
772 781
795 797
1591 1592
781 782
797 799
776 784
801 802
1626 1629
1646 1647
804 806
757 768
794 804
389 414
764 765
751 771
1636 1637
750 770
1257 1258
1139 1174
935 936
1078 1079
755 758
1603 1604
807 808
1106 1108
1523 1524
1663 1667
1107 1117
1117 1119
1470 1632
1258 1260
1119 1121
975 976
1667 1668
1661 1666
1139 1141
952 953
1256 1259
1568 1569
1707 1710
1106 1116
1182 1183
1546 1547
756 788
1640 1641
778 779
805 807
782 784
776 777
800 802
1141 1185
1259 1261
780 786
1116 1118
1521 1522
786 787
