10793405690999542093 716 600
-0.322581 -0.538388 1.274991
-0.396504 -0.557049 1.299010
-0.407823 -0.557049 1.276795
-0.425453 -0.557049 1.259165
-0.447668 -0.557049 1.247846
-0.472293 -0.557049 1.243946
-0.496918 -0.557049 1.247846
-0.519133 -0.557049 1.259165
-0.536763 -0.557049 1.276795
-0.548082 -0.557049 1.299010
-0.551983 -0.557049 1.323636
-0.548082 -0.557049 1.348261
-0.536763 -0.557049 1.370476
-0.519133 -0.557049 1.388106
-0.496918 -0.557049 1.399425
-0.472293 -0.557049 1.403325
-0.447668 -0.557049 1.399425
-0.425453 -0.557049 1.388106
-0.407823 -0.557049 1.370476
-0.396504 -0.557049 1.348261
-0.392603 -0.557049 1.323636
-0.396504 -0.557049 1.299010
-0.322581 -0.538388 1.274991
-0.252344 -0.507798 1.252170
-0.252344 -0.507798 1.252170
-0.187523 -0.466032 1.231108
-0.187523 -0.466032 1.231108
-0.129714 -0.414117 1.212325
-0.129714 -0.414117 1.212325
-0.080341 -0.353333 1.196283
-0.080341 -0.353333 1.196283
-0.040618 -0.285177 1.183376
-0.040618 -0.285177 1.183376
-0.011525 -0.211326 1.173923
-0.011525 -0.211326 1.173923
0.006222 -0.133598 1.168157
0.006222 -0.133598 1.168157
0.012187 -0.053909 1.166219
0.012187 -0.053909 1.166219
0.006222 0.025781 1.168157
0.006222 0.025781 1.168157
-0.011525 0.103508 1.173923
-0.011525 0.103508 1.173923
-0.040618 0.177359 1.183376
-0.040618 0.177359 1.183376
-0.080341 0.245516 1.196283
-0.080341 0.245516 1.196283
-0.129714 0.306300 1.212325
-0.129714 0.306300 1.212325
-0.187523 0.358214 1.231108
-0.187523 0.358214 1.231108
-0.252344 0.399981 1.252170
-0.252344 0.399981 1.252170
-0.322581 0.430571 1.274991
-0.322581 0.430571 1.274991
-0.396504 0.449231 1.299010
-0.407823 0.449231 1.276795
-0.425453 0.449231 1.259165
-0.447668 0.449231 1.247846
-0.472293 0.449231 1.243946
-0.496918 0.449231 1.247846
-0.519133 0.449231 1.259165
-0.536763 0.449231 1.276795
-0.548082 0.449231 1.299010
-0.551983 0.449231 1.323636
-0.548082 0.449231 1.348261
-0.536763 0.449231 1.370476
-0.519133 0.449231 1.388106
-0.496918 0.449231 1.399425
-0.472293 0.449231 1.403325
-0.447668 0.449231 1.399425
-0.425453 0.449231 1.388106
-0.407823 0.449231 1.370476
-0.396504 0.449231 1.348261
-0.392603 0.449231 1.323636
-0.396504 0.449231 1.299010
-0.472293 -0.563320 1.323636
-0.472293 -0.563320 1.323636
-0.472293 -0.563320 1.323636
-0.472293 -0.563320 1.323636
-0.472293 -0.563320 1.323636
-0.472293 -0.563320 1.323636
-0.472293 -0.563320 1.323636
-0.472293 -0.563320 1.323636
-0.472293 -0.563320 1.323636
-0.472293 -0.563320 1.323636
-0.472293 -0.563320 1.323636
-0.472293 -0.563320 1.323636
-0.472293 -0.563320 1.323636
-0.472293 -0.563320 1.323636
-0.472293 -0.563320 1.323636
-0.472293 -0.563320 1.323636
-0.472293 -0.563320 1.323636
-0.472293 -0.563320 1.323636
-0.472293 -0.563320 1.323636
-0.472293 -0.563320 1.323636
-0.472293 0.455503 1.323636
-0.472293 0.455503 1.323636
-0.472293 0.455503 1.323636
-0.472293 0.455503 1.323636
-0.472293 0.455503 1.323636
-0.472293 0.455503 1.323636
-0.472293 0.455503 1.323636
-0.472293 0.455503 1.323636
-0.472293 0.455503 1.323636
-0.472293 0.455503 1.323636
-0.472293 0.455503 1.323636
-0.472293 0.455503 1.323636
-0.472293 0.455503 1.323636
-0.472293 0.455503 1.323636
-0.472293 0.455503 1.323636
-0.472293 0.455503 1.323636
-0.472293 0.455503 1.323636
-0.472293 0.455503 1.323636
-0.472293 0.455503 1.323636
-0.472293 0.455503 1.323636
-0.499628 0.053561 1.242141
-0.584038 0.130606 1.262342
-0.542186 0.089237 1.217629
-0.516521 0.074007 1.301230
-0.481559 0.064778 1.301411
-0.495294 0.066647 1.296325
-0.486453 0.059284 1.301913
-0.489060 0.073645 1.295683
-0.478597 0.061485 1.259667
-0.476161 0.059615 1.284026
-0.472157 0.055676 1.272857
-0.571280 0.137797 1.260565
-0.560910 0.117157 1.202610
-0.577803 0.137604 1.261699
-0.555783 0.119039 1.206357
-0.509376 0.085901 1.296221
-0.571280 0.137797 1.260565
-0.510287 0.081005 1.300588
-0.577803 0.137604 1.261699
-0.560910 0.117157 1.202610
-0.555783 0.119039 1.206357
-0.535951 0.096234 1.216986
-0.495294 0.066647 1.296325
-0.479435 0.056156 1.284688
-0.486453 0.059284 1.301913
-0.553894 0.117733 1.210485
-0.493877 0.067144 1.242013
-0.498320 0.071146 1.242494
-0.510287 0.081005 1.300588
-0.493877 0.067144 1.242013
-0.509376 0.085901 1.296221
-0.493391 0.060561 1.241498
-0.498320 0.071146 1.242494
-0.553894 0.117733 1.210485
-0.500630 0.068554 1.242730
-0.556203 0.115140 1.210722
-0.570174 0.132051 1.259590
-0.567865 0.134643 1.259354
-0.514603 0.085464 1.291599
-0.512293 0.088056 1.291362
-0.574187 0.088078 1.194609
-0.535951 0.096234 1.216986
-0.552467 0.073158 1.203452
-0.560910 0.117157 1.202610
-0.554718 0.072989 1.208700
-0.576439 0.087909 1.199857
-0.570981 0.105877 1.206149
-0.552467 0.073158 1.203452
-0.542186 0.089237 1.217629
-0.554718 0.072989 1.208700
-0.535951 0.096234 1.216986
-0.579533 0.125582 1.205800
-0.570981 0.105877 1.206149
-0.583514 0.120041 1.207723
-0.560910 0.117157 1.202610
-0.560910 0.117157 1.202610
-0.589442 0.140985 1.244002
-0.577803 0.137604 1.261699
-0.579533 0.125582 1.205800
-0.592090 0.137639 1.244121
-0.583514 0.120041 1.207723
-0.479435 0.056156 1.284688
-0.474723 0.053045 1.273139
-0.516521 0.074007 1.301230
-0.584038 0.130606 1.262342
-0.499628 0.053561 1.242141
-0.493391 0.060561 1.241498
-0.542186 0.089237 1.217629
-0.475022 0.049605 1.302468
-0.469323 0.049984 1.292951
-0.472171 0.052772 1.302044
-0.471977 0.047003 1.293201
-0.484163 0.054806 1.260287
-0.574187 0.088078 1.194609
-0.554718 0.072989 1.208700
-0.576439 0.087909 1.199857
-0.552467 0.073158 1.203452
-0.574187 0.088078 1.194609
-0.570981 0.105877 1.206149
-0.560910 0.117157 1.202610
-0.576439 0.087909 1.199857
-0.583514 0.120041 1.207723
-0.592090 0.137639 1.244121
-0.579533 0.125582 1.205800
-0.589442 0.140985 1.244002
-0.577803 0.137604 1.261699
-0.592090 0.137639 1.244121
-0.584038 0.130606 1.262342
-0.589442 0.140985 1.244002
-0.475022 0.049605 1.302468
-0.471977 0.047003 1.293201
-0.475022 0.049605 1.302468
-0.471977 0.047003 1.293201
-0.510287 0.081005 1.300588
-0.516521 0.074007 1.301230
-0.493391 0.060561 1.241498
-0.484163 0.054806 1.260287
-0.499628 0.053561 1.242141
-0.512293 0.088056 1.291362
-0.567865 0.134643 1.259354
-0.553894 0.117733 1.210485
-0.512293 0.088056 1.291362
-0.567865 0.134643 1.259354
-0.474723 0.053045 1.273139
-0.536050 -0.014679 1.361847
-0.523338 -0.054365 1.341568
-0.529333 -0.061635 1.338841
-0.527464 -0.061852 1.336522
-0.525944 -0.055766 1.343094
-0.529566 -0.061976 1.335648
-0.553212 -0.058836 1.326691
-0.557231 -0.057715 1.325504
-0.554622 -0.058610 1.328540
-0.570089 -0.030749 1.240598
-0.570663 -0.028770 1.235845
-0.567615 -0.026417 1.234606
-0.573530 -0.026748 1.235718
-0.603917 -0.004115 1.244338
-0.602039 -0.001865 1.242997
-0.645443 0.104759 1.282209
-0.652369 0.091704 1.273901
-0.652811 0.090595 1.275842
-0.645324 0.104882 1.284768
-0.659999 0.077096 1.265550
-0.658943 0.079198 1.264531
-0.666389 0.083577 1.258261
-0.664790 0.085244 1.257874
-0.675343 0.095494 1.248539
-0.673597 0.096971 1.248323
-0.681956 0.108101 1.239260
-0.687022 0.116433 1.234111
-0.689386 0.116029 1.233698
-0.686867 0.124266 1.238230
-0.684661 0.123664 1.238231
-0.678794 0.134778 1.245920
-0.680658 0.136022 1.246361
-0.650550 0.113565 1.279002
-0.650300 0.112678 1.276847
-0.659784 0.124954 1.268914
-0.659389 0.123871 1.266927
-0.668018 0.134492 1.257513
-0.675542 0.142241 1.251827
-0.674343 0.140439 1.250715
-0.699687 0.136759 1.224516
-0.691216 0.152797 1.235609
-0.600307 0.140029 1.278860
-0.581110 0.122200 1.291443
-0.598587 0.138930 1.276032
-0.582500 0.122920 1.294817
-0.548330 0.098243 1.312466
-0.512340 0.090877 1.316781
-0.549949 0.099148 1.315690
-0.507780 0.085696 1.320054
-0.514149 0.047488 1.350434
-0.517752 0.009949 1.376554
-0.516503 0.014075 1.373543
-0.515728 0.010719 1.374928
-0.504587 -0.009963 1.373517
-0.502056 -0.009112 1.371990
-0.530248 -0.013314 1.364413
-0.541694 0.025494 1.371916
-0.500849 -0.011460 1.371375
-0.505835 -0.017690 1.369468
-0.504000 -0.018234 1.366748
-0.503219 -0.012192 1.373037
-0.629680 0.026088 1.230989
-0.646605 0.048240 1.217205
-0.664484 0.071877 1.202504
-0.610257 0.006238 1.242322
-0.608632 0.000303 1.244741
-0.612827 0.004766 1.243700
-0.606090 0.002534 1.243327
-0.627246 0.028018 1.229927
-0.559759 0.103205 1.308772
-0.560412 0.103123 1.312656
-0.555721 0.100751 1.314595
-0.507155 -0.018634 1.365600
-0.508543 -0.017859 1.368523
-0.533438 -0.015914 1.360115
-0.530701 -0.014909 1.361239
-0.541775 -0.030519 1.349134
-0.545593 -0.032748 1.349349
-0.541408 -0.035164 1.346485
-0.543177 -0.038306 1.347164
-0.527316 -0.054373 1.343423
-0.673591 0.088939 1.193328
-0.688638 0.098703 1.201455
-0.675729 0.086560 1.194385
-0.690763 0.154251 1.232281
-0.698868 0.138905 1.221667
-0.643700 0.049683 1.216355
-0.661826 0.073335 1.201025
-0.631486 0.169161 1.251463
-0.631074 0.168323 1.248313
-0.628877 0.167300 1.253180
-0.673614 0.084012 1.194936
-0.617294 0.156254 1.263597
-0.688125 0.154964 1.228455
-0.627501 0.167189 1.247226
-0.611005 0.161649 1.246636
-0.613793 0.162667 1.245851
-0.608443 0.159867 1.248170
-0.587743 0.142107 1.264587
-0.569878 0.126874 1.278670
-0.549348 0.109724 1.293864
-0.546851 0.106818 1.296278
-0.546728 0.105080 1.298989
-0.548184 0.096744 1.308865
-0.508357 0.089117 1.317483
-0.507367 0.088635 1.314625
-0.507183 0.086308 1.309836
-0.653875 0.169714 1.250231
-0.652258 0.168357 1.241983
-0.563624 -0.022268 1.233792
-0.562368 -0.024935 1.239898
-0.567790 -0.018978 1.232177
-0.556411 -0.039132 1.279444
-0.550115 -0.054662 1.319860
-0.548462 -0.055227 1.321349
-0.520482 -0.048929 1.337668
-0.538913 -0.030882 1.340860
-0.519844 -0.051252 1.336639
-0.525450 -0.059742 1.330716
-0.527297 -0.060136 1.329519
-0.539468 -0.027806 1.342434
-0.532177 -0.013726 1.352677
-0.529190 -0.012873 1.354435
-0.502372 -0.017047 1.359867
-0.505397 -0.018534 1.358320
-0.499229 -0.008285 1.365977
-0.513170 0.012230 1.366988
-0.513850 0.015018 1.366171
-0.511251 0.043936 1.342186
-0.597370 0.002185 1.241032
-0.633479 0.051119 1.204380
-0.616674 0.029476 1.216527
-0.651755 0.074059 1.191526
-0.601845 0.010939 1.226600
-0.599615 0.008415 1.228294
-0.599720 0.006550 1.230899
-0.594968 0.011887 1.229418
-0.597577 0.015549 1.226720
-0.612434 0.034078 1.217007
-0.629417 0.055798 1.204893
-0.646989 0.078487 1.192231
-0.654815 0.077493 1.189887
-0.650111 0.082151 1.190920
-0.652868 0.083755 1.190922
-0.657216 0.080361 1.189305
-0.692456 0.138782 1.215974
-0.684692 0.153630 1.226198
-0.612063 0.153323 1.241082
-0.632791 0.162042 1.241047
-0.651696 0.164159 1.239035
-0.570789 0.119350 1.273091
-0.550890 0.102714 1.287981
-0.588235 0.134309 1.259285
-0.647577 0.083628 1.193802
-0.667962 0.095643 1.194973
-0.679741 0.107075 1.200116
-0.611095 0.036804 1.219535
-0.628268 0.058587 1.207262
-0.595903 0.018094 1.230560
-0.593823 0.014313 1.233018
-0.595696 0.006378 1.244497
-0.562165 -0.019300 1.235410
-0.561135 -0.021395 1.243400
-0.566963 -0.015202 1.234827
-0.555026 -0.034961 1.281244
-0.549228 -0.049296 1.317405
-0.546946 -0.050529 1.318681
-0.526413 -0.058063 1.326423
-0.524622 -0.058222 1.327486
-0.519142 -0.048944 1.332656
-0.541170 -0.027113 1.336630
-0.539546 -0.029352 1.336203
-0.520159 -0.046842 1.333255
-0.531580 -0.009529 1.349237
-0.529234 -0.009088 1.350322
-0.501957 -0.014505 1.355899
-0.505152 -0.015270 1.354467
-0.498536 -0.006030 1.362390
-0.547911 0.099901 1.291469
-0.550579 0.092425 1.303653
-0.507641 0.079347 1.309553
-0.508272 0.083970 1.305494
-0.511334 0.086080 1.304574
-0.513158 0.042281 1.338220
-0.515147 0.013019 1.361506
-0.515153 0.014755 1.361245
-0.499960 -0.003966 1.362376
-0.578493 -0.043422 1.322327
-0.577799 -0.042766 1.324600
-0.672429 0.170021 1.249253
-0.674447 0.168784 1.248778
-0.673165 0.170385 1.245295
-0.675403 0.169624 1.244521
-0.701487 0.115990 1.207600
-0.703673 0.114962 1.210973
-0.702185 0.117937 1.208729
-0.703209 0.113180 1.209463
-0.672031 0.168231 1.240109
-0.669885 0.168911 1.240819
-0.694171 0.121668 1.205860
-0.669048 0.165483 1.236700
-0.529234 -0.009088 1.350322
-0.499960 -0.003966 1.362376
-0.505152 -0.015270 1.354467
-0.515147 0.013019 1.361506
-0.501957 -0.014505 1.355899
-0.498536 -0.006030 1.362390
-0.546946 -0.050529 1.318681
-0.520159 -0.046842 1.333255
-0.526413 -0.058063 1.326423
-0.539546 -0.029352 1.336203
-0.519142 -0.048944 1.332656
-0.524622 -0.058222 1.327486
-0.549228 -0.049296 1.317405
-0.541170 -0.027113 1.336630
-0.531580 -0.009529 1.349237
-0.515153 0.014755 1.361245
-0.571473 -0.029866 1.317501
-0.540911 0.024254 1.356144
-0.513158 0.042281 1.338220
-0.555026 -0.034961 1.281244
-0.657466 0.149306 1.249414
-0.692456 0.138782 1.215974
-0.684692 0.153630 1.226198
-0.678939 0.103745 1.221629
-0.669048 0.165483 1.236700
-0.694171 0.121668 1.205860
-0.679741 0.107075 1.200116
-0.667962 0.095643 1.194973
-0.632791 0.162042 1.241047
-0.646876 0.136858 1.260884
-0.668900 0.089861 1.232109
-0.647577 0.083628 1.193802
-0.612063 0.153323 1.241082
-0.570789 0.119350 1.273091
-0.625167 0.111673 1.284395
-0.588235 0.134309 1.259285
-0.648899 0.061972 1.252471
-0.611095 0.036804 1.219535
-0.628268 0.058587 1.207262
-0.550890 0.102714 1.287981
-0.592103 0.073513 1.318075
-0.616985 0.020455 1.283691
-0.595903 0.018094 1.230560
-0.566963 -0.015202 1.234827
-0.561135 -0.021395 1.243400
-0.562165 -0.019300 1.235410
-0.595696 0.006378 1.244497
-0.507641 0.079347 1.309553
-0.511334 0.086080 1.304574
-0.508272 0.083970 1.305494
-0.550579 0.092425 1.303653
-0.547911 0.099901 1.291469
-0.596165 0.109620 1.202723
-0.603523 0.097438 1.196970
-0.598963 0.110083 1.204386
-0.605968 0.098458 1.199070
-0.592989 0.090907 1.194377
-0.584792 0.104541 1.201477
-0.603413 0.077631 1.190791
-0.597243 0.107187 1.207117
-0.603933 0.095842 1.201838
-0.594832 0.120612 1.212861
-0.591781 0.120758 1.211918
-0.590305 0.129724 1.225160
-0.593366 0.129026 1.225110
-0.593407 0.117376 1.215305
-0.592151 0.125424 1.227007
-0.579909 0.117111 1.212470
-0.614498 0.087739 1.196450
-0.612116 0.085448 1.199220
-0.621906 0.076116 1.201220
-0.624730 0.077952 1.198482
-0.612589 0.086036 1.194181
-0.623623 0.075435 1.196474
-0.548736 0.024150 1.206427
-0.528939 0.005519 1.211659
-0.461066 -0.019725 1.237773
-0.488925 -0.027335 1.228485
-0.476566 -0.038841 1.232619
-0.507519 -0.012405 1.219156
-0.616440 0.065074 1.193859
-0.629709 0.054993 1.203471
-0.614361 0.038022 1.211237
-0.578670 0.127176 1.227859
-0.583111 0.133540 1.246625
-0.594087 0.135292 1.241755
-0.596902 0.134216 1.240626
-0.595588 0.130431 1.241902
-0.603968 0.134874 1.255393
-0.601723 0.136036 1.257591
-0.602283 0.131121 1.256103
-0.592078 0.134881 1.265137
-0.576381 0.121303 1.275342
-0.447349 0.015882 1.273864
-0.450208 -0.000013 1.254395
-0.452986 0.025519 1.296729
-0.592151 0.125424 1.227007
-0.453267 0.012138 1.275860
-0.458863 0.020694 1.296523
-0.593407 0.117376 1.215305
-0.595588 0.130431 1.241902
-0.467691 0.026889 1.317438
-0.597243 0.107187 1.207117
-0.455630 -0.001825 1.258921
-0.603933 0.095842 1.201838
-0.466012 -0.019413 1.244720
-0.495200 -0.055911 1.243934
-0.512831 -0.065186 1.264315
-0.475965 -0.038489 1.237718
-0.493082 -0.054346 1.247815
-0.462033 -0.021228 1.242387
-0.597441 0.018221 1.220382
-0.639437 0.051282 1.219792
-0.524893 -0.065432 1.288034
-0.509691 -0.063497 1.266706
-0.494665 -0.050279 1.249547
-0.621906 0.076116 1.201220
-0.510334 -0.059290 1.267099
-0.631503 0.068558 1.207872
-0.521378 -0.064001 1.289320
-0.531979 -0.059508 1.309702
-0.478883 -0.035190 1.240427
-0.612116 0.085448 1.199220
-0.521641 -0.060068 1.288698
-0.638387 0.065419 1.219486
-0.631503 0.068558 1.207872
-0.642020 0.066628 1.217537
-0.634772 0.069987 1.205432
-0.634560 0.066848 1.204194
-0.642544 0.063302 1.217448
-0.645898 0.054651 1.239754
-0.647278 0.069135 1.233974
-0.648193 0.066029 1.234964
-0.650231 0.074942 1.251181
-0.649217 0.077543 1.249258
-0.646955 0.087836 1.263599
-0.646104 0.089685 1.260901
-0.642408 0.087707 1.261270
-0.645348 0.075983 1.250021
-0.644640 0.079412 1.272474
-0.648227 0.064692 1.258103
-0.643438 0.067867 1.235324
-0.635451 0.096516 1.281485
-0.636167 0.099452 1.275269
-0.621800 0.113646 1.283935
-0.636167 0.099452 1.275269
-0.635451 0.096516 1.281485
-0.638155 0.103761 1.267976
-0.638579 0.102807 1.271195
-0.638155 0.103761 1.267976
-0.623942 0.114813 1.269929
-0.634811 0.101297 1.268180
-0.626855 0.117756 1.269731
-0.626557 0.117715 1.273108
-0.638579 0.102807 1.271195
-0.634811 0.101297 1.268180
-0.606055 0.127777 1.278682
-0.621109 0.081853 1.292415
-0.604888 0.065108 1.304868
-0.621109 0.081853 1.292415
-0.604888 0.065108 1.304868
-0.588484 0.048209 1.317460
-0.571935 0.031225 1.329886
-0.533834 -0.049101 1.327442
-0.530707 -0.032912 1.345070
-0.526395 -0.032400 1.343176
-0.529650 -0.048209 1.326575
-0.537787 -0.002308 1.351624
-0.555242 0.014145 1.341398
-0.525424 -0.013148 1.358890
-0.612155 0.125660 1.265916
-0.614438 0.129113 1.265591
-0.508991 0.004633 1.355232
-0.634811 0.101297 1.268180
-0.623942 0.114813 1.269929
-0.521618 -0.012142 1.351808
-0.645348 0.075983 1.250021
-0.527985 -0.054596 1.308148
-0.643438 0.067867 1.235324
-0.529341 -0.044773 1.323917
-0.521618 -0.012142 1.351808
-0.634811 0.101297 1.268180
-0.526045 -0.029415 1.339504
-0.521533 -0.014052 1.356219
-0.588484 0.048209 1.317460
-0.571935 0.031225 1.329886
-0.555609 0.083120 1.314909
-0.537787 -0.002308 1.351624
-0.555242 0.014145 1.341398
-0.510574 0.006491 1.362951
-0.525424 -0.013148 1.358890
-0.521533 -0.014052 1.356219
-0.508004 0.003958 1.359832
-0.492088 0.021898 1.354801
-0.474833 0.031617 1.339079
-0.573201 0.098851 1.302318
-0.558035 0.105872 1.286919
-0.613140 0.129875 1.268646
-0.602283 0.131121 1.256103
-0.493589 0.017680 1.348342
-0.612155 0.125660 1.265916
-0.478437 0.026382 1.334442
-0.475052 0.027203 1.337573
-0.491166 0.018098 1.352290
-0.462516 0.032126 1.319575
-0.463657 0.027695 1.319509
-0.454537 0.021372 1.297709
-0.448865 0.012321 1.275977
-0.451467 -0.002598 1.257768
-0.528080 -0.058299 1.309874
-0.510334 -0.059290 1.267099
-0.494665 -0.050279 1.249547
-0.521641 -0.060068 1.288698
-0.527985 -0.054596 1.308148
-0.529341 -0.044773 1.323917
-0.526045 -0.029415 1.339504
-0.521618 -0.012142 1.351808
-0.521618 -0.012142 1.351808
-0.508991 0.004633 1.355232
-0.493589 0.017680 1.348342
-0.478437 0.026382 1.334442
-0.467691 0.026889 1.317438
-0.458863 0.020694 1.296523
-0.453267 0.012138 1.275860
-0.455630 -0.001825 1.258921
-0.466012 -0.019413 1.244720
-0.527612 -0.037191 1.340375
-0.542729 -0.026450 1.329914
-0.530405 -0.039509 1.339897
-0.534555 -0.005916 1.344265
-0.520037 -0.018369 1.351647
-0.533805 -0.007659 1.341247
-0.521175 -0.016801 1.353674
-0.529684 -0.018400 1.359654
-0.541623 -0.009447 1.349668
-0.537491 -0.040061 1.344757
-0.549290 -0.026345 1.337598
-0.549275 -0.028748 1.334652
-0.539076 -0.038762 1.348161
-0.534555 -0.005916 1.344265
-0.521175 -0.016801 1.353674
-0.554370 -0.008141 1.321405
-0.547948 0.003563 1.330425
-0.548842 0.004626 1.334285
-0.548842 0.004626 1.334285
-0.554155 0.001275 1.340479
-0.556233 -0.002609 1.340202
-0.562108 -0.015569 1.329273
-0.561680 -0.015329 1.325677
-0.557015 -0.011972 1.321009
-0.511172 -0.051592 1.367575
-0.518143 -0.049629 1.357888
-0.509699 -0.048805 1.366091
-0.516690 -0.052915 1.373072
-0.526157 -0.050361 1.365818
-0.524971 -0.051696 1.364132
-0.519094 -0.052307 1.374716
-0.522458 -0.028718 1.370861
-0.518463 -0.031411 1.376938
-0.516985 -0.028950 1.375865
-0.520473 -0.025827 1.370291
-0.513946 -0.024776 1.365078
-0.509192 -0.030124 1.368395
-0.512444 -0.026490 1.363236
-0.510806 -0.028393 1.370092
-0.510806 -0.028393 1.370092
-0.513946 -0.024776 1.365078
-0.520714 -0.043456 1.349423
-0.515404 -0.022864 1.358132
-0.517003 -0.021251 1.360196
-0.524414 -0.022992 1.365462
-0.517003 -0.021251 1.360196
-0.525818 -0.025947 1.365758
-0.531350 -0.045868 1.357727
-0.529916 -0.048225 1.355547
-0.522975 -0.046657 1.349212
-0.513214 -0.032856 1.382801
-0.510926 -0.031068 1.382014
-0.514076 -0.053727 1.378584
-0.515403 -0.052252 1.380359
-0.505293 -0.051124 1.369936
-0.505844 -0.053469 1.371257
-0.503683 -0.031424 1.374788
-0.502628 -0.032704 1.373362
-0.553343 0.116962 1.213110
-0.566307 0.132747 1.258913
-0.499666 0.073082 1.243632
-0.512630 0.088868 1.289435
-0.513268 0.086780 1.291867
-0.569396 0.132709 1.259935
-0.513268 0.086780 1.291867
-0.499396 0.069930 1.242873
-0.555524 0.115858 1.210942
-0.499396 0.069930 1.242873
-0.569396 0.132709 1.259935
538 539
536 537
542 543
594 596
601 602
117 119
179 180
133 134
136 142
438 461
0 1
21 22
53 55
54 75
56 96
56 97
2 76
75 115
1 76
57 97
3 77
3 78
0 23
22 24
52 54
59 99
5 79
5 80
58 98
58 99
4 78
33 35
39 41
40 42
26 28
47 49
48 50
60 100
60 101
6 80
27 29
28 30
45 47
10 84
10 85
64 105
61 101
61 102
7 81
7 82
11 86
63 103
63 104
9 83
9 84
65 105
65 106
62 103
8 82
31 33
32 34
41 43
12 86
12 87
66 107
14 88
14 89
68 109
15 90
69 109
69 110
13 88
67 107
67 108
23 25
24 26
49 51
50 52
30 32
43 45
44 46
19 93
73 113
73 114
16 90
16 91
70 110
17 92
71 111
71 112
18 92
18 93
72 112
74 114
20 94
20 95
37 39
35 37
36 38
141 143
148 149
150 151
153 155
217 218
152 154
709 710
713 714
437 462
706 708
705 707
144 147
209 211
128 129
171 173
116 119
457 462
116 118
181 183
145 146
127 130
711 712
150 154
149 153
215 216
705 706
268 269
400 403
330 332
172 174
199 200
175 176
450 455
440 465
451 457
399 402
469 471
123 124
384 385
433 440
266 267
347 348
331 349
380 383
464 467
403 405
436 439
135 137
453 456
118 162
264 290
373 377
306 307
262 289
156 159
350 352
317 318
435 436
157 158
163 166
281 282
319 320
288 306
376 377
458 459
284 288
358 359
281 286
350 351
370 371
454 460
261 264
270 276
496 500
262 263
527 528
228 408
444 446
156 158
160 161
189 192
190 191
499 527
495 496
503 532
318 319
370 372
454 456
582 583
605 606
530 535
607 616
579 605
260 410
513 617
528 534
583 589
606 609
376 378
458 463
578 579
580 581
531 629
588 589
608 609
335 336
259 414
227 407
357 358
498 500
225 226
535 540
514 516
529 530
610 614
514 515
614 615
394 396
421 423
536 538
631 632
497 499
304 412
524 526
645 646
305 415
342 344
585 590
626 627
538 544
631 633
292 295
502 503
584 585
270 273
313 417
188 213
373 374
448 452
628 629
390 393
434 435
536 542
623 624
441 445
519 522
124 211
613 624
567 578
334 339
386 387
427 429
512 513
615 625
518 519
643 644
586 604
121 210
612 613
422 424
275 293
367 368
449 453
308 327
118 160
164 165
540 630
640 641
366 420
443 445
648 670
600 603
635 636
644 645
302 416
565 567
565 577
601 603
172 173
560 563
623 626
593 620
639 640
446 447
593 596
638 639
259 260
533 551
544 598
633 634
117 175
202 203
652 663
551 561
560 561
541 584
505 512
648 649
650 664
660 665
658 669
304 305
651 652
522 622
641 642
294 296
444 451
441 450
365 419
442 446
161 162
194 196
697 700
650 653
660 661
587 630
656 657
502 533
574 575
657 659
656 658
658 668
368 369
310 312
302 303
162 176
168 169
701 704
301 364
655 666
574 618
598 600
634 635
553 554
550 553
327 409
237 239
488 504
479 501
554 556
570 573
608 611
654 655
484 506
241 243
252 254
328 418
557 568
506 510
369 420
242 244
253 255
547 552
571 572
477 478
498 499
573 592
477 479
374 375
447 448
555 557
510 618
558 576
283 311
236 240
597 599
545 562
244 245
255 256
595 621
558 559
507 509
487 508
517 521
483 484
178 188
212 219
549 550
124 126
508 511
521 619
248 251
168 170
194 195
493 494
473 474
120 186
265 322
473 483
122 205
511 591
619 621
482 485
234 355
474 493
125 185
249 250
492 548
139 206
177 208
398 399
314 316
486 487
517 520
480 481
523 525
475 482
476 489
491 546
545 546
490 491
537 543
480 486
520 523
525 543
647 688
120 123
139 219
121 122
138 140
125 126
674 676
671 672
431 432
238 252
425 426
245 246
256 258
699 702
235 253
240 242
675 694
676 695
672 696
184 187
206 207
185 186
247 248
251 257
211 213
134 180
201 203
137 183
164 166
133 179
654 691
685 703
653 690
661 692
680 698
665 666
277 279
246 249
381 382
465 466
222 224
679 697
294 341
296 340
298 336
292 344
669 670
680 681
295 342
323 399
279 343
683 684
167 169
197 199
278 280
682 685
686 687
684 689
563 564
221 337
329 330
682 690
687 692
677 700
678 693
128 130
127 129
132 134
131 133
142 182
145 147
223 338
220 275
234 349
233 285
277 345
297 299
381 383
464 466
673 701
468 470
267 291
340 390
131 217
146 214
142 143
234 287
333 385
354 356
346 404
231 329
564 569
566 575
190 192
193 196
349 380
284 287
290 291
460 472
325 326
356 357
229 230
360 362
378 379
352 361
604 637
590 604
611 612
343 395
130 216
136 141
662 670
337 389
666 667
268 324
184 186
186 205
198 200
202 204
568 576
663 664
230 231
409 411
185 208
265 323
309 314
401 402
469 470
413 416
361 364
353 354
271 272
343 344
126 178
329 381
338 388
668 669
395 396
423 425
341 342
230 232
149 151
148 150
152 153
568 569
570 575
221 224
278 279
705 713
708 709
707 712
707 714
706 710
706 715
321 322
354 355
362 363
315 316
324 325
697 698
222 223
346 347
385 386
427 433
390 391
430 434
701 702
274 277
699 700
273 280
393 394
235 238
239 240
397 406
422 426
411 412
246 247
257 258
409 410
389 392
428 431
414 416
387 388
429 432
224 300
404 405
