5111643612039933616 1612 1900
0.080662 0.049959 0.605269
0.082718 0.047785 0.576601
0.069512 0.021664 0.605315
0.112002 0.058066 0.590025
0.108534 0.064599 0.605230
0.136913 0.074585 0.607250
0.139903 0.062990 0.597438
0.223630 -0.014273 0.605248
0.212673 0.017985 0.605341
0.230438 -0.021492 0.577528
0.192572 0.042205 0.605378
0.175987 0.062462 0.578385
0.170442 0.069182 0.605348
0.113768 -0.123374 0.605199
0.140877 -0.133919 0.603080
0.064860 -0.087319 0.605450
0.088430 -0.107455 0.605339
0.059524 -0.059199 0.605243
0.050870 -0.065028 0.576990
0.194285 -0.119209 0.603414
0.174068 -0.145320 0.576903
0.211228 -0.084832 0.605109
0.222662 -0.058715 0.577649
0.220532 -0.049482 0.604880
0.061735 -0.004940 0.605360
0.054908 -0.032091 0.605353
0.051398 -0.034965 0.576876
0.054908 -0.032091 0.605353
0.051398 -0.034965 0.576876
0.220532 -0.049482 0.604880
0.222662 -0.058715 0.577649
0.167853 -0.134727 0.601885
0.110329 -0.026454 0.393796
0.230059 -0.071979 0.359039
0.222175 -0.048448 0.360436
0.101284 -0.125818 0.382341
0.107920 -0.154544 0.381558
0.108422 -0.150945 0.393965
0.093766 -0.126827 0.371056
0.097174 -0.101825 0.375848
0.086729 -0.101566 0.363682
0.088740 -0.081516 0.365649
0.134642 -0.168803 0.393864
0.166180 -0.155846 0.379435
0.167790 -0.163828 0.392935
0.195809 -0.149394 0.374166
0.223186 -0.134648 0.370126
0.192944 -0.146277 0.358422
0.231020 -0.101372 0.359073
0.237360 -0.103768 0.367044
0.100135 -0.043595 0.393479
0.084467 -0.060625 0.393753
0.094837 -0.062391 0.366467
0.084467 -0.060625 0.393753
0.089512 -0.066764 0.379548
0.082299 -0.068071 0.393127
0.094837 -0.062391 0.366467
0.237360 -0.103768 0.367044
0.231020 -0.101372 0.359073
0.165202 -0.150751 0.359640
0.199896 0.008472 0.493133
0.207665 0.020143 0.516758
0.223805 -0.002903 0.519222
0.215246 -0.015261 0.494763
0.223034 -0.037256 0.523379
0.226459 -0.074349 0.525609
0.219603 -0.079145 0.498434
0.206284 -0.112760 0.494682
0.197243 -0.140119 0.515520
0.187463 -0.136974 0.504270
0.162008 -0.153159 0.515391
0.163277 -0.152325 0.503504
0.136409 -0.160636 0.518706
0.135590 -0.152576 0.500094
0.107994 -0.147753 0.522835
0.108686 -0.148360 0.498613
0.086654 -0.124819 0.518370
0.084464 -0.133237 0.493954
0.067329 -0.106158 0.520744
0.065648 -0.096388 0.492393
0.058695 -0.070533 0.519506
0.063859 -0.073332 0.493935
0.059089 -0.041691 0.519697
0.060526 -0.047504 0.491108
0.060526 -0.047504 0.491108
0.056456 -0.013355 0.495649
0.071447 -0.021039 0.491290
0.079972 0.002695 0.492075
0.072442 0.009620 0.502868
0.085737 0.046639 0.545420
0.088336 0.043546 0.530484
0.212935 0.027651 0.527104
0.218058 -0.000628 0.546970
0.227813 -0.030611 0.548081
0.224613 -0.068821 0.552056
0.224613 -0.068821 0.552056
0.200049 -0.106227 0.532655
0.226459 -0.074349 0.525609
0.187794 -0.127733 0.553402
0.162611 -0.161137 0.531150
0.072700 -0.089435 0.547374
0.051360 -0.068776 0.547015
0.056648 -0.038130 0.547513
0.054597 -0.009956 0.546951
0.052592 -0.012034 0.520209
0.056648 -0.038130 0.547513
0.059089 -0.041691 0.519697
0.085037 0.048056 0.556047
0.176194 0.059531 0.567256
0.210246 0.032611 0.546613
0.171284 -0.153115 0.563176
0.168776 -0.159224 0.545128
0.090210 -0.001809 0.469214
0.073687 -0.050239 0.471310
0.073687 -0.050239 0.471310
0.064964 -0.105649 0.470670
0.085616 -0.127203 0.471555
0.108384 -0.144054 0.483188
0.106761 -0.150740 0.470215
0.132491 -0.157335 0.481748
0.135283 -0.150570 0.467586
0.163014 -0.159428 0.469514
0.165643 -0.159339 0.487292
0.188399 -0.140579 0.487857
0.195650 -0.150380 0.471182
0.212642 -0.081775 0.471417
0.220723 -0.050572 0.471329
0.212642 -0.081775 0.471417
0.216882 -0.020894 0.470594
0.181061 0.010054 0.448324
0.186482 0.004640 0.422164
0.195689 -0.011453 0.450050
0.214998 -0.030299 0.450147
0.223944 -0.059777 0.449378
0.222895 -0.087053 0.448677
0.236248 -0.097845 0.425564
0.218845 -0.120653 0.452615
0.236248 -0.097845 0.425564
0.222895 -0.087053 0.448677
0.196233 -0.147366 0.436583
0.201231 -0.156258 0.421906
0.168794 -0.171471 0.435421
0.167841 -0.175103 0.422254
0.132259 -0.172236 0.435667
0.166071 -0.157692 0.444799
0.132400 -0.167304 0.451349
0.104307 -0.154062 0.434071
0.103482 -0.155529 0.423270
0.070610 -0.103029 0.424225
0.072069 -0.055418 0.450030
0.076998 -0.058163 0.422772
0.089217 -0.037719 0.422913
0.072069 -0.055418 0.450030
0.076998 -0.058163 0.422772
0.105891 -0.020287 0.423035
0.098107 -0.012547 0.449888
0.166674 -0.163739 0.461213
0.108669 -0.147592 0.450040
0.088904 -0.124028 0.445275
0.067543 -0.102414 0.445029
0.189940 -0.002568 0.392895
0.236194 -0.100132 0.402755
0.236194 -0.100132 0.402755
0.224774 -0.132280 0.411132
0.168337 -0.172882 0.408681
0.133610 -0.166373 0.422387
0.137303 -0.161614 0.408697
0.109789 -0.146410 0.409201
0.135465 -0.167229 0.401500
0.088086 -0.131122 0.409311
0.095637 -0.127230 0.393792
0.076558 -0.105879 0.413169
0.079032 -0.082784 0.404850
0.093473 -0.082094 0.393966
0.080447 -0.073168 0.400831
0.101348 -0.044796 0.400090
0.087448 -0.062410 0.406668
0.135750 -0.059439 0.326537
0.140573 -0.054636 0.324238
0.147949 -0.050921 0.320042
0.158266 -0.050225 0.319296
0.167401 -0.053478 0.318751
0.180209 -0.068312 0.318980
0.182025 -0.077220 0.319961
0.174782 -0.059815 0.318563
0.140549 -0.099406 0.327850
0.134147 -0.093243 0.327925
0.130234 -0.086741 0.327507
0.128617 -0.078772 0.326418
0.157735 -0.103223 0.327174
0.149111 -0.102215 0.327349
0.173945 -0.094881 0.324564
0.167110 -0.101071 0.326558
0.179498 -0.087450 0.322094
0.132366 -0.065211 0.327550
0.129470 -0.071111 0.327343
0.147949 -0.050921 0.320042
0.140573 -0.054636 0.324238
0.158266 -0.050225 0.319296
0.167401 -0.053478 0.318751
0.181524 -0.027086 0.331030
0.199397 -0.038573 0.329387
0.174782 -0.059815 0.318563
0.207899 -0.057020 0.330854
0.180209 -0.068312 0.318980
0.210338 -0.075585 0.332619
0.182025 -0.077220 0.319961
0.211105 -0.095125 0.325214
0.179498 -0.087450 0.322094
0.179498 -0.087450 0.322094
0.198013 -0.117425 0.328059
0.173945 -0.094881 0.324564
0.211105 -0.095125 0.325214
0.179070 -0.124953 0.334063
0.167110 -0.101071 0.326558
0.163769 -0.130448 0.335637
0.157735 -0.103223 0.327174
0.143060 -0.132399 0.330031
0.149111 -0.102215 0.327349
0.140549 -0.099406 0.327850
0.134147 -0.093243 0.327925
0.130234 -0.086741 0.327507
0.128617 -0.078772 0.326418
0.108205 -0.066554 0.342548
0.129470 -0.071111 0.327343
0.132366 -0.065211 0.327550
0.108205 -0.066554 0.342548
0.129470 -0.071111 0.327343
0.135750 -0.059439 0.326537
0.125666 -0.023915 0.347217
0.185507 -0.018892 0.339307
0.204051 -0.031840 0.341582
0.221133 -0.098973 0.350778
0.221133 -0.098973 0.350778
0.139929 -0.152914 0.357856
0.112945 -0.142632 0.357642
0.089476 -0.079644 0.354515
0.095387 -0.062470 0.351325
0.095387 -0.062470 0.351325
0.103408 -0.047818 0.349574
0.114261 -0.035622 0.349582
0.182064 -0.148938 0.548248
0.184842 -0.155166 0.532390
0.205723 -0.128535 0.523718
0.194097 -0.144581 0.538244
0.219603 -0.079145 0.498434
0.211741 -0.112201 0.512242
0.108977 -0.150298 0.366690
0.077576 -0.082558 0.413988
0.087448 -0.062410 0.406668
0.234240 -0.100866 0.389887
0.223017 -0.133840 0.393570
0.234240 -0.100866 0.389887
0.193894 -0.149632 0.393459
0.198634 -0.152914 0.452205
0.208353 -0.029558 0.342424
0.225459 -0.057374 0.348292
0.228466 -0.084895 0.352295
0.222227 -0.114753 0.355947
0.206135 -0.138183 0.356697
0.180202 -0.156640 0.355594
0.162198 -0.159087 0.354743
0.163854 -0.157576 0.329081
0.117859 -0.142216 0.350472
0.141080 -0.156837 0.353435
0.122443 -0.140753 0.323877
0.100547 -0.093645 0.345106
0.104604 -0.119135 0.347951
0.113509 -0.044466 0.339510
0.129928 -0.026460 0.337434
0.104959 -0.067658 0.342135
0.170822 -0.010150 0.335892
0.174042 -0.016281 0.311808
0.192660 -0.017387 0.337613
0.194809 -0.020827 0.312451
0.138692 -0.020916 0.337312
0.179130 -0.155835 0.364536
0.161640 -0.157311 0.362433
0.162198 -0.159087 0.354743
0.180202 -0.156640 0.355594
0.178639 -0.165407 0.369745
0.161012 -0.169329 0.373373
0.178707 -0.169908 0.374288
0.140717 -0.152959 0.362339
0.141797 -0.152101 0.353788
0.140932 -0.155111 0.362202
0.141080 -0.156837 0.353435
0.120559 -0.140359 0.352212
0.141797 -0.152101 0.353788
0.107404 -0.068134 0.344021
0.115931 -0.045666 0.340887
0.103683 -0.093886 0.346996
0.106954 -0.118135 0.349961
0.131591 -0.029276 0.338593
0.206021 -0.032610 0.343459
0.221986 -0.058123 0.349564
0.224464 -0.084523 0.353420
0.218624 -0.112660 0.356816
0.203460 -0.135289 0.357015
0.180222 -0.151045 0.356547
0.179130 -0.155835 0.364536
0.180222 -0.151045 0.356547
0.179412 -0.151802 0.364857
0.180202 -0.156640 0.355594
0.179134 -0.153854 0.371185
0.179478 -0.158408 0.376071
0.179307 -0.165201 0.378020
0.179173 -0.168364 0.376952
0.179307 -0.165201 0.378020
0.161425 -0.167416 0.376125
0.179173 -0.168364 0.376952
0.178639 -0.165407 0.369745
0.178707 -0.169908 0.374288
0.179478 -0.158408 0.376071
0.161816 -0.158133 0.374368
0.179134 -0.153854 0.371185
0.161658 -0.154839 0.369841
0.179412 -0.151802 0.364857
0.140558 -0.162507 0.375674
0.140938 -0.157015 0.373658
0.140473 -0.166467 0.375392
0.140248 -0.164767 0.367644
0.140177 -0.168800 0.372284
0.140992 -0.153424 0.369564
0.185696 -0.011346 0.355322
0.169342 -0.008339 0.355449
0.154559 -0.011179 0.350603
0.197908 -0.020246 0.351422
0.139768 -0.024917 0.339419
0.145289 -0.016637 0.345747
0.144708 -0.019904 0.345792
0.154581 -0.013849 0.351689
0.169424 -0.011157 0.356155
0.184551 -0.014203 0.356298
0.196853 -0.022722 0.351906
0.180222 -0.151045 0.356547
0.162725 -0.153515 0.354203
0.169684 -0.014029 0.352207
0.157122 -0.019007 0.340615
0.170646 -0.014948 0.340636
0.155739 -0.017185 0.349295
0.185508 -0.019740 0.343074
0.184223 -0.017270 0.352966
0.195717 -0.025054 0.349963
0.200062 -0.030063 0.344537
0.144380 -0.024468 0.339103
0.145109 -0.022742 0.344437
0.139768 -0.024917 0.339419
0.144708 -0.019904 0.345792
0.206021 -0.032610 0.343459
0.196853 -0.022722 0.351906
0.154581 -0.013849 0.351689
0.169424 -0.011157 0.356155
0.184551 -0.014203 0.356298
0.141797 -0.152101 0.353788
0.120559 -0.140359 0.352212
0.107404 -0.068134 0.344021
0.115931 -0.045666 0.340887
0.103683 -0.093886 0.346996
0.106954 -0.118135 0.349961
0.131591 -0.029276 0.338593
0.206021 -0.032610 0.343459
0.221986 -0.058123 0.349564
0.224464 -0.084523 0.353420
0.218624 -0.112660 0.356816
0.203460 -0.135289 0.357015
0.180222 -0.151045 0.356547
0.139768 -0.024917 0.339419
0.162725 -0.153515 0.354203
0.157122 -0.019007 0.340615
0.170646 -0.014948 0.340636
0.185508 -0.019740 0.343074
0.200062 -0.030063 0.344537
0.144380 -0.024468 0.339103
0.197984 -0.146633 0.135136
0.181098 -0.153145 0.117000
0.180666 -0.148736 0.134488
0.164894 -0.142615 0.133170
0.181098 -0.153145 0.117000
0.180666 -0.148736 0.134488
0.163585 -0.146211 0.115721
0.162198 -0.159087 0.354743
0.163854 -0.157576 0.329081
0.141080 -0.156837 0.353435
0.140932 -0.155111 0.362202
0.140248 -0.164767 0.367644
0.140177 -0.168800 0.372284
0.140473 -0.166467 0.375392
0.140558 -0.162507 0.375674
0.140938 -0.157015 0.373658
0.140992 -0.153424 0.369564
0.140717 -0.152959 0.362339
0.141797 -0.152101 0.353788
0.166305 -0.156610 0.305536
0.166305 -0.156610 0.305536
0.170475 -0.156012 0.260073
0.168459 -0.156138 0.282444
0.168459 -0.156138 0.282444
0.170475 -0.156012 0.260073
0.177469 -0.022175 0.266232
0.178964 -0.024787 0.244915
0.176329 -0.018820 0.288355
0.125694 -0.140465 0.300785
0.180308 -0.027150 0.222154
0.211097 -0.137875 0.237012
0.172220 -0.155484 0.237773
0.172220 -0.155484 0.237773
0.145562 -0.038681 0.199675
0.163420 -0.031240 0.199574
0.199252 -0.038633 0.203590
0.212030 -0.138656 0.214687
0.174025 -0.154644 0.215146
0.174025 -0.154644 0.215146
0.182769 -0.032566 0.181302
0.183295 -0.033849 0.161851
0.198890 -0.041686 0.183536
0.163365 -0.030253 0.180229
0.147337 -0.036440 0.159022
0.146158 -0.037813 0.179739
0.165340 -0.031134 0.160124
0.159222 -0.145590 0.191901
0.177524 -0.152744 0.172985
0.176331 -0.152797 0.193374
0.158645 -0.148537 0.171110
0.177524 -0.152744 0.172985
0.195506 -0.147072 0.173573
0.176331 -0.152797 0.193374
0.210109 -0.060115 0.166033
0.210044 -0.135444 0.173215
0.212216 -0.137840 0.193390
0.128408 -0.078541 0.169560
0.125573 -0.100787 0.177769
0.134647 -0.057356 0.160690
0.132939 -0.119402 0.186464
0.134932 -0.118987 0.172722
0.147402 -0.132689 0.190103
0.144417 -0.135973 0.168589
0.131919 -0.119868 0.192012
0.143262 -0.135590 0.200358
0.204256 -0.042123 0.144741
0.217514 -0.053558 0.146715
0.223135 -0.077150 0.149334
0.216420 -0.136728 0.149024
0.198046 -0.152722 0.153959
0.178909 -0.153629 0.152909
0.178909 -0.153629 0.152909
0.148708 -0.133830 0.149081
0.139037 -0.117254 0.166880
0.137288 -0.117831 0.146940
0.133011 -0.099552 0.164132
0.150119 -0.039242 0.140382
0.167450 -0.031877 0.140858
0.186030 -0.033666 0.141522
0.144992 -0.115166 0.130340
0.135945 -0.099003 0.112429
0.137639 -0.098142 0.129026
0.154314 -0.129935 0.131644
0.132930 -0.078890 0.120927
0.132109 -0.078589 0.128167
0.136889 -0.060070 0.128840
0.154427 -0.043455 0.121704
0.141533 -0.061279 0.109157
0.211889 -0.134408 0.133890
0.218401 -0.137968 0.117448
0.181844 -0.159997 0.036690
0.181648 -0.156943 0.016195
0.181844 -0.159997 0.036690
0.181648 -0.156943 0.016195
0.147007 -0.138138 0.035823
0.144230 -0.079859 0.018456
0.146049 -0.061543 0.017534
0.238185 -0.102462 0.019054
0.231793 -0.123031 0.018583
0.222756 -0.142381 0.016900
0.145990 -0.137614 0.077002
0.163127 -0.148244 0.097158
0.160542 -0.153542 0.077927
0.181138 -0.155933 0.098247
0.181419 -0.158187 0.078439
0.181419 -0.158187 0.078439
0.181138 -0.155933 0.098247
0.217300 -0.138953 0.098790
0.221580 -0.142410 0.079648
0.228158 -0.120386 0.098354
0.231290 -0.121229 0.079194
0.144977 -0.139101 0.055618
0.181544 -0.160002 0.057362
0.181544 -0.160002 0.057362
0.221344 -0.063788 0.109475
0.224006 -0.080392 0.109758
0.224519 -0.098957 0.109919
0.224964 -0.118962 0.113187
0.136889 -0.060070 0.128840
0.132109 -0.078589 0.128167
0.133807 -0.098767 0.136980
0.154314 -0.129935 0.131644
0.144992 -0.115166 0.130340
0.164894 -0.142615 0.133170
0.180666 -0.148736 0.134488
0.197984 -0.146633 0.135136
0.180666 -0.148736 0.134488
0.211889 -0.134408 0.133890
0.169763 -0.034586 0.126485
0.186826 -0.035456 0.127305
0.201963 -0.045541 0.128661
0.242390 -0.103319 0.010699
0.241632 -0.081628 0.001158
0.242823 -0.080824 0.010059
0.241940 -0.079420 0.002395
0.234718 -0.124050 -0.012507
0.236929 -0.125015 0.010626
0.240405 -0.103329 -0.012507
0.222843 -0.141914 -0.012507
0.203404 -0.154068 -0.012507
0.181680 -0.158425 0.008452
0.181617 -0.155562 -0.012507
0.181680 -0.158425 0.008452
0.163879 -0.148886 -0.012507
0.181617 -0.155562 -0.012507
0.143817 -0.116777 -0.012507
0.143346 -0.099226 -0.012507
0.144689 -0.079001 0.000226
0.146326 -0.080216 -0.012301
0.149660 -0.134304 -0.012507
0.145318 -0.043842 0.005973
0.145821 -0.061520 0.002896
0.146728 -0.045028 -0.000188
0.144256 -0.076660 0.002552
0.154427 -0.043455 0.121704
0.173390 0.113029 0.043727
0.158986 0.104010 0.041879
0.191439 0.125090 0.028810
0.171401 0.123155 0.029512
0.145740 0.071334 0.040710
0.150786 0.088944 0.040517
0.142581 0.051996 0.042452
0.141789 0.031848 0.045682
0.171481 0.125932 0.014907
0.191062 0.128022 0.015780
0.169123 -0.000195 0.088566
0.151145 -0.007279 0.078424
0.186907 -0.016063 0.102651
0.170158 -0.014193 0.102247
0.156031 -0.020359 0.096949
0.186826 -0.035456 0.127305
0.186655 -0.026449 0.117036
0.201963 -0.045541 0.128661
0.169763 -0.034586 0.126485
0.156775 -0.030359 0.110232
0.212535 -0.056483 0.124807
0.241871 -0.037580 0.058726
0.238555 -0.016503 0.056591
0.143604 0.012298 0.049386
0.144086 -0.006566 0.053870
0.140980 -0.007177 -0.010671
0.140435 -0.007734 -0.003927
0.145726 -0.025829 -0.006417
0.144710 -0.025828 0.000177
0.130476 0.033993 -0.007944
0.131014 0.056063 -0.007582
0.134351 0.076008 -0.006050
0.141307 0.098577 -0.001336
0.152478 0.117702 0.003953
0.191768 0.132689 0.008408
0.170962 0.130634 0.007848
0.191822 0.132256 0.001422
0.212521 0.125787 0.006656
0.211440 0.125762 -0.000201
0.229885 0.109106 0.001573
0.228405 0.109600 -0.005085
0.240380 0.088996 -0.010097
0.241785 0.088457 -0.003569
0.248397 0.066868 -0.013235
0.249542 0.067000 -0.006528
0.253472 0.000703 -0.004701
0.248839 -0.021611 -0.007598
0.252528 0.000250 -0.011985
0.249941 -0.020848 -0.000554
0.254858 0.022801 -0.007169
0.253732 0.022397 -0.014331
0.252731 0.044361 -0.014475
0.253794 0.045023 -0.008058
0.245081 -0.043191 -0.000911
0.246411 -0.041236 0.005942
0.243511 -0.062029 0.003579
0.192823 -0.084078 0.000591
0.169465 -0.083060 -0.012352
0.168333 -0.082287 0.000415
0.193100 -0.084652 -0.012296
0.217349 -0.083256 0.000621
0.216788 -0.084080 -0.012363
0.238359 -0.103056 -0.013556
0.240519 -0.082544 -0.012586
0.240334 -0.082160 -0.014482
0.232848 -0.123199 -0.013556
0.221426 -0.140457 -0.013556
0.202783 -0.152152 -0.013556
0.181911 -0.153555 -0.013556
0.164987 -0.147192 -0.013556
0.181911 -0.153555 -0.013556
0.151385 -0.133253 -0.013556
0.145837 -0.116421 -0.013556
0.146901 -0.080814 -0.013556
0.145409 -0.099339 -0.013556
0.169243 -0.085136 -0.013556
0.193055 -0.086739 -0.013556
0.216920 -0.086165 -0.013556
0.145837 -0.116421 -0.013556
0.145409 -0.099339 -0.013556
0.146901 -0.080814 -0.013556
0.202783 -0.152152 -0.013556
0.181911 -0.153555 -0.013556
0.221426 -0.140457 -0.013556
0.164987 -0.147192 -0.013556
0.232848 -0.123199 -0.013556
0.238359 -0.103056 -0.013556
0.240334 -0.082160 -0.014482
0.151385 -0.133253 -0.013556
0.168677 -0.080142 0.001824
0.192788 -0.081345 0.001996
0.217146 -0.081999 0.001877
0.147167 -0.061539 0.001946
0.147702 -0.045099 -0.001263
0.135191 0.014127 -0.014794
0.141574 -0.007112 -0.011886
0.147174 -0.025948 -0.007622
0.132162 0.033905 -0.015841
0.132753 0.056053 -0.014881
0.136249 0.075826 -0.013644
0.143437 0.098926 -0.009060
0.154473 0.118008 -0.003844
0.191757 0.131404 0.000234
0.172331 0.129967 -0.000234
0.210797 0.125206 -0.001252
0.227573 0.109247 -0.006128
0.240105 0.089053 -0.011624
0.247031 0.066583 -0.014531
0.247507 -0.021460 -0.008588
0.252147 -0.000110 -0.014160
0.252070 0.022369 -0.015653
0.252320 0.044356 -0.016138
0.244119 -0.043060 -0.001748
0.241596 -0.061547 0.002703
0.145879 -0.077058 0.001779
0.239677 -0.080001 0.001923
0.240407 -0.080926 0.000341
0.239442 -0.081522 -0.013200
0.240407 -0.080926 0.000341
0.239677 -0.080001 0.001923
0.239442 -0.081522 -0.013200
0.146563 -0.078745 0.000224
0.147586 -0.079942 -0.012378
0.147586 -0.079942 -0.012378
0.146563 -0.078745 0.000224
0.145879 -0.077058 0.001779
0.191757 0.131404 0.000234
0.210797 0.125206 -0.001252
0.227573 0.109247 -0.006128
0.172331 0.129967 -0.000234
0.154473 0.118008 -0.003844
0.240105 0.089053 -0.011624
0.143437 0.098926 -0.009060
0.136249 0.075826 -0.013644
0.247031 0.066583 -0.014531
0.132753 0.056053 -0.014881
0.252320 0.044356 -0.016138
0.252147 -0.000110 -0.014160
0.247507 -0.021460 -0.008588
0.252070 0.022369 -0.015653
0.132162 0.033905 -0.015841
0.135191 0.014127 -0.014794
0.141574 -0.007112 -0.011886
0.147702 -0.045099 -0.001263
0.147174 -0.025948 -0.007622
0.244119 -0.043060 -0.001748
0.241596 -0.061547 0.002703
0.147167 -0.061539 0.001946
0.212535 -0.056483 0.124807
0.227339 -0.088186 0.129608
0.229796 -0.099336 0.120176
0.228286 -0.086962 0.120339
0.232649 -0.098810 0.130575
0.229773 -0.098274 0.141228
0.227339 -0.088186 0.129608
0.228647 -0.085662 0.138746
0.232649 -0.098810 0.130575
0.229663 -0.110253 0.131423
0.228837 -0.111819 0.122448
0.229663 -0.110253 0.131423
0.229109 -0.111222 0.141004
0.224173 -0.116667 0.132178
0.226503 -0.117992 0.138789
0.224676 -0.125413 0.143806
0.224173 -0.116667 0.132178
0.219487 -0.124327 0.132962
0.219487 -0.124327 0.132962
0.225861 -0.080659 0.122217
0.225222 -0.073597 0.117535
0.222071 -0.080585 0.128716
0.222071 -0.080585 0.128716
0.218433 -0.070931 0.127636
0.218433 -0.070931 0.127636
0.137639 -0.098142 0.129026
0.109556 -0.110028 0.682462
0.121009 -0.110001 0.675475
0.109193 -0.106834 0.680514
0.109556 -0.110028 0.682462
0.102637 -0.112905 0.662921
0.109556 -0.110028 0.682462
0.153074 0.021376 0.554973
0.164950 -0.012012 0.535763
0.132962 -0.038136 0.546029
0.052673 0.001813 0.663410
0.070633 -0.006103 0.662397
0.063129 0.018602 0.676695
0.201189 -0.068694 0.658783
0.199219 -0.092326 0.645018
0.213784 -0.062540 0.650513
0.165934 0.079472 0.663013
0.157123 0.065605 0.659988
0.173866 0.078202 0.648451
0.063066 -0.007165 0.586113
0.062798 0.027042 0.605600
0.087998 0.035732 0.578266
0.147054 0.086696 0.633788
0.169868 -0.125898 0.582053
0.080907 0.065772 0.622382
0.066041 0.057535 0.610642
0.063819 0.039266 0.612528
0.090648 0.051811 0.647707
0.090589 0.067452 0.648763
0.073773 0.050488 0.650936
0.180408 -0.092938 0.652930
0.179640 -0.089625 0.662398
0.161437 -0.080613 0.667903
0.207008 -0.102159 0.632598
0.185967 -0.124229 0.599932
0.070560 0.006390 0.674646
0.119041 -0.042664 0.714724
0.110287 -0.054395 0.694087
0.129678 -0.065229 0.704699
0.101176 -0.115010 0.646372
0.086668 -0.103984 0.650416
0.083311 -0.099842 0.636420
0.085951 -0.029466 0.549258
0.083447 -0.049028 0.552633
0.052024 -0.041158 0.626207
0.057435 -0.030050 0.606453
0.059111 -0.083483 0.612512
0.153328 -0.127666 0.583542
0.160667 -0.031054 0.670788
0.156631 -0.013674 0.659630
0.144823 -0.009221 0.669876
0.097047 -0.017479 0.710596
0.111713 -0.002645 0.698899
0.072577 -0.022140 0.702540
0.124183 -0.006948 0.711119
0.120307 -0.006771 0.749580
0.139053 -0.014284 0.705519
0.132086 -0.017568 0.745174
0.136951 -0.033475 0.720322
0.142862 -0.021816 0.710269
0.075961 -0.059686 0.648031
0.074319 -0.079264 0.637440
0.080348 -0.079101 0.659206
0.095741 -0.028707 0.713012
0.069299 -0.037406 0.701211
0.099331 -0.059515 0.692307
0.078481 -0.027917 0.668645
0.093849 -0.058322 0.686020
0.071077 -0.035413 0.678715
0.077940 -0.021922 0.680876
0.068378 -0.024010 0.693279
0.078474 -0.006646 0.686897
0.060539 0.046124 0.623094
0.053944 0.029758 0.620428
0.063616 0.029317 0.626761
0.042515 -0.024988 0.643748
0.042884 -0.002092 0.646598
0.159049 -0.134184 0.647832
0.172544 -0.133932 0.595217
0.141714 -0.137827 0.633796
0.156117 0.065060 0.607135
0.183284 0.069152 0.615232
0.176533 0.052734 0.595760
0.200397 0.025873 0.616934
0.186806 0.039219 0.597784
0.210633 0.044461 0.633165
0.208874 0.030000 0.646240
0.190756 0.058180 0.649208
0.180154 0.052906 0.651528
0.088060 -0.062985 0.657518
0.093943 -0.094568 0.658255
0.098768 -0.074615 0.666293
0.129530 -0.105982 0.665995
0.118913 -0.090376 0.665362
0.111547 -0.089778 0.667742
0.181223 0.020596 0.666159
0.184317 0.036867 0.658249
0.173502 0.038065 0.670084
0.223627 -0.043483 0.658472
0.225477 -0.007351 0.652304
0.208298 -0.017147 0.673288
0.181626 -0.028020 0.672558
0.182352 -0.013542 0.695471
0.183451 -0.014146 0.666010
0.216466 0.006128 0.648801
0.193093 0.009136 0.664353
0.216327 0.002893 0.669793
0.099047 0.028000 0.676538
0.080513 0.021144 0.682473
0.084415 0.005710 0.679110
0.154617 0.014338 0.666863
0.157155 0.001572 0.657938
0.130892 0.065466 0.609563
0.100695 0.075690 0.625420
0.140917 0.014760 0.550821
0.087176 -0.008545 0.553378
0.201982 -0.104281 0.644321
0.229778 -0.048257 0.663539
0.173025 0.044657 0.658390
0.089411 0.038006 0.660437
0.063596 -0.049863 0.648425
0.068063 -0.060450 0.644552
0.057153 -0.041109 0.596826
0.050695 -0.069394 0.626696
0.045037 -0.049793 0.625752
0.156822 -0.122229 0.656071
0.183498 -0.110263 0.645714
0.138836 -0.117528 0.649419
0.135562 -0.133299 0.639400
0.103630 -0.089563 0.547730
0.086793 -0.065283 0.551712
0.122596 -0.077535 0.674285
0.141744 -0.099494 0.659473
0.149341 -0.075994 0.679570
0.139206 -0.079208 0.544062
0.104435 -0.057395 0.538394
0.105111 -0.033864 0.547891
0.154055 0.065696 0.596158
0.096942 0.020531 0.553978
0.063360 -0.003795 0.579769
0.113834 -0.078095 0.540742
0.130688 -0.102439 0.546829
0.124741 -0.079072 0.546188
0.115243 -0.044629 0.551658
0.161641 -0.041808 0.705758
0.146125 -0.036461 0.708024
0.147736 -0.049963 0.702592
0.138107 -0.007290 0.680422
0.154040 -0.022014 0.681398
0.055662 0.022416 0.660104
0.066440 0.029441 0.664156
0.073149 0.032241 0.676030
0.226417 -0.004130 0.611696
0.171508 0.061187 0.596536
0.179737 0.025649 0.573072
0.098216 -0.120644 0.639553
0.191188 -0.060213 0.669559
0.198373 -0.043589 0.667535
0.170036 -0.024411 0.700100
0.180483 -0.066513 0.689236
0.150821 -0.078309 0.683668
0.175039 -0.068666 0.680366
0.177017 -0.031096 0.681430
0.168670 -0.043245 0.699024
0.184292 -0.054044 0.679971
0.161970 0.053956 0.668844
0.142832 0.056982 0.663238
0.145673 0.047442 0.670661
0.152550 0.027974 0.676474
0.139018 0.024319 0.674953
0.125416 -0.004082 0.685336
0.185063 0.050466 0.624477
0.184436 0.066282 0.634320
0.196029 0.054476 0.634513
0.184876 0.070269 0.642574
0.138063 -0.059276 0.690511
0.110520 -0.061468 0.682500
0.151854 -0.066962 0.698332
0.169811 -0.070528 0.697001
0.168865 -0.008056 0.656052
0.050718 -0.037601 0.610065
0.079589 -0.104718 0.614280
0.152105 0.067669 0.606541
0.079845 -0.091618 0.625120
0.061950 -0.083414 0.632135
0.065944 -0.063463 0.638053
0.052508 -0.058580 0.640004
0.207986 -0.040829 0.664173
0.105309 0.087760 0.643682
0.143441 0.094740 0.657417
0.104867 0.079628 0.653772
0.137464 0.063034 0.658624
0.128066 0.086302 0.660004
0.060539 0.046124 0.623094
0.236631 -0.006920 0.646160
0.225603 0.008733 0.631900
0.214549 0.009715 0.639974
0.210582 0.045635 0.647384
0.216082 0.025086 0.634881
0.064694 0.046697 0.641134
0.060057 0.049309 0.629475
0.054770 0.021104 0.653438
0.057547 0.013576 0.652330
0.095487 -0.008048 0.690016
0.092450 -0.002172 0.703139
0.078499 -0.011204 0.698600
0.055518 -0.034720 0.583672
0.074712 -0.045887 0.563996
0.076005 -0.062266 0.567521
0.090318 -0.042586 0.666155
0.098542 -0.060839 0.678790
0.083089 -0.043833 0.653946
0.073329 -0.025305 0.659132
0.184122 -0.051484 0.531221
0.119778 0.035053 0.679744
0.089411 0.038006 0.660437
0.099047 0.028000 0.676538
0.106034 0.057126 0.668818
0.127443 0.051677 0.667994
0.123459 0.044972 0.656447
0.118364 0.048249 0.649690
0.104296 0.055070 0.652300
0.119264 0.062596 0.667682
0.123518 -0.137855 0.627024
0.112532 -0.131774 0.638122
0.172225 0.067276 0.630369
0.165588 0.090235 0.638171
0.162623 0.090932 0.659405
0.091995 -0.051702 0.659701
0.051190 -0.058029 0.631470
0.194944 -0.013416 0.689581
0.180478 -0.004723 0.660708
0.180744 -0.004673 0.681580
0.193324 0.003255 0.685694
0.079619 -0.013858 0.675529
0.117262 -0.132087 0.626299
0.090779 0.077492 0.637176
0.064078 0.057508 0.639133
0.046451 -0.024286 0.652489
0.055710 -0.030543 0.659767
0.106213 -0.036806 0.712997
0.122568 -0.036520 0.729754
0.192566 0.058010 0.618283
0.203352 0.055699 0.632301
0.112981 -0.011998 0.734403
0.112937 -0.006191 0.712740
0.101207 -0.011586 0.731862
0.097819 -0.027844 0.723930
0.107220 -0.073489 0.671624
0.106661 -0.102937 0.662941
0.050598 -0.001911 0.618176
0.053706 0.014322 0.636642
0.050290 0.022269 0.631051
0.042884 -0.002092 0.646598
0.046451 -0.024286 0.652489
0.051773 -0.003338 0.647370
0.165118 -0.081821 0.533295
0.145625 -0.105948 0.547933
0.099221 0.040326 0.583830
0.086049 0.035208 0.591615
0.200074 0.049000 0.644287
0.235175 -0.046134 0.659639
0.103146 0.019586 0.687677
0.173118 0.059156 0.648408
0.127922 -0.087248 0.662849
0.128835 -0.116728 0.659069
0.144351 -0.110116 0.655677
0.180748 0.078071 0.627387
0.184879 0.078115 0.635272
0.185536 -0.082910 0.660929
0.142039 -0.049033 0.713075
0.139085 -0.061640 0.703006
0.051821 -0.013699 0.657887
0.186910 0.001736 0.697474
0.205617 -0.009833 0.684865
0.193037 0.011266 0.675190
0.203688 0.000463 0.668153
0.208483 0.002909 0.680090
0.178408 -0.053956 0.698202
0.159136 -0.059451 0.705426
0.067129 -0.033681 0.586637
0.107353 -0.035650 0.731849
0.144943 0.081640 0.669695
0.231863 0.002662 0.625957
0.197060 0.017074 0.659183
0.071259 -0.043826 0.688439
0.058422 -0.028516 0.685192
0.204056 -0.049519 0.652780
0.053944 0.029758 0.620428
0.090648 0.051811 0.647707
0.083689 0.070472 0.617494
0.073150 0.039612 0.652616
0.059648 0.037323 0.653850
0.054830 -0.020709 0.684240
0.051703 0.031617 0.674067
0.067091 0.026291 0.653719
0.067628 0.045027 0.649349
0.072758 -0.027931 0.678405
0.049103 0.040845 0.670727
0.067628 0.045027 0.649349
0.045598 0.029524 0.672447
0.161211 -0.041642 0.531003
0.194289 0.031393 0.656814
0.204310 0.011738 0.650521
0.173171 -0.122630 0.657096
0.085939 -0.104844 0.626150
0.081621 -0.113225 0.631577
0.093069 -0.122191 0.631787
0.049477 0.003730 0.646463
0.058972 -0.041252 0.644199
0.049336 -0.040197 0.637189
0.058972 -0.041252 0.644199
0.116873 -0.135974 0.645378
0.073855 0.073362 0.641860
0.064078 0.057508 0.639133
0.073855 0.073362 0.641860
0.048105 0.010162 0.651425
0.053706 0.014322 0.636642
0.198153 -0.022917 0.676184
0.154622 -0.130649 0.658092
0.050290 0.022269 0.631051
0.040210 0.029294 0.635032
0.103146 0.019586 0.687677
0.111713 -0.002645 0.698899
0.112937 -0.006191 0.712740
0.090589 0.067452 0.648763
0.174728 -0.074969 0.671933
0.198704 -0.066964 0.666257
0.064694 0.046697 0.641134
0.073855 0.073362 0.641860
0.069103 -0.025162 0.572513
0.083311 -0.099842 0.636420
0.098216 -0.120644 0.639553
0.105329 -0.133219 0.641534
0.046882 0.037759 0.688616
0.065944 -0.063463 0.638053
0.203869 -0.109422 0.633272
0.181353 0.021187 0.657124
0.074939 -0.057999 0.553817
0.123284 0.000151 0.700836
0.074319 -0.079264 0.637440
0.074407 0.032730 0.648821
0.122739 -0.123474 0.656819
0.134850 -0.122386 0.649957
0.122451 -0.119921 0.655136
0.122739 -0.123474 0.656819
0.117284 -0.123570 0.639689
0.122739 -0.123474 0.656819
0.154345 0.026466 0.539205
0.164593 -0.009464 0.532904
0.059834 -0.014692 0.641199
0.079951 -0.022172 0.639926
0.074502 0.001896 0.657238
0.201964 -0.069169 0.641716
0.203508 -0.088464 0.626813
0.211344 -0.060081 0.634742
0.191534 -0.000215 0.537286
0.163619 0.069648 0.641245
0.154386 0.054750 0.639396
0.169031 0.070425 0.625991
0.061802 -0.017674 0.565881
0.057005 0.017096 0.580666
0.083951 0.036573 0.554912
0.147690 0.082747 0.604452
0.178856 -0.116059 0.562740
0.086040 0.057094 0.603785
0.067340 0.048669 0.590760
0.060712 0.029141 0.588891
0.097886 0.038314 0.630463
0.097447 0.055269 0.631116
0.082859 0.036919 0.634086
0.187107 -0.094865 0.631404
0.187072 -0.094202 0.640863
0.170335 -0.088624 0.644886
0.210620 -0.094223 0.615101
0.081033 -0.010203 0.653604
0.129479 -0.060448 0.685487
0.122203 -0.070848 0.666896
0.140363 -0.082944 0.676355
0.114116 -0.125031 0.623122
0.097267 -0.116465 0.628337
0.090195 -0.113914 0.614231
0.083916 -0.061833 0.537368
0.049405 -0.054908 0.601911
0.054378 -0.043766 0.583644
0.090048 -0.117380 0.573898
0.061455 -0.095753 0.593615
0.093900 -0.130145 0.594233
0.164359 -0.121201 0.563410
0.143232 -0.129210 0.584614
0.162055 -0.044302 0.649539
0.156022 -0.025866 0.639605
0.145710 -0.022658 0.649005
0.105323 -0.034877 0.683537
0.117567 -0.018122 0.674739
0.082098 -0.040572 0.676013
0.130929 -0.022839 0.684605
0.130476 -0.024291 0.718626
0.145082 -0.029946 0.679651
0.142482 -0.035534 0.714661
0.145915 -0.050745 0.691866
0.150664 -0.038486 0.682960
0.084343 -0.071356 0.626028
0.081694 -0.091215 0.617061
0.091486 -0.092053 0.637149
0.104996 -0.046604 0.684612
0.079018 -0.056072 0.673982
0.111411 -0.076361 0.666131
0.088049 -0.043801 0.644545
0.106094 -0.074591 0.660915
0.079987 -0.052636 0.652741
0.088563 -0.038982 0.656566
0.077913 -0.042130 0.667015
0.089047 -0.023795 0.663667
0.061730 0.035026 0.601513
0.050980 0.018075 0.595791
0.062379 0.016808 0.601955
0.043394 -0.039117 0.619497
0.043106 -0.017314 0.622148
0.171273 -0.138863 0.622214
0.181183 -0.125173 0.574577
0.158034 -0.140871 0.608395
0.156319 0.070432 0.565517
0.178355 0.068596 0.583953
0.176974 0.058673 0.556850
0.202042 0.030055 0.581868
0.188829 0.045376 0.562216
0.212308 0.043989 0.604675
0.209366 0.029827 0.618851
0.187229 0.052045 0.625669
0.175999 0.045439 0.628241
0.099496 -0.076989 0.634923
0.106548 -0.106933 0.635754
0.112142 -0.088228 0.643564
0.143306 -0.117123 0.640495
0.131983 -0.104061 0.640103
0.125085 -0.102505 0.643778
0.179576 0.013139 0.645047
0.182893 0.030101 0.634833
0.170631 0.028665 0.649781
0.217291 -0.041555 0.643237
0.220479 -0.003899 0.630859
0.205784 -0.020925 0.655333
0.181575 -0.037534 0.653218
0.182057 -0.024077 0.676598
0.183198 -0.022613 0.646011
0.212511 0.008730 0.623770
0.191190 0.004654 0.643798
0.214279 0.001824 0.650234
0.106340 0.013142 0.658559
0.089762 0.005345 0.662251
0.094391 -0.011004 0.657544
0.152548 0.002279 0.647675
0.156475 -0.010937 0.637365
0.132773 0.069190 0.572217
0.104832 0.069863 0.602834
0.128848 -0.025690 0.548276
0.206827 -0.099233 0.626122
0.223104 -0.046807 0.648824
0.169803 0.035607 0.636078
0.098846 0.022779 0.643047
0.067704 -0.062534 0.624834
0.052213 -0.055302 0.574301
0.050438 -0.081854 0.604584
0.041747 -0.062920 0.601245
0.169084 -0.129030 0.630225
0.189583 -0.110609 0.623265
0.153376 -0.123872 0.623651
0.151900 -0.138061 0.613791
0.105628 -0.101573 0.530368
0.087656 -0.078252 0.535821
0.134905 -0.092108 0.649248
0.154148 -0.108438 0.634034
0.159189 -0.087721 0.655477
0.113674 -0.064000 0.529646
0.119209 0.061150 0.557962
0.157051 0.073940 0.551534
0.063090 -0.013304 0.561157
0.119909 -0.085902 0.527732
0.138384 -0.107062 0.529159
0.124878 -0.047852 0.546454
0.168004 -0.057092 0.681110
0.153861 -0.052794 0.681285
0.156224 -0.066197 0.675956
0.140168 -0.020969 0.658881
0.156968 -0.036111 0.658688
0.062101 0.006405 0.638240
0.076582 0.013499 0.644781
0.083881 0.016465 0.656957
0.204345 0.027238 0.567998
0.219736 0.004683 0.582446
0.171619 0.067532 0.554790
0.182013 0.034067 0.545274
0.109491 -0.131095 0.615994
0.192046 -0.065460 0.651418
0.195642 -0.047567 0.650421
0.174638 -0.038545 0.676783
0.187105 -0.078077 0.666816
0.160510 -0.091047 0.659091
0.180915 -0.077781 0.659212
0.178355 -0.042567 0.661239
0.173828 -0.057740 0.675676
0.186926 -0.062960 0.660099
0.159144 0.042816 0.649085
0.142826 0.044342 0.643285
0.144996 0.034580 0.652063
0.150655 0.015976 0.658277
0.139380 0.011015 0.656692
0.128896 -0.018362 0.663056
0.183325 0.048005 0.593148
0.179303 0.061075 0.608422
0.194219 0.050646 0.607615
0.179585 0.063829 0.618910
0.149134 -0.074280 0.663678
0.122869 -0.076619 0.656692
0.161603 -0.082378 0.672046
0.178274 -0.084773 0.672346
0.046391 -0.051160 0.586270
0.082769 -0.119433 0.592347
0.153019 0.073480 0.564677
0.085068 -0.105201 0.604113
0.066884 -0.095450 0.612069
0.070459 -0.075339 0.616052
0.053738 -0.071617 0.616721
0.203653 -0.042344 0.647738
0.110612 0.078342 0.623205
0.145430 0.085803 0.634908
0.110289 0.068335 0.635350
0.138295 0.051146 0.638000
0.132078 0.075469 0.638944
0.061730 0.035026 0.601513
0.231244 -0.001311 0.624201
0.220392 0.015468 0.602137
0.210776 0.013590 0.611015
0.211933 0.043547 0.621970
0.215361 0.028399 0.604565
0.070822 0.033730 0.621381
0.063523 0.037732 0.608868
0.057945 0.005647 0.629870
0.061228 -0.002190 0.628240
0.105299 -0.025590 0.665191
0.100205 -0.018827 0.678076
0.088104 -0.028821 0.673846
0.050898 -0.049045 0.560933
0.071651 -0.060683 0.545642
0.072500 -0.077572 0.548482
0.101327 -0.058327 0.642080
0.111392 -0.076104 0.654550
0.091632 -0.057177 0.630168
0.080555 -0.040088 0.634817
0.185684 -0.045941 0.525023
0.123443 0.021378 0.662311
0.098846 0.022779 0.643047
0.106340 0.013142 0.658559
0.112310 0.043239 0.651147
0.129796 0.037989 0.650156
0.127416 0.030429 0.636956
0.122610 0.034694 0.628767
0.110185 0.041484 0.634276
0.123966 0.049004 0.649134
0.138949 -0.142931 0.602411
0.127179 -0.139458 0.613683
0.166955 0.063136 0.600577
0.163361 0.084665 0.612287
0.161119 0.082336 0.637367
0.103064 -0.066661 0.636009
0.050685 0.002549 0.585873
0.050326 -0.070789 0.608288
0.193749 -0.021833 0.671563
0.179230 -0.012528 0.640531
0.179259 -0.013563 0.663150
0.191557 -0.003741 0.667868
0.090539 -0.030650 0.652265
0.131137 -0.138328 0.601817
0.096902 0.067497 0.618186
0.071337 0.045445 0.620498
0.049118 -0.039534 0.628408
0.060451 -0.045232 0.635986
0.132514 -0.054884 0.699688
0.189942 0.057066 0.588560
0.202561 0.053095 0.605832
0.122166 -0.029586 0.704470
0.120261 -0.022563 0.685924
0.110004 -0.029251 0.702162
0.107170 -0.046165 0.694384
0.120517 -0.087401 0.647999
0.120746 -0.114511 0.639262
0.047462 -0.014596 0.593426
0.051403 0.000637 0.610790
0.046310 0.009461 0.604436
0.043106 -0.017314 0.622148
0.049118 -0.039534 0.628408
0.053561 -0.019143 0.622864
0.156724 -0.103670 0.532017
0.099220 0.054439 0.558106
0.081642 0.033619 0.567162
0.199956 0.045106 0.618306
0.228418 -0.043836 0.644893
0.109406 0.005044 0.667486
0.168195 0.051001 0.624855
0.140568 -0.099879 0.637241
0.143744 -0.126256 0.633462
0.157320 -0.117518 0.629946
0.176193 0.074177 0.599438
0.180252 0.072461 0.609870
0.191365 -0.085957 0.640984
0.151399 -0.066086 0.685176
0.149136 -0.078130 0.675548
0.057024 -0.029532 0.634885
0.185708 -0.007224 0.679540
0.203994 -0.015962 0.667034
0.191357 0.005613 0.655860
0.201734 -0.002582 0.648373
0.206829 -0.001148 0.661629
0.184552 -0.067722 0.674887
0.167449 -0.075105 0.679842
0.063721 -0.049755 0.565352
0.117270 -0.054498 0.701337
0.146045 0.070800 0.649437
0.225229 0.010761 0.596867
0.196177 0.013740 0.636081
0.080950 -0.062086 0.661899
0.066041 -0.046561 0.657498
0.201786 -0.049648 0.635815
0.050980 0.018075 0.595791
0.097886 0.038314 0.630463
0.087991 0.063570 0.598484
0.082376 0.024981 0.634446
0.065852 0.022738 0.632698
0.061667 -0.038670 0.655489
0.089456 0.052001 0.571548
0.062234 0.015173 0.653413
0.074590 0.010567 0.631764
0.075681 0.031224 0.630860
0.082229 -0.044976 0.653217
0.058627 0.025266 0.649586
0.075681 0.031224 0.630860
0.054427 0.013023 0.650745
0.194390 0.027005 0.632397
0.202473 0.011459 0.624855
0.183589 -0.127573 0.632628
0.091213 -0.119483 0.603100
0.087091 -0.127357 0.608481
0.101253 -0.133885 0.607941
0.049798 -0.011639 0.621667
0.060478 -0.054802 0.619496
0.048401 -0.053459 0.612543
0.060478 -0.054802 0.619496
0.133132 -0.143927 0.620686
0.081670 0.062165 0.624037
0.071337 0.045445 0.620498
0.081670 0.062165 0.624037
0.048989 -0.005486 0.626589
0.051403 0.000637 0.610790
0.196045 -0.029015 0.658064
0.167902 -0.138480 0.631983
0.046310 0.009461 0.604436
0.036437 0.015818 0.608332
0.109406 0.005044 0.667486
0.117567 -0.018122 0.674739
0.120261 -0.022563 0.685924
0.097447 0.055269 0.631116
0.181161 -0.082193 0.650896
0.199894 -0.069990 0.648600
0.070822 0.033730 0.621381
0.081670 0.062165 0.624037
0.068953 -0.037866 0.554940
0.090195 -0.113914 0.614231
0.109491 -0.131095 0.615994
0.119735 -0.141858 0.617723
0.057870 0.021615 0.666648
0.070459 -0.075339 0.616052
0.208051 -0.102262 0.614813
0.180983 0.014275 0.633492
0.072520 -0.073112 0.535259
0.129021 -0.014868 0.675929
0.081694 -0.091215 0.617061
0.083241 0.017506 0.628589
0.149712 -0.505930 0.924828
0.075789 -0.524590 0.948847
0.064470 -0.524590 0.926632
0.046840 -0.524590 0.909002
0.024625 -0.524590 0.897683
0.000000 -0.524590 0.893783
-0.024625 -0.524590 0.897683
-0.046840 -0.524590 0.909002
-0.064470 -0.524590 0.926632
-0.075789 -0.524590 0.948847
-0.079690 -0.524590 0.973473
-0.075789 -0.524590 0.998098
-0.064470 -0.524590 1.020313
-0.046840 -0.524590 1.037943
-0.024625 -0.524590 1.049262
-0.000000 -0.524590 1.053162
0.024625 -0.524590 1.049262
0.046840 -0.524590 1.037943
0.064470 -0.524590 1.020313
0.075789 -0.524590 0.998098
0.079690 -0.524590 0.973473
0.075789 -0.524590 0.948847
0.149712 -0.505930 0.924828
0.219949 -0.475339 0.902007
0.219949 -0.475339 0.902007
0.284770 -0.433573 0.880945
0.284770 -0.433573 0.880945
0.342579 -0.381659 0.862162
0.342579 -0.381659 0.862162
0.391952 -0.320875 0.846120
0.391952 -0.320875 0.846120
0.431675 -0.252718 0.833213
0.431675 -0.252718 0.833213
0.460768 -0.178867 0.823760
0.460768 -0.178867 0.823760
0.478515 -0.101140 0.817994
0.478515 -0.101140 0.817994
0.484480 -0.021450 0.816056
0.484480 -0.021450 0.816056
0.478515 0.058239 0.817994
0.478515 0.058239 0.817994
0.460768 0.135967 0.823760
0.460768 0.135967 0.823760
0.431675 0.209818 0.833213
0.431675 0.209818 0.833213
0.391952 0.277975 0.846120
0.391952 0.277975 0.846120
0.342579 0.338758 0.862162
0.342579 0.338758 0.862162
0.284770 0.390673 0.880945
0.284770 0.390673 0.880945
0.219949 0.432439 0.902007
0.219949 0.432439 0.902007
0.149712 0.463029 0.924828
0.149712 0.463029 0.924828
0.075789 0.481690 0.948847
0.064470 0.481690 0.926632
0.046840 0.481690 0.909002
0.024625 0.481690 0.897683
-0.000000 0.481690 0.893783
-0.024625 0.481690 0.897683
-0.046840 0.481690 0.909002
-0.064470 0.481690 0.926632
-0.075789 0.481690 0.948847
-0.079690 0.481690 0.973473
-0.075789 0.481690 0.998098
-0.064470 0.481690 1.020313
-0.046840 0.481690 1.037943
-0.024625 0.481690 1.049262
-0.000000 0.481690 1.053162
0.024625 0.481690 1.049262
0.046840 0.481690 1.037943
0.064470 0.481690 1.020313
0.075789 0.481690 0.998098
0.079690 0.481690 0.973473
0.075789 0.481690 0.948847
0.000000 -0.530862 0.973473
0.000000 -0.530862 0.973473
0.000000 -0.530862 0.973473
0.000000 -0.530862 0.973473
0.000000 -0.530862 0.973473
0.000000 -0.530862 0.973473
0.000000 -0.530862 0.973473
0.000000 -0.530862 0.973473
0.000000 -0.530862 0.973473
0.000000 -0.530862 0.973473
0.000000 -0.530862 0.973473
0.000000 -0.530862 0.973473
0.000000 -0.530862 0.973473
0.000000 -0.530862 0.973473
0.000000 -0.530862 0.973473
0.000000 -0.530862 0.973473
0.000000 -0.530862 0.973473
0.000000 -0.530862 0.973473
0.000000 -0.530862 0.973473
0.000000 -0.530862 0.973473
-0.000000 0.487962 0.973473
-0.000000 0.487962 0.973473
-0.000000 0.487962 0.973473
-0.000000 0.487962 0.973473
-0.000000 0.487962 0.973473
-0.000000 0.487962 0.973473
-0.000000 0.487962 0.973473
-0.000000 0.487962 0.973473
-0.000000 0.487962 0.973473
-0.000000 0.487962 0.973473
-0.000000 0.487962 0.973473
-0.000000 0.487962 0.973473
-0.000000 0.487962 0.973473
-0.000000 0.487962 0.973473
-0.000000 0.487962 0.973473
-0.000000 0.487962 0.973473
-0.000000 0.487962 0.973473
-0.000000 0.487962 0.973473
-0.000000 0.487962 0.973473
-0.000000 0.487962 0.973473
0.285720 -0.491540 0.470409
0.215980 -0.509144 0.493069
0.205302 -0.509144 0.472111
0.188670 -0.509144 0.455479
0.167712 -0.509144 0.444801
0.144480 -0.509144 0.441121
0.121248 -0.509144 0.444801
0.100290 -0.509144 0.455479
0.083658 -0.509144 0.472111
0.072980 -0.509144 0.493069
0.069300 -0.509144 0.516301
0.072980 -0.509144 0.539533
0.083658 -0.509144 0.560491
0.100290 -0.509144 0.577123
0.121248 -0.509144 0.587801
0.144480 -0.509144 0.591481
0.167712 -0.509144 0.587801
0.188670 -0.509144 0.577123
0.205302 -0.509144 0.560491
0.215980 -0.509144 0.539533
0.219660 -0.509144 0.516301
0.215980 -0.509144 0.493069
0.285720 -0.491540 0.470409
0.351982 -0.462681 0.448879
0.351982 -0.462681 0.448879
0.413135 -0.423278 0.429010
0.413135 -0.423278 0.429010
0.467672 -0.374301 0.411289
0.467672 -0.374301 0.411289
0.514252 -0.316957 0.396155
0.514252 -0.316957 0.396155
0.551726 -0.252658 0.383979
0.551726 -0.252658 0.383979
0.579173 -0.182986 0.375061
0.579173 -0.182986 0.375061
0.595916 -0.109657 0.369621
0.595916 -0.109657 0.369621
0.601543 -0.034477 0.367792
0.601543 -0.034477 0.367792
0.595916 0.040703 0.369621
0.595916 0.040703 0.369621
0.579173 0.114032 0.375061
0.579173 0.114032 0.375061
0.551726 0.183704 0.383979
0.551726 0.183704 0.383979
0.514252 0.248003 0.396155
0.514252 0.248003 0.396155
0.467672 0.305347 0.411289
0.467672 0.305347 0.411289
0.413135 0.354324 0.429010
0.413135 0.354324 0.429010
0.351982 0.393727 0.448879
0.351982 0.393727 0.448879
0.285720 0.422586 0.470409
0.285720 0.422586 0.470409
0.215980 0.440191 0.493069
0.205302 0.440191 0.472111
0.188670 0.440191 0.455479
0.167712 0.440191 0.444801
0.144480 0.440191 0.441121
0.121248 0.440191 0.444801
0.100290 0.440191 0.455479
0.083658 0.440191 0.472111
0.072980 0.440191 0.493069
0.069300 0.440191 0.516301
0.072980 0.440191 0.539533
0.083658 0.440191 0.560491
0.100290 0.440191 0.577123
0.121248 0.440191 0.587801
0.144480 0.440191 0.591481
0.167712 0.440191 0.587801
0.188670 0.440191 0.577123
0.205302 0.440191 0.560491
0.215980 0.440191 0.539533
0.219660 0.440191 0.516301
0.215980 0.440191 0.493069
0.144480 -0.515061 0.516301
0.144480 -0.515061 0.516301
0.144480 -0.515061 0.516301
0.144480 -0.515061 0.516301
0.144480 -0.515061 0.516301
0.144480 -0.515061 0.516301
0.144480 -0.515061 0.516301
0.144480 -0.515061 0.516301
0.144480 -0.515061 0.516301
0.144480 -0.515061 0.516301
0.144480 -0.515061 0.516301
0.144480 -0.515061 0.516301
0.144480 -0.515061 0.516301
0.144480 -0.515061 0.516301
0.144480 -0.515061 0.516301
0.144480 -0.515061 0.516301
0.144480 -0.515061 0.516301
0.144480 -0.515061 0.516301
0.144480 -0.515061 0.516301
0.144480 -0.515061 0.516301
0.144480 0.446107 0.516301
0.144480 0.446107 0.516301
0.144480 0.446107 0.516301
0.144480 0.446107 0.516301
0.144480 0.446107 0.516301
0.144480 0.446107 0.516301
0.144480 0.446107 0.516301
0.144480 0.446107 0.516301
0.144480 0.446107 0.516301
0.144480 0.446107 0.516301
0.144480 0.446107 0.516301
0.144480 0.446107 0.516301
0.144480 0.446107 0.516301
0.144480 0.446107 0.516301
0.144480 0.446107 0.516301
0.144480 0.446107 0.516301
0.144480 0.446107 0.516301
0.144480 0.446107 0.516301
0.144480 0.446107 0.516301
0.144480 0.446107 0.516301
1380 1381
1401 1402
1433 1435
1434 1455
1436 1476
1436 1477
1382 1456
1382 1457
1435 1476
1381 1456
1437 1477
1437 1478
1383 1457
1383 1458
1380 1403
1402 1404
1431 1433
1385 1459
1439 1479
1438 1478
1438 1479
1384 1458
1384 1459
1413 1415
1414 1416
1419 1421
1420 1422
1405 1407
1406 1408
1427 1429
1428 1430
1386 1460
1386 1461
1440 1480
1440 1481
1407 1409
1408 1410
1425 1427
1426 1428
1390 1464
1390 1465
1444 1484
1387 1461
1387 1462
1441 1481
1441 1482
1391 1466
1389 1463
1389 1464
1445 1485
1445 1486
1443 1483
1443 1484
1388 1462
1388 1463
1442 1482
1442 1483
1412 1414
1421 1423
1392 1466
1392 1467
1446 1486
1446 1487
1394 1468
1394 1469
1448 1488
1448 1489
1395 1469
1395 1470
1449 1489
1449 1490
1393 1467
1393 1468
1447 1487
1447 1488
1403 1405
1404 1406
1429 1431
1430 1432
1409 1411
1410 1412
1423 1425
1424 1426
1453 1493
1453 1494
1399 1473
1399 1474
1450 1491
1396 1471
1451 1491
1451 1492
1397 1471
1397 1472
1452 1492
1452 1493
1398 1472
1398 1473
1454 1494
1454 1495
1400 1474
1400 1475
1415 1417
1416 1418
1417 1419
1418 1420
1497 1572
1551 1592
1496 1497
1517 1518
1549 1551
1550 1571
1498 1572
1498 1573
1552 1592
1552 1593
1499 1573
1499 1574
1553 1593
1553 1594
1523 1525
1524 1526
1541 1543
1542 1544
1500 1574
1500 1575
1554 1594
1554 1595
1501 1575
1555 1595
1556 1596
1556 1597
1502 1576
1502 1577
1529 1531
1530 1532
1535 1537
1536 1538
1496 1519
1518 1520
1547 1549
1557 1597
1557 1598
1503 1577
1503 1578
1559 1599
1559 1600
1561 1601
1561 1602
1505 1579
1505 1580
1507 1582
1528 1530
1537 1539
1560 1600
1506 1580
1506 1581
1558 1598
1558 1599
1504 1578
1504 1579
1562 1602
1562 1603
1508 1582
1508 1583
1564 1604
1564 1605
1510 1584
1510 1585
1519 1521
1520 1522
1545 1547
1546 1548
1511 1585
1511 1586
1565 1605
1565 1606
1563 1603
1563 1604
1509 1583
1509 1584
1512 1587
1566 1607
1521 1523
1522 1524
1543 1545
1544 1546
1514 1588
1514 1589
1568 1608
1568 1609
1513 1587
1513 1588
1567 1607
1567 1608
1515 1589
1515 1590
1569 1609
1569 1610
1516 1590
1516 1591
1570 1610
1570 1611
1525 1527
1526 1528
1539 1541
1540 1542
1531 1533
1532 1534
1533 1535
1534 1536
710 836
818 819
709 711
1062 1064
1159 1160
1064 1179
779 780
749 925
1090 1262
1232 1276
1121 1122
721 723
1239 1354
95 96
1058 1252
723 841
902 1018
841 909
895 938
998 1036
1001 1036
816 840
804 859
754 755
76 79
64 92
717 818
855 856
1143 1299
97 246
47 210
1063 1064
1096 1097
1335 1372
77 115
809 906
801 963
736 1038
1067 1069
1116 1353
1232 1367
1177 1178
709 710
1142 1143
1048 1169
1151 1242
1110 1111
1108 1109
15 18
809 905
136 139
1186 1208
19 21
766 767
849 870
140 141
768 769
722 723
1130 1132
1151 1243
143 144
1050 1051
741 829
141 165
1146 1197
32 151
757 947
757 1026
1227 1228
1159 1342
788 790
952 1023
759 761
800 801
21 23
121 123
141 143
80 100
818 1006
1058 1194
1193 1194
844 845
118 145
915 958
145 156
1118 1354
774 1017
895 1031
144 145
1289 1359
67 68
7 29
140 163
739 765
156 254
148 158
10 12
1220 1223
776 1018
217 234
84 85
62 64
1079 1107
206 207
3 5
1099 1284
1099 1362
754 907
958 959
164 168
46 49
5 12
146 165
892 1031
81 114
803 858
788 789
44 168
716 717
33 57
42 44
143 146
62 91
1197 1270
1171 1181
255 256
758 860
726 728
164 166
1157 1229
119 121
139 144
883 886
1101 1103
36 38
36 42
833 834
207 208
209 212
96 98
69 70
6 12
791 792
67 69
849 871
1141 1154
1238 1240
147 165
78 100
1088 1220
259 260
43 253
818 971
116 118
74 76
1255 1256
0 4
8 10
166 167
1229 1367
1096 1244
45 46
1224 1348
157 158
827 828
1090 1091
34 231
9 93
918 919
1100 1198
145 157
1133 1134
294 295
361 362
19 31
817 840
116 117
1092 1198
799 812
1056 1057
1233 1321
0 2
130 160
710 1003
765 766
842 843
18 101
4 5
1053 1054
869 916
901 903
78 79
723 840
26 105
28 102
831 843
1223 1269
13 16
730 939
759 760
1145 1196
1233 1234
1268 1359
1107 1108
1148 1149
713 714
1068 1332
1173 1174
7 9
758 850
3 6
53 56
82 83
84 106
827 830
715 889
120 121
13 14
810 821
72 99
154 155
296 297
363 364
75 77
815 892
85 88
1125 1126
25 26
27 28
29 30
0 1
134 135
906 964
1296 1297
62 63
85 87
118 120
84 86
15 17
887 1012
1000 1001
35 37
80 101
258 259
65 66
97 245
739 877
1167 1168
167 170
11 12
806 807
1127 1128
82 102
105 106
1180 1181
47 59
1111 1323
298 299
365 366
24 25
256 257
1123 1350
1226 1365
20 31
1081 1083
149 150
152 153
889 1029
207 232
212 233
2 24
886 888
1243 1300
1101 1102
1223 1225
263 264
22 95
30 94
886 931
117 119
17 27
1152 1162
60 61
781 1014
1148 1150
952 954
1052 1054
1079 1215
1048 1303
1207 1253
73 75
129 130
297 298
38 40
742 764
732 734
1092 1094
803 804
65 94
95 97
39 173
1077 1190
263 265
14 31
785 786
750 752
1145 1146
76 78
1151 1153
769 987
1113 1331
865 866
103 104
738 740
1229 1260
830 1021
295 296
362 363
263 267
835 863
919 991
1068 1328
1078 1080
1082 1106
1142 1144
223 224
226 227
266 270
1289 1291
782 784
1101 1280
1127 1237
783 784
754 964
1024 1025
1285 1319
862 863
759 943
356 358
753 755
287 292
129 131
996 997
1337 1338
210 212
768 988
1179 1368
115 159
756 872
1082 1288
266 267
1083 1195
1369 1370
68 242
743 857
1033 1034
261 262
381 382
1256 1327
1110 1324
1046 1136
1096 1300
1360 1361
125 138
127 134
273 274
741 743
1167 1170
975 976
1333 1334
782 814
460 461
1124 1126
1060 1061
86 87
1159 1307
1343 1370
35 39
459 460
492 528
1141 1208
790 867
1230 1231
1095 1097
271 272
705 794
892 894
85 104
1100 1187
33 34
268 270
948 983
769 950
821 852
1246 1368
952 953
1170 1263
899 900
171 172
807 808
1207 1209
291 292
358 359
739 740
566 568
1135 1267
806 986
243 244
1128 1191
1104 1106
585 587
585 589
1230 1259
1124 1156
268 269
1083 1105
1369 1378
634 635
657 660
568 571
619 620
569 570
287 288
354 355
1087 1089
1067 1068
570 634
96 246
794 796
39 41
289 290
356 357
1170 1357
1162 1189
1175 1201
806 896
618 619
1149 1150
799 870
1048 1082
887 1011
1013 1037
916 1024
1230 1320
126 133
730 731
567 569
1248 1249
84 113
40 236
719 720
862 877
430 431
605 606
604 605
1120 1278
1292 1293
785 900
712 714
1311 1312
430 432
868 921
1079 1080
606 616
822 941
572 635
1064 1296
272 401
588 590
635 636
660 663
262 394
382 393
586 588
911 912
633 634
656 657
1071 1072
248 249
1211 1282
1136 1138
1211 1264
112 155
46 251
1289 1290
803 859
771 995
175 176
1236 1237
265 402
794 951
821 853
778 940
49 252
1111 1287
1229 1231
540 543
393 397
394 396
589 647
1072 1162
1054 1188
830 926
909 1032
1349 1373
1125 1211
947 948
1200 1218
571 573
1117 1355
716 971
928 970
572 580
835 877
727 992
512 513
400 403
135 161
137 162
637 641
667 674
893 984
636 640
663 665
575 582
562 564
717 800
896 985
837 842
1176 1180
762 764
590 649
1157 1227
1120 1290
1292 1355
290 293
357 360
855 884
561 562
604 609
923 924
1136 1288
1067 1157
230 231
405 411
406 412
940 1011
956 1013
629 630
659 661
1271 1272
620 648
1165 1223
575 576
1158 1182
128 132
637 638
666 667
576 637
666 668
505 507
1266 1320
743 763
1033 1042
1258 1261
1364 1365
395 396
1192 1234
753 948
946 947
576 639
859 1020
1073 1075
399 401
775 1019
1345 1371
395 405
398 406
505 510
815 890
623 624
670 671
404 410
747 982
726 815
762 763
576 579
574 578
578 581
801 808
858 1028
928 969
956 957
626 627
664 669
707 742
1253 1360
731 821
807 935
718 984
1098 1210
586 652
493 494
558 559
1118 1239
1245 1368
587 653
921 923
454 457
778 953
955 1019
580 639
740 972
1156 1221
595 596
610 612
1080 1308
639 640
665 668
579 580
788 898
411 426
412 422
1085 1086
113 152
114 149
873 927
1104 1105
563 566
1130 1148
738 983
513 515
431 433
1163 1279
1092 1093
630 632
658 659
448 494
1114 1115
1206 1258
427 440
748 825
577 583
1260 1261
1293 1294
913 914
471 472
215 217
1253 1257
399 400
509 511
795 950
474 485
509 512
1118 1355
550 551
1052 1188
472 473
54 173
1162 1190
744 817
200 201
278 383
809 821
917 918
1148 1233
800 989
750 803
210 213
806 808
1057 1142
1106 1134
1149 1271
478 486
479 487
514 515
1143 1150
437 438
1165 1166
1177 1296
712 851
431 434
772 773
1148 1322
733 734
750 751
148 159
788 962
860 864
1278 1347
1293 1349
591 593
615 616
420 423
1092 1145
336 392
354 368
1265 1306
1265 1305
1236 1282
706 707
707 708
314 389
596 597
610 611
205 207
738 760
1250 1251
591 594
614 615
933 934
1078 1319
1116 1117
1232 1326
1088 1165
243 246
1170 1350
277 384
417 418
511 592
1251 1279
1200 1215
719 965
565 567
464 465
466 467
316 390
1068 1069
1334 1335
594 595
612 614
1 107
466 486
826 882
123 124
726 727
809 810
764 792
425 443
873 945
1061 1265
1130 1341
414 452
776 1019
776 902
428 429
424 426
535 536
1060 1301
1130 1340
517 523
201 203
439 452
455 458
493 702
1284 1285
973 981
91 109
715 989
409 415
41 54
559 560
40 41
1006 1021
1114 1331
526 556
787 900
995 999
622 625
672 673
1183 1198
421 445
424 444
846 860
1078 1102
627 628
662 664
475 476
624 625
436 446
631 633
655 656
1139 1140
1197 1356
990 1023
623 626
669 670
1070 1162
1254 1327
894 984
1095 1285
536 552
1277 1351
1196 1364
407 418
32 50
479 480
1283 1284
468 485
481 482
434 436
1275 1371
719 893
865 981
1110 1248
1077 1152
1172 1247
1151 1162
1254 1255
754 906
554 556
1195 1263
1263 1370
799 867
533 535
713 914
150 249
153 176
891 929
1307 1365
925 1014
539 542
1166 1219
1007 1009
737 773
899 945
1242 1244
413 414
797 799
631 632
655 658
818 828
1105 1373
1224 1378
598 600
613 617
815 992
483 484
582 584
552 553
419 451
1140 1141
937 1035
1225 1348
704 967
124 254
724 928
408 416
1241 1294
1222 1378
1326 1359
905 907
110 111
1262 1350
443 444
641 642
674 675
866 980
897 900
1009 1035
444 500
445 498
458 459
492 493
1045 1303
1342 1357
807 933
782 855
417 450
1309 1317
730 1015
1027 1031
555 557
768 911
1142 1325
378 477
517 518
524 557
447 449
110 241
1139 1322
1181 1295
888 1012
783 927
1285 1286
1056 1307
939 1015
1016 1017
729 821
917 991
825 886
520 602
834 966
1272 1311
463 481
1077 1115
1162 1329
770 772
1151 1152
1175 1215
1053 1251
1071 1351
1363 1367
1220 1222
793 912
453 455
496 702
714 851
602 603
608 609
489 490
862 879
642 644
648 675
374 462
904 957
1139 1141
794 968
727 728
1157 1328
1220 1344
519 523
469 470
948 949
1339 1372
914 941
762 913
797 798
460 547
502 528
1053 1274
533 534
1211 1213
885 1042
1161 1205
1000 1036
1141 1205
503 504
544 546
977 979
934 975
1343 1345
1002 1036
857 926
926 1034
260 261
278 279
705 951
733 1028
1214 1301
821 993
1074 1075
1130 1235
1231 1320
598 599
611 613
1183 1317
375 376
378 379
938 1031
462 463
839 855
1047 1048
1048 1049
935 976
121 122
1189 1379
1130 1298
764 791
341 344
371 372
760 972
763 1037
887 1042
377 380
774 775
895 990
1112 1114
1313 1315
944 945
820 867
366 368
71 122
309 310
1072 1366
541 545
281 282
607 617
163 251
1096 1243
746 931
169 170
1080 1215
276 277
797 986
1188 1330
757 946
1152 1153
1065 1265
1059 1060
439 440
877 879
1102 1308
852 1043
420 435
460 548
519 520
1136 1304
880 981
740 877
453 456
495 496
1145 1197
508 584
1146 1311
1337 1372
374 376
499 500
851 1002
1111 1216
1188 1189
827 968
941 974
773 905
1054 1190
769 878
863 866
1129 1236
796 950
1099 1283
729 731
906 907
736 780
1154 1155
530 534
1276 1367
1085 1269
1354 1355
502 503
544 547
529 530
601 603
607 608
1215 1217
883 885
1026 1041
1125 1281
1327 1363
377 379
497 498
868 920
714 853
912 950
1099 1101
141 144
800 889
1046 1288
1324 1336
488 489
731 939
909 910
525 526
238 239
1296 1332
852 993
1113 1115
621 622
672 676
139 254
707 741
932 1020
1074 1364
854 985
718 719
1273 1315
851 994
1145 1147
255 327
324 325
745 832
772 995
982 1032
1125 1305
801 806
1192 1321
377 456
495 497
901 994
757 759
846 847
804 934
1060 1230
1199 1204
1238 1330
229 240
996 1036
1189 1329
712 974
1198 1202
1346 1355
1167 1304
143 145
1115 1242
174 248
717 989
1135 1249
1052 1310
1174 1302
986 1039
1218 1317
1138 1287
213 215
239 240
45 47
1210 1361
810 811
1243 1244
1228 1266
1178 1193
1246 1376
872 1041
1059 1061
1223 1378
1212 1305
1084 1376
960 961
1279 1310
1188 1339
1060 1205
824 982
798 799
804 975
795 833
223 237
226 238
1206 1257
20 110
1312 1315
1201 1204
798 1039
861 866
1172 1376
1082 1083
1250 1267
1112 1324
1249 1287
833 966
294 334
349 350
1129 1237
549 701
677 700
922 923
1114 1324
1335 1379
909 1040
325 326
339 341
370 371
771 772
812 813
788 899
1227 1229
331 332
351 352
1204 1316
504 677
768 936
991 1027
725 780
1200 1217
1108 1114
324 327
1344 1345
1164 1318
766 772
333 334
350 353
1131 1214
682 683
621 643
654 676
861 980
1070 1072
36 247
89 90
1270 1356
1110 1274
332 333
352 353
54 55
1322 1375
1242 1243
719 867
873 875
1257 1258
99 111
843 959
943 983
1173 1302
1333 1372
1280 1319
1137 1173
783 969
813 881
838 845
483 491
525 527
1273 1313
1259 1260
761 847
52 238
56 237
824 882
1066 1122
1093 1155
1010 1019
767 878
789 876
742 743
442 692
1294 1354
532 537
889 989
1109 1216
1286 1319
1164 1245
783 944
451 502
1055 1057
810 853
720 876
1183 1184
986 1004
1279 1293
1212 1264
923 991
1103 1184
824 908
905 906
201 231
745 909
1203 1316
1188 1334
441 684
1240 1354
949 983
847 848
1184 1185
879 973
1034 1035
143 165
737 811
957 1018
809 964
918 1024
1008 1009
848 973
1189 1190
865 980
1264 1305
714 737
1139 1149
766 987
910 1040
1142 1226
919 924
452 503
754 947
1025 1026
1127 1191
1061 1214
1130 1236
1293 1310
1314 1315
1140 1161
1054 1077
807 978
738 942
342 343
1057 1325
874 969
338 339
369 370
1226 1325
1234 1237
886 1042
927 969
832 1040
998 1043
1132 1161
849 872
1044 1045
1045 1049
1247 1376
802 976
1077 1153
338 345
369 373
1150 1315
920 921
751 881
858 866
852 853
829 967
976 979
731 1030
1185 1309
1322 1340
61 91
506 592
732 971
861 880
142 164
1148 1235
1178 1221
1045 1136
897 898
798 820
141 142
1220 1343
1152 1190
920 924
1108 1323
1217 1309
1166 1269
772 988
645 646
647 649
1149 1314
1273 1311
773 936
775 1022
954 990
1059 1266
935 975
806 1005
851 852
883 1007
1150 1314
703 704
704 708
1115 1274
1199 1316
51 176
53 249
1097 1244
704 794
531 538
723 960
1210 1377
1213 1298
941 956
902 1016
1131 1132
488 697
1260 1327
1234 1235
1188 1241
935 977
913 930
1112 1323
1256 1261
48 233
58 232
1330 1338
978 979
1322 1341
1117 1358
1291 1326
755 907
956 974
161 250
162 252
1117 1118
330 331
348 351
808 978
903 1018
890 892
1110 1113
881 933
808 979
340 346
36 37
1146 1270
954 1023
790 820
874 927
770 987
1144 1312
877 973
926 937
652 653
521 522
462 695
501 694
752 849
1270 1312
1236 1298
773 907
1263 1275
756 1041
1214 1306
1257 1261
235 247
986 1005
679 680
718 929
1255 1360
745 1040
1199 1218
1283 1285
1291 1359
1096 1284
1361 1362
818 1038
491 687
873 944
1186 1210
716 818
932 976
1140 1340
1147 1271
1079 1109
822 823
1149 1313
789 790
1355 1358
70 71
1000 1002
994 1001
1361 1377
1098 1377
851 904
678 681
683 685
875 962
800 963
681 686
685 688
326 329
1095 1107
1159 1374
826 931
1238 1352
1277 1366
1139 1375
337 339
775 776
753 765
1334 1379
275 329
11 108
689 690
1142 1299
798 1004
899 962
1094 1186
1115 1244
756 1026
1305 1306
768 999
1056 1159
805 933
1086 1219
829 968
765 949
746 826
285 321
384 385
1085 1166
807 977
939 1030
1335 1366
146 147
276 280
997 1043
1007 1008
1212 1214
679 681
1098 1362
183 193
206 208
707 951
839 884
747 882
1100 1103
876 970
861 863
1119 1278
1126 1193
897 985
863 1028
172 174
1110 1336
48 49
57 58
803 864
1148 1341
1174 1304
1258 1259
1343 1344
1196 1204
698 701
699 700
269 275
179 180
196 198
1121 1357
953 954
1019 1022
1263 1350
1132 1301
202 204
121 156
1080 1309
1107 1286
1145 1202
1137 1302
790 965
784 855
795 966
1329 1335
1199 1201
1169 1304
1206 1230
181 184
199 202
1072 1335
180 181
198 199
1048 1288
758 761
1167 1357
688 689
189 192
214 216
1142 1160
777 940
191 193
209 211
683 684
1329 1379
328 330
347 348
1073 1074
781 830
926 1014
191 192
55 174
1201 1364
1188 1240
1113 1336
868 893
293 328
360 367
1074 1307
678 698
683 699
800 819
178 179
196 197
1324 1331
874 876
182 183
204 206
691 692
733 971
797 1039
276 279
300 303
185 190
218 219
693 695
285 286
383 384
827 1021
185 186
219 220
901 1001
1213 1282
1263 1371
955 1010
1292 1346
189 190
216 218
283 284
391 392
1240 1241
988 995
1123 1170
343 344
1234 1321
537 564
696 697
1294 1346
686 693
688 690
1076 1374
993 998
301 302
317 335
731 998
771 999
1010 1018
187 188
903 904
926 1035
1116 1239
1137 1138
993 1043
735 1038
1346 1354
465 514
467 516
42 168
53 55
188 195
222 224
875 945
346 347
186 187
220 221
689 691
957 1010
1160 1299
283 323
390 391
721 841
177 178
197 228
774 902
305 306
308 313
851 903
177 194
225 228
304 305
313 315
302 304
315 317
225 227
361 372
1062 1179
280 282
311 312
321 322
318 319
388 389
260 299
301 303
433 437
319 323
389 390
1175 1200
835 862
782 884
264 288
284 286
275 328
345 347
367 373
255 294
318 320
387 388
1044 1046
386 387
703 705
306 307
308 310
521 527
282 310
307 312
508 645
506 508
643 650
653 654
508 644
515 597
518 599
644 645
647 648
592 593
521 650
527 643
593 646
616 649
602 651
522 602
