2113465068186815325 1019 1654
-0.373738 -0.064371 -0.110045
-0.248758 0.083484 -0.121028
-0.116959 0.005649 -0.130331
-0.013136 0.032768 -0.130964
-0.063710 -0.061992 -0.124727
0.283463 0.054289 -0.043163
0.546365 -0.055281 -0.108396
0.324680 -0.130854 -0.107940
-0.671695 0.118673 -0.064373
-0.737019 0.120425 -0.050823
-0.664048 -0.009395 -0.131823
0.794346 -0.060584 -0.121651
0.878998 0.052590 -0.107470
0.760069 0.092566 -0.082680
-0.354439 0.065599 -0.120942
-0.825465 0.094530 -0.087085
-0.819333 -0.094304 -0.087544
-0.766026 -0.044151 -0.114636
-0.157695 0.099932 -0.113516
0.570518 -0.130298 -0.042140
-0.278288 -0.101491 -0.001679
0.853797 -0.056408 -0.070579
0.935265 0.122366 -0.071531
0.954040 0.072033 -0.080083
-1.142488 0.106305 -0.003137
0.693538 -0.119857 -0.048879
1.000861 0.118788 -0.003646
-0.957736 0.155870 -0.017822
0.933212 -0.095583 -0.031821
1.004099 -0.062270 -0.049651
-1.102116 -0.025505 -0.044348
-0.521597 0.130594 -0.027339
0.478453 -0.139045 -0.046276
-0.195383 -0.081577 0.015260
0.155706 0.097467 -0.004191
0.800938 0.144826 -0.002854
-0.933278 -0.105165 0.064132
0.690328 0.124561 0.010648
0.065525 -0.062729 0.011385
0.710120 0.140339 0.004530
0.858913 0.144521 0.017362
-1.105489 -0.082149 0.110961
1.007409 0.065149 -0.021920
0.940161 -0.101637 -0.025323
0.978428 -0.101589 0.013660
0.416995 -0.129206 0.004162
0.305344 -0.108417 0.021674
0.628422 -0.025038 0.108386
0.535371 -0.133109 -0.023375
-0.546851 -0.077026 0.053345
-0.894786 0.113174 0.050658
0.742760 0.136714 0.029522
0.608068 0.124865 0.004617
0.949914 -0.094168 0.069318
0.978137 -0.003713 -0.040626
0.980044 -0.037537 -0.053619
-0.678663 -0.011596 0.102685
0.186914 0.044027 0.041232
0.846608 -0.073582 0.124929
-1.104754 0.109919 0.090793
0.010896 0.076469 0.039610
0.198480 -0.083684 0.026360
1.035244 0.061958 0.059138
0.815945 0.111889 0.093934
0.590894 0.120495 0.008062
0.978137 -0.003713 -0.040626
0.988746 0.077569 0.142176
0.851019 0.114378 0.098950
0.742760 0.136714 0.029522
0.631150 -0.117790 0.038065
0.054257 -0.058324 0.007111
0.051012 -0.002154 0.018419
0.651699 0.124617 0.032473
0.175336 -0.090116 0.013711
-1.028722 -0.046853 0.120960
0.345682 -0.092661 0.045368
-1.112488 0.025311 0.163445
-1.028722 -0.046853 0.120960
0.254545 -0.043972 0.063050
-1.082958 0.040960 0.158472
0.099266 0.070029 0.022274
0.551101 0.071256 0.072712
-1.015656 0.060895 0.145035
0.926036 0.036545 0.170685
-0.116962 0.006702 -0.130179
-0.047198 0.071059 -0.122531
0.042059 0.044652 -0.131186
-0.461743 0.010300 -0.147525
-0.061888 -0.072608 -0.113208
-0.807794 -0.046042 -0.109993
-0.851448 -0.097972 -0.063048
-0.880370 0.005196 -0.108671
0.181394 0.021798 -0.093547
0.462234 0.011772 -0.099405
0.299667 -0.129127 -0.108133
0.229623 0.064930 -0.038960
-0.634115 0.095703 -0.101217
-0.680407 0.117163 -0.068838
-0.737501 0.119822 -0.052938
-0.951235 -0.061624 -0.086052
0.541390 -0.061254 -0.104670
0.794346 -0.060584 -0.121651
0.841743 0.035000 -0.104895
0.714764 0.087633 -0.073835
-0.632916 -0.001602 -0.133422
-0.681975 0.105349 -0.085472
-0.355308 0.064307 -0.122984
-0.819175 0.087838 -0.094490
-0.899062 -0.091510 -0.050170
0.689141 -0.114629 -0.065517
-0.861564 -0.033961 -0.103518
-0.176306 0.099755 -0.114726
0.525804 -0.141471 -0.107045
-0.272598 -0.098554 -0.080522
0.855716 -0.040971 -0.068258
0.770617 0.005598 -0.084758
0.860691 0.114675 -0.065543
0.899598 0.082187 -0.093975
0.135411 0.088080 -0.082893
0.531179 -0.133637 -0.039985
-1.084324 0.088219 -0.064211
-0.754684 -0.084019 -0.085776
0.121637 0.097925 -0.005327
0.284665 -0.128028 -0.053755
0.729704 -0.114926 -0.040284
0.911349 0.027895 -0.083445
-1.023982 -0.051489 -0.067768
0.865230 0.025761 -0.083425
-0.787472 0.113010 -0.071900
-0.118243 0.128665 -0.062471
-1.035645 -0.063587 -0.036695
-1.083503 -0.000780 -0.070889
-1.097054 -0.043091 -0.040332
-1.142053 0.042328 -0.046162
-0.961744 0.127962 -0.021107
0.932125 -0.101100 -0.025891
0.985986 -0.069899 -0.048554
-0.537639 0.130279 -0.027152
0.588448 -0.128462 -0.033557
-0.135082 -0.105946 -0.045072
0.789000 0.126237 -0.016568
0.565793 -0.130783 -0.025474
-1.097285 0.138996 0.012103
0.914739 0.130572 -0.047525
0.521432 -0.133412 -0.030867
0.818210 -0.110315 -0.012121
-0.316355 -0.102668 -0.011205
-0.978648 -0.113366 0.052818
-1.151627 0.089558 -0.036936
0.522930 0.101546 -0.006950
0.531603 -0.132922 -0.028388
0.072375 -0.034424 0.018964
-0.596902 -0.102345 0.003382
0.882499 0.118584 -0.063726
0.914739 0.130572 -0.047525
0.482010 -0.131678 -0.022448
-0.984064 -0.079025 -0.009632
-1.109276 0.054714 -0.009716
0.604542 0.106481 0.009725
0.375902 -0.122509 -0.007402
-1.144710 -0.023986 -0.014538
0.972844 0.090632 -0.043209
0.654898 0.112042 -0.003225
0.726482 0.130350 0.016348
0.642993 0.121066 0.014717
0.749096 0.132591 0.016015
-0.232318 -0.099850 -0.016284
-1.061710 -0.113893 0.030447
-1.146213 -0.048867 0.009485
0.975048 -0.026290 -0.048221
0.968678 -0.095298 -0.032168
0.926325 -0.104055 -0.022708
-1.103875 0.021596 -0.007923
-1.087383 0.017514 0.025815
-1.102322 0.076651 0.042967
0.831123 0.140256 0.013503
0.904721 0.137157 -0.018181
0.503121 -0.123736 -0.000968
-0.185472 -0.082268 0.012033
0.960171 -0.096197 0.026293
1.006214 0.066114 -0.022511
-1.140995 0.107476 -0.000358
-1.083962 -0.089385 0.084371
0.965845 -0.003608 -0.042279
0.956457 -0.017156 -0.047514
1.009453 0.063499 -0.020909
0.468834 0.020746 0.081351
0.521247 -0.134007 -0.024421
-0.550507 -0.072350 0.056759
0.946619 -0.093345 0.080856
-1.097820 -0.000007 0.040647
-0.945575 0.104387 0.068285
0.684412 0.127128 0.019638
0.703095 0.130628 0.024019
0.533024 0.113485 0.004681
0.665184 0.125383 0.033551
0.467358 -0.121022 0.013758
0.326506 -0.106256 0.024041
0.954037 -0.003507 -0.043867
0.909961 0.148304 0.021576
0.993246 0.112235 0.071227
-0.942197 0.123683 0.025730
0.532857 0.112971 0.026920
0.517594 0.111111 0.005062
-0.710314 -0.010234 0.106450
0.138009 0.039609 0.047940
0.678344 -0.092237 0.071326
0.954037 -0.003507 -0.043867
-1.112268 0.095990 0.046145
-0.009631 0.069335 0.047743
-0.558932 0.074767 0.083299
0.228490 -0.074402 0.046130
1.035244 0.061958 0.059138
-1.074285 0.061090 0.077540
0.642644 0.113850 0.049829
-1.071599 0.112082 0.069660
0.672963 0.118680 0.048068
0.551806 0.115292 0.028878
0.438308 -0.122508 0.007069
0.467839 -0.077101 0.066446
0.933974 -0.089505 0.041782
1.035244 0.061958 0.059138
0.885995 0.134894 0.062494
0.656314 0.122540 0.035655
0.542807 -0.091550 0.051570
0.582505 -0.113899 0.033508
0.057638 -0.028113 0.015839
-0.377945 0.013444 0.087015
-1.074285 0.061090 0.077540
0.755942 0.124411 0.060213
0.604264 0.111897 0.042630
0.650524 0.118768 0.041072
0.281974 -0.099873 0.024361
-1.034836 -0.089404 0.098567
-1.066489 0.049249 0.114772
0.081600 0.051830 0.044624
0.971344 0.112156 0.080448
0.604264 0.111897 0.042630
-1.060287 0.097396 0.104469
0.591854 0.107265 0.049366
0.760445 0.095609 0.109510
0.032661 0.016524 0.032968
-1.048806 0.012124 0.150625
0.517245 0.004846 0.091976
-1.022040 0.094419 0.123034
-1.047818 0.097007 0.105910
-0.747141 0.049490 0.101509
0.182129 -0.077145 0.035434
0.737804 -0.047309 0.124623
-1.143782 -0.064990 0.127415
-1.143782 -0.064990 0.127415
0.945937 0.081290 0.138662
-0.914218 0.034177 0.134490
0.652546 0.113807 0.052925
0.695102 -0.033635 0.120062
0.024032 0.016873 0.028550
-1.031381 0.025504 0.151758
-1.109832 -0.035125 0.136360
0.261617 -0.046097 0.063055
0.063981 0.073216 0.033188
0.083039 0.062488 0.034977
0.755772 0.107911 0.104145
0.691821 0.119325 0.076155
0.218393 -0.063427 0.056462
0.724603 -0.103022 0.069380
0.328804 -0.065426 0.064552
0.208154 -0.068959 0.049048
0.218393 -0.063427 0.056462
0.375426 0.010109 0.064759
-1.022227 0.039860 0.149779
-1.022040 0.094419 0.123034
-0.877425 0.067904 0.115293
0.546928 0.040750 0.075776
-1.066092 0.047512 0.155741
-1.034477 0.067408 0.144832
0.405350 -0.019519 0.074046
0.563300 0.028681 0.082225
0.861167 0.017488 0.156678
0.877082 0.084221 0.150567
0.850262 0.083844 0.145158
0.001218 0.005295 -0.122601
-0.057058 0.011468 -0.124226
0.101601 0.004582 -0.131552
0.066082 0.042003 -0.132353
0.151332 -0.055802 -0.122246
0.117530 -0.063930 -0.122038
0.177187 -0.033399 -0.125100
0.044611 -0.057218 -0.134252
0.274741 -0.022602 -0.105017
0.335034 -0.027108 -0.105324
0.156830 0.029285 -0.094267
-0.621636 -0.055526 -0.117711
-0.789800 -0.098895 -0.120811
-0.647387 -0.053947 -0.118293
-0.687403 -0.030519 -0.129167
0.209918 -0.058144 -0.108593
0.314716 0.006766 -0.091611
0.522340 0.004812 -0.117503
0.293680 -0.128714 -0.108179
0.428378 -0.053100 -0.102133
-0.127147 -0.048969 -0.136250
-0.749169 -0.023967 -0.124685
-0.166977 -0.039132 -0.139546
-0.521699 0.075410 -0.120498
-0.528020 0.106526 -0.097626
-0.574117 0.098908 -0.103105
-0.800282 -0.091656 -0.104381
-0.821880 -0.058064 -0.104733
0.794346 -0.060584 -0.121651
0.627570 -0.001669 -0.105660
-0.801316 -0.063609 -0.128620
-0.415988 -0.001206 -0.139192
-0.560095 0.022147 -0.138128
-0.584024 0.051672 -0.127771
0.867737 0.040871 -0.112734
0.303873 0.025081 -0.063044
0.244054 0.026150 -0.049279
-0.260333 0.060946 -0.124074
-0.588628 0.100753 -0.100532
0.603869 -0.109430 -0.113918
0.647112 -0.117160 -0.078196
-0.811491 -0.061611 -0.108540
-0.072417 -0.078146 -0.106708
-0.808924 -0.050063 -0.124328
0.649813 -0.000906 -0.084786
-0.830222 -0.003462 -0.117518
-0.559744 -0.008616 -0.136859
-0.441616 0.062497 -0.129536
-0.773411 -0.010932 -0.123777
-0.527600 0.069646 -0.122700
-0.115713 0.100331 -0.110787
0.518986 -0.144269 -0.106445
0.127887 -0.101681 -0.091766
-0.205159 -0.099167 -0.081432
0.804941 -0.052055 -0.078444
0.980376 0.127219 -0.074722
0.957501 0.082828 -0.093611
-0.240716 0.099142 -0.118913
0.131970 0.072670 -0.097406
0.141358 0.073336 -0.085296
-0.605947 0.106672 -0.093697
0.473232 -0.138372 -0.038526
-0.794722 -0.104771 -0.103976
-0.875773 -0.082604 -0.081322
-1.079630 0.080196 -0.074990
-0.247180 0.099779 -0.063280
0.174752 0.049970 -0.059316
0.284274 0.037092 -0.043816
-0.810304 -0.084452 -0.088948
-0.735268 -0.083966 -0.090746
0.734621 0.086724 -0.087552
0.131909 0.096762 -0.081477
0.170110 0.064536 -0.055409
-0.635302 0.118913 -0.067548
0.236785 -0.124707 -0.041100
-0.837837 -0.092100 -0.077103
-0.489628 -0.095874 -0.075791
0.710234 -0.118440 -0.049794
-0.939658 -0.061589 -0.092340
1.089694 -0.004667 -0.025621
0.941217 0.047026 -0.081913
-0.692527 0.101020 -0.091307
-0.072822 0.128097 -0.069118
-0.984405 -0.074075 -0.071469
-0.978583 -0.050422 -0.086792
0.927178 0.003548 -0.085635
0.961905 0.085552 -0.072665
0.109781 0.098084 -0.005722
-1.083883 -0.042371 -0.054295
-1.157733 -0.000165 -0.056548
-0.792974 0.112796 -0.072057
0.017030 -0.108132 -0.033766
-0.112916 -0.105581 -0.048421
-0.864920 -0.097930 -0.068044
-0.305139 -0.098258 -0.080082
1.045409 -0.108224 -0.024647
1.059793 -0.045682 -0.050041
0.212773 0.049207 -0.036208
-0.448188 0.132032 -0.028194
0.474044 -0.138487 -0.036855
-0.201968 -0.107046 -0.034963
-0.908088 -0.089236 -0.070822
0.979157 0.113131 -0.058495
1.052793 0.107220 -0.011471
0.842776 0.127627 -0.032292
0.474228 -0.138491 -0.035771
-0.959163 -0.092232 -0.058434
-0.984405 -0.074075 -0.071469
-0.959163 -0.092232 -0.058434
-0.962111 -0.087019 -0.063170
1.102720 0.028823 -0.025013
0.339895 0.094994 0.001947
-1.114901 0.140477 0.006000
-0.896356 0.123253 -0.022974
0.987959 0.123411 -0.045887
-0.393204 0.132101 -0.022229
0.338089 -0.119971 -0.023213
0.437836 -0.139310 -0.030595
-0.293896 -0.102925 -0.012004
0.784519 -0.105479 -0.022625
-0.843516 -0.082397 -0.016353
-0.825706 -0.103631 -0.035486
-0.843516 -0.082397 -0.016353
-1.051389 -0.072279 -0.010417
-0.962111 -0.087019 -0.063170
1.042620 0.037641 -0.045152
-1.140277 0.047143 -0.044985
-1.069617 0.086029 -0.054625
0.389811 0.069381 -0.011428
0.997188 0.142963 -0.045118
0.347507 -0.121869 -0.013843
0.172213 -0.092359 -0.022492
0.314128 -0.119129 -0.028932
0.120111 -0.089726 0.029738
-0.491106 -0.100135 -0.002567
1.049750 -0.050008 -0.031787
1.005405 0.068367 -0.046986
0.974751 0.091517 -0.038075
-1.152527 0.087909 -0.040264
1.052793 0.107220 -0.011471
0.183561 0.081945 -0.027126
0.765518 0.103682 -0.042294
-0.005103 0.097590 0.014019
0.307320 -0.112665 -0.001336
0.447167 -0.140837 -0.014428
0.653546 -0.125597 -0.014628
0.782885 -0.111191 -0.014873
-0.894750 -0.108941 0.025681
1.052853 -0.113581 -0.012620
-1.101577 0.042230 -0.016312
-1.131569 0.001741 -0.028279
0.488062 0.077813 0.009552
1.006952 0.146660 -0.020194
0.435487 -0.141669 -0.016233
-0.498078 -0.100588 -0.004737
0.443810 0.071160 0.003948
0.416995 -0.129206 0.004162
0.457355 -0.140094 -0.013842
0.317754 -0.114431 -0.006417
0.205275 -0.080773 0.014272
1.122146 -0.043824 -0.008589
-1.148693 -0.017358 -0.022602
-1.101981 0.035066 -0.017094
1.108942 0.019660 0.012009
1.031361 0.045810 -0.010072
1.000861 0.118788 -0.003646
0.370986 0.088915 0.004819
0.845525 0.160872 0.004415
0.367341 0.093564 0.018236
0.837601 0.147615 0.032373
-0.148490 -0.083309 0.001385
-1.042354 -0.115950 0.023068
-1.158472 -0.035577 -0.002087
1.124692 -0.018018 -0.014740
1.115181 -0.053227 0.002523
1.050040 -0.083310 0.005601
-1.158472 -0.035577 -0.002087
-1.071824 -0.019822 -0.013592
-1.138311 -0.010511 -0.014867
-1.086273 0.027325 0.003252
-1.099531 0.036461 -0.014767
-1.103966 0.071726 0.033791
1.084717 0.064928 0.000091
-0.430044 0.134708 -0.006442
1.012166 0.152306 0.038531
0.363959 -0.123000 0.006689
0.821204 -0.113596 0.031675
-0.133825 -0.062954 0.016009
1.104512 -0.086713 0.027939
1.107485 -0.076139 0.032254
-1.071824 -0.019822 -0.013592
1.142340 0.052140 0.007577
-1.142488 0.106305 -0.003137
-0.456201 0.125029 0.025962
0.292106 -0.108649 0.017438
0.296012 -0.105869 0.024644
0.191523 -0.092989 0.003491
0.177408 -0.089561 0.022438
0.182078 -0.093686 0.016141
0.810858 -0.099315 0.010412
-0.253753 -0.099236 0.014550
-1.138355 -0.092609 0.016582
1.108077 -0.047529 0.038005
-1.081797 0.023971 0.026000
1.111182 0.020984 0.005595
1.125075 0.037367 0.024324
0.533064 0.062579 0.046792
0.375481 0.089181 0.009238
0.355502 -0.119132 0.012052
-0.597221 -0.094936 0.014738
-0.555519 -0.091583 0.024283
0.000636 -0.032567 0.003086
0.006690 -0.006692 0.002804
1.092676 -0.076859 0.082219
-1.130748 -0.032612 0.024382
1.081739 0.110042 0.020313
1.014409 0.135094 0.017953
0.429806 0.080290 0.014024
-0.808089 0.099229 0.056787
0.477703 0.077853 0.012520
0.409206 0.078734 0.019362
0.296531 0.105837 0.006198
0.397496 0.082605 0.022964
0.601404 -0.129997 0.019135
0.193527 -0.083817 0.026346
-1.100608 0.006246 0.032388
1.117569 0.023122 0.044328
1.174478 0.091519 0.061523
1.089354 0.126851 0.033832
-1.009376 0.131605 0.042559
0.299859 0.109002 0.019840
0.290338 0.108436 0.010477
-1.080490 -0.122054 0.070913
-0.909046 -0.070805 0.095387
-0.500592 -0.089867 0.034563
-1.068848 0.031637 0.033277
0.310696 -0.111911 0.014731
0.468600 -0.118818 0.024862
0.370460 -0.108383 0.032881
0.527571 -0.078258 0.062944
0.784877 -0.117130 0.066806
-0.532075 -0.082488 0.048020
1.105173 -0.078625 0.041990
1.103234 -0.083434 0.052372
-1.079059 -0.014328 0.075041
-1.118097 0.098176 0.039898
0.001258 0.064279 0.052796
0.397474 0.072621 0.029801
0.215834 -0.074264 0.024300
0.170451 -0.076422 0.039757
-1.073049 0.028906 0.113121
-1.053692 0.037940 0.050790
1.142698 0.058638 0.083535
-1.086889 0.076032 0.071227
0.491082 0.070961 0.033061
-0.655550 0.080746 0.071655
-1.124890 0.110712 0.061270
0.810788 0.125012 0.075462
0.306483 0.108975 0.025360
0.207159 -0.083986 0.018729
0.302981 -0.085084 0.045299
0.004203 -0.004308 0.005217
0.003744 -0.005315 0.005406
-1.059893 -0.094104 0.069947
1.097413 -0.048822 0.061710
1.035244 0.061958 0.059138
-1.074359 0.060420 0.099696
0.395649 0.068257 0.037282
0.075968 0.024096 0.062344
0.973846 0.113749 0.073152
0.385805 0.091944 0.026897
0.292052 -0.100575 0.028942
0.382273 -0.098910 0.045656
0.193236 -0.079603 0.033456
0.004702 -0.005445 0.004616
-0.600521 -0.057183 0.072689
1.096226 -0.061356 0.062979
1.091760 -0.051509 0.096063
-1.086889 0.076032 0.071227
-1.091910 0.085457 0.059648
0.995702 0.141975 0.087386
0.374028 0.080187 0.044744
0.387711 0.092731 0.031125
0.371969 0.094953 0.026679
0.141954 -0.068257 0.042587
-0.924776 -0.099538 0.084557
-1.120376 -0.055353 0.089397
0.367752 0.053487 0.051555
1.150458 0.070722 0.093979
0.375040 0.078730 0.044533
0.328974 -0.084342 0.050361
0.198798 -0.069216 0.047645
0.003296 -0.002393 0.006280
0.371788 0.001295 0.068950
0.005001 0.000266 0.005384
-1.085962 0.099266 0.093025
0.392975 0.066501 0.038702
0.980544 0.120948 0.069603
0.125929 -0.055639 0.044162
0.312413 -0.066094 0.064685
1.078262 -0.072590 0.121857
0.323334 -0.010752 0.067951
0.176209 -0.005329 0.057880
0.606585 0.035794 0.084799
-1.078714 0.100906 0.108569
-0.350084 0.038832 0.095707
-1.104754 0.109919 0.090793
-0.702624 0.043198 0.096799
-0.697662 0.066241 0.098371
0.769738 0.080138 0.117012
0.956435 0.102661 0.123929
0.006795 -0.003914 0.003210
0.870201 -0.088247 0.097134
-1.147893 -0.076851 0.122682
-1.147893 -0.076851 0.122682
-1.112488 0.025311 0.163445
0.209597 -0.009266 0.055379
0.792512 0.112104 0.110772
0.112951 -0.049728 0.043556
0.459636 -0.068560 0.072294
0.002986 -0.002664 0.006480
-1.113053 -0.038618 0.125413
0.005005 -0.001577 0.005056
0.192982 -0.007479 0.057085
0.215355 -0.007367 0.053920
0.091744 0.005679 0.064686
0.081805 0.023544 0.062261
0.970757 0.118748 0.120125
0.816449 0.145278 0.103201
0.412583 -0.075915 0.069770
0.005670 -0.002599 0.004343
0.154618 -0.027209 0.066655
0.110824 -0.040646 0.047000
1.133301 -0.005259 0.144226
0.004847 -0.001374 0.005218
0.004586 -0.000474 0.005586
0.339003 0.019760 0.060822
0.791648 0.105069 0.097162
1.204257 0.116545 0.153495
0.459915 -0.066422 0.072618
0.197444 -0.048757 0.070390
0.006828 -0.003189 0.003312
0.110824 -0.040646 0.047000
-1.098685 -0.014724 0.117882
0.190419 -0.008342 0.057500
0.004828 0.000846 0.005625
-1.065615 0.048008 0.116447
-1.078714 0.100906 0.108569
-1.059126 0.093586 0.134517
0.773205 0.091453 0.131392
0.773109 0.088999 0.125903
0.975985 0.129363 0.144582
0.949448 -0.079239 0.135692
0.642682 -0.001144 0.113682
1.011925 -0.069456 0.162953
0.219429 -0.019364 0.056655
0.005068 -0.001661 0.004991
-1.098685 -0.014724 0.117882
-1.050259 0.058288 0.152965
-1.082733 0.073533 0.128686
0.962944 0.111300 0.129440
0.094566 -0.039064 0.043699
1.089373 -0.074120 0.156401
0.005117 -0.000642 0.005131
-1.056638 0.085694 0.137434
1.117044 -0.030680 0.150489
1.160703 0.059750 0.147852
-1.092320 0.066075 0.140508
0.936697 0.082093 0.137903
1.175552 0.032908 0.175659
1.154284 0.047602 0.142416
0.915971 0.063841 0.170811
1.093656 -0.007344 0.199958
1.105296 0.053245 0.159524
1.113874 0.066694 0.152449
1.036286 0.024823 0.191139
1.191048 0.090470 0.182414
1.110682 0.024759 0.190642
1.074314 0.058058 0.206815
1.150055 -0.142259 -0.040436
0.619034 -0.078402 -0.206052
1.313063 0.054196 -0.012109
0.595142 -0.243676 0.060333
1.313063 0.054196 -0.012109
0.804803 0.189008 0.016192
1.144297 0.033252 0.230332
-0.027783 0.106297 -0.166718
-1.118597 0.170454 0.026451
0.008737 0.099640 0.073570
0.058528 -0.085350 0.088638
-0.194237 -0.115006 -0.117397
-1.171350 0.005471 -0.110008
-0.920478 -0.132738 -0.100403
-1.126567 -0.141714 0.060510
0.804803 0.189008 0.016192
-1.171350 0.005471 -0.110008
-0.910011 0.027569 -0.161954
-0.668945 -0.040236 0.117689
-1.252546 0.073907 0.157624
-1.126567 -0.141714 0.060510
0.008737 0.099640 0.073570
1.150055 -0.142259 -0.040436
-0.920478 -0.132738 -0.100403
0.008737 0.099640 0.073570
1.144297 0.033252 0.230332
-1.118597 0.170454 0.026451
-1.252546 0.073907 0.157624
0.804803 0.189008 0.016192
-1.118597 0.170454 0.026451
0.610421 -0.029729 0.136012
0.128490 0.034036 0.114681
0.379144 -0.167100 0.098473
1.150638 -0.127231 -0.034187
0.616179 -0.085139 -0.178398
1.010119 0.042856 -0.157208
0.740914 -0.243656 -0.027760
0.553339 0.117639 -0.020297
1.299634 0.016807 0.036498
0.937675 0.184879 -0.019148
1.156295 0.043174 0.237999
-0.032125 0.111347 -0.172007
-0.439120 0.154061 -0.023535
0.012235 0.110343 0.062218
0.320655 -0.161007 -0.024071
0.602126 -0.219676 0.032557
1.010119 0.042856 -0.157208
1.299634 0.016807 0.036498
1.150638 -0.127231 -0.034187
1.156295 0.043174 0.237999
0.711066 -0.188196 0.107794
-0.194263 -0.126241 -0.117941
-1.170112 0.006888 -0.115252
-0.922728 -0.113338 -0.101794
-1.125266 -0.145951 0.059801
-0.922728 -0.113338 -0.101794
-0.647223 -0.119536 0.013778
-1.125266 -0.145951 0.059801
0.693065 0.050542 -0.149418
-0.875852 0.090510 0.089642
-1.122380 0.154065 0.026508
-1.258168 0.081881 0.172832
-1.170112 0.006888 -0.115252
-1.122380 0.154065 0.026508
-0.909449 0.031497 -0.168021
-0.669195 -0.033844 0.111661
0.553339 0.117639 -0.020297
0.058141 -0.078951 0.083493
0.012235 0.110343 0.062218
-0.439120 0.154061 -0.023535
0.937675 0.184879 -0.019148
1.150638 -0.127231 -0.034187
0.937675 0.184879 -0.019148
0.710479 0.256875 0.038158
0.854167 0.130044 0.132403
0.810734 0.158509 0.036565
0.810734 0.158509 0.036565
0.937675 0.184879 -0.019148
-1.122380 0.154065 0.026508
-1.258168 0.081881 0.172832
0.854167 0.130044 0.132403
0.937675 0.184879 -0.019148
0.810734 0.158509 0.036565
0.810734 0.158509 0.036565
0.614551 -0.037640 0.133859
0.348796 -0.018255 0.102410
0.387537 -0.153506 0.079493
1.139475 -0.114665 -0.032640
0.616601 -0.082825 -0.168607
1.063648 -0.050902 -0.128113
0.741493 -0.246672 -0.039392
0.552384 0.113340 -0.025119
-0.666408 0.054576 -0.155835
-0.192307 -0.121673 -0.099695
-0.907861 0.007907 -0.147135
1.277914 0.002693 0.003451
1.233819 0.113889 0.085391
1.251050 0.021889 0.166277
1.128437 0.037678 0.215269
1.003798 0.126367 0.153906
0.671535 0.053471 0.118424
-0.030098 0.112043 -0.154758
-0.438641 0.146822 -0.018664
0.011725 0.107647 0.060843
-0.283932 0.016025 0.100116
-0.669698 -0.033665 0.112151
0.064267 -0.077984 0.073518
0.321790 -0.163856 -0.026398
0.603106 -0.213998 0.032405
1.063648 -0.050902 -0.128113
1.142625 0.039581 0.018770
1.139475 -0.114665 -0.032640
1.096758 0.112889 -0.076932
0.692631 0.050282 -0.153410
0.931515 0.148037 -0.023418
0.714811 -0.177783 0.108804
1.224558 -0.083782 0.060556
1.003320 -0.069384 0.162069
-0.038235 -0.092785 -0.167418
0.134765 0.040000 0.105889
0.011725 0.107647 0.060843
1.251050 0.021889 0.166277
-1.220494 -0.017150 0.161623
-1.117138 -0.129622 0.043206
1.089797 0.095624 0.015675
1.029292 0.157852 0.017272
-1.117138 -0.129622 0.043206
-1.220494 -0.017150 0.161623
-1.214646 0.067945 0.051062
-0.634488 0.087970 -0.130899
-0.742607 0.126722 -0.089555
0.818202 0.146288 0.024878
0.853349 0.114103 0.124573
0.790298 0.181966 0.040878
1.176688 -0.043143 -0.014446
1.224558 -0.083782 0.060556
0.849816 0.201933 0.084705
1.029292 0.157852 0.017272
-1.165454 -0.007416 -0.092631
-1.100724 -0.065069 -0.107804
1.165900 0.138383 0.147451
-0.922851 -0.107872 -0.101984
-0.648436 -0.117661 0.012754
1.012116 0.041760 -0.142847
1.251050 0.021889 0.166277
1.142625 0.039581 0.018770
-0.875852 0.090510 0.089642
-1.117290 0.138545 0.039372
-1.228630 0.118325 0.123462
-1.244120 0.092057 -0.016553
-1.165454 -0.007416 -0.092631
-1.087303 0.098427 -0.064684
-1.235552 0.087050 0.162201
0.552384 0.113340 -0.025119
1.089797 0.095624 0.015675
0.069026 -0.095252 0.127595
0.273164 -0.096646 0.105570
1.142625 0.039581 0.018770
1.277914 0.002693 0.003451
1.176688 -0.043143 -0.014446
1.224558 -0.083782 0.060556
-0.742607 0.126722 -0.089555
-1.087303 0.098427 -0.064684
1.012116 0.041760 -0.142847
1.096758 0.112889 -0.076932
1.029292 0.157852 0.017272
0.849816 0.201933 0.084705
1.165900 0.138383 0.147451
-0.922851 -0.107872 -0.101984
1.224558 -0.083782 0.060556
-1.235552 0.087050 0.162201
-1.228630 0.118325 0.123462
-1.244120 0.092057 -0.016553
0.307147 -0.165969 0.158050
0.931515 0.148037 -0.023418
0.707083 0.251653 0.034443
0.849816 0.201933 0.084705
0.790298 0.181966 0.040878
0.790298 0.181966 0.040878
-1.100724 -0.065069 -0.107804
-0.438641 0.146822 -0.018664
-1.214646 0.067945 0.051062
-1.117290 0.138545 0.039372
1.029292 0.157852 0.017272
1.233819 0.113889 0.085391
-1.087303 0.098427 -0.064684
0.818202 0.146288 0.024878
0.790298 0.181966 0.040878
-0.374279 -0.090630 -0.100390
-0.267349 -0.123439 -0.001096
-0.648718 -0.114753 0.011962
0.614674 -0.038583 0.132148
0.473414 -0.015060 0.134885
0.518934 -0.119138 0.097922
0.995377 -0.137653 -0.022310
0.668195 -0.133189 -0.107875
1.063669 -0.050883 -0.128130
0.740783 -0.245804 -0.043795
-1.116967 -0.126615 0.040177
-1.160609 -0.029715 -0.022256
-1.078321 -0.096334 -0.002806
0.322334 -0.160432 -0.025471
0.599736 -0.180298 -0.031126
0.023973 0.039988 -0.218234
0.216717 0.108672 -0.132809
0.223305 -0.085980 -0.179907
0.548475 0.060771 0.052691
0.474331 -0.000655 0.085460
-0.666539 0.052951 -0.155012
-0.877762 -0.042521 -0.149822
-0.988015 -0.070009 -0.144128
-1.167305 -0.007381 -0.093313
0.961642 0.135033 0.097089
1.165617 0.138250 0.147233
1.028971 0.157200 0.017539
1.244471 -0.000747 0.074365
1.247086 0.067337 0.099224
1.251034 0.022771 0.165298
0.818790 -0.125742 0.118640
0.885571 -0.177789 0.036878
1.128437 0.037678 0.215269
1.003651 0.126346 0.153733
0.672297 0.052591 0.118252
-0.438641 0.146822 -0.018664
0.212606 0.130532 -0.012537
-0.283932 0.016025 0.100116
-0.669719 -0.032032 0.110761
0.064504 -0.072026 0.073181
0.135056 0.038944 0.103775
0.348454 -0.019314 0.099749
0.387627 -0.152867 0.078422
0.373914 -0.178014 0.025716
0.140267 -0.045047 0.139901
0.818564 0.145920 0.024802
0.679131 0.116261 0.075883
0.853262 0.114041 0.124401
1.063669 -0.050883 -0.128130
1.143157 0.039789 0.018091
1.140207 -0.118201 -0.035698
1.039850 0.148866 -0.057961
0.692529 0.048406 -0.152593
0.931407 0.147327 -0.023104
-0.987152 -0.094263 -0.077715
-0.923066 -0.108251 -0.100151
-1.116967 -0.126615 0.040177
-1.063968 -0.093599 0.114942
0.714508 -0.174999 0.107393
1.209408 -0.063153 0.108398
-1.100830 -0.064893 -0.106986
1.165617 0.138250 0.147233
1.157937 0.088263 0.157727
1.228795 0.068266 0.172108
0.024505 -0.130334 -0.072694
0.011496 0.103029 0.060494
1.251034 0.022771 0.165298
-1.218700 -0.014338 0.159752
-1.159326 0.040793 -0.009599
-1.130807 -0.007125 0.011226
-1.215401 0.067986 0.050779
1.090283 0.095864 0.015106
1.028971 0.157200 0.017539
1.234056 0.113926 0.085094
-1.202236 -0.058673 0.105482
-1.267086 0.055669 0.148342
-0.326343 0.083254 -0.143941
-0.742763 0.123897 -0.088170
-0.029796 0.100571 -0.135687
0.718456 -0.206872 -0.041834
0.756735 -0.261110 0.031205
0.657857 -0.231458 0.067900
0.849816 0.201933 0.084705
0.790298 0.181966 0.040878
-1.211117 0.074653 0.099418
1.176431 -0.042899 -0.014246
1.223300 -0.081949 0.059836
-1.100830 -0.064893 -0.106986
1.150473 0.148355 0.043798
1.234056 0.113926 0.085094
1.012223 0.041855 -0.142932
0.616515 -0.081070 -0.164292
0.635252 -0.237411 -0.011150
1.228795 0.068266 0.172108
1.143157 0.039789 0.018091
1.128418 0.068182 0.075148
-0.875852 0.090510 0.089642
-1.117290 0.138545 0.039372
-1.228741 0.118433 0.123398
-1.218700 -0.014338 0.159752
-1.244324 0.092108 -0.016675
-1.087303 0.098427 -0.064684
-0.240317 0.101270 -0.203441
-0.104186 0.031682 -0.184808
0.121395 0.020355 0.146064
1.263754 -0.081419 0.051787
1.278068 0.004319 0.003820
1.244471 -0.000747 0.074365
1.143157 0.039789 0.018091
-0.634141 0.086739 -0.126759
-0.203149 -0.027771 -0.151172
0.212606 0.130532 -0.012537
1.128437 0.037678 0.215269
-1.234626 0.087030 0.161944
-1.234626 0.087030 0.161944
0.552387 0.106413 -0.025566
0.689762 0.107469 0.025168
-0.036956 -0.083583 -0.153064
0.603731 -0.211447 0.032120
1.048283 0.054093 -0.070112
0.689762 0.107469 0.025168
0.552387 0.106413 -0.025566
-0.768374 0.153876 -0.146139
-0.808449 0.074227 -0.148019
0.068931 -0.095818 0.126008
0.273118 -0.096917 0.104813
1.003128 -0.069260 0.162311
1.143157 0.039789 0.018091
1.278068 0.004319 0.003820
1.176431 -0.042899 -0.014246
1.270642 -0.061172 -0.008941
1.223300 -0.081949 0.059836
1.096557 0.111569 -0.076349
-0.742763 0.123897 -0.088170
-1.087303 0.098427 -0.064684
1.012223 0.041855 -0.142932
1.096557 0.111569 -0.076349
1.028971 0.157200 0.017539
0.849816 0.201933 0.084705
1.090283 0.095864 0.015106
1.157937 0.088263 0.157727
1.150473 0.148355 0.043798
-0.987152 -0.094263 -0.077715
1.209408 -0.063153 0.108398
1.223300 -0.081949 0.059836
-1.228741 0.118433 0.123398
-1.078321 -0.096334 -0.002806
0.011496 0.103029 0.060494
0.353529 -0.070884 0.129504
-0.193047 -0.124188 -0.101909
-0.199013 -0.102226 0.002686
-1.244324 0.092108 -0.016675
0.307028 -0.166043 0.157551
1.263754 -0.081419 0.051787
-1.160295 0.007777 -0.058020
-1.087303 0.098427 -0.064684
0.931407 0.147327 -0.023104
0.707083 0.251653 0.034443
0.849816 0.201933 0.084705
0.790298 0.181966 0.040878
0.790298 0.181966 0.040878
1.140207 -0.118201 -0.035698
-0.438641 0.146822 -0.018664
-1.215401 0.067986 0.050779
-1.117290 0.138545 0.039372
1.039850 0.148866 -0.057961
1.028971 0.157200 0.017539
-1.167305 -0.007381 -0.093313
0.818564 0.145920 0.024802
1.223300 -0.081949 0.059836
-1.202236 -0.058673 0.105482
0.790298 0.181966 0.040878
678 680
683 684
667 668
680 688
666 667
50 71
50 60
718 727
779 805
912 943
666 676
700 723
666 674
662 670
660 670
693 710
668 674
683 687
690 724
764 765
885 886
56 71
660 661
752 800
669 677
724 726
710 714
700 717
670 682
760 772
715 726
701 722
719 728
660 666
747 777
882 883
751 777
662 684
314 316
777 788
760 788
720 724
659 662
3 6
662 669
689 708
659 660
764 781
209 210
847 902
16 20
750 779
762 812
696 727
702 725
7 33
34 37
661 674
663 664
350 377
703 710
708 709
751 752
316 350
95 103
689 690
113 121
715 716
863 899
446 447
5 13
447 487
384 446
677 679
867 957
782 801
449 563
757 759
879 881
227 235
701 702
727 728
882 994
912 1009
761 762
779 839
347 350
422 473
47 57
561 608
569 608
747 748
855 938
378 393
0 16
956 957
447 500
324 359
537 561
27 31
700 701
664 665
684 687
147 188
692 695
134 137
569 597
129 137
123 139
884 887
763 778
746 749
693 694
435 447
576 597
567 589
414 427
697 698
706 729
122 149
806 820
944 980
4 7
864 938
766 777
718 720
725 736
81 83
191 210
36 49
147 152
576 589
527 589
848 849
900 962
95 158
447 499
47 78
18 31
898 899
299 308
698 699
708 740
88 94
331 411
526 585
33 49
878 906
705 706
585 588
297 314
56 82
789 810
820 821
924 948
980 981
84 87
519 592
848 886
17 30
866 887
883 962
958 968
853 854
11 32
204 227
691 726
186 205
370 392
18 34
708 739
105 106
745 814
889 971
421 435
362 395
659 684
665 681
40 81
692 708
699 730
899 937
772 802
10 14
694 717
320 396
882 924
980 1009
761 789
820 839
774 776
711 738
923 956
410 425
67 81
860 911
860 971
520 580
95 149
923 925
663 665
324 360
7 38
703 704
5 6
8 27
948 970
766 767
479 493
689 739
331 354
860 886
671 686
581 583
297 316
713 738
716 720
69 75
671 672
675 682
421 431
92 93
146 152
480 521
377 431
498 575
466 493
853 856
324 365
711 712
714 721
886 997
853 927
357 397
19 46
750 790
812 845
426 428
63 81
758 803
189 206
743 744
673 686
678 679
675 676
721 723
0 2
107 120
696 742
725 741
498 628
864 964
672 673
679 682
33 38
712 713
714 716
349 414
648 656
659 661
663 681
334 376
7 19
1003 1004
833 834
100 101
349 434
334 375
692 694
705 707
17 36
302 311
693 695
4 20
951 995
590 618
900 963
335 350
697 699
6 11
11 19
349 356
751 753
731 732
549 618
309 314
782 800
785 827
747 749
123 151
567 583
25 28
902 903
862 864
691 704
21 26
22 39
911 997
219 254
357 379
711 713
58 69
378 535
46 48
85 92
888 951
6 7
880 940
104 110
47 63
2 20
890 965
923 950
367 391
671 673
299 320
745 767
264 272
743 750
565 594
94 112
297 315
9 27
298 331
964 997
486 581
240 272
744 778
631 656
862 863
887 888
925 949
667 675
671 685
354 371
919 920
755 784
796 843
697 730
706 707
186 258
45 69
397 425
689 704
25 32
883 994
912 958
891 995
88 113
30 76
732 733
719 720
737 738
694 736
705 729
678 688
685 686
871 987
791 796
580 592
590 646
871 872
711 737
721 722
473 535
296 297
40 72
264 276
400 403
69 81
630 631
351 362
620 621
299 309
498 509
391 486
65 66
850 965
14 18
186 214
599 633
619 633
877 973
10 15
795 796
824 825
220 251
873 929
984 985
850 967
750 759
62 67
603 643
35 52
781 782
785 786
4 33
669 680
669 683
617 631
24 27
759 791
30 59
53 66
289 297
291 321
16 36
503 520
15 16
285 298
26 29
238 271
299 319
813 822
356 374
847 996
189 251
529 554
798 827
800 838
224 264
220 221
549 568
106 111
30 77
573 624
346 391
731 733
739 740
317 327
893 894
875 918
291 310
36 41
377 408
42 43
211 226
904 914
573 603
320 385
320 379
57 60
648 654
901 903
13 22
308 309
224 254
345 362
449 464
617 640
743 774
486 573
21 25
291 292
359 365
12 26
245 271
757 776
879 973
866 968
852 890
109 144
87 104
287 300
254 272
496 507
214 243
246 252
850 905
752 777
237 240
109 112
528 552
226 263
9 10
176 212
964 996
298 332
206 276
896 897
212 222
754 756
156 168
30 41
785 798
757 758
947 1002
981 998
808 844
821 831
590 654
611 643
611 636
308 320
324 334
151 211
610 611
744 832
225 254
573 596
758 826
769 770
651 658
100 109
629 633
918 920
341 438
3 18
749 767
834 835
1004 1005
630 633
773 846
833 836
900 1018
1003 1006
293 306
512 565
573 604
592 634
439 488
564 591
408 486
64 68
949 950
758 791
880 894
319 341
15 17
695 704
34 60
850 866
488 539
22 35
778 814
467 492
21 29
756 828
775 780
363 400
892 893
956 969
589 633
205 209
39 40
292 293
66 67
108 121
114 124
103 116
854 856
858 947
797 808
61 70
398 450
270 271
218 225
159 187
853 1008
198 212
207 212
962 963
967 968
944 998
249 256
250 256
806 831
86 92
413 541
773 825
833 835
294 325
900 985
1003 1005
756 799
803 826
57 71
240 254
413 554
754 755
8 10
372 491
24 30
867 969
58 83
423 424
850 851
413 492
248 277
744 745
113 139
124 138
11 12
412 478
765 778
731 734
736 741
754 804
816 817
944 945
992 1011
806 807
830 841
354 413
732 734
732 735
377 391
953 955
974 975
767 774
134 142
219 265
358 403
53 55
467 491
921 922
136 185
385 396
379 396
855 1008
895 897
746 748
768 770
162 203
51 52
52 68
554 578
206 224
852 889
322 333
578 621
578 591
704 709
543 565
870 948
1002 1014
140 162
38 61
886 887
874 942
797 844
809 810
892 967
963 1015
858 917
239 243
570 599
503 517
876 959
879 913
195 202
149 214
757 780
757 803
862 950
85 111
54 62
62 65
851 995
261 278
897 933
991 1008
46 73
871 929
371 372
109 141
29 42
253 272
745 815
138 196
889 972
746 775
770 794
851 888
379 410
771 802
822 823
47 81
931 1011
113 178
937 979
982 983
866 888
125 136
926 928
389 402
400 404
857 921
903 1017
219 268
104 105
258 268
947 1001
195 240
330 337
848 996
436 475
308 357
791 792
894 930
873 935
919 988
771 824
823 842
202 223
412 433
755 756
656 658
386 400
388 402
857 858
412 439
773 845
240 253
207 220
860 889
874 941
954 955
508 549
900 1015
371 413
175 261
162 194
917 1011
944 1010
433 438
221 251
924 956
875 942
190 242
901 907
934 989
375 493
787 841
806 840
72 81
916 917
554 612
334 357
53 58
869 907
612 621
621 622
294 310
307 358
76 77
875 908
859 989
901 993
95 122
190 249
438 539
130 147
184 220
196 225
96 98
1001 1002
754 828
817 819
47 69
579 620
877 905
593 595
594 595
253 261
233 250
135 145
48 69
508 577
868 869
871 894
889 999
879 940
910 959
745 832
925 950
817 818
514 555
59 76
366 383
366 419
876 990
906 913
917 922
504 540
854 926
42 55
263 265
408 534
790 791
532 545
892 894
74 79
77 79
46 61
995 999
927 928
881 967
428 493
733 735
739 742
744 815
508 560
850 881
834 836
834 837
1004 1006
1004 1007
167 168
90 99
743 759
371 492
101 102
858 859
450 480
97 128
1 14
855 937
895 982
748 802
768 822
344 392
620 641
871 873
95 118
923 949
168 182
197 211
605 643
781 811
786 829
165 253
217 223
76 82
886 891
579 635
494 543
656 657
73 78
543 593
543 594
966 986
199 200
39 52
132 157
495 507
621 641
232 247
591 641
914 960
946 961
439 540
96 104
889 995
603 605
924 970
865 866
191 252
24 59
453 455
502 510
23 26
314 336
408 431
51 63
182 190
286 288
333 374
915 947
217 231
485 545
381 427
920 988
935 936
952 953
975 1000
451 481
489 514
926 927
114 115
606 625
793 794
818 819
908 910
464 607
115 127
132 133
791 795
894 929
127 153
62 66
507 508
976 977
932 933
976 978
380 467
872 936
908 920
534 547
257 273
186 268
43 53
769 793
816 818
171 184
755 799
826 843
380 398
896 932
974 976
22 26
813 823
548 615
156 167
548 574
230 262
237 262
548 625
134 191
926 939
397 410
85 86
57 80
815 832
972 999
392 407
983 986
124 145
209 235
1 18
19 32
568 618
319 331
51 72
68 72
551 552
887 891
26 62
368 452
35 39
254 264
363 403
191 271
505 546
612 620
372 380
185 198
175 229
180 198
334 426
196 224
787 830
969 970
339 367
870 907
934 1014
415 468
89 91
452 470
456 457
891 971
592 632
474 539
294 328
571 598
972 995
797 798
809 838
510 550
433 488
552 599
486 583
108 110
20 33
71 80
783 784
813 842
340 361
918 919
986 1013
187 225
157 160
897 932
2 4
570 609
654 656
147 167
952 954
922 946
326 329
42 62
371 491
321 401
582 605
526 548
219 275
874 1016
954 978
368 369
41 74
41 77
352 367
282 286
445 495
381 400
481 512
92 95
407 418
185 212
165 262
474 528
383 417
417 419
141 155
101 114
149 158
136 179
158 192
538 562
176 222
770 793
205 259
89 90
928 939
165 175
12 23
966 982
331 341
375 468
216 239
384 421
464 508
406 407
528 551
427 513
283 338
43 55
66 83
357 399
32 45
314 360
334 399
642 652
875 876
526 574
102 115
392 418
306 343
530 601
101 115
351 367
29 43
29 44
126 132
11 21
242 257
953 954
856 927
16 17
304 340
417 444
61 78
634 642
468 557
182 249
182 250
787 808
831 840
441 457
495 545
917 947
998 1010
896 986
918 941
42 54
462 545
769 813
783 804
496 508
521 555
213 244
174 190
131 133
881 893
898 984
1012 1013
792 795
835 837
929 930
1005 1007
446 501
368 441
918 942
415 440
113 166
453 471
126 156
99 126
168 190
455 482
102 117
344 406
383 394
909 910
940 987
376 440
390 444
255 260
483 494
858 1014
860 890
354 411
543 566
655 657
285 287
383 409
411 413
305 353
317 345
347 377
120 148
874 875
418 429
914 1017
921 946
618 646
848 997
858 915
147 156
79 82
400 427
291 294
595 638
455 523
140 163
143 161
236 251
861 965
898 979
983 1012
414 490
132 168
861 939
924 969
368 430
251 278
494 566
519 619
901 902
375 376
380 450
632 634
499 500
117 143
117 154
142 215
891 951
440 443
931 961
928 965
138 144
457 458
458 470
975 977
303 313
649 657
35 51
472 536
117 127
458 459
427 565
8 9
39 72
200 212
171 220
407 429
135 136
151 241
399 466
98 105
343 348
485 532
292 355
586 628
857 859
903 993
535 587
613 649
434 490
28 44
952 977
977 1000
390 405
392 536
173 174
452 481
167 182
195 237
44 53
442 461
38 71
453 482
294 301
522 557
631 648
160 172
235 241
315 316
288 289
96 97
208 213
208 228
284 295
460 461
889 890
524 566
318 353
888 995
613 657
312 329
505 531
915 916
939 965
97 98
432 464
170 179
440 468
375 415
280 281
431 497
429 461
886 971
524 530
205 235
413 477
531 546
325 328
444 462
226 255
166 178
132 160
70 71
138 150
234 269
564 571
26 42
37 51
646 653
765 814
319 320
468 493
359 376
313 318
179 189
337 345
181 208
142 181
445 464
465 516
549 590
43 44
234 242
462 485
22 23
383 462
440 469
906 991
990 1016
383 445
155 218
252 271
436 465
335 336
366 416
553 564
413 529
471 506
931 992
213 245
323 328
443 462
381 386
464 560
893 967
342 355
119 155
650 653
505 524
535 588
642 645
858 1001
593 601
369 406
213 215
215 228
872 987
908 909
282 283
536 575
96 105
214 239
321 355
876 910
595 647
134 201
358 363
530 623
530 637
507 532
161 185
875 920
117 153
807 811
829 830
858 916
945 960
961 992
573 581
494 505
90 108
575 628
208 215
384 447
462 495
525 533
525 558
237 253
529 578
627 647
133 148
443 453
359 443
164 230
892 930
1015 1018
406 429
609 619
405 416
566 593
887 951
409 445
611 620
790 792
845 846
497 499
599 609
646 654
206 264
234 274
390 462
213 238
560 607
922 961
229 261
191 201
443 471
230 231
231 237
346 420
249 257
453 484
430 442
551 570
533 584
436 437
507 568
308 334
567 616
431 435
197 232
136 169
486 534
292 321
360 366
346 377
290 346
170 171
373 381
471 484
341 433
91 110
603 620
317 337
268 275
383 495
533 586
620 624
489 490
463 473
399 479
418 472
653 657
339 352
493 580
649 650
148 181
316 347
546 584
176 199
597 608
527 567
39 68
952 978
189 220
300 302
336 360
358 364
628 638
150 177
193 216
453 454
144 155
395 463
19 48
589 597
426 479
193 195
215 238
627 644
303 304
1001 1014
482 523
273 274
177 196
390 443
369 430
396 423
452 494
242 269
143 153
153 154
617 630
172 173
405 444
652 657
335 409
366 417
244 274
270 274
379 397
487 500
559 575
580 642
54 55
55 65
557 580
359 390
352 420
435 499
438 474
366 382
126 130
525 559
537 617
581 616
514 521
597 629
459 515
544 557
136 170
537 608
556 557
533 546
512 543
160 168
452 458
490 521
385 424
513 565
564 598
584 639
627 639
305 340
76 79
363 386
387 388
582 596
157 172
627 628
102 127
626 639
546 639
584 586
586 627
638 644
533 575
590 648
143 176
560 577
244 245
245 270
348 355
613 645
312 326
214 216
269 274
309 324
247 266
448 561
235 259
315 347
196 218
529 564
342 348
441 452
441 456
450 467
338 351
601 623
601 637
522 556
379 437
471 485
488 518
466 479
164 231
278 279
61 73
363 404
387 389
409 432
631 640
443 485
202 203
440 453
483 505
439 478
491 492
410 465
430 441
516 551
485 506
339 351
523 556
173 190
604 624
431 534
163 193
550 569
423 474
459 460
448 562
515 531
476 477
529 553
200 236
587 588
344 407
561 563
562 569
561 562
546 626
310 321
569 576
259 260
575 586
394 409
578 612
578 622
497 500
272 276
376 415
598 641
292 306
530 626
169 184
605 606
564 578
518 552
306 348
321 323
435 497
192 193
202 217
475 516
292 342
382 394
119 187
211 263
211 267
52 64
195 216
653 654
439 504
596 603
151 226
468 522
440 454
310 323
476 478
533 559
558 559
194 203
502 550
375 428
305 318
646 650
441 458
235 260
184 207
607 640
528 539
263 266
266 267
510 511
500 502
38 70
238 245
183 198
183 207
423 438
527 576
522 523
549 577
469 522
399 426
448 563
241 255
195 223
477 478
223 231
628 644
474 475
510 538
501 511
475 551
388 389
414 434
429 442
446 487
548 606
550 562
180 185
492 541
492 542
554 600
442 460
572 574
554 610
603 624
600 602
600 614
541 572
574 602
561 569
625 643
541 554
615 625
610 636
636 643
614 615
574 615
591 621
572 600
