11476317663346405001 1197 600
0.006167 0.263155 2.355783
-0.048122 0.225242 2.696952
-0.048122 0.225242 2.696952
0.006189 0.036035 2.737431
0.006189 -0.174594 2.728347
0.006189 -0.228412 2.472671
0.006189 0.178492 2.648509
-0.030886 0.172415 2.649136
-0.075038 0.146626 2.651363
0.006189 0.030019 2.664369
0.103738 0.127360 2.653314
0.136356 0.092568 2.392025
-0.059598 -0.139311 2.460541
0.006189 -0.158854 2.462987
0.568872 -0.253536 2.000519
0.344822 0.202853 2.219974
0.358861 0.208149 2.154899
0.654585 -0.011169 2.101278
0.474851 0.002773 2.315351
0.537097 -0.210353 1.985007
-0.374424 -0.335396 2.242095
-0.568872 -0.253536 2.000519
-0.358861 0.208149 2.154899
-0.537097 0.119005 1.985007
-0.387623 0.116656 2.325641
-0.321967 0.046885 2.413954
-0.213648 0.331028 1.789102
-0.353622 -0.208667 2.378101
-0.361578 -0.021292 2.414869
-0.122865 0.348460 2.206482
-0.389480 0.253511 2.127675
0.360423 -0.353135 2.166812
-0.238874 -0.025698 1.820556
0.006189 -0.202180 1.822691
-0.075294 0.205489 2.180922
-0.202818 0.072594 2.282063
-0.113024 -0.250025 2.441463
0.006189 -0.262303 2.274398
0.087673 0.205489 2.180922
0.319895 0.075296 2.264626
-0.133853 0.227500 1.827208
0.313527 -0.036239 2.277758
0.303165 -0.148421 2.270364
0.301217 -0.237691 2.161619
0.284751 0.235799 1.730629
0.201021 0.336095 1.720310
-0.157139 -0.194820 1.728984
0.006189 -0.243651 1.728967
-0.167170 -0.202848 1.856518
-0.285805 -0.041253 1.856486
-0.254633 0.197824 1.629035
-0.258538 -0.051762 1.633472
-0.140955 -0.195431 1.592471
-0.202338 0.169300 1.640965
-0.138373 0.250657 1.564798
-0.202338 0.169300 1.640965
-0.113400 0.033663 2.436058
-0.126000 -0.025503 2.309175
0.045626 -0.131905 2.477832
0.045626 -0.118148 2.660836
1.192938 0.200042 1.329424
1.178864 0.312976 1.362190
-1.214396 0.021628 1.568563
-1.043611 0.006628 1.743083
-0.613327 0.113825 2.012171
-0.819050 0.168948 1.863041
0.407072 -0.160101 0.169319
0.325494 -0.208857 0.175095
0.229151 0.227998 1.044208
0.280899 0.177998 0.750735
-0.214114 0.224149 0.000000
-0.244114 -0.215851 0.000000
-0.413168 -0.195583 0.496542
-0.407072 -0.160101 0.169319
-0.323139 0.157998 1.461242
-0.402742 0.141998 1.088811
-0.268668 -0.266269 2.060702
-0.180117 -0.217879 1.917313
-0.141283 -0.249689 2.189043
-0.106215 -0.209963 2.274233
-0.111702 0.029175 2.299674
-0.069181 0.107389 2.267775
-0.175773 -0.184781 1.932887
-0.261411 -0.229204 2.059549
0.000000 0.313005 1.835305
-0.137191 0.270370 1.827730
0.245111 0.176663 1.916894
0.309020 0.064670 1.894285
0.175773 -0.184781 1.932887
0.031327 -0.215553 1.825277
0.176943 0.065295 2.243257
0.185583 0.080090 2.277544
0.287495 -0.121424 1.894545
0.264168 -0.106531 1.913375
0.080000 -0.308788 2.023373
0.072000 -0.312267 2.214396
-0.080000 -0.269376 1.936242
-0.080000 -0.129909 1.948444
0.200000 -0.229952 1.697516
0.100000 -0.206497 1.250276
-0.528772 0.171809 0.886548
-0.464406 0.150895 0.507900
0.287019 0.395048 2.314788
0.150895 0.464407 2.314788
0.449800 -0.326799 1.936141
0.395048 -0.287019 2.314788
0.464406 -0.150895 2.314788
0.488306 0.000000 2.314788
0.006671 0.182026 2.510286
0.005342 0.189447 2.505919
0.004711 0.095164 2.386942
0.042004 0.100611 2.395927
0.007238 0.037314 2.653548
0.022854 0.037638 2.652671
0.006691 -0.113509 2.540275
0.006211 -0.110329 2.516117
-0.050601 0.143111 2.517558
-0.054851 0.137755 2.513561
-0.085687 0.042030 2.437528
-0.086076 0.073336 2.430568
-0.095986 0.039981 2.542997
-0.094341 0.041294 2.518592
-0.084202 -0.040105 2.445781
-0.078364 -0.068216 2.447347
-0.234928 0.030105 1.817299
-0.226353 0.032214 1.773324
-0.318660 -0.020082 2.024299
-0.292158 -0.014358 2.041148
-0.272157 -0.039425 1.958464
-0.272490 -0.096290 1.967195
-0.454015 -0.176738 2.003662
-0.483078 -0.168422 1.980231
-0.203323 -0.212266 2.004075
-0.215301 -0.223485 2.057584
-0.244626 0.018716 1.567587
-0.250835 0.025111 1.609493
0.293028 0.034274 2.059319
0.341993 0.036042 2.081050
0.183239 -0.227986 2.068785
0.226073 -0.222933 2.059560
0.308308 -0.085336 2.013991
0.286619 -0.087960 1.968371
0.390074 0.039474 2.065895
0.411139 0.045931 2.039908
0.257710 0.027003 1.566308
0.263706 0.029644 1.605601
0.299510 -0.137054 2.013223
0.129406 -0.014413 2.500601
0.129149 -0.009616 2.510089
0.118736 0.010602 2.481297
0.123889 0.005141 2.479377
-0.102903 0.019529 2.520251
-0.107547 0.014584 2.523714
-0.091670 0.020657 2.464859
-0.100162 0.013520 2.469337
0.203788 -0.076528 2.278430
0.175218 -0.083116 2.299267
0.044098 0.132066 2.497457
0.043620 0.126207 2.496654
-0.234110 0.137660 1.601324
-0.239507 0.145043 1.587491
-0.115371 -0.164895 1.560144
-0.158589 -0.148102 1.554175
-0.210180 -0.029674 1.525486
-0.218214 0.005328 1.524310
-0.130754 0.192645 1.517339
-0.107300 0.221859 1.489363
-0.129087 -0.149461 1.618359
-0.166149 -0.131316 1.612856
-0.220281 -0.012990 1.581340
-0.233774 0.024125 1.580309
-0.156015 0.166171 1.561602
-0.147990 0.175290 1.557577
-0.025353 0.242993 1.525665
-0.025090 0.237401 1.534968
-0.146238 -0.095749 1.664677
-0.173399 -0.072721 1.659954
-0.250791 0.094922 1.602880
-0.186682 0.150293 1.607972
-0.098706 0.219206 1.596290
-0.090024 0.221772 1.585888
-0.213304 0.010141 1.422397
-0.185649 -0.049990 1.393533
-0.138304 0.103944 1.319691
-0.177129 0.098915 1.258532
0.212432 0.148922 1.549864
0.221009 0.156285 1.557957
0.208417 0.109556 1.664491
0.187858 0.126029 1.669813
0.194793 -0.111427 1.553601
0.238763 -0.037899 1.549493
0.186562 0.091641 1.526365
0.146238 0.129467 1.523895
0.031163 0.220554 1.480198
0.025874 0.207591 1.487800
0.198762 -0.089632 1.619685
0.250319 -0.022198 1.606123
0.170064 0.135570 1.606190
0.140015 0.161020 1.604692
0.104819 0.201290 1.557605
0.088655 0.208111 1.549585
0.174092 -0.125003 1.668704
0.206856 -0.102717 1.660009
0.256594 0.061238 1.643884
0.245967 0.089541 1.643362
0.138050 0.211514 1.604436
0.124381 0.217463 1.581266
0.183560 0.096759 1.372054
0.211378 0.070548 1.409990
0.180990 0.068713 1.436464
0.190936 0.007723 1.446898
0.173199 -0.070112 1.326412
0.127887 -0.031476 1.283722
-0.076431 0.236228 1.389122
-0.079772 0.233521 1.445658
-0.034497 0.235511 1.443058
-0.079772 0.233521 1.445658
-0.047524 -0.138563 1.326598
-0.053734 -0.153329 1.317235
-0.050590 -0.133143 1.281313
-0.044379 -0.118323 1.290655
-0.041369 -0.213510 1.338103
0.005698 -0.222935 1.336071
0.005699 -0.216230 1.595722
0.059568 0.221954 1.597633
0.066426 0.203106 1.528967
0.027157 -0.105467 1.260985
0.031596 -0.123558 1.286579
0.027157 -0.118673 1.247464
0.027170 -0.082238 1.222971
0.089420 -0.187569 1.342611
0.076488 -0.149474 1.285231
0.034051 -0.202677 1.597028
-0.038651 -0.100893 1.323593
0.005698 -0.095911 1.305049
0.105970 0.165480 1.451758
0.114987 0.165105 1.396278
-0.244352 0.104418 1.489452
-0.254728 0.110847 1.488724
0.177842 0.144776 1.491719
0.268343 0.110847 1.488724
-0.044015 -0.027571 1.270102
-0.046227 -0.134945 1.306953
-0.248438 0.089318 1.437595
-0.181276 0.133346 1.409739
0.247138 -0.085440 1.442248
0.266207 -0.006293 1.456563
0.050048 -0.100893 1.323593
0.057624 -0.134945 1.306953
-0.258148 0.007110 1.663347
-0.212859 0.019958 1.659079
-0.284126 -0.009199 1.568042
-0.285098 -0.005200 1.601120
-0.169824 -0.148395 1.618206
-0.191846 -0.134648 1.615440
0.271725 -0.021722 1.656967
0.280971 -0.027236 1.627455
0.197340 -0.113901 1.681454
0.202983 -0.124785 1.672754
-1.049705 0.202227 1.555388
-1.038221 0.204005 1.551955
-1.083609 0.208984 1.549195
-1.059872 0.212464 1.542348
-1.173029 0.017909 1.473862
-1.164470 0.019666 1.476850
-1.194025 0.049934 1.485161
-1.189770 0.030133 1.486240
-1.193246 0.061429 1.473335
-1.178269 0.065627 1.467903
-1.191185 0.051060 1.450027
-1.188802 0.057279 1.430026
-1.186432 0.049311 1.431499
-1.190010 0.048230 1.452620
-1.176075 0.021901 1.498690
-1.161148 0.023802 1.494117
-1.181340 0.066239 1.534094
-1.174786 0.065353 1.522813
-1.143556 0.041536 1.521911
-1.156346 0.039855 1.517024
-1.189123 0.048739 1.404042
-1.199185 0.046678 1.405466
-1.194912 0.016789 1.439469
-1.203196 0.049503 1.435484
-1.178870 0.148064 1.468228
-1.182670 0.147903 1.459786
-1.212705 0.137275 1.431213
-1.210368 0.104890 1.434289
-1.182631 0.102080 1.438772
-1.183297 0.144411 1.433465
-1.209829 0.140739 1.425656
-1.207791 0.139997 1.418017
-1.200096 0.131750 1.415244
-1.200949 0.140047 1.413977
-1.172204 0.148790 1.477934
-1.172865 0.101148 1.479561
-1.169618 0.109389 1.543885
-1.158162 0.107169 1.539464
-1.178825 0.151441 1.512003
-1.185787 0.154270 1.523225
-1.179220 0.140499 1.406581
-1.193251 0.133301 1.389687
-1.197101 0.232382 1.456371
-1.186960 0.179973 1.469830
-1.184479 0.179786 1.460879
-1.189128 0.231088 1.451830
-1.195810 0.229748 1.453491
-1.203770 0.228877 1.464078
-1.201945 0.188166 1.432138
-1.205843 0.196468 1.411314
-1.195575 0.187114 1.427481
-1.205957 0.199950 1.409022
-1.162741 0.175356 1.496041
-1.176510 0.179656 1.471446
-1.151330 0.224452 1.496306
-1.152924 0.223994 1.500496
-1.143040 0.179682 1.529820
-1.143701 0.169093 1.530014
-1.140530 0.168311 1.517902
-1.203609 0.226504 1.411111
-1.210904 0.225862 1.415864
-0.549729 0.060359 1.920063
-0.579776 0.064316 1.966835
-0.574366 -0.139006 1.919095
-0.597455 -0.128161 1.898714
-0.500773 0.053051 1.936447
-0.508388 0.050245 1.945738
-0.605032 0.060866 1.949070
-0.602798 0.070409 1.969362
-0.579776 0.064316 1.966835
-0.594207 0.044902 1.989960
-0.630595 0.010248 1.969756
-0.620265 0.023145 1.957726
-0.642792 -0.016255 1.982466
-0.630595 0.010248 1.969756
-0.571161 -0.083836 1.844854
-0.588480 -0.116026 1.847204
0.659956 -0.029647 2.031626
0.658267 -0.007043 2.028339
0.657714 -0.009391 2.002551
0.634942 -0.012060 2.033887
0.569175 0.044866 2.018599
0.578757 0.032397 2.032391
0.565122 0.000531 1.869290
0.549437 0.017441 1.865493
0.538620 -0.091824 1.885861
0.532879 -0.059634 1.886805
0.638498 -0.122017 1.903578
0.653365 -0.122650 1.924555
0.649644 0.041452 1.959077
0.634548 0.061836 1.938765
-0.752843 0.039476 1.700324
-0.764070 0.109887 1.738443
-0.777160 -0.136108 1.915046
-0.876674 -0.089060 1.835820
-0.764070 0.109887 1.738443
-0.635399 0.048397 1.785688
-0.743414 0.105245 1.725774
-0.680849 0.034530 1.902191
-0.679054 0.054296 1.904882
-0.974138 0.141901 1.724063
-1.004569 0.149935 1.708289
-1.010800 0.067212 1.701419
-1.009928 0.097558 1.714662
-0.989102 0.134290 1.620867
-1.011539 0.139742 1.608402
-1.049902 0.075414 1.758271
-1.015466 0.155565 1.746654
-0.705206 -0.009546 1.989080
-0.699307 -0.024095 1.997944
-0.754376 -0.068230 1.897069
-0.741961 -0.090689 1.905912
-0.683538 -0.130397 1.911953
-0.658383 -0.121580 1.930647
-0.693062 -0.074389 1.786284
-0.677548 -0.103432 1.798092
-0.624647 -0.147114 1.945903
-0.588489 -0.145568 1.896729
-0.552315 -0.040623 1.886251
-0.557847 -0.006314 1.882291
-0.743656 -0.041000 1.857330
-0.738682 -0.071780 1.861071
-0.583492 -0.071664 1.903033
-0.578294 -0.040861 1.906265
-0.626095 0.051933 1.946569
-0.620920 0.017315 1.955309
0.716602 -0.009547 1.989081
0.710702 -0.024095 1.997944
0.782652 -0.068571 1.918868
0.770176 -0.090996 1.927650
0.694934 -0.130397 1.911954
0.669767 -0.121584 1.930654
0.704459 -0.074389 1.786284
0.688945 -0.103432 1.798092
0.599887 -0.145568 1.896729
0.636045 -0.147114 1.945903
0.563712 -0.040623 1.886251
0.569244 -0.006314 1.882291
0.716304 -0.071315 1.816168
0.721129 -0.040480 1.812313
0.594889 -0.071665 1.903034
0.589691 -0.040861 1.906265
0.676971 0.028449 1.914939
0.639591 0.028739 1.869509
-0.619236 -0.102860 1.832673
-0.609510 -0.123734 1.844506
0.574143 -0.106696 1.849513
0.557675 -0.074999 1.860329
0.665398 -0.043531 2.008403
0.667223 -0.078205 2.002451
0.695069 0.018509 1.932265
0.677388 0.006919 1.949009
-0.992225 0.050484 1.687607
-0.964511 0.006640 1.727984
-0.944497 0.125006 1.658475
-0.972438 0.059441 1.658629
-0.812267 0.069456 1.694499
-0.715238 -0.087643 1.766437
-0.731521 -0.085460 1.750092
-0.791145 -0.040201 1.732354
-0.824120 -0.011951 1.709927
-0.775584 -0.066585 1.765094
-0.797751 -0.058902 1.739024
-0.889498 0.002251 1.664089
-0.899922 0.018774 1.659655
-0.830052 0.050816 1.619181
-0.832906 0.031437 1.616088
-0.818612 0.021669 1.681320
-0.816136 0.031518 1.652484
-0.818612 0.021669 1.681320
-1.042272 0.173535 1.625579
-1.062001 0.174938 1.647816
-1.119189 0.179390 1.535258
-1.115965 0.213760 1.528197
-1.176537 0.180435 1.536881
-1.171103 0.218400 1.531219
-1.144796 0.216386 1.530204
-1.127585 0.212914 1.516241
-0.992860 0.083039 1.580757
-1.002042 0.067922 1.586171
-1.034289 0.061348 1.586597
-1.013013 0.051263 1.597944
-0.992506 0.153907 1.667739
-0.999117 0.153587 1.677793
-1.009635 0.159712 1.600924
-0.993533 0.155233 1.609758
-0.970537 0.062366 1.607726
-0.963665 0.071401 1.604761
-1.105359 0.208692 1.516026
-1.092839 0.211918 1.513029
-1.111246 0.211052 1.492481
-1.112724 0.218876 1.497347
-1.055210 0.222175 1.503032
-1.052979 0.206100 1.496722
-1.100187 0.188937 1.539447
-1.044846 0.194791 1.525010
-1.038150 0.157197 1.553262
-1.042101 0.164822 1.538575
-1.161856 0.110379 1.594665
-1.173849 0.117436 1.601262
-0.348490 0.180860 1.158091
-0.324354 0.172315 1.212016
-0.217043 -0.088783 1.143476
-0.174349 -0.082314 1.135515
-0.188546 0.143093 1.308865
-0.215669 0.135970 1.317352
-0.150109 -0.082469 1.057471
-0.123178 -0.052437 1.072052
-0.141197 -0.072381 1.209179
-0.115264 -0.089976 1.269869
-0.093964 0.095428 1.178960
-0.090576 0.087361 1.196827
-0.345290 -0.139676 1.263347
-0.366327 -0.102244 1.163604
-0.349633 0.016994 0.749979
-0.348781 0.073711 0.754941
-0.238089 0.144669 1.158149
-0.350047 0.143684 1.174811
-0.228789 -0.020348 0.773225
-0.229013 -0.028634 0.830922
-0.299555 -0.028719 1.238819
-0.279330 -0.043492 1.335231
-0.213265 -0.045204 1.278736
-0.279330 -0.043492 1.335231
-0.295308 0.087855 0.754962
-0.311246 0.085299 0.761585
-0.282150 0.176427 0.924262
-0.279190 0.166920 0.874789
-0.239800 0.181814 0.946666
-0.237478 0.204553 0.998901
-0.243819 0.200525 1.150450
-0.238033 0.186375 1.202150
-0.198316 -0.010287 0.817711
-0.206127 -0.021919 0.824709
-0.168258 -0.043469 1.054393
-0.160492 -0.043533 1.117268
-0.189374 0.022961 1.214533
-0.180766 0.012633 1.226982
-0.172657 0.004281 0.853006
-0.159062 0.010478 0.910543
-0.115499 0.028802 1.147587
-0.097278 0.022019 1.199014
-0.273792 -0.027590 0.829777
-0.275931 -0.015520 0.769454
-0.251288 0.076307 0.839742
-0.274530 0.077043 0.843205
-0.166209 0.024949 1.074625
-0.114334 0.019682 1.200911
-0.350212 -0.001888 0.727064
-0.350079 0.047857 0.715993
-0.302257 0.096648 0.784572
-0.277114 0.098646 0.783522
-0.230997 -0.010706 0.754552
-0.233132 0.011862 0.723745
-0.259686 0.099006 0.737265
-0.255542 0.110494 0.783746
-0.277480 0.003717 0.718764
-0.278466 0.054368 0.711488
0.062030 0.011241 1.189210
0.054891 0.060186 1.186701
0.244976 0.089972 0.811206
0.293676 0.092349 0.820441
0.164698 0.096910 1.058940
0.190628 0.113010 1.043660
0.119004 -0.047661 1.057217
0.121508 -0.051216 1.225277
0.146494 -0.000967 0.966250
0.156901 -0.027599 0.998826
0.390941 0.100790 0.848796
0.389112 0.071792 0.752647
0.386399 0.078110 0.927311
0.361400 0.102830 0.851346
0.351056 0.038872 0.843835
0.342664 -0.034332 0.845674
0.239719 -0.028634 0.830922
0.257838 -0.027828 0.830018
0.188496 -0.079011 1.120955
0.209454 -0.024055 1.196255
0.249175 -0.045204 0.818826
0.248869 0.130054 0.749175
0.250753 0.165552 0.755453
0.210345 0.169393 0.918605
0.211485 0.159872 0.862930
0.253764 -0.070096 0.821866
0.281882 0.149894 0.949566
0.281003 0.173974 0.999771
0.250030 0.219834 1.099222
0.254954 0.219399 1.151540
0.230515 0.018796 0.849463
0.218746 0.017282 0.831910
0.188754 -0.041373 1.003235
0.178964 -0.043469 1.054393
0.152181 0.003750 1.208083
0.157767 -0.012898 1.215012
0.219171 0.008860 0.872130
0.214402 0.009570 0.910112
0.137558 0.033430 1.099801
0.126205 0.028802 1.147587
0.223233 0.128345 0.966944
0.233952 0.116771 0.854697
0.293087 0.057382 0.880181
0.290698 0.062160 0.896375
0.074619 0.031927 1.193379
0.157872 0.066714 1.047887
0.310120 0.028918 0.837770
0.351549 0.025620 0.842102
0.239296 -0.015457 0.801129
0.242178 -0.027332 0.750824
0.288105 0.000038 0.801872
0.313699 -0.000932 0.804085
0.245665 0.053581 0.719156
0.262863 0.054263 0.720397
0.266513 -0.024291 0.755054
0.269700 0.003428 0.716087
-0.396274 0.021280 0.728918
-0.398480 0.000550 0.728465
-0.194057 0.137916 0.684342
-0.171554 0.113614 0.683173
-0.235623 0.071315 0.731258
-0.317249 0.073027 0.731168
-0.235391 0.016966 0.613789
-0.236271 -0.002921 0.623816
-0.261382 -0.189266 0.460710
-0.261100 -0.178141 0.439288
-0.265333 -0.210902 0.388034
-0.277313 -0.102596 0.407863
-0.328682 -0.025191 0.213071
-0.321799 -0.035226 0.340349
-0.328682 -0.025191 0.213071
-0.321799 -0.035226 0.340349
-0.313475 -0.163778 0.577471
-0.291036 -0.150285 0.571286
-0.289992 -0.136683 0.595058
-0.313965 -0.174929 0.552707
-0.376532 -0.135413 0.097227
-0.369864 -0.055419 0.183957
-0.407369 -0.126351 0.152954
-0.380445 -0.130672 0.158897
-0.244433 -0.033003 0.219445
-0.256358 -0.126712 0.173228
-0.350009 -0.040969 0.270075
-0.384393 -0.061577 0.341398
-0.357268 -0.230168 0.385930
-0.356385 -0.223805 0.312148
-0.243102 0.030581 0.471584
-0.191647 0.040065 0.535426
-0.231210 -0.178776 0.363061
-0.235818 -0.190025 0.302109
-0.262985 -0.030657 0.262994
-0.267207 -0.043235 0.216361
-0.347625 -0.014850 0.168101
-0.344818 -0.097698 0.141511
-0.347237 -0.102435 0.086355
-0.349488 -0.039809 0.095093
-0.393165 0.005830 0.072041
-0.394990 0.067604 0.069949
-0.303416 0.127386 0.064050
-0.395140 0.117429 0.065309
-0.305181 0.196663 0.107540
-0.305130 0.143389 0.091222
-0.290409 0.104360 0.106348
-0.302685 0.092345 0.078356
-0.334581 0.127658 0.058785
-0.339290 0.160688 0.056547
-0.360315 -0.102239 0.040256
-0.359554 -0.073581 0.028072
-0.310464 -0.097535 0.178384
-0.309208 -0.057104 0.200361
-0.314683 -0.073931 0.669978
-0.322960 -0.119208 0.596008
-0.318561 -0.122709 0.622500
-0.321982 -0.132891 0.621068
-0.313826 -0.009375 0.685090
-0.351008 -0.005914 0.689213
-0.273690 -0.051678 0.145483
-0.275166 -0.063893 0.115547
-0.340033 -0.126521 0.149429
-0.280204 -0.128671 0.144839
-0.372588 -0.062036 0.181736
-0.373000 -0.091391 0.194131
0.381424 0.024496 0.736551
0.367251 0.106476 0.739921
0.406981 0.021280 0.728918
0.409187 0.000550 0.728465
0.165601 -0.035506 0.695672
0.180349 -0.056821 0.732015
0.245132 0.084743 0.724791
0.242969 0.072947 0.702671
0.322749 0.056140 0.600110
0.257148 0.051383 0.602745
0.323997 -0.114550 0.650761
0.323810 -0.121725 0.661766
0.333864 -0.203211 0.523616
0.325026 -0.159560 0.499162
0.313941 -0.044380 0.224048
0.331816 -0.043985 0.224778
0.260624 -0.106100 0.639244
0.322775 -0.101665 0.641289
0.295776 -0.115487 0.652342
0.296448 -0.107034 0.647686
0.282797 -0.147608 0.568760
0.279586 -0.133053 0.592649
0.353506 -0.171509 0.174859
0.352064 -0.196597 0.149052
0.405051 -0.034143 0.178883
0.378989 -0.012845 0.182500
0.267707 -0.022659 0.182988
0.255221 -0.001548 0.173388
0.399860 -0.051250 0.501577
0.381507 -0.018177 0.518008
0.379015 0.014161 0.667029
0.334665 0.017267 0.656503
0.221705 0.001896 0.514402
0.208741 -0.031719 0.499384
0.276007 -0.184981 0.304706
0.279194 -0.162387 0.255364
0.352477 -0.053554 0.389177
0.334665 0.017267 0.656503
0.286808 -0.098260 0.139896
0.291341 -0.189875 0.126936
0.301950 -0.211276 0.043977
0.304080 -0.200722 0.071369
0.395540 0.066686 0.008199
0.399580 0.118250 0.005241
0.254600 0.066777 0.008185
0.250463 0.120604 0.007181
0.244803 0.198784 0.007887
0.245980 0.243933 0.007197
0.337501 0.134315 0.086222
0.334267 0.141076 0.010652
0.382886 0.087314 0.062772
0.340400 0.091103 0.061722
0.277333 -0.043566 0.098590
0.277617 -0.072987 0.110053
0.349887 -0.094197 0.221874
0.358264 -0.095357 0.202600
0.213351 0.003078 0.654118
0.252537 -0.080992 0.672524
0.210616 -0.009330 0.679743
0.247690 -0.040784 0.691706
0.367484 -0.123636 0.627476
0.332688 -0.132891 0.621068
0.257545 -0.124890 0.113646
0.256675 -0.137671 0.142172
0.347776 -0.068577 0.173949
0.348208 -0.058367 0.149630
0.353431 -0.122575 0.179941
0.354858 -0.134778 0.149653
-0.248706 -0.039197 0.722903
-0.247091 -0.021596 0.732717
0.305247 -0.001655 0.732153
0.257350 -0.003162 0.728845
-0.066069 -0.156324 1.721302
-0.069437 -0.134882 1.726703
0.042121 -0.153950 1.789661
0.044405 -0.162079 1.801410
0.053551 -0.145406 1.735691
0.053530 -0.156594 1.770160
0.005699 -0.276675 2.010532
0.047556 -0.269172 2.025989
-0.103522 -0.225058 2.080539
-0.042344 -0.239737 2.087604
0.122122 -0.205186 2.078037
0.124242 -0.207513 2.051608
0.052614 -0.301925 2.088702
0.053345 -0.304637 2.066272
-0.065390 -0.237224 2.181201
-0.066069 -0.251370 2.122211
-0.050996 -0.261088 2.141986
-0.114789 -0.232514 2.137134
0.053051 -0.226830 2.166095
0.051847 -0.235398 2.132739
-0.040492 -0.217979 2.181079
-0.042634 -0.249682 2.198657
0.054031 -0.249743 2.198673
0.047556 -0.253019 2.180743
-0.042344 -0.198640 2.231281
-0.051366 -0.229000 2.240176
0.005699 -0.199446 2.244754
0.058545 -0.243643 2.242755
0.005699 -0.170002 2.220813
0.048405 -0.180754 2.240192
0.042121 -0.132320 2.311694
0.044405 -0.128671 2.325397
0.115042 -0.154384 2.295261
0.115713 -0.166213 2.270465
0.005699 -0.203735 2.265857
-0.045789 -0.213404 2.291019
0.052614 -0.219160 1.664737
0.053345 -0.218901 1.642413
0.051890 -0.145836 1.631580
0.080835 -0.146843 1.630100
-0.130911 -0.125676 1.647098
-0.118603 -0.160045 1.652194
0.005699 -0.183716 1.611865
-0.047148 -0.207881 1.601825
-0.040493 -0.164980 1.546481
-0.037008 -0.169825 1.534595
-0.052685 -0.198729 1.573947
-0.042845 -0.173483 1.561664
0.129309 -0.167793 1.570362
0.129661 -0.174562 1.542163
0.052614 -0.233378 1.811191
0.053345 -0.222304 1.790409
0.077466 -0.173875 1.791706
0.076787 -0.202170 1.847538
-0.118954 -0.166059 1.788700
-0.131909 -0.134442 1.792316
-0.065390 -0.257214 2.024982
-0.066069 -0.249789 1.964847
0.042121 -0.234937 2.031696
0.044405 -0.239325 2.045154
0.115256 -0.222966 1.984592
0.114229 -0.226609 2.011005
0.005699 -0.262229 1.962085
-0.045789 -0.282092 1.979862
0.005776 -0.255660 1.967670
0.054271 -0.245213 1.955524
0.005776 -0.304457 1.929798
0.063229 -0.287845 1.912952
0.005699 -0.154177 2.282444
0.057186 -0.161209 2.306858
-0.039080 0.109876 2.390248
-0.050460 0.112148 2.395121
-0.021681 0.160860 2.461285
-0.027694 0.153134 2.463211
0.038224 0.158958 2.434835
0.041579 0.155309 2.442729
-0.106102 0.252774 2.057401
-0.105497 0.251044 2.080043
0.005685 0.245016 1.895305
-0.001921 0.241820 1.831369
0.069842 0.233132 1.851239
0.067356 0.221689 1.848378
-0.210512 0.223827 2.096558
-0.168449 0.245366 2.088464
-0.102747 0.115536 2.200891
-0.104563 0.128766 2.216962
-0.133808 0.123539 2.197088
-0.144400 0.090780 2.209811
0.011211 0.095163 2.258698
0.015820 0.080285 2.272670
-0.100542 0.093328 2.264705
-0.101507 0.080863 2.274486
0.074190 0.081207 2.286449
0.066759 0.069479 2.280282
0.067767 0.226169 1.905783
0.066947 0.236213 1.896869
0.026395 0.241454 1.994998
0.026702 0.258378 1.998963
-0.012173 0.239121 1.963004
-0.009480 0.253250 1.953907
0.065049 0.229564 2.099027
0.064384 0.219590 2.092574
0.085649 0.248105 2.076968
0.086992 0.226513 2.100832
0.079156 0.167850 2.171103
0.080053 0.159352 2.162947
0.066481 0.174816 2.163010
0.071705 0.169407 2.153394
0.115041 0.134652 2.209077
0.115329 0.122685 2.196787
-0.054991 0.241578 2.037905
-0.058157 0.231254 2.073021
-0.037406 0.092838 2.241900
-0.037465 0.098073 2.248638
-0.067981 0.107130 2.228831
-0.100179 0.099021 2.225121
0.071094 0.074587 2.285534
0.122737 0.058603 2.275894
-0.034672 0.248416 2.001074
-0.037067 0.228443 1.999509
-0.055739 0.259256 2.002629
0.005698 0.265331 2.004072
0.086185 0.226675 2.051972
0.090398 0.220826 2.046631
-0.031784 0.106901 2.234893
-0.029394 0.126450 2.248596
-0.119522 0.245342 2.083270
-0.110987 0.250772 2.083145
-0.129177 0.208109 2.171355
-0.128907 0.189449 2.194014
-0.154612 0.254248 2.085006
-0.144694 0.211607 2.126784
-0.058091 0.178601 2.192645
-0.053464 0.191528 2.174283
-0.072063 0.216822 2.140706
-0.058328 0.204712 2.155907
-0.151029 0.182941 2.212494
-0.134079 0.177098 2.221781
-0.051449 0.137276 2.351544
-0.051886 0.165778 2.375170
0.011170 0.171848 2.474252
0.044637 0.157381 2.465686
0.062487 0.120453 2.356112
0.050552 0.141988 2.332031
-0.001987 0.201384 2.487829
-0.012394 0.188697 2.455254
0.012136 0.201330 2.487833
0.005060 0.202935 2.489141
-0.002853 0.178949 2.479001
0.000376 0.171789 2.474236
-0.072035 0.111068 2.447068
-0.079163 0.113047 2.442654
-0.081500 0.080787 2.402364
-0.088180 0.119876 2.435481
0.038584 0.183174 2.377868
0.040090 0.196707 2.455178
0.004520 0.196511 2.456573
-0.025959 0.198612 2.457889
0.004758 0.193258 2.467596
0.029116 0.195132 2.468974
0.032675 0.135592 2.337560
0.032297 0.128110 2.344769
0.031968 0.180314 2.378136
0.031954 0.187757 2.370923
-0.027911 0.135896 2.343954
-0.027210 0.183174 2.377868
-0.016671 0.169311 2.462941
-0.016382 0.135392 2.460000
-0.029886 -0.075808 2.639195
-0.031904 -0.097063 2.610389
0.040706 -0.011549 2.649702
0.040509 -0.046645 2.642465
0.011518 -0.104839 2.623708
0.011653 -0.127624 2.607908
0.011470 -0.124015 2.434784
0.011469 -0.123527 2.458351
-0.000043 -0.106460 2.505243
-0.000075 -0.111589 2.520292
-0.047970 -0.077109 2.644306
-0.047972 -0.064148 2.628083
-0.208628 -0.245268 2.143384
-0.210543 -0.234343 2.130135
-0.358356 -0.224892 2.122065
-0.376375 -0.220206 2.101782
-0.455407 -0.179628 2.021861
-0.462715 -0.176763 2.034009
-0.294126 -0.226896 2.171455
-0.321377 -0.219718 2.176283
-0.416629 -0.202401 2.104935
-0.439629 -0.202629 2.082191
-0.549752 -0.171749 2.052919
-0.524850 -0.189898 2.060169
-0.492119 -0.197656 1.995410
-0.500701 -0.208549 2.000381
-0.623702 -0.123779 1.997515
-0.622345 -0.111343 2.002572
-0.177373 -0.270620 2.029799
-0.146574 -0.266970 2.009631
0.005455 -0.172036 2.306005
0.005455 -0.172119 2.306133
-0.034380 -0.101597 2.477469
-0.032696 -0.106545 2.498721
-0.040033 -0.135179 2.550285
-0.040398 -0.131952 2.578224
-0.039537 -0.080188 2.623443
0.005353 -0.086654 2.629747
-0.023207 0.106113 2.310438
-0.017862 0.109933 2.294526
-0.092398 0.015139 2.428485
-0.093521 0.006188 2.448630
-0.080286 0.061907 2.319347
-0.081022 0.044170 2.336293
-0.066536 0.007942 2.405630
-0.065432 -0.001919 2.425831
0.005348 0.080095 2.300579
0.005349 0.067658 2.295266
-0.002481 0.090263 2.272733
-0.007000 0.089837 2.273331
-0.029606 0.083223 2.342386
-0.037086 0.079289 2.355967
-0.061480 0.054716 2.413237
-0.064180 0.052452 2.428117
-0.276339 0.140904 1.849107
-0.283967 0.136782 1.898821
-0.113714 -0.218735 2.239369
-0.208576 -0.210331 2.238287
-0.130413 -0.084492 2.332928
-0.122343 -0.031226 2.324482
-0.492549 -0.000855 2.102441
-0.509925 -0.058199 2.120745
-0.492549 -0.000855 2.102441
-0.509925 -0.058199 2.120745
-0.270315 -0.017984 1.889971
-0.253110 0.053161 1.896712
-0.271163 0.026303 1.917422
-0.283158 -0.035855 1.904795
-0.161288 -0.228985 2.185263
-0.219715 -0.218863 2.197113
-0.463727 -0.235228 2.022421
-0.503766 -0.192670 2.093706
-0.088237 0.234200 1.974073
-0.063365 0.239559 1.985299
-0.126069 0.215833 1.866179
-0.141715 0.200359 1.842778
-0.229264 0.088121 1.791275
-0.234053 0.058796 1.787126
-0.223980 -0.067432 1.782414
-0.203758 -0.097164 1.787618
-0.073753 -0.190766 1.841271
-0.029123 -0.208819 1.863668
-0.081434 0.261871 1.897968
-0.097222 0.255142 1.865247
-0.201731 0.171660 1.768653
-0.231953 0.135145 1.756570
-0.257909 -0.002171 1.734125
-0.248269 -0.034492 1.735097
-0.161691 -0.160259 1.766602
-0.123538 -0.180175 1.780353
0.249922 -0.264932 2.140725
0.274867 -0.255968 2.143551
0.355345 -0.223493 2.160794
0.382594 -0.215878 2.143325
0.460841 -0.204468 2.057303
0.487320 -0.203453 2.045838
0.267020 -0.209900 2.183867
0.292242 -0.198994 2.192468
0.423816 -0.190258 2.147508
0.445736 -0.186757 2.120492
0.556091 -0.172925 2.023528
0.527688 -0.193257 2.032303
0.631922 -0.079467 2.026794
0.621727 -0.078540 2.016116
0.589960 -0.119260 2.001981
0.614352 -0.102854 1.986971
0.232301 -0.242412 2.039834
0.204894 -0.240166 2.014584
0.050236 -0.145299 2.357379
0.050145 -0.130667 2.397110
0.041879 -0.123503 2.456578
0.030214 -0.123195 2.456871
0.030632 -0.140768 2.522750
0.030681 -0.141886 2.552272
0.022065 -0.098476 2.618078
0.005353 -0.086604 2.629725
0.045258 0.122675 2.288483
0.049850 0.118255 2.304195
0.079325 0.041360 2.418236
0.079282 0.029914 2.436270
0.073161 0.093546 2.277220
0.074143 0.079824 2.275006
0.113581 0.012920 2.402645
0.109265 0.001620 2.425106
0.049271 0.083517 2.298676
0.005348 0.080095 2.300579
0.020863 0.101158 2.295613
0.016749 0.086259 2.264320
0.040763 0.095604 2.323115
0.046110 0.094490 2.337118
0.079114 0.059856 2.394249
0.087133 0.052898 2.410669
0.316477 0.035382 1.885285
0.276297 0.023223 1.889322
0.113920 -0.226922 2.182074
0.160458 -0.219268 2.174143
0.188281 -0.203456 2.212805
0.115916 -0.214380 2.211664
0.467269 0.055945 1.954271
0.500353 0.080544 2.000293
0.531537 0.060249 2.043301
0.556139 0.012192 2.073376
0.238968 -0.120647 1.834079
0.272956 -0.077429 1.827527
0.038518 -0.202869 1.862652
0.051104 -0.231721 1.992808
0.235957 0.056633 1.828198
0.256283 0.038015 1.918871
0.092409 -0.270624 1.965410
0.099124 -0.217854 1.994288
0.067950 0.244999 1.960278
0.089696 0.240817 1.951341
0.140116 0.206122 1.872438
0.157552 0.189541 1.852111
0.231053 0.084314 1.800502
0.238582 0.055626 1.795285
0.219133 -0.058217 1.800056
0.200455 -0.086334 1.806022
0.111263 -0.166121 1.832752
0.076541 -0.182327 1.850812
0.092994 0.228203 1.897241
0.109784 0.223817 1.867205
0.189823 0.142603 1.788652
0.213312 0.111794 1.778524
0.239355 0.002102 1.758886
0.233111 -0.025404 1.760784
0.143360 -0.131917 1.776157
0.107041 -0.151041 1.793339
-0.198276 0.126201 1.846004
-0.236045 0.156511 1.846199
0.196179 0.147318 1.858142
0.233593 0.178569 1.856011
0.195795 0.137350 1.798828
0.177237 0.146221 1.749590
-0.015981 -0.116954 2.481909
-0.016422 -0.114491 2.459407
-0.085211 -0.009465 2.406107
-0.069614 0.016637 2.412142
0.050032 -0.116693 2.456209
0.050061 -0.125906 2.497660
0.070086 0.035458 2.447710
0.051078 0.027942 2.493176
0.020864 0.100829 2.295613
0.032105 0.088904 2.294322
-0.001828 -0.118726 1.583767
0.000116 -0.121225 1.548337
-0.076538 -0.111362 1.629669
-0.008760 -0.122041 1.620782
0.245541 0.087417 1.651717
0.182356 0.092927 1.654340
0.097381 0.206915 1.627602
0.139882 0.212603 1.660703
0.015330 -0.106117 1.656000
-0.009832 -0.063657 1.664220
0.067762 0.055828 2.368421
0.069706 0.087919 2.385619
-0.022424 -0.094304 2.391862
0.002001 -0.097465 2.390524
-0.042401 -0.113877 2.463622
-0.032809 -0.102268 2.466531
0.015409 0.163982 2.454896
0.024764 0.163804 2.452065
-0.032809 -0.102268 2.466531
-0.042401 -0.113877 2.463622
-0.049647 0.006044 2.465365
-0.025319 0.042623 2.457618
-0.335647 0.057938 2.096025
-0.327091 -0.045052 1.997003
-0.351764 -0.029902 2.012281
-0.358364 0.052641 2.108470
-0.384536 0.030154 2.203200
-0.406849 0.021255 2.213328
-0.403691 -0.017045 2.237610
-0.393978 -0.005999 2.220687
-0.415370 -0.172902 2.088699
-0.419618 -0.175607 2.112893
-0.413141 -0.024792 2.089429
-0.412767 -0.008609 2.100299
0.361967 0.028695 2.213109
0.308607 -0.039415 2.014301
0.338101 -0.043645 2.001236
0.362694 0.058069 2.108399
0.368494 0.056806 2.127852
0.387723 0.038675 2.224995
0.391471 -0.054125 2.236222
0.407410 -0.030868 2.244751
0.406592 0.029473 2.137402
0.397642 0.056683 2.136838
0.421340 0.003926 2.090106
0.418167 -0.001855 2.074970
0.404990 -0.059930 2.206951
0.400015 -0.042745 2.201820
-0.347464 -0.044622 1.998605
-0.348471 -0.086226 1.999144
-0.340877 -0.212347 2.058288
-0.338849 -0.206595 2.091200
-0.431189 -0.063883 2.236269
-0.432695 -0.046285 2.220680
-0.315154 -0.197771 2.083694
-0.296643 -0.181543 2.062429
-0.326266 0.017913 2.135861
-0.305913 -0.003220 2.134745
-0.369505 -0.077062 2.157456
-0.369087 -0.087880 2.159645
0.333435 -0.082035 2.008609
0.356289 -0.089148 2.000792
0.327409 -0.210270 2.122391
0.342717 -0.208483 2.124318
0.418462 -0.059522 2.227916
0.420508 -0.059007 2.229924
0.267680 -0.019306 2.035109
0.272110 -0.034859 2.048865
0.311627 -0.075737 2.116814
0.325852 -0.067550 2.126146
-0.259352 0.046940 1.928635
-0.276009 0.120857 1.984339
-0.245728 0.086471 1.878353
-0.247735 0.066374 1.871312
0.269912 0.046940 1.928635
0.279312 0.035920 1.947745
0.282622 0.049963 1.962866
0.284304 0.029525 1.952110
-0.020434 0.258719 2.016561
-0.022850 0.246290 2.019555
-0.181125 0.216867 1.889809
-0.213340 0.163848 1.863610
-0.261347 0.023964 1.846138
-0.265553 -0.007765 1.841456
-0.205537 -0.149510 1.840909
-0.170149 -0.178783 1.854358
-0.108005 0.263813 2.080708
-0.110503 0.280695 2.078141
-0.255022 0.158263 2.064062
-0.259654 0.138779 2.044396
0.035132 0.281166 2.052985
0.031949 0.284116 2.034271
0.180899 0.269905 1.930291
0.202061 0.229653 1.889122
0.283481 0.057223 1.847041
0.291265 0.023577 1.843502
0.246810 -0.116716 1.833433
0.216773 -0.149519 1.840914
0.076022 -0.226596 1.899812
0.071618 -0.213730 1.895771
0.230009 0.189023 1.947406
0.239950 0.201057 1.949235
0.264558 0.182966 1.982560
0.285459 0.126309 2.006574
0.253971 0.180189 1.987001
0.259770 0.190250 1.972904
0.266282 0.198887 1.998620
0.258057 0.192939 2.002666
0.226688 0.188035 1.957824
0.240621 0.209688 1.952424
0.224978 0.171569 1.912037
0.243034 0.170690 1.943570
-0.260154 0.200318 1.999140
-0.248955 0.198762 2.004055
-0.211696 0.241587 1.962563
-0.205555 0.250332 1.966368
-0.212634 0.228990 1.972408
-0.247414 0.189469 1.986928
-0.231516 0.237341 1.906839
-0.226684 0.221351 1.920763
-0.265769 -0.144153 2.240361
-0.220821 -0.140031 2.259720
0.283987 0.103050 2.119716
0.289348 0.080851 2.088048
0.276550 0.014730 2.002898
0.312624 -0.009931 2.037410
0.104892 -0.003186 2.299660
0.087594 0.020150 2.290345
-0.453246 0.054318 2.035176
-0.483650 0.060941 2.008738
0.341993 0.036042 2.081050
0.360867 0.031208 2.052070
0.627642 -0.116451 1.948738
0.609658 -0.124369 1.928596
98 99
70 71
100 101
104 105
74 75
0 1
72 73
20 21
68 69
32 33
29 30
17 18
38 39
675 676
10 11
22 23
4 5
64 65
62 63
34 35
36 37
2 3
48 49
94 95
27 28
51 52
58 59
88 89
76 77
561 562
46 47
523 524
82 83
102 103
106 107
84 85
8 9
56 57
96 97
505 506
26 40
355 356
352 353
1023 1024
44 45
86 87
24 25
31 43
54 55
585 586
587 588
60 61
593 594
241 242
557 558
475 476
41 42
583 584
471 472
597 598
527 528
78 79
479 480
239 240
535 536
935 936
66 67
1025 1026
80 81
1133 1134
677 678
615 616
949 950
365 366
609 610
481 482
195 196
189 190
243 244
177 178
529 530
639 640
245 246
603 604
599 600
577 578
350 354
865 866
687 688
601 602
531 532
943 944
211 212
1015 1016
183 184
181 182
224 225
413 414
230 231
727 728
1065 1066
737 738
12 13
467 468
627 629
141 146
1143 1144
15 16
647 648
411 412
1165 1166
945 946
789 790
1067 1068
493 494
719 720
611 612
209 210
939 940
941 942
763 764
655 656
605 606
777 778
613 614
1019 1020
1017 1018
831 832
501 502
1155 1156
375 376
393 394
50 53
725 726
767 768
1027 1028
841 842
947 948
635 636
459 460
497 498
753 754
401 402
477 478
875 876
745 746
773 774
128 129
453 454
779 780
487 488
473 474
213 214
540 541
235 236
132 133
14 19
320 321
617 618
543 544
1187 1188
1021 1022
191 192
499 500
827 828
1179 1180
937 938
673 674
1069 1070
683 684
489 490
207 208
136 137
1051 1052
959 960
545 546
140 146
549 550
681 682
565 566
863 864
515 516
775 776
507 508
651 652
485 486
933 934
1071 1072
415 426
1059 1060
519 520
517 518
555 556
1183 1184
963 964
418 419
1049 1050
607 608
1047 1048
233 234
739 740
513 514
221 222
709 710
793 794
571 572
1147 1148
1013 1014
293 294
249 250
165 166
161 162
625 626
915 916
669 670
215 216
717 718
967 968
685 686
1159 1160
124 125
696 698
643 644
1083 1084
1045 1046
138 139
1003 1004
461 462
228 229
525 526
465 466
134 135
689 690
287 288
1057 1058
1037 1038
987 988
1011 1012
563 564
167 168
1111 1112
667 668
1191 1192
201 202
1041 1042
144 145
169 170
197 198
1185 1186
671 672
338 339
433 434
110 111
247 248
90 91
553 554
511 512
130 131
6 7
631 632
851 852
985 986
405 406
849 850
907 908
961 962
751 752
821 822
797 798
334 335
699 700
855 856
1073 1074
1173 1174
957 958
731 732
715 716
538 539
383 384
661 662
979 980
155 156
163 164
175 176
879 880
881 882
1063 1064
431 432
407 408
359 360
420 421
373 374
391 392
377 378
395 396
977 978
1193 1194
1005 1006
1157 1158
1039 1040
729 730
853 854
765 766
1035 1036
521 522
142 143
877 878
281 282
663 664
965 966
92 93
1113 1114
328 329
621 622
825 826
251 252
971 972
575 576
361 362
983 984
735 736
619 620
1086 1087
344 345
705 706
322 323
285 286
389 390
371 372
1098 1099
1117 1118
348 349
633 634
1145 1146
899 900
813 814
953 954
118 119
126 127
637 638
332 333
901 902
226 227
691 692
1031 1032
223 232
397 398
255 256
399 400
381 382
379 380
701 702
623 624
1055 1056
867 868
427 428
1189 1190
203 204
1033 1034
1097 1102
955 956
429 430
757 758
991 992
1103 1104
679 680
1119 1120
839 840
463 464
759 760
749 750
973 974
975 976
122 123
1105 1106
695 697
897 898
628 630
311 312
1043 1044
659 660
1195 1196
913 914
1151 1152
595 596
951 952
883 884
205 206
893 894
743 744
590 591
589 592
369 370
387 388
409 410
187 188
771 772
969 970
721 722
1085 1088
703 704
665 666
1171 1172
363 364
439 440
253 254
1089 1090
403 404
346 347
567 568
1001 1002
537 542
509 510
1123 1124
645 646
261 262
1093 1094
351 356
1075 1076
921 922
120 121
869 870
114 115
581 582
835 836
1137 1138
1029 1030
845 846
993 994
885 886
761 762
1115 1116
503 504
342 343
416 417
1139 1140
299 300
843 844
336 337
787 788
1053 1054
723 724
326 327
923 924
435 436
1091 1092
711 712
747 748
579 580
919 920
911 912
1181 1182
1135 1136
997 998
1129 1130
547 548
693 694
799 800
340 341
795 796
573 574
641 642
889 890
330 331
1100 1101
265 266
707 708
847 848
829 830
422 423
357 358
469 470
424 425
1009 1010
1095 1096
733 734
199 200
1153 1154
443 444
1131 1132
551 552
1109 1110
219 220
217 218
437 438
495 496
1167 1168
533 534
367 368
385 386
653 654
483 484
451 452
807 808
891 892
1149 1150
569 570
917 918
819 820
559 560
809 810
455 456
995 996
159 160
1107 1108
267 268
1061 1062
929 930
193 194
887 888
801 802
273 274
1163 1164
491 492
112 113
1125 1126
457 458
1077 1078
1081 1082
931 932
803 804
257 258
1007 1008
981 982
903 904
713 714
895 896
741 742
769 770
1161 1162
999 1000
185 186
277 278
179 180
925 926
297 298
905 906
805 806
755 756
305 306
447 448
649 650
275 276
1141 1142
171 172
781 782
316 317
295 296
324 325
1175 1176
237 238
817 818
259 260
791 792
441 442
153 154
811 812
815 816
445 446
989 990
1177 1178
1121 1122
1169 1170
173 174
147 148
315 316
871 872
279 280
873 874
837 838
783 784
1079 1080
657 658
449 450
785 786
302 303
301 304
283 284
263 264
859 860
833 834
318 319
108 109
861 862
823 824
270 271
291 292
307 309
289 290
116 117
149 150
151 152
857 858
157 158
927 928
313 314
308 310
269 272
1127 1128
909 910
