6492753855735738618 1951 1900
0.149712 -0.505930 0.924828
0.075789 -0.524590 0.948847
0.064470 -0.524590 0.926632
0.046840 -0.524590 0.909002
0.024625 -0.524590 0.897683
0.000000 -0.524590 0.893783
-0.024625 -0.524590 0.897683
-0.046840 -0.524590 0.909002
-0.064470 -0.524590 0.926632
-0.075789 -0.524590 0.948847
-0.079690 -0.524590 0.973473
-0.075789 -0.524590 0.998098
-0.064470 -0.524590 1.020313
-0.046840 -0.524590 1.037943
-0.024625 -0.524590 1.049262
-0.000000 -0.524590 1.053162
0.024625 -0.524590 1.049262
0.046840 -0.524590 1.037943
0.064470 -0.524590 1.020313
0.075789 -0.524590 0.998098
0.079690 -0.524590 0.973473
0.075789 -0.524590 0.948847
0.149712 -0.505930 0.924828
0.219949 -0.475339 0.902007
0.219949 -0.475339 0.902007
0.284770 -0.433573 0.880945
0.284770 -0.433573 0.880945
0.342579 -0.381659 0.862162
0.391952 -0.320875 0.846120
0.391952 -0.320875 0.846120
0.431675 -0.252718 0.833213
0.431675 -0.252718 0.833213
0.460768 -0.178867 0.823760
0.460768 -0.178867 0.823760
0.478515 -0.101140 0.817994
0.478515 -0.101140 0.817994
0.484480 -0.021450 0.816056
0.478515 0.058239 0.817994
0.478515 0.058239 0.817994
0.460768 0.135967 0.823760
0.460768 0.135967 0.823760
0.431675 0.209818 0.833213
0.431675 0.209818 0.833213
0.391952 0.277975 0.846120
0.342579 0.338758 0.862162
0.342579 0.338758 0.862162
0.284770 0.390673 0.880945
0.284770 0.390673 0.880945
0.219949 0.432439 0.902007
0.219949 0.432439 0.902007
0.149712 0.463029 0.924828
0.149712 0.463029 0.924828
0.075789 0.481690 0.948847
0.064470 0.481690 0.926632
0.046840 0.481690 0.909002
0.024625 0.481690 0.897683
-0.000000 0.481690 0.893783
-0.024625 0.481690 0.897683
-0.046840 0.481690 0.909002
-0.064470 0.481690 0.926632
-0.075789 0.481690 0.948847
-0.079690 0.481690 0.973473
-0.075789 0.481690 0.998098
-0.064470 0.481690 1.020313
-0.046840 0.481690 1.037943
-0.024625 0.481690 1.049262
-0.000000 0.481690 1.053162
0.024625 0.481690 1.049262
0.046840 0.481690 1.037943
0.064470 0.481690 1.020313
0.075789 0.481690 0.998098
0.079690 0.481690 0.973473
0.075789 0.481690 0.948847
0.000000 -0.530862 0.973473
0.000000 -0.530862 0.973473
0.000000 -0.530862 0.973473
0.000000 -0.530862 0.973473
0.000000 -0.530862 0.973473
0.000000 -0.530862 0.973473
0.000000 -0.530862 0.973473
0.000000 -0.530862 0.973473
0.000000 -0.530862 0.973473
0.000000 -0.530862 0.973473
0.000000 -0.530862 0.973473
0.000000 -0.530862 0.973473
0.000000 -0.530862 0.973473
0.000000 -0.530862 0.973473
0.000000 -0.530862 0.973473
0.000000 -0.530862 0.973473
0.000000 -0.530862 0.973473
0.000000 -0.530862 0.973473
0.000000 -0.530862 0.973473
0.000000 -0.530862 0.973473
-0.000000 0.487962 0.973473
-0.000000 0.487962 0.973473
-0.000000 0.487962 0.973473
-0.000000 0.487962 0.973473
-0.000000 0.487962 0.973473
-0.000000 0.487962 0.973473
-0.000000 0.487962 0.973473
-0.000000 0.487962 0.973473
-0.000000 0.487962 0.973473
-0.000000 0.487962 0.973473
-0.000000 0.487962 0.973473
-0.000000 0.487962 0.973473
-0.000000 0.487962 0.973473
-0.000000 0.487962 0.973473
-0.000000 0.487962 0.973473
-0.000000 0.487962 0.973473
-0.000000 0.487962 0.973473
-0.000000 0.487962 0.973473
-0.000000 0.487962 0.973473
-0.000000 0.487962 0.973473
-0.000512 0.001182 0.010840
-0.000287 0.001241 0.010811
-0.000740 0.001129 0.010839
-0.000340 0.001272 0.009915
-0.000344 0.001260 0.009512
-0.000322 0.001240 0.009092
-0.000273 0.001230 0.008786
-0.000155 0.001223 0.008600
-0.000032 -0.000378 0.008010
-0.000078 -0.000069 0.007771
0.000017 -0.000050 0.007997
0.000005 -0.000731 0.008112
-0.000010 -0.001061 0.008325
0.000002 -0.001394 0.008586
0.000010 -0.001557 0.008880
0.000011 -0.001636 0.009223
-0.001010 0.001152 0.010581
-0.000853 0.001157 0.010855
-0.001000 0.001080 0.010849
-0.001143 0.001126 0.010502
-0.001437 0.000990 0.010428
-0.001796 -0.000021 0.010278
-0.001844 -0.000035 0.010055
-0.001262 0.000875 0.010878
-0.001558 0.000526 0.010896
-0.001627 0.000007 0.010919
-0.001722 -0.000012 0.010585
-0.001596 0.000268 0.010912
-0.000053 0.001285 0.008644
-0.000026 0.001168 0.008509
-0.000142 0.001290 0.008673
-0.000244 0.001283 0.010822
-0.000217 0.001299 0.008822
0.000004 -0.001437 0.010123
-0.000012 -0.001299 0.010411
-0.000010 -0.001147 0.010706
-0.000326 -0.000976 0.010997
-0.000011 -0.000967 0.010995
-0.001844 -0.000035 0.010055
-0.001796 -0.000021 0.010278
-0.000829 -0.000935 0.010937
-0.000626 -0.000972 0.010940
-0.001441 -0.000606 0.010886
-0.001241 -0.000796 0.010884
-0.001585 -0.000376 0.010907
-0.001722 -0.000012 0.010585
-0.001610 -0.000182 0.010916
-0.001627 0.000007 0.010919
-0.001207 -0.001338 0.008560
-0.001468 -0.001192 0.008716
-0.001665 0.000963 0.009101
-0.001933 -0.000125 0.009026
-0.001883 -0.000115 0.009393
-0.001848 -0.000080 0.009779
-0.001848 -0.000080 0.009779
-0.001883 -0.000115 0.009393
-0.001933 -0.000125 0.009026
-0.002024 -0.000131 0.008711
-0.001714 0.000995 0.008772
-0.000628 -0.001434 0.008481
-0.001753 0.001007 0.008463
-0.000653 -0.001319 0.008180
-0.002101 -0.000147 0.008422
-0.000258 0.001097 0.008213
-0.000255 0.000476 0.007259
-0.000407 0.001030 0.007786
-0.001845 0.001005 0.007566
-0.001810 0.001029 0.008027
-0.000144 -0.000084 0.007515
-0.000222 -0.000105 0.007221
-0.002172 -0.000198 0.008056
-0.002239 -0.000236 0.007643
-0.002172 -0.000198 0.008056
-0.002239 -0.000236 0.007643
-0.000222 -0.000105 0.007221
-0.001377 -0.001326 0.007038
-0.001372 -0.001386 0.006614
-0.001148 -0.001374 0.006559
-0.001934 0.000934 0.006723
-0.001894 0.000973 0.007135
-0.000455 0.000286 0.006453
-0.000395 0.000362 0.006873
-0.000406 0.000041 0.006429
-0.000895 0.000838 0.006565
-0.000712 0.000673 0.006519
-0.001194 0.000996 0.006619
-0.002157 0.000582 0.006767
-0.002270 0.000191 0.006798
-0.000941 -0.001274 0.006556
-0.000743 -0.001072 0.006520
-0.000602 -0.000799 0.006498
-0.002180 -0.000489 0.006790
-0.002025 -0.000804 0.006758
-0.000517 -0.000498 0.006517
-0.001804 -0.001035 0.006716
-0.002275 -0.000133 0.006807
-0.000437 -0.000197 0.006477
-0.000325 -0.000160 0.006837
-0.002239 -0.000249 0.007225
-0.000325 -0.000160 0.006837
-0.000437 -0.000197 0.006477
-0.002228 -0.000253 0.006810
-0.000563 0.000489 0.006484
-0.000087 0.001354 0.010389
-0.000076 0.001297 0.010839
-0.000099 0.001375 0.009917
-0.000099 0.001379 0.009529
-0.000102 0.001363 0.009112
-0.000090 0.001327 0.008811
-0.000006 0.001052 0.008388
-0.000006 0.000823 0.008232
0.000005 0.000574 0.008078
0.000005 0.000314 0.008053
-0.000004 0.000165 0.008094
0.000017 -0.000050 0.007997
0.000281 0.001244 0.010820
0.000651 0.001169 0.010826
0.000900 0.001150 0.010845
0.000488 0.001347 0.008571
0.000227 0.001349 0.008733
0.000106 0.001181 0.008517
-0.000032 -0.000378 0.008010
0.000017 -0.000050 0.007997
0.000115 -0.000065 0.007794
0.000180 -0.000430 0.007812
0.000005 -0.000731 0.008112
0.000256 -0.000762 0.007991
-0.000010 -0.001061 0.008325
0.000002 -0.001394 0.008586
0.000309 -0.001555 0.008867
0.000010 -0.001557 0.008880
0.000263 -0.001631 0.009211
0.000011 -0.001636 0.009223
0.000958 0.001124 0.010859
0.001105 0.001150 0.010627
0.001082 0.001055 0.010875
0.001238 0.001038 0.010657
0.001203 0.001127 0.010543
0.001453 0.000993 0.010456
0.001797 -0.000019 0.010333
0.001837 -0.000028 0.010132
0.001286 0.000877 0.010860
0.001374 0.000874 0.010671
0.001525 0.000607 0.010891
0.001648 -0.000004 0.010913
0.001627 0.000302 0.010905
-0.000026 0.001168 0.008509
-0.000053 0.001285 0.008644
0.000082 0.001294 0.010827
0.000004 -0.001437 0.010123
-0.000012 -0.001299 0.010411
-0.000010 -0.001147 0.010706
0.000233 -0.000975 0.010985
-0.000011 -0.000967 0.010995
0.001837 -0.000028 0.010132
0.000829 -0.000932 0.010935
0.000552 -0.000950 0.010963
0.001259 -0.000774 0.010919
0.001445 -0.000607 0.010895
0.001544 -0.000428 0.010894
0.001058 -0.000884 0.010924
0.001719 -0.000011 0.010590
0.001648 -0.000004 0.010913
0.001124 -0.001420 0.008612
0.001445 -0.001228 0.008783
0.001814 0.000649 0.009862
0.001883 0.000659 0.009480
0.001677 0.000969 0.009100
0.001992 -0.000125 0.009044
0.001932 -0.000082 0.009400
0.001842 -0.000064 0.009794
0.001842 -0.000064 0.009794
0.001932 -0.000082 0.009400
0.001992 -0.000125 0.009044
0.002077 -0.000191 0.008742
0.001734 0.000991 0.008747
0.000932 -0.001475 0.008415
0.002077 -0.000191 0.008742
0.001184 -0.001449 0.008415
0.002113 -0.000247 0.008433
0.000604 0.001266 0.008258
0.002025 0.000692 0.008038
0.002018 0.000649 0.007616
0.000732 0.001038 0.007926
0.001229 -0.001168 0.007827
0.001333 -0.001188 0.007432
0.000196 -0.000079 0.007534
0.000244 -0.000103 0.007233
0.002071 -0.000325 0.008069
0.002079 -0.000373 0.007634
0.001559 -0.001056 0.007899
0.002079 -0.000373 0.007634
0.002071 -0.000325 0.008069
0.000244 -0.000103 0.007233
0.000196 -0.000079 0.007534
0.000115 -0.000065 0.007794
0.001349 -0.001164 0.007001
0.001107 -0.001193 0.006924
0.001376 -0.001389 0.006629
0.001110 -0.001387 0.006561
0.001778 0.000741 0.006737
0.001518 0.000877 0.006683
0.000529 0.000246 0.006492
0.000482 0.000061 0.006525
0.000952 0.000765 0.006588
0.000790 0.000586 0.006556
0.001201 0.000875 0.006644
0.002023 0.000476 0.006803
0.002241 0.000120 0.006807
0.000771 -0.001067 0.006525
0.000897 -0.001132 0.006904
0.000911 -0.001294 0.006545
0.000679 -0.000737 0.006515
0.002013 -0.000767 0.007162
0.002088 -0.000543 0.006789
0.001947 -0.000821 0.006747
0.000520 -0.000507 0.006515
0.001810 -0.000977 0.006759
0.002209 -0.000247 0.006822
0.000422 -0.000190 0.006495
0.000334 -0.000148 0.006845
0.001619 -0.001168 0.006674
0.002133 -0.000383 0.006810
0.002102 -0.000387 0.007216
0.000334 -0.000148 0.006845
0.000422 -0.000190 0.006495
0.002102 -0.000387 0.007216
0.002133 -0.000383 0.006810
0.000651 0.000422 0.006526
-0.000087 0.001354 0.010389
-0.000076 0.001297 0.010839
-0.000099 0.001375 0.009917
-0.000099 0.001379 0.009529
-0.000102 0.001363 0.009112
-0.000090 0.001327 0.008811
-0.000006 0.001052 0.008388
-0.000006 0.000823 0.008232
0.000005 0.000574 0.008078
0.000005 0.000314 0.008053
0.000017 -0.000050 0.007997
-0.000004 0.000165 0.008094
0.000004 0.000158 0.010769
-0.000287 0.001241 0.010811
-0.000512 0.001182 0.010840
0.000004 0.000158 0.010769
-0.000740 0.001129 0.010839
0.000004 0.000158 0.010769
-0.000853 0.001157 0.010855
0.000004 0.000158 0.010769
-0.001000 0.001080 0.010849
0.000004 0.000158 0.010769
-0.001262 0.000875 0.010878
-0.001558 0.000526 0.010896
0.000004 0.000158 0.010769
-0.001596 0.000268 0.010912
0.000004 0.000158 0.010769
-0.001627 0.000007 0.010919
0.000004 0.000158 0.010769
-0.000244 0.001283 0.010822
0.000004 0.000158 0.010769
-0.000626 -0.000972 0.010940
-0.000326 -0.000976 0.010997
0.000004 0.000158 0.010769
-0.001053 -0.000877 0.010913
-0.000829 -0.000935 0.010937
0.000004 0.000158 0.010769
0.000004 0.000158 0.010769
-0.001585 -0.000376 0.010907
-0.001441 -0.000606 0.010886
0.000004 0.000158 0.010769
-0.001241 -0.000796 0.010884
0.000004 0.000158 0.010769
0.000004 0.000158 0.010769
-0.001610 -0.000182 0.010916
-0.001313 -0.000185 0.006805
-0.001148 -0.001374 0.006559
-0.001372 -0.001386 0.006614
-0.001313 -0.000185 0.006805
-0.001934 0.000934 0.006723
-0.001548 0.001038 0.006655
-0.001313 -0.000185 0.006805
-0.000455 0.000286 0.006453
-0.000406 0.000041 0.006429
-0.001313 -0.000185 0.006805
-0.000895 0.000838 0.006565
-0.000712 0.000673 0.006519
-0.001313 -0.000185 0.006805
-0.001194 0.000996 0.006619
-0.001313 -0.000185 0.006805
-0.002270 0.000191 0.006798
-0.002157 0.000582 0.006767
-0.001313 -0.000185 0.006805
-0.000743 -0.001072 0.006520
-0.000941 -0.001274 0.006556
-0.001313 -0.000185 0.006805
-0.000602 -0.000799 0.006498
-0.001313 -0.000185 0.006805
-0.002025 -0.000804 0.006758
-0.002180 -0.000489 0.006790
-0.001313 -0.000185 0.006805
-0.001313 -0.000185 0.006805
-0.000517 -0.000498 0.006517
-0.001313 -0.000185 0.006805
-0.001804 -0.001035 0.006716
-0.001313 -0.000185 0.006805
-0.002275 -0.000133 0.006807
-0.001313 -0.000185 0.006805
-0.000437 -0.000197 0.006477
-0.001313 -0.000185 0.006805
-0.001587 -0.001258 0.006666
-0.001313 -0.000185 0.006805
-0.002228 -0.000253 0.006810
-0.001313 -0.000185 0.006805
-0.001313 -0.000185 0.006805
-0.001313 -0.000185 0.006805
-0.001313 -0.000185 0.006805
-0.000563 0.000489 0.006484
-0.001313 -0.000185 0.006805
0.000004 0.000158 0.010769
-0.000076 0.001297 0.010839
0.000004 0.000158 0.010769
0.000651 0.001169 0.010826
0.000281 0.001244 0.010820
0.000004 0.000158 0.010769
0.000900 0.001150 0.010845
0.000958 0.001124 0.010859
0.000004 0.000158 0.010769
0.001082 0.001055 0.010875
0.000004 0.000158 0.010769
0.001286 0.000877 0.010860
0.001525 0.000607 0.010891
0.000004 0.000158 0.010769
0.001627 0.000302 0.010905
0.000004 0.000158 0.010769
0.001648 -0.000004 0.010913
0.000004 0.000158 0.010769
0.000082 0.001294 0.010827
0.000004 0.000158 0.010769
-0.000011 -0.000967 0.010995
0.000233 -0.000975 0.010985
0.000004 0.000158 0.010769
0.000552 -0.000950 0.010963
0.000004 0.000158 0.010769
0.000829 -0.000932 0.010935
0.001058 -0.000884 0.010924
0.000004 0.000158 0.010769
0.000004 0.000158 0.010769
0.001445 -0.000607 0.010895
0.001544 -0.000428 0.010894
0.000004 0.000158 0.010769
0.001259 -0.000774 0.010919
0.000004 0.000158 0.010769
0.000004 0.000158 0.010769
0.001611 -0.000184 0.010911
0.000004 0.000158 0.010769
0.001301 -0.000234 0.006824
0.001376 -0.001389 0.006629
0.001110 -0.001387 0.006561
0.001301 -0.000234 0.006824
0.001518 0.000877 0.006683
0.001778 0.000741 0.006737
0.001301 -0.000234 0.006824
0.000482 0.000061 0.006525
0.000529 0.000246 0.006492
0.001301 -0.000234 0.006824
0.000790 0.000586 0.006556
0.000952 0.000765 0.006588
0.001301 -0.000234 0.006824
0.001201 0.000875 0.006644
0.001301 -0.000234 0.006824
0.002023 0.000476 0.006803
0.002241 0.000120 0.006807
0.001301 -0.000234 0.006824
0.000911 -0.001294 0.006545
0.000771 -0.001067 0.006525
0.001301 -0.000234 0.006824
0.000679 -0.000737 0.006515
0.001301 -0.000234 0.006824
0.002088 -0.000543 0.006789
0.001947 -0.000821 0.006747
0.001301 -0.000234 0.006824
0.001301 -0.000234 0.006824
0.000520 -0.000507 0.006515
0.001301 -0.000234 0.006824
0.001810 -0.000977 0.006759
0.002209 -0.000247 0.006822
0.000422 -0.000190 0.006495
0.001301 -0.000234 0.006824
0.001619 -0.001168 0.006674
0.001301 -0.000234 0.006824
0.002133 -0.000383 0.006810
0.001301 -0.000234 0.006824
0.001301 -0.000234 0.006824
0.001301 -0.000234 0.006824
0.000651 0.000422 0.006526
0.001301 -0.000234 0.006824
0.001301 -0.000234 0.006824
0.001301 -0.000234 0.006824
0.000004 0.000158 0.010769
0.000004 0.000158 0.010769
-0.000614 0.001044 0.010279
0.000663 -0.000455 0.010019
0.000785 -0.000409 0.010216
0.000819 -0.000693 0.010522
0.001140 -0.000495 0.010464
-0.001677 0.000475 0.010838
0.000160 -0.001104 0.011032
-0.000088 -0.001024 0.010613
0.001310 -0.000762 0.010834
0.001124 -0.000882 0.010870
0.001320 -0.000862 0.011124
0.000917 0.001013 0.010771
0.000838 0.001169 0.010802
0.000543 0.001215 0.010802
-0.001787 0.000297 0.011170
-0.001761 0.000428 0.011076
-0.001748 0.000078 0.010838
-0.001783 0.000229 0.011199
-0.001697 0.000150 0.011150
-0.001783 0.000229 0.011199
-0.001785 0.000244 0.011192
-0.001787 0.000283 0.011176
-0.001825 0.000208 0.011208
-0.001785 0.000244 0.011192
-0.000715 -0.001137 0.011122
-0.000236 -0.001133 0.011012
-0.000354 -0.001203 0.011440
0.000608 -0.001025 0.011091
0.000592 -0.001111 0.011188
0.000563 -0.001133 0.011175
-0.001499 0.000539 0.011473
-0.001586 0.000294 0.011285
-0.001334 0.000363 0.011404
-0.001054 0.000724 0.011184
-0.001139 0.000494 0.011311
0.000563 -0.001133 0.011175
0.000609 -0.001080 0.011218
0.000608 -0.001025 0.011091
0.000548 -0.001055 0.011091
0.000609 -0.001080 0.011218
0.000547 -0.001100 0.011248
0.000547 -0.001100 0.011248
0.000609 -0.001080 0.011218
0.000547 -0.001100 0.011248
0.000593 -0.001038 0.011268
0.000548 -0.001055 0.011091
0.000609 -0.001080 0.011218
0.000302 0.001400 0.011257
-0.000079 0.001333 0.011141
0.000547 -0.001100 0.011248
0.000989 0.000968 0.011217
0.000765 0.001030 0.010932
-0.000713 -0.001155 0.011358
-0.000387 -0.001128 0.011418
-0.000271 -0.000807 0.011319
-0.000368 -0.000896 0.011207
-0.000218 -0.000929 0.011356
0.001083 -0.000878 0.011197
0.001140 -0.001052 0.011453
0.001346 -0.000780 0.011335
0.000969 -0.000804 0.011400
0.001083 -0.000878 0.011197
0.001086 -0.000810 0.011250
0.000534 -0.001235 0.011446
-0.000819 0.000385 0.011385
-0.000752 0.000416 0.011199
-0.001070 0.000201 0.011364
0.000056 0.001369 0.011145
0.000164 0.001396 0.011203
0.000520 -0.001179 0.011442
0.000752 -0.000909 0.011198
0.000819 -0.000878 0.011389
0.000449 -0.000991 0.011354
0.001193 0.001048 0.010866
0.001091 0.001194 0.011271
0.000241 -0.001159 0.011478
0.000547 -0.001100 0.011248
0.000267 -0.001032 0.011378
-0.000682 0.000402 0.011260
-0.000716 0.000358 0.011397
-0.000600 0.000250 0.011293
-0.000877 -0.000491 0.011474
-0.001002 -0.000449 0.011538
-0.001346 -0.000332 0.011555
-0.001303 -0.000493 0.011592
-0.001198 -0.000357 0.011660
0.001171 0.001127 0.011183
0.000914 0.001213 0.010957
0.001297 0.001039 0.011138
0.001171 0.001127 0.011183
0.001171 0.001127 0.011183
0.000826 0.001313 0.011342
0.000671 0.001336 0.011351
0.001171 0.001127 0.011183
0.001256 0.001102 0.011161
0.000519 0.001416 0.011381
0.000588 0.001396 0.011268
0.001681 -0.000583 0.011380
0.001702 -0.000512 0.011457
0.001696 -0.000499 0.011454
0.001704 -0.000458 0.011387
0.001696 -0.000499 0.011454
0.001644 -0.000423 0.011346
0.001652 -0.000482 0.011480
0.001702 -0.000512 0.011457
0.001697 -0.000490 0.011553
0.001654 -0.000205 0.011669
0.001030 0.000681 0.011394
0.000973 0.000861 0.011334
0.001556 0.000557 0.011514
-0.000338 -0.000515 0.011733
-0.000398 -0.000595 0.011675
0.000495 -0.000606 0.011698
0.000447 -0.000528 0.011746
0.001630 0.000256 0.011755
0.000842 -0.000201 0.011904
0.000775 -0.000338 0.011904
0.000197 -0.000459 0.011863
0.000064 -0.000412 0.011911
-0.000232 -0.000478 0.011811
-0.000212 -0.000528 0.011765
-0.000104 -0.000464 0.011847
0.000790 0.000393 0.011964
0.000898 0.000441 0.011872
-0.000035 -0.000322 0.011952
0.000299 -0.000333 0.012183
0.000429 -0.000356 0.012171
0.000208 -0.000143 0.012193
0.000367 -0.000160 0.012185
0.000365 -0.000062 0.012148
-0.001284 0.001044 0.011079
-0.001126 0.001070 0.010982
-0.001230 0.000996 0.010711
-0.000244 0.000904 0.011145
-0.000357 0.000992 0.011259
-0.000188 0.000780 0.011367
0.000358 0.000740 0.011622
0.000274 0.000842 0.011532
-0.000636 0.001105 0.011125
-0.000526 0.001031 0.011176
-0.000506 0.001143 0.010981
0.001164 0.000043 0.011700
0.001272 -0.000176 0.011681
0.001226 0.000474 0.011765
0.001169 0.000445 0.011639
0.000996 0.000603 0.011784
-0.000526 -0.000374 0.011732
-0.000612 -0.000417 0.011653
-0.000526 -0.000374 0.011732
-0.000489 -0.000137 0.011816
-0.000578 -0.000306 0.011827
0.000801 0.000156 0.012106
0.000944 0.000270 0.012095
0.001257 0.000301 0.011614
0.001246 0.000234 0.011869
-0.000882 0.000729 0.011139
-0.000991 0.000856 0.011306
-0.000530 0.000498 0.011403
-0.000486 0.000352 0.011394
-0.000507 0.000590 0.011544
-0.000489 -0.000137 0.011816
-0.000202 -0.000050 0.011899
-0.000073 0.000575 0.011719
0.001485 -0.000105 0.011468
0.001599 -0.000084 0.011645
0.001466 0.000125 0.011382
0.001594 0.000264 0.011691
0.000011 0.000292 0.011882
-0.000074 0.000247 0.012003
0.000188 0.000270 0.012164
0.000370 0.000190 0.012086
0.000333 0.000315 0.011972
-0.000612 -0.000417 0.011653
-0.001257 -0.000335 0.011680
-0.001267 -0.000387 0.011767
-0.001312 -0.000677 0.010725
0.000060 0.000616 0.011621
-0.000224 0.000752 0.011563
-0.000032 0.000702 0.011671
-0.000204 0.000622 0.011405
-0.000433 0.000590 0.011420
-0.000401 0.000692 0.011514
0.000448 0.000038 0.012138
-0.000014 0.000066 0.012221
0.000454 -0.000175 0.012167
0.000427 -0.000126 0.012121
0.000507 -0.000249 0.012154
-0.001167 -0.000030 0.011746
-0.001070 -0.000126 0.011835
-0.000658 0.001314 0.011332
-0.000799 0.001226 0.011355
-0.001297 0.000838 0.011058
-0.001381 0.000787 0.011207
-0.001177 0.000929 0.010999
0.000185 -0.000708 0.011602
0.000329 -0.000755 0.011523
-0.000069 -0.000852 0.011421
0.000137 -0.000924 0.011444
-0.001550 -0.000278 0.011652
-0.001387 -0.000417 0.011601
-0.001396 -0.000309 0.011447
0.001201 -0.000574 0.011457
0.001054 -0.000566 0.011697
0.001502 -0.000462 0.011373
-0.001142 -0.000689 0.011393
-0.001249 -0.000685 0.011610
-0.001193 -0.000770 0.011443
-0.001365 -0.000645 0.011569
-0.001269 -0.000749 0.011475
-0.001289 -0.000198 0.011822
-0.001141 -0.000186 0.011770
-0.001336 -0.000100 0.011712
-0.001537 -0.000162 0.011264
-0.001380 0.000023 0.011154
-0.001497 0.000087 0.011221
-0.000147 0.000060 0.011909
-0.000039 -0.000055 0.012023
-0.000145 0.000198 0.011834
-0.000432 0.000620 0.011627
-0.000399 0.000320 0.011487
-0.000334 0.000393 0.011623
-0.000717 -0.000394 0.011625
-0.000812 -0.000432 0.011559
0.001255 0.000096 0.011700
0.001164 0.000043 0.011700
0.001297 0.000045 0.011620
0.000910 0.000093 0.012306
0.000945 -0.000083 0.012280
0.000999 0.000193 0.012229
-0.000985 -0.000085 0.009867
-0.000760 -0.000120 0.009849
-0.001340 -0.000366 0.010129
0.000842 -0.000138 0.011987
0.000862 -0.000087 0.012102
0.000754 -0.000011 0.012064
0.000708 -0.000235 0.011977
0.000064 0.001151 0.011134
-0.000160 0.001208 0.011189
-0.000145 0.001106 0.011078
0.000367 0.000943 0.011445
-0.001278 -0.000606 0.011239
-0.001402 -0.000595 0.011104
-0.001298 -0.000659 0.011171
-0.000969 -0.000748 0.010450
0.000120 -0.000307 0.012067
0.000207 -0.000292 0.012135
0.000208 -0.000143 0.012193
-0.001139 0.000094 0.011462
-0.001205 0.000151 0.011560
-0.001032 0.000124 0.011502
-0.001450 -0.000162 0.011282
-0.001323 -0.000078 0.011342
-0.001303 -0.000005 0.011203
0.001503 0.000546 0.011230
0.001418 0.000442 0.011274
0.001569 0.000369 0.011167
-0.001083 0.000730 0.010271
-0.000802 0.000997 0.010277
-0.001123 0.001086 0.010750
-0.000989 0.001213 0.010944
-0.000341 0.000965 0.011463
-0.000367 0.000615 0.011297
-0.000286 0.000853 0.011424
-0.000387 0.000797 0.011253
0.000132 -0.001117 0.010911
0.001100 0.000468 0.011912
0.001020 0.000455 0.011955
0.000974 0.000485 0.011998
-0.001752 0.000374 0.011169
-0.001783 0.000299 0.011173
0.001417 0.000803 0.011053
0.001401 0.000883 0.011145
0.001122 0.001055 0.010869
0.001219 0.000580 0.011320
0.001318 0.000711 0.011155
0.000561 -0.000538 0.010065
0.000573 0.000287 0.009931
-0.001300 0.000144 0.011418
-0.001263 0.000096 0.011494
-0.001203 0.000026 0.011380
0.000645 -0.000650 0.011697
0.000861 -0.000781 0.011679
0.000793 -0.000615 0.011746
0.000685 -0.000487 0.011810
0.000906 -0.000555 0.011717
-0.001226 -0.000586 0.010237
-0.001646 -0.000250 0.011553
0.001345 -0.000650 0.010681
0.001394 -0.000746 0.011038
0.000909 0.000157 0.009942
0.001025 -0.000127 0.010114
-0.001034 -0.000703 0.011233
-0.001070 -0.000791 0.011375
-0.000938 -0.000863 0.011221
-0.000457 -0.000687 0.011202
-0.000390 -0.000733 0.011296
-0.000514 -0.000709 0.011341
-0.000767 -0.000200 0.011916
-0.000848 -0.000283 0.011948
-0.000705 -0.000334 0.011950
-0.000693 -0.000307 0.011940
-0.001351 0.000920 0.011045
-0.001497 0.000087 0.011221
-0.001587 0.000041 0.011170
-0.001537 -0.000162 0.011264
-0.001150 0.000815 0.011221
-0.001059 0.000924 0.011163
-0.000982 -0.000304 0.011838
-0.000838 -0.000319 0.011828
-0.000897 -0.000471 0.011977
0.000988 -0.000114 0.012077
0.001063 -0.000025 0.011955
0.001138 -0.000068 0.012371
0.001120 0.000040 0.012250
0.001101 0.000223 0.012051
-0.001558 0.000493 0.011274
-0.001526 0.000719 0.011223
-0.001601 0.000549 0.011237
-0.001292 0.000753 0.010659
-0.001703 0.000637 0.011132
-0.001466 0.000842 0.010926
-0.000489 -0.000137 0.011816
-0.000769 -0.000122 0.011870
0.000115 -0.001087 0.011348
0.000075 -0.001165 0.011234
0.000215 -0.001191 0.011419
-0.000544 0.000035 0.011661
-0.000439 0.000091 0.011598
-0.000555 0.000144 0.011568
0.000158 0.000583 0.011605
0.000629 0.000422 0.011921
-0.000092 0.001272 0.011088
-0.000207 0.001258 0.011201
-0.000126 0.001299 0.011319
-0.000009 0.001235 0.011176
-0.000652 -0.000655 0.011339
-0.000700 -0.000694 0.011189
-0.000537 -0.000651 0.011253
-0.000821 -0.000523 0.011429
-0.000655 -0.000574 0.011432
-0.000694 -0.000491 0.011449
0.000739 -0.000036 0.010001
-0.001374 -0.000661 0.011464
-0.001448 -0.000522 0.011307
0.000329 -0.000755 0.011523
0.000326 -0.000934 0.011421
0.000492 -0.000901 0.011478
0.000672 -0.000933 0.011475
-0.001593 -0.000320 0.011680
-0.000106 0.000892 0.011261
-0.000062 0.001098 0.011249
0.000653 0.001026 0.011172
0.000536 0.001019 0.011300
0.000625 0.001166 0.011204
0.000540 0.001144 0.011395
0.000470 -0.000380 0.012102
-0.000541 0.000548 0.011260
-0.000504 0.000781 0.011150
-0.001014 0.000423 0.011245
-0.000846 0.000360 0.011149
-0.000904 0.000581 0.011121
0.000347 0.000121 0.012229
0.000417 0.000162 0.012130
0.000642 -0.000128 0.012008
-0.001233 0.000338 0.011379
-0.001212 0.000039 0.011266
-0.001175 0.000133 0.011375
0.001407 0.000235 0.011205
0.001502 0.000212 0.011277
0.001519 0.000186 0.011432
0.001568 0.000188 0.011219
0.000208 -0.000143 0.012193
-0.000009 0.000011 0.012127
-0.000781 -0.000777 0.011206
-0.000687 -0.000834 0.011118
-0.000450 -0.001001 0.011189
-0.000255 -0.001029 0.011296
0.000633 0.000179 0.012046
0.000507 0.000099 0.012097
0.000514 0.000212 0.012147
-0.001321 -0.000299 0.011798
-0.001380 -0.000222 0.011708
0.000185 -0.000708 0.011602
-0.000346 -0.000632 0.011641
-0.000234 -0.000737 0.011421
-0.001433 -0.000150 0.011589
-0.001471 -0.000223 0.011493
0.000365 -0.000062 0.012148
0.000317 0.000015 0.012214
0.000208 -0.000143 0.012193
-0.000086 0.001341 0.010953
-0.000268 0.000235 0.011678
-0.000905 0.000951 0.011323
-0.000815 0.001039 0.011210
-0.000763 0.001085 0.011131
-0.000904 0.001145 0.011086
0.001358 -0.000839 0.011324
-0.000337 -0.000397 0.011791
-0.001064 -0.000466 0.011998
-0.000912 -0.000414 0.012002
-0.000813 -0.000346 0.011933
0.001240 -0.000398 0.010431
0.001242 -0.000712 0.010634
-0.000946 0.001231 0.011111
-0.000632 0.001288 0.011195
-0.000822 0.001277 0.010995
-0.001078 0.001164 0.011030
-0.001078 0.001164 0.011030
-0.001025 0.001204 0.011139
-0.000989 0.001213 0.010944
-0.001189 0.000939 0.010547
-0.000434 0.001292 0.011034
-0.001260 -0.000953 0.011296
-0.001380 -0.000765 0.011077
0.001284 0.000169 0.011531
0.001434 0.000046 0.011431
0.000042 0.000463 0.011743
0.000122 0.000432 0.011668
-0.000844 0.000241 0.011464
-0.001152 0.000129 0.011662
-0.001461 -0.000074 0.011502
0.001459 -0.000504 0.011190
0.001423 -0.000569 0.011116
0.001374 -0.000685 0.011036
0.001468 -0.000697 0.011137
0.001443 -0.000628 0.011095
0.000726 0.000876 0.011602
0.000728 0.000704 0.011651
0.000789 0.000766 0.011609
0.001196 -0.000774 0.011191
0.001311 -0.000759 0.011065
-0.000189 -0.001138 0.011278
-0.000246 -0.001205 0.011440
0.000517 0.001290 0.010874
0.000602 0.001365 0.011218
0.000248 0.000447 0.011725
0.000202 0.000418 0.011820
0.000372 0.000543 0.011750
0.001137 -0.000952 0.011108
0.000704 -0.000871 0.010899
0.000953 -0.001018 0.010993
0.000857 -0.001002 0.011136
0.000212 0.001172 0.011213
0.000290 0.001207 0.011038
0.000164 0.001146 0.011043
0.000422 0.001085 0.011395
0.000275 0.001149 0.011414
0.000290 0.000920 0.011326
-0.000489 -0.000137 0.011816
-0.000526 -0.000374 0.011732
-0.000337 -0.000397 0.011791
-0.000035 -0.000322 0.011952
-0.001571 0.000301 0.011100
-0.001586 0.000294 0.011285
-0.001558 0.000493 0.011274
0.000503 -0.000466 0.011825
0.000495 -0.000606 0.011698
0.000013 0.000825 0.011448
0.000091 0.000896 0.011287
0.000019 0.001108 0.011270
0.001031 -0.001033 0.011254
0.000971 -0.001079 0.011463
0.000971 -0.000965 0.011229
0.000708 -0.000235 0.011977
0.000478 -0.000400 0.011902
0.000583 -0.000352 0.011987
0.000954 -0.000856 0.010834
0.000801 -0.000815 0.010796
-0.001080 -0.000881 0.011329
-0.001297 -0.000761 0.011168
0.001036 -0.000740 0.011513
0.000990 -0.000627 0.011654
0.000809 -0.000743 0.011590
0.000948 -0.000769 0.011486
0.000894 -0.000837 0.011628
-0.000369 0.000216 0.011518
-0.001200 -0.000862 0.011333
-0.001056 -0.000963 0.011388
-0.000609 0.000211 0.011345
-0.000608 0.000252 0.011449
0.000966 -0.000699 0.011747
0.001042 -0.000786 0.011633
-0.001626 0.000237 0.011177
-0.001478 0.000675 0.010717
-0.001568 -0.000375 0.011426
-0.001544 -0.000429 0.011617
0.000207 -0.000292 0.012135
0.000379 -0.000285 0.012198
0.000208 -0.000143 0.012193
0.000520 -0.001179 0.011442
-0.001349 0.000053 0.011634
-0.001434 -0.000052 0.011754
-0.001417 0.000038 0.011773
-0.001416 -0.000031 0.011651
-0.000446 0.000987 0.011274
-0.000459 0.000858 0.011246
-0.001300 -0.000094 0.011789
-0.001116 -0.000108 0.011759
0.001496 0.000730 0.011324
-0.000931 0.000271 0.011368
0.000141 0.000016 0.012282
0.000298 0.000232 0.012229
-0.000184 0.000712 0.011677
0.001114 0.000149 0.011967
0.001107 -0.000001 0.011777
0.001212 -0.000004 0.011879
0.001605 0.000640 0.011100
-0.000856 -0.000639 0.011314
0.000761 0.001003 0.011226
0.000548 -0.000171 0.012245
0.000627 -0.000231 0.012028
0.000438 -0.000151 0.012112
0.000566 -0.000111 0.012058
-0.000528 -0.000805 0.011190
-0.000573 -0.000728 0.011176
-0.000774 0.000900 0.011226
-0.000709 0.000788 0.011214
-0.000670 0.000679 0.011153
-0.001155 -0.000322 0.011974
-0.001019 -0.000371 0.012008
-0.000857 0.001043 0.011361
-0.000537 0.000964 0.011210
-0.000567 0.000828 0.011165
0.000137 0.000195 0.012370
0.000259 0.000113 0.012360
0.000326 0.000186 0.012333
-0.000019 0.000249 0.012097
0.000044 0.000219 0.012188
-0.001772 0.000144 0.011351
-0.001723 -0.000171 0.011473
-0.001760 0.000133 0.011231
-0.001641 -0.000441 0.011418
0.000578 0.000583 0.011777
0.000752 0.000606 0.011780
0.000497 0.000518 0.011839
0.001161 -0.000312 0.011687
0.001206 -0.000390 0.011575
0.001325 -0.000333 0.011589
-0.001804 -0.000171 0.011440
0.001464 -0.000287 0.011292
0.001265 -0.000297 0.011451
0.001423 -0.000435 0.011289
0.001474 -0.000209 0.011412
0.000102 0.001202 0.010990
0.000315 0.001244 0.010963
-0.001705 -0.000133 0.011298
0.001610 -0.000502 0.011269
0.001530 -0.000518 0.011054
-0.001330 0.000142 0.011678
-0.001126 0.001070 0.010982
-0.001314 0.001002 0.011143
0.000291 0.000084 0.012303
0.001677 -0.000169 0.011715
0.001642 -0.000453 0.011677
-0.000197 0.000658 0.011356
0.000044 -0.000146 0.012076
0.000941 -0.000138 0.012188
0.000988 -0.000114 0.012077
0.001049 -0.000153 0.012375
0.000184 -0.001007 0.011419
0.000036 -0.001052 0.011434
-0.001266 -0.000543 0.011595
-0.001155 -0.000565 0.011624
-0.001365 -0.000645 0.011569
-0.001383 -0.000644 0.011430
0.000598 0.000054 0.012048
-0.001815 0.000173 0.011357
-0.001764 0.000192 0.011225
0.000489 0.001238 0.011274
-0.000356 0.001448 0.011356
-0.000286 0.001321 0.011124
-0.000066 -0.000669 0.011602
-0.000860 0.000196 0.011598
-0.000681 0.000209 0.011492
-0.000780 0.000420 0.011491
0.000224 0.001165 0.011295
0.001338 0.000792 0.010999
0.000923 0.000950 0.010831
-0.000104 -0.000464 0.011847
-0.000337 -0.000397 0.011791
0.001305 -0.000647 0.011149
0.001245 -0.000604 0.011125
0.001223 -0.000646 0.011354
0.001244 -0.000756 0.011479
-0.001646 -0.000250 0.011553
-0.001602 -0.000206 0.011267
0.001138 -0.000693 0.011525
0.001128 -0.000756 0.011376
0.000765 -0.000780 0.011500
0.000905 -0.000778 0.011363
0.001165 -0.000817 0.011505
-0.000237 -0.000325 0.011854
-0.000104 -0.000464 0.011847
-0.001080 -0.001043 0.011421
-0.000696 -0.001134 0.010943
-0.000239 -0.001126 0.010837
-0.000878 -0.001143 0.011019
-0.000960 -0.001008 0.010927
0.001102 -0.000176 0.010200
-0.001778 -0.000320 0.011609
-0.000625 -0.000003 0.011714
-0.001616 0.000507 0.011045
-0.001639 0.000597 0.010973
-0.001656 0.000462 0.010991
-0.001711 0.000538 0.011185
-0.001601 0.000549 0.011237
-0.001673 0.000666 0.011219
-0.000109 -0.000612 0.011679
-0.001099 -0.000310 0.011728
0.000019 -0.001088 0.011286
-0.000103 -0.001137 0.011338
0.001672 0.000067 0.011721
-0.001526 -0.000142 0.011430
-0.000489 -0.000137 0.011816
-0.000659 -0.000033 0.011763
0.000583 0.000707 0.011763
0.000663 0.000823 0.011709
-0.000489 -0.000137 0.011816
-0.000009 0.000660 0.011486
0.000580 -0.000305 0.012067
0.000125 0.000776 0.011532
-0.001405 0.000976 0.011006
-0.001517 0.000890 0.011106
-0.001673 0.000666 0.011219
0.000819 -0.000878 0.011389
0.000752 -0.000909 0.011198
0.000908 -0.000912 0.011235
0.000850 -0.001028 0.011325
0.000699 -0.001009 0.011237
-0.000604 -0.000278 0.011891
-0.000489 -0.000137 0.011816
-0.000658 -0.000248 0.011927
-0.000662 -0.000326 0.011865
0.001283 -0.000713 0.011252
0.000184 0.000264 0.012297
-0.000900 -0.000821 0.011198
-0.000729 -0.000929 0.011146
0.000025 0.000107 0.012258
0.000101 0.000245 0.012268
-0.001145 -0.000872 0.010860
-0.000300 0.001019 0.011101
-0.000282 0.001082 0.010992
-0.000598 -0.000043 0.011766
0.000119 0.001046 0.011214
0.000148 0.000337 0.011934
-0.000380 0.001046 0.011005
0.000818 -0.001103 0.011306
0.000730 -0.001110 0.011313
-0.001415 -0.000024 0.011556
-0.001378 0.000105 0.011411
-0.000104 -0.000464 0.011847
-0.000159 -0.000557 0.011715
-0.000104 -0.000464 0.011847
0.000062 -0.000537 0.011794
0.000197 -0.000459 0.011863
-0.001366 -0.000070 0.011597
0.000449 -0.000991 0.011354
-0.001437 -0.000134 0.011434
0.000699 -0.001009 0.011237
0.000911 0.000207 0.012222
0.001058 -0.001156 0.011511
0.000058 0.000177 0.012300
0.001274 -0.001060 0.011522
0.001075 -0.001171 0.011632
0.000971 -0.001079 0.011463
-0.000066 -0.000669 0.011602
0.001082 -0.001112 0.011578
0.001241 -0.001018 0.011541
-0.000303 0.001242 0.010772
-0.000196 0.001345 0.010900
-0.000360 0.000701 0.011637
-0.000474 0.000363 0.011469
-0.001143 0.000394 0.011437
-0.001319 -0.000299 0.011819
0.001641 -0.000031 0.011639
0.001635 0.000097 0.011683
-0.000755 -0.000295 0.011860
0.000584 -0.000053 0.012027
0.000477 -0.000060 0.012080
0.000552 0.001122 0.010881
0.000915 -0.000754 0.011747
0.000631 -0.000833 0.011542
0.000747 -0.000848 0.011519
-0.000514 -0.000892 0.011118
0.000572 -0.000686 0.011611
0.000661 -0.000684 0.011559
0.000661 -0.000684 0.011559
0.000871 -0.000086 0.011860
-0.001287 0.000087 0.011215
0.001046 -0.000216 0.011825
-0.000159 -0.000557 0.011715
0.000083 -0.000015 0.012206
0.000022 0.000011 0.012220
-0.001682 0.000335 0.011089
-0.000578 -0.000306 0.011827
-0.000489 -0.000137 0.011816
-0.000604 -0.000278 0.011891
-0.001747 -0.000289 0.011524
-0.001568 -0.000375 0.011426
0.001485 -0.000105 0.011468
0.001599 -0.000084 0.011645
-0.001562 0.000503 0.011112
-0.001029 0.000170 0.011584
-0.001037 -0.000942 0.010739
0.001450 0.000888 0.011238
-0.001533 0.000967 0.011321
0.000120 -0.000307 0.012067
-0.000895 -0.000959 0.010721
0.000478 -0.000400 0.011902
0.000583 -0.000352 0.011987
-0.001530 0.001039 0.011326
-0.001533 0.001006 0.011438
-0.001695 0.000811 0.011245
-0.001575 0.000958 0.011173
0.001618 0.000152 0.011453
0.001619 0.000315 0.011222
0.000828 0.000724 0.011689
0.000948 0.000590 0.011736
-0.001673 0.000870 0.011392
-0.001654 0.000815 0.011295
0.001295 -0.000276 0.011577
0.001376 0.000002 0.011613
-0.000557 0.000226 0.011528
0.000326 -0.000934 0.011421
-0.001747 -0.000289 0.011524
0.000562 0.001178 0.011147
0.001187 -0.000735 0.011180
0.001294 -0.000678 0.011043
0.000944 0.000913 0.011224
0.001136 0.000800 0.011112
-0.000434 0.001292 0.011034
-0.000482 0.001274 0.011125
-0.000469 -0.001139 0.011471
-0.000480 -0.001218 0.011508
-0.000273 -0.001201 0.011564
-0.000279 -0.001139 0.011366
0.000855 -0.000046 0.012249
0.000818 0.000106 0.012233
0.000850 -0.001028 0.011325
0.000699 -0.001009 0.011237
0.001549 0.000487 0.011622
-0.001567 -0.000520 0.011636
-0.001544 -0.000429 0.011617
0.000330 -0.000535 0.011795
0.000368 -0.000452 0.011881
-0.001492 -0.000587 0.011694
-0.001528 -0.000650 0.011703
-0.001409 -0.000677 0.011141
0.001107 -0.000001 0.011777
0.000988 -0.000114 0.012077
0.001218 -0.000134 0.011748
-0.001380 -0.000171 0.011608
-0.001249 -0.000685 0.011610
-0.001305 -0.000602 0.011460
-0.001184 -0.000653 0.011510
-0.000887 -0.001095 0.011427
-0.000737 -0.001177 0.011235
-0.001184 -0.000653 0.011510
-0.000736 0.001059 0.011404
-0.000845 0.000977 0.011105
0.000037 -0.000696 0.011612
0.000037 -0.000696 0.011612
0.001659 0.000480 0.010995
-0.001479 -0.000671 0.011220
0.000842 -0.000138 0.011987
0.001557 0.000225 0.011897
0.001635 0.000097 0.011683
-0.000395 -0.001226 0.011422
-0.000644 -0.000467 0.011548
0.000144 0.000780 0.011423
0.000207 0.000944 0.011215
-0.000744 -0.000439 0.011482
-0.000489 -0.000137 0.011816
-0.000337 -0.000397 0.011791
0.001085 0.000772 0.011273
-0.000399 0.001144 0.010947
-0.000354 0.001268 0.011116
-0.000290 0.001344 0.011094
-0.000414 0.001261 0.011170
-0.000377 0.001417 0.011398
0.000368 0.001256 0.011251
-0.001008 0.001123 0.011020
-0.001065 0.001269 0.011384
-0.001654 0.000815 0.011295
0.001206 -0.001075 0.011628
-0.001000 -0.000371 0.011666
-0.001097 -0.000654 0.011527
-0.001097 -0.000654 0.011527
-0.001002 -0.000449 0.011538
-0.001052 -0.000598 0.011489
-0.000125 -0.001112 0.011428
-0.000185 -0.001099 0.011368
0.000482 -0.000128 0.012180
-0.001002 -0.000405 0.011913
0.000439 0.000587 0.011705
0.000329 0.000663 0.011689
0.000676 0.000728 0.011712
-0.000840 0.001275 0.011396
-0.001105 -0.000635 0.011392
0.001185 0.000064 0.011797
0.001641 -0.000031 0.011639
-0.000315 0.001482 0.011462
-0.000377 0.001417 0.011398
-0.000141 -0.000525 0.011797
0.001083 -0.000878 0.011197
-0.000745 0.001112 0.011401
-0.000539 0.001036 0.011270
0.000304 -0.001256 0.011550
0.000586 -0.001259 0.011608
0.000443 0.001193 0.011010
0.000524 0.001239 0.011099
0.000208 -0.000143 0.012193
-0.000489 -0.000137 0.011816
-0.000489 -0.000137 0.011816
-0.000427 -0.000026 0.011722
-0.001455 0.000654 0.011207
-0.001373 0.000785 0.011002
-0.001533 0.000741 0.011086
-0.001778 -0.000320 0.011609
-0.000738 -0.000268 0.011952
0.000296 -0.001007 0.011469
-0.000999 -0.001052 0.011152
-0.000548 0.001366 0.011356
-0.001533 0.001006 0.011438
-0.001314 0.001002 0.011143
-0.000414 0.001261 0.011170
-0.001094 0.001322 0.011387
0.000419 0.001378 0.011297
0.000464 0.001366 0.011132
-0.001492 -0.000587 0.011694
-0.001392 0.000738 0.011383
-0.001269 0.000553 0.010311
-0.000489 -0.000137 0.011816
0.001602 -0.000427 0.011652
0.000084 0.001162 0.011236
-0.000082 0.001238 0.011340
0.001556 -0.000660 0.011321
0.001488 -0.000718 0.011114
0.001143 0.000670 0.011277
0.001048 -0.000993 0.011002
0.000368 -0.000452 0.011881
0.000197 -0.000459 0.011863
0.000330 -0.000535 0.011795
-0.000141 -0.000525 0.011797
-0.000159 -0.000557 0.011715
-0.000104 -0.000464 0.011847
-0.000159 -0.000557 0.011715
0.001376 0.000002 0.011613
0.001122 -0.001063 0.011593
-0.000332 0.001447 0.011485
-0.000212 -0.000528 0.011765
-0.001052 -0.000598 0.011489
-0.000942 -0.001122 0.011490
-0.000822 0.001277 0.010995
0.000230 -0.000360 0.012105
-0.000594 0.001328 0.011389
-0.001581 0.000882 0.011350
0.000208 -0.000143 0.012193
0.000447 -0.000528 0.011746
-0.000489 -0.000137 0.011816
0.001145 0.000666 0.011375
0.000197 -0.000459 0.011863
0.000064 -0.000412 0.011911
-0.000104 -0.000464 0.011847
0.000064 -0.000412 0.011911
-0.000035 -0.000322 0.011952
-0.000104 -0.000464 0.011847
0.001240 -0.000641 0.005750
0.001399 -0.000527 0.005829
0.001393 -0.000707 0.005859
0.002044 0.000094 0.005668
0.001870 0.000132 0.006113
0.002030 0.000164 0.005940
0.002044 0.000010 0.005784
0.002044 0.000010 0.005784
0.002044 0.000094 0.005668
0.001240 -0.000641 0.005750
0.001141 -0.000555 0.005742
0.001399 -0.000527 0.005829
0.001117 -0.000867 0.005726
0.001318 0.000138 0.005601
0.001276 0.000102 0.005666
0.001366 0.000136 0.005640
0.001266 0.000028 0.005648
0.001318 0.000138 0.005601
0.001276 0.000102 0.005666
0.001318 0.000138 0.005601
0.001266 0.000028 0.005648
0.000742 -0.000697 0.007164
0.000410 -0.000402 0.006788
0.001276 -0.001528 0.006407
0.001343 -0.001440 0.006668
0.001854 -0.000662 0.005990
0.001839 -0.000451 0.005992
0.001980 -0.000486 0.006198
0.001647 -0.001285 0.006791
0.001482 -0.001002 0.007206
0.001299 -0.000295 0.007106
0.001067 -0.000365 0.007242
0.001363 -0.000415 0.005760
0.001548 0.000141 0.005663
0.001566 0.000284 0.005746
0.001635 0.000160 0.005778
0.001351 -0.000135 0.005822
0.001348 -0.000216 0.005654
0.001284 -0.000203 0.005796
0.000465 -0.000605 0.006152
0.000541 -0.000829 0.006202
0.001480 0.000519 0.007064
0.002006 0.000405 0.006412
0.001922 0.000399 0.006378
0.001916 0.000650 0.006454
0.001662 -0.000200 0.005735
0.001652 -0.000097 0.005618
0.001682 -0.000063 0.005826
0.001836 -0.000127 0.006077
0.001754 -0.001276 0.006659
0.001952 -0.000934 0.006330
0.002275 0.000083 0.006931
0.002160 0.000099 0.007079
0.001848 0.000717 0.006812
0.001995 0.000717 0.006491
0.001794 0.000855 0.006495
0.000387 -0.000318 0.006373
0.000443 -0.000254 0.006594
0.000319 -0.000014 0.006438
0.000659 0.000441 0.006745
0.000370 0.000170 0.006647
0.000659 -0.000063 0.006286
0.000568 0.000146 0.006333
0.000736 0.000138 0.006284
0.000540 0.000356 0.006319
0.000707 0.000483 0.006375
0.000708 0.000302 0.006439
0.001409 0.000606 0.005970
0.001537 0.000343 0.005950
0.001343 0.000434 0.005907
0.001226 0.000202 0.005823
0.001215 0.000606 0.005973
0.000714 -0.000898 0.006207
0.000543 -0.000619 0.006192
0.000795 -0.000802 0.006289
0.000662 0.000616 0.006545
0.000617 0.000580 0.006355
0.000721 -0.000490 0.006131
0.000913 -0.000719 0.006048
0.000811 -0.000722 0.006250
0.001175 -0.000219 0.005745
0.001543 -0.000592 0.007295
0.001982 -0.000136 0.007354
0.002213 -0.000264 0.007090
0.001687 0.000115 0.007275
0.001524 -0.000322 0.007251
0.001596 0.000630 0.006185
0.000962 0.000828 0.006632
0.001831 -0.000666 0.006236
0.001854 -0.000662 0.005990
0.001916 -0.000611 0.006143
0.001254 -0.001486 0.006171
0.001297 -0.001398 0.006229
0.001382 -0.001534 0.006381
0.000291 -0.000361 0.006512
0.001098 -0.001391 0.006195
0.000914 -0.001251 0.006241
0.001089 -0.001308 0.006294
0.001191 -0.001098 0.006099
0.001334 -0.001227 0.006072
0.002176 0.000259 0.006398
0.002189 0.000310 0.006874
0.002089 0.000447 0.006514
0.001333 -0.000853 0.005933
0.001120 -0.000805 0.005886
0.001128 -0.000889 0.006047
0.001396 0.000024 0.005468
0.001439 0.000105 0.005590
0.001317 0.000698 0.006097
0.001132 0.000837 0.006261
0.000844 0.000339 0.006377
0.000918 0.000587 0.006349
0.001048 0.000547 0.006236
0.001535 -0.000661 0.005940
0.001655 -0.000897 0.005989
0.001624 -0.001062 0.006261
0.001793 -0.000984 0.006142
0.001713 -0.001000 0.006503
0.000664 -0.000303 0.005967
0.000849 -0.000448 0.005909
0.000610 -0.000431 0.005783
0.000365 -0.000496 0.006244
0.001669 -0.001190 0.006330
0.001805 -0.001100 0.006562
0.001941 -0.000888 0.006469
0.000853 0.000240 0.006195
0.001028 0.000398 0.006248
0.001508 0.000020 0.005658
0.001516 -0.000282 0.005590
0.001425 -0.000168 0.005617
0.001554 -0.000415 0.005709
0.001918 -0.000279 0.007422
0.002052 0.000322 0.006404
0.002085 -0.000121 0.006431
0.002023 0.000099 0.006307
0.002038 -0.000602 0.006223
0.001854 -0.000744 0.006346
0.000495 -0.000371 0.005881
0.000505 -0.000228 0.006157
0.000629 -0.000282 0.006106
0.001004 -0.000832 0.006203
0.001159 -0.000670 0.005958
0.000976 -0.001025 0.006115
0.000935 -0.000933 0.006245
0.001685 0.000583 0.006293
0.001770 -0.000014 0.005936
0.000516 -0.000492 0.006070
0.000449 -0.000349 0.006242
0.000484 -0.000559 0.005872
0.000697 -0.000486 0.005872
0.000937 -0.000483 0.005975
0.000811 -0.000471 0.006048
0.000870 -0.000901 0.007187
0.001116 -0.001034 0.007201
0.001968 -0.000451 0.006361
0.002078 -0.000555 0.006267
0.001980 -0.000486 0.006198
0.002169 -0.000389 0.006046
0.002123 -0.000530 0.006230
0.000937 0.000052 0.006115
0.000998 0.000244 0.005970
0.000772 -0.000165 0.005999
0.000977 0.000293 0.006130
0.001866 -0.000248 0.006228
0.001960 -0.000121 0.006342
0.002028 -0.000307 0.006546
0.001891 -0.000033 0.006107
0.001081 -0.000287 0.005767
0.000975 0.000086 0.005843
0.000981 -0.000119 0.005856
0.002074 -0.000443 0.006506
0.002174 -0.000157 0.006029
0.001099 0.000114 0.005830
0.001238 -0.000069 0.005949
0.001060 -0.000095 0.005872
0.001462 -0.001030 0.006101
0.001144 0.000448 0.005947
0.001173 0.000189 0.005913
0.001274 0.000052 0.005979
0.001542 0.000277 0.005839
0.001359 0.000267 0.005827
0.001004 -0.000439 0.005829
0.001041 -0.000706 0.005792
0.001568 -0.000413 0.005786
0.001700 -0.000451 0.005837
0.001777 -0.000669 0.005906
0.001625 -0.000615 0.005895
0.001479 -0.001138 0.006059
0.001618 -0.001212 0.006121
0.001504 -0.001179 0.005919
0.001187 -0.000195 0.005875
0.000306 0.000034 0.006583
0.000423 0.000349 0.006271
0.001571 0.000840 0.006369
0.001822 0.000712 0.006418
0.001569 0.000923 0.006561
0.000740 -0.001112 0.006270
0.001380 -0.001382 0.006460
0.000611 -0.000573 0.005936
0.000351 0.000139 0.006463
0.000424 0.000207 0.006630
0.000441 0.000200 0.006390
0.000272 0.000016 0.006282
0.000336 -0.000124 0.006357
0.000422 -0.000115 0.006355
0.001484 0.000335 0.005786
0.001412 0.000243 0.005622
0.001147 0.000559 0.006165
0.001047 0.000518 0.006083
0.000521 -0.000093 0.006255
0.000856 0.000738 0.006392
0.001962 0.000274 0.006008
0.001882 0.000260 0.006185
0.001667 0.000200 0.005920
0.001363 -0.000415 0.005760
0.000620 -0.000973 0.006291
0.000819 -0.001079 0.006084
0.001842 -0.000879 0.006078
0.001725 -0.000816 0.005956
0.002053 0.000332 0.006211
0.002065 0.000135 0.006028
0.001765 -0.000231 0.005782
0.001840 -0.000248 0.005934
0.001975 -0.000359 0.006217
0.000366 0.000319 0.006498
0.001351 -0.000008 0.005714
0.001348 -0.000216 0.005654
0.001849 -0.001137 0.006214
0.001439 -0.001494 0.006623
0.001618 -0.001420 0.006309
0.001090 -0.000522 0.005970
0.001094 -0.000563 0.005828
0.001936 -0.000101 0.006181
0.002144 -0.000676 0.006609
0.002176 -0.000554 0.006675
0.001464 -0.001426 0.006496
0.001647 -0.001318 0.006427
0.001761 -0.001169 0.006406
0.002062 0.000607 0.006342
0.002142 0.000369 0.006418
0.001668 0.000237 0.005828
0.001774 0.000138 0.005857
0.001777 0.000077 0.005790
0.001389 0.000949 0.006441
0.001730 0.000928 0.006290
0.001075 0.000906 0.006191
0.001292 0.000973 0.006426
0.001956 -0.000357 0.006046
0.002217 -0.000139 0.006060
0.002123 0.000190 0.006406
0.001211 -0.000909 0.005999
0.001800 -0.000899 0.006234
0.001848 -0.000861 0.006421
0.000392 -0.000160 0.006696
0.000696 0.000722 0.006323
0.001780 -0.000364 0.005878
0.001637 0.000030 0.005773
0.001640 0.000044 0.005673
0.000758 0.000655 0.006705
0.000793 0.000655 0.006656
0.001380 -0.000092 0.005445
0.000844 -0.001284 0.006475
0.001339 0.000010 0.005838
0.002111 -0.000668 0.006191
0.001986 -0.000747 0.006500
0.000885 0.000866 0.006260
0.002052 -0.000751 0.006369
0.001591 0.000920 0.006228
0.001407 0.000851 0.006340
0.001101 0.000299 0.005932
0.000738 -0.001041 0.006218
0.000863 -0.001164 0.006348
0.001399 -0.000527 0.005829
0.002134 0.000249 0.006177
0.001157 0.000320 0.005886
0.001866 -0.000248 0.006228
0.001975 -0.000359 0.006217
0.001936 -0.000101 0.006181
0.001984 0.000729 0.006318
0.001916 -0.000611 0.006143
0.001625 -0.000615 0.005895
0.001777 -0.000669 0.005906
0.001798 -0.000810 0.005917
0.002304 -0.000361 0.006672
0.002234 0.000146 0.007027
0.001097 0.000394 0.005635
0.001157 0.000320 0.005886
-0.001245 -0.000720 0.005702
-0.001479 -0.000595 0.005667
-0.001273 -0.000710 0.005691
-0.001424 -0.000791 0.005857
-0.002353 0.000285 0.005653
-0.002271 0.000294 0.005884
-0.002034 0.000168 0.006021
-0.002327 0.000158 0.005752
-0.002327 0.000158 0.005752
-0.002353 0.000285 0.005653
-0.001273 -0.000710 0.005691
-0.001166 -0.000612 0.005646
-0.001479 -0.000595 0.005667
-0.001067 -0.000951 0.005798
-0.001505 0.000153 0.005098
-0.001569 0.000140 0.005115
-0.001441 0.000102 0.005204
-0.001423 0.000022 0.005189
-0.001505 0.000153 0.005098
-0.001441 0.000102 0.005204
-0.001423 0.000022 0.005189
-0.000423 -0.000277 0.007018
-0.001175 -0.001471 0.006735
-0.001267 -0.001359 0.007054
-0.001985 -0.000687 0.005996
-0.002138 -0.000458 0.006200
-0.001991 -0.000454 0.005928
-0.001651 -0.001272 0.007189
-0.001514 -0.001028 0.007720
-0.001398 -0.000130 0.007554
-0.001135 -0.000217 0.007704
-0.001488 -0.000479 0.005457
-0.001779 0.000153 0.005152
-0.001850 0.000160 0.005376
-0.001771 0.000306 0.005363
-0.001486 -0.000156 0.005536
-0.001417 -0.000237 0.005475
-0.001522 -0.000260 0.005153
-0.000427 -0.000834 0.006381
-0.000407 -0.000556 0.006261
-0.001509 0.000754 0.007392
-0.002123 0.000517 0.006414
-0.001979 0.000837 0.006508
-0.002017 0.000481 0.006364
-0.001871 -0.000222 0.005346
-0.001885 -0.000064 0.005509
-0.001896 -0.000107 0.005130
-0.002024 -0.000109 0.005963
-0.001785 -0.001298 0.007017
-0.002032 -0.000964 0.006545
-0.002328 0.000288 0.007146
-0.001917 0.001006 0.007031
-0.002213 0.000308 0.007368
-0.001827 0.001093 0.006614
-0.000431 -0.000199 0.006450
-0.000381 0.000191 0.006510
-0.000520 -0.000095 0.006737
-0.000441 0.000417 0.006779
-0.000747 0.000703 0.006935
-0.000756 0.000054 0.006322
-0.000836 0.000271 0.006326
-0.000656 0.000321 0.006383
-0.000803 0.000472 0.006529
-0.000794 0.000675 0.006447
-0.001444 0.000442 0.005714
-0.001650 0.000339 0.005770
-0.001274 0.000655 0.005915
-0.001347 0.000201 0.005537
-0.000596 -0.000929 0.006414
-0.000708 -0.000811 0.006498
-0.000487 -0.000584 0.006308
-0.000542 0.000737 0.006535
-0.000700 0.000815 0.006434
-0.000752 0.000877 0.006693
-0.001087 0.000975 0.007026
-0.000683 -0.000439 0.006234
-0.000742 -0.000715 0.006433
-0.000856 -0.000736 0.006187
-0.001276 -0.000236 0.005494
-0.001636 -0.000506 0.007823
-0.000637 -0.000901 0.007362
-0.000503 -0.000960 0.007203
-0.001755 0.000334 0.007700
-0.001629 -0.000164 0.007746
-0.001653 0.000672 0.006159
-0.001028 0.001075 0.006844
-0.001932 -0.000658 0.006345
-0.002047 -0.000608 0.006171
-0.001985 -0.000687 0.005996
-0.001152 -0.001490 0.006439
-0.001301 -0.001496 0.006696
-0.001200 -0.001366 0.006502
-0.000304 -0.000237 0.006659
-0.000971 -0.001398 0.006469
-0.000970 -0.001281 0.006589
-0.000769 -0.001291 0.006517
-0.001090 -0.001134 0.006307
-0.001255 -0.001262 0.006287
-0.002363 0.000429 0.006420
-0.002290 0.000521 0.007069
-0.002213 0.000615 0.006560
-0.001058 -0.000873 0.006001
-0.001040 -0.000947 0.006220
-0.001609 0.000025 0.004865
-0.001662 0.000112 0.005025
-0.001372 0.000752 0.006065
-0.001370 0.000935 0.006277
-0.001181 0.000974 0.006314
-0.000940 0.000477 0.006450
-0.001122 0.000639 0.006254
-0.000998 0.000731 0.006404
-0.001597 -0.000724 0.005951
-0.001714 -0.000972 0.006097
-0.001625 -0.001103 0.006488
-0.001738 -0.000999 0.006801
-0.001868 -0.001053 0.006315
-0.000680 -0.000245 0.005953
-0.000572 -0.000363 0.005806
-0.000845 -0.000439 0.005914
-0.000340 -0.000417 0.006341
-0.001666 -0.001234 0.006597
-0.001849 -0.001125 0.006885
-0.002032 -0.000903 0.006717
-0.000949 0.000344 0.006216
-0.001118 0.000490 0.006292
-0.001738 0.000017 0.005128
-0.001634 -0.000200 0.005076
-0.001730 -0.000327 0.005100
-0.001736 -0.000471 0.005377
-0.002205 0.000452 0.006415
-0.002208 0.000208 0.006276
-0.002308 -0.000013 0.006451
-0.001942 -0.000743 0.006514
-0.002196 -0.000581 0.006266
-0.000456 -0.000284 0.005898
-0.000675 -0.000206 0.006110
-0.000543 -0.000120 0.006169
-0.000934 -0.000854 0.006405
-0.001126 -0.000715 0.006063
-0.000861 -0.001069 0.006326
-0.000843 -0.000953 0.006473
-0.001737 0.000636 0.006289
-0.001951 -0.000015 0.005727
-0.000477 -0.000426 0.006138
-0.000407 -0.000496 0.005939
-0.000467 -0.000249 0.006304
-0.000655 -0.000448 0.005922
-0.000781 -0.000431 0.006138
-0.000923 -0.000476 0.006032
-0.001082 -0.001071 0.007713
-0.002126 -0.000388 0.006418
-0.002138 -0.000458 0.006200
-0.002249 -0.000518 0.006306
-0.002394 -0.000264 0.006073
-0.002310 -0.000474 0.006276
-0.001021 0.000128 0.006155
-0.000814 -0.000104 0.005991
-0.001068 0.000295 0.005927
-0.001068 0.000369 0.006133
-0.002054 -0.000194 0.006184
-0.002216 -0.000198 0.006642
-0.002168 -0.000033 0.006321
-0.002096 0.000007 0.006023
-0.001146 -0.000303 0.005607
-0.000830 -0.000261 0.005894
-0.001037 -0.000095 0.005790
-0.001022 0.000137 0.005821
-0.002258 -0.000357 0.006605
-0.002422 0.000024 0.006041
-0.001165 0.000147 0.005758
-0.001128 -0.000078 0.005789
-0.001335 -0.000057 0.005877
-0.001430 -0.001086 0.006281
-0.001213 0.000485 0.005871
-0.001267 0.000205 0.005767
-0.001381 0.000084 0.005922
-0.001347 0.000201 0.005537
-0.001703 0.000280 0.005559
-0.001506 0.000261 0.005486
-0.001008 -0.000453 0.005810
-0.000995 -0.000768 0.005838
-0.001724 -0.000456 0.005538
-0.001855 -0.000486 0.005658
-0.001723 -0.000660 0.005858
-0.001899 -0.000711 0.005891
-0.001442 -0.001197 0.006250
-0.001614 -0.001276 0.006345
-0.001493 -0.001268 0.006108
-0.001860 -0.000284 0.007933
-0.001288 -0.000206 0.005707
-0.000371 0.000258 0.006697
-0.000486 0.000596 0.006317
-0.001599 0.000970 0.006448
-0.001870 0.000868 0.006477
-0.001584 0.001124 0.006737
-0.000595 -0.001170 0.006534
-0.000510 -0.001122 0.006926
-0.001304 -0.001325 0.006792
-0.000559 -0.000525 0.005997
-0.000421 0.000374 0.006542
-0.000505 0.000456 0.006758
-0.000514 0.000411 0.006456
-0.000309 0.000224 0.006325
-0.000495 0.000039 0.006401
-0.001653 0.000363 0.005469
-0.001614 0.000276 0.005140
-0.001213 0.000625 0.006162
-0.001107 0.000594 0.006083
-0.000596 0.000045 0.006277
-0.000927 0.000933 0.006480
-0.000850 0.001045 0.006633
-0.002012 0.000306 0.006105
-0.002157 0.000401 0.005947
-0.001820 0.000198 0.005690
-0.001488 -0.000479 0.005457
-0.000684 -0.001149 0.006303
-0.001948 -0.000930 0.006200
-0.001815 -0.000872 0.006030
-0.002225 0.000469 0.006182
-0.002301 0.000274 0.005989
-0.001974 -0.000243 0.005479
-0.002022 -0.000248 0.005764
-0.002153 -0.000313 0.006198
-0.000425 0.000581 0.006594
-0.001522 -0.000260 0.005153
-0.001534 -0.000016 0.005242
-0.001708 -0.001401 0.006789
-0.001597 -0.001465 0.006599
-0.001386 -0.001443 0.006995
-0.001079 -0.000533 0.006047
-0.001089 -0.000608 0.005819
-0.002148 -0.000046 0.006103
-0.000525 -0.000497 0.005836
-0.001630 -0.001355 0.006733
-0.001405 -0.001399 0.006834
-0.001776 -0.001228 0.006690
-0.002157 0.000802 0.006382
-0.002303 0.000538 0.006446
-0.001859 0.000245 0.005503
-0.001975 0.000150 0.005593
-0.002005 0.000090 0.005478
-0.001423 0.001108 0.006588
-0.001125 0.001098 0.006272
-0.001331 0.001150 0.006577
-0.001722 0.001070 0.007005
-0.002137 -0.000341 0.005976
-0.002461 0.000046 0.006073
-0.002322 0.000344 0.006422
-0.001135 -0.000984 0.006150
-0.001873 -0.000939 0.006418
-0.001923 -0.000878 0.006653
-0.000768 0.000964 0.006413
-0.001948 -0.000381 0.005704
-0.001861 0.000028 0.005384
-0.001889 0.000048 0.005192
-0.000841 0.000918 0.006909
-0.000881 0.000911 0.006854
-0.001585 -0.000111 0.004837
-0.000688 -0.001287 0.006815
-0.002281 -0.000646 0.006262
-0.002101 -0.000726 0.006727
-0.000946 0.001097 0.006361
-0.002171 -0.000744 0.006518
-0.001438 0.000961 0.006421
-0.001623 0.001070 0.006338
-0.001177 0.000327 0.005834
-0.000597 -0.001100 0.006460
-0.000486 -0.000949 0.006338
-0.000719 -0.001180 0.006651
-0.001479 -0.000595 0.005667
-0.002336 0.000477 0.006187
-0.001234 0.000340 0.005730
-0.002153 -0.000313 0.006198
-0.002054 -0.000194 0.006184
-0.002148 -0.000046 0.006103
-0.002057 0.000949 0.006379
-0.002047 -0.000608 0.006171
-0.001723 -0.000660 0.005858
-0.001912 -0.000863 0.005961
-0.001899 -0.000711 0.005891
-0.002299 0.000361 0.007284
-0.001982 -0.000570 0.005817
-0.001149 0.000502 0.005600
-0.001234 0.000340 0.005730
0 1
21 22
50 52
51 72
53 93
2 73
2 74
72 112
21 92
54 94
54 95
3 75
0 23
48 50
5 76
56 96
55 96
4 75
33 35
37 39
38 40
26 27
44 46
45 47
6 77
6 78
57 97
27 29
43 44
10 82
61 101
61 102
7 79
58 98
58 99
11 83
9 80
9 81
62 103
60 100
8 79
59 100
30 32
31 33
40 42
12 83
63 104
14 86
65 105
65 106
15 87
66 107
13 84
13 85
64 104
23 25
24 26
47 49
28 30
41 43
70 111
19 90
67 108
16 87
68 108
17 88
17 89
69 109
69 110
18 90
71 111
20 91
34 36
36 37
447 465
372 386
385 386
459 461
461 467
465 466
369 385
379 381
381 384
459 460
445 446
367 368
365 366
443 444
383 384
463 464
455 457
457 462
375 376
376 382
441 442
363 364
439 440
377 378
455 456
456 458
361 362
436 438
359 360
372 373
373 378
390 391
388 430
357 358
387 389
389 426
433 434
434 436
372 374
374 512
399 400
400 412
470 508
404 406
406 430
450 452
452 453
468 469
485 486
370 371
371 431
354 356
356 357
431 432
432 511
472 493
401 403
448 449
449 511
480 481
435 448
421 422
422 426
404 405
405 407
471 473
473 509
396 398
477 479
428 429
393 394
394 428
487 488
402 417
482 483
483 509
393 395
395 425
477 478
478 510
500 501
407 408
415 416
416 421
507 510
476 506
417 418
418 427
409 410
410 415
499 504
419 420
474 475
411 423
424 427
498 505
496 497
413 414
414 419
494 495
490 492
489 494
502 503
503 505
1711 1714
1790 1802
1910 1911
1707 1749
1505 1519
1798 1904
1678 1831
524 1089
580 1362
1670 1839
1738 1922
1781 1782
1714 1887
1421 1464
580 1314
1671 1673
1673 1676
519 520
1793 1881
1383 1384
833 923
1089 1090
216 218
342 344
1107 1108
1433 1482
1540 1541
523 979
1702 1842
1913 1937
825 1016
176 178
364 365
216 217
342 343
1710 1879
537 1280
1724 1725
1751 1930
688 756
1512 1513
1811 1812
1674 1898
1675 1941
173 180
643 1224
301 302
577 879
179 192
309 311
1695 1816
1551 1653
515 854
783 785
188 189
1527 1528
177 194
754 1211
326 328
294 295
125 126
240 241
293 296
1779 1780
1787 1864
183 184
185 186
191 199
391 403
302 339
304 336
1613 1643
1751 1859
186 211
320 321
483 484
219 220
345 346
1690 1694
1804 1805
1868 1875
191 192
563 866
1628 1653
276 277
1858 1869
1781 1916
1382 1555
297 298
1439 1440
199 200
714 935
391 392
1862 1863
282 283
284 285
560 561
116 117
306 333
182 212
187 210
711 763
524 1192
1294 1295
1687 1702
1682 1845
1808 1859
124 125
238 240
529 532
165 166
167 168
278 279
1431 1463
1675 1829
237 239
1678 1680
588 1321
1688 1759
209 210
212 213
434 435
1735 1737
1868 1870
846 955
175 183
1698 1704
1719 1766
830 1135
292 305
545 878
1909 1910
164 165
1694 1895
789 854
920 1295
121 124
234 238
1736 1737
321 331
484 498
1409 1533
1759 1786
1063 1336
1224 1337
1572 1582
1446 1491
281 282
872 1030
1827 1828
332 333
337 338
254 256
442 443
1823 1833
1680 1915
1773 1908
1683 1734
1686 1843
1387 1546
1720 1942
280 288
392 400
1541 1548
297 303
610 1350
242 244
1761 1806
1891 1924
1051 1079
1093 1096
1433 1434
204 205
410 411
599 600
1732 1905
127 128
243 245
802 803
1746 1750
1439 1580
583 585
1334 1365
1689 1690
579 872
1243 1335
914 1111
158 160
1592 1593
1763 1839
1726 1802
645 1134
231 293
1731 1844
322 325
487 489
951 979
196 198
397 400
1691 1692
1871 1872
1581 1583
1261 1262
1041 1042
1703 1704
1819 1834
1824 1874
253 284
267 283
819 907
856 1255
161 162
714 1094
131 136
362 364
163 171
1746 1855
565 566
1788 1789
132 133
1520 1521
147 148
263 264
329 332
495 499
572 1180
274 275
311 334
469 501
1298 1300
1041 1051
1801 1803
1739 1858
169 170
1625 1626
1849 1851
1453 1454
604 608
200 208
402 418
1849 1887
650 689
172 174
1908 1931
1475 1478
1392 1485
205 207
522 523
265 269
452 454
1489 1590
256 258
443 445
543 544
1748 1863
286 287
689 690
1494 1495
146 147
262 263
314 319
1385 1599
1556 1665
1781 1787
877 878
1721 1723
1581 1584
1862 1925
687 911
1104 1285
1550 1603
1668 1944
1061 1215
290 292
134 139
589 590
149 150
129 130
1805 1815
491 492
1696 1697
1757 1895
570 571
571 574
1678 1679
206 209
203 206
408 414
1757 1894
1390 1392
925 926
1794 1795
996 1115
1649 1665
952 954
1517 1518
1778 1779
118 119
673 674
674 1130
1758 1864
1692 1693
176 222
1474 1501
909 1175
1720 1859
823 1071
1070 1071
231 232
257 258
445 447
932 1085
651 703
1861 1911
586 607
299 300
306 307
149 154
373 374
181 182
1477 1478
1428 1656
677 1227
220 221
346 347
1705 1706
1402 1474
961 963
1285 1286
1780 1782
810 834
1165 1167
1687 1704
1800 1929
516 980
1678 1847
1268 1334
1405 1407
1497 1631
170 175
587 604
1516 1597
1392 1483
1764 1854
313 314
472 473
525 526
1744 1805
1830 1832
250 251
1756 1757
780 827
1944 1945
1926 1929
771 919
1623 1647
517 915
1932 1949
1756 1764
1770 1792
1509 1594
223 224
349 350
1838 1841
541 576
1392 1630
652 906
1535 1537
1524 1573
1820 1835
1474 1633
1065 1066
1771 1921
1830 1837
1887 1888
1708 1903
1471 1479
1320 1321
1576 1641
560 609
740 741
998 1076
834 835
1441 1519
201 202
855 1259
1780 1839
704 1328
1885 1886
921 1339
1403 1404
497 501
657 1230
1742 1865
819 908
1466 1573
1075 1121
325 329
489 495
1043 1058
268 269
454 456
135 167
151 166
1840 1949
1291 1315
1292 1338
479 481
1410 1411
1752 1877
1713 1794
829 1329
585 1171
1467 1638
1517 1519
155 156
381 383
669 1272
1809 1907
864 867
469 470
1457 1459
1081 1088
702 1244
1386 1600
1461 1465
299 308
1419 1527
155 157
380 381
1762 1882
1473 1609
1499 1500
826 827
744 798
703 1295
1914 1937
440 442
879 1185
1723 1759
773 1008
1805 1897
1493 1494
1599 1600
1665 1666
1766 1947
787 1287
322 324
486 487
1720 1860
1703 1856
1489 1626
1799 1927
1853 1854
1458 1521
1053 1054
1535 1550
1011 1019
779 827
656 658
1384 1428
1200 1261
1843 1938
574 1102
138 140
367 369
1449 1559
1715 1893
843 1046
1716 1929
1735 1882
350 351
1227 1313
137 140
365 367
1795 1881
605 1340
711 1125
1660 1662
1840 1874
1188 1278
1278 1279
691 929
1513 1514
1529 1530
1497 1502
1787 1853
316 338
475 499
1891 1892
646 648
1846 1896
769 1344
648 773
1310 1339
876 1022
1708 1885
1783 1785
644 1337
518 528
1328 1329
1416 1558
1435 1573
1728 1729
1318 1319
873 1030
725 727
615 934
1430 1607
661 662
961 962
461 466
793 794
1809 1880
1698 1703
289 291
1879 1885
664 1249
1335 1338
1055 1233
1566 1652
1721 1870
1717 1719
1476 1596
543 545
460 463
1471 1473
1883 1945
229 230
193 195
1900 1901
1813 1814
196 197
397 398
1091 1092
1105 1286
1797 1828
1539 1540
903 1290
731 733
765 1162
767 786
676 678
563 1242
1028 1034
1792 1793
1822 1825
122 123
596 893
1857 1867
1472 1577
1634 1645
1556 1587
1758 1764
1012 1087
654 655
1917 1927
1539 1542
573 574
573 1317
1606 1640
682 684
265 266
451 452
543 1343
1841 1843
317 318
1452 1596
1467 1639
883 1227
672 1184
1498 1499
1406 1565
1769 1806
1401 1532
667 1018
1423 1592
1419 1420
1933 1935
1679 1698
1881 1936
1403 1471
398 429
1693 1919
764 1161
1134 1226
1743 1804
1384 1385
1022 1023
1425 1563
839 1325
1775 1791
665 780
1247 1304
679 1253
925 1106
226 227
352 353
1629 1653
668 669
749 750
1731 1732
1445 1491
1436 1437
601 1217
1482 1618
1790 1822
1732 1880
752 865
1088 1283
1472 1479
1796 1885
1832 1833
1442 1446
1878 1879
113 115
268 273
544 727
815 966
1096 1146
1094 1095
646 751
1238 1293
113 114
355 356
1568 1569
1712 1809
828 829
871 1185
837 838
1086 1087
705 818
1760 1762
193 215
394 429
376 377
656 666
692 693
1537 1551
1614 1663
1514 1544
1426 1508
1737 1810
931 1215
1490 1506
1726 1727
531 781
189 190
1817 1834
1143 1144
1144 1372
1838 1856
1836 1837
567 709
591 670
1495 1555
190 201
388 406
1488 1587
1817 1818
619 1346
151 152
1481 1664
1412 1418
1918 1928
844 1056
270 273
887 1148
1742 1810
1077 1265
742 743
975 1138
1777 1876
670 774
905 1272
1435 1624
1051 1112
1412 1417
1487 1637
690 691
1513 1545
235 236
1349 1350
1860 1942
652 1158
1772 1873
1938 1949
888 889
960 1282
775 1067
762 931
1912 1939
986 1103
1908 1930
732 992
1000 1001
1801 1811
1211 1237
1810 1811
524 564
1867 1890
648 970
1495 1496
749 751
1927 1929
1381 1493
1422 1618
821 822
1752 1923
723 724
763 899
1547 1554
312 324
470 486
711 712
1837 1856
1486 1507
119 120
1694 1715
310 323
1729 1730
974 1176
1176 1177
1293 1323
1767 1796
1422 1599
579 1185
1448 1449
1650 1651
1056 1057
1575 1623
767 880
927 928
773 1007
521 915
318 341
478 507
1747 1748
1069 1071
1502 1568
1605 1606
1113 1325
1745 1856
1182 1290
982 989
905 1271
1730 1777
1741 1752
1547 1549
1485 1522
1441 1443
1288 1289
233 348
1478 1630
1571 1580
1753 1754
1110 1216
1761 1762
1682 1699
658 778
1866 1890
679 1278
1044 1237
249 255
877 879
768 880
713 1264
1458 1520
1442 1444
954 973
1460 1554
676 677
955 972
1852 1853
720 1259
965 1116
554 582
706 1063
638 1001
676 1360
1212 1234
862 863
1380 1381
1389 1391
831 996
1347 1348
1529 1531
1507 1509
866 867
1740 1923
561 1083
1148 1149
572 942
837 1123
635 780
328 330
492 497
937 1349
1395 1486
1247 1248
1436 1584
842 1308
1563 1594
1718 1911
937 1060
1202 1263
1126 1127
153 154
647 773
1791 1825
1699 1872
1756 1760
708 1236
857 858
1625 1645
252 253
566 889
228 261
1495 1568
849 1026
271 272
1643 1646
1803 1875
1768 1847
790 878
1733 1772
1840 1950
1021 1241
564 1090
1738 1890
815 995
1437 1474
828 1328
544 828
966 967
1414 1586
1691 1943
1754 1755
1764 1852
1585 1586
845 847
759 1068
884 1068
917 1368
546 819
1722 1869
1407 1627
753 856
1680 1847
689 930
997 998
1211 1255
1224 1231
808 897
1390 1561
1909 1928
1019 1275
659 910
766 768
566 1247
1708 1767
1700 1907
926 1276
1783 1823
629 796
1714 1941
957 1057
1107 1109
1672 1674
1095 1099
565 1268
1101 1102
157 159
1454 1523
1218 1232
1904 1914
1631 1632
1181 1182
1002 1321
719 981
1553 1554
1727 1728
692 774
718 719
1448 1593
1428 1655
870 1030
531 1206
588 836
728 729
1799 1917
1920 1921
1579 1580
721 989
1591 1592
547 877
513 770
315 316
475 476
1013 1370
1447 1451
1785 1846
671 991
656 778
1512 1599
717 804
690 694
716 934
1036 1038
1940 1941
1394 1450
1798 1828
1724 1857
931 1087
1048 1050
662 663
1207 1208
886 1020
595 735
649 1307
1574 1658
751 863
1455 1638
904 988
774 869
710 858
974 1140
1177 1251
684 1157
964 1105
1378 1379
1770 1771
1753 1799
761 1003
681 730
1163 1166
1165 1166
1880 1906
1616 1617
680 730
1179 1180
1431 1432
590 1169
712 713
1390 1562
1806 1807
1709 1942
804 806
768 883
720 1342
1076 1258
643 644
1375 1376
971 1282
804 1311
1782 1883
1882 1933
1847 1897
541 1160
1416 1417
772 1366
918 922
1045 1309
1850 1851
1420 1452
518 1115
1745 1830
711 899
1229 1230
1451 1488
1576 1595
944 945
1561 1610
824 1017
989 990
795 1193
774 1067
1579 1604
998 1258
664 665
929 949
753 754
593 671
1395 1413
596 598
557 558
1728 1868
1814 1815
796 968
1557 1558
859 860
705 1343
1239 1240
1735 1736
1907 1920
804 1148
574 1139
1109 1110
1508 1510
640 642
900 902
824 1016
739 740
1597 1662
1556 1588
1137 1139
1762 1935
849 850
562 585
589 1169
1521 1611
141 142
259 260
1845 1871
1619 1629
1265 1266
1413 1636
1534 1550
1015 1183
1042 1058
733 904
806 981
706 814
1684 1685
751 1153
1851 1948
1754 1800
584 860
546 668
664 747
1903 1942
1692 1943
1735 1933
1776 1874
1453 1526
1152 1216
832 1115
1503 1617
1455 1639
591 593
260 347
985 986
1876 1918
1140 1141
538 1108
1413 1586
699 1023
605 608
1821 1926
1451 1556
992 1184
1436 1474
1706 1786
994 1193
864 865
1405 1659
1194 1197
1525 1622
669 819
683 684
745 1070
1673 1829
735 1281
1525 1621
568 1196
1353 1354
597 1266
576 1321
976 978
1473 1577
942 943
838 1320
1462 1511
1408 1429
1582 1583
707 708
1601 1602
934 1059
905 1028
596 597
1163 1164
875 1014
1543 1612
1655 1657
1479 1567
1567 1568
144 217
1711 1887
142 222
866 1081
1672 1879
1701 1871
725 1125
1945 1946
1119 1296
1136 1232
573 1100
763 1125
1827 1834
1760 1761
1713 1921
1518 1589
143 145
1534 1536
327 335
491 503
1784 1801
1354 1355
1865 1899
1815 1896
1700 1701
1384 1546
1005 1061
1784 1813
745 748
976 1277
1841 1932
1506 1542
1739 1918
1456 1634
360 362
1767 1904
940 1046
595 1364
1301 1302
590 836
1818 1819
840 988
1522 1523
710 1073
620 1351
868 1222
1859 1930
527 528
1671 1674
825 826
1813 1899
650 1133
1500 1517
588 590
993 994
627 1278
947 1341
551 553
1795 1848
675 929
1673 1878
1502 1616
1176 1297
967 1214
523 801
985 1199
1047 1307
1415 1559
1783 1831
1596 1650
1554 1570
1065 1187
1793 1794
1565 1566
1558 1642
820 1121
599 601
601 606
1682 1683
841 1086
858 1072
641 1324
890 892
758 759
1225 1231
1046 1309
1717 1947
907 908
797 993
799 1331
1097 1112
695 874
764 765
1771 1792
881 882
1336 1369
948 950
1326 1327
261 343
1690 1895
849 887
1484 1521
1729 1775
689 1131
1484 1562
1811 1899
1699 1921
129 132
1779 1884
1800 1821
906 1033
740 1071
1249 1250
764 1170
811 813
822 913
1045 1307
776 870
1417 1418
628 976
1543 1603
1655 1656
331 340
498 503
950 1047
1826 1889
531 816
737 738
1492 1588
1406 1635
621 1287
799 861
1050 1053
682 1040
722 724
610 1059
225 226
1776 1791
739 741
636 780
818 819
738 927
1438 1571
1052 1054
535 1079
670 671
574 942
1073 1122
1700 1905
1101 1199
1561 1611
1155 1325
1155 1345
811 812
1254 1259
1135 1330
858 1169
714 1099
1492 1506
1093 1239
1426 1637
1128 1129
706 1062
584 1195
1470 1536
668 873
938 1093
635 636
615 716
630 631
1374 1375
970 1133
809 848
1508 1509
707 1273
895 1274
560 581
845 846
1031 1032
1545 1550
636 779
539 1247
1560 1585
1620 1621
878 879
1476 1651
1644 1646
1692 1939
1818 1889
615 616
1385 1591
1057 1322
1530 1531
791 792
594 595
1452 1650
888 1196
1160 1251
1414 1415
1682 1872
717 1299
665 1172
1498 1519
1004 1009
935 1093
971 1283
1024 1025
1383 1386
1387 1388
1787 1902
1216 1220
575 1239
752 960
246 248
438 440
814 1329
1661 1662
1774 1909
1048 1049
1538 1643
551 552
558 559
719 805
651 652
693 774
982 1260
1528 1578
1556 1666
612 615
618 1066
1623 1648
678 881
1200 1277
924 1291
1122 1123
631 637
1377 1378
1076 1077
514 788
561 580
754 755
1008 1035
807 1026
686 893
830 1136
1118 1119
930 948
528 1116
1516 1632
1535 1536
1593 1621
540 552
549 550
1422 1482
1755 1946
721 855
1180 1361
1468 1470
664 1250
1500 1529
1468 1516
1033 1318
1705 1934
608 1340
1391 1412
1594 1652
587 602
1187 1279
883 1228
1065 1213
1307 1308
1041 1080
861 998
935 1060
939 1129
632 634
1796 1904
1482 1619
808 809
1681 1683
652 1007
1040 1150
931 1012
1906 1907
1460 1570
849 1027
1049 1050
920 922
638 639
1844 1871
889 1248
867 958
1496 1597
1557 1649
893 894
247 250
746 1070
1389 1390
1053 1233
972 1156
955 1347
1086 1235
623 1363
1553 1558
986 1102
724 894
959 1088
1396 1397
1399 1400
1028 1029
1058 1098
718 720
1076 1265
748 876
890 1078
1475 1477
800 915
592 1087
651 907
1789 1917
966 995
1487 1507
622 1253
1520 1523
1322 1323
208 214
1407 1656
1536 1603
1548 1552
1684 1892
1219 1367
1244 1289
797 984
626 1256
745 746
565 1269
939 941
1175 1297
898 899
1173 1177
699 1022
851 1284
786 1373
717 805
519 777
908 1294
1418 1570
560 1340
786 1351
874 1038
580 581
1564 1635
801 1350
807 808
736 1312
760 792
885 1204
659 660
661 685
1457 1531
977 1353
1221 1257
1265 1267
1173 1176
848 852
569 889
724 1168
1072 1333
1708 1710
864 1021
911 1306
836 1073
1117 1118
596 713
981 989
1502 1617
566 1248
1736 1743
1190 1191
583 1171
1138 1141
523 943
1404 1608
1082 1314
716 1054
620 1373
577 1087
739 1250
115 130
358 360
1424 1574
1836 1841
1395 1586
1014 1038
1114 1115
1074 1075
1223 1224
1480 1619
555 1252
559 1171
1839 1852
925 989
920 1062
1427 1636
672 731
623 624
968 1371
875 891
792 878
1499 1530
542 551
965 995
1469 1661
929 930
1232 1369
1396 1605
1007 1034
1428 1546
832 1117
926 1260
983 1099
900 901
991 992
1515 1538
799 1210
1494 1598
653 1288
685 734
638 999
1036 1147
1133 1282
811 1332
757 758
999 1219
1018 1312
1546 1657
794 985
812 913
1003 1006
681 1039
731 1183
1504 1632
887 1149
528 781
1084 1274
1178 1273
936 938
577 592
526 946
610 611
1800 1926
813 1142
985 1101
722 1186
736 737
654 1261
649 1308
1084 1120
968 977
1154 1158
784 1217
628 1277
641 642
981 990
1197 1198
1515 1643
735 1284
736 738
1017 1312
625 626
969 1371
1168 1264
755 982
1315 1362
1096 1103
878 1201
1037 1038
740 1249
760 879
686 687
1432 1664
1623 1626
1862 1933
1636 1637
1218 1369
1577 1615
1394 1395
120 143
953 1352
957 1056
614 618
715 984
944 1304
1485 1630
704 814
617 618
1559 1585
1509 1606
829 1328
983 986
783 1089
1023 1132
1123 1303
1254 1255
812 1145
678 882
655 1263
992 1086
726 765
1112 1237
1210 1331
748 1023
1765 1914
641 698
1034 1319
1077 1266
700 1010
762 1215
852 853
1004 1005
1832 1837
578 591
876 1025
768 1228
778 779
697 699
603 607
606 607
1297 1361
881 883
1422 1423
821 1189
1621 1622
794 1193
701 1010
1147 1151
725 763
1356 1357
1150 1174
1267 1300
1270 1299
1268 1365
916 921
732 1184
1159 1160
1245 1246
956 1057
1480 1629
790 1162
933 1161
634 1316
1356 1358
702 1368
1238 1323
1083 1289
1114 1214
1393 1394
1398 1399
539 566
1024 1305
940 1309
813 1145
863 972
1159 1251
1120 1203
1686 1687
794 987
975 1139
723 1010
643 1337
548 549
548 556
1819 1821
936 1240
781 782
1299 1364
1300 1302
557 562
613 614
1510 1563
633 1316
846 1348
817 1098
633 1359
1203 1363
1093 1094
1398 1400
1649 1654
541 554
1207 1209
627 679
1259 1342
624 896
1037 1064
779 780
1922 1923
677 1313
696 1150
598 686
696 1205
1050 1233
535 1080
1179 1361
437 438
801 936
822 912
619 1065
597 1074
616 617
697 1024
572 909
355 371
1124 1279
1295 1339
1638 1639
898 1264
1043 1080
576 582
535 536
1835 1913
1271 1318
1066 1346
539 1280
1314 1362
1667 1669
1667 1677
698 1024
893 1186
534 782
530 533
530 536
532 533
532 536
527 534
611 612
611 614
