2953795454504214616 534 572
-0.045572 -1.154411 -0.986811
-1.243086 -0.899376 -0.340484
-0.332012 0.040932 -1.411948
-1.453522 0.904740 -0.507914
-0.497480 1.126826 1.264023
-1.278403 -0.481964 0.594057
1.284535 1.092278 0.385813
1.341094 -0.424651 0.467660
1.149529 -1.138394 -0.014296
1.394709 -0.740346 -0.410822
0.110060 1.038597 -0.932605
0.057740 -0.937350 1.392435
1.273138 0.678725 -0.631339
-0.367643 0.060715 -1.349655
0.628451 0.214389 -1.157078
0.140986 -0.890614 -1.230384
0.483305 -1.091061 -1.032970
-0.485319 -1.004339 -0.964788
0.189462 0.887628 -1.053108
-0.713249 0.647751 -0.989644
-0.653700 1.065176 -0.772166
-0.056525 -1.112865 -0.892469
0.810686 -1.008613 -0.593288
1.194043 -0.061492 -0.568502
1.304601 -0.347044 -0.494804
1.379776 -0.710435 -0.347661
1.263427 0.664751 -0.568763
0.430697 1.033829 -0.808836
-1.328958 0.787908 -0.501839
-0.970405 1.095387 -0.495922
-1.253321 -0.140602 -0.517436
-0.946458 -1.045471 -0.220207
1.545631 -0.894960 -0.025447
-1.363189 0.476637 -0.236486
1.239669 0.913898 -0.453812
1.263624 0.705188 0.346709
-1.155831 -0.768254 -0.360780
-1.497730 0.889425 -0.251638
1.118334 1.090852 -0.361935
-0.397837 -1.104720 0.873496
1.180518 -1.108348 0.268535
-1.312775 0.124200 0.522736
-1.207639 -0.951519 0.087335
-0.830693 1.125215 0.672121
-1.404085 0.714751 0.246357
1.235267 1.009158 0.306882
-1.215182 -0.481612 0.544251
1.531352 -0.736793 0.257541
1.203684 0.207992 0.506550
-0.565091 -0.864276 1.066418
1.000103 1.050271 0.653161
-0.487786 1.045497 1.147249
0.707456 -0.519622 1.053581
-0.739509 0.314429 1.170192
0.479956 1.097433 0.991698
0.362103 -1.039522 1.085668
0.643599 0.871763 1.054453
0.035320 -0.858226 1.271111
0.260563 0.920455 1.266428
0.457044 -1.071048 -0.990344
0.471894 0.497054 -1.062037
-0.038374 -1.052944 -1.054105
-0.650538 1.083542 -0.765892
0.371040 -1.095398 -0.994598
0.836946 -0.979943 -0.704909
0.849605 0.576359 -0.850108
0.098771 1.018326 -0.906094
-0.416898 -1.039064 -0.844502
0.956295 0.518418 -0.767812
-0.298188 1.046931 -0.872188
1.227548 0.204063 -0.598018
1.247128 0.669531 -0.564650
0.431481 1.023909 -0.799088
1.294646 -0.348036 -0.488989
-1.202657 0.248100 -0.569669
0.829818 1.055412 -0.555508
1.164738 -0.060024 -0.549998
-0.686520 -1.034736 -0.554755
-0.967475 1.085778 -0.495557
-1.214225 -0.132151 -0.488266
-1.276809 0.659057 -0.563875
-1.325908 0.788773 -0.497013
1.157521 -1.007384 -0.326010
1.270887 0.460487 -0.584330
1.241503 0.915860 -0.447975
-1.152943 -0.769337 -0.368182
1.285025 0.000374 -0.084429
-0.950264 -1.060658 -0.222723
1.379029 -0.710808 -0.350724
-1.427146 0.822474 -0.386052
-1.156532 -0.901150 -0.248072
1.100691 1.070510 -0.357984
-1.183094 -0.875208 -0.099407
1.144080 -1.108923 -0.039863
1.186048 1.054644 -0.131655
-1.448507 0.847810 -0.253256
1.465477 -0.845259 -0.187810
0.768650 -1.111960 0.051082
-1.143075 1.064616 -0.207316
1.252760 0.703070 0.349445
1.523566 -0.860044 -0.009658
-1.474660 0.790488 0.033626
1.168666 0.200166 0.487260
-1.188160 -0.933007 0.079474
-0.511448 1.130461 0.931820
-1.114723 1.066478 0.246006
-0.825908 1.111817 0.670333
1.158431 -1.090187 0.260351
-1.393076 0.715846 0.242036
-0.688365 -1.045107 0.685743
-1.289860 0.125028 0.514518
1.225473 1.000072 0.306592
-1.252280 -0.223559 0.547749
1.517913 -0.727871 0.242669
0.600461 -1.098215 0.278021
1.312900 -0.000026 0.396760
1.317028 -0.424289 0.452091
-1.152227 -0.872400 0.318424
1.276553 -0.936068 0.423496
-1.208249 -0.479625 0.545615
0.996842 1.048598 0.648621
0.956740 -0.894572 0.710426
-0.388224 -1.132179 0.871019
-0.071019 -1.115519 1.007225
0.474916 1.087071 0.987385
0.777130 1.031653 0.848748
0.684133 -0.950795 0.923463
0.351999 -1.024750 1.063318
0.080227 1.080146 1.092944
-0.146067 1.086007 1.121092
-0.046515 -1.178302 -1.007233
-1.268812 -0.917989 -0.347530
-0.338883 0.041779 -1.441168
-1.483603 0.923464 -0.518425
-0.507775 1.150146 1.290182
-1.483603 0.923464 -0.518425
-1.304860 -0.491938 0.606351
1.311119 1.114883 0.393798
1.368848 -0.433439 0.477338
1.173319 -1.161953 -0.014592
1.423573 -0.755668 -0.419324
0.112338 1.060091 -0.951906
0.112338 1.060091 -0.951906
0.058935 -0.956749 1.421252
1.368848 -0.433439 0.477338
1.173319 -1.161953 -0.014592
1.299486 0.692771 -0.644405
1.423573 -0.755668 -0.419324
1.299486 0.692771 -0.644405
-1.304860 -0.491938 0.606351
-1.483603 0.923464 -0.518425
-1.268812 -0.917989 -0.347530
1.311119 1.114883 0.393798
1.299486 0.692771 -0.644405
0.634186 0.209022 -1.171540
0.182321 0.869656 -1.036714
1.024199 0.904952 -0.574114
-0.953198 -1.036547 -0.226240
-0.399721 -1.128551 0.881353
-0.346053 -0.906352 -1.074770
-1.230640 -0.135906 -0.508239
-0.631572 -0.925432 1.001154
-1.221508 -0.479567 0.559664
-1.193925 -0.946431 0.087385
-0.994591 1.094134 0.023863
-0.830562 1.132516 0.680259
-1.501228 0.798044 0.040148
-1.304509 0.119808 0.519153
-0.465385 1.041919 1.134868
1.520610 -0.728603 0.249647
1.279629 -0.950578 0.433340
1.527916 -0.861526 -0.018880
0.105279 1.018273 -0.908499
1.024199 0.904952 -0.574114
0.182321 0.869656 -1.036714
1.154435 -1.121445 -0.033968
1.401568 -0.716949 -0.354479
-1.347932 0.807045 -0.507826
-1.169644 -0.781585 -0.361486
0.283579 0.248516 1.299093
1.011699 1.061195 0.679988
0.058461 -0.852795 1.234229
1.322394 -0.420501 0.446421
0.356006 -1.046095 1.073597
-0.656859 1.099758 -0.783195
0.259710 0.939615 1.196896
-0.656859 1.099758 -0.783195
-1.347932 0.807045 -0.507826
0.808021 -1.024567 -0.597060
-0.054312 -1.105897 -0.898323
1.236090 1.001032 0.298685
0.474501 -1.090647 -1.039463
1.197853 -0.052550 -0.570974
1.102133 1.073580 -0.359119
-0.078708 -0.459337 -1.325672
1.269669 0.666985 -0.568304
1.184089 1.059216 -0.139124
1.236090 1.001032 0.298685
1.269669 0.666985 -0.568304
1.184089 1.059216 -0.139124
-1.221508 -0.479567 0.559664
-1.304509 0.119808 0.519153
-1.193925 -0.946431 0.087385
1.527916 -0.861526 -0.018880
1.401568 -0.716949 -0.354479
1.520610 -0.728603 0.249647
-1.501228 0.798044 0.040148
-1.230640 -0.135906 -0.508239
-1.347932 0.807045 -0.507826
-1.169644 -0.781585 -0.361486
1.322394 -0.420501 0.446421
1.197853 -0.052550 -0.570974
1.024199 0.904952 -0.574114
1.102133 1.073580 -0.359119
0.184189 0.863124 -1.025173
1.018180 0.894784 -0.565211
1.320218 -0.421112 0.449411
1.182654 0.197585 0.509873
-0.398108 -1.120901 0.871110
-0.951188 -1.057945 -0.225104
-1.230205 -0.135739 -0.507442
1.173584 -0.053776 -0.563495
1.228722 0.200378 -0.608357
1.309394 0.012792 0.401763
-1.480785 0.785401 0.029531
-1.119735 1.064200 0.244639
-1.219864 -0.478318 0.558867
-1.152545 -0.885307 0.311622
-0.513734 1.122162 0.929935
-1.403978 0.707814 0.234304
-1.303879 0.119489 0.518647
-0.450657 1.012057 1.106408
-0.151918 1.084862 1.124674
1.517271 -0.729002 0.250182
1.273263 -0.940773 0.424665
1.527916 -0.861526 -0.018880
-0.294797 0.924843 -0.994841
0.101725 1.029166 -0.899650
1.018180 0.894784 -0.565211
0.184189 0.863124 -1.025173
0.428626 1.027333 -0.799543
1.149904 -1.110963 -0.033554
1.156052 -1.092668 0.254363
-1.169884 -0.780737 -0.362041
-0.714161 -1.035382 -0.550705
-0.343895 -0.898175 -1.068774
-1.277949 0.653573 -0.561901
1.398007 -0.711797 -0.351615
0.482819 -0.986905 0.035561
0.802782 -1.041604 -0.595091
-1.186866 -0.941068 0.083948
0.457069 -1.071601 -0.999612
0.865709 -0.980472 -0.688315
0.639172 0.876991 1.055538
0.063355 -0.845046 1.219853
-0.337554 0.269351 1.301156
0.686428 -0.949094 0.931012
0.960813 -0.886096 0.716844
-1.326988 0.790715 -0.493023
-0.876444 1.017957 -0.674564
-0.650595 1.085163 -0.771727
-0.824993 1.111586 0.671140
0.246840 0.923629 1.171850
0.350871 -1.034764 1.061128
-0.876444 1.017957 -0.674564
-1.326988 0.790715 -0.493023
-0.966510 1.084672 -0.495494
-0.053878 -1.098660 -0.897418
1.002659 1.048709 0.652342
1.252116 0.709731 0.351211
-0.034507 -1.048646 -1.062762
-1.432940 0.826543 -0.383876
0.478037 1.085991 0.992067
1.229035 1.000056 0.297715
-0.067503 -1.117903 1.007281
-0.565771 0.632031 1.192480
-0.650595 1.085163 -0.771727
1.261124 0.665415 -0.561918
1.180820 1.056962 -0.137225
1.101622 1.074597 -0.357672
-0.294797 0.924843 -0.994841
1.241463 0.908934 -0.451528
1.241463 0.908934 -0.451528
1.252116 0.709731 0.351211
1.229035 1.000056 0.297715
1.180820 1.056962 -0.137225
-1.219864 -0.478318 0.558867
-1.303879 0.119489 0.518647
-1.186866 -0.941068 0.083948
1.261124 0.665415 -0.561918
1.241463 0.908934 -0.451528
1.320218 -0.421112 0.449411
1.309394 0.012792 0.401763
1.284177 -0.005007 -0.092448
1.173584 -0.053776 -0.563495
1.398007 -0.711797 -0.351615
1.182654 0.197585 0.509873
1.228722 0.200378 -0.608357
1.527916 -0.861526 -0.018880
1.517271 -0.729002 0.250182
-1.403978 0.707814 0.234304
-1.230205 -0.135739 -0.507442
-1.277949 0.653573 -0.561901
-1.480785 0.785401 0.029531
-1.432940 0.826543 -0.383876
-1.169884 -0.780737 -0.362041
-1.152545 -0.885307 0.311622
-1.326988 0.790715 -0.493023
1.101622 1.074597 -0.357672
0.460529 0.901821 -0.876718
1.017123 0.893443 -0.563205
-0.950487 -1.060233 -0.224730
-1.212171 -0.132347 -0.499039
1.158306 -0.054443 -0.552258
1.223814 0.200396 -0.606266
1.319430 -0.420956 0.448673
1.309394 0.012792 0.401763
-1.205601 0.251597 -0.573000
-1.448982 0.849297 -0.247571
-1.119735 1.064200 0.244639
-1.208445 -0.476521 0.546988
-1.150671 -0.881818 0.310406
-0.513299 1.132034 0.928855
-1.402906 0.708261 0.234251
-1.288581 0.121555 0.517837
-0.151918 1.084862 1.124674
1.516345 -0.729394 0.250263
1.272922 -0.940707 0.424343
1.523468 -0.858778 -0.016009
-0.308202 1.055223 -0.863455
1.017123 0.893443 -0.563205
0.460529 0.901821 -0.876718
0.428266 1.026881 -0.798879
1.150045 -1.108325 -0.033389
1.148439 -1.012369 -0.329153
1.463088 -0.848788 -0.189173
1.156052 -1.092668 0.254363
-1.478521 0.783691 0.029799
-1.155154 -0.905601 -0.243888
-0.710921 -1.030406 -0.546577
-1.278558 0.654029 -0.561936
1.384788 -0.713727 -0.344486
-0.683381 -1.044358 0.696746
-1.183791 -0.939363 0.084794
-1.186491 -0.867087 -0.101644
0.456578 -1.066828 -0.997505
0.960813 -0.886096 0.716844
0.684898 -0.945582 0.929676
-1.327880 0.790921 -0.494350
-0.876444 1.017957 -0.674564
-0.650398 1.080441 -0.768382
-0.824993 1.111586 0.671140
-1.155159 -0.776309 -0.360478
-0.291347 0.917856 -0.979807
0.350223 -1.033249 1.060600
-0.876444 1.017957 -0.674564
-1.327880 0.790921 -0.494350
-0.966510 1.084672 -0.495494
-0.397360 -1.130960 0.868725
1.000017 1.048009 0.649391
1.252116 0.709731 0.351211
-0.442614 -0.985942 -0.921171
-0.034522 -1.048505 -1.062699
1.291153 -0.351862 -0.496284
-1.427951 0.822776 -0.383286
-1.251513 -0.217452 0.551022
0.478037 1.085991 0.992067
0.101894 1.023264 -0.896703
0.178602 0.853040 -1.002305
1.229035 1.000056 0.297715
0.860904 -0.978192 -0.682610
0.355089 -1.100547 -0.992928
1.165801 0.195695 0.493681
-0.650398 1.080441 -0.768382
1.255194 0.665445 -0.559525
-0.067721 -1.118891 1.007052
1.272466 0.449428 -0.581244
1.180820 1.056962 -0.137225
1.101622 1.074597 -0.357672
0.178602 0.853040 -1.002305
-0.291347 0.917856 -0.979807
1.241463 0.908934 -0.451528
1.241463 0.908934 -0.451528
1.252116 0.709731 0.351211
1.229035 1.000056 0.297715
1.180820 1.056962 -0.137225
-1.251513 -0.217452 0.551022
-1.183791 -0.939363 0.084794
1.255194 0.665445 -0.559525
1.241463 0.908934 -0.451528
1.319430 -0.420956 0.448673
1.309394 0.012792 0.401763
1.286063 -0.005055 -0.092556
1.158306 -0.054443 -0.552258
1.291153 -0.351862 -0.496284
1.165801 0.195695 0.493681
1.223814 0.200396 -0.606266
1.523468 -0.858778 -0.016009
1.516345 -0.729394 0.250263
1.384788 -0.713727 -0.344486
1.463088 -0.848788 -0.189173
-1.402906 0.708261 0.234251
-1.288581 0.121555 0.517837
-1.205601 0.251597 -0.573000
-1.278558 0.654029 -0.561936
-1.186491 -0.867087 -0.101644
-1.155159 -0.776309 -0.360478
-1.212171 -0.132347 -0.499039
-1.478521 0.783691 0.029799
-1.427951 0.822776 -0.383286
-1.448982 0.849297 -0.247571
-1.155154 -0.905601 -0.243888
-1.208445 -0.476521 0.546988
-1.150671 -0.881818 0.310406
-1.327880 0.790921 -0.494350
1.272466 0.449428 -0.581244
1.101622 1.074597 -0.357672
0.846655 0.577281 -0.851608
0.460529 0.901821 -0.876718
1.017071 0.893270 -0.563110
0.828597 1.059650 -0.546608
0.427454 1.024184 -0.797403
-0.950463 -1.060283 -0.224736
-1.210758 -0.131771 -0.497994
1.160212 -0.054817 -0.553996
1.222823 0.200029 -0.605125
1.319430 -0.420956 0.448673
1.309394 0.012792 0.401763
-1.202773 0.251276 -0.569901
-1.448982 0.849297 -0.247571
-1.119735 1.064200 0.244639
-1.208445 -0.476521 0.546988
-1.150671 -0.881818 0.310406
-0.513462 1.130960 0.928775
-1.365478 0.619140 0.310049
-1.288396 0.121459 0.517618
-0.152132 1.084012 1.123566
0.350180 -1.032143 1.059195
-0.068367 -1.115583 1.006625
1.516345 -0.729394 0.250263
1.272581 -0.940659 0.423959
1.523468 -0.858778 -0.016009
-0.308202 1.055223 -0.863455
1.017071 0.893270 -0.563110
0.460529 0.901821 -0.876718
1.150045 -1.108325 -0.033389
1.148439 -1.012369 -0.329153
1.463088 -0.848788 -0.189173
1.156052 -1.092668 0.254363
-1.478521 0.783691 0.029799
-1.401572 0.707576 0.232684
-1.155154 -0.905601 -0.243888
-0.710743 -1.030761 -0.546217
1.181042 1.058688 -0.137172
-1.278558 0.654029 -0.561936
1.384788 -0.713727 -0.344486
-0.683381 -1.044358 0.696746
-1.183791 -0.939363 0.084794
-1.186491 -0.867087 -0.101644
0.455719 -1.066279 -0.995380
0.960813 -0.886096 0.716844
1.255194 0.665445 -0.559525
0.958802 0.519086 -0.765551
0.684120 -0.945187 0.928022
-1.327880 0.790921 -0.494350
-0.876444 1.017957 -0.674564
-0.650398 1.080441 -0.768382
-0.824993 1.111586 0.671140
-1.155633 -0.776468 -0.361233
-0.291288 0.917334 -0.978561
0.178602 0.853040 -1.002305
0.047123 -1.043021 1.096712
-0.876444 1.017957 -0.674564
-1.327880 0.790921 -0.494350
-0.966510 1.084672 -0.495494
-0.397360 -1.130960 0.868725
0.998307 1.047249 0.647569
1.252116 0.709731 0.351211
0.479823 0.501940 -1.057500
-0.034522 -1.048505 -1.062699
-0.423728 -1.038303 -0.840398
1.290904 -0.351791 -0.496020
-1.427951 0.822776 -0.383286
-1.251513 -0.217452 0.551022
0.477415 1.084745 0.990566
0.155835 1.077360 1.084182
0.770801 1.032104 0.852824
0.101894 1.023264 -0.896703
1.229035 1.000062 0.297715
0.860904 -0.978192 -0.682610
0.355089 -1.100547 -0.992928
1.165801 0.195695 0.493681
-0.650398 1.080441 -0.768382
1.272767 0.449326 -0.581773
1.100355 1.070390 -0.355371
0.178602 0.853040 -1.002305
-0.291288 0.917334 -0.978561
1.241463 0.908934 -0.451528
1.241463 0.908934 -0.451528
1.252116 0.709731 0.351211
1.229035 1.000062 0.297715
1.181042 1.058688 -0.137172
-1.251513 -0.217452 0.551022
-1.183791 -0.939363 0.084794
1.255194 0.665445 -0.559525
1.241463 0.908934 -0.451528
1.319430 -0.420956 0.448673
1.309394 0.012792 0.401763
1.286063 -0.005055 -0.092556
1.160212 -0.054817 -0.553996
1.290904 -0.351791 -0.496020
1.165801 0.195695 0.493681
1.222823 0.200029 -0.605125
1.523468 -0.858778 -0.016009
1.516345 -0.729394 0.250263
1.384788 -0.713727 -0.344486
1.463088 -0.848788 -0.189173
-1.365478 0.619140 0.310049
-1.288396 0.121459 0.517618
-1.202773 0.251276 -0.569901
-1.278558 0.654029 -0.561936
-1.186491 -0.867087 -0.101644
-1.155633 -0.776468 -0.361233
-1.210758 -0.131771 -0.497994
-1.478521 0.783691 0.029799
-1.401572 0.707576 0.232684
-1.427951 0.822776 -0.383286
-1.448982 0.849297 -0.247571
-1.155154 -0.905601 -0.243888
-1.208445 -0.476521 0.546988
-1.150671 -0.881818 0.310406
-1.327880 0.790921 -0.494350
1.272767 0.449326 -0.581773
1.100355 1.070390 -0.355371
134 143
4 11
134 135
134 137
3 4
4 6
134 136
4 5
131 133
150 151
143 145
1 3
135 136
149 150
137 142
8 11
3 5
6 10
132 133
143 144
2 3
7 11
133 141
135 142
136 143
130 147
3 10
5 11
0 9
130 145
137 144
138 152
0 8
6 7
140 153
146 147
9 12
182 190
197 210
130 131
0 1
24 35
130 132
0 2
141 146
142 148
10 12
132 141
176 191
2 10
16 25
47 52
37 43
40 55
172 193
39 42
170 183
157 189
137 148
152 153
6 12
159 178
20 27
13 15
131 136
149 151
47 48
1 5
154 195
165 166
14 26
155 156
173 174
214 215
238 239
160 177
207 208
22 32
28 30
180 185
155 184
174 186
18 20
138 139
144 145
191 194
17 31
164 186
166 167
201 206
34 35
27 38
35 38
240 279
332 378
177 184
186 187
19 28
220 246
301 302
39 55
158 183
172 186
51 53
13 19
51 58
237 276
244 267
168 185
161 181
23 26
176 192
204 211
221 247
294 295
192 195
198 211
248 249
179 185
15 17
38 45
164 165
175 188
160 178
207 209
162 163
200 202
220 243
301 305
323 324
401 402
423 468
522 523
312 352
406 407
229 230
287 300
108 110
41 44
42 46
30 36
79 85
232 272
325 366
293 296
418 419
443 444
309 310
330 331
49 57
392 395
508 511
268 272
139 140
145 147
359 366
120 124
50 54
86 102
29 37
41 46
8 9
162 167
200 201
226 230
286 287
43 51
165 168
198 199
253 268
166 187
206 208
60 68
50 56
462 478
16 21
188 191
16 22
189 191
434 435
517 518
217 269
283 296
360 372
383 395
477 491
499 511
348 349
355 356
464 465
472 473
258 259
264 265
37 44
35 48
251 252
225 261
319 351
430 467
345 370
459 489
105 106
32 40
170 175
417 461
65 71
64 82
251 270
26 38
199 212
36 42
214 236
239 280
59 64
226 227
286 306
163 178
202 209
353 368
379 380
469 470
495 496
420 421
243 250
288 305
320 321
412 413
431 432
529 530
222 277
289 297
72 75
339 361
334 370
446 489
171 175
236 260
276 280
350 353
373 380
466 469
492 496
180 190
190 196
197 199
94 111
15 16
255 275
453 488
500 501
273 278
284 285
369 377
384 385
56 58
216 223
291 292
315 316
390 391
426 427
506 507
33 37
232 262
118 121
234 257
440 460
327 346
354 375
263 274
115 116
77 87
268 273
359 369
476 488
20 29
45 50
113 116
266 276
224 271
303 304
74 80
357 373
474 492
55 57
62 78
216 233
291 299
315 326
390 398
426 439
506 514
61 63
169 182
205 210
31 42
111 120
104 129
322 325
433 436
329 367
442 487
228 232
452 480
428 454
519 520
104 106
317 340
403 404
124 128
25 32
231 275
422 457
311 343
219 250
157 163
87 103
322 351
228 261
433 467
455 481
510 515
341 363
394 399
219 244
311 339
422 452
66 69
362 371
479 490
73 88
67 77
54 58
312 317
403 407
423 428
519 523
181 183
74 79
235 247
295 298
171 176
203 204
334 335
446 447
254 263
169 170
82 96
18 27
256 263
347 354
62 69
437 463
126 127
233 234
113 118
439 440
326 327
109 122
358 375
218 274
438 475
329 373
442 492
256 257
346 347
501 505
460 463
285 290
385 389
110 112
121 126
84 94
66 72
122 123
342 358
456 475
245 270
324 365
386 402
435 483
502 518
156 195
198 212
237 240
332 367
421 487
78 98
75 91
484 485
420 494
158 161
313 363
393 394
424 481
509 510
32 47
73 76
28 37
23 24
309 368
331 379
418 470
444 495
436 485
231 232
35 45
476 486
437 471
99 111
93 107
233 235
298 299
169 171
203 205
120 125
326 328
397 398
439 441
513 514
477 488
499 500
269 273
283 284
360 369
383 384
95 101
302 304
241 242
333 336
445 448
404 409
520 526
318 337
408 410
429 449
524 527
100 113
80 89
173 193
212 213
97 114
70 76
26 34
71 84
313 314
393 396
277 281
289 290
424 425
509 512
374 381
388 389
461 497
504 505
221 222
294 297
102 115
320 365
386 412
431 483
502 529
70 83
112 119
422 451
311 338
425 493
512 532
314 376
396 415
259 260
264 276
349 350
355 373
465 466
472 492
419 497
443 498
310 381
330 382
215 281
238 282
316 372
391 395
427 491
507 511
103 117
217 223
292 296
91 94
227 250
288 306
279 282
290 308
378 382
389 416
101 108
193 196
199 213
321 343
387 413
432 457
503 530
494 498
505 533
278 279
285 308
377 378
385 416
34 38
453 494
501 533
224 229
300 303
323 337
401 408
449 450
524 525
88 96
128 129
84 91
335 341
399 400
447 455
515 516
461 493
504 532
374 376
388 415
71 83
343 344
387 405
457 458
503 521
92 103
96 100
328 335
397 400
441 447
513 516
85 90
451 468
522 528
338 352
406 411
246 258
302 307
340 348
404 414
454 464
520 531
265 271
304 307
81 89
90 92
356 364
409 414
473 482
526 531
338 344
405 411
451 458
521 528
318 364
409 410
429 482
526 527
89 95
434 450
517 525
345 371
459 490
59 63
