14988118798303025752 1989 1900
0.232706 -0.041771 1.523830
0.238163 -0.064323 1.518151
0.172686 -0.086242 1.533045
0.158674 -0.079089 1.520571
0.155862 -0.100692 1.508228
0.194718 -0.134418 1.451665
0.175460 -0.125895 1.475516
0.181373 -0.119982 1.458828
0.177391 -0.156835 1.422215
0.184172 -0.154595 1.448596
0.196090 -0.149926 1.434157
0.187620 -0.155486 1.427945
0.177102 -0.118734 1.432057
0.170064 -0.113900 1.440842
0.174774 -0.103399 1.422369
0.214201 -0.145340 1.441732
0.186395 -0.150029 1.420174
0.185106 -0.151683 1.421340
0.182862 -0.152979 1.420483
0.232524 -0.132028 1.439319
0.200832 -0.141294 1.434247
0.192322 -0.146402 1.413683
0.185910 -0.151644 1.421618
0.185106 -0.151683 1.421340
0.186395 -0.150029 1.420174
0.199742 -0.124695 1.379572
0.185865 -0.119044 1.402443
0.195638 -0.114906 1.387738
0.226666 0.002553 1.363886
0.191132 -0.029156 1.385837
0.179417 -0.043132 1.379260
0.176256 -0.033116 1.381748
0.246142 -0.064238 1.365715
0.207792 -0.025342 1.382532
0.200360 -0.035750 1.366533
0.175949 -0.053404 1.370941
0.241745 -0.104776 1.370130
0.232241 -0.092219 1.350705
0.210426 -0.069168 1.353115
0.209697 -0.070173 1.363694
0.198212 -0.049356 1.363298
0.210518 -0.104162 1.354518
0.222252 -0.108748 1.365514
0.213963 -0.097480 1.349353
0.219354 -0.079642 1.348026
0.217456 -0.099216 1.366116
0.221421 -0.074414 1.348608
0.210518 -0.104162 1.354518
0.213963 -0.097480 1.349353
0.208537 -0.073859 1.336957
0.205614 -0.108080 1.352130
0.213963 -0.097480 1.349353
0.205614 -0.108080 1.352130
0.206542 -0.007206 1.337065
0.209634 -0.015764 1.340542
0.220338 -0.006861 1.362563
0.221421 -0.074414 1.348608
0.215165 -0.061546 1.340124
0.215515 -0.057147 1.347880
0.225278 -0.043546 1.358015
0.213963 -0.097480 1.349353
0.203911 -0.089718 1.339318
0.213963 -0.097480 1.349353
0.203911 -0.089718 1.339318
0.214853 -0.009271 1.348273
0.209634 -0.015764 1.340542
0.232495 -0.067463 1.344815
0.215393 -0.086958 1.344371
0.209156 -0.015505 1.338904
0.206542 -0.007206 1.337065
0.215306 -0.039558 1.351624
0.215306 -0.039558 1.351624
0.204250 0.000900 1.337389
0.215346 0.000122 1.352765
0.215346 0.000122 1.352765
0.204250 0.000900 1.337389
0.215393 -0.086958 1.344371
0.227589 0.038686 1.406674
0.177189 -0.004930 1.452939
0.176827 -0.014309 1.458025
0.178761 -0.000635 1.475418
0.180667 -0.043670 1.542573
0.185414 -0.058790 1.547397
0.203558 0.020075 1.497282
0.204074 0.033342 1.474812
0.203356 -0.144213 1.473874
0.173890 -0.124784 1.498764
0.152766 -0.116788 1.489127
0.223537 -0.129675 1.472986
0.172598 -0.119506 1.393422
0.187882 -0.065461 1.363831
0.182329 0.003756 1.514473
0.166559 -0.024170 1.532766
0.191581 -0.007510 1.514509
0.169686 -0.028108 1.492624
0.167616 -0.014729 1.482648
0.164272 -0.034636 1.471129
0.156652 -0.009276 1.479972
0.146534 -0.020283 1.456277
0.158525 -0.030510 1.460155
0.126453 -0.049996 1.473415
0.118350 -0.077448 1.470807
0.113528 -0.069517 1.489377
0.165755 -0.026012 1.455321
0.166108 -0.010888 1.476521
0.164195 -0.048997 1.387265
0.151132 -0.056432 1.407894
0.155709 -0.036438 1.405327
0.216800 -0.004429 1.517298
0.105454 -0.076533 1.494657
0.120204 -0.079109 1.482262
0.128984 -0.081992 1.494494
0.142498 -0.062713 1.505488
0.135500 -0.053789 1.490397
0.119270 -0.064972 1.503074
0.144320 -0.083396 1.509889
0.119536 -0.071846 1.506492
0.179341 -0.013330 1.404972
0.182375 0.000880 1.404039
0.200264 -0.012979 1.386264
0.178761 -0.000635 1.475418
0.187847 0.015059 1.451586
0.181911 0.001133 1.460833
0.214845 0.009909 1.368945
0.198637 0.035048 1.386494
0.209395 0.043570 1.374587
0.227080 0.024365 1.370767
0.217056 0.021893 1.362483
0.175386 -0.097845 1.375055
0.194966 -0.115741 1.362820
0.181107 -0.103852 1.388530
0.178048 -0.063468 1.380517
0.173982 -0.088512 1.356545
0.164790 -0.088352 1.385177
0.155243 -0.016678 1.525957
0.185152 0.015945 1.502075
0.169634 0.004544 1.504844
0.239653 -0.026994 1.372516
0.167257 -0.047679 1.473464
0.155682 -0.054838 1.493358
0.164364 -0.038132 1.489388
0.222777 0.045881 1.427992
0.212222 0.034543 1.423485
0.216025 0.046902 1.403701
0.197888 0.038155 1.396330
0.205013 0.003208 1.400943
0.190885 0.007362 1.402615
0.188948 0.017730 1.390249
0.183109 0.043380 1.419031
0.184841 0.020334 1.428323
0.197109 0.020792 1.447515
0.213737 0.005113 1.385890
0.211660 0.006400 1.372594
0.203533 -0.006281 1.378785
0.200147 -0.019248 1.366931
0.200264 -0.012979 1.386264
0.161985 -0.091807 1.467624
0.154461 -0.103407 1.482080
0.124955 -0.089794 1.471527
0.166005 -0.112065 1.469105
0.156760 -0.117378 1.476659
0.140092 -0.060562 1.429496
0.129509 -0.063099 1.417023
0.133554 -0.077219 1.428235
0.158069 -0.103447 1.422515
0.160342 -0.105397 1.440117
0.144153 -0.096006 1.433783
0.222888 0.036497 1.448340
0.192772 0.041105 1.473412
0.217697 0.045764 1.425257
0.190204 0.045764 1.450420
0.196160 0.040116 1.437919
0.192884 0.025295 1.474195
0.190600 0.016146 1.487789
0.197801 0.027772 1.485224
0.160153 -0.055383 1.523341
0.160040 -0.038140 1.510748
0.194044 -0.022613 1.538464
0.204506 -0.137656 1.417633
0.180547 -0.129910 1.434210
0.136821 -0.089951 1.505627
0.124855 -0.093936 1.485695
0.149443 -0.102326 1.496313
0.166145 -0.021044 1.515671
0.168676 -0.039095 1.539201
0.168024 -0.037139 1.527020
0.185919 0.019059 1.370350
0.188598 0.048696 1.400381
0.179061 0.046096 1.391722
0.180013 0.026306 1.412172
0.167782 -0.096257 1.449772
0.137658 -0.091535 1.460021
0.127766 -0.073992 1.459600
0.240683 -0.079943 1.518266
0.190329 -0.075838 1.547226
0.171781 -0.026940 1.393102
0.176388 -0.026499 1.399451
0.162759 -0.034718 1.404944
0.233893 -0.118648 1.380704
0.180179 -0.001103 1.489356
0.195385 0.009603 1.479534
0.196234 0.023011 1.461815
0.162896 -0.153710 1.464437
0.185072 -0.149979 1.465580
0.195648 -0.139743 1.470998
0.206980 -0.141168 1.454207
0.268483 -0.065996 1.504219
0.154984 -0.019790 1.457318
0.139887 -0.056365 1.453447
0.135364 -0.033577 1.456009
0.147840 -0.050702 1.444167
0.153609 -0.051933 1.429818
0.152672 -0.029136 1.418820
0.161719 -0.031288 1.437439
0.171011 -0.023837 1.426662
0.154818 0.009450 1.492945
0.169826 0.005232 1.487531
0.159329 -0.009424 1.505658
0.150700 0.006379 1.503755
0.158624 -0.003125 1.491988
0.135238 -0.089188 1.409408
0.140687 -0.091221 1.422644
0.135590 -0.073368 1.411274
0.145775 -0.058186 1.421683
0.149311 -0.071084 1.410977
0.132225 -0.056070 1.390501
0.149926 -0.091461 1.400826
0.143382 -0.074441 1.403434
0.169610 -0.065314 1.542185
0.151103 -0.068579 1.530598
0.185268 -0.109117 1.522194
0.168077 -0.009534 1.503249
0.154818 0.009450 1.492945
0.169826 0.005232 1.487531
0.174142 -0.056034 1.383798
0.163205 -0.080352 1.389751
0.149098 -0.058721 1.382713
0.136233 -0.074171 1.393468
0.161257 -0.094425 1.397107
0.169170 -0.096191 1.418704
0.167623 -0.117526 1.414416
0.180619 -0.117076 1.419210
0.166298 -0.108690 1.403069
0.157688 -0.106687 1.409815
0.179341 -0.013330 1.404972
0.174914 -0.007874 1.423216
0.136204 -0.036516 1.467752
0.142762 -0.016377 1.438830
0.145744 -0.046278 1.437142
0.196788 -0.107492 1.377705
0.206503 -0.114177 1.370597
0.204506 -0.101604 1.358506
0.209205 -0.086746 1.370756
0.198881 -0.084076 1.367950
0.185264 -0.092152 1.370320
0.191341 0.033463 1.438735
0.204479 0.038752 1.426983
0.194486 0.048079 1.414816
0.211987 -0.009233 1.367657
0.212924 -0.020335 1.353760
0.201132 -0.026210 1.353725
0.135069 -0.080702 1.443511
0.167624 -0.115798 1.452212
0.143259 -0.084791 1.444231
0.174149 0.017674 1.490043
0.194089 0.014347 1.518960
0.153798 -0.024963 1.442114
0.151677 -0.040174 1.430143
0.192322 -0.146402 1.413683
0.203533 -0.006281 1.378785
0.213046 -0.004227 1.386054
0.185067 -0.074927 1.367714
0.188695 0.049269 1.388649
0.184459 0.015472 1.413988
0.177932 0.001022 1.432162
0.256455 -0.065000 1.516776
0.175216 -0.052147 1.537269
0.158816 -0.054417 1.536253
0.208097 -0.126590 1.369381
0.192541 -0.136129 1.381574
0.169861 -0.099016 1.402815
0.168213 -0.104830 1.383141
0.206180 -0.048284 1.352423
0.153707 -0.049305 1.472284
0.183583 0.033569 1.463810
0.196494 -0.132748 1.393318
0.197203 -0.130353 1.411888
0.185026 -0.127186 1.414227
0.195734 -0.133459 1.431170
0.180917 -0.128945 1.425104
0.195806 -0.122917 1.428531
0.117146 -0.058782 1.493100
0.176387 0.021872 1.399723
0.185268 0.033575 1.377866
0.190193 -0.121407 1.416523
0.181355 -0.017537 1.437309
0.218371 -0.143292 1.462614
0.199918 -0.116454 1.361209
0.249070 -0.114591 1.391509
0.175581 0.011300 1.422358
0.181269 0.015924 1.443628
0.211987 -0.009233 1.367657
0.166663 -0.132331 1.488803
0.220338 -0.006861 1.362563
0.173228 -0.126817 1.487196
0.171710 0.004963 1.496009
0.154200 0.016837 1.503113
0.175775 -0.079716 1.543398
0.195107 -0.106599 1.354593
0.137818 -0.044570 1.479537
0.225792 0.042701 1.387866
0.137480 -0.065263 1.461060
0.143826 -0.070117 1.434043
0.215515 -0.057147 1.347880
0.166084 -0.125830 1.425359
0.201824 -0.009789 1.521832
0.205472 -0.009775 1.530547
0.184060 0.019827 1.507233
0.185223 0.006558 1.523590
0.171563 0.014198 1.515587
0.167596 -0.033549 1.449919
0.174914 -0.007874 1.423216
0.203968 0.050908 1.388597
0.208097 -0.126590 1.369381
0.205614 -0.108080 1.352130
0.147674 -0.098340 1.404079
0.192541 -0.136129 1.381574
0.146541 -0.055510 1.498725
0.163812 -0.043859 1.500817
0.177189 -0.004930 1.452939
0.251281 -0.111407 1.378409
0.176808 0.025640 1.420926
0.166260 -0.153226 1.457067
0.172961 -0.001817 1.442226
0.544023 -0.072404 1.282507
0.555880 -0.046786 1.288223
0.549102 -0.068932 1.298556
0.551045 -0.049142 1.277627
0.535900 -0.071542 1.267474
0.543966 -0.048439 1.263511
0.551521 -0.062362 1.311158
0.551064 -0.050669 1.325055
0.486496 -0.020677 1.368697
0.489220 -0.035591 1.363632
0.496895 -0.015740 1.366136
0.478443 -0.009923 1.365031
0.469858 0.022840 1.263139
0.434096 -0.024858 1.266942
0.432934 -0.010351 1.277784
0.435931 0.010735 1.277326
0.495340 -0.007245 1.236539
0.502679 -0.020267 1.232185
0.534635 -0.045451 1.253486
0.524329 -0.066824 1.254380
0.498745 -0.076495 1.347443
0.496964 -0.086882 1.335612
0.493473 -0.090984 1.322803
0.492993 -0.048755 1.359880
0.497603 -0.064588 1.354501
0.462755 -0.077655 1.269854
0.454964 -0.064822 1.262766
0.472676 -0.089620 1.280556
0.605810 0.053110 1.314172
0.596926 0.067735 1.317240
0.497354 0.060978 1.280821
0.483535 0.048690 1.288033
0.537903 0.098385 1.256929
0.526510 0.086661 1.263470
0.499170 0.028609 1.239407
0.505069 0.016552 1.233426
0.535769 0.076779 1.230496
0.538619 0.063713 1.221931
0.518778 -0.008575 1.225215
0.542091 0.054431 1.215566
0.534256 0.027631 1.214516
0.546894 0.041748 1.208145
0.542059 0.016764 1.213734
0.552048 0.030624 1.202464
0.592377 -0.007122 1.255479
0.662572 0.072465 1.234746
0.644935 0.067790 1.231809
0.657803 0.069321 1.224341
0.649483 0.071113 1.240593
0.656348 0.071787 1.250419
0.662428 0.079240 1.246302
0.657946 0.076310 1.262018
0.652095 0.089823 1.252430
0.650242 0.089144 1.271390
0.648216 0.097145 1.259363
0.643938 0.105528 1.264811
0.645373 0.099414 1.279333
0.638147 0.110579 1.285579
0.590016 0.094104 1.308508
0.639635 0.118341 1.273798
0.632347 0.126318 1.276551
0.616745 0.133553 1.268959
0.624496 0.114190 1.278462
0.552791 0.091835 1.239138
0.551024 0.085071 1.225675
0.551371 0.100855 1.251186
0.589368 0.138275 1.232416
0.577514 0.129741 1.219343
0.587786 0.127767 1.234145
0.587059 0.131662 1.215925
0.585471 0.124090 1.204187
0.549129 0.077393 1.214154
0.547949 0.067171 1.204427
0.586644 0.116221 1.194666
0.583847 0.116382 1.210043
0.589806 0.110084 1.186059
0.587952 0.107659 1.204988
0.551159 0.054777 1.199357
0.598730 0.093303 1.197736
0.592890 0.101047 1.200898
0.597050 0.102634 1.180396
0.605617 0.084165 1.190545
0.607733 0.093394 1.181138
0.614788 0.072181 1.190909
0.620103 0.081551 1.188389
0.627077 0.070264 1.194275
0.634415 0.065274 1.201326
0.622801 0.060988 1.194950
0.642017 0.065723 1.208131
0.650922 0.067705 1.218035
0.640854 0.065552 1.224183
0.667666 0.079991 1.228634
0.660717 0.091786 1.238299
0.670913 0.096275 1.209088
0.674105 0.100845 1.218786
0.679513 0.107182 1.228092
0.676053 0.105877 1.229149
0.657320 0.105363 1.253850
0.673673 0.112192 1.238073
0.675007 0.121988 1.246977
0.668450 0.120379 1.245049
0.678995 0.113288 1.238247
0.649982 0.116070 1.257171
0.643258 0.125521 1.260540
0.667975 0.131487 1.251219
0.662909 0.128118 1.250078
0.657867 0.141002 1.254703
0.654058 0.137397 1.253522
0.633370 0.131482 1.261650
0.621834 0.138049 1.261074
0.644634 0.146084 1.254733
0.647441 0.150302 1.255594
0.634033 0.152318 1.252745
0.635221 0.157470 1.253193
0.600674 0.125865 1.216917
0.598545 0.122155 1.207109
0.609631 0.150950 1.218959
0.607448 0.149831 1.208971
0.609229 0.155036 1.218101
0.606797 0.143481 1.199416
0.597987 0.113688 1.189298
0.598048 0.118487 1.198319
0.608704 0.134206 1.194298
0.610476 0.128231 1.186928
0.609688 0.130645 1.184116
0.612512 0.096932 1.181442
0.598864 0.107685 1.177436
0.615378 0.121436 1.182473
0.614789 0.123334 1.179216
0.622243 0.115669 1.176711
0.622452 0.114591 1.180748
0.627457 0.085986 1.201431
0.621654 0.093997 1.194956
0.630471 0.108285 1.181212
0.630741 0.108849 1.176613
0.641257 0.101580 1.178618
0.640490 0.101629 1.183152
0.639807 0.079438 1.209263
0.633603 0.081211 1.203694
0.649898 0.096761 1.181323
0.648379 0.097558 1.186172
0.659231 0.093484 1.187237
0.656192 0.095256 1.191114
0.662353 0.078058 1.218817
0.651076 0.077642 1.214492
0.668746 0.094273 1.197048
0.666153 0.094559 1.200687
0.426708 -0.108501 1.324472
0.462441 -0.101762 1.358311
0.463572 -0.083190 1.369209
0.446547 -0.100785 1.367392
0.468996 -0.055922 1.387007
0.448283 -0.067100 1.380296
0.451649 -0.029070 1.394946
0.462288 -0.043198 1.391480
0.454660 -0.028900 1.383355
0.437021 -0.001980 1.382568
0.446838 -0.016892 1.376561
0.441448 -0.006705 1.370746
0.444086 -0.013570 1.389573
0.416757 0.021040 1.360269
0.426856 0.012778 1.373258
0.432316 0.014311 1.367317
0.401348 -0.031006 1.275687
0.391850 -0.018419 1.286710
0.399897 -0.015857 1.283455
0.390893 -0.031662 1.281213
0.404292 -0.005793 1.294993
0.394074 -0.045544 1.280728
0.410700 -0.091470 1.293747
0.406594 -0.076674 1.291015
0.422449 -0.091619 1.286523
0.417882 -0.075342 1.285240
0.413193 -0.109596 1.330856
0.390612 -0.100499 1.378837
0.389683 -0.110610 1.340283
0.438300 -0.087114 1.384978
0.397252 -0.094586 1.397937
0.412091 -0.081008 1.401815
0.407398 -0.087867 1.386237
0.436651 -0.069573 1.390708
0.435992 -0.057079 1.390652
0.407118 -0.060696 1.433897
0.417497 -0.070144 1.418537
0.415652 -0.059458 1.423014
0.406151 -0.074449 1.429435
0.438166 -0.028117 1.402762
0.397979 -0.026837 1.435630
0.408317 -0.046402 1.418113
0.402818 -0.032035 1.415675
0.403037 -0.043599 1.437389
0.428733 -0.003485 1.387377
0.388339 -0.000295 1.411452
0.400160 -0.017882 1.408269
0.396971 -0.009759 1.397706
0.394393 -0.010049 1.424756
0.380105 0.017296 1.384395
0.393365 -0.001597 1.386145
0.386516 0.007994 1.370670
0.384538 0.007537 1.399619
0.398687 -0.011947 1.305109
0.382392 -0.022011 1.294731
0.392536 -0.013808 1.311863
0.381515 -0.031617 1.288487
0.351896 -0.031725 1.313084
0.365976 -0.017805 1.317956
0.364244 -0.032772 1.307110
0.368823 -0.009475 1.325963
0.383275 -0.046343 1.287932
0.354895 -0.056488 1.317989
0.363976 -0.043991 1.306313
0.368981 -0.057831 1.312875
0.393796 -0.078843 1.295084
0.368673 -0.077466 1.305458
0.356167 -0.076508 1.309755
0.398737 -0.090132 1.303944
0.375918 -0.109858 1.345350
0.369626 -0.102119 1.331846
0.362582 -0.106906 1.351293
0.327816 -0.114350 1.386122
0.336263 -0.110667 1.405685
0.324952 -0.114842 1.380565
0.376340 -0.100768 1.385686
0.343636 -0.088708 1.434944
0.341636 -0.100357 1.421944
0.391893 -0.092474 1.422558
0.394614 -0.074780 1.431056
0.345251 -0.075492 1.443411
0.346655 -0.058452 1.449939
0.342916 -0.059129 1.454176
0.396612 -0.059766 1.436912
0.346784 -0.044273 1.452026
0.341781 -0.028324 1.456559
0.343807 -0.043763 1.459223
0.345412 -0.029253 1.450493
0.341558 -0.002464 1.434907
0.368957 0.016557 1.387463
0.337908 0.007190 1.421751
0.333782 0.013342 1.406935
0.355319 0.001131 1.329139
0.309935 0.001715 1.358618
0.307348 -0.013433 1.346890
0.304075 -0.010466 1.347133
0.306866 0.003292 1.358554
0.341573 -0.030335 1.316531
0.344409 -0.056657 1.321431
0.300853 -0.044292 1.330051
0.307194 -0.030595 1.339992
0.305046 -0.046314 1.339729
0.345062 -0.074041 1.316352
0.308498 -0.085566 1.346349
0.301281 -0.071889 1.340899
0.306347 -0.071426 1.342862
0.304246 -0.086762 1.344873
0.300269 -0.057416 1.339676
0.300284 -0.046744 1.339398
0.305028 -0.057086 1.340824
0.356928 -0.104301 1.334902
0.314736 -0.113072 1.368125
0.309543 -0.103164 1.355927
0.318114 -0.110256 1.367943
0.313008 -0.103164 1.354540
0.282303 -0.125735 1.397607
0.277738 -0.121322 1.385553
0.282530 -0.126705 1.407622
0.286713 -0.122963 1.431442
0.281623 -0.119752 1.432427
0.277344 -0.123736 1.409826
0.279689 -0.123543 1.402936
0.291920 -0.113340 1.449849
0.295670 -0.099833 1.466765
0.289571 -0.098492 1.466241
0.285591 -0.111401 1.449887
0.297450 -0.081400 1.480371
0.296230 -0.062018 1.484988
0.290650 -0.061694 1.484934
0.290694 -0.081459 1.478686
0.295213 -0.043307 1.485934
0.289293 -0.043176 1.485949
0.287554 -0.025444 1.482014
0.291753 -0.008774 1.475802
0.289143 0.004387 1.464168
0.283367 0.001669 1.463478
0.285212 -0.009714 1.474229
0.286277 0.014156 1.450054
0.284218 0.020050 1.434162
0.281195 0.010644 1.450065
0.278730 0.017884 1.434603
0.257724 -0.010024 1.371917
0.263180 -0.010058 1.368726
0.259452 -0.009406 1.365606
0.267729 0.001637 1.380940
0.269620 0.002713 1.378203
0.257834 -0.027750 1.362534
0.254167 -0.042583 1.354025
0.304724 -0.029956 1.338514
0.255909 -0.046075 1.362112
0.256179 -0.027667 1.367808
0.264268 -0.060451 1.356950
0.262102 -0.046221 1.357288
0.266512 -0.091780 1.361757
0.264500 -0.075322 1.357305
0.261463 -0.075049 1.361735
0.264397 -0.091216 1.365395
0.262373 -0.060154 1.364001
0.271866 -0.108161 1.371070
0.275284 -0.118879 1.387847
0.427586 0.003104 1.284611
0.430575 0.010748 1.297104
0.528747 0.091948 1.279010
0.540711 0.104367 1.271324
0.537903 0.098385 1.256929
0.551371 0.100855 1.251186
0.556073 0.110692 1.279863
0.598558 0.146051 1.256162
0.588748 0.134614 1.246154
0.594502 0.132596 1.257502
0.592893 0.142649 1.244528
0.587786 0.127767 1.234145
0.589368 0.138275 1.232416
0.601934 0.130200 1.225858
0.605775 0.142584 1.246762
0.602930 0.136216 1.235337
0.617585 0.161295 1.238684
0.612536 0.159771 1.228898
0.617151 0.157529 1.238445
0.609229 0.155036 1.218101
0.609631 0.150950 1.218959
0.615148 0.163133 1.213932
0.616912 0.168935 1.223999
0.409827 0.008493 1.307285
0.399568 0.017071 1.330113
0.393453 0.003690 1.318438
0.358784 0.017208 1.340262
0.375355 0.026840 1.344420
0.365137 0.025715 1.349125
0.350148 0.014240 1.346431
0.271885 0.010631 1.388396
0.273621 0.015818 1.395572
0.273196 0.013023 1.386600
0.549928 0.099870 1.283861
0.558585 0.097320 1.293901
0.602139 0.125747 1.263280
0.610597 0.120699 1.271106
0.606119 0.141415 1.263824
0.610095 0.148694 1.261130
0.624055 0.160684 1.246017
0.624317 0.156197 1.246666
0.421342 0.019869 1.336849
0.413070 0.022099 1.341537
0.421342 0.019869 1.336849
0.395388 0.028079 1.349820
0.413070 0.022099 1.341537
0.405738 0.026129 1.345614
0.383220 0.020788 1.356230
0.372524 0.025141 1.364241
0.383220 0.020788 1.356230
0.316230 0.018272 1.377490
0.320775 0.017071 1.377466
0.317739 0.016096 1.374961
0.327965 0.016040 1.390185
0.281095 0.023721 1.411952
0.275892 0.020004 1.414963
0.278560 -0.122003 1.397452
0.259700 -0.128200 1.416395
0.241194 -0.131430 1.460494
0.249531 -0.129625 1.432525
0.250245 0.026127 1.403754
0.227959 0.018162 1.396441
0.230060 0.028294 1.427569
0.239253 0.029103 1.413927
0.245539 0.005706 1.383489
0.250104 -0.062111 1.367404
0.250406 -0.076329 1.368685
0.234472 -0.113003 1.384834
0.273621 0.015818 1.395572
0.253952 0.028439 1.407698
0.274726 0.018436 1.399535
0.250245 0.026127 1.403754
0.188990 -0.137759 1.443634
0.194245 -0.130412 1.410322
0.189574 -0.129368 1.495250
0.188985 -0.135353 1.471052
0.188744 -0.117445 1.517042
0.186596 -0.095855 1.534973
0.184402 -0.074135 1.542575
0.186596 -0.095855 1.534973
0.190527 -0.074419 1.545161
0.192253 -0.097611 1.537276
0.187899 -0.045338 1.545719
0.182532 -0.045428 1.542711
0.180629 -0.018334 1.536657
0.185729 -0.018116 1.539212
0.144686 -0.020702 1.537744
0.146652 -0.049323 1.546786
0.178475 0.004765 1.522145
0.183768 0.004916 1.525396
0.177801 0.020400 1.506289
0.182515 0.021688 1.507711
0.144651 0.003618 1.525833
0.199522 0.041813 1.420727
0.203231 0.039357 1.405782
0.191429 0.033106 1.388590
0.205278 0.030267 1.390304
0.182574 0.033320 1.387977
0.173402 0.042140 1.382111
0.176976 0.044942 1.405093
0.173063 0.048775 1.420668
0.207549 0.013159 1.381157
0.210514 -0.005065 1.374099
0.175955 0.021755 1.370225
0.178524 -0.000343 1.359720
0.213108 -0.023907 1.366709
0.216337 -0.040345 1.362854
0.200730 -0.038952 1.361798
0.190285 -0.039142 1.359366
0.188612 -0.022792 1.362186
0.183254 -0.047474 1.350795
0.216337 -0.040345 1.362854
0.215019 -0.060743 1.363087
0.200730 -0.038952 1.361798
0.199952 -0.098872 1.376158
0.207655 -0.078994 1.368057
0.174270 -0.102430 1.374050
0.180726 -0.080979 1.365008
0.190285 -0.039142 1.359366
0.189363 -0.061351 1.360500
0.183254 -0.047474 1.350795
0.195528 -0.118660 1.389362
0.167933 -0.119485 1.391448
0.188953 0.036518 1.465524
0.194174 0.042019 1.437959
0.165298 0.045827 1.443717
0.189919 0.027443 1.494322
0.186546 0.026890 1.488067
0.186546 0.026890 1.488067
0.146022 0.036331 1.490479
0.149604 0.047808 1.470448
0.188990 -0.137759 1.443634
0.194245 -0.130412 1.410322
0.216447 -0.131963 1.492148
0.198718 -0.120118 1.517758
0.188985 -0.135353 1.471052
0.189574 -0.129368 1.495250
0.229526 0.025588 1.408128
0.203231 0.039357 1.405782
0.205278 0.030267 1.390304
0.199522 0.041813 1.420727
0.207549 0.013159 1.381157
0.216337 -0.040345 1.362854
0.213108 -0.023907 1.366709
0.210514 -0.005065 1.374099
0.219239 -0.077913 1.369997
0.207655 -0.078994 1.368057
0.215019 -0.060743 1.363087
0.221280 -0.060709 1.367834
0.213196 -0.115316 1.388660
0.195528 -0.118660 1.389362
0.199952 -0.098872 1.376158
0.214475 0.030724 1.448291
0.201382 0.029599 1.465609
0.194174 0.042019 1.437959
0.188953 0.036518 1.465524
0.200686 0.036613 1.436175
0.206199 0.032127 1.472487
0.671148 0.097948 1.234010
0.669712 0.085452 1.211290
0.664080 0.113763 1.251167
0.651535 0.134604 1.258934
0.629803 0.148437 1.259897
0.642407 0.141469 1.260488
0.606650 0.128558 1.206439
0.601934 0.130200 1.225858
0.607250 0.139284 1.221583
0.604269 0.121457 1.187406
0.606133 0.123776 1.198095
0.606860 0.116084 1.179618
0.626007 0.100413 1.191318
0.616985 0.108914 1.187466
0.607250 0.139284 1.221583
0.617244 0.153395 1.255206
0.648380 0.065102 1.255021
0.644939 0.050886 1.261459
0.653396 0.069516 1.266041
0.646956 0.082419 1.276074
0.640324 0.094133 1.284447
0.628937 0.083656 1.286459
0.631732 0.104069 1.290709
0.618580 0.094562 1.290635
0.618356 0.113615 1.291619
0.603878 0.116474 1.278814
0.597331 0.117555 1.290580
0.572761 0.124735 1.222703
0.572639 0.121066 1.238847
0.579487 0.124839 1.236649
0.568194 0.107229 1.212594
0.565077 0.093709 1.204101
0.583150 0.091256 1.206968
0.569707 0.085135 1.199690
0.585540 0.063806 1.206721
0.591685 0.085443 1.206220
0.594890 0.052946 1.209562
0.601666 0.076380 1.206561
0.614493 0.051641 1.198379
0.607847 0.065906 1.203554
0.616032 0.037641 1.210015
0.626844 0.056627 1.221461
0.634552 0.057269 1.229827
0.584261 0.124720 1.249318
0.575472 0.125019 1.266038
0.587146 0.121992 1.261890
0.579487 0.124839 1.236649
0.574393 0.124599 1.252265
0.593307 0.119997 1.268964
0.632691 0.034754 1.258206
0.571646 0.100667 1.231709
0.568074 0.091998 1.219757
0.571515 0.108157 1.243132
0.561968 0.084333 1.208093
0.557886 0.077122 1.197827
0.572041 0.054014 1.196701
0.559567 0.069366 1.194562
0.585675 0.043148 1.201170
0.570914 0.111640 1.256371
0.571515 0.108157 1.243132
0.571671 0.113559 1.268648
0.574317 0.118149 1.285587
0.673187 0.090761 1.223114
0.607109 0.133322 1.213258
0.602683 0.045529 1.211271
0.511269 0.043894 1.229160
0.511336 0.053038 1.242674
0.511340 0.071471 1.272653
0.477936 -0.091483 1.364349
0.479138 -0.075496 1.376412
0.480188 -0.038295 1.375610
0.470527 -0.041266 1.378138
0.476342 -0.024102 1.373864
0.464374 -0.005488 1.360013
0.452029 -0.006233 1.363496
0.456448 0.002895 1.353863
0.442795 0.003505 1.354245
0.445800 0.009647 1.343999
0.413256 -0.003281 1.290254
0.421291 -0.000554 1.287967
0.412381 -0.030708 1.272671
0.439627 -0.089380 1.281060
0.429672 0.012541 1.315067
0.426226 0.005311 1.300197
0.436627 0.012558 1.330152
0.437793 0.016727 1.349491
0.429523 0.016319 1.333115
0.429523 0.016319 1.333115
0.401561 -0.110205 1.336000
0.428279 -0.071373 1.404838
0.422558 -0.058580 1.401845
0.421701 -0.029312 1.408587
0.379459 -0.009051 1.318159
0.373635 -0.021760 1.303125
0.374672 -0.046458 1.295769
0.379933 -0.058272 1.306797
0.381722 -0.078887 1.300319
0.381874 -0.001352 1.326743
0.389703 0.012967 1.337317
0.356681 -0.104298 1.375803
0.333003 -0.110797 1.361326
0.377431 -0.103328 1.415638
0.356916 -0.112065 1.396640
0.381867 -0.090707 1.422037
0.361715 -0.101419 1.412612
0.385526 -0.073003 1.427713
0.365136 -0.088747 1.426610
0.387263 -0.059568 1.432202
0.367516 -0.044599 1.440867
0.367476 -0.058636 1.439147
0.385919 -0.045391 1.434392
0.366131 -0.028960 1.440261
0.378905 -0.029601 1.435080
0.371448 -0.011566 1.432834
0.363557 -0.015157 1.433492
0.361607 -0.002268 1.423388
0.357036 0.003004 1.408467
0.350947 0.010552 1.392406
0.325274 -0.019823 1.343114
0.342512 -0.001876 1.344462
0.330105 -0.029861 1.319608
0.321407 -0.029696 1.325583
0.322120 -0.044458 1.332441
0.341549 -0.106287 1.340383
0.327660 -0.106161 1.345841
0.342655 0.011785 1.351792
0.329754 0.009746 1.358803
0.350750 0.020125 1.376974
0.341303 0.015612 1.381542
0.330445 0.017386 1.375425
0.350750 0.020125 1.376974
0.395388 0.028079 1.349820
0.188744 -0.117445 1.517042
0.316230 0.018272 1.377490
0.317739 0.016096 1.374961
0.314070 0.010667 1.365905
0.343539 -0.014342 1.324089
0.361798 0.021512 1.370317
0.389734 -0.025493 1.438092
0.396304 -0.044353 1.439528
0.333861 -0.116141 1.373186
0.305325 -0.011732 1.343424
0.372524 0.025141 1.364241
0.687300 0.114292 1.191449
0.689783 0.119999 1.203601
0.692251 0.118245 1.203763
0.685183 0.116309 1.192117
0.691586 0.125884 1.213562
0.694148 0.124514 1.214393
0.690635 0.132762 1.221979
0.693140 0.131849 1.223415
0.686734 0.142272 1.231141
0.684640 0.142513 1.229199
0.678717 0.150531 1.234675
0.677138 0.150244 1.232517
0.669500 0.158517 1.237444
0.668514 0.157718 1.235113
0.658826 0.166509 1.238673
0.658526 0.165196 1.236252
0.648351 0.173506 1.237030
0.648725 0.171741 1.234705
0.620204 0.168969 1.198714
0.619489 0.175428 1.208833
0.621747 0.173516 1.208405
0.617928 0.170492 1.198496
0.621369 0.163188 1.191425
0.619142 0.164348 1.190700
0.623033 0.156971 1.183575
0.620912 0.157707 1.182313
0.625575 0.151094 1.176220
0.627369 0.150764 1.177832
0.632155 0.144231 1.173356
0.630740 0.144102 1.171462
0.639827 0.136461 1.170102
0.638859 0.135802 1.167929
0.647422 0.129096 1.167041
0.646515 0.128428 1.164802
0.656175 0.122187 1.166925
0.655706 0.121141 1.164652
0.665078 0.116771 1.168420
0.664375 0.118662 1.170572
0.673779 0.113308 1.173969
0.672517 0.115420 1.175764
0.681526 0.112830 1.181793
0.679766 0.114973 1.183086
0.625599 0.177013 1.216749
0.630879 0.179775 1.226258
0.632384 0.177598 1.224650
0.623622 0.179163 1.217794
0.621747 0.173516 1.208405
0.619489 0.175428 1.208833
0.640772 0.175284 1.230364
0.689783 0.119999 1.203601
0.685183 0.116309 1.192117
0.691586 0.125884 1.213562
0.690635 0.132762 1.221979
0.684640 0.142513 1.229199
0.677138 0.150244 1.232517
0.668514 0.157718 1.235113
0.658526 0.165196 1.236252
0.648725 0.171741 1.234705
0.620204 0.168969 1.198714
0.621747 0.173516 1.208405
0.621369 0.163188 1.191425
0.623033 0.156971 1.183575
0.627369 0.150764 1.177832
0.632155 0.144231 1.173356
0.639827 0.136461 1.170102
0.647422 0.129096 1.167041
0.656175 0.122187 1.166925
0.664375 0.118662 1.170572
0.672517 0.115420 1.175764
0.679766 0.114973 1.183086
0.625599 0.177013 1.216749
0.632384 0.177598 1.224650
0.640772 0.175284 1.230364
0.230060 0.028294 1.427569
0.208523 0.033097 1.433833
0.177801 0.020400 1.506289
0.178475 0.004765 1.522145
0.180629 -0.018334 1.536657
0.182532 -0.045428 1.542711
0.278076 0.019920 1.396503
0.278076 0.019920 1.396503
0.354356 -0.113721 1.399208
0.342598 -0.118720 1.385051
0.322171 -0.114134 1.376548
0.359891 -0.102168 1.414943
0.362809 -0.089827 1.428787
0.364052 -0.074392 1.437695
0.364639 -0.059318 1.443114
0.364473 -0.044656 1.445581
0.363153 -0.028332 1.444000
0.356750 -0.000341 1.426567
0.360842 -0.013329 1.437581
0.348373 0.016402 1.397574
0.352915 0.009098 1.413745
0.328816 0.019459 1.378219
0.330445 0.017386 1.375425
0.339773 0.019127 1.384503
0.239253 0.029103 1.413927
0.184402 -0.074135 1.542575
0.333794 -0.117260 1.378022
0.361798 0.021512 1.370317
0.405738 0.026129 1.345614
0.479971 -0.094389 1.291408
0.488321 -0.093322 1.309442
0.493473 -0.090984 1.322803
0.496964 -0.086882 1.335612
0.498745 -0.076495 1.347443
0.497603 -0.064588 1.354501
0.492993 -0.048755 1.359880
0.489220 -0.035591 1.363632
0.486496 -0.020677 1.368697
0.478443 -0.009923 1.365031
0.470511 -0.000935 1.359724
0.432934 -0.010351 1.277784
0.427586 0.003104 1.284611
0.446430 -0.052359 1.260142
0.440079 -0.036632 1.263120
0.454964 -0.064822 1.262766
0.462755 -0.077655 1.269854
0.472676 -0.089620 1.280556
0.498628 0.036875 1.334828
0.451690 0.014739 1.341474
0.461157 0.008754 1.352573
0.510436 0.025336 1.342985
0.481744 0.040103 1.307152
0.442610 0.016785 1.327175
0.475658 0.037363 1.292327
0.458262 0.032842 1.299908
0.471148 0.032353 1.276877
0.434928 0.016607 1.312428
0.430575 0.010748 1.297104
0.434096 -0.024858 1.266942
0.483535 0.048690 1.288033
0.497354 0.060978 1.280821
0.442832 0.025116 1.307594
0.470511 -0.000935 1.359724
0.488321 -0.093322 1.309442
0.446430 -0.052359 1.260142
0.440079 -0.036632 1.263120
0.461157 0.008754 1.352573
0.451690 0.014739 1.341474
0.442610 0.016785 1.327175
0.434928 0.016607 1.312428
0.605356 0.003855 1.248350
0.526510 0.086661 1.263470
0.511340 0.071471 1.272653
0.475658 0.037363 1.292327
0.458262 0.032842 1.299908
0.442832 0.025116 1.307594
0.434928 0.016607 1.312428
0.442610 0.016785 1.327175
0.436627 0.012558 1.330152
0.155918 0.070712 1.417380
0.163490 0.070792 1.395519
0.168802 0.057611 1.374079
0.171745 0.036909 1.358931
0.174870 0.010827 1.348976
0.176963 -0.018938 1.339248
0.177526 -0.047009 1.337865
0.176060 -0.069393 1.339686
0.177526 -0.047009 1.337865
0.167498 -0.091278 1.347208
0.156673 -0.115973 1.360718
0.137887 -0.137539 1.382405
0.127126 -0.146414 1.406634
0.124928 -0.150069 1.443299
0.125609 -0.148193 1.471284
0.125836 -0.139253 1.503430
0.127650 -0.125431 1.526272
0.129792 -0.103242 1.545511
0.132714 -0.078199 1.555751
0.133303 -0.050367 1.556624
0.131234 -0.014893 1.546825
0.129378 0.008972 1.533957
0.130699 0.030757 1.516236
0.133872 0.047346 1.494362
0.138166 0.059261 1.473351
0.155918 0.070712 1.417380
0.163490 0.070792 1.395519
0.168802 0.057611 1.374079
0.171745 0.036909 1.358931
0.174870 0.010827 1.348976
0.176963 -0.018938 1.339248
0.177526 -0.047009 1.337865
0.176060 -0.069393 1.339686
0.167498 -0.091278 1.347208
0.156673 -0.115973 1.360718
0.137887 -0.137539 1.382405
0.127126 -0.146414 1.406634
0.124928 -0.150069 1.443299
0.125609 -0.148193 1.471284
0.125836 -0.139253 1.503430
0.127650 -0.125431 1.526272
0.129792 -0.103242 1.545511
0.132714 -0.078199 1.555751
0.133303 -0.050367 1.556624
0.131234 -0.014893 1.546825
0.129378 0.008972 1.533957
0.130699 0.030757 1.516236
0.133872 0.047346 1.494362
0.138166 0.059261 1.473351
0.145893 0.067617 1.446250
0.615148 0.163133 1.213932
0.572639 0.121066 1.238847
0.341303 0.015612 1.381542
0.208523 0.033097 1.433833
0.200686 0.036613 1.436175
0.194174 0.042019 1.437959
0.700129 0.247907 1.178445
0.693428 0.251990 1.179426
0.697983 0.242724 1.183269
0.725909 0.232832 1.154171
0.727643 0.237775 1.148533
0.731069 0.198899 1.154149
0.735458 0.207306 1.141955
0.730257 0.205834 1.157532
0.734545 0.213838 1.145876
0.734649 0.175394 1.153235
0.732913 0.168938 1.146686
0.735373 0.171840 1.142800
0.735957 0.217011 1.140212
0.736986 0.211649 1.136384
0.736862 0.221147 1.133266
0.738007 0.216402 1.130206
0.739797 0.226146 1.113601
0.739604 0.223308 1.118355
0.743971 0.181781 1.128855
0.746685 0.187918 1.119920
0.742344 0.188940 1.132526
0.745327 0.193969 1.122334
0.728749 0.243270 1.141430
0.728731 0.247453 1.134021
0.728844 0.251958 1.126982
0.726283 0.265519 1.117643
0.727813 0.260313 1.113914
0.723374 0.272651 1.106819
0.725926 0.267408 1.102547
0.728557 0.256837 1.120148
0.739632 0.228413 1.108466
0.737942 0.234991 1.092383
0.749580 0.204284 1.102393
0.750484 0.207368 1.096539
0.748406 0.193014 1.112864
0.749142 0.195863 1.107081
0.747112 0.198217 1.114698
0.748285 0.201022 1.109239
0.705127 0.263227 1.166262
0.699738 0.266289 1.167514
0.696098 0.237712 1.188857
0.721116 0.216651 1.168243
0.721785 0.220960 1.165284
0.728735 0.195819 1.158256
0.729774 0.164202 1.151361
0.732538 0.172675 1.157381
0.620952 0.226113 1.195444
0.619121 0.232592 1.191277
0.617533 0.238395 1.187276
0.616180 0.243677 1.181667
0.738706 0.194613 1.131874
0.740876 0.198323 1.123692
0.744966 0.205226 1.109940
0.742859 0.202091 1.116470
0.746924 0.208654 1.103813
0.747676 0.210806 1.097679
0.723880 0.210605 1.164260
0.730471 0.218320 1.147646
0.726212 0.212128 1.159914
0.732097 0.221546 1.141935
0.733405 0.225512 1.134370
0.734292 0.235462 1.117613
0.734227 0.233225 1.122358
0.734298 0.237842 1.111915
0.732926 0.244314 1.098137
0.713299 0.228902 1.173012
0.710557 0.226957 1.176877
0.720072 0.245802 1.154954
0.718189 0.241009 1.160028
0.721255 0.251281 1.148179
0.722561 0.261169 1.132128
0.721926 0.256130 1.140538
0.721760 0.269021 1.121076
0.722184 0.265416 1.126475
0.719300 0.275917 1.109016
0.706018 0.287848 1.124447
0.702507 0.290638 1.120253
0.709818 0.276821 1.140305
0.709255 0.279387 1.135926
0.709574 0.263510 1.156724
0.709236 0.268521 1.150916
0.709488 0.258074 1.162167
0.703023 0.238435 1.178000
0.704670 0.243433 1.173342
0.694526 0.233129 1.194244
0.707048 0.231939 1.171776
0.703725 0.235898 1.170935
0.704469 0.233507 1.173364
0.721687 0.212251 1.166552
0.727547 0.188240 1.157534
0.711057 0.243287 1.158127
0.712350 0.247765 1.152821
0.703846 0.257263 1.171531
0.697730 0.261263 1.172516
0.707967 0.252660 1.166752
0.713955 0.251920 1.147489
0.694136 0.269673 1.163723
0.693100 0.266351 1.166995
0.691299 0.262154 1.170500
0.694523 0.275224 1.157025
0.694893 0.283479 1.146858
0.695146 0.286714 1.142708
0.694105 0.293797 1.131762
0.693734 0.296184 1.125753
0.709572 0.273683 1.144722
0.694992 0.280709 1.150394
0.708175 0.253953 1.156586
0.708891 0.259857 1.152113
0.708992 0.264734 1.146784
0.708968 0.271915 1.137729
0.709128 0.269073 1.141038
0.708273 0.275645 1.133037
0.689921 0.291044 1.129880
0.689827 0.294280 1.124756
0.687459 0.287840 1.127142
0.688100 0.291506 1.122222
0.688938 0.281101 1.138012
0.687982 0.273516 1.147873
0.689013 0.278362 1.141327
0.686019 0.269525 1.149594
0.686472 0.264391 1.153262
0.689557 0.272442 1.154706
0.688960 0.268184 1.159332
0.683825 0.262746 1.156862
0.681967 0.258122 1.158188
0.680402 0.252810 1.165689
0.678725 0.249504 1.167038
0.678711 0.245739 1.175382
0.676069 0.242714 1.170095
0.673921 0.242065 1.171544
0.672443 0.236078 1.182841
0.675211 0.239688 1.179890
0.671854 0.234371 1.175944
0.673437 0.237731 1.174040
0.715071 0.256796 1.139649
0.715886 0.261946 1.132103
0.715801 0.268801 1.121971
0.716014 0.264788 1.127865
0.725702 0.256495 1.111123
0.727333 0.238705 1.137223
0.727313 0.243305 1.130712
0.725295 0.229351 1.149337
0.721858 0.220390 1.156284
0.720915 0.217209 1.158961
0.721322 0.215903 1.160034
0.722087 0.215785 1.158406
0.723787 0.217116 1.153955
0.725190 0.221771 1.144067
0.726229 0.224296 1.139698
0.727590 0.227724 1.133752
0.728325 0.236858 1.117816
0.725819 0.167536 1.134506
0.721590 0.163278 1.138826
0.734337 0.175955 1.122183
0.739787 0.182279 1.113248
0.741057 0.185149 1.108605
0.741289 0.187548 1.104100
0.745468 0.187399 1.110107
0.746648 0.190315 1.105606
0.737831 0.203149 1.115474
0.740006 0.206904 1.109061
0.736549 0.191566 1.138660
0.734000 0.189352 1.144295
0.737971 0.174970 1.139032
0.729537 0.170306 1.130846
0.730016 0.191539 1.141648
0.729438 0.190319 1.147190
0.726459 0.193603 1.151581
0.727200 0.190116 1.153409
0.728621 0.189426 1.151840
0.737669 0.221648 1.110965
0.737475 0.219249 1.115680
0.735776 0.231169 1.089790
0.737427 0.223925 1.106153
0.724426 0.263171 1.100361
0.743704 0.192734 1.095730
0.745448 0.197353 1.089864
0.748609 0.195622 1.098211
0.714527 0.276145 1.109986
0.738904 0.220220 1.123949
0.734016 0.229757 1.128109
0.728276 0.239082 1.113053
0.727982 0.245453 1.098912
0.741808 0.210032 1.103195
0.743771 0.211986 1.097618
0.740274 0.185182 1.138287
0.741360 0.178498 1.133992
0.732130 0.173126 1.126300
0.613204 0.226403 1.184937
0.614657 0.221031 1.188522
0.613724 0.235383 1.184365
0.609200 0.244181 1.170145
0.610114 0.237372 1.175164
0.611531 0.247081 1.174139
0.612005 0.241245 1.179369
0.610733 0.252817 1.169811
0.610730 0.257724 1.165205
0.608672 0.250159 1.165801
0.608637 0.255511 1.162088
0.615459 0.213531 1.190502
0.622260 0.220058 1.199941
0.637984 0.227764 1.195138
0.640478 0.226341 1.188490
0.635317 0.232384 1.191369
0.638638 0.232424 1.185011
0.643308 0.223320 1.189968
0.647200 0.220135 1.190710
0.649005 0.220899 1.197586
0.636660 0.236274 1.182195
0.633250 0.237082 1.187246
0.635122 0.240852 1.178016
0.630522 0.250785 1.169782
0.626707 0.251311 1.172944
0.633158 0.244896 1.174179
0.629181 0.246636 1.177902
0.627672 0.256541 1.165181
0.618580 0.205905 1.183059
0.618190 0.197177 1.183754
0.616501 0.213128 1.183304
0.615000 0.218582 1.181311
0.613135 0.224241 1.178559
0.612418 0.229730 1.174339
0.610602 0.235341 1.169387
0.609378 0.241969 1.164833
0.609174 0.248259 1.161220
0.609812 0.254850 1.158553
0.665603 0.226696 1.180775
0.668322 0.227304 1.187358
0.659439 0.217853 1.192929
0.652585 0.218183 1.190549
0.654492 0.218813 1.197602
0.662498 0.221685 1.181931
0.662791 0.224350 1.190269
0.623616 0.214653 1.205004
0.638677 0.220855 1.177702
0.639535 0.222861 1.181143
0.641431 0.217597 1.178540
0.642704 0.220115 1.183649
0.637422 0.224829 1.175398
0.637960 0.228107 1.178871
0.636704 0.228363 1.173160
0.636937 0.232080 1.176347
0.633239 0.238497 1.165383
0.633999 0.241135 1.169966
0.634720 0.234065 1.169091
0.635260 0.236687 1.172973
0.631374 0.245662 1.160579
0.632181 0.248257 1.165115
0.647209 0.219294 1.184526
0.651485 0.216202 1.179298
0.652025 0.220599 1.185519
0.657722 0.218347 1.182326
0.660994 0.221626 1.177683
0.662498 0.221685 1.181931
0.665603 0.226696 1.180775
0.665473 0.225166 1.173889
0.669192 0.231601 1.177832
0.671854 0.234371 1.175944
0.673437 0.237731 1.174040
0.671933 0.233098 1.168498
0.672858 0.236834 1.166312
0.675538 0.237123 1.164865
0.676069 0.242714 1.170095
0.673921 0.242065 1.171544
0.671231 0.228214 1.193748
0.720793 0.160675 1.141511
0.657616 0.222073 1.188198
0.657616 0.222073 1.188198
0.663722 0.217708 1.171400
0.699515 0.151821 1.145168
0.715266 0.152028 1.150869
0.711418 0.145902 1.154506
0.703982 0.158448 1.141464
0.673329 0.226353 1.162541
0.720793 0.160675 1.141511
0.713625 0.163628 1.137818
0.721590 0.163278 1.138826
0.716728 0.167362 1.134557
0.708589 0.171251 1.137616
0.711644 0.176589 1.134276
0.678976 0.232519 1.161384
0.725819 0.167536 1.134506
0.718710 0.170719 1.130938
0.714549 0.177636 1.130535
0.700582 0.235415 1.163503
0.694927 0.237415 1.155548
0.700040 0.237406 1.161996
0.695676 0.239316 1.154418
0.678725 0.249504 1.167038
0.680402 0.252810 1.165689
0.679443 0.243892 1.161475
0.680707 0.248713 1.156682
0.697187 0.243491 1.152371
0.687718 0.245138 1.152945
0.700936 0.241774 1.158872
0.701574 0.234872 1.164724
0.695742 0.235538 1.157009
0.700582 0.235415 1.163503
0.695742 0.235538 1.157009
0.701574 0.234872 1.164724
0.702190 0.234746 1.163991
0.697875 0.234816 1.155919
0.703274 0.236194 1.161777
0.699103 0.235924 1.154307
0.703064 0.247920 1.155320
0.704122 0.252110 1.152020
0.699341 0.251145 1.148465
0.705010 0.256577 1.148324
0.699683 0.255065 1.145184
0.692208 0.252330 1.147838
0.692854 0.256422 1.144728
0.690899 0.248004 1.149803
0.686462 0.259513 1.148097
0.686916 0.256390 1.152079
0.681967 0.258122 1.158188
0.683825 0.262746 1.156862
0.686472 0.264391 1.153262
0.690268 0.230360 1.157481
0.696647 0.226316 1.152474
0.702952 0.218005 1.148465
0.710276 0.218319 1.146060
0.705021 0.212967 1.147334
0.710474 0.216373 1.145843
0.704944 0.261001 1.143134
0.699983 0.259318 1.140816
0.705658 0.266051 1.138106
0.705481 0.269209 1.134677
0.700920 0.268045 1.133144
0.700355 0.271166 1.129157
0.705022 0.272960 1.130414
0.703803 0.280992 1.121116
0.698856 0.279316 1.119128
0.686019 0.269525 1.149594
0.689235 0.272669 1.136533
0.688515 0.270295 1.140989
0.689013 0.278362 1.141327
0.687982 0.273516 1.147873
0.688585 0.276332 1.132266
0.688938 0.281101 1.138012
0.687099 0.263603 1.144992
0.693616 0.259645 1.139627
0.692542 0.268919 1.133289
0.692890 0.265354 1.136024
0.692656 0.272187 1.129471
0.691961 0.280054 1.119684
0.687599 0.283665 1.123001
0.687459 0.287840 1.127142
0.702154 0.240803 1.147979
0.705694 0.242818 1.153282
0.707281 0.246417 1.148536
0.703844 0.243905 1.143994
0.706094 0.247772 1.139848
0.709161 0.250461 1.143857
0.698572 0.229045 1.148683
0.702290 0.236255 1.139715
0.708253 0.227890 1.139515
0.704558 0.222938 1.144971
0.711810 0.220125 1.144969
0.721246 0.227065 1.143947
0.719084 0.220652 1.150434
0.706703 0.240911 1.135202
0.703813 0.238067 1.136470
0.711065 0.232303 1.134829
0.711384 0.234990 1.130316
0.716974 0.217901 1.151889
0.716737 0.216464 1.152360
0.710474 0.216373 1.145843
0.716974 0.217901 1.151889
0.717825 0.216274 1.151740
0.717825 0.216274 1.151740
0.710644 0.216360 1.144502
0.718480 0.217528 1.148921
0.712452 0.217804 1.142161
0.705765 0.207735 1.142589
0.722675 0.231238 1.139803
0.723093 0.235436 1.134428
0.717380 0.241607 1.122530
0.722599 0.243969 1.122640
0.717663 0.238694 1.126715
0.723239 0.239898 1.128493
0.712324 0.240485 1.126876
0.706124 0.250980 1.123078
0.704977 0.246884 1.129384
0.711055 0.259666 1.130482
0.710070 0.254703 1.137148
0.711135 0.262329 1.126172
0.711390 0.265922 1.120740
0.708669 0.263530 1.116449
0.706260 0.254621 1.120350
0.707750 0.258961 1.112361
0.712323 0.249088 1.117457
0.710653 0.250807 1.112256
0.716534 0.249168 1.111941
0.716937 0.246589 1.116551
0.722338 0.248514 1.116634
0.721817 0.252243 1.111389
0.720255 0.259990 1.099017
0.716480 0.259044 1.098237
0.711888 0.260256 1.099550
0.707642 0.271063 1.105282
0.710847 0.273847 1.108131
0.717770 0.155100 1.147472
0.715266 0.152028 1.150869
0.717770 0.155100 1.147472
0.711418 0.145902 1.154506
0.707910 0.139385 1.159871
0.707910 0.139385 1.159871
0.731210 0.210631 1.124043
0.725374 0.210548 1.121921
0.726769 0.213855 1.117180
0.718705 0.228609 1.122917
0.718339 0.226836 1.126391
0.722575 0.230492 1.125185
0.722405 0.226994 1.131987
0.720429 0.214833 1.121004
0.717090 0.220869 1.122841
0.720430 0.216310 1.117109
0.716632 0.222958 1.118796
0.717715 0.224698 1.130473
0.720670 0.223749 1.136896
0.715823 0.222381 1.133769
0.719660 0.221641 1.140904
0.714389 0.220330 1.137229
0.714596 0.219299 1.125679
0.713892 0.216779 1.129597
0.711936 0.214057 1.133347
0.718201 0.210363 1.126992
0.718919 0.212225 1.122354
0.715974 0.206701 1.130551
0.730181 0.207426 1.128869
0.728890 0.203926 1.134177
0.724245 0.195426 1.143503
0.713162 0.201583 1.135455
0.710426 0.197091 1.139121
0.722631 0.192491 1.145819
0.717580 0.192928 1.140544
0.716345 0.190618 1.140895
0.722912 0.190877 1.146624
0.715975 0.188684 1.139545
0.723193 0.189931 1.146677
0.723745 0.189931 1.142986
0.724641 0.190843 1.137894
0.719261 0.188966 1.134211
0.726656 0.192459 1.133013
0.722351 0.191311 1.128840
0.729277 0.195437 1.127235
0.724613 0.194471 1.123760
0.731746 0.199016 1.120190
0.728318 0.196996 1.117391
0.734178 0.202322 1.113338
0.730553 0.200516 1.111183
0.736398 0.205933 1.107045
0.733071 0.203807 1.105069
0.738345 0.209035 1.101179
0.740660 0.211141 1.096664
0.736021 0.207339 1.098986
0.711276 0.188775 1.140730
0.711933 0.185526 1.138372
0.667256 0.220933 1.196904
0.662150 0.216978 1.201738
0.734337 0.175955 1.122183
0.729125 0.179592 1.117647
0.731845 0.184988 1.110336
0.724305 0.184745 1.116368
0.727190 0.188683 1.110747
0.723395 0.189511 1.119783
0.726104 0.175220 1.123593
0.725357 0.183621 1.120561
0.721838 0.181889 1.123345
0.732130 0.173126 1.126300
0.723833 0.172371 1.127036
0.729537 0.170306 1.130846
0.717249 0.178936 1.127584
0.723415 0.186348 1.124933
0.621190 0.212218 1.176993
0.620189 0.217709 1.175334
0.629046 0.214790 1.173837
0.625804 0.220171 1.170843
0.630077 0.208960 1.174157
0.622465 0.206173 1.177510
0.616501 0.213128 1.183304
0.615000 0.218582 1.181311
0.618580 0.205905 1.183059
0.619786 0.221164 1.173856
0.613135 0.224241 1.178559
0.617837 0.223829 1.170412
0.623569 0.225880 1.164578
0.625485 0.225223 1.169386
0.630970 0.225114 1.171009
0.631077 0.225937 1.168934
0.622931 0.229694 1.162521
0.623121 0.234136 1.160462
0.615748 0.233690 1.162790
0.610602 0.235341 1.169387
0.612418 0.229730 1.174339
0.614580 0.240637 1.158980
0.609378 0.241969 1.164833
0.628111 0.252231 1.157386
0.623741 0.258136 1.156429
0.624791 0.259713 1.158375
0.628977 0.255475 1.161759
0.613121 0.254400 1.155199
0.613826 0.248242 1.156111
0.609174 0.248259 1.161220
0.609812 0.254850 1.158553
0.657061 0.218282 1.178747
0.658116 0.214034 1.173236
0.693362 0.196126 1.144379
0.689646 0.203024 1.147327
0.644102 0.209784 1.175182
0.651025 0.212774 1.172638
0.667068 0.211117 1.165025
0.633221 0.204304 1.173486
0.623602 0.199337 1.173729
0.618190 0.197177 1.183754
0.616403 0.188169 1.188159
0.617318 0.171232 1.192389
0.616430 0.179839 1.190126
0.617318 0.171232 1.192389
0.616430 0.179839 1.190126
0.616403 0.188169 1.188159
0.649129 0.166425 1.235997
0.657589 0.161808 1.236957
0.669472 0.105526 1.200071
0.677476 0.109446 1.194374
0.669472 0.105526 1.200071
0.665466 0.105609 1.194815
0.677476 0.109446 1.194374
0.658588 0.108000 1.188857
0.650796 0.112395 1.184222
0.624605 0.145268 1.192499
0.622830 0.150292 1.200034
0.619625 0.154250 1.205932
0.619318 0.158430 1.200744
0.627388 0.139977 1.186831
0.703191 0.132187 1.166617
0.696832 0.125607 1.171575
0.689921 0.119149 1.180003
0.682984 0.114434 1.186363
0.682331 0.110971 1.193742
0.703191 0.132187 1.166617
0.696832 0.125607 1.171575
0.689921 0.119149 1.180003
0.682984 0.114434 1.186363
0.682331 0.110971 1.193742
0.685941 0.113135 1.198136
0.643457 0.207519 1.170309
0.634267 0.202174 1.170021
0.630287 0.191435 1.171057
0.689310 0.120361 1.199231
0.691330 0.126869 1.207937
0.690592 0.133747 1.214029
0.651416 0.171420 1.235813
0.660533 0.166974 1.236107
0.668813 0.160441 1.234596
0.676123 0.153405 1.231759
0.682054 0.145961 1.228286
0.687537 0.142738 1.219043
0.687077 0.138884 1.224009
0.690921 0.130991 1.218737
0.691903 0.122931 1.211159
0.619625 0.154250 1.205932
0.619318 0.158430 1.200744
0.619258 0.163528 1.195686
0.619258 0.163528 1.195686
0.689056 0.116182 1.203970
0.659311 0.181808 1.227298
0.657626 0.180112 1.230223
0.647483 0.184104 1.226476
0.639023 0.182933 1.224848
0.637024 0.180043 1.227450
0.646373 0.181807 1.229736
0.628968 0.175521 1.223628
0.642473 0.173123 1.233461
0.641173 0.168667 1.233490
0.634184 0.169146 1.229699
0.624058 0.166143 1.220289
0.627885 0.168694 1.225477
0.624242 0.163564 1.229434
0.620498 0.156050 1.234174
0.617278 0.147263 1.239163
0.657773 0.095079 1.213930
0.664059 0.100467 1.207331
0.657773 0.095079 1.213930
0.649354 0.093559 1.199427
0.646220 0.104119 1.185840
0.640046 0.097201 1.192083
0.619052 0.132762 1.192897
0.612454 0.126511 1.194867
0.614542 0.145540 1.210901
0.611167 0.138201 1.215396
0.614542 0.145540 1.210901
0.611167 0.138201 1.215396
0.614437 0.149029 1.217014
0.611314 0.141840 1.221862
0.610040 0.137473 1.238859
0.612552 0.138656 1.245593
0.616348 0.137519 1.250623
0.620564 0.136469 1.255049
0.625722 0.133360 1.257591
0.631952 0.128540 1.259403
0.638435 0.121387 1.258038
0.644790 0.114873 1.255939
0.649490 0.109520 1.253313
0.652202 0.104643 1.249213
0.653877 0.100802 1.245308
0.654339 0.097209 1.240819
0.653908 0.094519 1.236735
0.652769 0.091262 1.228435
0.651740 0.089115 1.220786
0.649334 0.087052 1.214704
0.651740 0.089115 1.220786
0.643061 0.085973 1.204438
0.634547 0.090977 1.198460
0.626132 0.098737 1.194967
0.620213 0.105832 1.195226
0.611867 0.113282 1.196533
0.607572 0.119258 1.199328
0.606030 0.124952 1.206338
0.606168 0.128734 1.213905
0.606795 0.130924 1.219907
0.606795 0.130924 1.219907
0.607865 0.134372 1.227077
0.608216 0.136775 1.233165
0.722156 0.218877 1.113620
0.718643 0.225261 1.115133
0.721589 0.220484 1.109253
0.717029 0.226731 1.111529
0.719650 0.231196 1.119132
0.719505 0.233482 1.114617
0.723561 0.235264 1.116801
0.722780 0.233114 1.120262
0.720303 0.235631 1.110429
0.723348 0.237560 1.112125
0.718002 0.228947 1.106823
0.721995 0.224086 1.104532
0.727500 0.218491 1.109322
0.727350 0.216239 1.113211
0.733053 0.217157 1.114172
0.733181 0.219544 1.109854
0.733172 0.222196 1.104881
0.731317 0.229866 1.089713
0.718795 0.235016 1.093348
0.719173 0.240890 1.096516
0.722815 0.243706 1.098810
0.729449 0.190700 1.105963
0.733999 0.186726 1.106133
0.741057 0.185149 1.108605
0.736254 0.188134 1.102946
0.741289 0.187548 1.104100
0.731268 0.193365 1.101732
0.738702 0.193095 1.094682
0.741351 0.197390 1.089131
0.743704 0.192734 1.095730
0.745448 0.197353 1.089864
0.734391 0.197516 1.094756
0.737331 0.200902 1.089785
0.688680 0.288523 1.118871
0.688100 0.291506 1.122222
0.692180 0.285494 1.115740
0.697213 0.284257 1.115148
0.701362 0.285431 1.116829
0.717433 0.278871 1.101576
0.724343 0.270367 1.097029
0.723551 0.266009 1.095108
0.713188 0.278944 1.103766
0.719716 0.263625 1.094281
0.715845 0.262693 1.093764
0.711562 0.263876 1.094573
0.707818 0.274044 1.100738
0.710246 0.276285 1.102218
0.732774 0.246844 1.090884
0.737174 0.237824 1.085804
0.735283 0.234179 1.085220
0.728056 0.247822 1.091655
0.726817 0.232642 1.085543
0.730629 0.232278 1.084806
0.721114 0.238835 1.088139
0.721754 0.244126 1.089749
0.723932 0.246175 1.092016
0.689449 0.267757 1.143596
0.676203 0.241220 1.163899
0.676218 0.246018 1.168614
0.676218 0.246018 1.168614
0.624791 0.259713 1.158375
0.628977 0.255475 1.161759
0.632181 0.248257 1.165115
0.633999 0.241135 1.169966
0.635260 0.236687 1.172973
0.636937 0.232080 1.176347
0.637960 0.228107 1.178871
0.639535 0.222861 1.181143
0.642704 0.220115 1.183649
0.647209 0.219294 1.184526
0.652025 0.220599 1.185519
0.653068 0.174828 1.231972
0.644634 0.175508 1.230399
0.636607 0.176078 1.227409
0.710847 0.273847 1.108131
0.710246 0.276285 1.102218
0.711390 0.265922 1.120740
0.711135 0.262329 1.126172
0.711055 0.259666 1.130482
0.710070 0.254703 1.137148
0.709161 0.250461 1.143857
0.707281 0.246417 1.148536
0.705694 0.242818 1.153282
0.703274 0.236194 1.161777
0.702190 0.234746 1.163991
0.701574 0.234872 1.164724
0.700582 0.235415 1.163503
0.700040 0.237406 1.161996
0.700936 0.241774 1.158872
0.703064 0.247920 1.155320
0.704122 0.252110 1.152020
0.705010 0.256577 1.148324
0.704944 0.261001 1.143134
0.705658 0.266051 1.138106
0.705481 0.269209 1.134677
0.705022 0.272960 1.130414
0.703803 0.280992 1.121116
0.701362 0.285431 1.116829
0.722815 0.243706 1.098810
0.723932 0.246175 1.092016
0.723348 0.237560 1.112125
0.723561 0.235264 1.116801
0.722780 0.233114 1.120262
0.722575 0.230492 1.125185
0.722405 0.226994 1.131987
0.720670 0.223749 1.136896
0.719660 0.221641 1.140904
0.718480 0.217528 1.148921
0.717825 0.216274 1.151740
0.716737 0.216464 1.152360
0.716974 0.217901 1.151889
0.719084 0.220652 1.150434
0.721246 0.227065 1.143947
0.722675 0.231238 1.139803
0.723093 0.235436 1.134428
0.723239 0.239898 1.128493
0.722599 0.243969 1.122640
0.722338 0.248514 1.116634
0.721817 0.252243 1.111389
0.720255 0.259990 1.099017
0.719716 0.263625 1.094281
0.740233 0.203795 1.087413
0.738345 0.209035 1.101179
0.740660 0.211141 1.096664
0.736398 0.205933 1.107045
0.734178 0.202322 1.113338
0.731746 0.199016 1.120190
0.729277 0.195437 1.127235
0.726656 0.192459 1.133013
0.724641 0.190843 1.137894
0.723745 0.189931 1.142986
0.723193 0.189931 1.146677
0.722912 0.190877 1.146624
0.722631 0.192491 1.145819
0.724245 0.195426 1.143503
0.728890 0.203926 1.134177
0.730181 0.207426 1.128869
0.731210 0.210631 1.124043
0.732374 0.214172 1.118859
0.733053 0.217157 1.114172
0.733181 0.219544 1.109854
0.733172 0.222196 1.104881
0.731317 0.229866 1.089713
0.730629 0.232278 1.084806
0.731520 0.246670 1.086242
0.733706 0.243776 1.084064
0.735186 0.239660 1.082827
0.728564 0.247187 1.085570
0.724319 0.245652 1.086800
0.727250 0.242159 1.082948
0.730434 0.243105 1.082593
0.729184 0.237123 1.081849
0.732621 0.237918 1.082033
0.727250 0.242159 1.082948
0.726418 0.235926 1.083439
0.729184 0.237123 1.081849
0.724319 0.245652 1.086800
0.744967 0.212850 1.093676
0.747081 0.211245 1.092489
0.749271 0.208959 1.091571
0.750953 0.206184 1.091379
0.749411 0.203357 1.089799
0.746629 0.201307 1.087813
0.746629 0.201307 1.087813
0.742266 0.211783 1.093702
0.742266 0.211783 1.093702
0.745944 0.204330 1.087088
0.742915 0.207850 1.087685
0.743422 0.210854 1.090258
0.745731 0.210069 1.088995
0.743422 0.210854 1.090258
0.748333 0.206944 1.088649
0.745944 0.204330 1.087088
0.742915 0.207850 1.087685
0.719209 0.276582 1.094047
0.715513 0.278978 1.096322
0.713247 0.279415 1.098815
0.710187 0.276951 1.096774
0.709118 0.273479 1.094384
0.710187 0.276951 1.096774
0.715772 0.266774 1.090250
0.718896 0.267450 1.090257
0.718896 0.267450 1.090257
0.721722 0.269512 1.091290
0.715147 0.271527 1.089293
0.717871 0.273292 1.089196
0.714247 0.276767 1.092210
0.711811 0.275084 1.091894
0.717871 0.273292 1.089196
0.714247 0.276767 1.092210
0.691342 0.295661 1.121063
0.689919 0.293483 1.118715
0.693774 0.292481 1.116067
0.699324 0.293152 1.116829
0.698548 0.290568 1.114662
0.696993 0.295895 1.121003
0.699207 0.294570 1.119251
0.693407 0.296325 1.122483
0.689919 0.293483 1.118715
0.693774 0.292481 1.116067
0.689751 0.290295 1.117444
0.692216 0.289031 1.115350
0.696188 0.287594 1.114124
0.698548 0.290568 1.114662
0.611787 0.259921 1.159422
0.612464 0.258673 1.157120
0.616776 0.260363 1.156454
0.620482 0.261452 1.158871
0.621123 0.261230 1.157530
0.616776 0.260363 1.156454
0.621123 0.261230 1.157530
0.612464 0.258673 1.157120
0.620756 0.261863 1.162194
0.617484 0.262350 1.161993
0.612412 0.260951 1.161946
567 611
580 628
624 940
623 940
33 35
691 1022
932 1021
589 633
99 219
699 774
141 170
230 307
91 92
1106 1107
1130 1131
1113 1114
1137 1138
53 71
59 65
1104 1105
1128 1129
15 16
92 93
163 311
47 49
19 88
131 132
123 124
713 714
772 773
42 44
21 326
268 279
1108 1109
1132 1133
774 775
134 136
105 225
202 302
11 15
129 130
1098 1099
142 144
117 274
1119 1143
574 917
45 46
204 304
722 775
123 186
1103 1104
1127 1128
247 248
727 728
147 188
108 265
1110 1111
1142 1143
171 201
134 184
900 901
721 723
122 274
95 99
118 119
152 186
719 724
1020 1040
496 873
363 392
764 765
795 796
530 690
188 189
13 239
311 312
717 718
720 931
1115 1116
1139 1140
92 177
1099 1100
1124 1125
1097 1098
1122 1123
723 726
155 244
181 182
1131 1132
97 98
136 183
2 229
1105 1106
68 70
196 214
1136 1137
724 725
1019 1020
100 192
199 232
1116 1117
767 798
115 116
713 716
368 865
166 191
725 729
1018 1019
8 9
234 235
57 59
510 888
1111 1112
1135 1136
1114 1115
1138 1139
7 12
727 733
535 891
672 701
709 712
257 272
1109 1110
1133 1134
7 179
59 137
506 880
170 201
113 283
178 285
103 104
125 127
350 369
1096 1097
1121 1122
1095 1096
1120 1121
106 225
197 214
188 292
169 171
105 106
37 66
214 320
50 323
278 324
38 40
141 143
234 236
757 763
32 66
518 888
126 310
176 327
116 180
46 63
511 556
209 248
371 398
715 716
776 777
917 918
777 931
518 524
522 889
483 486
494 685
1101 1103
1126 1127
764 769
768 796
744 745
86 87
602 698
1117 1118
1141 1142
741 766
285 287
598 599
710 711
485 868
10 205
730 732
416 417
377 411
83 265
370 397
81 228
209 210
13 164
147 273
46 62
48 56
755 762
791 792
27 89
757 758
138 139
714 762
773 791
373 405
221 261
42 297
519 559
3 175
73 127
0 1
39 40
739 744
142 143
168 170
180 181
912 937
105 107
148 255
254 308
100 291
173 305
315 318
770 771
367 866
1086 1087
600 601
6 86
248 266
1094 1095
1119 1120
718 1040
719 720
238 239
2 228
622 705
604 607
118 145
78 80
703 1016
1015 1147
530 689
399 851
646 858
99 283
28 126
97 215
17 20
490 496
755 756
787 792
149 150
105 197
414 415
619 695
122 300
260 282
221 263
835 837
100 311
106 211
1125 1126
299 300
52 61
207 247
141 167
98 246
177 315
163 220
687 897
305 306
142 171
556 898
729 731
1017 1018
210 312
200 201
79 80
118 299
368 864
4 180
287 314
603 604
278 326
758 760
417 837
193 275
708 790
793 794
581 921
143 169
495 525
482 483
535 536
79 295
738 740
823 825
599 603
15 296
570 926
581 917
769 1017
112 115
503 546
605 610
351 372
508 511
919 935
816 817
5 7
391 823
20 205
132 271
668 930
489 870
128 132
175 276
101 102
843 860
609 610
826 829
31 105
251 253
106 107
212 214
280 281
928 929
647 860
816 848
33 34
376 377
752 753
783 788
597 639
628 631
784 785
523 890
154 155
521 529
27 250
204 205
753 756
787 788
136 264
1023 1026
581 920
29 196
147 186
8 21
7 159
573 935
207 320
2 3
867 868
584 593
321 333
937 938
156 157
374 375
554 558
607 608
621 696
869 1052
1044 1045
109 114
9 332
573 667
364 365
1074 1075
251 252
136 306
901 903
183 185
742 743
782 785
165 166
600 606
34 282
679 803
393 436
190 262
188 293
501 664
532 690
58 59
499 877
482 867
117 321
244 245
185 276
780 782
1068 1069
71 259
266 267
90 131
83 135
531 532
109 110
832 855
130 249
29 30
559 900
272 293
77 310
412 836
364 866
1075 1087
156 190
170 284
630 631
903 905
830 853
36 198
698 700
270 301
45 250
425 799
391 394
665 687
109 116
72 73
74 75
198 330
902 904
486 515
666 891
371 405
177 316
148 331
1069 1076
1089 1090
629 940
643 644
359 361
1060 1061
496 884
394 395
85 296
138 140
225 237
1026 1027
225 236
123 303
608 611
915 916
238 281
285 286
536 666
94 328
644 647
624 627
609 612
96 140
539 540
131 271
622 626
418 459
575 581
145 270
89 130
384 425
378 1085
226 227
1062 1065
1215 1218
33 154
35 90
111 116
482 484
1034 1035
561 562
256 257
286 290
98 247
837 839
46 313
245 295
612 613
108 316
622 631
132 254
340 341
505 880
347 348
1055 1073
26 27
401 402
96 283
217 218
338 353
576 577
580 581
735 737
779 780
487 493
191 263
241 314
734 765
781 1149
401 404
487 488
39 252
854 856
58 70
71 313
1322 1323
572 694
400 403
239 243
459 460
622 625
614 615
859 860
82 194
121 122
55 259
14 240
91 317
613 617
26 241
465 811
512 513
9 203
162 223
645 1086
273 292
129 251
318 319
526 529
175 229
250 251
41 297
165 262
1032 1033
520 890
145 151
124 272
517 888
128 133
786 789
179 314
254 271
206 275
42 250
615 618
20 178
95 219
362 363
159 262
357 358
1049 1050
466 812
595 923
909 911
659 814
914 1035
620 621
1057 1058
1079 1080
746 747
334 336
634 635
161 248
129 249
334 338
1790 1791
1915 1916
580 629
229 277
618 619
1082 1083
183 231
396 677
642 1084
1071 1072
1542 1547
881 882
379 383
876 883
1068 1070
669 941
636 637
94 95
195 197
214 245
1153 1192
346 1070
425 426
569 571
125 322
49 61
749 750
386 426
56 57
1083 1091
881 1093
384 385
359 360
1059 1060
201 284
276 277
837 838
826 827
161 162
592 593
172 173
108 315
83 173
430 861
514 888
414 459
740 741
34 154
215 216
913 914
87 182
1031 1033
703 704
591 922
228 277
845 846
289 290
152 301
135 264
3 229
593 594
186 293
732 767
220 325
400 806
653 654
873 875
147 292
829 830
422 478
25 285
1066 1088
146 147
560 564
98 99
172 284
655 679
563 567
523 527
60 61
62 63
80 216
120 233
214 295
900 903
144 322
317 319
161 211
1028 1029
253 254
348 641
1055 1056
235 238
342 343
1051 1052
29 31
179 288
1034 1038
1541 1548
818 819
212 267
354 355
1047 1048
168 172
128 130
1 193
391 396
337 339
89 242
566 567
557 561
503 549
111 180
1063 1064
1081 1082
616 617
228 307
747 748
752 754
464 810
585 587
820 822
734 735
779 781
910 913
522 523
688 930
139 328
839 863
696 711
194 307
102 114
676 844
1331 1332
918 924
119 270
633 638
423 477
83 174
541 896
916 927
278 297
166 263
360 1079
1057 1059
110 111
1213 1214
490 493
536 891
701 1039
213 267
1077 1081
165 190
850 852
544 893
14 241
849 850
157 160
565 568
456 808
149 273
228 276
157 182
636 638
106 224
485 488
543 545
91 319
481 507
154 260
170 171
33 155
641 642
1056 1072
922 923
1536 1550
106 223
550 552
632 635
824 847
1029 1030
366 399
645 646
924 925
145 146
1784 1792
1157 1158
158 181
184 276
584 586
289 294
390 391
526 533
509 550
1892 1893
810 812
1783 1794
1872 1874
30 234
692 694
1225 1228
833 835
528 531
196 244
91 93
117 118
585 588
819 821
46 67
586 590
418 419
356 1078
1045 1046
150 201
273 331
516 519
949 950
220 221
365 1068
1074 1088
240 242
86 302
878 882
113 309
480 800
336 340
803 804
906 909
445 447
246 309
247 266
49 57
153 258
706 707
904 906
36 330
136 231
264 305
243 325
736 737
343 357
1050 1051
395 678
405 406
34 40
751 1100
761 1102
414 416
907 908
1286 1328
547 895
403 404
689 690
101 158
339 352
120 199
130 281
662 989
440 445
846 1145
113 327
702 778
342 345
1052 1053
1044 1061
222 224
1046 1047
354 358
759 761
387 390
240 241
942 944
476 480
843 846
171 256
84 172
503 505
84 168
50 51
52 60
163 312
626 673
347 1080
857 858
527 528
138 283
475 479
102 110
30 35
298 330
849 851
25 326
447 680
827 851
858 1145
650 844
596 597
297 324
1513 1532
948 951
994 995
1176 1178
151 152
1537 1549
674 675
834 836
208 210
422 423
349 641
1580 1581
1908 1909
12 241
954 956
84 174
651 653
290 294
454 460
442 443
1175 1177
439 441
81 184
547 548
162 222
35 234
551 591
842 844
259 260
546 895
548 583
187 188
164 243
1053 1054
87 160
1251 1252
872 874
159 160
96 99
899 939
172 201
55 74
73 303
175 277
148 257
1478 1481
502 542
929 1042
421 837
433 435
468 469
498 535
943 945
991 992
491 492
815 817
1264 1266
1488 1496
441 444
128 281
477 800
689 936
941 1042
61 76
285 326
648 679
286 287
693 1037
928 933
504 506
409 460
507 887
1288 1324
956 958
265 318
1686 1687
1691 1692
64 68
142 169
166 221
927 1037
928 1146
215 306
232 306
676 677
1076 1084
1090 1091
1493 1494
250 278
433 438
471 478
545 894
955 957
836 838
59 70
944 947
444 446
857 859
404 407
625 671
199 305
1479 1480
1869 1870
128 254
1151 1243
875 876
1659 1662
129 308
199 233
286 294
574 934
12 13
658 660
1303 1304
1150 1242
450 807
661 813
467 470
269 270
211 248
971 973
535 892
446 681
1503 1504
477 478
1760 1762
436 437
1716 1718
176 328
950 952
693 1036
876 884
382 383
215 218
1763 1764
329 333
114 291
102 109
6 304
102 291
211 267
871 1052
12 179
957 959
998 999
578 919
335 337
379 381
500 537
429 435
1487 1495
1291 1292
409 414
1233 1244
460 810
342 344
287 289
975 977
43 67
943 946
953 955
996 997
250 297
428 430
1663 1697
542 893
121 150
437 442
274 333
173 200
961 963
802 804
473 475
451 453
497 879
926 927
970 972
1005 1006
840 841
1717 1721
64 65
654 813
806 807
1024 1041
685 1043
687 930
419 420
649 842
668 669
658 663
951 953
995 996
654 656
1765 1766
1682 1739
1711 1741
430 432
427 428
1735 1736
1468 1469
1168 1169
985 987
213 266
974 976
1007 1008
657 658
431 801
1709 1710
222 227
1734 1762
1699 1700
218 306
1452 1498
1856 1857
543 579
407 409
252 253
980 982
248 267
667 670
1296 1297
122 329
972 974
1006 1007
977 978
462 463
538 578
1555 1690
1556 1685
946 948
993 994
1731 1759
1733 1761
463 468
835 863
408 410
978 980
388 389
288 290
452 1144
660 662
965 967
1662 1663
582 590
960 962
1000 1001
386 388
30 31
118 146
1237 1860
400 402
652 653
434 439
580 582
1701 1707
748 749
448 449
1663 1698
42 45
588 589
112 327
1703 1704
1696 1697
139 327
640 697
945 983
992 1011
90 271
1729 1730
188 272
1731 1732
1673 1674
1675 1677
119 269
987 989
1704 1705
1692 1693
461 810
984 986
1012 1013
986 990
1013 1014
1685 1686
1690 1691
1673 1732
831 834
775 931
124 144
981 983
1010 1011
242 280
594 1025
1710 1715
1708 1709
1511 1513
1588 1589
454 455
420 422
464 467
1009 1010
1367 1665
1664 1670
458 462
224 227
964 966
1702 1703
1306 1325
1799 1803
1705 1706
1520 1523
1678 1679
55 258
301 303
1530 1532
1409 1430
963 965
1720 1722
461 464
1538 1541
1490 1830
1798 1801
1382 1414
968 971
20 288
14 239
984 988
1001 1012
1220 1221
1738 1767
427 480
657 680
1720 1721
682 686
683 684
1418 1661
1750 1751
1377 1381
53 54
959 990
999 1014
1445 1446
1671 1672
1706 1708
682 886
684 885
456 457
976 979
1728 1729
805 809
1740 1770
1742 1771
1441 1464
1235 1858
844 847
449 455
670 924
16 268
21 24
1660 1696
966 969
1003 1004
457 461
381 423
103 320
1472 1519
1516 1518
1676 1678
1702 1723
470 474
960 964
1000 1002
1508 1509
1885 1886
151 270
133 235
189 331
1751 1752
534 536
1274 1275
1439 1464
1489 1490
1308 1327
683 1043
686 687
1737 1738
1245 1284
1378 1608
1378 1609
1451 1468
969 970
1004 1005
1741 1742
1764 1765
1200 1201
1680 1681
1743 1744
1237 1859
1538 1539
410 413
261 263
1284 1285
1450 1451
402 828
652 845
1421 1556
1554 1555
41 43
47 48
385 817
1409 1423
1521 1571
1880 1881
1219 1221
217 231
1154 1172
1515 1516
671 672
131 234
1472 1514
1516 1517
1510 1513
1757 1758
628 630
1410 1430
1668 1669
380 424
1573 1577
57 58
1171 1186
1147 1148
68 69
1470 1514
1169 1184
1392 1396
1419 1422
1393 1397
877 878
1627 1635
1628 1629
302 304
678 679
1246 1249
1415 1553
1424 1551
1538 1540
1800 1805
912 913
1718 1719
1636 1639
1435 1467
795 797
1148 1149
1209 1210
1249 1255
1845 1846
1666 1713
1668 1714
1846 1847
853 855
1397 1650
1835 1836
883 885
886 1093
210 248
1665 1669
1667 1670
1453 1497
1722 1847
471 472
1583 1606
1172 1173
1341 1342
1768 1769
1635 1636
53 75
69 72
1174 1179
1201 1203
1657 1658
1533 1534
1852 1853
805 862
1501 1510
1595 1597
1900 1901
1505 1506
1680 1684
1224 1812
1267 1268
1485 1486
1688 1689
1693 1694
1645 1652
1162 1164
1372 1373
1643 1646
827 828
845 1145
202 332
465 472
1434 1448
1446 1447
1463 1466
1420 1421
1552 1554
287 294
1230 1254
1776 1777
1188 1242
1771 1772
1758 1759
1642 1645
1396 1647
1853 1854
1597 1599
1611 1616
1289 1290
1724 1725
1381 1416
1403 1417
1793 1828
883 1067
1092 1093
1459 1463
1361 1365
1629 1663
1340 1344
1272 1273
1766 1767
630 633
1343 1344
1635 1637
1318 1905
1777 1779
1198 1199
1355 1843
1388 1638
1361 1363
1339 1349
1596 1598
1309 1310
1152 1190
1643 1644
1153 1154
1182 1187
1229 1231
1214 1821
1325 1326
1196 1350
1562 1563
1877 1878
1332 1824
1602 1605
1578 1582
1531 1532
1752 1753
1210 1330
1898 1899
1270 1272
1448 1467
1202 1203
1527 1544
1890 1891
1350 1383
1366 1368
1630 1632
1801 1802
1238 1294
1598 1600
1410 1413
1613 1614
1774 1775
1256 1257
1525 1529
1888 1889
1444 1454
1862 1863
1647 1648
1426 1431
1193 1317
1600 1602
1165 1329
1189 1243
1160 1194
1794 1829
1872 1873
1202 1204
1745 1746
1695 1715
1390 1394
1378 1379
1399 1401
1373 1374
1231 1244
1362 1364
1190 1234
1352 1354
1343 1345
1217 1218
1156 1163
1197 1198
1257 1258
1181 1822
1170 1335
1683 1713
1712 1714
1176 1179
1611 1613
1473 1475
1866 1867
1527 1529
1889 1890
1277 1279
1374 1375
1653 1654
1564 1565
1286 1287
1355 1842
1356 1844
1220 1223
1240 1241
1561 1565
1655 1656
1232 1233
1505 1512
1313 1336
1593 1595
1901 1902
1428 1429
1298 1299
1370 1371
1634 1644
1626 1627
1401 1417
1241 1245
1726 1727
1753 1754
1601 1603
1896 1898
1440 1441
8 18
1618 1622
1792 1827
1760 1761
1402 1405
1649 1650
1834 1835
1524 1525
1457 1473
1627 1633
1490 1492
1207 1209
1404 1406
1831 1832
1494 1809
41 324
47 52
1805 1806
1558 1577
1182 1183
1682 1683
1432 1620
1158 1162
1277 1278
1480 1811
1870 1871
1592 1594
1338 1339
1558 1564
1471 1472
1353 1359
1311 1312
1369 1370
1631 1634
1772 1773
1481 1810
135 317
1204 1205
1748 1749
1351 1353
1850 1851
1347 1348
1222 1223
1184 1185
1579 1580
1909 1910
1252 1253
1596 1615
1495 1807
1499 1502
1178 1813
1544 1545
1891 1892
1167 1329
1550 1820
1848 1849
1769 1770
1582 1583
1746 1747
1358 1360
1911 1912
1400 1417
1269 1270
1466 1482
622 623
1271 1272
553 555
1651 1652
1469 1506
1811 1977
1356 1843
1611 1617
1333 1334
1747 1748
1211 1213
1496 1808
1498 1499
1855 1856
1548 1818
1225 1226
1824 1921
1563 1569
1878 1879
414 460
1951 1963
1953 1960
1458 1474
1500 1501
1694 1695
1460 1490
1262 1263
1886 1887
1615 1623
1324 1814
1259 1261
1955 1959
1956 1962
1382 1416
1745 1773
1376 1381
1403 1404
1368 1369
1630 1631
1546 1816
123 152
1922 1923
1927 1930
1392 1394
1776 1785
1391 1395
1838 1839
1558 1559
1314 1337
1619 1621
1613 1615
1385 1389
1840 1841
1626 1628
1360 1363
1301 1314
1431 1621
1557 1579
1357 1380
1522 1572
1455 1457
1864 1865
1826 1929
1917 1925
1959 1960
1962 1963
1425 1427
1401 1403
1624 1625
1547 1817
602 697
1247 1248
1356 1379
1754 1755
1315 1316
1868 1869
1614 1795
1483 1487
1155 1193
1789 1790
1914 1915
1166 1180
1816 1955
1894 1956
1379 1844
1304 1305
1912 1913
1562 1781
1576 1578
1161 1313
1166 1167
1958 1961
1591 1593
1902 1903
1837 1838
1791 1826
1617 1623
1923 1925
1814 1957
1322 1823
1603 1604
1896 1897
1307 1308
1849 1951
1303 1337
1610 1619
1436 1444
1861 1862
1160 1161
1549 1819
1454 1455
1863 1864
1227 1254
1280 1281
1586 1606
1159 1195
1921 1924
1320 1323
1795 1800
1427 1432
1183 1934
1443 1461
1542 1543
1320 1321
1777 1784
1191 1192
1250 1251
1512 1513
1588 1607
1300 1331
1829 1930
1873 1922
1590 1591
1903 1904
1211 1212
1420 1551
1552 1553
1780 1783
1874 1875
1459 1460
1462 1489
1354 1358
1206 1208
1674 1694
1677 1689
1456 1458
1215 1216
1305 1306
1797 1799
1526 1528
1227 1228
1285 1287
1483 1484
1477 1478
1398 1400
1843 1844
1462 1463
1533 1535
1851 1852
1468 1503
1576 1577
1612 1796
1574 1575
1491 1493
1279 1283
1815 1950
1948 1949
1295 1296
555 1025
1788 1789
1913 1914
1756 1757
1640 1641
1437 1442
1346 1988
1385 1387
709 711
1375 1979
1440 1831
1389 1391
1839 1840
1821 1918
1617 1618
1316 1319
582 589
1965 1966
1972 1973
1246 1247
1779 1782
1567 1775
1267 1269
1270 1273
1465 1466
1806 1895
1573 1574
1940 1941
1946 1947
1560 1778
1979 1980
1983 1985
1559 1787
1475 1476
1867 1868
1566 1774
1387 1398
1842 1843
1561 1568
1879 1880
18 24
1326 1936
1804 1937
1565 1567
1276 1833
1438 1832
1983 1984
1531 1538
1919 1920
1239 1318
1786 1787
1568 1570
1950 1951
1409 1410
1265 1965
1636 1640
1259 1260
575 940
1384 1386
1266 1268
1485 1488
1406 1407
1570 1572
1292 1293
1411 1831
1931 1944
1388 1390
1918 1919
1263 1964
1775 1777
1334 1931
1433 1622
450 452
660 661
1282 1283
1407 1408
1564 1566
1780 1781
1875 1876
576 940
1565 1573
1943 1945
1581 1584
1907 1908
1649 1984
1834 1982
1822 1920
1504 1511
1952 1961
1941 1942
1944 1947
1935 1936
1275 1276
1560 1561
1825 1826
1945 1946
1976 1977
1302 1415
1509 1514
1884 1885
1938 1942
593 595
1589 1590
691 693
932 933
1810 1976
1278 1833
1412 1832
1934 1935
1925 1926
1964 1965
1236 1237
1974 1975
1967 1968
1972 1974
1604 1938
1897 1939
1928 1929
1949 1950
1986 1987
1932 1933
1520 1522
1253 1971
1958 1959
1920 1926
1954 1955
1936 1946
1937 1940
1969 1970
1918 1921
961 962
988 989
1931 1932
1857 1858
1967 1970
1978 1988
1943 1944
18 23
1978 1979
1412 1413
1585 1586
1470 1507
1964 1971
1434 1436
1807 1974
1435 1448
1448 1451
23 24
1451 1453
1318 1319
16 22
1470 1472
1584 1587
1906 1907
1294 1295
1293 1294
65 68
1445 1447
1859 1860
1515 1517
1883 1884
1981 1982
1472 1520
1515 1518
1882 1883
1587 1589
1905 1906
1449 1450
1858 1859
