17608451766851197050 1188 600
-0.731953 0.954053 0.093321
-0.942622 0.687584 0.093240
0.731344 -0.953229 0.163090
-0.723768 -0.953253 0.163090
-0.942622 0.687584 0.093240
-0.924585 -0.698127 0.163008
-0.924585 -0.698127 0.163008
-0.942571 -0.704614 0.093240
0.950087 0.687491 0.005110
0.950138 -0.704456 0.005110
-0.942572 -0.704489 0.005110
-0.942623 0.687459 0.005110
0.739406 0.954077 0.093321
-0.731953 0.954053 0.093321
0.932100 0.681130 0.163008
0.950137 -0.704581 0.093240
0.950137 -0.704581 0.093240
0.932151 -0.698095 0.163008
0.950086 0.687617 0.093240
0.739406 0.954077 0.093321
-0.942571 -0.704614 0.093240
0.950087 0.687491 0.005110
0.950086 0.687617 0.093240
0.739406 0.954077 0.093321
0.739276 0.954076 0.005191
-0.731822 0.954052 0.005191
-0.942623 0.687459 0.005110
-0.942572 -0.704489 0.005110
-0.731891 -0.971074 0.093321
0.739468 -0.971049 0.093321
-0.875787 -0.701991 0.631758
-0.715931 -0.868770 0.610144
-0.857536 -0.695504 0.610369
-0.724663 -0.887146 0.631738
-0.715982 0.851755 0.610163
-0.857587 0.678494 0.610369
-0.724714 0.870126 0.631759
0.864569 0.678497 0.500624
0.722964 0.851758 0.500625
0.996950 0.725481 0.140660
0.785812 0.984107 0.140643
-0.957635 -0.731092 0.631759
-0.763435 -0.968719 0.631736
-0.763499 0.951721 0.631759
0.785865 0.984100 0.594771
0.785812 0.984107 0.140643
0.731693 0.870126 0.631759
0.882817 0.684981 0.631758
0.770478 0.951721 0.631759
0.996898 -0.742495 0.140660
0.908016 -0.678461 0.149312
0.785745 -1.001096 0.140657
0.996883 -0.742559 0.594902
0.785796 -1.001088 0.594761
0.722911 -0.868769 0.610144
0.864516 -0.695504 0.610369
0.723923 0.897510 0.149292
0.908063 0.661487 0.149312
-0.778886 0.984100 0.594771
-0.989970 0.725481 0.140660
-0.778833 0.984107 0.140643
-0.989918 -0.742496 0.140660
-0.778765 -1.001096 0.140657
-0.716944 0.897509 0.149292
-0.989970 0.725481 0.140660
-0.778833 0.984107 0.140643
-0.857590 0.678496 0.500624
-0.857587 0.678494 0.610369
-0.715931 -0.868770 0.610144
-0.715933 -0.868761 0.500625
-0.989918 -0.742496 0.140660
-0.778765 -1.001096 0.140657
0.731643 -0.887145 0.631738
0.722911 -0.868769 0.610144
-0.715931 -0.868770 0.610144
-0.715982 0.851755 0.610163
0.722961 0.851755 0.610163
0.785865 0.984100 0.594771
0.864516 -0.695504 0.610369
0.882767 -0.701991 0.631758
-0.778816 -1.001088 0.594761
-0.778765 -1.001096 0.140657
-0.857590 0.678496 0.503157
-0.715933 -0.868761 0.503157
0.722913 -0.868761 0.503157
-0.857540 -0.695506 0.503157
-0.942622 0.687584 0.093240
-0.924636 0.681098 0.163008
-0.723768 -0.953253 0.163090
-0.731891 -0.971074 0.093321
-0.924585 -0.698127 0.163008
-0.924636 0.681098 0.163008
0.950137 -0.704581 0.093240
0.950138 -0.704456 0.005110
-0.942622 0.687584 0.093240
-0.942623 0.687459 0.005110
-0.723829 0.936232 0.163090
-0.731953 0.954053 0.093321
0.950137 -0.704581 0.093240
0.932151 -0.698095 0.163008
0.731344 -0.953229 0.163090
0.932151 -0.698095 0.163008
0.950086 0.687617 0.093240
0.932100 0.681130 0.163008
-0.942571 -0.704614 0.093240
-0.924585 -0.698127 0.163008
0.950087 0.687491 0.005110
0.950086 0.687617 0.093240
0.739406 0.954077 0.093321
0.739276 0.954076 0.005191
-0.731822 0.954052 0.005191
-0.942623 0.687459 0.005110
-0.942572 -0.704489 0.005110
-0.942571 -0.704614 0.093240
0.739337 -0.971049 0.005191
0.739468 -0.971049 0.093321
0.950137 -0.704581 0.093240
0.739468 -0.971049 0.093321
-0.875787 -0.701991 0.631758
-0.715982 0.851755 0.610163
-0.875838 0.684981 0.631758
-0.857587 0.678494 0.610369
0.864566 0.678495 0.610369
0.864569 0.678497 0.500624
0.785865 0.984100 0.594771
0.996934 0.725545 0.594902
-0.957635 -0.731092 0.631759
-0.724714 0.870126 0.631759
-0.957687 0.714079 0.631759
-0.875838 0.684981 0.631758
-0.778886 0.984100 0.594771
0.785865 0.984100 0.594771
0.964666 0.714079 0.631759
0.770478 0.951721 0.631759
0.996898 -0.742495 0.140660
0.996883 -0.742559 0.594902
0.996898 -0.742495 0.140660
0.785745 -1.001096 0.140657
0.996883 -0.742559 0.594902
0.785796 -1.001088 0.594761
0.864520 -0.695505 0.500624
0.722913 -0.868761 0.500625
0.996950 0.725481 0.140660
0.785812 0.984107 0.140643
-0.989955 0.725544 0.594902
-0.989970 0.725481 0.140660
-0.989955 0.725544 0.594902
-0.989903 -0.742560 0.594902
-0.716879 -0.914454 0.149292
-0.901037 -0.678462 0.149312
-0.778765 -1.001096 0.140657
-0.716944 0.897509 0.149292
-0.778833 0.984107 0.140643
-0.901084 0.661487 0.149312
-0.857590 0.678496 0.500624
-0.715985 0.851758 0.500625
-0.857540 -0.695506 0.500624
-0.857536 -0.695504 0.610369
-0.989918 -0.742496 0.140660
-0.989903 -0.742560 0.594902
-0.724663 -0.887146 0.631738
-0.715931 -0.868770 0.610144
-0.778816 -1.001088 0.594761
0.785796 -1.001088 0.594761
0.722913 -0.868761 0.500625
0.722911 -0.868769 0.610144
-0.724714 0.870126 0.631759
-0.715982 0.851755 0.610163
-0.763499 0.951721 0.631759
0.770478 0.951721 0.631759
0.722964 0.851758 0.500625
0.722961 0.851755 0.610163
0.864516 -0.695504 0.610369
0.722911 -0.868769 0.610144
0.882767 -0.701991 0.631758
0.731643 -0.887145 0.631738
0.722961 0.851755 0.610163
0.864566 0.678495 0.610369
0.785745 -1.001096 0.140657
0.785796 -1.001088 0.594761
0.996898 -0.742495 0.140660
0.996883 -0.742559 0.594902
-0.989955 0.725544 0.594902
-0.989903 -0.742560 0.594902
0.864516 -0.695504 0.610369
0.864520 -0.695505 0.500624
-0.857540 -0.695506 0.500624
-0.857590 0.678496 0.500624
0.722964 0.851758 0.503157
-0.715985 0.851758 0.503157
-0.915560 -0.686893 0.093262
-0.897689 -0.680278 0.102230
0.915315 -0.695861 0.093269
0.897389 -0.689333 0.102230
-0.723362 0.921251 0.163089
-0.723687 0.946231 0.163090
0.900337 0.687824 0.102230
0.918263 0.694350 0.093269
0.735867 -0.929412 0.093343
0.757513 -0.952222 0.093341
0.749504 -0.934425 0.102304
0.727774 -0.911580 0.102306
0.915346 -0.695812 0.005114
0.915315 -0.695861 0.093269
-0.720317 -0.924986 0.005190
-0.731623 -0.961074 0.005191
-0.720365 -0.924973 0.093293
-0.712177 -0.907162 0.102306
0.731170 -0.943230 0.102307
0.727774 -0.911580 0.102306
0.739750 0.942180 0.093340
0.757439 0.955280 0.093337
0.925345 -0.708115 0.102234
0.925349 -0.708113 0.163017
0.731253 0.946093 0.102307
0.739408 0.963939 0.093293
-0.917822 -0.708111 0.102234
-0.917832 -0.708347 0.163017
-0.897689 -0.680278 0.102230
-0.897689 -0.680284 0.163013
-0.731546 0.939040 0.093341
-0.723355 0.921250 0.102306
-0.741983 0.937433 0.163087
-0.741989 0.937426 0.102304
-0.723717 -0.943098 0.163090
-0.723685 -0.943096 0.102307
-0.916239 0.696040 0.093217
-0.942622 0.697446 0.093212
0.727774 -0.911580 0.102306
0.735867 -0.929412 0.093343
0.731170 -0.943230 0.102307
0.739330 -0.961050 0.093294
0.013289 0.964324 0.093316
0.013282 0.946471 0.102330
0.918253 0.694396 0.005114
0.943310 0.717659 0.005117
-0.898295 0.689498 0.102230
-0.924636 0.690932 0.102226
0.950000 -0.694587 0.093212
0.950001 -0.694462 0.005110
0.897389 -0.689333 0.102230
0.897415 -0.689242 0.163013
0.931937 0.691112 0.163008
0.932100 0.690964 0.102226
0.013336 -0.943473 0.163113
0.731201 -0.943230 0.163090
-0.924636 0.690932 0.102226
-0.924585 -0.687963 0.102226
0.897389 -0.689333 0.102230
0.925345 -0.708115 0.102234
-0.007690 0.946470 0.102330
-0.007691 0.946471 0.163113
-0.741989 0.937426 0.102304
-0.741983 0.937433 0.163087
0.925314 0.711127 0.163017
0.925310 0.711130 0.102234
0.731140 0.946256 0.163090
0.731253 0.946093 0.102307
-0.935788 -0.714676 0.093220
-0.750158 -0.952307 0.093291
-0.924585 -0.687963 0.102226
-0.924636 0.690932 0.102226
0.925314 0.711127 0.163017
0.900337 0.687830 0.163013
-0.712184 -0.907163 0.163089
-0.741715 -0.934460 0.163087
0.932151 -0.687931 0.102226
0.950000 -0.694587 0.093212
0.749504 -0.934425 0.102304
0.925345 -0.708115 0.102234
0.749443 0.937451 0.102304
0.757439 0.955280 0.093337
0.925310 0.711130 0.102234
0.900337 0.687824 0.102230
-0.741719 -0.934452 0.102304
-0.917822 -0.708111 0.102234
0.002805 -0.912411 0.102330
-0.007811 -0.943628 0.102330
0.002909 -0.912410 0.163113
0.013336 -0.943473 0.163113
0.013336 -0.943472 0.102330
0.002805 -0.912411 0.102330
0.013526 -0.961455 0.093317
0.002901 -0.930212 0.093317
-0.723355 0.921250 0.102306
-0.731546 0.939040 0.093341
-0.935771 0.717620 0.093267
-0.917882 0.711320 0.102234
-0.731849 -0.960944 0.093294
-0.723685 -0.943096 0.102307
-0.723685 -0.943096 0.102307
-0.712177 -0.907162 0.102306
0.002841 0.926876 0.093369
0.002840 0.909094 0.102330
0.002840 0.909094 0.102330
-0.007690 0.946470 0.102330
0.002841 0.926876 0.093369
-0.007872 0.964456 0.093316
0.002833 0.926894 0.005214
0.002841 0.926876 0.093369
-0.935864 0.717828 0.005117
-0.935771 0.717620 0.093267
-0.723794 0.946068 0.102307
-0.007690 0.946470 0.102330
0.739330 -0.961050 0.093294
0.735867 -0.929412 0.093343
0.757513 -0.952222 0.093341
0.943351 -0.714863 0.093220
0.950000 -0.694587 0.093212
0.950086 0.697479 0.093212
-0.915560 -0.686893 0.093262
-0.935788 -0.714676 0.093220
0.943283 0.717695 0.093220
0.943310 0.717659 0.005117
0.950086 0.697479 0.093212
0.950087 0.697353 0.005110
0.739750 0.942180 0.093340
0.739408 0.963939 0.093293
0.739278 0.963938 0.005191
0.013289 0.964324 0.005214
0.002805 -0.912411 0.102330
0.002909 -0.912410 0.163113
-0.857359 -0.685728 0.500624
-0.857355 -0.685727 0.610369
0.002833 0.926894 0.005214
0.002841 0.926876 0.093369
0.002840 0.909094 0.102330
0.013282 0.946471 0.102330
-0.007872 0.964456 0.093316
-0.731950 0.963914 0.093293
-0.731495 0.939075 0.005190
-0.731820 0.963914 0.005191
-0.942622 0.697446 0.093212
-0.942623 0.697320 0.005110
-0.731546 0.939040 0.093341
-0.731495 0.939075 0.005190
0.011864 0.863943 0.500625
0.011864 0.863943 0.609978
-0.774193 -0.982051 0.548432
-0.778526 -0.991087 0.552937
-0.942622 0.697446 0.093212
-0.942623 0.697320 0.005110
-0.935788 -0.714676 0.093220
-0.935815 -0.714640 0.005117
-0.942439 -0.694577 0.093212
-0.942572 -0.694352 0.005110
0.739750 0.942180 0.093340
0.757439 0.955280 0.093337
-0.731623 -0.961074 0.005191
-0.007810 -0.961455 0.005214
-0.750124 -0.952352 0.005188
-0.720317 -0.924986 0.005190
-0.917882 0.711320 0.102234
-0.935771 0.717620 0.093267
0.002901 -0.930212 0.005214
0.002901 -0.930212 0.093317
0.757513 -0.952222 0.093341
0.757521 -0.952335 0.005188
0.739200 -0.961050 0.005191
0.013526 -0.961455 0.005214
-0.915560 -0.686893 0.093262
-0.942439 -0.694577 0.093212
-0.716168 0.861533 0.500625
-0.006628 0.864027 0.500613
-0.779051 0.993816 0.552871
-0.779065 0.993880 0.594687
-0.989962 0.735219 0.544040
-0.989924 0.735099 0.140664
-0.989725 -0.732770 0.553019
-0.989904 -0.732278 0.594819
-0.876456 -0.008413 0.631606
-0.875871 -0.691722 0.631758
-0.724820 -0.876868 0.631674
-0.715642 -0.858772 0.610142
-0.857978 0.008287 0.610204
-0.876716 0.008275 0.631592
0.964341 -0.721295 0.631759
0.996704 -0.732779 0.594819
-0.006746 -0.989047 0.592298
-0.778995 -0.990870 0.594677
-0.006747 0.996297 0.543828
-0.779029 0.993882 0.543935
-0.006747 0.996255 0.552786
-0.006747 0.988877 0.548344
-0.980349 0.732401 0.548530
-0.984012 0.008263 0.548624
-0.875871 -0.691722 0.631758
-0.957506 -0.721338 0.631696
-0.763166 -0.958775 0.631671
-0.006746 -0.958992 0.626507
-0.993688 0.008274 0.544162
-0.989962 0.735219 0.544040
0.002559 0.979921 0.536792
0.002559 0.979857 0.140664
0.865242 -0.008415 0.500536
0.864339 -0.685728 0.500624
0.864335 -0.685726 0.610369
0.722622 -0.858772 0.610142
0.785968 0.993837 0.140664
0.786008 0.993883 0.543935
0.987328 0.732401 0.548530
0.996702 0.735749 0.552949
0.882581 0.695183 0.631695
0.883500 0.008292 0.631536
0.785542 0.994045 0.594834
0.996755 0.735763 0.594818
-0.006746 -0.980058 0.547052
0.002559 -0.972819 0.533763
-0.006746 -0.989047 0.592298
0.002559 -0.980165 0.575859
0.785479 -0.991091 0.543928
0.785362 -0.991047 0.140664
0.996651 -0.732764 0.552949
1.000535 -0.008273 0.553017
0.864388 0.688717 0.500624
0.864385 0.688716 0.610369
0.996702 0.735749 0.552949
0.785528 0.994055 0.552871
0.785968 0.993837 0.140664
0.996903 0.735099 0.140664
0.731328 -0.877094 0.631672
0.770146 -0.958774 0.631671
0.770636 0.961394 0.631759
-0.875784 0.694674 0.631694
-0.857587 0.688207 0.610369
-0.006746 -0.989050 0.542598
-0.006746 -0.980058 0.547052
-0.779051 0.993816 0.552871
-0.006747 0.996255 0.552786
-0.006606 0.963828 0.631616
-0.006624 0.882454 0.631647
-0.989913 0.735221 0.552949
-0.989776 0.735762 0.594818
-0.006747 0.988877 0.548344
-0.006747 0.996297 0.543828
-0.006746 -0.989050 0.542598
0.002559 -0.980204 0.529522
1.000535 -0.008273 0.553017
0.996651 -0.732764 0.552949
0.002559 0.890477 0.598026
0.002559 0.890477 0.496810
-0.763657 0.961394 0.631759
-0.957559 0.724322 0.631696
-0.993692 -0.008411 0.553125
-0.989725 -0.732770 0.553019
-0.763166 -0.958775 0.631671
-0.724820 -0.876868 0.631674
-0.778499 -0.991091 0.543928
-0.989729 -0.732738 0.544040
-0.778989 0.993837 0.140664
-0.779029 0.993882 0.543935
-0.989725 -0.732770 0.553019
-0.980296 -0.729417 0.548530
-0.715642 -0.858772 0.610142
-0.857355 -0.685727 0.610369
-0.957559 0.724322 0.631696
-0.875784 0.694674 0.631694
-0.763166 -0.958775 0.631671
-0.778995 -0.990870 0.594677
-0.857978 0.008287 0.610204
-0.857587 0.688207 0.610369
-0.724820 -0.876868 0.631674
-0.763166 -0.958775 0.631671
-0.716168 0.861533 0.500625
-0.857590 0.688209 0.500624
-0.857900 -0.008414 0.610253
-0.858263 -0.008416 0.500536
-0.779051 0.993816 0.552871
-0.989913 0.735221 0.552949
-0.779029 0.993882 0.543935
-0.774265 0.985070 0.548438
-0.993764 -0.008411 0.544218
-0.989729 -0.732738 0.544040
-0.774193 -0.982051 0.548432
-0.980296 -0.729417 0.548530
-0.989725 -0.732770 0.553019
-0.980296 -0.729417 0.548530
-0.778382 -0.991047 0.140664
-0.006746 -0.989410 0.140664
-0.993599 0.008412 0.594983
-0.960417 0.008275 0.631689
-0.960417 0.008275 0.631689
-0.876716 0.008275 0.631592
0.770146 -0.958774 0.631671
0.785514 -0.991088 0.594676
0.785362 -0.991047 0.140664
0.785479 -0.991091 0.543928
0.002559 -0.980204 0.529522
0.002559 -0.980445 0.140664
0.781173 -0.982050 0.548432
0.785479 -0.991091 0.543928
-0.006746 -0.989410 0.140664
-0.006746 -0.989050 0.542598
0.002559 -0.980204 0.529522
0.002559 -0.972819 0.533763
-0.006746 -0.863225 0.606082
0.002559 -0.877342 0.588759
0.002559 -0.980127 0.537904
0.002559 -0.972819 0.533763
0.722622 -0.858772 0.610142
0.731328 -0.877094 0.631672
0.002559 -0.980165 0.575859
-0.006746 -0.989047 0.592298
0.011865 -0.989047 0.592298
0.785514 -0.991088 0.594676
0.002559 -0.955623 0.607763
0.011727 -0.958986 0.626397
0.011727 -0.958986 0.626397
0.002559 -0.955623 0.607763
0.002559 -0.893209 0.608554
-0.006616 -0.882666 0.627247
0.011736 -0.860872 0.500582
0.002559 -0.875368 0.490508
0.011736 -0.863285 0.606008
0.722622 -0.858772 0.610142
0.781745 0.984831 0.548439
0.011714 0.988786 0.548295
0.002559 0.979921 0.536792
0.011717 0.996146 0.543864
0.781745 0.984831 0.548439
0.785528 0.994055 0.552871
0.002559 0.979846 0.545051
0.002559 0.974907 0.540978
0.731378 0.880072 0.631695
0.011742 0.882454 0.631647
0.002559 0.890477 0.598026
0.002559 0.902930 0.618115
-0.006621 0.996170 0.140664
-0.006747 0.996297 0.543828
0.785528 0.994055 0.552871
0.785542 0.994045 0.594834
0.002559 0.979876 0.583895
0.011730 0.996219 0.594485
0.002559 0.957872 0.618186
0.011723 0.963828 0.631616
-0.006747 0.996255 0.552786
0.002559 0.979846 0.545051
0.011730 0.996219 0.594485
0.011723 0.963828 0.631616
-0.006624 0.882454 0.631647
0.002559 0.902930 0.618115
0.011723 0.963828 0.631616
0.011864 0.863943 0.609978
0.722672 0.861755 0.610162
1.000535 0.008275 0.553017
0.996702 0.735749 0.552949
-0.006747 0.996242 0.594697
-0.006606 0.963828 0.631616
0.864879 -0.008413 0.610253
0.883436 -0.008412 0.631606
0.002559 -0.893209 0.608554
0.011735 -0.882666 0.627247
0.883500 0.008292 0.631536
0.882581 0.695183 0.631695
0.002559 0.902930 0.618115
-0.006624 0.882454 0.631647
0.002559 0.902930 0.618115
0.011742 0.882454 0.631647
0.722672 0.861755 0.610162
0.722675 0.861758 0.500625
0.967417 -0.008410 0.631779
0.964341 -0.721295 0.631759
0.785460 -0.991043 0.552865
0.011720 -0.988963 0.551424
0.864339 -0.685728 0.500624
0.864335 -0.685726 0.610369
1.000665 0.008279 0.544130
0.991001 0.008278 0.548609
0.996707 0.735717 0.544111
0.987328 0.732401 0.548530
0.987277 -0.729417 0.548530
0.991067 -0.008410 0.548686
0.996651 -0.732764 0.552949
0.987277 -0.729417 0.548530
0.996704 -0.732779 0.594819
0.996651 -0.732764 0.552949
0.882531 -0.692194 0.631695
0.964341 -0.721295 0.631759
0.002559 -0.980165 0.575859
0.011865 -0.989047 0.592298
1.000500 0.008280 0.594853
0.996755 0.735763 0.594818
-0.995103 0.008404 0.140664
-0.993688 0.008274 0.544162
-0.989729 -0.732738 0.544040
-0.993764 -0.008411 0.544218
0.996903 0.735099 0.140664
0.996707 0.735717 0.544111
-0.006624 0.882454 0.631647
-0.724871 0.879847 0.631695
0.722672 0.861755 0.610162
0.731378 0.880072 0.631695
1.002082 -0.008417 0.140664
0.996679 -0.732687 0.140664
0.985203 0.000001 0.529907
0.986155 -0.000006 0.140664
0.985203 0.000001 0.529907
0.978421 0.000001 0.533966
0.785479 -0.991091 0.543928
0.996655 -0.732733 0.544111
0.978421 0.000001 0.533966
0.991067 -0.008410 0.548686
1.000535 0.008275 0.553017
0.985127 0.000001 0.538028
0.991067 -0.008410 0.548686
0.978421 0.000001 0.533966
0.985131 0.000002 0.576733
1.000500 0.008280 0.594853
0.985131 0.000002 0.576733
1.000499 -0.008277 0.594853
0.961611 0.000001 0.610858
0.967401 0.008285 0.631675
1.000499 -0.008277 0.594853
0.985131 0.000002 0.576733
0.967401 0.008285 0.631675
0.883500 0.008292 0.631536
0.902486 -0.000001 0.610627
0.883436 -0.008412 0.631606
0.864955 0.008293 0.610193
0.883500 0.008292 0.631536
0.902486 -0.000001 0.610627
0.883436 -0.008412 0.631606
0.865318 0.008291 0.500502
0.864955 0.008293 0.610193
-0.858341 0.008285 0.500516
-0.879374 -0.000005 0.495073
-0.879104 -0.000003 0.596945
-0.879374 -0.000005 0.495073
-0.879104 -0.000003 0.596945
-0.892927 -0.000002 0.616761
-0.960417 0.008275 0.631689
-0.876716 0.008275 0.631592
-0.876456 -0.008413 0.631606
-0.892927 -0.000002 0.616761
-0.960437 -0.008411 0.631779
-0.955398 0.000001 0.616990
-0.955398 0.000001 0.616990
-0.960417 0.008275 0.631689
-0.993523 -0.008273 0.594891
-0.960437 -0.008411 0.631779
-0.993661 0.008274 0.553150
-0.980253 0.000000 0.543868
-0.993523 -0.008273 0.594891
-0.980243 0.000001 0.582739
-0.980253 0.000000 0.543868
-0.993661 0.008274 0.553150
-0.984012 0.008263 0.548624
-0.993688 0.008274 0.544162
-0.984087 -0.008411 0.548686
-0.973154 0.000000 0.539780
-0.995103 0.008404 0.140664
-0.993688 0.008274 0.544162
-0.984087 -0.008411 0.548686
-0.993764 -0.008411 0.544218
-0.980319 0.000000 0.535705
-0.981339 -0.000007 0.140664
0.002559 0.979857 0.140664
0.002559 0.979857 0.140664
0.011738 0.996170 0.140664
-0.981339 -0.000007 0.140664
0.996903 0.735099 0.140664
1.002082 0.008405 0.140664
0.996903 0.735099 0.140664
0.002559 0.979857 0.140664
0.002559 -0.980445 0.140664
0.011865 -0.989410 0.140664
0.002559 0.979857 0.140664
-0.778989 0.993837 0.140664
-0.006621 0.996170 0.140664
0.002559 0.979857 0.140664
0.864569 0.688496 0.503157
0.722964 0.861757 0.503157
-0.715933 -0.858763 0.503157
0.722913 -0.858762 0.503157
0.900337 0.687830 0.163013
0.931937 0.691112 0.163008
0.731700 0.924323 0.163089
0.749437 0.937458 0.163087
-0.917822 -0.708111 0.102234
-0.935788 -0.714676 0.093220
0.932151 -0.687931 0.102226
0.950000 -0.694587 0.093212
-0.723794 0.946068 0.102307
-0.723687 0.946231 0.163090
0.735867 -0.929412 0.093343
0.727774 -0.911580 0.102306
0.749504 -0.934425 0.102304
0.749498 -0.934432 0.163087
0.943351 -0.714863 0.093220
0.915315 -0.695861 0.093269
-0.720365 -0.924973 0.093293
-0.720317 -0.924986 0.005190
-0.750158 -0.952307 0.093291
-0.741719 -0.934452 0.102304
0.727688 -0.911625 0.163089
0.731201 -0.943230 0.163090
0.731693 0.924322 0.102306
0.739750 0.942180 0.093340
0.897415 -0.689242 0.163013
0.925349 -0.708113 0.163017
0.731253 0.946093 0.102307
0.731693 0.924322 0.102306
-0.917882 0.711320 0.102234
-0.898295 0.689498 0.102230
-0.917832 -0.708347 0.163017
-0.897689 -0.680284 0.163013
-0.924585 -0.687988 0.163008
-0.924585 -0.687963 0.102226
-0.741989 0.937426 0.102304
-0.750220 0.955283 0.093290
-0.723355 0.921250 0.102306
-0.723362 0.921251 0.163089
-0.723685 -0.943096 0.102307
-0.712177 -0.907162 0.102306
0.727774 -0.911580 0.102306
0.731170 -0.943230 0.102307
0.731170 -0.943230 0.102307
0.013336 -0.943472 0.102330
0.739408 0.963939 0.093293
0.013289 0.964324 0.093316
0.918263 0.694350 0.093269
0.918253 0.694396 0.005114
-0.924636 0.690956 0.163008
-0.898295 0.689504 0.163013
0.915315 -0.695861 0.093269
0.950000 -0.694587 0.093212
0.931988 -0.688101 0.163008
0.897415 -0.689242 0.163013
0.931937 0.691112 0.163008
0.931988 -0.688101 0.163008
0.731170 -0.943230 0.102307
0.731201 -0.943230 0.163090
0.925349 -0.708113 0.163017
0.749498 -0.934432 0.163087
-0.924585 -0.687963 0.102226
-0.924585 -0.687988 0.163008
0.915315 -0.695861 0.093269
0.943351 -0.714863 0.093220
-0.723687 0.946231 0.163090
-0.723794 0.946068 0.102307
-0.917884 0.711316 0.163017
-0.917882 0.711320 0.102234
0.749443 0.937451 0.102304
0.925310 0.711130 0.102234
-0.935788 -0.714676 0.093220
-0.917822 -0.708111 0.102234
-0.942622 0.697446 0.093212
-0.924636 0.690932 0.102226
0.925310 0.711130 0.102234
0.925314 0.711127 0.163017
-0.712177 -0.907162 0.102306
-0.741719 -0.934452 0.102304
0.950086 0.697479 0.093212
0.932100 0.690964 0.102226
0.943351 -0.714863 0.093220
0.925345 -0.708115 0.102234
0.943283 0.717695 0.093220
0.757439 0.955280 0.093337
0.943283 0.717695 0.093220
0.925310 0.711130 0.102234
-0.741719 -0.934452 0.102304
-0.741715 -0.934460 0.163087
-0.007811 -0.943628 0.163113
-0.723717 -0.943098 0.163090
-0.007811 -0.943628 0.102330
-0.007629 -0.961325 0.093317
0.013336 -0.943472 0.102330
0.002805 -0.912411 0.102330
0.002901 -0.930212 0.093317
0.013526 -0.961455 0.093317
0.002901 -0.930212 0.005214
0.002901 -0.930212 0.093317
-0.935771 0.717620 0.093267
-0.750220 0.955283 0.093290
-0.731849 -0.960944 0.093294
-0.007629 -0.961325 0.093317
-0.720365 -0.924973 0.093293
-0.712177 -0.907162 0.102306
0.013289 0.964324 0.093316
0.002841 0.926876 0.093369
-0.007691 0.946471 0.163113
0.002840 0.909093 0.163113
-0.007690 0.946470 0.102330
-0.007872 0.964456 0.093316
-0.007872 0.964456 0.093316
0.002841 0.926876 0.093369
-0.916239 0.696040 0.093217
-0.935771 0.717620 0.093267
-0.731950 0.963914 0.093293
-0.723794 0.946068 0.102307
0.731140 0.946256 0.163090
0.731700 0.924323 0.163089
0.735836 -0.929439 0.005190
0.735867 -0.929412 0.093343
0.943378 -0.714827 0.005117
0.757521 -0.952335 0.005188
0.950087 0.697353 0.005110
0.950001 -0.694462 0.005110
-0.935815 -0.714640 0.005117
-0.915641 -0.686765 0.005114
0.757444 0.955379 0.005188
0.943310 0.717659 0.005117
0.739750 0.942180 0.093340
0.739720 0.942205 0.005190
0.013289 0.964324 0.093316
0.013289 0.964324 0.005214
-0.007811 -0.943628 0.163113
0.002909 -0.912410 0.163113
-0.006746 -0.863225 0.606082
-0.710443 -0.858805 0.610113
0.013289 0.964324 0.093316
0.013289 0.964324 0.005214
0.013283 0.946472 0.163113
0.013282 0.946471 0.102330
-0.007698 0.964323 0.005214
-0.007872 0.964456 0.093316
-0.731495 0.939075 0.005190
-0.731546 0.939040 0.093341
-0.916248 0.695991 0.005114
-0.942623 0.697320 0.005110
-0.935864 0.717828 0.005117
-0.935771 0.717620 0.093267
-0.731495 0.939075 0.005190
-0.750185 0.955328 0.005188
0.002559 0.890477 0.598026
0.002559 0.890477 0.496810
-0.768955 -0.982037 0.548423
-0.006746 -0.980058 0.547052
-0.942572 -0.694352 0.005110
-0.942439 -0.694577 0.093212
-0.750124 -0.952352 0.005188
-0.750158 -0.952307 0.093291
-0.915641 -0.686765 0.005114
-0.942572 -0.694352 0.005110
0.757444 0.955379 0.005188
0.757439 0.955280 0.093337
-0.731623 -0.961074 0.005191
-0.731849 -0.960944 0.093294
-0.898295 0.689498 0.102230
-0.917882 0.711320 0.102234
-0.007629 -0.961325 0.093317
0.002901 -0.930212 0.093317
0.735867 -0.929412 0.093343
0.735836 -0.929439 0.005190
0.013526 -0.961455 0.093317
0.739330 -0.961050 0.093294
-0.897689 -0.680278 0.102230
-0.915560 -0.686893 0.093262
0.950313 0.586119 0.086386
0.950313 0.586119 0.058380
0.950491 -0.658253 0.086386
0.950491 -0.658253 0.058380
0.644504 -0.963860 0.086386
0.644504 -0.963860 0.058380
-0.630825 -0.964141 0.058380
-0.630825 -0.964141 0.086386
0.644503 0.964388 0.058380
0.644503 0.964388 0.086386
-0.694302 0.964107 0.058380
-0.694302 0.964107 0.086386
-0.943374 0.586112 0.058380
-0.943375 0.649587 0.058380
-0.943374 -0.658254 0.058380
-0.943374 -0.594779 0.058380
-0.782291 -0.986828 0.594679
-0.993692 -0.008411 0.553125
-0.989753 -0.727645 0.553020
-0.989939 0.730114 0.552950
-0.773165 -0.991036 0.140664
-0.781677 -0.987019 0.140664
0.780147 -0.991036 0.140664
0.011865 -0.989410 0.140664
0.780147 -0.991036 0.140664
0.002559 -0.980445 0.140664
0.993434 -0.736654 0.140664
-0.989961 0.730002 0.140664
0.002559 0.979857 0.140664
0.780776 0.993853 0.140664
-0.773747 0.993853 0.140664
-0.782259 0.989825 0.140664
0.996939 0.729980 0.140664
-0.981339 -0.000007 0.140664
-0.995103 -0.008418 0.140664
1.002082 0.008405 0.140664
0.788659 -0.987016 0.140664
-0.986668 0.739092 0.140664
-0.006621 0.996170 0.140664
-0.773747 0.993853 0.140664
-0.766471 -0.954736 0.631671
-0.781829 -0.987048 0.552938
-0.977048 -0.733399 0.548528
-0.875876 -0.686594 0.631757
-0.872625 -0.695702 0.631757
-0.728118 -0.872826 0.631676
0.996679 -0.727637 0.552949
-0.986519 0.739752 0.594816
-0.782350 0.989855 0.594689
-0.782332 0.989791 0.552873
-0.777548 0.981046 0.548440
-0.980375 0.727294 0.548530
-0.984012 0.008263 0.548624
-0.989988 0.730118 0.544041
-0.872625 -0.695702 0.631757
-0.006746 -0.989047 0.592298
-0.773761 -0.990857 0.594661
0.861095 -0.689688 0.500624
0.725916 -0.854744 0.500625
-0.719631 0.879866 0.631695
0.002559 0.979921 0.536792
0.002559 0.979857 0.140664
0.717438 -0.858778 0.500624
0.717429 -0.858805 0.610112
0.864879 -0.008413 0.610253
0.864339 -0.680604 0.610368
0.011710 -0.989031 0.542414
0.780256 -0.991077 0.543918
1.000665 0.008279 0.544130
0.991001 0.008278 0.548609
0.011723 0.963828 0.631616
0.011742 0.882454 0.631647
0.964558 0.719193 0.631696
0.967401 0.008285 0.631675
0.002559 -0.980127 0.537904
-0.006601 -0.988963 0.551424
0.002559 -0.955623 0.607763
-0.006746 -0.958992 0.626507
1.002082 -0.008417 0.140664
1.000618 -0.008278 0.544218
0.788765 -0.987000 0.552866
0.993401 -0.736739 0.552948
0.717487 0.861774 0.500625
0.717477 0.861771 0.610161
0.776541 0.984858 0.548438
0.011714 0.988786 0.548295
0.011717 0.996146 0.543864
0.780809 0.993898 0.543934
0.764916 -0.958776 0.631634
0.011727 -0.958986 0.626397
0.882588 0.690052 0.631693
-0.857978 0.008287 0.610204
-0.857590 0.683094 0.610368
-0.782305 0.989866 0.543936
-0.986702 0.739217 0.544038
-0.006747 0.996297 0.543828
-0.773778 0.993899 0.543934
-0.006747 0.996242 0.594697
-0.773819 0.993896 0.594687
-0.993599 0.008412 0.594983
-0.960417 0.008275 0.631689
-0.006747 0.988877 0.548344
0.002559 0.974907 0.540978
0.993453 0.739724 0.552948
0.788845 0.989998 0.552872
-0.006746 -0.989050 0.542598
0.002559 -0.980204 0.529522
0.788780 -0.987052 0.543931
0.984030 -0.733396 0.548528
-0.006628 0.864027 0.500613
-0.006747 0.863943 0.609978
-0.782350 0.989855 0.594689
-0.986654 0.739218 0.552948
-0.006746 -0.989047 0.592298
-0.757931 -0.958776 0.631635
-0.006746 -0.958992 0.626507
-0.989758 -0.727616 0.544041
-0.993764 -0.008411 0.544218
-0.986702 0.739217 0.544038
-0.989753 -0.727645 0.553020
-0.993692 -0.008411 0.553125
-0.980323 -0.724289 0.548531
-0.719607 -0.876910 0.631642
-0.006616 -0.882666 0.627247
-0.006746 -0.863225 0.606082
-0.960417 0.008275 0.631689
-0.876716 0.008275 0.631592
-0.960437 -0.008411 0.631779
-0.875876 -0.686594 0.631757
-0.957527 -0.716212 0.631697
-0.710471 0.861771 0.610161
-0.006747 0.863943 0.609978
-0.719607 -0.876910 0.631642
-0.006616 -0.882666 0.627247
-0.857978 0.008287 0.610204
-0.857590 0.683094 0.610368
-0.719442 0.857520 0.500625
-0.854348 0.692182 0.500624
-0.854106 -0.689695 0.610364
-0.773797 0.993832 0.552871
-0.769005 0.985096 0.548438
-0.006747 0.988877 0.548344
-0.768955 -0.982037 0.548423
-0.773291 -0.991073 0.552926
-0.006746 -0.980058 0.547052
-0.980323 -0.724289 0.548531
-0.984087 -0.008411 0.548686
-0.986480 -0.736712 0.544038
-0.781798 -0.987056 0.543930
-0.728159 0.875813 0.631695
-0.872535 0.698660 0.631694
-0.758409 0.961411 0.631758
-0.006606 0.963828 0.631616
0.996731 -0.727653 0.594819
0.011865 -0.989410 0.140664
0.011710 -0.989031 0.542414
0.780809 0.993898 0.543934
0.011717 0.996146 0.543864
0.776541 0.984858 0.548438
0.011710 -0.989031 0.542414
0.011722 -0.980016 0.546975
0.780256 -0.991077 0.543918
0.002559 -0.980204 0.529522
0.011710 -0.989031 0.542414
-0.006746 -0.863225 0.606082
-0.006616 -0.882666 0.627247
0.002559 -0.972819 0.533763
0.011722 -0.980016 0.546975
0.879282 -0.696168 0.631694
0.734633 -0.873053 0.631673
-0.006601 -0.988963 0.551424
0.002559 -0.980127 0.537904
0.780229 -0.991028 0.552855
0.011720 -0.988963 0.551424
0.002559 -0.980165 0.575859
0.011865 -0.989047 0.592298
0.011735 -0.882666 0.627247
0.002559 -0.893209 0.608554
0.002559 -0.893209 0.608554
-0.006616 -0.882666 0.627247
0.011736 -0.860872 0.500582
0.002559 -0.875368 0.490508
0.861144 0.692678 0.500624
0.725971 0.857733 0.500625
0.785060 0.980760 0.548440
0.984085 0.736383 0.548528
0.002559 0.979921 0.536792
0.011717 0.996146 0.543864
0.996729 0.730621 0.552949
0.002559 0.979846 0.545051
0.002559 0.974907 0.540978
0.002559 0.979846 0.545051
-0.006747 0.996255 0.552786
0.864389 0.683594 0.610368
0.011742 0.882454 0.631647
0.011864 0.863943 0.609978
0.002559 0.979921 0.536792
0.002559 0.979857 0.140664
0.789270 0.989787 0.140664
0.002559 0.979876 0.583895
0.011730 0.996219 0.594485
0.011730 0.996219 0.594485
0.002559 0.979876 0.583895
-0.006747 0.996242 0.594697
0.002559 0.979876 0.583895
0.011730 0.996219 0.594485
0.780337 0.994060 0.594831
0.002559 0.902930 0.618115
0.002559 0.957872 0.618186
0.765422 0.961411 0.631758
0.011723 0.963828 0.631616
0.993456 -0.736752 0.594816
0.961286 0.728299 0.631697
0.879332 0.699156 0.631695
0.773952 0.957340 0.631758
0.002559 0.957872 0.618186
0.002559 0.979876 0.583895
0.784478 -0.977999 0.548434
0.002559 -0.893209 0.608554
0.011735 -0.882666 0.627247
0.011735 -0.882666 0.627247
0.726121 -0.877134 0.631640
0.002559 0.902930 0.618115
-0.006624 0.882454 0.631647
0.002559 0.902930 0.618115
0.002559 0.957872 0.618186
0.879282 -0.696168 0.631694
0.734633 -0.873053 0.631673
0.961090 -0.725271 0.631758
0.865242 -0.008415 0.500536
0.864879 -0.008413 0.610253
0.002559 -0.875368 0.490508
-0.006617 -0.860872 0.500582
0.993453 0.739724 0.552948
0.780229 -0.991028 0.552855
0.011720 -0.988963 0.551424
0.775938 -0.982036 0.548422
1.000535 -0.008273 0.553017
0.991067 -0.008410 0.548686
0.964363 -0.716166 0.631760
0.011727 -0.958986 0.626397
0.011735 -0.882666 0.627247
0.002559 -0.980165 0.575859
0.011865 -0.989047 0.592298
1.000535 0.008275 0.553017
1.000500 0.008280 0.594853
-0.006624 0.882454 0.631647
-0.719631 0.879866 0.631695
-0.989988 0.730118 0.544041
-0.995103 0.008404 0.140664
-0.989961 0.730002 0.140664
0.861138 0.692680 0.610364
0.734689 0.876024 0.631695
0.726168 0.880089 0.631695
0.011742 0.882454 0.631647
1.000665 0.008279 0.544130
1.002082 0.008405 0.140664
1.000665 0.008279 0.544130
0.985203 0.000001 0.529907
1.002082 -0.008417 0.140664
0.986155 -0.000006 0.140664
0.991001 0.008278 0.548609
0.978421 0.000001 0.533966
0.987304 -0.724286 0.548531
0.978421 0.000001 0.533966
0.991067 -0.008410 0.548686
1.000535 0.008275 0.553017
0.985127 0.000001 0.538028
0.991067 -0.008410 0.548686
1.000535 -0.008273 0.553017
0.985131 0.000002 0.576733
0.985127 0.000001 0.538028
0.985131 0.000002 0.576733
1.000499 -0.008277 0.594853
0.961611 0.000001 0.610858
0.967401 0.008285 0.631675
0.961611 0.000001 0.610858
0.967417 -0.008410 0.631779
0.967401 0.008285 0.631675
0.883500 0.008292 0.631536
0.902486 -0.000001 0.610627
0.883436 -0.008412 0.631606
0.864955 0.008293 0.610193
0.889404 -0.000002 0.590896
0.902486 -0.000001 0.610627
0.889404 -0.000002 0.590896
0.865318 0.008291 0.500502
0.864955 0.008293 0.610193
-0.858341 0.008285 0.500516
-0.879374 -0.000005 0.495073
0.865242 -0.008415 0.500536
0.889660 -0.000004 0.489443
-0.858263 -0.008416 0.500536
-0.857900 -0.008414 0.610253
-0.960417 0.008275 0.631689
-0.876716 0.008275 0.631592
-0.876456 -0.008413 0.631606
-0.892927 -0.000002 0.616761
-0.960437 -0.008411 0.631779
-0.876456 -0.008413 0.631606
-0.955398 0.000001 0.616990
-0.960417 0.008275 0.631689
-0.993523 -0.008273 0.594891
-0.960437 -0.008411 0.631779
-0.980243 0.000001 0.582739
-0.993599 0.008412 0.594983
-0.993692 -0.008411 0.553125
-0.980253 0.000000 0.543868
-0.980253 0.000000 0.543868
-0.993661 0.008274 0.553150
-0.984012 0.008263 0.548624
-0.993688 0.008274 0.544162
-0.980253 0.000000 0.543868
-0.973154 0.000000 0.539780
-0.995103 0.008404 0.140664
-0.981339 -0.000007 0.140664
-0.984087 -0.008411 0.548686
-0.993764 -0.008411 0.544218
-0.980319 0.000000 0.535705
-0.981339 -0.000007 0.140664
-0.006746 -0.989050 0.542598
-0.006746 -0.989410 0.140664
0.864569 0.688496 0.503157
0.864520 -0.685506 0.503157
-0.715933 -0.858763 0.503157
-0.857540 -0.685507 0.503157
0.931937 0.691112 0.163008
0.932100 0.690964 0.102226
0.749437 0.937458 0.163087
0.749443 0.937451 0.102304
-0.857359 -0.680609 0.610368
0.717477 0.861771 0.610161
0.726168 0.880089 0.631695
-0.773819 0.993896 0.594687
-0.773778 0.993899 0.543934
-0.773747 0.993853 0.140664
-0.773761 -0.990857 0.594661
0.780776 0.993853 0.140664
0.788659 -0.987016 0.140664
0.788780 -0.987052 0.543931
58 77
130 131
143 152
162 163
137 150
43 48
168 169
28 29
12 13
144 147
182 183
136 142
36 46
2 3
126 128
56 63
188 189
75 76
672 673
83 84
73 74
308 309
10 11
8 9
796 797
656 659
14 15
4 5
118 120
90 91
728 729
246 247
260 261
1170 1171
82 85
186 187
50 57
662 663
666 667
876 877
872 873
562 563
503 504
427 428
380 381
378 379
477 478
515 516
934 935
1004 1005
1053 1054
914 915
1020 1021
1082 1083
870 871
886 887
945 946
943 944
903 904
932 933
988 989
826 827
990 992
422 541
388 389
1057 1058
936 937
999 1000
580 581
544 545
390 391
660 661
718 719
318 319
844 845
358 359
412 413
437 438
443 444
471 472
584 585
592 593
774 775
384 385
328 329
348 349
1097 1098
880 883
570 571
523 524
865 866
967 968
964 965
899 900
588 589
244 245
716 717
302 303
762 763
993 994
1101 1102
1068 1069
980 981
1094 1095
560 561
920 921
513 514
542 543
362 363
975 977
978 979
808 809
402 403
552 553
370 371
459 460
394 395
939 940
982 983
912 913
158 159
145 146
134 135
180 181
44 45
178 179
80 81
926 927
582 583
650 651
1103 1104
586 587
366 367
398 399
449 450
1182 1183
1186 1187
410 411
485 486
527 528
1168 1169
491 492
1002 1003
908 909
1044 1045
392 393
1166 1167
654 655
594 595
487 488
25 26
110 111
0 1
18 19
116 117
59 60
64 65
39 40
49 51
61 62
70 71
418 419
124 125
52 53
138 139
447 448
598 599
467 468
404 405
416 417
473 474
100 101
874 884
941 942
995 996
928 929
951 952
895 896
1032 1033
132 133
41 42
441 442
800 801
756 757
794 795
258 259
772 773
306 307
151 153
148 149
1060 1062
274 275
742 743
732 733
268 269
72 79
174 175
127 129
46 47
997 998
1016 1017
1074 1075
54 55
172 173
154 155
37 38
670 671
34 35
119 121
176 177
140 141
1172 1173
463 464
396 397
453 454
984 985
905 906
1030 1031
156 157
66 67
184 185
122 123
414 415
564 565
322 323
1077 1078
465 466
1140 1141
622 623
1134 1135
170 171
558 559
930 931
68 69
164 165
910 911
957 958
336 337
626 627
439 440
824 825
445 446
461 462
420 421
298 299
324 325
202 203
720 721
792 793
842 843
356 357
334 335
816 817
802 803
300 301
820 821
834 835
114 115
23 24
108 109
21 22
106 107
92 93
20 27
112 113
94 95
836 837
814 815
312 313
342 343
690 691
830 831
354 355
770 771
804 805
810 811
344 345
828 829
238 239
332 333
340 341
314 315
455 456
386 387
576 577
1146 1147
614 615
1126 1127
481 482
630 631
973 974
1142 1143
429 430
918 919
1088 1089
96 97
88 89
6 7
102 103
104 105
16 17
98 99
86 87
860 861
862 863
216 217
256 257
682 683
738 739
320 321
224 225
730 731
254 255
748 749
212 213
740 741
760 761
686 687
812 813
250 251
222 223
252 253
1176 1177
710 711
242 243
1174 1175
240 241
218 219
706 707
734 735
1055 1056
1072 1073
48 77
457 458
483 484
376 377
638 639
1150 1151
479 480
947 948
537 538
546 547
961 963
529 530
431 432
574 575
1092 1093
364 365
368 369
1063 1064
350 351
750 751
264 265
296 297
784 785
778 779
780 781
294 295
326 327
1118 1119
204 205
290 291
712 713
724 725
726 727
704 705
798 799
310 311
234 235
272 273
262 263
688 689
736 737
698 699
248 249
806 807
282 283
768 769
276 277
840 841
280 281
766 767
278 279
1130 1131
208 209
714 715
304 305
694 695
674 675
200 201
198 199
31 33
160 161
166 167
372 373
499 500
590 591
1179 1180
616 617
620 621
1128 1129
702 703
838 839
786 787
78 79
30 32
423 424
971 972
1012 1013
1042 1043
374 375
548 549
618 619
1138 1139
850 851
848 849
852 853
854 855
856 857
858 859
832 833
360 361
226 227
818 819
722 723
236 237
539 540
554 555
1070 1071
556 557
606 607
608 609
612 613
1120 1121
194 195
330 331
822 823
495 496
628 629
632 633
1144 1145
1132 1133
525 526
550 551
1024 1025
1066 1067
509 510
1026 1027
1124 1125
624 625
1136 1137
610 611
1122 1123
602 603
1114 1115
1105 1106
676 677
210 211
346 347
790 791
700 701
316 317
692 693
1051 1052
708 709
288 289
788 789
214 215
206 207
776 777
230 231
696 697
220 221
284 285
228 229
684 685
531 532
1047 1048
1049 1050
270 271
754 755
924 925
758 759
600 601
604 605
1112 1113
746 747
752 753
678 679
744 745
196 197
192 193
266 267
680 681
190 191
846 847
505 506
507 508
1109 1110
286 287
352 353
578 579
1022 1023
1090 1091
408 409
501 502
535 536
1039 1040
782 783
232 233
1152 1153
517 518
1034 1035
292 293
511 512
1028 1029
1079 1080
764 765
642 643
657 658
668 669
922 923
1018 1019
1154 1155
949 950
435 436
953 954
640 641
644 645
1156 1157
1010 1011
1107 1108
406 407
634 635
1014 1015
636 637
1148 1149
533 534
648 649
1162 1163
881 882
664 665
338 339
469 470
489 490
451 452
475 476
519 520
400 401
572 573
568 569
652 653
1164 1165
646 647
1158 1159
566 567
916 917
1085 1086
1116 1117
1007 1008
425 426
956 1111
890 969
867 960
1076 1087
1036 1081
894 929
901 942
966 1096
1001 1059
891 892
902 976
938 1061
875 885
986 1178
1041 1099
898 988
1006 1032
888 962
1065 1084
897 987
1100 1180
907 997
959 1181
893 970
889 991
864 1184
915 1187
955 1009
878 879
1046 1185
868 869
433 434
382 383
493 494
497 498
1160 1161
596 597
521 522
1037 1038
