16359245277033039219 1015 1020
0.004635 0.000000 -0.014266
-0.012135 0.000000 -0.008817
-0.012135 0.005000 -0.008817
0.004635 0.005000 -0.014266
-0.012135 0.005000 0.008817
-0.012135 0.000000 0.008817
0.004635 0.005000 0.014266
0.004635 0.000000 0.014266
0.015000 0.005000 0.000000
0.015000 0.000000 0.000000
-0.012135 0.010000 -0.008817
0.004635 0.010000 -0.014266
-0.012135 0.010000 0.008817
0.004635 0.010000 0.014266
0.015000 0.010000 0.000000
-0.012135 0.015000 -0.008817
0.004635 0.015000 -0.014266
-0.012135 0.015000 0.008817
0.004635 0.015000 0.014266
0.015000 0.015000 0.000000
-0.012135 0.020000 -0.008817
0.004635 0.020000 -0.014266
-0.012135 0.020000 0.008817
0.004635 0.020000 0.014266
0.015000 0.020000 0.000000
-0.012135 0.025000 -0.008817
0.004635 0.025000 -0.014266
-0.012135 0.025000 0.008817
0.004635 0.025000 0.014266
0.015000 0.025000 0.000000
-0.012135 0.030000 -0.008817
0.004635 0.030000 -0.014266
-0.012135 0.030000 0.008817
0.004635 0.030000 0.014266
0.015000 0.030000 0.000000
-0.012135 0.035000 -0.008817
0.004635 0.035000 -0.014266
-0.012135 0.035000 0.008817
0.004635 0.035000 0.014266
0.015000 0.035000 0.000000
-0.012135 0.040000 -0.008817
0.004635 0.040000 -0.014266
-0.012135 0.040000 0.008817
0.004635 0.040000 0.014266
0.015000 0.040000 0.000000
-0.012135 0.045000 -0.008817
0.004635 0.045000 -0.014266
-0.012135 0.045000 0.008817
0.004635 0.045000 0.014266
0.015000 0.045000 0.000000
-0.012135 0.050000 -0.008817
0.004635 0.050000 -0.014266
-0.012135 0.050000 0.008817
0.004635 0.050000 0.014266
0.015000 0.050000 0.000000
-0.012135 0.055000 -0.008817
0.004635 0.055000 -0.014266
-0.012135 0.055000 0.008817
0.004635 0.055000 0.014266
0.015000 0.055000 0.000000
-0.012135 0.060000 -0.008817
0.004635 0.060000 -0.014266
-0.012135 0.060000 0.008817
0.004635 0.060000 0.014266
0.015000 0.060000 0.000000
-0.012135 0.065000 -0.008817
0.004635 0.065000 -0.014266
-0.012135 0.065000 0.008817
0.004635 0.065000 0.014266
0.015000 0.065000 0.000000
-0.012135 0.070000 -0.008817
0.004635 0.070000 -0.014266
-0.012135 0.070000 0.008817
0.004635 0.070000 0.014266
0.015000 0.070000 0.000000
-0.012135 0.075000 -0.008817
0.004635 0.075000 -0.014266
-0.012135 0.075000 0.008817
0.004635 0.075000 0.014266
0.015000 0.075000 0.000000
-0.012135 0.080000 -0.008817
0.004635 0.080000 -0.014266
-0.012135 0.080000 0.008817
0.004635 0.080000 0.014266
0.015000 0.080000 0.000000
-0.012135 0.085000 -0.008817
0.004635 0.085000 -0.014266
-0.012135 0.085000 0.008817
0.004635 0.085000 0.014266
0.015000 0.085000 0.000000
-0.012135 0.090000 -0.008817
0.004635 0.090000 -0.014266
-0.012135 0.090000 0.008817
0.004635 0.090000 0.014266
0.015000 0.090000 0.000000
-0.012135 0.095000 -0.008817
0.004635 0.095000 -0.014266
-0.012135 0.095000 0.008817
0.004635 0.095000 0.014266
0.015000 0.095000 0.000000
-0.012135 0.100000 -0.008817
0.004635 0.100000 -0.014266
-0.012135 0.100000 0.008817
0.004635 0.100000 0.014266
0.015000 0.100000 0.000000
-0.012135 0.105000 -0.008817
0.004635 0.105000 -0.014266
-0.012135 0.105000 0.008817
0.004635 0.105000 0.014266
0.015000 0.105000 0.000000
-0.012135 0.110000 -0.008817
0.004635 0.110000 -0.014266
-0.012135 0.110000 0.008817
0.004635 0.110000 0.014266
0.015000 0.110000 0.000000
-0.012135 0.115000 -0.008817
0.004635 0.115000 -0.014266
-0.012135 0.115000 0.008817
0.004635 0.115000 0.014266
0.015000 0.115000 0.000000
-0.012135 0.120000 -0.008817
0.004635 0.120000 -0.014266
-0.012135 0.120000 0.008817
0.004635 0.120000 0.014266
0.015000 0.120000 0.000000
-0.012135 0.125000 -0.008817
0.004635 0.125000 -0.014266
-0.012135 0.125000 0.008817
0.004635 0.125000 0.014266
0.015000 0.125000 0.000000
-0.012135 0.130000 -0.008817
0.004635 0.130000 -0.014266
-0.012135 0.130000 0.008817
0.004635 0.130000 0.014266
0.015000 0.130000 0.000000
-0.012135 0.135000 -0.008817
0.004635 0.135000 -0.014266
-0.012135 0.135000 0.008817
0.004635 0.135000 0.014266
0.015000 0.135000 0.000000
-0.012135 0.140000 -0.008817
0.004635 0.140000 -0.014266
-0.012135 0.140000 0.008817
0.004635 0.140000 0.014266
0.015000 0.140000 0.000000
-0.012135 0.145000 -0.008817
0.004635 0.145000 -0.014266
-0.012135 0.145000 0.008817
0.004635 0.145000 0.014266
0.015000 0.145000 0.000000
-0.012135 0.150000 -0.008817
0.004635 0.150000 -0.014266
-0.012135 0.150000 0.008817
0.004635 0.150000 0.014266
0.015000 0.150000 0.000000
-0.012135 0.155000 -0.008817
0.004635 0.155000 -0.014266
-0.012135 0.155000 0.008817
0.004635 0.155000 0.014266
0.015000 0.155000 0.000000
-0.012135 0.160000 -0.008817
0.004635 0.160000 -0.014266
-0.012135 0.160000 0.008817
0.004635 0.160000 0.014266
0.015000 0.160000 0.000000
-0.012135 0.165000 -0.008817
0.004635 0.165000 -0.014266
-0.012135 0.165000 0.008817
0.004635 0.165000 0.014266
0.015000 0.165000 0.000000
-0.012135 0.170000 -0.008817
0.004635 0.170000 -0.014266
-0.012135 0.170000 0.008817
0.004635 0.170000 0.014266
0.015000 0.170000 0.000000
-0.012135 0.175000 -0.008817
0.004635 0.175000 -0.014266
-0.012135 0.175000 0.008817
0.004635 0.175000 0.014266
0.015000 0.175000 0.000000
-0.012135 0.180000 -0.008817
0.004635 0.180000 -0.014266
-0.012135 0.180000 0.008817
0.004635 0.180000 0.014266
0.015000 0.180000 0.000000
-0.012135 0.185000 -0.008817
0.004635 0.185000 -0.014266
-0.012135 0.185000 0.008817
0.004635 0.185000 0.014266
0.015000 0.185000 0.000000
-0.012135 0.190000 -0.008817
0.004635 0.190000 -0.014266
-0.012135 0.190000 0.008817
0.004635 0.190000 0.014266
0.015000 0.190000 0.000000
-0.012135 0.195000 -0.008817
0.004635 0.195000 -0.014266
-0.012135 0.195000 0.008817
0.004635 0.195000 0.014266
0.015000 0.195000 0.000000
-0.012135 0.200000 -0.008817
0.004635 0.200000 -0.014266
-0.012135 0.200000 0.008817
0.004635 0.200000 0.014266
0.015000 0.200000 0.000000
-0.012135 0.205000 -0.008817
0.004635 0.205000 -0.014266
-0.012135 0.205000 0.008817
0.004635 0.205000 0.014266
0.015000 0.205000 0.000000
-0.012135 0.210000 -0.008817
0.004635 0.210000 -0.014266
-0.012135 0.210000 0.008817
0.004635 0.210000 0.014266
0.015000 0.210000 0.000000
-0.012135 0.215000 -0.008817
0.004635 0.215000 -0.014266
-0.012135 0.215000 0.008817
0.004635 0.215000 0.014266
0.015000 0.215000 0.000000
-0.012135 0.220000 -0.008817
0.004635 0.220000 -0.014266
-0.012135 0.220000 0.008817
0.004635 0.220000 0.014266
0.015000 0.220000 0.000000
-0.012135 0.225000 -0.008817
0.004635 0.225000 -0.014266
-0.012135 0.225000 0.008817
0.004635 0.225000 0.014266
0.015000 0.225000 0.000000
-0.012135 0.230000 -0.008817
0.004635 0.230000 -0.014266
-0.012135 0.230000 0.008817
0.004635 0.230000 0.014266
0.015000 0.230000 0.000000
-0.012135 0.235000 -0.008817
0.004635 0.235000 -0.014266
-0.012135 0.235000 0.008817
0.004635 0.235000 0.014266
0.015000 0.235000 0.000000
-0.012135 0.240000 -0.008817
0.004635 0.240000 -0.014266
-0.012135 0.240000 0.008817
0.004635 0.240000 0.014266
0.015000 0.240000 0.000000
-0.012135 0.245000 -0.008817
0.004635 0.245000 -0.014266
-0.012135 0.245000 0.008817
0.004635 0.245000 0.014266
0.015000 0.245000 0.000000
-0.012135 0.250000 -0.008817
0.004635 0.250000 -0.014266
-0.012135 0.250000 0.008817
0.004635 0.250000 0.014266
0.015000 0.250000 0.000000
-0.012135 0.255000 -0.008817
0.004635 0.255000 -0.014266
-0.012135 0.255000 0.008817
0.004635 0.255000 0.014266
0.015000 0.255000 0.000000
-0.012135 0.260000 -0.008817
0.004635 0.260000 -0.014266
-0.012135 0.260000 0.008817
0.004635 0.260000 0.014266
0.015000 0.260000 0.000000
-0.012135 0.265000 -0.008817
0.004635 0.265000 -0.014266
-0.012135 0.265000 0.008817
0.004635 0.265000 0.014266
0.015000 0.265000 0.000000
-0.012135 0.270000 -0.008817
0.004635 0.270000 -0.014266
-0.012135 0.270000 0.008817
0.004635 0.270000 0.014266
0.015000 0.270000 0.000000
-0.012135 0.275000 -0.008817
0.004635 0.275000 -0.014266
-0.012135 0.275000 0.008817
0.004635 0.275000 0.014266
0.015000 0.275000 0.000000
-0.012135 0.280000 -0.008817
0.004635 0.280000 -0.014266
-0.012135 0.280000 0.008817
0.004635 0.280000 0.014266
0.015000 0.280000 0.000000
-0.012135 0.285000 -0.008817
0.004635 0.285000 -0.014266
-0.012135 0.285000 0.008817
0.004635 0.285000 0.014266
0.015000 0.285000 0.000000
-0.012135 0.290000 -0.008817
0.004635 0.290000 -0.014266
-0.012135 0.290000 0.008817
0.004635 0.290000 0.014266
0.015000 0.290000 0.000000
-0.012135 0.295000 -0.008817
0.004635 0.295000 -0.014266
-0.012135 0.295000 0.008817
0.004635 0.295000 0.014266
0.015000 0.295000 0.000000
-0.012135 0.300000 -0.008817
0.004635 0.300000 -0.014266
-0.012135 0.300000 0.008817
0.004635 0.300000 0.014266
0.015000 0.300000 0.000000
-0.012135 0.305000 -0.008817
0.004635 0.305000 -0.014266
-0.012135 0.305000 0.008817
0.004635 0.305000 0.014266
0.015000 0.305000 0.000000
-0.012135 0.310000 -0.008817
0.004635 0.310000 -0.014266
-0.012135 0.310000 0.008817
0.004635 0.310000 0.014266
0.015000 0.310000 0.000000
-0.012135 0.315000 -0.008817
0.004635 0.315000 -0.014266
-0.012135 0.315000 0.008817
0.004635 0.315000 0.014266
0.015000 0.315000 0.000000
-0.012135 0.320000 -0.008817
0.004635 0.320000 -0.014266
-0.012135 0.320000 0.008817
0.004635 0.320000 0.014266
0.015000 0.320000 0.000000
-0.012135 0.325000 -0.008817
0.004635 0.325000 -0.014266
-0.012135 0.325000 0.008817
0.004635 0.325000 0.014266
0.015000 0.325000 0.000000
-0.012135 0.330000 -0.008817
0.004635 0.330000 -0.014266
-0.012135 0.330000 0.008817
0.004635 0.330000 0.014266
0.015000 0.330000 0.000000
-0.012135 0.335000 -0.008817
0.004635 0.335000 -0.014266
-0.012135 0.335000 0.008817
0.004635 0.335000 0.014266
0.015000 0.335000 0.000000
-0.012135 0.340000 -0.008817
0.004635 0.340000 -0.014266
-0.012135 0.340000 0.008817
0.004635 0.340000 0.014266
0.015000 0.340000 0.000000
-0.012135 0.345000 -0.008817
0.004635 0.345000 -0.014266
-0.012135 0.345000 0.008817
0.004635 0.345000 0.014266
0.015000 0.345000 0.000000
-0.012135 0.350000 -0.008817
0.004635 0.350000 -0.014266
-0.012135 0.350000 0.008817
0.004635 0.350000 0.014266
0.015000 0.350000 0.000000
-0.012135 0.355000 -0.008817
0.004635 0.355000 -0.014266
-0.012135 0.355000 0.008817
0.004635 0.355000 0.014266
0.015000 0.355000 0.000000
-0.012135 0.360000 -0.008817
0.004635 0.360000 -0.014266
-0.012135 0.360000 0.008817
0.004635 0.360000 0.014266
0.015000 0.360000 0.000000
-0.012135 0.365000 -0.008817
0.004635 0.365000 -0.014266
-0.012135 0.365000 0.008817
0.004635 0.365000 0.014266
0.015000 0.365000 0.000000
-0.012135 0.370000 -0.008817
0.004635 0.370000 -0.014266
-0.012135 0.370000 0.008817
0.004635 0.370000 0.014266
0.015000 0.370000 0.000000
-0.012135 0.375000 -0.008817
0.004635 0.375000 -0.014266
-0.012135 0.375000 0.008817
0.004635 0.375000 0.014266
0.015000 0.375000 0.000000
-0.012135 0.380000 -0.008817
0.004635 0.380000 -0.014266
-0.012135 0.380000 0.008817
0.004635 0.380000 0.014266
0.015000 0.380000 0.000000
-0.012135 0.385000 -0.008817
0.004635 0.385000 -0.014266
-0.012135 0.385000 0.008817
0.004635 0.385000 0.014266
0.015000 0.385000 0.000000
-0.012135 0.390000 -0.008817
0.004635 0.390000 -0.014266
-0.012135 0.390000 0.008817
0.004635 0.390000 0.014266
0.015000 0.390000 0.000000
-0.012135 0.395000 -0.008817
0.004635 0.395000 -0.014266
-0.012135 0.395000 0.008817
0.004635 0.395000 0.014266
0.015000 0.395000 0.000000
-0.012135 0.400000 -0.008817
0.004635 0.400000 -0.014266
-0.012135 0.400000 0.008817
0.004635 0.400000 0.014266
0.015000 0.400000 0.000000
-0.012135 0.405000 -0.008817
0.004635 0.405000 -0.014266
-0.012135 0.405000 0.008817
0.004635 0.405000 0.014266
0.015000 0.405000 0.000000
-0.012135 0.410000 -0.008817
0.004635 0.410000 -0.014266
-0.012135 0.410000 0.008817
0.004635 0.410000 0.014266
0.015000 0.410000 0.000000
-0.012135 0.415000 -0.008817
0.004635 0.415000 -0.014266
-0.012135 0.415000 0.008817
0.004635 0.415000 0.014266
0.015000 0.415000 0.000000
-0.012135 0.420000 -0.008817
0.004635 0.420000 -0.014266
-0.012135 0.420000 0.008817
0.004635 0.420000 0.014266
0.015000 0.420000 0.000000
-0.012135 0.425000 -0.008817
0.004635 0.425000 -0.014266
-0.012135 0.425000 0.008817
0.004635 0.425000 0.014266
0.015000 0.425000 0.000000
-0.012135 0.430000 -0.008817
0.004635 0.430000 -0.014266
-0.012135 0.430000 0.008817
0.004635 0.430000 0.014266
0.015000 0.430000 0.000000
-0.012135 0.435000 -0.008817
0.004635 0.435000 -0.014266
-0.012135 0.435000 0.008817
0.004635 0.435000 0.014266
0.015000 0.435000 0.000000
-0.012135 0.440000 -0.008817
0.004635 0.440000 -0.014266
-0.012135 0.440000 0.008817
0.004635 0.440000 0.014266
0.015000 0.440000 0.000000
-0.012135 0.445000 -0.008817
0.004635 0.445000 -0.014266
-0.012135 0.445000 0.008817
0.004635 0.445000 0.014266
0.015000 0.445000 0.000000
-0.012135 0.450000 -0.008817
0.004635 0.450000 -0.014266
-0.012135 0.450000 0.008817
0.004635 0.450000 0.014266
0.015000 0.450000 0.000000
-0.012135 0.455000 -0.008817
0.004635 0.455000 -0.014266
-0.012135 0.455000 0.008817
0.004635 0.455000 0.014266
0.015000 0.455000 0.000000
-0.012135 0.460000 -0.008817
0.004635 0.460000 -0.014266
-0.012135 0.460000 0.008817
0.004635 0.460000 0.014266
0.015000 0.460000 0.000000
-0.012135 0.465000 -0.008817
0.004635 0.465000 -0.014266
-0.012135 0.465000 0.008817
0.004635 0.465000 0.014266
0.015000 0.465000 0.000000
-0.012135 0.470000 -0.008817
0.004635 0.470000 -0.014266
-0.012135 0.470000 0.008817
0.004635 0.470000 0.014266
0.015000 0.470000 0.000000
-0.012135 0.475000 -0.008817
0.004635 0.475000 -0.014266
-0.012135 0.475000 0.008817
0.004635 0.475000 0.014266
0.015000 0.475000 0.000000
-0.012135 0.480000 -0.008817
0.004635 0.480000 -0.014266
-0.012135 0.480000 0.008817
0.004635 0.480000 0.014266
0.015000 0.480000 0.000000
-0.012135 0.485000 -0.008817
0.004635 0.485000 -0.014266
-0.012135 0.485000 0.008817
0.004635 0.485000 0.014266
0.015000 0.485000 0.000000
-0.012135 0.490000 -0.008817
0.004635 0.490000 -0.014266
-0.012135 0.490000 0.008817
0.004635 0.490000 0.014266
0.015000 0.490000 0.000000
-0.012135 0.495000 -0.008817
0.004635 0.495000 -0.014266
-0.012135 0.495000 0.008817
0.004635 0.495000 0.014266
0.015000 0.495000 0.000000
-0.012135 0.500000 -0.008817
0.004635 0.500000 -0.014266
-0.012135 0.500000 0.008817
0.004635 0.500000 0.014266
0.015000 0.500000 0.000000
-0.012135 0.505000 -0.008817
0.004635 0.505000 -0.014266
-0.012135 0.505000 0.008817
0.004635 0.505000 0.014266
0.015000 0.505000 0.000000
-0.012135 0.510000 -0.008817
0.004635 0.510000 -0.014266
-0.012135 0.510000 0.008817
0.004635 0.510000 0.014266
0.015000 0.510000 0.000000
-0.012135 0.515000 -0.008817
0.004635 0.515000 -0.014266
-0.012135 0.515000 0.008817
0.004635 0.515000 0.014266
0.015000 0.515000 0.000000
-0.012135 0.520000 -0.008817
0.004635 0.520000 -0.014266
-0.012135 0.520000 0.008817
0.004635 0.520000 0.014266
0.015000 0.520000 0.000000
-0.012135 0.525000 -0.008817
0.004635 0.525000 -0.014266
-0.012135 0.525000 0.008817
0.004635 0.525000 0.014266
0.015000 0.525000 0.000000
-0.012135 0.530000 -0.008817
0.004635 0.530000 -0.014266
-0.012135 0.530000 0.008817
0.004635 0.530000 0.014266
0.015000 0.530000 0.000000
-0.012135 0.535000 -0.008817
0.004635 0.535000 -0.014266
-0.012135 0.535000 0.008817
0.004635 0.535000 0.014266
0.015000 0.535000 0.000000
-0.012135 0.540000 -0.008817
0.004635 0.540000 -0.014266
-0.012135 0.540000 0.008817
0.004635 0.540000 0.014266
0.015000 0.540000 0.000000
-0.012135 0.545000 -0.008817
0.004635 0.545000 -0.014266
-0.012135 0.545000 0.008817
0.004635 0.545000 0.014266
0.015000 0.545000 0.000000
-0.012135 0.550000 -0.008817
0.004635 0.550000 -0.014266
-0.012135 0.550000 0.008817
0.004635 0.550000 0.014266
0.015000 0.550000 0.000000
-0.012135 0.555000 -0.008817
0.004635 0.555000 -0.014266
-0.012135 0.555000 0.008817
0.004635 0.555000 0.014266
0.015000 0.555000 0.000000
-0.012135 0.560000 -0.008817
0.004635 0.560000 -0.014266
-0.012135 0.560000 0.008817
0.004635 0.560000 0.014266
0.015000 0.560000 0.000000
-0.012135 0.565000 -0.008817
0.004635 0.565000 -0.014266
-0.012135 0.565000 0.008817
0.004635 0.565000 0.014266
0.015000 0.565000 0.000000
-0.012135 0.570000 -0.008817
0.004635 0.570000 -0.014266
-0.012135 0.570000 0.008817
0.004635 0.570000 0.014266
0.015000 0.570000 0.000000
-0.012135 0.575000 -0.008817
0.004635 0.575000 -0.014266
-0.012135 0.575000 0.008817
0.004635 0.575000 0.014266
0.015000 0.575000 0.000000
-0.012135 0.580000 -0.008817
0.004635 0.580000 -0.014266
-0.012135 0.580000 0.008817
0.004635 0.580000 0.014266
0.015000 0.580000 0.000000
-0.012135 0.585000 -0.008817
0.004635 0.585000 -0.014266
-0.012135 0.585000 0.008817
0.004635 0.585000 0.014266
0.015000 0.585000 0.000000
-0.012135 0.590000 -0.008817
0.004635 0.590000 -0.014266
-0.012135 0.590000 0.008817
0.004635 0.590000 0.014266
0.015000 0.590000 0.000000
-0.012135 0.595000 -0.008817
0.004635 0.595000 -0.014266
-0.012135 0.595000 0.008817
0.004635 0.595000 0.014266
0.015000 0.595000 0.000000
-0.012135 0.600000 -0.008817
0.004635 0.600000 -0.014266
-0.012135 0.600000 0.008817
0.004635 0.600000 0.014266
0.015000 0.600000 0.000000
-0.012135 0.605000 -0.008817
0.004635 0.605000 -0.014266
-0.012135 0.605000 0.008817
0.004635 0.605000 0.014266
0.015000 0.605000 0.000000
-0.012135 0.610000 -0.008817
0.004635 0.610000 -0.014266
-0.012135 0.610000 0.008817
0.004635 0.610000 0.014266
0.015000 0.610000 0.000000
-0.012135 0.615000 -0.008817
0.004635 0.615000 -0.014266
-0.012135 0.615000 0.008817
0.004635 0.615000 0.014266
0.015000 0.615000 0.000000
-0.012135 0.620000 -0.008817
0.004635 0.620000 -0.014266
-0.012135 0.620000 0.008817
0.004635 0.620000 0.014266
0.015000 0.620000 0.000000
-0.012135 0.625000 -0.008817
0.004635 0.625000 -0.014266
-0.012135 0.625000 0.008817
0.004635 0.625000 0.014266
0.015000 0.625000 0.000000
-0.012135 0.630000 -0.008817
0.004635 0.630000 -0.014266
-0.012135 0.630000 0.008817
0.004635 0.630000 0.014266
0.015000 0.630000 0.000000
-0.012135 0.635000 -0.008817
0.004635 0.635000 -0.014266
-0.012135 0.635000 0.008817
0.004635 0.635000 0.014266
0.015000 0.635000 0.000000
-0.012135 0.640000 -0.008817
0.004635 0.640000 -0.014266
-0.012135 0.640000 0.008817
0.004635 0.640000 0.014266
0.015000 0.640000 0.000000
-0.012135 0.645000 -0.008817
0.004635 0.645000 -0.014266
-0.012135 0.645000 0.008817
0.004635 0.645000 0.014266
0.015000 0.645000 0.000000
-0.012135 0.650000 -0.008817
0.004635 0.650000 -0.014266
-0.012135 0.650000 0.008817
0.004635 0.650000 0.014266
0.015000 0.650000 0.000000
-0.012135 0.655000 -0.008817
0.004635 0.655000 -0.014266
-0.012135 0.655000 0.008817
0.004635 0.655000 0.014266
0.015000 0.655000 0.000000
-0.012135 0.660000 -0.008817
0.004635 0.660000 -0.014266
-0.012135 0.660000 0.008817
0.004635 0.660000 0.014266
0.015000 0.660000 0.000000
-0.012135 0.665000 -0.008817
0.004635 0.665000 -0.014266
-0.012135 0.665000 0.008817
0.004635 0.665000 0.014266
0.015000 0.665000 0.000000
-0.012135 0.670000 -0.008817
0.004635 0.670000 -0.014266
-0.012135 0.670000 0.008817
0.004635 0.670000 0.014266
0.015000 0.670000 0.000000
-0.012135 0.675000 -0.008817
0.004635 0.675000 -0.014266
-0.012135 0.675000 0.008817
0.004635 0.675000 0.014266
0.015000 0.675000 0.000000
-0.012135 0.680000 -0.008817
0.004635 0.680000 -0.014266
-0.012135 0.680000 0.008817
0.004635 0.680000 0.014266
0.015000 0.680000 0.000000
-0.012135 0.685000 -0.008817
0.004635 0.685000 -0.014266
-0.012135 0.685000 0.008817
0.004635 0.685000 0.014266
0.015000 0.685000 0.000000
-0.012135 0.690000 -0.008817
0.004635 0.690000 -0.014266
-0.012135 0.690000 0.008817
0.004635 0.690000 0.014266
0.015000 0.690000 0.000000
-0.012135 0.695000 -0.008817
0.004635 0.695000 -0.014266
-0.012135 0.695000 0.008817
0.004635 0.695000 0.014266
0.015000 0.695000 0.000000
-0.012135 0.700000 -0.008817
0.004635 0.700000 -0.014266
-0.012135 0.700000 0.008817
0.004635 0.700000 0.014266
0.015000 0.700000 0.000000
-0.012135 0.705000 -0.008817
0.004635 0.705000 -0.014266
-0.012135 0.705000 0.008817
0.004635 0.705000 0.014266
0.015000 0.705000 0.000000
-0.012135 0.710000 -0.008817
0.004635 0.710000 -0.014266
-0.012135 0.710000 0.008817
0.004635 0.710000 0.014266
0.015000 0.710000 0.000000
-0.012135 0.715000 -0.008817
0.004635 0.715000 -0.014266
-0.012135 0.715000 0.008817
0.004635 0.715000 0.014266
0.015000 0.715000 0.000000
-0.012135 0.720000 -0.008817
0.004635 0.720000 -0.014266
-0.012135 0.720000 0.008817
0.004635 0.720000 0.014266
0.015000 0.720000 0.000000
-0.012135 0.725000 -0.008817
0.004635 0.725000 -0.014266
-0.012135 0.725000 0.008817
0.004635 0.725000 0.014266
0.015000 0.725000 0.000000
-0.012135 0.730000 -0.008817
0.004635 0.730000 -0.014266
-0.012135 0.730000 0.008817
0.004635 0.730000 0.014266
0.015000 0.730000 0.000000
-0.012135 0.735000 -0.008817
0.004635 0.735000 -0.014266
-0.012135 0.735000 0.008817
0.004635 0.735000 0.014266
0.015000 0.735000 0.000000
-0.012135 0.740000 -0.008817
0.004635 0.740000 -0.014266
-0.012135 0.740000 0.008817
0.004635 0.740000 0.014266
0.015000 0.740000 0.000000
-0.012135 0.745000 -0.008817
0.004635 0.745000 -0.014266
-0.012135 0.745000 0.008817
0.004635 0.745000 0.014266
0.015000 0.745000 0.000000
-0.012135 0.750000 -0.008817
0.004635 0.750000 -0.014266
-0.012135 0.750000 0.008817
0.004635 0.750000 0.014266
0.015000 0.750000 0.000000
-0.012135 0.755000 -0.008817
0.004635 0.755000 -0.014266
-0.012135 0.755000 0.008817
0.004635 0.755000 0.014266
0.015000 0.755000 0.000000
-0.012135 0.760000 -0.008817
0.004635 0.760000 -0.014266
-0.012135 0.760000 0.008817
0.004635 0.760000 0.014266
0.015000 0.760000 0.000000
-0.012135 0.765000 -0.008817
0.004635 0.765000 -0.014266
-0.012135 0.765000 0.008817
0.004635 0.765000 0.014266
0.015000 0.765000 0.000000
-0.012135 0.770000 -0.008817
0.004635 0.770000 -0.014266
-0.012135 0.770000 0.008817
0.004635 0.770000 0.014266
0.015000 0.770000 0.000000
-0.012135 0.775000 -0.008817
0.004635 0.775000 -0.014266
-0.012135 0.775000 0.008817
0.004635 0.775000 0.014266
0.015000 0.775000 0.000000
-0.012135 0.780000 -0.008817
0.004635 0.780000 -0.014266
-0.012135 0.780000 0.008817
0.004635 0.780000 0.014266
0.015000 0.780000 0.000000
-0.012135 0.785000 -0.008817
0.004635 0.785000 -0.014266
-0.012135 0.785000 0.008817
0.004635 0.785000 0.014266
0.015000 0.785000 0.000000
-0.012135 0.790000 -0.008817
0.004635 0.790000 -0.014266
-0.012135 0.790000 0.008817
0.004635 0.790000 0.014266
0.015000 0.790000 0.000000
-0.012135 0.795000 -0.008817
0.004635 0.795000 -0.014266
-0.012135 0.795000 0.008817
0.004635 0.795000 0.014266
0.015000 0.795000 0.000000
-0.012135 0.800000 -0.008817
0.004635 0.800000 -0.014266
-0.012135 0.800000 0.008817
0.004635 0.800000 0.014266
0.015000 0.800000 0.000000
-0.012135 0.805000 -0.008817
0.004635 0.805000 -0.014266
-0.012135 0.805000 0.008817
0.004635 0.805000 0.014266
0.015000 0.805000 0.000000
-0.012135 0.810000 -0.008817
0.004635 0.810000 -0.014266
-0.012135 0.810000 0.008817
0.004635 0.810000 0.014266
0.015000 0.810000 0.000000
-0.012135 0.815000 -0.008817
0.004635 0.815000 -0.014266
-0.012135 0.815000 0.008817
0.004635 0.815000 0.014266
0.015000 0.815000 0.000000
-0.012135 0.820000 -0.008817
0.004635 0.820000 -0.014266
-0.012135 0.820000 0.008817
0.004635 0.820000 0.014266
0.015000 0.820000 0.000000
-0.012135 0.825000 -0.008817
0.004635 0.825000 -0.014266
-0.012135 0.825000 0.008817
0.004635 0.825000 0.014266
0.015000 0.825000 0.000000
-0.012135 0.830000 -0.008817
0.004635 0.830000 -0.014266
-0.012135 0.830000 0.008817
0.004635 0.830000 0.014266
0.015000 0.830000 0.000000
-0.012135 0.835000 -0.008817
0.004635 0.835000 -0.014266
-0.012135 0.835000 0.008817
0.004635 0.835000 0.014266
0.015000 0.835000 0.000000
-0.012135 0.840000 -0.008817
0.004635 0.840000 -0.014266
-0.012135 0.840000 0.008817
0.004635 0.840000 0.014266
0.015000 0.840000 0.000000
-0.012135 0.845000 -0.008817
0.004635 0.845000 -0.014266
-0.012135 0.845000 0.008817
0.004635 0.845000 0.014266
0.015000 0.845000 0.000000
-0.012135 0.850000 -0.008817
0.004635 0.850000 -0.014266
-0.012135 0.850000 0.008817
0.004635 0.850000 0.014266
0.015000 0.850000 0.000000
-0.012135 0.855000 -0.008817
0.004635 0.855000 -0.014266
-0.012135 0.855000 0.008817
0.004635 0.855000 0.014266
0.015000 0.855000 0.000000
-0.012135 0.860000 -0.008817
0.004635 0.860000 -0.014266
-0.012135 0.860000 0.008817
0.004635 0.860000 0.014266
0.015000 0.860000 0.000000
-0.012135 0.865000 -0.008817
0.004635 0.865000 -0.014266
-0.012135 0.865000 0.008817
0.004635 0.865000 0.014266
0.015000 0.865000 0.000000
-0.012135 0.870000 -0.008817
0.004635 0.870000 -0.014266
-0.012135 0.870000 0.008817
0.004635 0.870000 0.014266
0.015000 0.870000 0.000000
-0.012135 0.875000 -0.008817
0.004635 0.875000 -0.014266
-0.012135 0.875000 0.008817
0.004635 0.875000 0.014266
0.015000 0.875000 0.000000
-0.012135 0.880000 -0.008817
0.004635 0.880000 -0.014266
-0.012135 0.880000 0.008817
0.004635 0.880000 0.014266
0.015000 0.880000 0.000000
-0.012135 0.885000 -0.008817
0.004635 0.885000 -0.014266
-0.012135 0.885000 0.008817
0.004635 0.885000 0.014266
0.015000 0.885000 0.000000
-0.012135 0.890000 -0.008817
0.004635 0.890000 -0.014266
-0.012135 0.890000 0.008817
0.004635 0.890000 0.014266
0.015000 0.890000 0.000000
-0.012135 0.895000 -0.008817
0.004635 0.895000 -0.014266
-0.012135 0.895000 0.008817
0.004635 0.895000 0.014266
0.015000 0.895000 0.000000
-0.012135 0.900000 -0.008817
0.004635 0.900000 -0.014266
-0.012135 0.900000 0.008817
0.004635 0.900000 0.014266
0.015000 0.900000 0.000000
-0.012135 0.905000 -0.008817
0.004635 0.905000 -0.014266
-0.012135 0.905000 0.008817
0.004635 0.905000 0.014266
0.015000 0.905000 0.000000
-0.012135 0.910000 -0.008817
0.004635 0.910000 -0.014266
-0.012135 0.910000 0.008817
0.004635 0.910000 0.014266
0.015000 0.910000 0.000000
-0.012135 0.915000 -0.008817
0.004635 0.915000 -0.014266
-0.012135 0.915000 0.008817
0.004635 0.915000 0.014266
0.015000 0.915000 0.000000
-0.012135 0.920000 -0.008817
0.004635 0.920000 -0.014266
-0.012135 0.920000 0.008817
0.004635 0.920000 0.014266
0.015000 0.920000 0.000000
-0.012135 0.925000 -0.008817
0.004635 0.925000 -0.014266
-0.012135 0.925000 0.008817
0.004635 0.925000 0.014266
0.015000 0.925000 0.000000
-0.012135 0.930000 -0.008817
0.004635 0.930000 -0.014266
-0.012135 0.930000 0.008817
0.004635 0.930000 0.014266
0.015000 0.930000 0.000000
-0.012135 0.935000 -0.008817
0.004635 0.935000 -0.014266
-0.012135 0.935000 0.008817
0.004635 0.935000 0.014266
0.015000 0.935000 0.000000
-0.012135 0.940000 -0.008817
0.004635 0.940000 -0.014266
-0.012135 0.940000 0.008817
0.004635 0.940000 0.014266
0.015000 0.940000 0.000000
-0.012135 0.945000 -0.008817
0.004635 0.945000 -0.014266
-0.012135 0.945000 0.008817
0.004635 0.945000 0.014266
0.015000 0.945000 0.000000
-0.012135 0.950000 -0.008817
0.004635 0.950000 -0.014266
-0.012135 0.950000 0.008817
0.004635 0.950000 0.014266
0.015000 0.950000 0.000000
-0.012135 0.955000 -0.008817
0.004635 0.955000 -0.014266
-0.012135 0.955000 0.008817
0.004635 0.955000 0.014266
0.015000 0.955000 0.000000
-0.012135 0.960000 -0.008817
0.004635 0.960000 -0.014266
-0.012135 0.960000 0.008817
0.004635 0.960000 0.014266
0.015000 0.960000 0.000000
-0.012135 0.965000 -0.008817
0.004635 0.965000 -0.014266
-0.012135 0.965000 0.008817
0.004635 0.965000 0.014266
0.015000 0.965000 0.000000
-0.012135 0.970000 -0.008817
0.004635 0.970000 -0.014266
-0.012135 0.970000 0.008817
0.004635 0.970000 0.014266
0.015000 0.970000 0.000000
-0.012135 0.975000 -0.008817
0.004635 0.975000 -0.014266
-0.012135 0.975000 0.008817
0.004635 0.975000 0.014266
0.015000 0.975000 0.000000
-0.012135 0.980000 -0.008817
0.004635 0.980000 -0.014266
-0.012135 0.980000 0.008817
0.004635 0.980000 0.014266
0.015000 0.980000 0.000000
-0.012135 0.985000 -0.008817
0.004635 0.985000 -0.014266
-0.012135 0.985000 0.008817
0.004635 0.985000 0.014266
0.015000 0.985000 0.000000
-0.012135 0.990000 -0.008817
0.004635 0.990000 -0.014266
-0.012135 0.990000 0.008817
0.004635 0.990000 0.014266
0.015000 0.990000 0.000000
-0.012135 0.995000 -0.008817
0.004635 0.995000 -0.014266
-0.012135 0.995000 0.008817
0.004635 0.995000 0.014266
0.015000 0.995000 0.000000
-0.012135 1.000000 -0.008817
0.004635 1.000000 -0.014266
-0.012135 1.000000 0.008817
0.004635 1.000000 0.014266
0.015000 1.000000 0.000000
-0.012135 0.000000 -0.008817
0.004635 0.000000 -0.014266
-0.012135 0.000000 0.008817
0.004635 0.000000 0.014266
0.015000 0.000000 0.000000
0.004635 1.000000 -0.014266
-0.012135 1.000000 -0.008817
-0.012135 1.000000 0.008817
0.004635 1.000000 0.014266
0.015000 1.000000 0.000000
0 1
1000 1001
1005 1006
1010 1011
1 5
1000 1002
1005 1007
1011 1012
5 7
1002 1003
1007 1008
1012 1013
7 9
1003 1004
1008 1009
1013 1014
0 9
1001 1004
1006 1009
1010 1014
540 545
541 546
542 547
543 548
544 549
605 610
606 611
607 612
608 613
609 614
670 675
671 676
672 677
673 678
674 679
735 740
736 741
737 742
738 743
739 744
800 805
801 806
802 807
803 808
804 809
860 865
861 866
862 867
863 868
864 869
925 930
926 931
927 932
928 933
929 934
990 995
991 996
992 997
993 998
994 999
270 275
271 276
272 277
273 278
274 279
300 305
301 306
302 307
303 308
304 309
335 340
336 341
337 342
338 343
339 344
365 370
366 371
367 372
368 373
369 374
400 405
401 406
402 407
403 408
404 409
430 435
431 436
432 437
433 438
434 439
460 465
461 466
462 467
463 468
464 469
495 500
496 501
497 502
498 503
499 504
135 140
136 141
137 142
138 143
139 144
150 155
151 156
152 157
153 158
154 159
165 170
166 171
167 172
168 173
169 174
180 185
181 186
182 187
183 188
184 189
200 205
201 206
202 207
203 208
204 209
215 220
216 221
217 222
218 223
219 224
230 235
231 236
232 237
233 238
234 239
245 250
246 251
247 252
248 253
249 254
50 55
51 56
52 57
53 58
54 59
65 70
66 71
67 72
68 73
69 74
75 80
76 81
77 82
78 83
79 84
80 85
81 86
82 87
83 88
84 89
90 95
91 96
92 97
93 98
94 99
100 105
101 106
102 107
103 108
104 109
105 110
106 111
107 112
108 113
109 114
115 120
116 121
117 122
118 123
119 124
120 125
121 126
122 127
123 128
124 129
25 30
26 31
27 32
28 33
29 34
30 35
31 36
32 37
33 38
34 39
0 3
1 2
2 10
3 11
4 5
4 12
6 7
6 13
8 9
8 14
10 15
11 16
12 17
13 18
14 19
15 20
16 21
17 22
18 23
19 24
20 25
21 26
22 27
23 28
24 29
35 40
36 41
37 42
38 43
39 44
40 45
41 46
42 47
43 48
44 49
45 50
46 51
47 52
48 53
49 54
55 60
56 61
57 62
58 63
59 64
60 65
61 66
62 67
63 68
64 69
70 75
71 76
72 77
73 78
74 79
85 90
86 91
87 92
88 93
89 94
95 100
96 101
97 102
98 103
99 104
110 115
111 116
112 117
113 118
114 119
125 130
126 131
127 132
128 133
129 134
130 135
131 136
132 137
133 138
134 139
140 145
141 146
142 147
143 148
144 149
145 150
146 151
147 152
148 153
149 154
155 160
156 161
157 162
158 163
159 164
160 165
161 166
162 167
163 168
164 169
170 175
171 176
172 177
173 178
174 179
175 180
176 181
177 182
178 183
179 184
185 190
186 191
187 192
188 193
189 194
190 195
191 196
192 197
193 198
194 199
195 200
196 201
197 202
198 203
199 204
205 210
206 211
207 212
208 213
209 214
210 215
211 216
212 217
213 218
214 219
220 225
221 226
222 227
223 228
224 229
225 230
226 231
227 232
228 233
229 234
235 240
236 241
237 242
238 243
239 244
240 245
241 246
242 247
243 248
244 249
250 255
251 256
252 257
253 258
254 259
255 260
256 261
257 262
258 263
259 264
260 265
261 266
262 267
263 268
264 269
265 270
266 271
267 272
268 273
269 274
275 280
276 281
277 282
278 283
279 284
280 285
281 286
282 287
283 288
284 289
285 290
286 291
287 292
288 293
289 294
290 295
291 296
292 297
293 298
294 299
295 300
296 301
297 302
298 303
299 304
305 310
306 311
307 312
308 313
309 314
310 315
311 316
312 317
313 318
314 319
315 320
316 321
317 322
318 323
319 324
320 325
321 326
322 327
323 328
324 329
325 330
326 331
327 332
328 333
329 334
330 335
331 336
332 337
333 338
334 339
340 345
341 346
342 347
343 348
344 349
345 350
346 351
347 352
348 353
349 354
350 355
351 356
352 357
353 358
354 359
355 360
356 361
357 362
358 363
359 364
360 365
361 366
362 367
363 368
364 369
370 375
371 376
372 377
373 378
374 379
375 380
376 381
377 382
378 383
379 384
380 385
381 386
382 387
383 388
384 389
385 390
386 391
387 392
388 393
389 394
390 395
391 396
392 397
393 398
394 399
395 400
396 401
397 402
398 403
399 404
405 410
406 411
407 412
408 413
409 414
410 415
411 416
412 417
413 418
414 419
415 420
416 421
417 422
418 423
419 424
420 425
421 426
422 427
423 428
424 429
425 430
426 431
427 432
428 433
429 434
435 440
436 441
437 442
438 443
439 444
440 445
441 446
442 447
443 448
444 449
445 450
446 451
447 452
448 453
449 454
450 455
451 456
452 457
453 458
454 459
455 460
456 461
457 462
458 463
459 464
465 470
466 471
467 472
468 473
469 474
470 475
471 476
472 477
473 478
474 479
475 480
476 481
477 482
478 483
479 484
480 485
481 486
482 487
483 488
484 489
485 490
486 491
487 492
488 493
489 494
490 495
491 496
492 497
493 498
494 499
500 505
501 506
502 507
503 508
504 509
505 510
506 511
507 512
508 513
509 514
510 515
511 516
512 517
513 518
514 519
515 520
516 521
517 522
518 523
519 524
520 525
521 526
522 527
523 528
524 529
525 530
526 531
527 532
528 533
529 534
530 535
531 536
532 537
533 538
534 539
535 540
536 541
537 542
538 543
539 544
545 550
546 551
547 552
548 553
549 554
550 555
551 556
552 557
553 558
554 559
555 560
556 561
557 562
558 563
559 564
560 565
561 566
562 567
563 568
564 569
565 570
566 571
567 572
568 573
569 574
570 575
571 576
572 577
573 578
574 579
575 580
576 581
577 582
578 583
579 584
580 585
581 586
582 587
583 588
584 589
585 590
586 591
587 592
588 593
589 594
590 595
591 596
592 597
593 598
594 599
595 600
596 601
597 602
598 603
599 604
600 605
601 606
602 607
603 608
604 609
610 615
611 616
612 617
613 618
614 619
615 620
616 621
617 622
618 623
619 624
620 625
621 626
622 627
623 628
624 629
625 630
626 631
627 632
628 633
629 634
630 635
631 636
632 637
633 638
634 639
635 640
636 641
637 642
638 643
639 644
640 645
641 646
642 647
643 648
644 649
645 650
646 651
647 652
648 653
649 654
650 655
651 656
652 657
653 658
654 659
655 660
656 661
657 662
658 663
659 664
660 665
661 666
662 667
663 668
664 669
665 670
666 671
667 672
668 673
669 674
675 680
676 681
677 682
678 683
679 684
680 685
681 686
682 687
683 688
684 689
685 690
686 691
687 692
688 693
689 694
690 695
691 696
692 697
693 698
694 699
695 700
696 701
697 702
698 703
699 704
700 705
701 706
702 707
703 708
704 709
705 710
706 711
707 712
708 713
709 714
710 715
711 716
712 717
713 718
714 719
715 720
716 721
717 722
718 723
719 724
720 725
721 726
722 727
723 728
724 729
725 730
726 731
727 732
728 733
729 734
730 735
731 736
732 737
733 738
734 739
740 745
741 746
742 747
743 748
744 749
745 750
746 751
747 752
748 753
749 754
750 755
751 756
752 757
753 758
754 759
755 760
756 761
757 762
758 763
759 764
760 765
761 766
762 767
763 768
764 769
765 770
766 771
767 772
768 773
769 774
770 775
771 776
772 777
773 778
774 779
775 780
776 781
777 782
778 783
779 784
780 785
781 786
782 787
783 788
784 789
785 790
786 791
787 792
788 793
789 794
790 795
791 796
792 797
793 798
794 799
795 800
796 801
797 802
798 803
799 804
805 810
806 811
807 812
808 813
809 814
810 815
811 816
812 817
813 818
814 819
815 820
816 821
817 822
818 823
819 824
820 825
821 826
822 827
823 828
824 829
825 830
826 831
827 832
828 833
829 834
830 835
831 836
832 837
833 838
834 839
835 840
836 841
837 842
838 843
839 844
840 845
841 846
842 847
843 848
844 849
845 850
846 851
847 852
848 853
849 854
850 855
851 856
852 857
853 858
854 859
855 860
856 861
857 862
858 863
859 864
865 870
866 871
867 872
868 873
869 874
870 875
871 876
872 877
873 878
874 879
875 880
876 881
877 882
878 883
879 884
880 885
881 886
882 887
883 888
884 889
885 890
886 891
887 892
888 893
889 894
890 895
891 896
892 897
893 898
894 899
895 900
896 901
897 902
898 903
899 904
900 905
901 906
902 907
903 908
904 909
905 910
906 911
907 912
908 913
909 914
910 915
911 916
912 917
913 918
914 919
915 920
916 921
917 922
918 923
919 924
920 925
921 926
922 927
923 928
924 929
930 935
931 936
932 937
933 938
934 939
935 940
936 941
937 942
938 943
939 944
940 945
941 946
942 947
943 948
944 949
945 950
946 951
947 952
948 953
949 954
950 955
951 956
952 957
953 958
954 959
955 960
956 961
957 962
958 963
959 964
960 965
961 966
962 967
963 968
964 969
965 970
966 971
967 972
968 973
969 974
970 975
971 976
972 977
973 978
974 979
975 980
976 981
977 982
978 983
979 984
980 985
981 986
982 987
983 988
984 989
985 990
986 991
987 992
988 993
989 994
995 1000
996 1001
997 1002
998 1003
999 1004
