14584676054580543486 903 1128
0.112223 -0.100315 0.750123
0.123679 -0.099286 0.743632
0.111951 -0.096954 0.748531
0.112223 -0.100315 0.750123
0.107063 -0.100406 0.733918
0.112223 -0.100315 0.750123
0.142120 0.041521 0.638866
0.151815 0.007533 0.632905
0.052718 0.002587 0.735347
0.071748 -0.004488 0.734143
0.066593 0.018278 0.750520
0.187166 -0.048946 0.735836
0.188627 -0.067197 0.721738
0.196039 -0.040348 0.729240
0.177300 0.016282 0.637051
0.150894 0.082369 0.735391
0.142160 0.068276 0.733641
0.156013 0.083104 0.720961
0.054579 -0.000233 0.664100
0.050042 0.032657 0.678085
0.075531 0.051082 0.653724
0.135826 0.094760 0.700586
0.165307 -0.093302 0.661129
0.077507 0.070494 0.699955
0.059818 0.062524 0.687635
0.053548 0.044051 0.685867
0.088713 0.052728 0.725191
0.088298 0.068767 0.725809
0.074498 0.051409 0.728618
0.173112 -0.073252 0.726082
0.173079 -0.072626 0.735030
0.157247 -0.067349 0.738835
0.195354 -0.072645 0.710660
0.072771 0.006834 0.747082
0.118599 -0.040696 0.777242
0.111716 -0.050533 0.759655
0.128895 -0.061976 0.768603
0.104066 -0.101788 0.718248
0.088128 -0.093685 0.723180
0.081438 -0.091272 0.709837
0.075499 -0.042006 0.637128
0.042852 -0.035456 0.698183
0.047557 -0.024916 0.680903
0.081299 -0.094551 0.671683
0.054251 -0.074093 0.690335
0.084943 -0.106626 0.690920
0.151593 -0.098165 0.661763
0.131608 -0.105742 0.681820
0.149414 -0.025423 0.743237
0.143707 -0.007983 0.733839
0.133952 -0.004948 0.742732
0.095748 -0.016507 0.775397
0.107330 -0.000657 0.767074
0.073778 -0.021894 0.768280
0.119971 -0.005119 0.776408
0.119542 -0.006493 0.808590
0.133358 -0.011842 0.771721
0.130899 -0.017129 0.804838
0.134146 -0.031517 0.783276
0.138639 -0.019920 0.774851
0.075902 -0.051014 0.720996
0.073397 -0.069800 0.712514
0.082659 -0.070593 0.731517
0.095439 -0.027600 0.776414
0.070864 -0.036556 0.766358
0.101507 -0.055749 0.758931
0.079408 -0.024948 0.738513
0.096478 -0.054075 0.753998
0.071781 -0.033306 0.746266
0.079894 -0.020390 0.749884
0.069820 -0.023367 0.759768
0.080352 -0.006024 0.756601
0.054511 0.049618 0.697807
0.044342 0.033583 0.692393
0.055125 0.032384 0.698224
0.037166 -0.020517 0.714818
0.036893 0.000107 0.717326
0.158134 -0.114873 0.717388
0.167508 -0.101923 0.672326
0.145611 -0.116773 0.704316
0.143988 0.083111 0.663755
0.164833 0.081374 0.681195
0.163527 0.071987 0.655557
0.187240 0.044916 0.679223
0.174741 0.059409 0.660633
0.196951 0.058097 0.700798
0.194168 0.044701 0.714207
0.173228 0.065718 0.720657
0.162604 0.059468 0.723089
0.090236 -0.056343 0.729411
0.096907 -0.084668 0.730196
0.102199 -0.066974 0.737585
0.131678 -0.094307 0.734682
0.120967 -0.081952 0.734310
0.114442 -0.080480 0.737787
0.165988 0.028914 0.738988
0.169125 0.044959 0.729325
0.157527 0.043601 0.743465
0.201665 -0.022823 0.737275
0.204680 0.012797 0.725566
0.190780 -0.003308 0.748717
0.167879 -0.019020 0.746717
0.168335 -0.006291 0.768833
0.169415 -0.004906 0.739900
0.197143 0.024743 0.718860
0.176974 0.020888 0.737805
0.198815 0.018211 0.743894
0.096710 0.028917 0.751769
0.081028 0.021542 0.755262
0.085407 0.006076 0.750809
0.140421 0.018641 0.741473
0.144135 0.006139 0.731720
0.121715 0.081935 0.670094
0.095284 0.082573 0.699055
0.118002 -0.007816 0.647446
0.191766 -0.077385 0.721085
0.207163 -0.027792 0.742561
0.156743 0.050168 0.730503
0.089622 0.038033 0.737096
0.060162 -0.042669 0.719867
0.045508 -0.035828 0.672065
0.043830 -0.060945 0.700711
0.035608 -0.043034 0.697553
0.156063 -0.105571 0.724966
0.175454 -0.088146 0.718383
0.141204 -0.100692 0.718747
0.139808 -0.114114 0.709421
0.096037 -0.079598 0.630506
0.079036 -0.057537 0.635665
0.123731 -0.070644 0.742961
0.141935 -0.086092 0.728570
0.146703 -0.066494 0.748854
0.103647 -0.044055 0.629823
0.108883 0.074330 0.656608
0.144680 0.086429 0.650528
0.055797 0.003901 0.659631
0.109545 -0.064774 0.628013
0.127022 -0.084790 0.629363
0.114246 -0.028780 0.645723
0.155042 -0.037521 0.773101
0.141663 -0.033455 0.773267
0.143898 -0.046134 0.768226
0.128710 -0.003351 0.752074
0.144602 -0.017674 0.751891
0.054862 0.022544 0.732548
0.068560 0.029255 0.738736
0.075465 0.032061 0.750254
0.189419 0.042251 0.666102
0.203977 0.020915 0.679770
0.158461 0.080368 0.653609
0.168293 0.048712 0.644606
0.099691 -0.107524 0.711504
0.177784 -0.045436 0.745014
0.181185 -0.028511 0.744071
0.161317 -0.019976 0.769008
0.173111 -0.057372 0.759580
0.147952 -0.069641 0.752273
0.167255 -0.057092 0.752387
0.164833 -0.023781 0.754304
0.160551 -0.038135 0.767961
0.172941 -0.043072 0.753225
0.146660 0.056987 0.742807
0.131225 0.058431 0.737321
0.133277 0.049196 0.745624
0.138630 0.031598 0.751502
0.127965 0.026905 0.750003
0.118047 -0.000885 0.756023
0.169534 0.061896 0.689893
0.165729 0.074259 0.704342
0.179840 0.064394 0.703578
0.165997 0.076865 0.714263
0.137191 -0.053780 0.756611
0.112346 -0.055993 0.750003
0.148986 -0.061440 0.764527
0.164756 -0.063706 0.764811
0.040001 -0.031910 0.683387
0.074413 -0.096493 0.689136
0.140866 0.085994 0.662961
0.076588 -0.083030 0.700266
0.059387 -0.073806 0.707791
0.062769 -0.054782 0.711559
0.046951 -0.051261 0.712192
0.188764 -0.023570 0.741532
0.100752 0.090593 0.718326
0.133687 0.097651 0.729397
0.100445 0.081127 0.729814
0.126938 0.064867 0.732321
0.121057 0.087876 0.733214
0.054511 0.049618 0.697807
0.214864 0.015245 0.719268
0.204598 0.031117 0.698396
0.195502 0.029341 0.706794
0.196596 0.057679 0.717158
0.199839 0.043349 0.700693
0.063112 0.048392 0.716600
0.056207 0.052178 0.704764
0.050931 0.021827 0.724631
0.054037 0.014413 0.723089
0.095725 -0.007722 0.758043
0.090907 -0.001324 0.770231
0.079460 -0.010778 0.766230
0.044264 -0.029909 0.659420
0.063896 -0.040918 0.644955
0.064699 -0.056895 0.647641
0.091968 -0.038690 0.736181
0.101489 -0.055506 0.747977
0.082797 -0.037602 0.724913
0.072319 -0.021436 0.729310
0.171766 -0.026973 0.625450
0.112889 0.036708 0.755318
0.089622 0.038033 0.737096
0.096710 0.028917 0.751769
0.102358 0.057387 0.744758
0.118899 0.052421 0.743820
0.116647 0.045270 0.731333
0.112101 0.049304 0.723587
0.100348 0.055727 0.728799
0.113383 0.062841 0.742853
0.127557 -0.118721 0.698655
0.116423 -0.115436 0.709318
0.154050 0.076209 0.696921
0.150650 0.096575 0.707998
0.148528 0.094371 0.731722
0.093611 -0.046573 0.730438
0.044063 0.018897 0.683012
0.043724 -0.050478 0.704215
0.179395 -0.004168 0.764071
0.165660 0.004635 0.734716
0.165689 0.003655 0.756112
0.177321 0.012946 0.760575
0.081763 -0.012509 0.745815
0.120167 -0.114367 0.698094
0.087783 0.080334 0.713578
0.063599 0.059474 0.715765
0.042581 -0.020912 0.723248
0.053301 -0.026302 0.730416
0.106655 -0.035311 0.775657
0.121470 -0.035433 0.790675
0.175794 0.070467 0.685553
0.187731 0.066710 0.701892
0.111681 -0.011502 0.795199
0.109879 -0.004859 0.777655
0.100176 -0.011185 0.793015
0.097495 -0.027184 0.785658
0.110121 -0.066192 0.741780
0.110338 -0.091837 0.733515
0.041014 0.002678 0.690156
0.044743 0.017088 0.706582
0.039924 0.025435 0.700571
0.036893 0.000107 0.717326
0.042581 -0.020912 0.723248
0.046784 -0.001623 0.718003
0.160130 -0.054406 0.623319
0.144371 -0.081582 0.632066
0.089975 0.067982 0.656745
0.073347 0.048287 0.665312
0.185267 0.059153 0.713692
0.212190 -0.024982 0.738842
0.099611 0.021256 0.760213
0.155222 0.064730 0.719887
0.129088 -0.077996 0.731603
0.132093 -0.102947 0.728028
0.144935 -0.094681 0.724702
0.162788 0.086654 0.695843
0.166627 0.085030 0.705712
0.177140 -0.064826 0.735144
0.139334 -0.046029 0.776947
0.137194 -0.057422 0.767840
0.050060 -0.011450 0.729374
0.171789 0.009652 0.771616
0.189086 0.001386 0.759786
0.177132 0.021795 0.749216
0.186948 0.014042 0.742134
0.191768 0.015399 0.754673
0.170695 -0.047577 0.767215
0.154516 -0.054561 0.771902
0.056395 -0.030581 0.663599
0.107049 -0.035067 0.792235
0.134270 0.083459 0.743140
0.209174 0.026664 0.693411
0.181692 0.029483 0.730506
0.072693 -0.042245 0.754928
0.058589 -0.027559 0.750766
0.186998 -0.030479 0.730255
0.044342 0.033583 0.692393
0.088713 0.052728 0.725191
0.079353 0.076620 0.694941
0.074042 0.040116 0.728959
0.058410 0.037994 0.727306
0.054452 -0.020094 0.748865
0.080739 0.065676 0.669461
0.054989 0.030839 0.746901
0.066677 0.026481 0.726422
0.067709 0.046022 0.725567
0.073902 -0.026060 0.746716
0.051576 0.040385 0.743281
0.067709 0.046022 0.725567
0.047603 0.028805 0.744377
0.152115 -0.020106 0.627673
0.180001 0.042030 0.727021
0.187647 0.027324 0.719886
0.169784 -0.104193 0.727239
0.082401 -0.096540 0.699307
0.078501 -0.103988 0.704397
0.091898 -0.110163 0.703886
0.043224 0.005475 0.716871
0.053326 -0.035355 0.714818
0.041903 -0.034085 0.708240
0.053326 -0.035355 0.714818
0.122055 -0.119663 0.715943
0.073374 0.075291 0.719112
0.063599 0.059474 0.715765
0.073374 0.075291 0.719112
0.042459 0.011296 0.721527
0.044743 0.017088 0.706582
0.181567 -0.010962 0.751301
0.154945 -0.114510 0.726629
0.039924 0.025435 0.700571
0.030585 0.031448 0.704257
0.099611 0.021256 0.760213
0.107330 -0.000657 0.767074
0.109879 -0.004859 0.777655
0.088298 0.068767 0.725809
0.167488 -0.061266 0.744520
0.185208 -0.049722 0.742348
0.063112 0.048392 0.716600
0.073374 0.075291 0.719112
0.061344 -0.019334 0.653750
0.081438 -0.091272 0.709837
0.099691 -0.107524 0.711504
0.109381 -0.117706 0.713140
0.050859 0.036932 0.759421
0.062769 -0.054782 0.711559
0.192924 -0.080250 0.710388
0.167319 0.029989 0.728057
0.064718 -0.052676 0.635133
0.118165 0.002421 0.768200
0.073397 -0.069800 0.712514
0.074860 0.033045 0.723419
0.229499 -0.049440 0.437864
0.218253 -0.023253 0.433209
0.231704 -0.077154 0.440551
0.227403 -0.107640 0.442643
0.211197 -0.136466 0.443763
0.184557 -0.156804 0.441011
0.187620 -0.161181 0.396047
0.166542 -0.158625 0.438510
0.145856 -0.156550 0.436899
0.125671 -0.143686 0.439482
0.107804 -0.119148 0.436818
0.100838 -0.091749 0.433577
0.101141 -0.064130 0.432903
0.111274 -0.037196 0.431693
0.129973 -0.017409 0.430275
0.149171 -0.014854 0.380722
0.147484 -0.006911 0.429168
0.177813 -0.014403 0.379879
0.175761 -0.006195 0.428642
0.175761 -0.006195 0.428642
0.203977 -0.010133 0.430895
0.177813 -0.014403 0.379879
0.208957 -0.017484 0.381724
0.153584 -0.165269 0.343584
0.152626 -0.024758 0.335353
0.207719 -0.025871 0.337555
0.180390 -0.018099 0.333187
0.180390 -0.018099 0.333187
0.156767 -0.162151 0.307258
0.182401 -0.024572 0.293994
0.182401 -0.024572 0.293994
0.160123 -0.032463 0.266053
0.184784 -0.032006 0.265132
0.210715 -0.036615 0.267945
0.184784 -0.032006 0.265132
0.163946 -0.035700 0.227393
0.212025 -0.042070 0.229633
0.188709 -0.035501 0.227042
0.188709 -0.035501 0.227042
0.167673 -0.035663 0.190816
0.154784 -0.044877 0.187934
0.190421 -0.038911 0.195237
0.211759 -0.047631 0.191639
0.190421 -0.038911 0.195237
0.198669 -0.161194 0.234376
0.202510 -0.160480 0.195012
0.167990 -0.152371 0.193709
0.170029 -0.036721 0.171389
0.156780 -0.043480 0.158973
0.168823 -0.155477 0.168271
0.146084 -0.116227 0.142208
0.141375 -0.095835 0.136435
0.153922 -0.135112 0.148833
0.159480 -0.046247 0.139973
0.143875 -0.071702 0.128913
0.153364 -0.067870 0.117104
0.162598 -0.050535 0.126259
0.145486 -0.090725 0.112621
0.151265 -0.114748 0.129111
0.160176 -0.132879 0.133174
0.169597 -0.146089 0.134266
0.171027 -0.152898 0.115270
0.171198 -0.156936 0.096808
0.188987 -0.155917 0.134185
0.206737 -0.155104 0.133745
0.208266 -0.158527 0.116925
0.204020 -0.156381 0.170350
0.204584 -0.159580 0.153026
0.173552 -0.041519 0.140139
0.170994 -0.035489 0.152945
0.174711 -0.042291 0.126580
0.194965 -0.041263 0.127926
0.196601 -0.039882 0.142042
0.194965 -0.041263 0.127926
0.196601 -0.039882 0.142042
0.212783 -0.051635 0.128093
0.194382 -0.038606 0.161091
0.194382 -0.038606 0.161091
0.192654 -0.044569 0.175371
0.192654 -0.044569 0.175371
0.213542 -0.054118 0.171344
0.222482 -0.062838 0.128987
0.230253 -0.080192 0.128242
0.235468 -0.080272 0.141082
0.209081 -0.161142 0.097144
0.242404 -0.102820 0.136027
0.241755 -0.101816 0.122233
0.241594 -0.113316 0.136722
0.236396 -0.130312 0.144621
0.222291 -0.147870 0.149454
0.234397 -0.131096 0.120474
0.237003 -0.129078 0.102375
0.235307 -0.101956 0.107980
0.235611 -0.118154 0.112223
0.238147 -0.094478 0.129527
0.235328 -0.077068 0.117185
0.226660 -0.058329 0.118466
0.227774 -0.051381 0.102326
0.263293 0.025767 -0.021167
0.263415 -0.001582 -0.017797
0.260883 0.052027 -0.019267
0.249881 0.020501 0.049095
0.243985 0.049782 0.044055
0.234504 0.019141 0.064764
0.232694 0.048292 0.052962
0.153855 0.048586 0.044232
0.150773 0.022315 0.047559
0.143574 0.052482 -0.020703
0.141532 0.024551 -0.020430
0.252531 0.078693 -0.015586
0.147127 0.074346 -0.017659
0.145714 0.002632 -0.017972
0.153797 -0.024760 -0.013802
0.259615 -0.025133 -0.013061
0.256066 -0.050843 -0.001830
0.253112 -0.069187 0.001712
0.252264 -0.069347 0.017568
0.253112 -0.069187 0.001712
0.252264 -0.069347 0.017568
0.253115 -0.086928 0.001391
0.251250 -0.089346 -0.016412
0.248773 -0.118890 -0.016671
0.239219 -0.141682 -0.016177
0.226672 -0.155060 -0.016502
0.208385 -0.162883 -0.016507
0.253595 -0.066689 0.035434
0.253595 -0.066689 0.035434
0.253045 -0.064921 0.057563
0.242248 -0.058470 0.078845
0.253045 -0.064921 0.057563
0.156135 -0.044860 -0.005000
0.154635 -0.066367 0.001549
0.154891 -0.066279 0.015692
0.154891 -0.066279 0.015692
0.152746 -0.083941 0.000373
0.154635 -0.066367 0.001549
0.149751 -0.063154 0.035594
0.149751 -0.063154 0.035594
0.189330 -0.162481 -0.016464
0.174197 -0.154331 -0.017637
0.161303 -0.144890 -0.016492
0.153405 -0.123227 -0.016788
0.155370 -0.086970 -0.016563
0.153342 -0.102917 -0.017030
0.146489 -0.060692 0.058835
0.197046 -0.007616 0.095434
0.195374 -0.022391 0.105687
0.170729 -0.021610 0.100447
0.157498 -0.024464 0.089153
0.153347 -0.001033 0.056547
0.227774 -0.051381 0.102326
0.216576 -0.040330 0.109525
0.196255 -0.032716 0.115339
0.171867 -0.031490 0.110851
0.158511 -0.036581 0.101691
0.195598 -0.039676 0.119542
0.216576 -0.040330 0.109525
0.196255 -0.032716 0.115339
0.195598 -0.039676 0.119542
0.172998 -0.037091 0.120750
0.171867 -0.031490 0.110851
0.196255 -0.032716 0.115339
0.152229 -0.051821 0.083871
0.158511 -0.036581 0.101691
0.152229 -0.051821 0.083871
0.242248 -0.058470 0.078845
0.146489 -0.060692 0.058835
0.154482 0.097285 -0.012684
0.165439 0.114156 -0.007367
0.180223 0.124440 -0.004567
0.213576 0.123714 -0.004503
0.228954 0.114463 -0.006979
0.241885 0.099235 -0.011193
0.178359 0.106642 0.043184
0.164235 0.098412 0.037542
0.212489 0.106201 0.040724
0.196329 0.108788 0.044023
0.195272 0.126751 -0.004206
0.253112 -0.069187 0.001712
0.201487 -0.085391 0.000867
0.253115 -0.086928 0.001391
0.256066 -0.050843 -0.001830
0.259615 -0.025133 -0.013061
0.263415 -0.001582 -0.017797
0.263293 0.025767 -0.021167
0.260883 0.052027 -0.019267
0.252531 0.078693 -0.015586
0.241885 0.099235 -0.011193
0.228954 0.114463 -0.006979
0.251250 -0.089346 -0.016412
0.201931 -0.088124 -0.016490
0.248773 -0.118890 -0.016671
0.239219 -0.141682 -0.016177
0.226672 -0.155060 -0.016502
0.153405 -0.123227 -0.016788
0.161303 -0.144890 -0.016492
0.153342 -0.102917 -0.017030
0.155370 -0.086970 -0.016563
0.152746 -0.083941 0.000373
0.154635 -0.066367 0.001549
0.156135 -0.044860 -0.005000
0.153797 -0.024760 -0.013802
0.145714 0.002632 -0.017972
0.141532 0.024551 -0.020430
0.143574 0.052482 -0.020703
0.147127 0.074346 -0.017659
0.154482 0.097285 -0.012684
0.165439 0.114156 -0.007367
0.189330 -0.162481 -0.016464
0.174197 -0.154331 -0.017637
0.208385 -0.162883 -0.016507
0.195272 0.126751 -0.004206
0.213576 0.123714 -0.004503
0.180223 0.124440 -0.004567
0.184557 -0.156804 0.441011
0.211197 -0.136466 0.443763
0.184973 -0.150394 0.446515
0.186136 -0.153203 0.452857
0.183306 -0.161821 0.445049
0.183871 -0.167795 0.450970
0.183205 -0.153358 0.459887
0.183740 -0.168672 0.457250
0.183333 -0.165774 0.460897
0.166542 -0.158625 0.438510
0.145212 -0.161432 0.442714
0.145856 -0.156550 0.436899
0.165440 -0.168108 0.449216
0.144409 -0.167559 0.448982
0.165396 -0.168918 0.455814
0.144322 -0.168796 0.455093
0.165169 -0.165332 0.460303
0.143860 -0.165224 0.460051
0.171502 -0.155370 0.460245
0.158622 -0.156605 0.460112
0.140500 -0.158660 0.460221
0.141893 -0.155126 0.453162
0.143670 -0.151944 0.446325
0.142367 -0.151871 0.441879
0.125671 -0.143686 0.439482
0.231704 -0.077154 0.440551
0.237162 -0.084015 0.456771
0.227403 -0.107640 0.442643
0.236369 -0.112179 0.457995
0.213617 -0.143025 0.456615
0.226814 -0.128998 0.456087
0.229499 -0.049440 0.437864
0.234940 -0.047996 0.467235
0.218253 -0.023253 0.433209
0.200629 -0.005771 0.446274
0.203977 -0.010133 0.430895
0.200329 -0.001866 0.461173
0.175761 -0.006195 0.428642
0.170547 0.004310 0.461414
0.147484 -0.006911 0.429168
0.144016 -0.000632 0.463056
0.105680 -0.031585 0.443644
0.111274 -0.037196 0.431693
0.099788 -0.028579 0.461914
0.123017 -0.149312 0.447777
0.122341 -0.154288 0.455592
0.140029 -0.164323 0.471127
0.155396 -0.167852 0.472747
0.184124 -0.153746 0.466181
0.207107 -0.146709 0.483368
0.122124 -0.155478 0.466369
0.103923 -0.139303 0.452822
0.107804 -0.119148 0.436818
0.104932 -0.135992 0.465103
0.100838 -0.091749 0.433577
0.094810 -0.091336 0.439906
0.088648 -0.092627 0.447295
0.093957 -0.120067 0.449741
0.088810 -0.092132 0.456115
0.094246 -0.118948 0.458653
0.101141 -0.064130 0.432903
0.100537 -0.060604 0.439770
0.100537 -0.060604 0.439770
0.101141 -0.064130 0.432903
0.088862 -0.051257 0.452017
0.081707 -0.043325 0.465497
0.088955 -0.066232 0.450245
0.088955 -0.066232 0.450245
0.199300 0.003280 0.472874
0.176284 0.014859 0.481195
0.097846 -0.020722 0.476949
0.083232 -0.040584 0.476380
0.129973 -0.017409 0.430275
0.215351 -0.016693 0.475066
0.228028 -0.039352 0.482577
0.239621 -0.059250 0.485990
0.238607 -0.105712 0.490439
0.224990 -0.127372 0.482738
0.227872 -0.114221 0.493874
0.239350 -0.108094 0.511139
0.234374 -0.116441 0.522822
0.201268 -0.139659 0.492926
0.198383 -0.133994 0.503159
0.223290 -0.128995 0.527820
0.203861 -0.143850 0.528280
0.245791 -0.094460 0.528070
0.249713 -0.074434 0.521923
0.235845 -0.108898 0.536987
0.251489 -0.057155 0.524096
0.248287 -0.043389 0.525728
0.185248 -0.158125 0.491853
0.180277 -0.142971 0.502879
0.183345 -0.149535 0.495433
0.162060 -0.164728 0.495288
0.160424 -0.154606 0.499515
0.139280 -0.156895 0.503188
0.159926 -0.150996 0.506198
0.182066 -0.153567 0.523456
0.160357 -0.158651 0.518658
0.134903 -0.158563 0.510619
0.127522 -0.159888 0.503109
0.131072 -0.161872 0.497354
0.229840 -0.027578 0.492562
0.240161 -0.032376 0.505037
0.245241 -0.026210 0.521731
0.245500 -0.031232 0.530662
0.241331 -0.014514 0.536052
0.239122 -0.013050 0.521008
0.231698 0.006882 0.528938
0.231412 0.002717 0.542941
0.222062 0.024115 0.539817
0.219587 0.019331 0.552677
0.232023 -0.026572 0.510798
0.224232 -0.021082 0.508389
0.206114 -0.010123 0.501457
0.192599 0.004248 0.493733
0.216784 -0.134049 0.541457
0.202405 -0.143440 0.534202
0.181361 -0.151475 0.533590
0.128035 -0.150534 0.523547
0.133122 -0.159824 0.489073
0.153669 -0.164138 0.481342
0.136669 -0.153316 0.479077
0.163816 -0.169186 0.482536
0.164554 -0.167294 0.489359
0.185437 -0.160581 0.487038
0.113238 -0.152760 0.491617
0.098012 -0.139789 0.486268
0.098461 -0.136834 0.493253
0.086045 -0.124324 0.483219
0.084687 -0.122673 0.489502
0.071086 -0.103646 0.486744
0.071725 -0.099340 0.479045
0.121697 -0.145054 0.476325
0.106832 -0.132631 0.473852
0.099256 -0.116961 0.464721
0.093508 -0.094283 0.461954
0.088179 -0.071720 0.458340
0.086753 -0.099820 0.472675
0.065542 -0.076183 0.472704
0.073443 -0.049664 0.461810
0.081752 -0.055881 0.454204
0.083390 -0.061071 0.459718
0.083390 -0.061071 0.459718
0.074200 -0.060001 0.463235
0.063744 -0.060643 0.468590
0.068891 -0.046761 0.470265
0.063744 -0.060643 0.468590
0.074200 -0.060001 0.463235
0.175621 0.021020 0.496065
0.070531 -0.022601 0.490436
0.074753 -0.047555 0.480809
0.066939 -0.057719 0.481493
0.066939 -0.057719 0.481493
0.061837 -0.066719 0.482890
0.057618 -0.077718 0.481228
0.061795 -0.090092 0.485047
0.064312 -0.093780 0.491199
0.054288 -0.077369 0.490518
0.054786 -0.079356 0.503161
0.051781 -0.069515 0.499365
0.063472 -0.056130 0.490089
0.051503 -0.057518 0.501327
0.057097 -0.055745 0.496702
0.063472 -0.056130 0.490089
0.057097 -0.055745 0.496702
0.052921 -0.036486 0.501603
0.051503 -0.057518 0.501327
0.059260 -0.017700 0.501916
0.241653 -0.034559 0.532302
0.244328 -0.046430 0.529084
0.226287 -0.041708 0.530659
0.228190 -0.050163 0.523335
0.223809 -0.029843 0.537512
0.220240 -0.020004 0.544933
0.227663 -0.004364 0.543339
0.215789 0.005282 0.551083
0.217995 -0.007919 0.557756
0.246909 -0.058813 0.527813
0.241965 -0.072228 0.524419
0.240239 -0.090012 0.530499
0.230748 -0.104126 0.539752
0.221442 -0.115193 0.548382
0.225153 -0.121812 0.544244
0.222858 -0.088752 0.524203
0.217570 -0.100107 0.535517
0.227255 -0.073221 0.520219
0.228181 -0.061294 0.519849
0.113343 -0.137661 0.517335
0.115996 -0.143564 0.507049
0.103814 -0.128771 0.504146
0.090501 -0.115416 0.501680
0.076544 -0.103119 0.498138
0.111436 -0.140208 0.523856
0.095350 -0.130892 0.523467
0.081470 -0.121731 0.523011
0.071230 -0.110073 0.522532
0.060236 -0.091123 0.510277
0.077138 -0.118852 0.530958
0.077037 -0.117148 0.541100
0.071086 -0.102987 0.552245
0.090232 -0.122445 0.551892
0.105844 -0.122844 0.550958
0.102011 -0.128520 0.559465
0.122069 -0.133982 0.560234
0.124628 -0.126432 0.552956
0.146971 -0.136634 0.544390
0.144380 -0.131524 0.553308
0.141874 -0.140930 0.561275
0.156290 -0.146886 0.561341
0.165915 -0.137562 0.552145
0.188334 -0.138690 0.547386
0.175256 -0.149592 0.556889
0.189971 -0.146119 0.552799
0.170097 -0.139075 0.544989
0.190925 -0.137929 0.541406
0.205418 -0.138398 0.547301
0.202831 -0.136930 0.542274
0.061677 -0.088379 0.552313
0.056070 -0.070534 0.545878
0.056137 -0.071489 0.536482
0.053431 -0.046286 0.539839
0.050447 -0.047246 0.531279
0.053431 -0.046286 0.539839
0.050447 -0.047246 0.531279
0.048777 -0.030524 0.517886
0.054628 -0.010180 0.513444
0.069826 0.014725 0.528442
0.085164 0.036686 0.537364
0.051676 -0.059188 0.509616
0.051676 -0.059188 0.509616
0.054893 -0.054815 0.521452
0.061449 -0.071677 0.523639
0.066706 -0.088716 0.527356
0.069150 -0.100702 0.528208
0.054893 -0.054815 0.521452
0.104048 0.047625 0.540968
0.129263 0.055959 0.546953
0.162822 0.057039 0.553042
0.191540 0.046720 0.546871
0.208696 -0.134851 0.555133
0.207455 -0.130288 0.560590
0.193449 -0.140014 0.568934
0.193046 -0.145949 0.563798
0.180647 -0.150137 0.570858
0.174971 -0.143852 0.588932
0.165521 -0.142474 0.592110
0.180729 -0.137066 0.599202
0.162622 -0.138189 0.604901
0.180333 -0.136986 0.586771
0.184647 -0.137553 0.574532
0.141590 -0.141236 0.573169
0.121470 -0.133535 0.570772
0.140506 -0.131787 0.586905
0.122195 -0.121892 0.583899
0.156080 -0.137375 0.590659
0.104669 -0.110638 0.581542
0.089853 -0.099978 0.574110
0.077700 -0.090081 0.572554
0.065019 -0.078527 0.572189
0.054183 -0.073579 0.557718
0.050537 -0.064884 0.568125
0.057245 -0.053784 0.556995
0.056557 -0.041769 0.551170
0.056557 -0.041769 0.551170
0.077981 0.039051 0.557691
0.164116 0.063626 0.571552
0.186334 0.055196 0.567324
0.179857 0.062383 0.588969
0.166477 0.066906 0.591229
0.179760 0.062313 0.600611
0.158911 0.070443 0.602384
0.127961 0.072344 0.609901
0.094718 0.053300 0.582480
0.095327 0.058547 0.603921
0.100299 0.063117 0.617384
0.210312 0.035127 0.558074
0.200849 0.039766 0.569043
0.218589 0.012370 0.562831
0.197134 0.042469 0.612121
0.194130 0.037252 0.599699
0.225513 -0.002581 0.572082
0.209181 0.017094 0.610864
0.075732 0.039014 0.581453
0.075518 0.038127 0.603048
0.055371 -0.010955 0.620343
0.231113 -0.025254 0.574205
0.227255 -0.073221 0.520219
0.211512 -0.109794 0.544613
0.202208 -0.125453 0.558486
0.190950 -0.131890 0.570639
0.189105 -0.125393 0.576847
0.198126 -0.114926 0.567599
0.207147 -0.109708 0.578189
0.210452 -0.104293 0.553582
0.217531 -0.097842 0.563832
0.068301 0.040492 0.671079
0.052499 0.016718 0.670570
0.089592 0.062558 0.673502
0.122420 0.074937 0.649206
0.117739 0.077993 0.676780
0.146711 0.079334 0.683007
0.172766 0.066411 0.689022
0.189151 0.044238 0.689810
0.201880 0.014777 0.692842
0.204115 -0.017657 0.696199
0.206252 -0.018903 0.666800
0.197852 -0.051466 0.697074
0.185470 -0.081944 0.702435
0.161004 -0.107827 0.673664
0.161028 -0.107047 0.705567
0.123323 -0.109066 0.697852
0.097613 -0.112752 0.667984
0.093522 -0.107140 0.690526
0.071088 -0.084730 0.685109
0.058654 -0.062315 0.678987
0.067299 -0.059432 0.656431
0.050096 -0.015266 0.649564
0.044658 -0.015436 0.672366
0.050096 -0.015266 0.649564
0.044658 -0.015436 0.672366
0.048845 -0.037733 0.675871
0.057555 -0.038638 0.628546
0.055371 -0.010955 0.620343
0.078869 -0.097608 0.639045
0.100733 -0.117516 0.646483
0.209829 -0.023000 0.638702
0.156004 0.072144 0.635560
0.126739 0.075026 0.627697
0.131231 0.075230 0.619433
0.149563 0.073327 0.617721
0.169840 0.056097 0.619225
0.173759 0.061782 0.609865
0.194872 0.041858 0.624033
0.194427 -0.107342 0.618497
0.165986 -0.119736 0.623733
0.137197 -0.128231 0.631019
0.190699 -0.124354 0.608288
0.137227 -0.130288 0.617579
0.066921 -0.090451 0.611882
0.107596 -0.122884 0.627920
0.049780 -0.063512 0.583026
0.058907 -0.052408 0.609872
0.054152 -0.025635 0.602921
0.054152 -0.025635 0.602921
0.052891 -0.027987 0.575791
0.052891 -0.027987 0.575791
0.050320 -0.044417 0.575028
0.048494 -0.045870 0.589889
0.048494 -0.045870 0.589889
18 20
115 116
518 519
20 135
359 361
356 357
358 360
528 529
354 355
518 537
46 218
188 232
135 202
77 78
356 365
360 366
529 536
354 363
195 313
344 345
14 208
361 364
189 257
99 257
19 20
365 368
366 369
52 53
383 384
370 374
293 331
296 331
372 375
663 792
863 864
371 377
373 376
375 381
23 25
72 312
188 326
133 134
98 99
4 125
107 198
37 125
66 67
64 65
374 378
362 367
142 164
147 193
869 875
86 88
107 199
6 7
102 153
183 184
115 301
861 863
14 150
185 215
858 860
149 150
790 791
74 313
246 318
343 344
553 554
860 861
850 871
342 343
554 580
176 179
779 780
35 63
857 858
252 253
55 241
55 321
885 886
851 853
856 857
866 867
376 382
377 380
862 863
824 825
153 226
442 443
887 888
127 137
608 614
888 891
113 185
646 654
791 792
57 59
341 342
578 580
19 255
849 851
864 866
877 892
348 349
577 605
86 87
142 165
97 110
194 196
440 441
44 176
838 870
872 876
368 371
369 373
211 212
554 555
854 855
185 326
853 854
52 200
459 460
528 530
180 307
556 582
46 47
56 154
884 886
89 90
682 685
379 387
209 217
48 154
339 340
584 586
450 451
540 541
12 13
189 279
351 352
595 616
608 613
823 832
859 879
130 131
358 359
588 590
849 850
9 10
436 504
467 489
349 350
605 607
816 899
817 898
179 225
355 357
590 592
452 453
520 521
101 152
780 781
579 581
439 448
524 525
189 190
852 853
7 298
832 835
224 318
609 610
63 64
446 447
542 543
104 105
883 885
339 341
578 584
24 290
129 130
350 351
607 613
855 856
437 438
522 523
833 835
611 612
81 82
896 899
897 898
352 353
595 625
789 790
594 617
483 503
501 505
254 255
621 622
591 593
123 124
629 630
651 652
682 691
83 84
444 445
883 884
868 874
136 137
67 281
609 620
437 439
523 524
79 309
182 324
867 868
602 630
37 39
199 258
57 58
179 181
425 434
603 606
108 118
602 678
104 106
8 10
35 171
4 261
163 209
48 50
385 388
33 146
101 102
107 109
88 161
69 289
773 775
185 216
646 648
626 655
24 286
34 36
38 62
445 488
98 100
749 750
393 396
246 248
57 237
83 193
242 277
491 492
499 500
685 692
896 902
466 467
468 504
460 461
530 531
623 624
295 296
135 327
449 506
544 545
394 396
38 245
39 151
328 329
636 637
652 742
643 646
637 650
663 829
438 452
521 522
212 285
66 282
498 500
493 501
502 503
2 92
52 258
319 320
422 424
105 229
347 348
564 577
123 126
291 292
80 82
16 17
735 794
221 222
598 604
818 836
115 265
302 329
97 164
186 187
51 53
820 821
736 793
596 618
475 505
476 483
865 866
688 689
448 511
525 526
56 143
895 901
895 902
689 690
834 839
202 327
870 871
872 873
126 219
163 165
418 419
627 628
759 767
91 223
84 147
60 62
186 215
56 140
80 112
39 61
328 337
479 480
533 534
427 428
43 45
23 24
873 874
763 764
126 316
841 842
118 145
131 157
105 106
838 897
876 896
650 651
4 38
792 820
186 278
660 661
204 205
662 664
76 234
249 250
661 663
670 671
469 470
538 539
269 270
35 36
490 491
495 496
447 450
541 542
20 254
760 763
673 674
585 628
446 449
543 544
27 28
167 239
92 94
666 667
865 878
167 220
464 468
465 466
409 497
246 247
644 649
698 708
826 827
192 193
451 469
539 540
67 244
185 187
852 881
28 118
604 610
10 144
180 306
308 332
81 167
156 174
73 314
399 402
389 390
648 649
804 805
394 395
778 779
132 136
836 837
647 648
113 183
76 247
249 314
92 245
23 113
389 391
845 847
227 228
121 179
381 419
114 138
846 848
638 639
569 570
222 278
214 217
323 324
148 190
29 31
667 668
304 330
767 768
606 612
567 568
719 720
793 796
659 662
565 566
806 807
757 761
807 809
209 319
54 166
74 195
201 327
346 347
562 564
629 632
112 177
506 507
545 546
36 266
756 757
471 475
472 476
41 42
380 417
382 418
60 61
86 104
679 680
434 435
119 235
412 414
634 645
48 49
397 398
238 239
611 690
93 244
70 71
162 214
599 603
878 893
672 741
289 294
216 217
353 355
592 625
250 251
510 511
526 527
758 760
576 597
209 213
480 482
533 535
74 314
674 675
8 144
42 276
118 146
635 644
104 189
681 683
819 822
13 98
62 90
105 227
99 106
404 423
797 798
121 122
133 254
104 280
403 406
462 463
532 549
234 306
250 308
738 847
48 101
221 264
221 263
192 239
719 721
680 682
206 207
81 220
34 277
72 73
188 284
115 124
44 121
126 309
809 810
638 640
762 765
207 235
687 688
156 171
378 386
24 25
292 293
672 746
214 216
686 687
340 359
586 588
426 427
17 221
581 583
86 300
794 843
387 392
742 743
733 734
16 259
11 283
86 299
241 242
755 758
411 415
413 416
70 289
139 154
463 477
547 549
48 158
34 58
420 421
743 744
880 883
95 96
153 315
794 795
744 745
26 118
210 285
51 242
453 454
517 520
400 401
831 834
233 310
311 312
152 323
732 733
240 241
231 330
66 204
576 577
33 108
128 203
107 118
210 211
151 219
219 329
746 747
265 324
509 516
550 551
122 175
800 890
558 565
386 408
656 657
198 200
61 332
180 337
560 567
429 430
15 278
461 462
531 532
96 97
181 307
197 251
178 337
284 318
344 346
553 562
640 736
572 573
507 508
546 552
784 785
785 786
154 159
824 883
561 569
218 309
766 769
512 515
509 510
527 551
455 465
457 464
1 261
301 316
458 459
519 528
484 485
658 659
267 275
98 283
159 275
95 280
752 754
137 253
242 243
12 265
842 843
727 730
456 458
517 519
728 730
473 474
537 538
228 269
33 71
118 287
107 108
131 171
9 207
405 406
27 310
322 326
176 178
802 844
723 725
95 97
639 641
113 286
176 303
487 493
771 813
297 331
473 481
536 537
727 728
753 771
9 230
675 686
167 169
117 161
436 495
489 490
512 513
97 161
72 74
403 404
477 478
547 548
302 304
170 259
811 812
657 665
728 729
30 31
86 191
187 278
139 275
764 769
3 4
4 5
145 338
86 256
492 493
499 502
806 808
655 656
68 70
737 738
271 273
734 735
28 325
703 721
624 699
431 432
52 199
36 171
144 288
652 672
514 515
108 109
21 221
15 16
58 266
747 748
844 845
737 739
737 840
614 620
615 619
92 262
101 153
102 269
295 331
229 270
67 172
144 145
10 146
421 433
85 192
102 228
587 588
55 240
110 111
62 89
398 399
232 326
202 203
41 225
313 314
693 700
171 173
622 702
481 482
535 536
81 238
26 27
285 322
478 479
534 548
55 57
2 245
282 294
254 290
454 455
456 457
69 71
599 600
30 323
75 307
229 273
810 811
101 103
276 327
81 263
148 279
765 766
16 186
155 160
194 288
99 104
145 287
761 762
154 158
305 314
123 262
415 417
416 418
71 198
748 749
91 205
8 268
130 260
174 275
94 244
587 589
429 432
166 320
199 200
184 222
134 149
202 335
15 17
179 337
168 263
40 335
693 695
754 756
235 268
508 516
550 552
144 297
16 161
829 830
632 633
162 213
270 273
157 160
96 334
128 335
38 39
206 223
68 282
53 64
205 244
827 828
900 901
900 902
85 193
70 282
814 894
293 338
729 730
699 700
183 185
556 558
796 797
160 274
414 420
685 709
712 750
156 173
64 70
303 304
120 276
87 170
392 395
731 732
26 28
395 409
664 729
226 315
66 230
738 841
280 334
198 199
213 214
129 260
657 660
291 331
721 779
237 277
93 129
69 70
229 271
486 492
215 216
22 78
49 111
410 411
412 413
669 770
641 642
485 491
329 330
470 471
472 474
629 631
251 313
65 172
571 601
813 814
243 277
120 201
11 13
139 140
235 250
168 220
59 140
822 824
724 726
159 274
144 292
196 313
140 141
799 801
145 146
797 803
220 263
95 105
407 409
698 706
700 705
98 182
889 891
798 800
83 147
17 170
86 192
250 268
272 273
669 769
96 117
10 33
13 283
642 658
815 816
182 283
190 193
88 117
619 694
0 1
1 5
203 335
125 261
34 236
33 109
120 175
106 273
775 784
777 788
141 267
280 299
782 788
783 784
104 191
29 265
134 177
1 92
600 676
571 572
176 302
108 146
64 281
173 267
122 225
693 694
105 272
704 705
726 727
589 621
229 269
15 222
684 710
723 731
106 272
71 230
155 274
53 200
166 336
169 256
774 816
776 817
722 723
87 88
216 285
190 191
144 197
68 281
559 561
212 217
288 296
772 813
280 300
73 317
248 284
664 831
73 74
786 787
66 69
102 226
713 715
100 270
619 695
620 696
66 207
648 653
711 713
568 573
768 770
739 740
740 840
226 270
192 256
219 231
559 571
170 264
624 704
213 217
171 267
697 698
700 701
107 258
211 319
155 174
240 242
248 318
52 241
320 321
725 740
821 823
142 166
96 299
103 227
35 65
167 238
105 271
498 499
247 248
314 317
724 725
320 336
54 336
51 63
115 333
194 311
233 325
95 334
292 338
98 257
598 603
50 142
71 200
263 264
12 115
652 653
42 175
41 122
706 707
194 296
293 325
751 752
168 170
54 321
56 59
693 699
75 234
563 576
82 149
66 294
695 701
696 697
104 300
130 262
708 711
214 215
665 666
302 303
152 160
77 316
219 309
88 259
748 751
36 267
63 243
101 158
93 260
881 882
705 717
706 714
287 293
155 157
125 262
162 186
714 716
717 718
28 293
4 245
123 316
774 775
776 777
98 116
287 338
29 30
157 323
144 196
69 294
563 566
30 265
617 694
282 289
410 497
412 494
553 555
715 783
720 782
639 732
557 558
169 239
219 330
249 305
196 197
79 126
494 496
497 500
190 279
251 305
573 574
409 498
32 333
574 575
613 614
615 616
564 576
563 564
556 559
72 195
93 94
305 313
715 716
718 720
570 573
676 677
653 654
555 556
646 677
116 257
553 557
558 560
566 568
18 135
568 570
131 156
560 561
575 576
0 2
2 3
