11993091455466284708 1154 600
0.314074 0.236259 1.593330
-0.314074 0.236259 1.593330
0.314074 0.236259 1.593330
-0.314074 0.236259 1.593330
-0.314074 0.236259 1.120853
0.314074 0.236259 1.120853
0.314074 0.236259 1.593330
0.314074 0.236259 1.120853
-0.314074 -0.230669 1.120853
-0.314074 0.236259 1.120853
0.078258 0.142189 1.333833
0.065535 0.140011 1.335157
0.066159 0.144817 1.333968
0.094979 0.137543 1.333499
0.095697 0.138408 1.340214
0.086834 0.134904 1.306207
0.068385 0.139463 1.306449
0.068081 0.138161 1.299103
0.063369 0.136018 1.306326
0.063167 0.134488 1.299158
0.076983 0.137054 1.306354
0.077037 0.138699 1.307848
0.065202 0.143618 1.308926
0.085059 0.134867 1.332973
0.092296 0.132733 1.306573
0.094979 0.137543 1.333499
0.093082 0.129169 1.299943
0.091476 0.131448 1.299264
0.091451 0.128420 1.298794
0.089903 0.124642 1.299246
0.094859 0.131531 1.335135
0.060271 0.133739 1.472265
0.060162 0.140076 1.452657
0.000000 0.190990 1.384578
0.059762 0.151125 1.353976
0.043866 0.150123 1.521231
0.048484 0.143700 1.521423
0.039490 0.144738 1.522043
0.042592 0.140896 1.522177
0.049090 0.114223 1.520858
0.041888 0.139989 1.520551
0.000000 0.149622 1.518062
0.003915 0.125757 1.517217
0.020338 0.124510 1.516866
0.037918 0.184756 1.380783
0.043974 0.181581 1.378742
0.053149 0.153809 1.354444
0.039931 0.176966 1.375920
0.043209 0.172505 1.371530
0.000000 0.161694 1.358229
0.041383 0.156242 1.356041
0.168365 0.084722 1.361969
0.157649 0.081053 1.332667
0.183997 0.081271 1.394049
0.194361 0.083430 1.422513
0.202056 0.079693 1.444417
0.200464 0.076460 1.475059
0.209202 0.070130 1.472503
0.203308 0.066273 1.495575
0.217714 0.048657 1.509355
0.221579 0.035581 1.522324
0.224787 0.021048 1.534586
0.227102 0.003170 1.544774
0.218802 -0.015282 1.555944
0.102583 -0.124196 1.570082
0.091242 -0.136698 1.556725
0.213911 -0.039833 1.566687
0.219433 -0.039623 1.560991
0.213880 -0.063847 1.565766
0.211981 -0.088642 1.561805
0.207154 -0.110065 1.551276
0.216830 -0.121477 1.525521
0.125874 -0.172294 1.450788
0.152678 -0.168437 1.456238
0.154667 -0.163035 1.457926
0.129682 -0.170698 1.456529
0.122198 -0.167338 1.438814
0.138041 -0.166723 1.437236
0.180283 -0.158666 1.436955
0.185962 -0.157537 1.439838
0.196134 -0.146809 1.499685
0.200626 -0.137841 1.518301
0.160443 -0.162689 1.426068
0.139063 -0.165931 1.427221
0.000000 -0.172515 1.431225
0.208492 -0.139643 1.491977
0.213415 -0.131586 1.510742
0.119549 -0.040594 1.589053
0.116022 -0.017954 1.583489
0.060161 0.105089 1.521310
0.057491 0.107739 1.522787
0.002719 0.121753 1.523016
0.002827 0.123169 1.517288
0.003953 0.124140 1.523319
0.004161 0.119153 1.540603
0.002748 0.116972 1.539180
0.002867 0.114753 1.545563
0.000000 0.114555 1.545411
0.000000 0.111040 1.546981
0.037231 0.109293 1.549094
0.089448 0.035871 1.565223
0.079890 0.061123 1.550477
0.074741 0.074475 1.542081
0.050606 0.100941 1.553297
0.074886 0.064537 1.572365
0.084646 0.043266 1.582617
0.068461 0.088891 1.532485
0.108673 -0.039875 1.592247
0.105883 -0.063837 1.593521
0.060047 -0.139606 1.548858
0.046755 -0.146253 1.538192
0.100440 0.006314 1.579140
0.107557 -0.017951 1.587624
0.107686 -0.034990 1.605330
0.103726 -0.058495 1.612459
0.062376 -0.119104 1.633644
0.041548 -0.132504 1.638300
0.103973 -0.013988 1.601757
0.104327 -0.033731 1.607577
0.060570 -0.115672 1.635442
0.040343 -0.129069 1.639665
0.060943 -0.141329 1.591158
0.041320 -0.149685 1.595693
0.022204 -0.150656 1.531218
0.000000 -0.151210 1.529790
0.000000 0.115420 1.553041
0.009792 0.114733 1.553096
0.056502 0.093428 1.561571
0.045422 0.102107 1.562610
0.054618 0.094395 1.566959
0.066433 0.082222 1.567674
0.076254 0.067970 1.575260
0.086470 0.047436 1.584750
0.100878 -0.056024 1.616485
0.092402 -0.079596 1.624925
0.078418 -0.099554 1.632356
0.060720 -0.114997 1.637735
0.106877 -0.012057 1.604689
0.080856 -0.100847 1.634359
0.062655 -0.116167 1.639890
0.105995 -0.009333 1.610217
0.080617 -0.098609 1.639622
0.062181 -0.114548 1.645061
0.101044 -0.008422 1.614074
0.101044 -0.008422 1.614074
0.039234 -0.109835 1.650197
0.057044 -0.101237 1.646378
0.094729 -0.008605 1.615630
0.057621 0.079490 1.577287
0.048333 0.087531 1.572468
0.000000 0.101251 1.565231
0.074777 -0.085198 1.659638
0.087937 -0.068072 1.652843
0.095697 -0.006884 1.621602
0.095697 -0.006884 1.621602
0.096665 -0.004517 1.629478
0.058015 0.085271 1.590368
0.048454 0.093593 1.586495
0.000000 0.103137 1.582296
0.012226 0.102650 1.582709
-0.045703 0.155687 1.499739
-0.059703 0.152672 1.386107
-0.023099 0.189693 1.384329
-0.059762 0.151125 1.353976
-0.045709 0.152253 1.519145
-0.048484 0.143700 1.521423
-0.057491 0.107739 1.522787
-0.042592 0.140896 1.522177
-0.050657 0.112974 1.522866
-0.035445 0.145828 1.520107
-0.022723 0.148397 1.519892
-0.022624 0.148638 1.517225
-0.003915 0.125757 1.517217
-0.020338 0.124510 1.516866
-0.047430 0.176603 1.374476
-0.057532 0.152031 1.352579
-0.022279 0.183689 1.381155
-0.035511 0.180620 1.380239
-0.019810 0.159990 1.357862
-0.041383 0.156242 1.356041
-0.168365 0.084722 1.361969
-0.157649 0.081053 1.332667
-0.060271 0.133739 1.472265
-0.059351 0.121210 1.499998
-0.200899 0.072082 1.499133
-0.203442 0.059389 1.516717
-0.220759 0.035137 1.521769
-0.223612 0.020772 1.533506
-0.121607 -0.016469 1.586693
-0.124398 -0.040464 1.591548
-0.112403 -0.107269 1.581606
-0.102587 -0.124196 1.570082
-0.213880 -0.063847 1.565766
-0.211981 -0.088642 1.561805
-0.202788 -0.126914 1.536144
-0.118955 -0.170208 1.445056
-0.123036 -0.171837 1.444238
-0.138169 -0.171434 1.442365
-0.155914 -0.168116 1.441322
-0.138550 -0.166499 1.459648
-0.152072 -0.162904 1.457458
-0.137986 -0.166266 1.437449
-0.155761 -0.163382 1.436252
-0.185934 -0.157476 1.439848
-0.189169 -0.156198 1.445184
-0.200475 -0.142213 1.496136
-0.204804 -0.133064 1.514620
-0.200613 -0.137841 1.518305
-0.176174 -0.158961 1.426846
-0.160232 -0.161630 1.426192
-0.029209 -0.171392 1.431051
-0.041474 -0.170240 1.430903
-0.209792 -0.140543 1.492428
-0.213366 -0.131586 1.510757
-0.108382 0.006206 1.576167
-0.096981 0.036306 1.563232
-0.057491 0.107739 1.522787
-0.050657 0.112974 1.522866
-0.004161 0.119153 1.540603
-0.049090 0.114223 1.520858
-0.049043 0.116662 1.515670
-0.004319 0.116891 1.547446
-0.002867 0.114753 1.545563
-0.004151 0.113359 1.549124
-0.002747 0.111019 1.547326
-0.004113 0.112765 1.551385
-0.037231 0.109293 1.549094
-0.089448 0.035871 1.565223
-0.079890 0.061123 1.550477
-0.074741 0.074475 1.542081
-0.050606 0.100941 1.553297
-0.065918 0.078958 1.564721
-0.074886 0.064537 1.572365
-0.068461 0.088891 1.532485
-0.107557 -0.017951 1.587624
-0.108672 -0.039875 1.592247
-0.074270 -0.129452 1.561396
-0.060047 -0.139606 1.548858
-0.107494 -0.014469 1.599434
-0.107557 -0.017951 1.587624
-0.107494 -0.014469 1.599434
-0.041548 -0.132504 1.638300
-0.020740 -0.140799 1.641316
-0.103973 -0.013988 1.601757
-0.100736 -0.056704 1.614177
-0.092200 -0.080237 1.622738
-0.099653 -0.083092 1.589263
-0.093898 -0.102766 1.583306
-0.074270 -0.129452 1.561396
-0.060047 -0.139606 1.548858
-0.034679 0.108432 1.554690
-0.046780 0.101695 1.557355
-0.045422 0.102107 1.562610
-0.054618 0.094395 1.566959
-0.076254 0.067970 1.575260
-0.086470 0.047436 1.584750
-0.100878 -0.056024 1.616485
-0.092402 -0.079596 1.624925
-0.078418 -0.099554 1.632356
-0.060720 -0.114997 1.637735
-0.107195 -0.032300 1.610616
-0.103509 -0.055543 1.617928
-0.041946 -0.130193 1.644028
-0.022472 -0.138692 1.646635
-0.102901 -0.053333 1.623525
-0.094530 -0.077790 1.631886
-0.101048 -0.008422 1.614074
-0.073760 -0.089177 1.641817
-0.086389 -0.072087 1.635912
-0.094729 -0.008605 1.615630
-0.094729 -0.008605 1.615630
-0.039395 0.092319 1.569650
-0.029011 0.096179 1.567601
-0.011370 0.100569 1.565589
-0.074777 -0.085198 1.659638
-0.087937 -0.068072 1.652843
-0.095697 -0.006884 1.621602
-0.096665 -0.004517 1.629478
-0.058015 0.085271 1.590368
-0.048454 0.093593 1.586495
-0.011542 0.098957 1.573384
-0.019526 0.097522 1.574102
0.000000 0.094532 1.584948
-0.012586 0.093709 1.584927
0.019819 0.097491 1.585759
0.066531 0.067579 1.601129
-0.064181 0.065248 1.600724
-0.036437 0.090698 1.587420
0.027803 0.096644 1.586191
-0.027462 0.092368 1.586168
-0.073273 0.048399 1.608836
0.073273 0.048399 1.608836
0.076009 0.050082 1.609478
0.000000 -0.107754 1.673583
-0.018446 -0.106578 1.672801
0.036702 -0.098008 1.666816
0.052211 -0.090656 1.662815
-0.070165 -0.079992 1.658297
-0.082944 -0.064601 1.651101
0.082944 -0.064601 1.651101
0.089533 -0.045552 1.644050
-0.094604 -0.022356 1.637502
-0.093384 -0.004337 1.631031
0.090390 -0.005091 1.630061
0.093384 -0.004337 1.631031
0.093384 -0.004337 1.631031
0.084678 0.020635 1.620890
0.090390 -0.005091 1.630061
-0.086926 -0.009994 1.609227
0.074447 0.030161 1.576569
0.054975 0.064678 1.563418
0.045206 0.073285 1.559269
-0.036305 0.077608 1.557331
-0.027950 0.080308 1.556387
0.082329 -0.074171 1.611674
-0.087366 -0.013434 1.591309
0.081702 0.008171 1.583630
0.000000 -0.113728 1.623055
0.018049 -0.112838 1.622333
0.052839 -0.101208 1.617670
0.069444 -0.091093 1.615017
-0.041348 0.154994 1.349842
-0.040598 0.148021 1.345524
-0.020271 0.158786 1.350735
-0.020390 0.151647 1.346383
-0.060430 0.150549 1.348376
0.060430 0.150549 1.348376
-0.067319 0.141408 1.343567
0.082273 0.145030 1.346720
0.107050 0.135771 1.343417
-0.129088 0.122217 1.338745
-0.147417 0.101993 1.331763
-0.152525 0.081284 1.322639
-0.142453 0.095583 1.326996
0.142453 0.095583 1.326996
0.122980 0.116149 1.334727
-0.156708 0.069002 1.317506
0.074447 0.030161 1.576569
0.054975 0.064678 1.563418
0.045206 0.073285 1.559269
-0.036305 0.077608 1.557331
-0.027950 0.080308 1.556387
0.082329 -0.074171 1.611674
0.081702 0.008171 1.583630
0.000000 -0.113728 1.623055
0.018049 -0.112838 1.622333
0.052839 -0.101208 1.617670
0.069444 -0.091093 1.615017
-0.088533 0.114986 1.293764
-0.135115 0.060054 1.251221
-0.145194 0.031536 1.240352
-0.137061 0.027726 1.244731
-0.179053 -0.026996 1.298305
-0.141984 0.001119 1.238012
-0.047912 -0.151108 1.408787
-0.047245 -0.148931 1.388159
-0.047085 -0.155814 1.365368
-0.025693 -0.127989 1.262918
-0.071201 -0.117233 1.246118
-0.144463 -0.095377 1.296529
-0.127683 -0.110234 1.298711
-0.130907 -0.063952 1.232855
-0.119849 -0.080337 1.234207
-0.110514 -0.099371 1.233141
-0.091475 -0.109909 1.239111
-0.175577 -0.055762 1.295176
-0.045769 -0.152172 1.343399
-0.043876 -0.140109 1.318992
-0.044494 -0.148493 1.317443
-0.012534 -0.129032 1.269618
-0.106219 0.125300 1.331683
-0.100854 0.128550 1.332034
-0.099133 0.128770 1.328684
-0.100494 0.118896 1.290646
-0.107003 0.111779 1.285207
-0.100118 0.129898 1.325437
-0.155920 0.067381 1.311033
-0.170309 0.008806 1.297973
-0.173047 0.007181 1.297930
-0.166344 0.037697 1.303797
-0.137838 0.060940 1.257058
-0.126473 0.080240 1.268279
-0.134919 0.062329 1.259899
-0.113865 0.100508 1.279991
-0.173688 -0.027733 1.292491
-0.151911 0.007517 1.239953
-0.040355 -0.145371 1.312302
-0.040858 -0.147386 1.312101
-0.038884 -0.145711 1.313419
-0.041713 -0.156549 1.364918
-0.042618 -0.159670 1.388657
-0.023614 -0.128819 1.269836
-0.026814 -0.128445 1.269433
-0.040858 -0.147386 1.312101
-0.040355 -0.145371 1.312302
-0.072410 -0.117519 1.253431
-0.039033 -0.127363 1.263534
-0.094193 -0.111629 1.243829
-0.164359 -0.080640 1.288132
-0.160765 -0.079899 1.288420
-0.111962 -0.125291 1.294832
-0.138854 -0.068658 1.235327
-0.141626 -0.068364 1.232811
-0.154019 -0.023181 1.234415
-0.151585 -0.023867 1.236353
-0.150255 -0.042003 1.233208
-0.036078 -0.144679 1.311145
-0.035603 -0.145075 1.313522
-0.039518 -0.159652 1.409009
-0.038909 -0.157538 1.388644
-0.100049 0.133615 1.335718
-0.098556 0.133963 1.330504
-0.107130 0.129725 1.336016
-0.091055 0.126955 1.296356
-0.095319 0.125491 1.298848
-0.097996 0.133108 1.326045
-0.106400 0.113305 1.283364
-0.099736 0.120719 1.289081
-0.147347 0.093703 1.322361
-0.137512 0.061043 1.252232
-0.147679 0.032136 1.241265
-0.148581 0.031939 1.243273
-0.131371 0.110948 1.328203
-0.179611 -0.026948 1.293982
-0.154031 0.002939 1.236068
-0.045504 -0.157911 1.365154
-0.045229 -0.163023 1.409559
-0.045694 -0.163693 1.429785
-0.093477 -0.138489 1.304789
-0.075254 -0.143214 1.309140
-0.061071 -0.145375 1.312614
-0.092716 -0.139194 1.300689
-0.029719 -0.127156 1.261608
-0.031001 -0.129263 1.266646
-0.030699 -0.130039 1.264260
-0.031001 -0.129263 1.266646
-0.151834 -0.102060 1.289840
-0.166335 -0.081637 1.289271
-0.128545 -0.086737 1.230075
-0.140891 -0.068700 1.228511
-0.141882 -0.068961 1.230375
-0.112912 -0.130401 1.296119
-0.175973 -0.056020 1.290883
-0.149454 -0.047263 1.228337
-0.042763 -0.150224 1.317819
-0.044338 -0.148740 1.319461
-0.044192 -0.153985 1.342595
-0.012684 -0.130766 1.263985
-0.095868 0.122491 1.297041
-0.073059 -0.135151 1.311166
-0.090314 -0.130621 1.306868
-0.028857 -0.120210 1.264805
-0.030999 -0.127577 1.268093
-0.030999 -0.127577 1.268093
-0.031051 -0.128626 1.271317
-0.045275 -0.148265 1.316582
-0.033885 -0.129009 1.272060
-0.030928 -0.135129 1.272539
-0.033638 -0.135076 1.272792
-0.033885 -0.129009 1.272060
-0.044300 -0.144163 1.294642
-0.033269 -0.154523 1.338920
-0.031914 -0.149421 1.310166
-0.046243 -0.145797 1.300175
-0.044206 -0.146835 1.302795
-0.028823 -0.139659 1.282981
-0.027733 -0.139054 1.281537
0.000000 -0.139220 1.280996
-0.023550 -0.159586 1.364115
-0.024050 -0.163162 1.388703
-0.000000 -0.130775 1.263831
0.095878 0.119663 1.286607
0.102682 0.111791 1.280331
0.153641 0.064829 1.318060
0.156708 0.069002 1.317506
0.127965 0.054335 1.254902
0.137061 0.027726 1.244731
0.179053 -0.026996 1.298305
0.048075 -0.158712 1.388591
0.047085 -0.155814 1.365368
0.046962 -0.145377 1.365820
0.021436 -0.121332 1.266615
0.010505 -0.121668 1.266695
0.045275 -0.148265 1.316582
0.050265 -0.115033 1.256338
0.036445 -0.118386 1.261800
0.144452 -0.095042 1.297364
0.127777 -0.109813 1.299533
0.130907 -0.063952 1.232855
0.105299 -0.093462 1.237405
0.087845 -0.103536 1.243007
0.175577 -0.055762 1.295176
0.138619 -0.044544 1.232724
0.045710 -0.142353 1.344609
0.044338 -0.148740 1.319461
0.044494 -0.148493 1.317443
0.012534 -0.129032 1.269618
0.115410 0.118753 1.329066
0.099275 0.131477 1.329469
0.099133 0.128770 1.328684
0.095319 0.125491 1.298848
0.095648 0.125988 1.301398
0.127676 0.108449 1.324844
0.130365 0.109748 1.325017
0.106521 0.109852 1.285978
0.145718 0.091610 1.318938
0.155920 0.067381 1.311033
0.173047 0.007181 1.297930
0.137838 0.060940 1.257058
0.126473 0.080240 1.268279
0.134919 0.062329 1.259899
0.113865 0.100508 1.279991
0.171607 -0.047881 1.290364
0.177374 -0.026757 1.292686
0.174191 -0.049798 1.290522
0.146782 0.033116 1.246623
0.039458 -0.147720 1.313191
0.038884 -0.145711 1.313419
0.040355 -0.145371 1.312302
0.039833 -0.150288 1.341731
0.039089 -0.148066 1.315444
0.038478 -0.146068 1.315708
0.023614 -0.128819 1.269836
0.026822 -0.130107 1.267992
0.023663 -0.130438 1.268406
0.053801 -0.122284 1.259293
0.039017 -0.125679 1.264988
0.113520 -0.100794 1.237943
0.094801 -0.108914 1.245338
0.094193 -0.111629 1.243829
0.148786 -0.097552 1.288951
0.160765 -0.079899 1.288420
0.132038 -0.116523 1.291057
0.129504 -0.114731 1.291558
0.141626 -0.068364 1.232811
0.154019 -0.023181 1.234415
0.150255 -0.042003 1.233208
0.037759 -0.144300 1.309963
0.036078 -0.144679 1.311145
0.037759 -0.144300 1.309963
0.038075 -0.154257 1.364771
0.038909 -0.157538 1.388644
0.027247 -0.129493 1.272492
0.097647 0.131658 1.339048
0.098556 0.133963 1.330504
0.093897 0.126148 1.292586
0.092728 0.128632 1.297046
0.098099 0.121201 1.287577
0.104893 0.113501 1.281555
0.146601 0.092055 1.324357
0.137512 0.061043 1.252232
0.147679 0.032136 1.241265
0.148581 0.031939 1.243273
0.179611 -0.026948 1.293982
0.154031 0.002939 1.236068
0.043981 -0.149664 1.314747
0.042357 -0.149220 1.313120
0.046497 -0.160864 1.388658
0.047269 -0.162844 1.409670
0.047752 -0.163479 1.429780
0.049345 -0.161276 1.429776
0.093450 -0.139726 1.302597
0.092716 -0.139194 1.300689
0.030260 -0.129338 1.262425
0.038171 -0.127447 1.259359
0.031001 -0.129263 1.266646
0.038685 -0.128143 1.261167
0.151834 -0.102060 1.289840
0.133535 -0.118050 1.292224
0.140891 -0.068700 1.228511
0.113676 -0.130843 1.298050
0.112912 -0.130401 1.296119
0.072367 -0.119363 1.246773
0.175973 -0.056020 1.290883
0.149454 -0.047263 1.228337
0.041144 -0.149531 1.314162
0.040842 -0.149850 1.316356
0.072983 -0.139944 1.304196
0.089967 -0.135038 1.299949
0.030999 -0.127577 1.268093
0.052695 -0.124022 1.253731
0.053393 -0.124741 1.255488
0.033885 -0.129009 1.272060
0.031051 -0.128626 1.271317
0.033885 -0.129009 1.272060
0.039595 -0.139988 1.284623
0.034432 -0.159611 1.364135
0.035226 -0.162961 1.388663
0.049409 -0.141285 1.303161
0.048480 -0.142419 1.306633
0.035665 -0.132109 1.273619
0.035705 -0.136502 1.275829
0.033017 -0.143939 1.293683
0.030817 -0.141739 1.287878
0.013689 -0.139272 1.281188
0.024492 -0.146951 1.304627
0.024310 -0.165332 1.408358
0.031334 -0.145742 1.299976
0.024542 -0.166222 1.429836
-0.028980 -0.145326 1.287080
-0.026577 -0.143258 1.281386
-0.024671 -0.143199 1.281146
-0.027423 -0.143652 1.282256
-0.022540 -0.169133 1.408455
0.028980 -0.145326 1.287080
0.027423 -0.143652 1.282256
0.019780 -0.151460 1.307893
0.020435 -0.150900 1.304966
0.000000 -0.144572 1.281610
0.014056 -0.144658 1.281842
-0.042357 -0.149220 1.313120
-0.036139 -0.165898 1.429808
-0.024542 -0.166222 1.429836
-0.022405 -0.169649 1.429537
-0.049409 -0.141285 1.303161
-0.121725 0.105210 1.287706
-0.119271 0.103515 1.283233
-0.174390 -0.025887 1.279744
-0.169326 -0.025134 1.264619
-0.161243 -0.078202 1.276303
-0.156094 -0.075921 1.261298
-0.147447 -0.071268 1.243205
-0.156296 -0.044922 1.242703
-0.098477 -0.117717 1.253811
-0.104240 -0.123087 1.269844
-0.088444 -0.134202 1.288961
0.126809 0.108169 1.302995
0.129526 0.108759 1.316989
0.151485 0.067073 1.284135
0.154685 0.067942 1.299319
0.145217 0.064663 1.267360
0.153411 0.035140 1.257237
0.160751 -0.023386 1.246605
0.170373 -0.049788 1.277098
0.129859 -0.114295 1.281182
0.125944 -0.110947 1.265902
0.098477 -0.117717 1.253811
0.104240 -0.123087 1.269844
0.108128 -0.126134 1.284007
-0.087864 -0.132668 1.292968
-0.082265 -0.129965 1.276222
-0.076218 -0.122733 1.260422
0.076218 -0.122733 1.260422
-0.074824 -0.119442 1.258353
-0.047880 -0.142410 1.299977
0.047880 -0.142410 1.299977
0.058673 -0.127121 1.266179
0.040590 -0.138066 1.285307
-0.035665 -0.132109 1.273619
0.035665 -0.132109 1.273619
-0.127416 -0.112517 1.283629
0.127416 -0.112517 1.283629
0.123858 -0.110031 1.265935
0.116444 -0.103836 1.248649
0.096816 -0.111061 1.251276
0.098818 -0.114704 1.254445
0.104628 -0.120640 1.269675
-0.109594 -0.123237 1.287545
0.109594 -0.123237 1.287545
-0.157984 -0.077811 1.280452
0.158030 -0.077938 1.277321
0.153178 -0.076055 1.261786
0.146201 -0.095775 1.277645
0.141867 -0.093935 1.263750
0.133835 -0.088091 1.245231
0.130796 -0.085674 1.242137
-0.170345 -0.026416 1.284039
0.167946 -0.047613 1.281246
0.167800 -0.047621 1.277379
0.156637 -0.024463 1.245102
0.154260 -0.023966 1.242825
0.161671 0.034587 1.293853
0.162007 0.034399 1.289845
0.157819 0.034028 1.274629
-0.152798 0.007321 1.247566
-0.156304 0.007503 1.252227
0.151044 0.068198 1.303064
0.151236 0.068866 1.299649
0.138703 0.087010 1.293237
0.131855 0.083923 1.277860
-0.128298 0.081260 1.273001
0.137317 0.062345 1.264625
0.140788 0.064393 1.269154
-0.126820 0.108433 1.315380
-0.123848 0.107212 1.303062
-0.118318 0.103967 1.288200
-0.115663 0.101142 1.284088
-0.113994 0.119738 1.320541
-0.093082 0.129169 1.299943
0.097996 0.133108 1.326045
-0.106780 0.125265 1.323143
-0.122980 0.116149 1.334727
0.152525 0.081284 1.322639
-0.106191 0.127718 1.338934
-0.018560 0.145439 1.306006
0.000938 0.146180 1.305961
-0.050674 0.139437 1.306136
-0.063299 0.136048 1.306369
-0.052003 0.145220 1.344614
-0.067319 0.141408 1.343567
-0.018910 0.148619 1.335263
0.000292 0.150271 1.335289
0.039164 0.145821 1.335571
0.051290 0.143421 1.335577
-0.019882 0.142659 1.297561
0.049248 0.130318 1.296327
-0.036557 0.140286 1.297395
0.062688 0.133064 1.297071
0.060255 0.127412 1.296335
0.001076 0.152294 1.306720
-0.018402 0.151443 1.306974
0.037822 0.149829 1.308491
0.000492 0.156562 1.331359
0.021024 0.155155 1.331894
0.039408 0.152400 1.331926
0.051969 0.148604 1.333852
0.052061 0.149643 1.332219
0.066159 0.144817 1.333968
-0.065236 0.142870 1.306733
-0.065521 0.143860 1.308794
0.050781 0.147156 1.308602
0.000292 0.150271 1.335289
0.020358 0.148454 1.335298
0.039164 0.145821 1.335571
0.051290 0.143421 1.335577
0.000938 0.146180 1.305961
0.020628 0.145237 1.306009
0.089705 0.122782 1.297637
-0.089688 0.122836 1.297779
-0.087958 0.117132 1.297774
0.022410 -0.169657 1.429537
0.024542 -0.166222 1.429836
0.043740 -0.162387 1.429790
0.045694 -0.163693 1.429785
-0.047752 -0.163479 1.429780
-0.045694 -0.163693 1.429785
0.196362 0.077317 1.422430
0.184923 0.075741 1.393546
0.221469 0.031781 1.519821
0.224729 0.019114 1.530644
0.217137 -0.119026 1.521569
0.213969 -0.128560 1.508597
0.197659 -0.153330 1.436090
0.203375 -0.148811 1.456087
0.175963 -0.157209 1.424972
0.186851 -0.155579 1.426844
-0.154111 0.064944 1.317944
-0.151036 0.065031 1.318792
-0.154111 0.064944 1.317944
-0.196201 0.078125 1.420588
-0.203175 0.075780 1.442578
-0.227161 0.000613 1.539520
-0.225021 0.017080 1.530451
-0.222082 -0.105433 1.536960
-0.226920 -0.085986 1.547239
-0.198119 -0.152072 1.436831
-0.193177 -0.153330 1.430253
-0.108880 -0.163073 1.427271
-0.124175 -0.163698 1.426316
-0.049345 -0.161276 1.429776
0.169653 0.072269 1.361355
0.157711 0.067218 1.332693
0.205178 0.064952 1.470912
0.209406 0.055960 1.489133
0.224311 -0.017500 1.546404
0.222719 0.001131 1.539039
0.212640 -0.115501 1.519799
0.216445 -0.102559 1.533561
0.183659 -0.151443 1.428892
0.189084 -0.150245 1.432182
0.138859 -0.159003 1.429807
0.159169 -0.156075 1.428429
-0.170109 0.073257 1.362036
-0.181283 0.075978 1.394014
-0.223168 -0.000307 1.538709
-0.224352 -0.017594 1.545373
-0.225759 -0.063664 1.550681
-0.058953 -0.162823 1.436454
-0.158106 -0.155704 1.429790
-0.137314 -0.159188 1.431214
-0.202899 -0.141505 1.472989
-0.198206 -0.145806 1.454774
-0.210456 -0.127803 1.506851
-0.207227 -0.136447 1.488896
-0.222393 -0.085597 1.545578
0.000022 -0.011574 1.351060
-0.142482 -0.022638 1.234290
-0.141984 0.001119 1.238012
-0.105299 -0.093462 1.237405
-0.119849 -0.080337 1.234207
-0.010505 -0.121668 1.266695
-0.021436 -0.121332 1.266616
0.088533 0.114986 1.293764
0.142482 -0.022638 1.234290
0.119849 -0.080337 1.234207
0.130907 -0.063952 1.232855
0.138619 -0.044544 1.232724
-0.019259 0.136156 1.297001
0.000698 0.137246 1.296819
-0.050907 0.130010 1.296246
-0.036504 0.133500 1.296539
0.087962 0.117132 1.297780
-0.087958 0.117132 1.297774
-0.070646 0.145006 1.340428
-0.078258 0.142189 1.333833
-0.065909 0.145084 1.333617
-0.094979 0.137543 1.333499
-0.089252 0.139660 1.333822
-0.091476 0.131448 1.299264
-0.092296 0.132733 1.306573
-0.068385 0.139463 1.306449
-0.068081 0.138161 1.299103
-0.065236 0.142870 1.306733
-0.065842 0.146207 1.332007
-0.065521 0.143860 1.308794
-0.083650 0.131859 1.308559
-0.085059 0.134867 1.332973
-0.097437 0.134690 1.331746
-0.091449 0.128422 1.298793
-0.089903 0.124641 1.299247
0.122850 0.005801 1.316693
0.021053 -0.132620 1.410041
0.020595 -0.128322 1.373758
0.041221 -0.102530 1.326135
0.102204 0.068564 1.333857
0.137920 0.080774 1.396156
0.154001 0.083976 1.446421
0.187521 -0.061043 1.564377
0.181766 -0.095031 1.551761
0.101186 -0.146366 1.463317
0.112393 -0.146760 1.462387
0.027918 -0.150436 1.478098
0.169653 0.072269 1.361355
0.180416 0.075459 1.393964
0.213335 0.044965 1.505163
0.216941 0.031280 1.519023
0.224947 -0.062902 1.551411
0.222246 -0.084487 1.545404
0.202198 -0.140255 1.470950
0.199016 -0.144930 1.454334
0.159169 -0.156075 1.428429
0.138859 -0.159003 1.429807
0.057731 -0.162276 1.435887
0.049456 -0.161543 1.440275
0.048749 -0.150030 1.439366
0.046962 -0.145377 1.365820
0.045710 -0.142353 1.344609
0.045148 -0.139341 1.318927
0.073480 -0.134595 1.311906
0.090632 -0.130087 1.307636
0.166047 -0.053081 1.298810
0.169057 -0.026423 1.301831
-0.042267 -0.038208 1.469480
-0.065978 -0.097790 1.319969
-0.041221 -0.102530 1.326135
-0.102204 0.068564 1.333857
-0.137920 0.080774 1.396156
-0.187361 -0.025232 1.562019
-0.182242 0.016286 1.547339
-0.153211 -0.147425 1.460369
-0.124735 -0.146283 1.462152
-0.027918 -0.150436 1.478098
-0.064065 -0.148374 1.468545
-0.151036 0.065031 1.318792
-0.157571 0.068311 1.332427
-0.205966 0.065718 1.470049
-0.210583 0.055862 1.489652
-0.224352 -0.017594 1.545373
-0.225709 -0.040760 1.550373
-0.210456 -0.127803 1.506851
-0.207227 -0.136447 1.488896
-0.184999 -0.151198 1.431424
-0.174642 -0.151701 1.429009
-0.090801 -0.160193 1.434100
-0.075677 -0.161277 1.435212
-0.047912 -0.151108 1.408787
-0.047245 -0.148931 1.388159
-0.044575 -0.139937 1.318233
-0.059512 -0.137230 1.314615
-0.144463 -0.095377 1.296529
-0.157769 -0.076611 1.296297
0.104476 -0.051793 1.583358
0.104276 -0.051221 1.581200
0.115588 0.012527 1.570318
0.183899 -0.060020 1.573138
0.171781 -0.054648 1.605760
0.174393 -0.055332 1.602464
0.186042 -0.049286 1.571262
0.187678 -0.038460 1.570658
0.187312 -0.008092 1.567107
0.184708 -0.001391 1.566064
0.163841 0.007809 1.565122
0.155414 0.010052 1.565853
0.121280 0.014850 1.569375
0.111275 -0.048266 1.612150
0.133463 -0.048115 1.625462
0.150036 -0.051147 1.619627
0.142422 -0.049112 1.625402
0.157953 -0.052177 1.616302
0.159709 0.005769 1.580359
0.169276 0.003243 1.578758
0.152810 -0.045022 1.626259
0.162368 -0.046606 1.622580
0.119257 0.021808 1.577223
0.112279 0.018780 1.578473
0.157029 0.017491 1.572318
0.166284 0.014971 1.571677
0.191391 -0.015450 1.573772
0.191698 -0.027050 1.575254
0.183385 -0.060446 1.575542
0.104130 0.004995 1.579010
0.107347 0.013041 1.578891
0.104997 -0.047181 1.612581
0.105911 -0.015165 1.604192
0.109855 0.003577 1.595385
0.107904 -0.004547 1.599613
0.112431 0.010789 1.591376
0.142031 0.017549 1.586406
0.150212 0.016060 1.585515
0.182553 0.001396 1.585796
0.178978 0.006727 1.583404
0.104276 -0.051221 1.581200
0.107445 -0.019064 1.574109
0.108411 -0.007736 1.572176
0.115588 0.012527 1.570318
0.121280 0.014850 1.569375
0.174393 -0.055332 1.602464
0.175552 -0.056194 1.597667
0.178690 -0.012532 1.586946
0.176959 -0.003589 1.580949
0.163841 0.007809 1.565122
0.155414 0.010052 1.565853
0.117655 -0.048335 1.615931
0.111275 -0.048266 1.612150
0.150036 -0.051147 1.619627
0.157953 -0.052177 1.616302
0.104460 -0.049124 1.580109
0.103994 -0.047762 1.608147
0.108523 -0.048392 1.609496
0.104460 -0.049124 1.580109
-0.105552 -0.040294 1.578278
-0.100220 -0.050161 1.583405
-0.109060 0.010853 1.573262
-0.113299 0.016190 1.572911
-0.183899 -0.060020 1.573138
-0.171781 -0.054648 1.605760
-0.183779 -0.038830 1.568650
-0.182126 -0.049390 1.569053
-0.188673 -0.016167 1.568425
-0.187312 -0.008092 1.567107
-0.171543 0.005019 1.564402
-0.163841 0.007809 1.565122
-0.111275 -0.048266 1.612150
-0.117655 -0.048335 1.615931
-0.133463 -0.048115 1.625462
-0.124209 -0.047354 1.623574
-0.142230 -0.050273 1.621090
-0.150036 -0.051147 1.619627
-0.165838 -0.053484 1.610933
-0.149522 0.007735 1.581486
-0.159709 0.005769 1.580359
-0.182071 -0.051069 1.607211
-0.113139 -0.041676 1.621202
-0.147355 0.019571 1.573104
-0.157029 0.017491 1.572318
-0.191391 -0.015450 1.573772
-0.189773 -0.006876 1.572322
-0.187953 -0.055938 1.577943
-0.183385 -0.060446 1.575542
-0.098046 -0.036312 1.585135
-0.101947 -0.041882 1.613820
-0.100391 -0.048028 1.582275
-0.097181 -0.043227 1.586600
-0.105911 -0.015165 1.604192
-0.104246 -0.024853 1.607770
-0.183818 -0.042613 1.605104
-0.109855 0.003577 1.595385
-0.107907 -0.004547 1.599613
-0.133378 0.018519 1.587177
-0.142031 0.017549 1.586406
-0.182553 0.001396 1.585796
-0.178978 0.006727 1.583404
-0.104276 -0.051221 1.581200
-0.107445 -0.019064 1.574109
-0.108411 -0.007736 1.572176
-0.115588 0.012527 1.570318
-0.121280 0.014850 1.569375
-0.174393 -0.055332 1.602464
-0.175552 -0.056194 1.597667
-0.178690 -0.012532 1.586946
-0.176959 -0.003589 1.580949
-0.163841 0.007809 1.565122
-0.155414 0.010052 1.565853
-0.117655 -0.048335 1.615931
-0.111275 -0.048266 1.612150
-0.150036 -0.051147 1.619627
-0.157953 -0.052177 1.616302
-0.104460 -0.049124 1.580109
-0.178995 -0.056052 1.600652
-0.104460 -0.049124 1.580109
0.076104 0.077868 1.554539
0.039883 0.166814 1.487118
0.037808 0.166744 1.485364
0.064752 0.134943 1.475938
0.066774 0.130998 1.475893
0.067531 0.129773 1.482563
0.085136 0.061667 1.544832
0.035241 0.162849 1.489943
0.035656 0.163802 1.484474
0.061902 0.132871 1.475131
0.066342 0.088216 1.549050
0.079590 0.061164 1.543545
0.082408 0.059377 1.543961
0.075663 0.071801 1.536774
0.064381 0.125749 1.479535
0.048598 0.156213 1.511731
0.047280 0.163103 1.481651
0.049456 0.151312 1.480079
0.050793 0.147488 1.514311
0.046334 0.153402 1.510947
0.042463 0.159850 1.509112
0.038741 0.161575 1.507203
0.041407 0.165688 1.483594
0.039256 0.162755 1.482682
0.036601 0.158490 1.506990
0.037010 0.155890 1.506083
0.081053 0.067860 1.552219
0.056410 0.142905 1.476732
0.055303 0.140469 1.478178
0.051893 0.139673 1.516441
0.053594 0.129906 1.523947
0.062664 0.116983 1.495619
0.065179 0.116713 1.494902
0.070076 0.108776 1.508972
0.067980 0.118901 1.495770
0.068267 0.121362 1.497142
0.056510 0.117112 1.534027
0.061981 0.121562 1.535735
0.060899 0.102953 1.542740
0.066242 0.107523 1.544713
0.079274 0.060807 1.546326
0.035621 0.159753 1.490389
0.036167 0.157190 1.501477
0.076099 0.066175 1.549884
0.061666 0.126082 1.481211
0.036167 0.157190 1.501477
-0.071700 0.092839 1.551015
-0.077145 0.079838 1.553477
-0.037394 0.165795 1.490644
-0.037808 0.166744 1.485364
-0.064752 0.134943 1.475938
-0.066774 0.130998 1.475893
-0.081024 0.072736 1.537817
-0.084690 0.061564 1.547944
-0.035241 0.162849 1.489943
-0.035656 0.163802 1.484474
-0.063920 0.128937 1.475087
-0.061902 0.132871 1.475131
-0.066342 0.088216 1.549050
-0.071677 0.075251 1.551620
-0.081936 0.059283 1.547098
-0.078370 0.070390 1.536841
-0.053473 0.149778 1.515090
-0.048598 0.156213 1.511731
-0.052596 0.156769 1.479597
-0.047280 0.163103 1.481651
-0.049936 0.154448 1.478800
-0.046520 0.150883 1.509714
-0.050548 0.145013 1.512892
-0.042463 0.159850 1.509112
-0.038741 0.161575 1.507203
-0.037010 0.155890 1.506083
-0.078280 0.065575 1.551373
-0.056410 0.142905 1.476732
-0.059204 0.145062 1.477520
-0.052292 0.142008 1.517918
-0.054092 0.131938 1.525528
-0.053594 0.129906 1.523947
-0.067385 0.106486 1.507958
-0.065179 0.116713 1.494902
-0.059947 0.120981 1.536620
-0.056510 0.117112 1.534027
-0.069830 0.096026 1.518957
-0.064543 0.106581 1.545727
-0.073483 0.083683 1.528537
-0.076081 0.086067 1.529589
-0.075663 0.071801 1.536774
-0.079590 0.061164 1.543545
-0.036002 0.160608 1.485379
-0.035621 0.159753 1.490389
-0.061666 0.126082 1.481211
-0.061212 0.129169 1.477022
-0.036167 0.157190 1.501477
0.152488 -0.156444 1.437283
0.145760 -0.158039 1.418760
0.126974 -0.156753 1.377835
0.115268 -0.153159 1.357724
0.092110 -0.141059 1.319655
0.081711 -0.132109 1.304826
0.136314 -0.161919 1.461832
0.135415 -0.161243 1.462266
0.135016 -0.159170 1.462048
0.115120 -0.162645 1.412502
0.123609 -0.160384 1.436279
0.094599 -0.160213 1.370700
0.083255 -0.154915 1.351148
0.072053 -0.148417 1.332146
0.062510 -0.142174 1.316474
0.055667 -0.137758 1.307590
0.055810 -0.135851 1.308425
0.082229 -0.133196 1.303769
0.092772 -0.142563 1.318598
0.103700 -0.151636 1.337259
0.115422 -0.156785 1.356940
0.137504 -0.162200 1.397972
0.146346 -0.161781 1.418653
0.157399 -0.157039 1.446887
0.135616 -0.158286 1.461454
0.094420 -0.156591 1.371483
0.083207 -0.151383 1.352132
0.092110 -0.141059 1.319655
0.103669 -0.148094 1.338243
0.152488 -0.156444 1.437283
0.156285 -0.155293 1.447278
-0.124245 -0.159564 1.435660
-0.115818 -0.161728 1.412067
-0.094420 -0.156591 1.371483
-0.083207 -0.151383 1.352132
-0.062710 -0.138818 1.317835
-0.056559 -0.134759 1.308288
-0.135415 -0.161243 1.462266
-0.131113 -0.160579 1.455241
-0.130757 -0.158554 1.454994
-0.115120 -0.162645 1.412502
-0.123609 -0.160384 1.436279
-0.104750 -0.161111 1.391808
-0.093658 -0.157494 1.371828
-0.082446 -0.152269 1.352442
-0.071353 -0.145884 1.333585
-0.061945 -0.139800 1.318033
-0.056294 -0.138057 1.306842
-0.074435 -0.127103 1.295153
-0.075323 -0.125566 1.295294
-0.116100 -0.154850 1.356827
-0.127919 -0.158480 1.377041
-0.146774 -0.159860 1.418125
-0.153561 -0.158253 1.436764
-0.135616 -0.158286 1.461454
-0.131349 -0.157752 1.454321
-0.083207 -0.151383 1.352132
-0.072127 -0.144991 1.333322
-0.074889 -0.124786 1.296302
-0.103669 -0.148094 1.338243
-0.115268 -0.153159 1.357724
0 1
2 3
4 5
6 7
8 9
785 802
852 859
855 856
820 824
825 826
857 858
831 844
823 847
861 862
165 166
827 828
821 822
214 215
507 513
832 833
174 175
772 773
419 420
550 551
291 306
376 379
161 163
349 350
760 761
51 52
180 181
385 403
736 737
508 515
100 101
227 228
55 57
182 183
421 424
552 554
53 54
475 476
423 442
553 573
334 335
461 462
84 210
352 365
477 491
167 168
707 727
859 860
330 331
351 353
534 536
24 25
264 265
850 851
39 40
111 112
328 329
244 245
133 134
256 257
519 521
853 854
968 998
104 105
1102 1103
115 116
192 193
1124 1125
444 446
436 437
141 142
113 114
63 67
468 469
131 132
254 255
586 587
260 261
188 189
815 816
119 120
503 505
138 139
567 568
69 70
418 422
309 316
337 343
1140 1141
107 108
540 541
135 136
258 259
786 787
66 68
389 390
867 868
1143 1144
87 88
1095 1096
1112 1113
478 479
1152 1153
1104 1105
1133 1135
749 750
33 162
569 574
56 58
440 443
879 880
1136 1137
1120 1121
1118 1119
1126 1127
425 446
527 529
776 784
1149 1150
190 191
358 364
41 171
151 152
274 275
241 242
836 837
363 364
561 570
753 754
359 360
1114 1115
562 571
431 441
234 235
865 866
486 487
356 366
793 796
123 124
267 268
178 179
438 439
184 185
121 122
82 83
285 292
314 320
342 347
64 65
236 237
248 249
509 510
596 598
480 493
845 846
321 323
262 263
572 580
299 300
246 247
530 531
742 743
297 298
650 657
80 81
778 779
557 558
603 613
205 206
194 207
85 86
489 490
488 492
691 693
286 290
762 763
354 355
875 876
212 213
61 62
31 32
712 713
620 621
117 118
770 771
840 841
322 324
408 409
1110 1111
426 427
1097 1098
782 783
869 870
721 722
145 146
1132 1134
764 765
797 798
1145 1146
49 178
788 789
361 362
794 795
834 835
652 653
1093 1094
725 726
160 164
319 320
346 347
694 695
709 710
1106 1107
428 429
780 781
700 701
766 767
301 302
1138 1139
642 646
751 752
59 60
186 187
231 232
774 775
293 294
102 106
229 233
640 641
449 450
109 110
308 315
848 849
71 86
577 578
317 318
344 345
197 198
628 630
201 202
332 333
93 94
623 624
636 637
1014 1032
1080 1083
295 296
838 839
655 656
1037 1039
1036 1038
678 679
1031 1044
738 739
645 647
1010 1038
1005 1035
704 706
1033 1034
1078 1079
497 502
1077 1081
430 455
42 43
172 173
1052 1085
1061 1084
740 741
660 661
99 103
226 230
525 526
208 209
127 130
566 581
634 635
1082 1084
617 618
76 77
698 699
672 673
877 878
863 864
757 758
484 485
873 874
799 800
715 717
662 663
1046 1047
626 627
1058 1059
199 200
250 251
608 609
514 633
474 692
535 632
467 594
310 311
338 339
176 177
962 970
1066 1073
504 511
156 157
278 279
711 720
1011 1013
1086 1087
148 149
696 697
169 170
714 716
21 22
128 129
252 253
1075 1076
683 684
447 470
515 631
282 283
398 619
1017 1028
397 623
1029 1030
325 327
549 692
702 703
723 724
210 211
238 239
158 159
471 472
46 50
1128 1129
547 548
759 777
506 629
913 915
907 908
1050 1074
405 622
611 612
1009 1027
1057 1073
922 923
983 984
416 417
1000 1026
150 273
1041 1042
705 708
804 807
271 272
829 830
744 745
369 391
496 522
373 374
887 888
790 791
481 482
928 929
989 990
1122 1123
946 947
871 872
973 974
959 960
901 902
585 591
15 20
10 23
899 900
963 964
125 126
905 906
954 955
687 690
842 843
976 977
287 289
384 666
940 997
895 897
961 975
965 966
312 313
340 341
396 435
891 892
930 931
991 992
1062 1063
978 979
399 659
563 564
910 911
896 898
934 935
995 996
914 916
216 217
367 368
1064 1065
533 651
1060 1072
375 690
917 918
595 597
1147 1148
755 756
948 949
154 155
276 277
1130 1131
950 951
280 281
1018 1019
410 412
284 288
956 957
945 958
400 657
35 36
1067 1068
903 904
432 451
1015 1020
632 670
944 967
16 17
810 811
808 809
932 933
952 953
993 994
18 19
889 890
218 221
1040 1043
44 45
969 972
72 75
47 48
919 920
980 981
942 943
13 14
95 96
1016 1022
528 654
592 593
266 269
144 147
78 79
768 769
203 204
140 143
147 153
270 276
370 371
137 140
883 893
924 925
985 986
460 463
681 682
73 74
91 92
674 675
699 803
395 643
219 220
34 326
163 325
685 686
1007 1008
1054 1055
1048 1049
615 616
599 602
604 605
545 546
1090 1091
473 474
381 680
1088 1089
926 927
987 988
11 12
664 665
37 38
1025 1045
1071 1092
336 748
30 543
638 658
792 801
348 729
912 937
544 689
411 415
1069 1070
383 686
392 453
195 196
1003 1004
625 639
357 432
380 382
885 886
240 243
1008 1023
806 817
818 819
28 29
542 583
730 731
89 90
671 672
456 648
582 649
584 590
667 668
894 938
371 372
588 589
1021 1024
401 402
614 644
1053 1060
1006 1012
518 539
1051 1056
372 375
414 448
676 677
463 464
669 670
303 304
305 307
512 514
523 524
746 747
403 404
377 378
532 533
606 607
454 459
97 222
413 818
26 27
498 499
98 224
457 458
559 560
1001 1002
483 555
500 501
387 610
433 434
884 909
406 407
941 971
882 936
921 939
982 999
517 521
732 733
555 556
223 225
728 819
516 520
718 719
812 814
881 882
575 576
435 452
565 579
688 818
1116 1123
537 538
393 394
1108 1109
734 735
368 445
494 495
805 813
600 601
465 466
386 388
1142 1151
1101 1117
1099 1100
