7884951362356940042 544 600
0.210000 2.562000 3.205147
0.210000 2.409000 3.112887
0.210000 2.562000 0.000000
0.210000 2.409000 0.000000
0.210000 2.473753 3.290000
0.210000 2.367887 3.154000
0.210000 -2.473753 3.290000
0.210000 -2.397455 3.142455
0.210000 -2.553886 3.237774
0.210000 -2.409000 3.112888
0.210000 -2.562000 0.000000
0.210000 -2.409000 0.000000
0.210000 2.409000 0.000000
-0.070000 2.409000 3.112887
-0.070000 2.409000 0.000000
-0.070000 2.367887 3.154000
0.210000 -2.397455 3.142455
-0.070000 -2.367887 3.154000
-0.070000 -2.409000 3.112888
0.210000 2.562000 3.205147
0.210000 2.562000 0.000000
-0.210000 2.562000 0.000000
0.210000 -2.473753 3.290000
0.210000 2.473753 3.290000
-0.210000 -2.473753 3.290000
0.124027 -2.562000 3.205148
0.210000 -2.562000 0.000000
0.210000 -2.553886 3.237774
0.210000 -2.553886 3.237774
-0.135331 2.473753 3.290000
-0.210000 2.562000 3.205147
-0.210000 -2.562000 3.205147
-0.210000 -2.562000 0.000000
0.210000 2.409000 3.112887
0.210000 2.367887 3.154000
0.210000 -2.409000 3.112888
0.210000 -2.409000 0.000000
-0.070000 -2.409000 0.000000
0.094000 2.419645 3.181697
0.094000 -2.419645 -0.064727
0.094000 2.419645 -0.064727
0.094000 -2.419646 3.181697
0.101307 0.148477 0.126309
0.101307 -0.178732 0.126309
0.101307 -0.178732 0.000821
0.101307 0.148477 0.000821
0.210000 2.562000 3.205147
0.210000 2.409000 3.112887
0.210000 2.562000 0.000000
0.210000 2.409000 0.000000
0.210000 2.473753 3.290000
0.210000 2.367887 3.154000
0.210000 -2.473753 3.290000
0.210000 -2.397455 3.142455
0.210000 -2.553886 3.237774
0.210000 -2.409000 3.112888
0.210000 -2.562000 0.000000
0.210000 -2.409000 0.000000
0.210000 2.409000 0.000000
-0.070000 2.409000 3.112887
-0.070000 2.409000 0.000000
-0.070000 2.367887 3.154000
0.210000 -2.397455 3.142455
-0.070000 -2.367887 3.154000
-0.070000 -2.409000 3.112888
0.210000 2.562000 3.205147
0.210000 2.562000 0.000000
-0.210000 2.562000 0.000000
0.210000 -2.473753 3.290000
0.210000 2.473753 3.290000
-0.210000 -2.473753 3.290000
0.124027 -2.562000 3.205148
0.210000 -2.562000 0.000000
0.210000 -2.553886 3.237774
0.210000 -2.553886 3.237774
-0.135331 2.473753 3.290000
-0.210000 2.562000 3.205147
-0.210000 -2.562000 3.205147
-0.210000 -2.562000 0.000000
0.210000 2.409000 3.112887
0.210000 2.367887 3.154000
0.210000 -2.409000 3.112888
0.210000 -2.409000 0.000000
-0.070000 -2.409000 0.000000
0.094000 2.419645 3.088745
0.094000 -2.419645 3.088745
0.028000 -2.419645 2.947793
0.028000 2.419645 2.947793
0.028000 2.419645 3.181697
0.028000 -2.419646 3.181697
0.094000 -2.419645 2.981155
0.028000 2.419645 2.840203
0.094000 2.419645 2.981155
0.028000 -2.419646 2.840203
0.028000 -2.419645 3.122107
0.028000 2.419645 3.122107
0.094000 2.419645 2.873565
0.094000 -2.419645 2.873565
0.028000 -2.419645 2.732613
0.028000 2.419645 2.732613
0.028000 2.419645 3.014517
0.028000 -2.419646 3.014517
0.094000 2.419645 2.765975
0.094000 -2.419645 2.765975
0.028000 -2.419645 2.625023
0.028000 2.419645 2.625023
0.028000 -2.419645 2.906927
0.028000 2.419645 2.906927
0.094000 2.419645 2.658385
0.094000 -2.419645 2.658385
0.028000 -2.419645 2.517433
0.028000 2.419645 2.517433
0.028000 -2.419645 2.799337
0.028000 2.419645 2.799336
0.094000 2.419645 2.550795
0.094000 -2.419645 2.550795
0.028000 -2.419645 2.409843
0.028000 2.419645 2.409843
0.028000 2.419645 2.691747
0.028000 -2.419645 2.691747
0.094000 2.419645 2.443205
0.094000 -2.419645 2.443205
0.028000 -2.419645 2.302253
0.028000 2.419645 2.302253
0.028000 2.419645 2.584157
0.028000 -2.419645 2.584157
0.094000 2.419645 2.335615
0.094000 -2.419645 2.335615
0.028000 -2.419645 2.194663
0.028000 2.419645 2.194663
0.028000 -2.419645 2.476567
0.028000 2.419645 2.476567
0.094000 2.419645 2.228025
0.094000 -2.419645 2.228025
0.028000 -2.419645 2.087073
0.028000 2.419645 2.087073
0.028000 -2.419645 2.368977
0.028000 2.419645 2.368977
0.094000 2.419645 2.120435
0.094000 -2.419645 2.120435
0.028000 -2.419645 1.979483
0.028000 2.419645 1.979483
0.028000 -2.419645 2.261387
0.028000 2.419645 2.261387
0.094000 -2.419645 2.012845
0.028000 2.419645 1.871893
0.094000 2.419645 2.012845
0.028000 -2.419645 1.871893
0.028000 2.419645 2.153797
0.028000 -2.419645 2.153797
0.094000 2.419645 1.905255
0.094000 -2.419646 1.905255
0.028000 -2.419646 1.764303
0.028000 2.419645 1.764303
0.028000 -2.419645 2.046207
0.028000 2.419645 2.046207
0.094000 -2.419645 1.797665
0.028000 2.419645 1.656713
0.094000 2.419645 1.797665
0.028000 -2.419645 1.656713
0.028000 2.419645 1.938617
0.028000 -2.419645 1.938617
0.094000 2.419645 1.690075
0.094000 -2.419645 1.690075
0.028000 -2.419645 1.549123
0.028000 2.419645 1.549123
0.028000 -2.419645 1.831027
0.028000 2.419645 1.831027
0.094000 2.419645 1.582485
0.094000 -2.419645 1.582485
0.028000 -2.419645 1.441533
0.028000 2.419645 1.441533
0.028000 -2.419645 1.723437
0.028000 2.419645 1.723437
0.094000 2.419645 1.474895
0.094000 -2.419645 1.474895
0.028000 -2.419645 1.333943
0.028000 2.419645 1.333943
0.028000 2.419645 1.615847
0.028000 -2.419646 1.615847
0.094000 2.419645 1.367305
0.094000 -2.419645 1.367305
0.028000 -2.419645 1.226353
0.028000 2.419645 1.226353
0.028000 -2.419645 1.508257
0.028000 2.419645 1.508257
0.094000 2.419645 1.259715
0.094000 -2.419645 1.259715
0.028000 -2.419645 1.118763
0.028000 2.419645 1.118763
0.028000 2.419645 1.400667
0.028000 -2.419645 1.400667
0.094000 -2.419645 1.152125
0.028000 2.419645 1.011173
0.094000 2.419645 1.152125
0.028000 -2.419645 1.011173
0.028000 -2.419645 1.293077
0.028000 2.419645 1.293077
0.094000 2.419645 1.044535
0.094000 -2.419645 1.044535
0.028000 -2.419645 0.903583
0.028000 2.419645 0.903583
0.028000 -2.419645 1.185487
0.028000 2.419645 1.185487
0.094000 2.419645 0.936945
0.094000 -2.419646 0.936945
0.028000 -2.419646 0.795993
0.028000 2.419645 0.795993
0.028000 -2.419645 1.077897
0.028000 2.419645 1.077897
0.094000 2.419645 0.829355
0.094000 -2.419645 0.829355
0.028000 -2.419645 0.688403
0.028000 2.419645 0.688403
0.028000 2.419645 0.970307
0.028000 -2.419645 0.970307
0.094000 2.419645 0.721765
0.094000 -2.419645 0.721765
0.028000 -2.419645 0.580813
0.028000 2.419645 0.580813
0.028000 2.419645 0.862717
0.028000 -2.419645 0.862717
0.094000 -2.419645 0.614175
0.028000 2.419645 0.473223
0.094000 2.419645 0.614175
0.028000 -2.419645 0.473223
0.028000 2.419645 0.755127
0.028000 -2.419645 0.755127
0.094000 2.419645 0.506585
0.094000 -2.419645 0.506585
0.028000 -2.419645 0.365633
0.028000 2.419645 0.365633
0.028000 2.419645 0.647537
0.028000 -2.419646 0.647537
0.094000 2.419645 0.398995
0.094000 -2.419645 0.398995
0.028000 -2.419645 0.258043
0.028000 2.419645 0.258043
0.028000 2.419645 0.539947
0.028000 -2.419646 0.539947
0.094000 2.419645 0.291405
0.094000 -2.419645 0.291405
0.028000 -2.419645 0.150453
0.028000 2.419645 0.150453
0.028000 -2.419645 0.432357
0.028000 2.419645 0.432357
0.094000 2.419645 0.183815
0.094000 -2.419645 0.183815
0.028000 -2.419645 0.042863
0.028000 2.419645 0.042863
0.028000 -2.419645 0.324767
0.028000 2.419645 0.324767
0.068000 -2.419645 0.217177
0.068000 -0.310000 -0.018333
0.068000 -0.310000 0.217177
0.068000 -2.419645 -0.018333
0.068000 -2.419645 -0.018333
0.068000 -0.310000 -0.064727
0.068000 -0.310000 -0.018333
0.068000 -2.419645 -0.064727
0.068000 2.419645 0.217177
0.068000 0.280000 0.217177
0.068000 0.280000 -0.018333
0.068000 2.419645 -0.018333
0.068000 0.280000 0.217177
0.068000 0.280000 -0.018333
0.068000 -0.310000 0.217177
0.068000 0.280000 -0.064727
0.068000 2.419645 -0.018333
0.068000 2.419645 -0.064727
0.101307 0.148477 0.126309
0.101307 -0.178732 0.126309
0.101307 -0.178732 0.000821
0.101307 0.148477 0.000821
0.210000 2.409000 3.112887
0.210000 2.562000 0.000000
0.210000 2.562000 3.205147
0.210000 2.409000 0.000000
0.210000 2.405837 3.129930
0.210000 2.555283 3.237619
0.210000 2.397455 3.142455
0.210000 2.535923 3.265168
0.210000 2.507476 3.282400
0.210000 2.383910 3.150541
0.210000 2.473753 3.290000
0.210000 2.367887 3.154000
0.210000 -2.367887 3.154000
0.210000 -2.473753 3.290000
0.210000 -2.383909 3.150541
0.210000 -2.507477 3.282400
0.210000 -2.397455 3.142455
0.210000 -2.535923 3.265168
0.210000 -2.553886 3.237774
0.210000 -2.405541 3.128910
0.210000 -2.562000 3.205147
0.210000 -2.409000 3.112888
0.210000 -2.562000 0.000000
0.210000 -2.409000 0.000000
-0.070000 2.409000 0.000000
-0.020269 2.409000 0.000000
-0.070000 2.409000 3.112887
-0.070000 2.405837 3.129930
-0.070000 2.397455 3.142455
-0.070000 2.383910 3.150541
-0.070000 2.367887 3.154000
-0.070000 -2.367887 3.154000
-0.070000 -2.383909 3.150541
-0.070000 -2.397455 3.142455
-0.070000 -2.405541 3.128910
-0.070000 -2.409000 3.112888
-0.070000 -2.409000 0.000000
-0.020269 -2.409000 0.000000
0.210000 2.562000 0.000000
0.124027 2.562000 0.000000
0.210000 2.562000 3.205147
0.210000 2.473753 3.290000
0.210000 -2.473753 3.290000
0.210000 -2.562000 3.205147
0.124027 -2.562000 0.000000
0.210000 -2.562000 0.000000
0.210000 -2.507477 3.282400
0.210000 -2.535923 3.265168
0.210000 -2.553886 3.237774
0.210000 2.507476 3.282400
0.210000 2.535923 3.265168
0.210000 2.555283 3.237619
0.094000 2.419645 3.088745
0.094000 -2.419645 3.088745
0.028000 -2.419645 2.947793
0.028000 2.419645 2.947793
0.028000 2.419645 3.181697
0.028000 -2.419646 3.181697
0.094000 -2.419645 2.981155
0.028000 2.419645 2.840203
0.094000 2.419645 2.981155
0.028000 -2.419646 2.840203
0.028000 -2.419645 3.122107
0.028000 2.419645 3.122107
0.094000 2.419645 2.873565
0.094000 -2.419645 2.873565
0.028000 -2.419645 2.732613
0.028000 2.419645 2.732613
0.028000 2.419645 3.014517
0.028000 -2.419646 3.014517
0.094000 2.419645 2.765975
0.094000 -2.419645 2.765975
0.028000 -2.419645 2.625023
0.028000 2.419645 2.625023
0.028000 -2.419645 2.906927
0.028000 2.419645 2.906927
0.094000 2.419645 2.658385
0.094000 -2.419645 2.658385
0.028000 -2.419645 2.517433
0.028000 2.419645 2.517433
0.028000 -2.419645 2.799337
0.028000 2.419645 2.799336
0.094000 2.419645 2.550795
0.094000 -2.419645 2.550795
0.028000 -2.419645 2.409843
0.028000 2.419645 2.409843
0.028000 2.419645 2.691747
0.028000 -2.419645 2.691747
0.094000 2.419645 2.443205
0.094000 -2.419645 2.443205
0.028000 -2.419645 2.302253
0.028000 2.419645 2.302253
0.028000 2.419645 2.584157
0.028000 -2.419645 2.584157
0.094000 2.419645 2.335615
0.094000 -2.419645 2.335615
0.028000 -2.419645 2.194663
0.028000 2.419645 2.194663
0.028000 -2.419645 2.476567
0.028000 2.419645 2.476567
0.094000 2.419645 2.228025
0.094000 -2.419645 2.228025
0.028000 -2.419645 2.087073
0.028000 2.419645 2.087073
0.028000 -2.419645 2.368977
0.028000 2.419645 2.368977
0.094000 2.419645 2.120435
0.094000 -2.419645 2.120435
0.028000 -2.419645 1.979483
0.028000 2.419645 1.979483
0.028000 -2.419645 2.261387
0.028000 2.419645 2.261387
0.094000 -2.419645 2.012845
0.028000 2.419645 1.871893
0.094000 2.419645 2.012845
0.028000 -2.419645 1.871893
0.028000 2.419645 2.153797
0.028000 -2.419645 2.153797
0.094000 2.419645 1.905255
0.094000 -2.419646 1.905255
0.028000 -2.419646 1.764303
0.028000 2.419645 1.764303
0.028000 -2.419645 2.046207
0.028000 2.419645 2.046207
0.094000 -2.419645 1.797665
0.028000 2.419645 1.656713
0.094000 2.419645 1.797665
0.028000 -2.419645 1.656713
0.028000 2.419645 1.938617
0.028000 -2.419645 1.938617
0.094000 2.419645 1.690075
0.094000 -2.419645 1.690075
0.028000 -2.419645 1.549123
0.028000 2.419645 1.549123
0.028000 -2.419645 1.831027
0.028000 2.419645 1.831027
0.094000 2.419645 1.582485
0.094000 -2.419645 1.582485
0.028000 -2.419645 1.441533
0.028000 2.419645 1.441533
0.028000 -2.419645 1.723437
0.028000 2.419645 1.723437
0.094000 2.419645 1.474895
0.094000 -2.419645 1.474895
0.028000 -2.419645 1.333943
0.028000 2.419645 1.333943
0.028000 2.419645 1.615847
0.028000 -2.419646 1.615847
0.094000 2.419645 1.367305
0.094000 -2.419645 1.367305
0.028000 -2.419645 1.226353
0.028000 2.419645 1.226353
0.028000 -2.419645 1.508257
0.028000 2.419645 1.508257
0.094000 2.419645 1.259715
0.094000 -2.419645 1.259715
0.028000 -2.419645 1.118763
0.028000 2.419645 1.118763
0.028000 2.419645 1.400667
0.028000 -2.419645 1.400667
0.094000 -2.419645 1.152125
0.028000 2.419645 1.011173
0.094000 2.419645 1.152125
0.028000 -2.419645 1.011173
0.028000 -2.419645 1.293077
0.028000 2.419645 1.293077
0.094000 2.419645 1.044535
0.094000 -2.419645 1.044535
0.028000 -2.419645 0.903583
0.028000 2.419645 0.903583
0.028000 -2.419645 1.185487
0.028000 2.419645 1.185487
0.094000 2.419645 0.936945
0.094000 -2.419646 0.936945
0.028000 -2.419646 0.795993
0.028000 2.419645 0.795993
0.028000 -2.419645 1.077897
0.028000 2.419645 1.077897
0.094000 2.419645 0.829355
0.094000 -2.419645 0.829355
0.028000 -2.419645 0.688403
0.028000 2.419645 0.688403
0.028000 2.419645 0.970307
0.028000 -2.419645 0.970307
0.094000 2.419645 0.721765
0.094000 -2.419645 0.721765
0.028000 -2.419645 0.580813
0.028000 2.419645 0.580813
0.028000 2.419645 0.862717
0.028000 -2.419645 0.862717
0.094000 -2.419645 0.614175
0.028000 2.419645 0.473223
0.094000 2.419645 0.614175
0.028000 -2.419645 0.473223
0.028000 2.419645 0.755127
0.028000 -2.419645 0.755127
0.094000 2.419645 0.506585
0.094000 -2.419645 0.506585
0.028000 -2.419645 0.365633
0.028000 2.419645 0.365633
0.028000 2.419645 0.647537
0.028000 -2.419646 0.647537
0.094000 2.419645 0.398995
0.094000 -2.419645 0.398995
0.028000 -2.419645 0.258043
0.028000 2.419645 0.258043
0.028000 2.419645 0.539947
0.028000 -2.419646 0.539947
0.094000 2.419645 0.291405
0.094000 -2.419645 0.291405
0.028000 -2.419645 0.150453
0.028000 2.419645 0.150453
0.028000 -2.419645 0.432357
0.028000 2.419645 0.432357
0.094000 2.419645 0.183815
0.094000 -2.419645 0.183815
0.028000 -2.419645 0.042863
0.028000 2.419645 0.042863
0.028000 -2.419645 0.324767
0.028000 2.419645 0.324767
0.068000 -2.419645 0.217177
0.068000 -0.310000 -0.018333
0.068000 -0.310000 0.217177
0.068000 -2.419645 -0.018333
0.068000 -2.419645 -0.018333
0.068000 -0.310000 -0.064727
0.068000 -0.310000 -0.018333
0.068000 -2.419645 -0.064727
0.068000 2.419645 0.217177
0.068000 0.280000 0.217177
0.068000 0.280000 -0.018333
0.068000 2.419645 -0.018333
0.068000 0.280000 0.217177
0.068000 0.280000 -0.018333
0.068000 -0.310000 0.217177
0.068000 0.280000 -0.064727
0.068000 2.419645 -0.018333
0.068000 2.419645 -0.064727
-0.135331 2.562000 0.000000
-0.135331 -2.562000 0.000000
-0.210000 2.562000 0.000000
-0.210000 2.562000 3.205147
-0.210000 2.555283 3.237619
-0.210000 2.535923 3.265168
-0.210000 2.507476 3.282400
-0.210000 2.473753 3.290000
-0.210000 -2.473753 3.290000
-0.210000 -2.507477 3.282400
-0.210000 -2.535923 3.265168
-0.210000 -2.553886 3.237774
-0.210000 -2.562000 3.205147
-0.210000 -2.562000 0.000000
0.152579 2.409000 0.000000
0.152579 -2.409000 0.000000
0.210000 2.409000 0.000000
0.210000 2.409000 3.112887
0.210000 2.405837 3.129930
0.210000 2.397455 3.142455
0.210000 2.383910 3.150541
0.210000 2.367887 3.154000
0.210000 -2.367887 3.154000
0.210000 -2.383909 3.150541
0.210000 -2.397455 3.142455
0.210000 -2.405541 3.128910
0.210000 -2.409000 3.112888
0.210000 -2.409000 0.000000
0.079803 0.148477 0.126309
0.079803 -0.178732 0.126309
0.079802 -0.178732 0.000821
0.079802 0.148477 0.000821
24 29
70 75
4 6
22 23
50 52
68 69
284 287
315 316
519 520
91 93
333 335
38 41
88 89
100 101
330 331
342 343
392 393
204 205
238 239
446 447
480 481
152 153
178 179
206 207
232 233
394 395
420 421
448 449
474 475
210 211
452 453
182 183
200 201
214 215
220 221
424 425
442 443
456 457
462 463
39 40
84 85
86 87
90 92
94 95
96 97
98 99
102 103
104 105
106 107
108 109
118 119
124 125
126 127
128 129
130 131
132 133
134 135
136 137
138 139
140 141
145 147
157 159
162 163
164 165
166 167
168 169
170 171
172 173
174 175
176 177
180 181
184 185
190 191
192 194
193 195
198 199
202 203
208 209
216 217
218 219
228 229
230 231
234 235
236 237
240 241
242 243
244 245
246 247
248 249
250 251
326 327
328 329
332 334
336 337
338 339
340 341
344 345
346 347
348 349
350 351
352 353
360 361
366 367
368 369
370 371
372 373
374 375
376 377
378 379
380 381
387 389
399 401
404 405
406 407
408 409
410 411
412 413
414 415
416 417
418 419
426 427
432 433
434 436
435 437
440 441
444 445
450 451
458 459
460 461
465 467
470 471
472 473
476 477
478 479
482 483
484 485
486 487
488 489
490 491
492 493
112 113
114 115
116 117
120 121
122 123
142 143
144 146
148 149
154 155
160 161
354 355
356 357
358 359
362 363
364 365
384 385
386 388
390 391
396 397
402 403
222 224
464 466
156 158
186 187
188 189
196 197
212 213
226 227
398 400
428 429
430 431
438 439
454 455
468 469
5 7
16 34
51 53
62 80
15 17
61 63
285 286
304 305
533 534
38 40
39 41
8 10
26 27
54 56
72 73
31 32
77 78
294 296
317 319
524 525
0 2
19 20
21 30
46 48
65 66
67 76
275 276
312 314
514 515
9 11
18 37
55 57
64 83
81 82
295 297
309 310
538 539
1 3
12 33
13 14
47 49
58 79
59 60
274 277
298 300
528 529
265 268
267 269
504 505
507 510
509 511
260 261
502 503
253 255
256 258
495 497
257 259
499 501
252 254
494 496
257 267
499 509
264 266
506 508
19 30
20 21
22 24
26 32
65 76
66 67
68 70
72 78
23 29
69 75
25 31
71 77
42 43
270 271
540 541
44 45
272 273
16 17
62 63
12 14
13 33
15 34
36 37
58 60
59 79
61 80
82 83
318 513
313 512
252 255
260 263
494 497
502 505
261 262
264 265
503 504
506 507
253 254
258 266
495 496
500 508
311 527
299 526
144 147
386 389
108 111
109 110
114 118
350 353
351 352
356 360
151 154
393 396
138 141
139 140
150 155
151 152
156 161
168 173
169 172
180 185
181 184
380 383
381 382
392 397
393 394
398 403
410 415
411 414
422 427
423 426
211 212
453 454
198 201
205 206
210 214
224 226
234 238
440 443
447 448
452 456
466 468
476 480
246 249
247 248
488 491
489 490
228 231
229 230
234 237
235 236
240 243
240 245
241 242
241 244
246 251
247 250
470 473
471 472
476 479
477 478
482 485
482 487
483 484
483 486
488 493
489 492
115 119
357 361
84 87
85 86
90 94
92 95
96 99
96 100
97 98
102 107
103 106
114 117
115 116
120 123
120 124
121 122
126 129
126 131
127 128
127 130
132 137
133 136
144 149
145 146
146 148
150 153
158 160
162 165
162 167
163 164
163 166
168 171
169 170
174 177
175 176
180 183
186 189
187 188
192 195
193 194
198 203
199 202
204 207
204 209
210 213
211 215
216 219
217 218
222 227
326 329
327 328
332 336
334 337
338 341
338 342
339 340
344 349
345 348
356 359
357 358
362 365
362 366
363 364
368 371
368 373
369 370
369 372
374 379
375 378
386 391
387 388
388 390
392 395
400 402
404 407
404 409
405 406
405 408
410 413
411 412
416 419
417 418
422 425
428 431
428 432
429 430
434 437
435 436
440 445
441 444
446 449
446 451
452 455
453 457
458 461
459 460
464 469
199 200
441 442
222 225
464 467
156 159
175 179
187 191
192 196
229 233
235 239
398 401
417 421
429 433
434 438
471 475
477 481
181 182
217 221
423 424
459 463
205 208
447 450
90 93
97 101
121 125
139 142
332 335
339 343
363 367
381 384
102 105
103 104
132 135
133 134
157 158
174 178
194 197
216 220
228 232
344 347
374 377
375 376
399 400
416 420
436 439
470 474
223 224
465 466
109 112
351 354
138 143
380 385
91 92
108 113
333 334
350 355
2 3
10 11
48 49
56 57
275 277
296 297
29 30
75 76
42 45
270 273
540 543
43 44
271 272
541 542
0 4
19 23
46 50
65 69
24 31
84 88
326 330
85 89
327 331
6 8
22 28
52 54
68 74
25 27
25 28
71 73
71 74
312 313
318 319
512 514
513 525
1 5
13 15
33 34
47 51
59 61
79 80
17 18
63 64
526 528
527 539
298 299
310 311
256 259
268 269
498 501
510 511
287 289
316 320
520 521
282 284
315 323
518 519
279 281
324 325
516 517
292 294
317 322
523 524
281 282
323 324
517 518
289 291
320 321
521 522
276 279
314 325
515 516
291 292
321 322
522 523
7 9
16 35
53 55
62 81
274 278
300 301
529 530
283 285
303 304
532 533
286 288
305 306
534 535
293 295
308 309
537 538
288 290
306 307
535 536
290 293
536 537
280 283
302 303
531 532
278 280
301 302
530 531
