16202926907409958669 1253 1276
0.152307 0.069500 -0.369748
0.368724 0.097499 -0.152730
0.368724 0.069500 -0.152730
0.152307 0.097499 -0.369748
-0.153330 0.069500 -0.370173
0.152307 0.097499 -0.369748
0.152307 0.069500 -0.369748
-0.153330 0.097499 -0.370173
-0.369146 0.097499 -0.153755
-0.153330 0.097499 -0.370173
-0.369146 0.069500 -0.153755
-0.153330 0.069500 -0.370173
-0.368721 0.097499 0.152730
-0.369146 0.097499 -0.153755
-0.368721 0.069500 0.152730
-0.369146 0.069500 -0.153755
-0.152304 0.097499 0.369748
-0.368721 0.097499 0.152730
-0.152304 0.069500 0.369748
-0.368721 0.069500 0.152730
-0.152304 0.069500 0.369748
0.153332 0.069500 0.370173
-0.152304 0.097499 0.369748
0.153332 0.097499 0.370173
0.153332 0.069500 0.370173
0.369149 0.069500 0.153755
0.153332 0.097499 0.370173
0.369149 0.097499 0.153755
0.369149 0.069500 0.153755
0.368724 0.069500 -0.152730
0.369149 0.097499 0.153755
0.368724 0.097499 -0.152730
0.369149 0.097499 0.153755
-0.152304 0.097499 0.369748
0.153332 0.097499 0.370173
-0.368721 0.097499 0.152730
-0.368721 0.097499 0.152730
0.369149 0.097499 0.153755
0.368724 0.097499 -0.152730
-0.369146 0.097499 -0.153755
0.152307 0.097499 -0.369748
-0.369146 0.097499 -0.153755
0.368724 0.097499 -0.152730
-0.153330 0.097499 -0.370173
0.369149 0.069500 0.153755
-0.152304 0.069500 0.369748
-0.368721 0.069500 0.152730
0.153332 0.069500 0.370173
-0.369146 0.069500 -0.153755
0.152307 0.069500 -0.369748
0.368724 0.069500 -0.152730
-0.153330 0.069500 -0.370173
0.152307 0.069500 -0.369748
0.368724 0.097499 -0.152730
0.368724 0.069500 -0.152730
0.152307 0.097499 -0.369748
-0.153330 0.069500 -0.370173
0.152307 0.097499 -0.369748
0.152307 0.069500 -0.369748
-0.153330 0.097499 -0.370173
-0.369146 0.097499 -0.153755
-0.153330 0.097499 -0.370173
-0.369146 0.069500 -0.153755
-0.153330 0.069500 -0.370173
-0.368721 0.097499 0.152730
-0.369146 0.097499 -0.153755
-0.368721 0.069500 0.152730
-0.369146 0.069500 -0.153755
-0.152304 0.097499 0.369748
-0.368721 0.097499 0.152730
-0.152304 0.069500 0.369748
-0.368721 0.069500 0.152730
-0.152304 0.069500 0.369748
0.153332 0.069500 0.370173
-0.152304 0.097499 0.369748
0.153332 0.097499 0.370173
0.153332 0.069500 0.370173
0.369149 0.069500 0.153755
0.153332 0.097499 0.370173
0.369149 0.097499 0.153755
0.369149 0.069500 0.153755
0.368724 0.069500 -0.152730
0.369149 0.097499 0.153755
0.368724 0.097499 -0.152730
0.369149 0.097499 0.153755
-0.152304 0.097499 0.369748
0.153332 0.097499 0.370173
-0.368721 0.097499 0.152730
-0.368721 0.097499 0.152730
0.369149 0.097499 0.153755
0.368724 0.097499 -0.152730
-0.369146 0.097499 -0.153755
0.152307 0.097499 -0.369748
-0.369146 0.097499 -0.153755
0.368724 0.097499 -0.152730
-0.153330 0.097499 -0.370173
0.369149 0.069500 0.153755
-0.152304 0.069500 0.369748
-0.368721 0.069500 0.152730
0.153332 0.069500 0.370173
-0.369146 0.069500 -0.153755
0.152307 0.069500 -0.369748
0.368724 0.069500 -0.152730
-0.153330 0.069500 -0.370173
-0.072509 0.034999 -0.295180
0.072511 0.034999 -0.295180
-0.072509 0.000000 -0.295180
0.072511 0.000000 -0.295180
-0.072509 0.000000 -0.200820
-0.072509 0.034999 -0.200820
-0.094167 0.028499 -0.200820
-0.094167 0.073500 -0.200820
-0.145018 0.028499 -0.200820
-0.145018 0.073500 -0.200820
-0.072509 0.034999 -0.295180
-0.094167 0.028499 -0.295180
-0.094167 0.073500 -0.295180
-0.072509 0.000000 -0.295180
-0.094167 0.028499 -0.295180
-0.072509 0.000000 -0.200820
-0.094167 0.028499 -0.200820
-0.072509 0.000000 -0.295180
-0.072509 0.034999 -0.200820
-0.072509 0.034999 -0.295180
-0.094167 0.073500 -0.200820
-0.094167 0.073500 -0.295180
-0.145018 0.028499 -0.200820
-0.145018 0.073500 -0.200820
-0.145018 0.028499 -0.255180
-0.145018 0.073500 -0.255180
-0.145018 0.073500 -0.200820
-0.094167 0.073500 -0.200820
-0.145018 0.073500 -0.255180
-0.094167 0.073500 -0.295180
-0.094167 0.028499 -0.200820
-0.145018 0.028499 -0.200820
-0.145018 0.028499 -0.255180
-0.094167 0.028499 -0.295180
-0.048580 0.000000 -0.200820
-0.048580 0.034999 -0.200820
-0.048580 0.000000 -0.200820
-0.048580 0.034999 -0.242021
-0.048580 0.034999 -0.200820
-0.048580 0.000000 -0.262339
-0.072509 0.000000 -0.200820
-0.048580 0.000000 -0.262339
-0.048580 0.000000 -0.200820
-0.072509 0.000000 -0.295180
-0.072509 0.000000 -0.295180
0.072511 0.000000 -0.295180
-0.048580 0.000000 -0.262339
0.048583 0.000000 -0.262339
-0.072509 0.034999 -0.295180
0.048583 0.034999 -0.242021
0.072511 0.034999 -0.295180
-0.048580 0.034999 -0.242021
-0.072509 0.034999 -0.200820
-0.048580 0.034999 -0.242021
-0.072509 0.034999 -0.295180
-0.048580 0.034999 -0.200820
-0.048580 0.000000 -0.262339
0.048583 0.000000 -0.262339
-0.048580 0.034999 -0.242021
0.048583 0.034999 -0.242021
0.072511 0.000000 -0.200820
0.094169 0.028499 -0.200820
0.072511 0.034999 -0.200820
0.094169 0.073500 -0.200820
0.145021 0.073500 -0.200820
0.145021 0.028499 -0.200820
0.094169 0.028499 -0.295180
0.072511 0.034999 -0.295180
0.094169 0.073500 -0.295180
0.072511 0.000000 -0.295180
0.094169 0.028499 -0.295180
0.094169 0.028499 -0.200820
0.072511 0.000000 -0.200820
0.072511 0.000000 -0.295180
0.094169 0.073500 -0.200820
0.072511 0.034999 -0.295180
0.072511 0.034999 -0.200820
0.094169 0.073500 -0.295180
0.145021 0.028499 -0.200820
0.145021 0.028499 -0.255180
0.145021 0.073500 -0.200820
0.145021 0.073500 -0.255180
0.145021 0.028499 -0.255180
0.094169 0.028499 -0.295180
0.145021 0.073500 -0.255180
0.094169 0.073500 -0.295180
0.145021 0.073500 -0.200820
0.145021 0.073500 -0.255180
0.094169 0.073500 -0.200820
0.094169 0.073500 -0.295180
0.094169 0.028499 -0.200820
0.145021 0.028499 -0.255180
0.145021 0.028499 -0.200820
0.094169 0.028499 -0.295180
0.048583 0.034999 -0.200820
0.048583 0.000000 -0.200820
0.048583 0.000000 -0.200820
0.048583 0.034999 -0.242021
0.048583 0.000000 -0.262339
0.048583 0.034999 -0.200820
0.072511 0.000000 -0.200820
0.048583 0.000000 -0.262339
0.072511 0.000000 -0.295180
0.048583 0.000000 -0.200820
0.072511 0.034999 -0.200820
0.048583 0.034999 -0.242021
0.048583 0.034999 -0.200820
0.072511 0.034999 -0.295180
-0.072509 0.034999 0.275180
0.072511 0.000000 0.275180
0.072511 0.034999 0.275180
-0.072509 0.000000 0.275180
0.094169 0.073500 0.180820
0.094169 0.028499 0.180820
0.072511 0.034999 0.180820
0.072511 0.000000 0.180820
0.145021 0.028499 0.180820
0.145021 0.073500 0.180820
0.072511 0.034999 0.275180
0.094169 0.028499 0.275180
0.094169 0.073500 0.275180
0.072511 0.000000 0.275180
0.072511 0.000000 0.275180
0.072511 0.000000 0.180820
0.094169 0.028499 0.275180
0.094169 0.028499 0.180820
0.094169 0.073500 0.275180
0.094169 0.073500 0.180820
0.072511 0.034999 0.275180
0.072511 0.034999 0.180820
0.145021 0.028499 0.235180
0.145021 0.073500 0.180820
0.145021 0.073500 0.235180
0.145021 0.028499 0.180820
0.145021 0.073500 0.180820
0.094169 0.073500 0.180820
0.145021 0.073500 0.235180
0.094169 0.073500 0.275180
0.094169 0.028499 0.180820
0.145021 0.028499 0.180820
0.145021 0.028499 0.235180
0.094169 0.028499 0.275180
0.048583 0.000000 0.180820
0.048583 0.034999 0.180820
0.048583 0.034999 0.222021
0.048583 0.000000 0.180820
0.048583 0.000000 0.242338
0.048583 0.034999 0.180820
0.072511 0.000000 0.180820
0.048583 0.000000 0.242338
0.048583 0.000000 0.180820
0.072511 0.000000 0.275180
0.072511 0.000000 0.275180
-0.072509 0.000000 0.275180
0.048583 0.000000 0.242338
-0.048580 0.000000 0.242338
-0.048580 0.034999 0.222021
0.072511 0.034999 0.275180
0.048583 0.034999 0.222021
-0.072509 0.034999 0.275180
0.072511 0.034999 0.180820
0.048583 0.034999 0.222021
0.072511 0.034999 0.275180
0.048583 0.034999 0.180820
-0.048580 0.000000 0.242338
0.048583 0.034999 0.222021
0.048583 0.000000 0.242338
-0.048580 0.034999 0.222021
-0.094167 0.028499 0.180820
-0.094167 0.073500 0.180820
-0.072509 0.034999 0.180820
-0.072509 0.000000 0.180820
-0.145018 0.028499 0.180820
-0.145018 0.073500 0.180820
-0.072509 0.034999 0.275180
-0.094167 0.028499 0.275180
-0.072509 0.000000 0.275180
-0.094167 0.073500 0.275180
-0.094167 0.028499 0.275180
-0.072509 0.000000 0.180820
-0.072509 0.000000 0.275180
-0.094167 0.028499 0.180820
-0.094167 0.073500 0.180820
-0.094167 0.073500 0.275180
-0.072509 0.034999 0.275180
-0.072509 0.034999 0.180820
-0.145018 0.028499 0.235180
-0.145018 0.073500 0.235180
-0.145018 0.073500 0.180820
-0.145018 0.028499 0.180820
-0.094167 0.028499 0.275180
-0.094167 0.073500 0.275180
-0.145018 0.073500 0.180820
-0.145018 0.073500 0.235180
-0.094167 0.073500 0.180820
-0.094167 0.073500 0.275180
-0.094167 0.028499 0.180820
-0.145018 0.028499 0.235180
-0.145018 0.028499 0.180820
-0.094167 0.028499 0.275180
-0.048580 0.000000 0.180820
-0.048580 0.034999 0.180820
-0.048580 0.034999 0.222021
-0.048580 0.000000 0.180820
-0.048580 0.034999 0.180820
-0.048580 0.000000 0.242338
-0.072509 0.000000 0.180820
-0.048580 0.000000 0.242338
-0.072509 0.000000 0.275180
-0.048580 0.000000 0.180820
-0.072509 0.034999 0.180820
-0.072509 0.034999 0.275180
-0.048580 0.034999 0.222021
-0.048580 0.034999 0.180820
-0.251845 0.124528 -0.319288
-0.205857 0.090969 -0.368966
-0.255127 0.096943 -0.324064
-0.200183 0.118265 -0.366371
-0.429600 0.139924 -0.092532
-0.425179 0.145544 -0.161320
-0.434835 0.113187 -0.101961
-0.430853 0.118249 -0.163914
-0.336912 0.086467 0.267113
-0.444771 0.120638 0.143523
-0.362300 0.065417 0.241929
-0.450446 0.093342 0.140928
-0.444771 0.120638 0.143523
-0.336912 0.086467 0.267113
-0.265740 0.082573 0.152431
-0.158437 -0.009059 -0.276919
-0.087775 -0.013080 -0.238534
-0.102349 -0.043799 -0.246834
-0.143862 0.021659 -0.268619
-0.208405 0.025324 -0.196260
-0.203520 -0.010066 -0.194033
-0.188946 0.020653 -0.185733
-0.189667 0.064821 -0.185588
-0.247740 0.049686 -0.217359
-0.229000 0.089183 -0.206687
-0.163322 0.026331 -0.279147
-0.144583 0.065827 -0.268474
-0.208405 0.025324 -0.196260
-0.158437 -0.009059 -0.276919
-0.203520 -0.010066 -0.194033
-0.163322 0.026331 -0.279147
-0.188946 0.020653 -0.185733
-0.143862 0.021659 -0.268619
-0.189667 0.064821 -0.185588
-0.144583 0.065827 -0.268474
-0.247740 0.049686 -0.217359
-0.203028 0.089763 -0.254437
-0.221768 0.050266 -0.265109
-0.229000 0.089183 -0.206687
-0.199191 0.044955 -0.285093
-0.180452 0.084452 -0.274421
-0.152977 0.071026 -0.272977
-0.171715 0.031529 -0.283649
-0.203028 0.089763 -0.254437
-0.199191 0.044955 -0.285093
-0.221768 0.050266 -0.265109
-0.180452 0.084452 -0.274421
-0.229000 0.089183 -0.206687
-0.189667 0.064821 -0.185588
-0.203028 0.089763 -0.254437
-0.180452 0.084452 -0.274421
-0.208405 0.025324 -0.196260
-0.247740 0.049686 -0.217359
-0.221768 0.050266 -0.265109
-0.199191 0.044955 -0.285093
-0.171715 0.031529 -0.283649
-0.152977 0.071026 -0.272977
-0.171715 0.031529 -0.283649
-0.163322 0.026331 -0.279147
-0.152977 0.071026 -0.272977
-0.144583 0.065827 -0.268474
-0.170437 0.009189 -0.175804
-0.185011 -0.021530 -0.184105
-0.185011 -0.021530 -0.184105
-0.150752 0.009628 -0.211996
-0.170437 0.009189 -0.175804
-0.155619 -0.020874 -0.238143
-0.155619 -0.020874 -0.238143
-0.203520 -0.010066 -0.194033
-0.158437 -0.009059 -0.276919
-0.185011 -0.021530 -0.184105
-0.102349 -0.043799 -0.246834
-0.118040 -0.044149 -0.217986
-0.150752 0.009628 -0.211996
-0.087775 -0.013080 -0.238534
-0.143862 0.021659 -0.268619
-0.113174 -0.013647 -0.191839
-0.188946 0.020653 -0.185733
-0.170437 0.009189 -0.175804
-0.118040 -0.044149 -0.217986
-0.113174 -0.013647 -0.191839
-0.155619 -0.020874 -0.238143
-0.150752 0.009628 -0.211996
-0.200183 0.118265 -0.366371
0.010152 0.045043 -0.358218
-0.205857 0.090969 -0.368966
0.048549 0.065381 -0.353996
-0.160882 0.066946 0.087520
-0.439445 0.127409 0.060649
-0.265740 0.082573 0.152431
-0.444771 0.120638 0.143523
-0.425179 0.145544 -0.161320
-0.081634 0.072502 -0.144227
-0.251845 0.124528 -0.319288
0.028846 0.060333 -0.257812
-0.304137 0.062235 0.148208
-0.362300 0.065417 0.241929
-0.450446 0.093342 0.140928
-0.004594 0.039724 -0.270020
-0.205857 0.090969 -0.368966
0.010152 0.045043 -0.358218
-0.255127 0.096943 -0.324064
-0.430853 0.118249 -0.163914
-0.201370 0.062195 -0.076090
-0.434835 0.113187 -0.101961
-0.120031 0.052164 -0.148450
-0.444771 0.120638 0.143523
-0.439445 0.127409 0.060649
-0.450446 0.093342 0.140928
-0.445082 0.100160 0.057481
-0.167996 0.082807 -0.063774
-0.429600 0.139924 -0.092532
-0.445082 0.100160 0.057481
-0.197790 0.046526 0.080898
-0.425179 0.145544 -0.161320
-0.081634 0.072502 -0.144227
-0.425179 0.145544 -0.161320
-0.430853 0.118249 -0.163914
-0.200183 0.118265 -0.366371
0.048549 0.065381 -0.353996
-0.265740 0.082573 0.152431
-0.336912 0.086467 0.267113
-0.304137 0.062235 0.148208
-0.362300 0.065417 0.241929
-0.160882 0.066946 0.087520
-0.197790 0.046526 0.080898
-0.167996 0.082807 -0.063774
-0.201370 0.062195 -0.076090
-0.081634 0.072502 -0.144227
-0.120031 0.052164 -0.148450
0.028846 0.060333 -0.257812
-0.004594 0.039724 -0.270020
0.048549 0.065381 -0.353996
0.010152 0.045043 -0.358218
-0.087775 -0.013080 -0.238534
-0.118040 -0.044149 -0.217986
-0.102349 -0.043799 -0.246834
-0.113174 -0.013647 -0.191839
-0.080227 0.021470 0.385267
0.224806 0.026582 0.366755
-0.080470 0.049228 0.388929
0.224563 0.054339 0.370418
0.281618 0.026064 0.301489
0.224563 0.054339 0.370418
0.224806 0.026582 0.366755
0.298547 0.056528 0.285773
0.426410 0.058363 0.139248
0.419435 0.085608 0.036745
0.426167 0.086121 0.142910
0.419863 0.055853 0.035303
0.024907 0.051635 0.163614
0.281618 0.026064 0.301489
-0.078105 0.025969 0.278353
0.426410 0.058363 0.139248
0.065140 -0.009613 0.267637
0.141399 -0.035225 0.270981
0.137090 -0.000627 0.267915
0.069448 -0.044210 0.270703
0.155224 0.031957 0.170629
0.160764 -0.012527 0.174572
0.138473 -0.008786 0.173919
0.142782 -0.043383 0.176985
0.211223 -0.006226 0.174767
0.205683 0.038258 0.170825
0.159382 -0.004369 0.268568
0.153842 0.040115 0.264625
0.141399 -0.035225 0.270981
0.160764 -0.012527 0.174572
0.159382 -0.004369 0.268568
0.142782 -0.043383 0.176985
0.155224 0.031957 0.170629
0.137090 -0.000627 0.267915
0.153842 0.040115 0.264625
0.138473 -0.008786 0.173919
0.204887 0.042958 0.224975
0.211223 -0.006226 0.174767
0.205683 0.038258 0.170825
0.210427 -0.001526 0.228917
0.170149 -0.003025 0.268609
0.192847 0.043951 0.253105
0.164610 0.041459 0.264667
0.198387 -0.000533 0.257048
0.192847 0.043951 0.253105
0.198387 -0.000533 0.257048
0.210427 -0.001526 0.228917
0.204887 0.042958 0.224975
0.205683 0.038258 0.170825
0.155224 0.031957 0.170629
0.204887 0.042958 0.224975
0.192847 0.043951 0.253105
0.160764 -0.012527 0.174572
0.211223 -0.006226 0.174767
0.210427 -0.001526 0.228917
0.198387 -0.000533 0.257048
0.170149 -0.003025 0.268609
0.164610 0.041459 0.264667
0.170149 -0.003025 0.268609
0.159382 -0.004369 0.268568
0.164610 0.041459 0.264667
0.153842 0.040115 0.264625
0.114729 -0.011751 0.173827
0.119038 -0.046348 0.176893
0.114126 -0.008189 0.214869
0.119038 -0.046348 0.176893
0.118136 -0.041030 0.238175
0.114729 -0.011751 0.173827
0.142782 -0.043383 0.176985
0.118136 -0.041030 0.238175
0.119038 -0.046348 0.176893
0.141399 -0.035225 0.270981
0.069448 -0.044210 0.270703
0.069930 -0.047050 0.237988
0.065140 -0.009613 0.267637
0.114126 -0.008189 0.214869
0.065919 -0.014209 0.214683
0.137090 -0.000627 0.267915
0.138473 -0.008786 0.173919
0.114729 -0.011751 0.173827
0.118136 -0.041030 0.238175
0.069930 -0.047050 0.237988
0.065919 -0.014209 0.214683
0.114126 -0.008189 0.214869
-0.167491 0.030795 0.308807
-0.080470 0.049228 0.388929
-0.162093 0.057950 0.317411
-0.080227 0.021470 0.385267
-0.042984 0.065813 0.265711
0.298547 0.056528 0.285773
0.037919 0.079615 0.166472
0.426167 0.086121 0.142910
0.409028 0.151087 -0.109670
0.203822 0.101137 0.004302
0.419435 0.085608 0.036745
0.178788 0.071783 0.002454
0.426410 0.058363 0.139248
0.024907 0.051635 0.163614
0.419863 0.055853 0.035303
0.065140 -0.009613 0.267637
0.069930 -0.047050 0.237988
0.069448 -0.044210 0.270703
0.065919 -0.014209 0.214683
0.426410 0.058363 0.139248
0.426167 0.086121 0.142910
0.224806 0.026582 0.366755
-0.080227 0.021470 0.385267
-0.167491 0.030795 0.308807
-0.080470 0.049228 0.388929
-0.162093 0.057950 0.317411
0.224563 0.054339 0.370418
0.408695 0.124481 -0.122097
0.409028 0.151087 -0.109670
0.426167 0.086121 0.142910
0.037919 0.079615 0.166472
0.408695 0.124481 -0.122097
-0.078105 0.025969 0.278353
-0.167491 0.030795 0.308807
-0.162093 0.057950 0.317411
-0.042984 0.065813 0.265711
0.203822 0.101137 0.004302
0.408695 0.124481 -0.122097
0.178788 0.071783 0.002454
0.409028 0.151087 -0.109670
0.037919 0.079615 0.166472
0.024907 0.051635 0.163614
0.368723 0.097499 -0.152730
0.368723 0.069500 -0.152730
0.152306 0.069500 -0.369748
-0.369147 0.097499 -0.153755
-0.153330 0.097499 -0.370173
-0.369147 0.069500 -0.153755
-0.369147 0.097499 -0.153755
-0.369147 0.069500 -0.153755
-0.368722 0.097499 0.152730
0.369148 0.097499 0.153755
0.153331 0.097499 0.370173
0.369148 0.069500 0.153755
0.369148 0.097499 0.153755
0.369148 0.069500 0.153755
0.368723 0.097499 -0.152730
0.368723 0.069500 -0.152730
-0.368722 0.097499 0.152730
-0.152305 0.069500 0.369748
0.369148 0.097499 0.153755
0.153331 0.097499 0.370173
-0.369147 0.097499 -0.153755
-0.368722 0.097499 0.152730
0.368723 0.097499 -0.152730
0.369148 0.097499 0.153755
0.368723 0.097499 -0.152730
0.152306 0.069500 -0.369748
-0.369147 0.097499 -0.153755
-0.153330 0.097499 -0.370173
0.153331 0.097499 0.370173
-0.152305 0.069500 0.369748
0.369148 0.069500 0.153755
-0.368722 0.097499 0.152730
0.368723 0.069500 -0.152730
-0.369147 0.069500 -0.153755
0.152306 0.069500 -0.369748
-0.153330 0.097499 -0.370173
0.000000 0.034999 -0.295180
-0.072509 -0.000000 -0.295180
-0.094168 0.073500 -0.295180
-0.048581 0.034999 -0.242021
-0.145019 0.073500 -0.200820
-0.072509 -0.000000 -0.295180
-0.072509 -0.000000 -0.295180
-0.145019 0.073500 -0.200820
-0.094168 0.073500 -0.295180
-0.094168 0.073500 -0.295180
-0.048581 0.034999 -0.242021
0.000000 0.034999 -0.295180
-0.094168 0.073500 -0.295180
-0.145019 0.073500 -0.200820
-0.048581 0.034999 -0.242021
-0.072509 -0.000000 -0.295180
0.000000 0.034999 -0.295180
0.072510 -0.000000 -0.295180
0.072510 -0.000000 -0.295180
0.000000 0.034999 -0.295180
0.094168 0.073500 -0.295180
0.145020 0.073500 -0.200820
0.048582 0.034999 -0.242021
0.072510 -0.000000 -0.295180
0.145020 0.073500 -0.200820
0.072510 -0.000000 -0.295180
0.094168 0.073500 -0.295180
0.048582 0.034999 -0.242021
0.145020 0.073500 -0.200820
0.072510 -0.000000 -0.295180
0.048582 0.034999 -0.242021
-0.072509 -0.000000 -0.295180
0.094168 0.073500 -0.295180
0.000000 0.034999 -0.295180
0.048582 0.034999 -0.242021
0.048582 0.034999 -0.242021
0.000000 0.034999 -0.295180
-0.048581 0.034999 -0.242021
-0.048581 0.034999 -0.242021
-0.072509 -0.000000 -0.295180
0.048582 0.034999 -0.242021
0.000000 -0.000000 0.275180
0.072510 -0.000000 0.275180
0.000000 0.034999 0.275180
0.094168 0.073500 0.275180
0.048582 0.034999 0.222021
0.145020 0.073500 0.180820
0.072510 -0.000000 0.275180
0.072510 -0.000000 0.275180
0.145020 0.073500 0.180820
0.094168 0.073500 0.275180
0.094168 0.073500 0.275180
0.048582 0.034999 0.222021
0.000000 0.034999 0.275180
0.094168 0.073500 0.275180
0.145020 0.073500 0.180820
0.048582 0.034999 0.222021
0.000000 -0.000000 0.275180
0.048582 0.034999 0.222021
0.072510 -0.000000 0.275180
0.000000 -0.000000 0.275180
0.000000 0.034999 0.275180
-0.072509 -0.000000 0.275180
-0.094168 0.073500 0.275180
-0.145019 0.073500 0.180820
-0.048581 0.034999 0.222021
-0.072509 -0.000000 0.275180
-0.094168 0.073500 0.275180
-0.145019 0.073500 0.180820
-0.072509 -0.000000 0.275180
-0.094168 0.073500 0.275180
-0.048581 0.034999 0.222021
-0.145019 0.073500 0.180820
-0.072509 -0.000000 0.275180
-0.048581 0.034999 0.222021
0.000000 -0.000000 0.275180
-0.094168 0.073500 0.275180
0.000000 0.034999 0.275180
-0.048581 0.034999 0.222021
-0.048581 0.034999 0.222021
0.000000 0.034999 0.275180
0.048582 0.034999 0.222021
0.048582 0.034999 0.222021
0.000000 -0.000000 0.275180
-0.048581 0.034999 0.222021
0.368723 0.097499 -0.152730
0.368723 0.069500 -0.152730
0.152306 0.069500 -0.369748
-0.369147 0.097499 -0.153755
-0.153330 0.097499 -0.370173
-0.369147 0.069500 -0.153755
-0.369147 0.097499 -0.153755
-0.369147 0.069500 -0.153755
-0.368722 0.097499 0.152730
0.369148 0.097499 0.153755
0.153331 0.097499 0.370173
0.369148 0.069500 0.153755
0.369148 0.097499 0.153755
0.369148 0.069500 0.153755
0.368723 0.097499 -0.152730
0.368723 0.069500 -0.152730
-0.368722 0.097499 0.152730
-0.152305 0.069500 0.369748
0.369148 0.097499 0.153755
0.153331 0.097499 0.370173
-0.369147 0.097499 -0.153755
-0.368722 0.097499 0.152730
0.368723 0.097499 -0.152730
0.369148 0.097499 0.153755
0.368723 0.097499 -0.152730
0.152306 0.069500 -0.369748
-0.369147 0.097499 -0.153755
-0.153330 0.097499 -0.370173
0.153331 0.097499 0.370173
-0.152305 0.069500 0.369748
0.369148 0.069500 0.153755
-0.368722 0.097499 0.152730
0.368723 0.069500 -0.152730
-0.369147 0.069500 -0.153755
0.152306 0.069500 -0.369748
-0.153330 0.097499 -0.370173
0.000000 -0.000000 -0.295180
-0.072509 -0.000000 -0.295180
0.000000 0.034999 -0.295180
-0.072509 0.034999 -0.295180
-0.094168 0.028499 -0.200820
-0.145019 0.073500 -0.200820
-0.145019 0.028499 -0.200820
-0.133303 0.028499 -0.283464
-0.094168 0.073500 -0.295180
-0.048581 -0.000000 -0.200820
-0.094168 0.028499 -0.200820
-0.072509 -0.000000 -0.295180
-0.072509 -0.000000 -0.295180
-0.094168 0.028499 -0.200820
-0.133303 0.028499 -0.283464
-0.072509 0.034999 -0.295180
-0.094168 0.073500 -0.295180
-0.094168 0.028499 -0.200820
-0.145019 0.028499 -0.200820
-0.145019 0.073500 -0.200820
-0.094168 0.028499 -0.200820
-0.145019 0.028499 -0.200820
-0.133303 0.028499 -0.283464
-0.094168 0.028499 -0.200820
-0.094168 0.073500 -0.295180
-0.145019 0.073500 -0.200820
-0.072509 -0.000000 -0.295180
-0.048581 0.034999 -0.242021
-0.048581 -0.000000 -0.200820
-0.048581 -0.000000 -0.200820
-0.048581 0.034999 -0.242021
-0.094168 0.028499 -0.200820
-0.072509 0.034999 -0.295180
-0.048581 0.034999 -0.242021
0.000000 0.034999 -0.295180
0.000000 0.034999 -0.242021
-0.072509 0.034999 -0.295180
-0.094168 0.028499 -0.200820
-0.048581 0.034999 -0.242021
0.000000 0.034999 -0.242021
-0.048581 0.034999 -0.242021
0.000000 -0.000000 -0.295180
-0.048581 0.034999 -0.242021
-0.072509 -0.000000 -0.295180
0.000000 -0.000000 -0.295180
0.000000 0.034999 -0.295180
0.072510 -0.000000 -0.295180
0.072510 0.034999 -0.295180
0.094168 0.073500 -0.200820
0.094168 0.028499 -0.200820
0.145020 0.073500 -0.200820
0.145020 0.028499 -0.200820
0.072510 -0.000000 -0.295180
0.072510 0.034999 -0.295180
0.133304 0.028499 -0.283464
0.133304 0.028499 -0.283464
0.094168 0.073500 -0.295180
0.048582 -0.000000 -0.200820
0.072510 -0.000000 -0.295180
0.094168 0.028499 -0.200820
0.094168 0.028499 -0.200820
0.072510 -0.000000 -0.295180
0.133304 0.028499 -0.283464
0.072510 0.034999 -0.295180
0.094168 0.028499 -0.200820
0.094168 0.073500 -0.295180
0.094168 0.073500 -0.295180
0.094168 0.028499 -0.200820
0.094168 0.073500 -0.200820
0.145020 0.073500 -0.200820
0.145020 0.028499 -0.200820
0.133304 0.028499 -0.283464
0.094168 0.073500 -0.295180
0.133304 0.028499 -0.283464
0.094168 0.073500 -0.295180
0.094168 0.073500 -0.200820
0.145020 0.073500 -0.200820
0.094168 0.028499 -0.200820
0.133304 0.028499 -0.283464
0.145020 0.028499 -0.200820
0.048582 0.034999 -0.242021
0.048582 -0.000000 -0.200820
0.094168 0.028499 -0.200820
0.072510 -0.000000 -0.295180
0.048582 -0.000000 -0.200820
0.048582 0.034999 -0.242021
0.048582 0.034999 -0.242021
0.000000 -0.000000 -0.295180
0.072510 0.034999 -0.295180
0.000000 0.034999 -0.295180
0.048582 0.034999 -0.242021
0.000000 0.034999 -0.242021
0.072510 0.034999 -0.295180
0.048582 0.034999 -0.242021
0.094168 0.028499 -0.200820
0.000000 0.034999 -0.242021
0.000000 -0.000000 -0.295180
0.048582 0.034999 -0.242021
0.000000 -0.000000 0.275180
0.072510 -0.000000 0.275180
0.000000 0.034999 0.275180
0.072510 0.034999 0.275180
0.094168 0.028499 0.180820
0.145020 0.073500 0.180820
0.145020 0.028499 0.180820
0.133304 0.028499 0.263464
0.094168 0.073500 0.275180
0.048582 -0.000000 0.180820
0.094168 0.028499 0.180820
0.072510 -0.000000 0.275180
0.072510 -0.000000 0.275180
0.094168 0.028499 0.180820
0.133304 0.028499 0.263464
0.072510 0.034999 0.275180
0.094168 0.073500 0.275180
0.094168 0.028499 0.180820
0.145020 0.073500 0.180820
0.145020 0.028499 0.180820
0.094168 0.073500 0.275180
0.145020 0.073500 0.180820
0.094168 0.028499 0.180820
0.094168 0.028499 0.180820
0.145020 0.028499 0.180820
0.133304 0.028499 0.263464
0.072510 -0.000000 0.275180
0.048582 0.034999 0.222021
0.048582 -0.000000 0.180820
0.048582 -0.000000 0.180820
0.048582 0.034999 0.222021
0.094168 0.028499 0.180820
0.072510 0.034999 0.275180
0.048582 0.034999 0.222021
0.000000 0.034999 0.275180
0.000000 0.034999 0.222021
0.072510 0.034999 0.275180
0.094168 0.028499 0.180820
0.048582 0.034999 0.222021
0.000000 0.034999 0.222021
0.048582 0.034999 0.222021
0.000000 -0.000000 0.275180
0.048582 0.034999 0.222021
0.072510 -0.000000 0.275180
0.000000 -0.000000 0.275180
0.000000 0.034999 0.275180
-0.072509 -0.000000 0.275180
-0.072509 0.034999 0.275180
-0.094168 0.073500 0.180820
-0.094168 0.028499 0.180820
-0.145019 0.073500 0.180820
-0.145019 0.028499 0.180820
-0.072509 -0.000000 0.275180
-0.072509 0.034999 0.275180
-0.133303 0.028499 0.263464
-0.133303 0.028499 0.263464
-0.094168 0.073500 0.275180
-0.048581 -0.000000 0.180820
-0.072509 -0.000000 0.275180
-0.094168 0.028499 0.180820
-0.094168 0.028499 0.180820
-0.072509 -0.000000 0.275180
-0.133303 0.028499 0.263464
-0.072509 0.034999 0.275180
-0.094168 0.028499 0.180820
-0.094168 0.073500 0.275180
-0.094168 0.073500 0.275180
-0.094168 0.028499 0.180820
-0.094168 0.073500 0.180820
-0.145019 0.073500 0.180820
-0.145019 0.028499 0.180820
-0.133303 0.028499 0.263464
-0.094168 0.073500 0.275180
-0.133303 0.028499 0.263464
-0.094168 0.073500 0.275180
-0.094168 0.073500 0.180820
-0.145019 0.073500 0.180820
-0.094168 0.028499 0.180820
-0.133303 0.028499 0.263464
-0.145019 0.028499 0.180820
-0.048581 0.034999 0.222021
-0.048581 -0.000000 0.180820
-0.094168 0.028499 0.180820
-0.072509 -0.000000 0.275180
-0.048581 -0.000000 0.180820
-0.048581 0.034999 0.222021
-0.048581 0.034999 0.222021
0.000000 -0.000000 0.275180
-0.072509 0.034999 0.275180
0.000000 0.034999 0.275180
-0.048581 0.034999 0.222021
0.000000 0.034999 0.222021
-0.072509 0.034999 0.275180
-0.048581 0.034999 0.222021
-0.094168 0.028499 0.180820
0.000000 0.034999 0.222021
0.000000 -0.000000 0.275180
-0.048581 0.034999 0.222021
0.152306 0.069500 -0.369748
0.368723 0.097499 -0.152730
0.368723 0.069500 -0.152730
0.152306 0.097499 -0.369748
-0.153330 0.069500 -0.370173
0.152306 0.097499 -0.369748
0.152306 0.069500 -0.369748
-0.153330 0.097499 -0.370173
-0.369147 0.097499 -0.153755
-0.153330 0.097499 -0.370173
-0.369147 0.069500 -0.153755
-0.153330 0.069500 -0.370173
-0.368722 0.097499 0.152730
-0.369147 0.097499 -0.153755
-0.368722 0.069500 0.152730
-0.369147 0.069500 -0.153755
-0.152305 0.097499 0.369748
-0.368722 0.097499 0.152730
-0.152305 0.069500 0.369748
-0.368722 0.069500 0.152730
-0.152305 0.069500 0.369748
0.153331 0.069500 0.370173
-0.152305 0.097499 0.369748
0.153331 0.097499 0.370173
0.153331 0.069500 0.370173
0.369148 0.069500 0.153755
0.153331 0.097499 0.370173
0.369148 0.097499 0.153755
0.369148 0.069500 0.153755
0.368723 0.069500 -0.152730
0.369148 0.097499 0.153755
0.368723 0.097499 -0.152730
0.369148 0.097499 0.153755
-0.152305 0.097499 0.369748
0.153331 0.097499 0.370173
-0.368722 0.097499 0.152730
-0.368722 0.097499 0.152730
0.369148 0.097499 0.153755
0.368723 0.097499 -0.152730
-0.369147 0.097499 -0.153755
0.152306 0.097499 -0.369748
-0.369147 0.097499 -0.153755
0.368723 0.097499 -0.152730
-0.153330 0.097499 -0.370173
0.369148 0.069500 0.153755
-0.152305 0.069500 0.369748
-0.368722 0.069500 0.152730
0.153331 0.069500 0.370173
-0.369147 0.069500 -0.153755
0.152306 0.069500 -0.369748
0.368723 0.069500 -0.152730
-0.153330 0.069500 -0.370173
-0.072509 0.034999 -0.295180
0.000000 -0.000000 -0.295180
-0.072509 -0.000000 -0.295180
0.000000 0.034999 -0.295180
-0.072509 -0.000000 -0.200820
-0.072509 0.034999 -0.200820
-0.094168 0.028499 -0.200820
-0.094168 0.073500 -0.200820
-0.145019 0.028499 -0.200820
-0.145019 0.073500 -0.200820
-0.094168 0.028499 -0.295180
-0.094168 0.073500 -0.295180
-0.094168 0.028499 -0.295180
-0.072509 -0.000000 -0.200820
-0.094168 0.028499 -0.200820
-0.072509 -0.000000 -0.295180
-0.072509 0.034999 -0.200820
-0.072509 0.034999 -0.295180
-0.094168 0.073500 -0.200820
-0.094168 0.073500 -0.295180
-0.145019 0.028499 -0.200820
-0.145019 0.073500 -0.200820
-0.145019 0.028499 -0.255180
-0.145019 0.073500 -0.255180
-0.133303 0.028499 -0.283464
-0.105019 0.073500 -0.295180
-0.105019 0.028499 -0.295180
-0.133303 0.073500 -0.283464
-0.145019 0.073500 -0.200820
-0.094168 0.073500 -0.200820
-0.145019 0.073500 -0.255180
-0.133303 0.073500 -0.283464
-0.094168 0.028499 -0.200820
-0.145019 0.028499 -0.200820
-0.145019 0.028499 -0.255180
-0.133303 0.028499 -0.283464
-0.105019 0.028499 -0.295180
-0.094168 0.028499 -0.295180
-0.105019 0.073500 -0.295180
-0.094168 0.073500 -0.295180
-0.048581 -0.000000 -0.200820
-0.048581 0.034999 -0.200820
-0.048581 -0.000000 -0.200820
-0.048581 0.034999 -0.242021
-0.048581 0.034999 -0.200820
-0.048581 -0.000000 -0.262339
-0.072509 -0.000000 -0.200820
-0.048581 -0.000000 -0.262339
-0.048581 -0.000000 -0.200820
-0.072509 -0.000000 -0.295180
0.000000 -0.000000 -0.295180
0.000000 -0.000000 -0.262339
0.000000 0.034999 -0.295180
-0.048581 0.034999 -0.242021
0.000000 0.034999 -0.242021
-0.072509 0.034999 -0.295180
-0.072509 0.034999 -0.200820
-0.048581 0.034999 -0.200820
-0.048581 0.034999 -0.242021
-0.048581 -0.000000 -0.262339
0.000000 0.034999 -0.242021
0.000000 -0.000000 -0.262339
0.000000 0.034999 -0.295180
0.072510 0.034999 -0.295180
0.000000 -0.000000 -0.295180
0.072510 -0.000000 -0.295180
0.072510 -0.000000 -0.200820
0.094168 0.028499 -0.200820
0.072510 0.034999 -0.200820
0.094168 0.073500 -0.200820
0.145020 0.073500 -0.200820
0.145020 0.028499 -0.200820
0.094168 0.028499 -0.295180
0.072510 0.034999 -0.295180
0.094168 0.073500 -0.295180
0.072510 -0.000000 -0.295180
0.094168 0.028499 -0.295180
0.094168 0.028499 -0.200820
0.072510 -0.000000 -0.200820
0.072510 -0.000000 -0.295180
0.094168 0.073500 -0.200820
0.072510 0.034999 -0.295180
0.072510 0.034999 -0.200820
0.094168 0.073500 -0.295180
0.145020 0.028499 -0.200820
0.145020 0.028499 -0.255180
0.145020 0.073500 -0.200820
0.145020 0.073500 -0.255180
0.133304 0.028499 -0.283464
0.105020 0.028499 -0.295180
0.105020 0.073500 -0.295180
0.133304 0.073500 -0.283464
0.145020 0.028499 -0.255180
0.133304 0.073500 -0.283464
0.145020 0.073500 -0.255180
0.133304 0.028499 -0.283464
0.145020 0.073500 -0.200820
0.145020 0.073500 -0.255180
0.094168 0.073500 -0.200820
0.133304 0.073500 -0.283464
0.094168 0.028499 -0.200820
0.145020 0.028499 -0.255180
0.145020 0.028499 -0.200820
0.133304 0.028499 -0.283464
0.094168 0.028499 -0.295180
0.094168 0.073500 -0.295180
0.105020 0.028499 -0.295180
0.105020 0.073500 -0.295180
0.094168 0.028499 -0.295180
0.105020 0.028499 -0.295180
0.105020 0.073500 -0.295180
0.094168 0.073500 -0.295180
0.048582 0.034999 -0.200820
0.048582 -0.000000 -0.200820
0.048582 -0.000000 -0.200820
0.048582 0.034999 -0.242021
0.048582 -0.000000 -0.262339
0.048582 0.034999 -0.200820
0.072510 -0.000000 -0.200820
0.048582 -0.000000 -0.262339
0.072510 -0.000000 -0.295180
0.048582 -0.000000 -0.200820
0.000000 -0.000000 -0.295180
0.000000 -0.000000 -0.262339
0.048582 0.034999 -0.242021
0.000000 0.034999 -0.295180
0.000000 0.034999 -0.242021
0.072510 0.034999 -0.295180
0.072510 0.034999 -0.200820
0.048582 0.034999 -0.200820
0.048582 0.034999 -0.242021
0.000000 0.034999 -0.242021
0.048582 -0.000000 -0.262339
0.000000 -0.000000 -0.262339
0.072510 0.034999 0.275180
0.000000 0.034999 0.275180
0.000000 -0.000000 0.275180
0.072510 -0.000000 0.275180
0.094168 0.073500 0.180820
0.094168 0.028499 0.180820
0.072510 0.034999 0.180820
0.072510 -0.000000 0.180820
0.145020 0.028499 0.180820
0.145020 0.073500 0.180820
0.094168 0.028499 0.275180
0.094168 0.073500 0.275180
0.072510 -0.000000 0.275180
0.072510 -0.000000 0.180820
0.094168 0.028499 0.275180
0.094168 0.028499 0.180820
0.094168 0.073500 0.275180
0.094168 0.073500 0.180820
0.072510 0.034999 0.275180
0.072510 0.034999 0.180820
0.145020 0.028499 0.235180
0.145020 0.073500 0.180820
0.145020 0.073500 0.235180
0.145020 0.028499 0.180820
0.133304 0.073500 0.263464
0.105020 0.073500 0.275180
0.133304 0.028499 0.263464
0.105020 0.028499 0.275180
0.145020 0.073500 0.180820
0.094168 0.073500 0.180820
0.145020 0.073500 0.235180
0.133304 0.073500 0.263464
0.094168 0.028499 0.180820
0.145020 0.028499 0.180820
0.145020 0.028499 0.235180
0.133304 0.028499 0.263464
0.105020 0.028499 0.275180
0.094168 0.028499 0.275180
0.105020 0.073500 0.275180
0.094168 0.073500 0.275180
0.048582 -0.000000 0.180820
0.048582 0.034999 0.180820
0.048582 0.034999 0.222021
0.048582 -0.000000 0.180820
0.048582 -0.000000 0.242338
0.048582 0.034999 0.180820
0.072510 -0.000000 0.180820
0.048582 -0.000000 0.242338
0.048582 -0.000000 0.180820
0.072510 -0.000000 0.275180
0.000000 -0.000000 0.275180
0.000000 -0.000000 0.242338
0.000000 0.034999 0.275180
0.048582 0.034999 0.222021
0.000000 0.034999 0.222021
0.072510 0.034999 0.275180
0.072510 0.034999 0.180820
0.048582 0.034999 0.180820
0.048582 -0.000000 0.242338
0.000000 -0.000000 0.242338
0.000000 0.034999 0.222021
0.048582 0.034999 0.222021
-0.072509 0.034999 0.275180
0.000000 -0.000000 0.275180
0.000000 0.034999 0.275180
-0.072509 -0.000000 0.275180
-0.094168 0.028499 0.180820
-0.094168 0.073500 0.180820
-0.072509 0.034999 0.180820
-0.072509 -0.000000 0.180820
-0.145019 0.028499 0.180820
-0.145019 0.073500 0.180820
-0.072509 0.034999 0.275180
-0.094168 0.028499 0.275180
-0.072509 -0.000000 0.275180
-0.094168 0.073500 0.275180
-0.094168 0.028499 0.275180
-0.072509 -0.000000 0.180820
-0.072509 -0.000000 0.275180
-0.094168 0.028499 0.180820
-0.094168 0.073500 0.180820
-0.094168 0.073500 0.275180
-0.072509 0.034999 0.275180
-0.072509 0.034999 0.180820
-0.145019 0.028499 0.235180
-0.145019 0.073500 0.235180
-0.145019 0.073500 0.180820
-0.145019 0.028499 0.180820
-0.133303 0.028499 0.263464
-0.105019 0.073500 0.275180
-0.133303 0.073500 0.263464
-0.105019 0.028499 0.275180
-0.133303 0.028499 0.263464
-0.133303 0.073500 0.263464
-0.145019 0.073500 0.180820
-0.145019 0.073500 0.235180
-0.094168 0.073500 0.180820
-0.133303 0.073500 0.263464
-0.094168 0.028499 0.180820
-0.145019 0.028499 0.235180
-0.145019 0.028499 0.180820
-0.133303 0.028499 0.263464
-0.105019 0.073500 0.275180
-0.105019 0.028499 0.275180
-0.094168 0.073500 0.275180
-0.094168 0.028499 0.275180
-0.094168 0.028499 0.275180
-0.105019 0.028499 0.275180
-0.105019 0.073500 0.275180
-0.094168 0.073500 0.275180
-0.048581 -0.000000 0.180820
-0.048581 0.034999 0.180820
-0.048581 0.034999 0.222021
-0.048581 -0.000000 0.180820
-0.048581 0.034999 0.180820
-0.048581 -0.000000 0.242338
-0.072509 -0.000000 0.180820
-0.048581 -0.000000 0.242338
-0.072509 -0.000000 0.275180
-0.048581 -0.000000 0.180820
0.000000 -0.000000 0.275180
0.000000 -0.000000 0.242338
0.000000 0.034999 0.275180
-0.048581 0.034999 0.222021
-0.072509 0.034999 0.275180
0.000000 0.034999 0.222021
-0.072509 0.034999 0.180820
-0.048581 0.034999 0.180820
-0.048581 -0.000000 0.242338
0.000000 0.034999 0.222021
0.000000 -0.000000 0.242338
-0.048581 0.034999 0.222021
38 39
41 42
90 91
93 94
602 604
606 608
723 725
727 729
973 974
976 977
32 35
36 37
84 87
88 89
598 600
603 605
719 721
724 726
967 970
971 972
468 471
552 553
546 547
569 570
409 410
432 433
589 590
613 615
710 711
734 736
582 584
606 607
703 705
727 728
598 599
611 613
719 720
732 734
607 609
616 617
728 730
737 738
592 593
610 612
713 714
731 733
599 601
610 611
720 722
731 732
586 587
615 617
707 708
736 738
12 13
14 15
36 39
46 48
64 65
66 67
88 91
98 100
588 590
602 603
709 711
723 724
947 948
949 950
971 974
981 983
0 2
1 3
40 42
49 50
52 54
53 55
92 94
101 102
583 584
614 616
704 705
735 737
935 937
936 938
975 977
984 985
28 29
30 31
37 38
44 50
80 81
82 83
89 90
96 102
594 596
595 597
604 605
612 614
715 717
716 718
725 726
733 735
963 964
965 966
972 973
979 985
16 17
18 19
33 35
45 46
68 69
70 71
85 87
97 98
951 952
953 954
968 970
980 981
4 6
5 7
40 43
49 51
56 58
57 59
92 95
101 103
939 941
940 942
975 978
984 986
24 25
26 27
32 34
44 47
76 77
78 79
84 86
96 99
591 592
600 601
712 713
721 722
959 960
961 962
967 969
979 982
20 21
22 23
33 34
45 47
72 73
74 75
85 86
97 99
955 956
957 958
968 969
980 982
456 457
561 562
458 459
564 566
8 9
10 11
41 43
48 51
60 61
62 63
93 95
100 103
585 586
608 609
706 707
729 730
943 944
945 946
976 978
983 986
551 571
577 578
401 404
436 437
548 549
576 579
320 435
419 420
318 434
409 411
549 570
576 580
551 553
578 581
402 403
417 418
460 559
469 471
463 560
545 547
330 332
407 408
467 567
554 571
416 423
447 449
326 327
330 331
465 568
548 550
324 427
422 430
410 412
446 448
421 431
443 445
468 470
572 581
322 425
406 429
405 428
442 444
104 105
106 107
148 149
152 154
212 214
213 215
256 257
261 263
633 635
647 649
622 623
624 625
639 641
642 643
664 665
666 667
682 684
686 687
328 329
414 415
648 649
657 658
331 332
438 439
544 565
574 575
544 546
575 580
413 431
440 443
405 407
438 442
428 433
444 446
540 543
562 563
461 463
545 566
621 622
631 632
639 640
645 646
663 664
673 674
682 683
689 690
413 414
440 441
421 423
445 447
541 542
564 565
625 626
630 631
638 642
644 646
667 668
672 673
685 686
688 690
747 758
763 764
808 811
813 815
845 855
857 858
906 909
911 913
465 466
550 569
755 756
762 763
803 804
805 806
853 854
857 859
901 902
903 904
464 467
552 554
618 620
627 629
679 681
694 695
637 638
650 651
661 662
669 671
749 750
751 752
797 798
799 800
847 848
849 850
895 896
897 898
412 437
448 450
748 750
765 767
796 797
822 823
846 848
863 865
894 895
920 921
150 151
153 155
160 161
162 163
258 259
260 262
268 270
269 271
653 655
656 658
697 699
700 702
754 756
775 776
802 803
831 833
852 854
873 874
900 901
929 931
746 758
906 908
906 910
808 810
808 812
844 855
470 563
572 573
351 352
366 378
349 350
393 395
346 347
386 387
484 487
524 527
488 490
505 517
118 120
119 121
122 123
124 125
131 133
134 137
144 147
156 158
174 175
176 177
178 181
179 180
192 193
194 197
204 206
208 211
226 227
228 229
230 231
232 233
239 241
242 245
252 255
264 266
282 285
283 284
286 287
288 289
298 299
300 303
310 312
314 315
805 807
813 814
903 905
911 912
999 1001
1000 1002
1003 1004
1005 1006
1016 1026
1019 1024
1033 1036
1042 1043
1063 1064
1065 1066
1067 1070
1068 1069
1085 1098
1087 1095
1105 1107
1114 1115
1133 1134
1135 1136
1137 1138
1139 1140
1150 1160
1153 1158
1167 1170
1176 1177
1197 1200
1198 1199
1201 1202
1203 1204
1217 1230
1219 1227
1237 1239
1245 1247
485 486
508 515
489 491
533 534
345 348
369 376
799 801
816 817
850 851
860 862
752 753
759 761
897 899
914 915
416 418
449 451
460 462
469 561
415 430
426 427
746 757
760 761
907 908
915 916
809 810
817 818
844 856
861 862
406 408
424 425
618 619
633 634
634 635
636 637
692 693
701 702
779 780
780 781
923 924
933 934
675 676
700 701
825 826
835 836
877 878
878 879
627 628
630 632
644 645
650 652
669 670
672 674
688 689
694 696
619 620
624 626
636 638
638 643
660 662
666 668
680 681
685 687
333 335
387 389
678 680
691 693
739 740
741 742
771 773
780 782
881 883
882 884
920 924
925 926
987 990
988 989
1036 1037
1039 1042
1183 1185
1184 1186
1239 1241
1243 1245
659 660
675 677
783 785
784 786
822 826
827 828
837 838
839 840
869 871
878 880
1049 1050
1051 1052
1107 1109
1112 1114
1121 1122
1123 1124
1170 1171
1173 1176
334 336
392 393
473 475
527 528
472 474
530 533
628 629
654 655
695 696
697 698
651 652
653 654
670 671
698 699
318 321
411 436
322 323
429 432
791 793
800 801
838 844
849 851
740 746
751 753
889 891
898 899
621 623
640 641
647 648
656 657
663 665
676 677
683 684
691 692
765 766
781 782
822 824
822 825
863 864
879 880
920 922
920 923
743 744
762 764
841 842
858 859
319 320
417 419
115 128
116 129
132 133
136 137
186 187
188 189
191 193
195 197
223 234
224 236
240 241
244 245
290 294
291 295
297 299
301 303
778 780
834 835
876 878
932 933
324 325
420 422
792 793
792 794
890 891
890 892
769 770
776 777
819 821
832 833
867 868
874 875
917 919
930 931
381 384
385 388
521 522
525 526
249 250
253 254
307 309
311 313
1164 1165
1168 1169
1234 1236
1238 1240
140 143
145 146
200 202
205 207
1029 1032
1034 1035
1101 1103
1106 1108
794 795
811 812
844 845
746 747
892 893
909 910
152 155
153 154
157 158
209 211
260 263
261 262
265 266
315 316
771 772
775 777
827 829
831 832
869 870
873 875
925 927
929 930
572 575
353 355
370 371
492 494
504 506
354 356
365 367
234 237
235 236
238 240
243 244
290 293
291 292
296 297
301 302
1141 1144
1142 1143
1149 1151
1154 1155
1205 1208
1206 1207
1215 1216
1220 1221
126 128
127 129
130 132
135 136
182 183
184 185
190 191
195 196
1007 1009
1008 1010
1015 1017
1020 1021
1071 1072
1073 1074
1083 1084
1088 1089
493 495
509 510
766 767
768 769
819 820
823 824
864 865
866 867
917 918
921 922
748 749
768 770
796 798
820 821
846 847
866 868
894 896
918 919
392 394
452 455
773 774
828 830
871 872
926 928
1039 1041
1112 1113
1173 1175
1243 1246
530 532
555 558
337 341
369 370
110 112
111 113
130 131
134 135
165 169
167 168
190 192
194 196
216 221
217 220
238 239
242 243
272 276
273 277
296 298
300 302
743 745
759 760
787 789
788 790
814 815
816 818
841 843
860 861
885 887
886 888
912 913
914 916
993 995
994 996
1015 1016
1019 1020
1054 1058
1056 1057
1083 1085
1087 1089
1125 1130
1126 1129
1149 1150
1153 1154
1187 1191
1188 1192
1215 1217
1219 1221
476 481
504 505
477 480
508 509
340 342
365 366
531 532
538 539
772 774
778 779
927 928
932 934
1034 1038
1040 1041
1045 1047
1046 1048
1238 1242
1244 1246
1249 1251
1250 1252
829 830
834 836
870 872
876 877
1106 1110
1111 1113
1117 1118
1119 1120
1168 1172
1174 1175
1179 1180
1181 1182
391 394
398 400
385 390
397 399
525 529
536 537
354 355
361 363
341 342
353 356
497 499
500 501
480 481
493 494
357 358
362 364
492 495
502 503
496 498
512 513
112 113
115 116
126 127
128 129
168 169
170 172
182 184
183 185
186 188
187 189
220 221
223 224
234 236
235 237
276 277
279 281
290 291
292 293
294 295
744 745
757 758
787 788
789 790
806 807
808 809
842 843
855 856
885 886
887 888
904 905
906 907
995 996
1007 1008
1011 1014
1057 1058
1059 1061
1071 1073
1072 1074
1075 1078
1076 1077
1079 1081
1080 1082
1091 1092
1093 1094
1129 1130
1142 1144
1145 1147
1191 1192
1194 1196
1207 1208
1209 1211
1210 1212
1213 1214
1223 1224
1225 1226
359 360
373 374
339 340
349 351
109 111
114 116
122 124
123 125
166 167
171 172
178 180
179 181
216 218
222 224
230 232
231 233
273 274
278 281
286 289
287 288
742 747
754 755
792 795
802 804
840 845
852 853
890 893
900 902
987 998
992 994
1003 1005
1004 1006
1055 1056
1060 1061
1067 1069
1068 1070
1121 1132
1125 1127
1137 1139
1138 1140
1188 1189
1193 1196
1201 1204
1202 1203
336 344
350 352
474 483
489 490
476 478
488 491
402 404
450 451
442 443
326 328
439 441
520 523
531 535
382 383
391 396
141 142
157 159
201 203
209 210
248 251
265 267
306 308
316 317
1030 1031
1040 1044
1102 1104
1111 1116
1163 1166
1174 1178
1233 1235
1244 1248
444 445
145 147
148 150
149 151
205 206
253 255
256 258
257 259
311 312
537 538
556 558
248 250
268 271
269 270
306 309
1163 1165
1179 1182
1180 1181
1233 1236
1249 1252
1250 1251
141 143
160 162
161 163
201 202
1030 1032
1045 1046
1047 1048
1102 1103
1117 1119
1118 1120
382 384
399 400
397 398
453 455
520 522
536 539
473 482
484 486
333 343
346 348
337 338
345 347
108 110
115 117
118 121
119 120
164 165
170 173
174 177
175 176
217 219
223 225
226 228
227 229
272 275
279 280
282 284
283 285
989 997
991 993
999 1002
1000 1001
1053 1054
1059 1062
1063 1066
1064 1065
1124 1131
1126 1128
1133 1135
1134 1136
1187 1190
1194 1195
1197 1199
1198 1200
477 479
485 487
518 519
521 523
472 475
555 557
334 335
452 454
104 106
105 107
114 117
138 139
140 142
171 173
198 199
200 203
212 215
213 214
222 225
246 247
249 251
278 280
304 305
307 308
659 661
678 679
739 741
783 784
785 786
791 792
837 839
881 882
883 884
889 890
988 990
1027 1028
1029 1031
1049 1051
1050 1052
1060 1062
1099 1100
1101 1104
1122 1123
1161 1162
1164 1166
1183 1186
1184 1185
1193 1195
1231 1232
1234 1235
379 380
381 383
528 529
556 557
1037 1038
1109 1110
1171 1172
1241 1242
389 390
453 454
362 363
371 372
500 503
506 507
1009 1011
1010 1014
1017 1018
1021 1022
1205 1213
1206 1214
1216 1218
1220 1222
501 502
510 511
496 499
511 514
1079 1082
1080 1081
1084 1086
1088 1090
1141 1147
1143 1145
1151 1152
1155 1156
361 364
367 368
1075 1076
1077 1078
1086 1097
1090 1096
1145 1146
1147 1148
1152 1159
1156 1157
357 360
372 375
497 498
507 516
1011 1013
1012 1014
1018 1025
1022 1023
1209 1212
1210 1211
1218 1229
1222 1228
358 359
368 377
567 568
577 579
540 542
573 574
327 329
424 426
323 325
434 435
464 466
559 560
0 3
1 2
4 7
5 6
8 10
9 11
12 14
13 15
16 18
17 19
20 22
21 23
24 26
25 27
28 30
29 31
52 55
53 54
56 59
57 58
60 62
61 63
64 66
65 67
68 70
69 71
72 74
73 75
76 78
77 79
80 82
81 83
582 583
585 587
588 589
591 593
594 595
596 597
703 704
706 708
709 710
712 714
715 716
717 718
935 938
936 937
939 942
940 941
943 945
944 946
947 949
948 950
951 953
952 954
955 957
956 958
959 961
960 962
963 965
964 966
456 458
541 543
457 459
461 462
319 321
401 403
478 518
534 535
479 519
524 526
339 379
395 396
338 380
386 388
108 138
109 139
144 146
156 159
164 199
166 198
204 207
208 210
218 247
219 246
252 254
264 267
274 305
275 304
310 313
314 317
991 1027
992 1028
1033 1035
1043 1044
1053 1100
1055 1099
1105 1108
1115 1116
1127 1162
1128 1161
1167 1169
1177 1178
1189 1232
1190 1231
1237 1240
1247 1248
344 374
377 378
483 513
516 517
997 1013
998 1012
1023 1024
1025 1026
1091 1093
1092 1094
1095 1096
1097 1098
1131 1148
1132 1146
1157 1158
1159 1160
1223 1225
1224 1226
1227 1228
1229 1230
482 512
514 515
343 373
375 376
