16423472102321149680 773 600
0.149712 -0.505930 0.924828
0.075789 -0.524590 0.948847
0.064470 -0.524590 0.926632
0.046840 -0.524590 0.909002
0.024625 -0.524590 0.897683
-0.000000 -0.524590 0.893783
-0.024625 -0.524590 0.897683
-0.046840 -0.524590 0.909002
-0.064470 -0.524590 0.926632
-0.075789 -0.524590 0.948847
-0.079690 -0.524590 0.973473
-0.075789 -0.524590 0.998098
-0.064470 -0.524590 1.020313
-0.046840 -0.524590 1.037943
-0.024625 -0.524590 1.049262
-0.000000 -0.524590 1.053162
0.024625 -0.524590 1.049262
0.046840 -0.524590 1.037943
0.064470 -0.524590 1.020313
0.075789 -0.524590 0.998098
0.079690 -0.524590 0.973473
0.075789 -0.524590 0.948847
0.149712 -0.505930 0.924828
0.219949 -0.475339 0.902007
0.219949 -0.475339 0.902007
0.284770 -0.433573 0.880945
0.342579 -0.381659 0.862162
0.342579 -0.381659 0.862162
0.391952 -0.320875 0.846120
0.431675 -0.252718 0.833213
0.460768 -0.178867 0.823760
0.478515 -0.101140 0.817994
0.478515 -0.101140 0.817994
0.484480 -0.021450 0.816056
0.484480 -0.021450 0.816056
0.478515 0.058239 0.817994
0.460768 0.135967 0.823760
0.431675 0.209818 0.833213
0.391952 0.277975 0.846120
0.342579 0.338758 0.862162
0.342579 0.338758 0.862162
0.284770 0.390673 0.880945
0.219949 0.432439 0.902007
0.149712 0.463029 0.924828
0.075789 0.481690 0.948847
0.064470 0.481690 0.926632
0.046840 0.481690 0.909002
0.024625 0.481690 0.897683
-0.000000 0.481690 0.893783
-0.024625 0.481690 0.897683
-0.046840 0.481690 0.909002
-0.064470 0.481690 0.926632
-0.075789 0.481690 0.948847
-0.079690 0.481690 0.973473
-0.075789 0.481690 0.998098
-0.064470 0.481690 1.020313
-0.046840 0.481690 1.037943
-0.024625 0.481690 1.049262
-0.000000 0.481690 1.053162
0.024625 0.481690 1.049262
0.046840 0.481690 1.037943
0.064470 0.481690 1.020313
0.075789 0.481690 0.998098
0.079690 0.481690 0.973473
0.075789 0.481690 0.948847
-0.000000 -0.530862 0.973473
-0.000000 -0.530862 0.973473
-0.000000 -0.530862 0.973473
-0.000000 -0.530862 0.973473
-0.000000 -0.530862 0.973473
-0.000000 -0.530862 0.973473
-0.000000 -0.530862 0.973473
-0.000000 -0.530862 0.973473
-0.000000 -0.530862 0.973473
-0.000000 -0.530862 0.973473
-0.000000 -0.530862 0.973473
-0.000000 -0.530862 0.973473
-0.000000 -0.530862 0.973473
-0.000000 -0.530862 0.973473
-0.000000 -0.530862 0.973473
-0.000000 -0.530862 0.973473
-0.000000 -0.530862 0.973473
-0.000000 -0.530862 0.973473
-0.000000 -0.530862 0.973473
-0.000000 0.487962 0.973473
-0.000000 0.487962 0.973473
-0.000000 0.487962 0.973473
-0.000000 0.487962 0.973473
-0.000000 0.487962 0.973473
-0.000000 0.487962 0.973473
-0.000000 0.487962 0.973473
-0.000000 0.487962 0.973473
-0.000000 0.487962 0.973473
-0.000000 0.487962 0.973473
-0.000000 0.487962 0.973473
-0.000000 0.487962 0.973473
-0.000000 0.487962 0.973473
-0.000000 0.487962 0.973473
-0.000000 0.487962 0.973473
-0.000000 0.487962 0.973473
-0.000000 0.487962 0.973473
-0.000000 0.487962 0.973473
-0.000000 0.487962 0.973473
-0.000000 0.487962 0.973473
-0.003240 -0.491540 0.470409
-0.083658 -0.509144 0.472111
-0.100291 -0.509144 0.455479
-0.121248 -0.509144 0.444801
-0.144480 -0.509144 0.441121
-0.167712 -0.509144 0.444801
-0.188670 -0.509144 0.455479
-0.205302 -0.509144 0.472111
-0.215981 -0.509144 0.493069
-0.219660 -0.509144 0.516301
-0.215981 -0.509144 0.539533
-0.205302 -0.509144 0.560491
-0.188670 -0.509144 0.577123
-0.167712 -0.509144 0.587801
-0.144480 -0.509144 0.591481
-0.121248 -0.509144 0.587801
-0.100291 -0.509144 0.577123
-0.083658 -0.509144 0.560491
-0.072980 -0.509144 0.539533
-0.069300 -0.509144 0.516301
-0.072980 -0.509144 0.493069
-0.003240 -0.491540 0.470409
0.063022 -0.462681 0.448879
0.063022 -0.462681 0.448879
0.124175 -0.423278 0.429010
0.178712 -0.374301 0.411289
0.178712 -0.374301 0.411289
0.225292 -0.316957 0.396155
0.262766 -0.252658 0.383979
0.290213 -0.182986 0.375061
0.306956 -0.109657 0.369621
0.306956 -0.109657 0.369621
0.312583 -0.034477 0.367792
0.312583 -0.034477 0.367792
0.306956 0.040703 0.369621
0.290213 0.114032 0.375061
0.262766 0.183704 0.383979
0.225292 0.248003 0.396155
0.225292 0.248003 0.396155
0.178712 0.305347 0.411289
0.124175 0.354324 0.429010
0.063022 0.393727 0.448879
-0.003240 0.422586 0.470409
-0.072980 0.440191 0.493069
-0.083658 0.440191 0.472111
-0.100291 0.440191 0.455479
-0.121248 0.440191 0.444801
-0.144480 0.440191 0.441121
-0.167712 0.440191 0.444801
-0.188670 0.440191 0.455479
-0.205302 0.440191 0.472111
-0.215981 0.440191 0.493069
-0.219660 0.440191 0.516301
-0.215981 0.440191 0.539533
-0.205302 0.440191 0.560491
-0.188670 0.440191 0.577123
-0.167712 0.440191 0.587801
-0.144480 0.440191 0.591481
-0.121248 0.440191 0.587801
-0.100291 0.440191 0.577123
-0.083658 0.440191 0.560491
-0.072980 0.440191 0.539533
-0.069300 0.440191 0.516301
-0.072980 0.440191 0.493069
-0.144480 -0.515061 0.516301
-0.144480 -0.515061 0.516301
-0.144480 -0.515061 0.516301
-0.144480 -0.515061 0.516301
-0.144480 -0.515061 0.516301
-0.144480 -0.515061 0.516301
-0.144480 -0.515061 0.516301
-0.144480 -0.515061 0.516301
-0.144480 -0.515061 0.516301
-0.144480 -0.515061 0.516301
-0.144480 -0.515061 0.516301
-0.144480 -0.515061 0.516301
-0.144480 -0.515061 0.516301
-0.144480 -0.515061 0.516301
-0.144480 -0.515061 0.516301
-0.144480 -0.515061 0.516301
-0.144480 -0.515061 0.516301
-0.144480 -0.515061 0.516301
-0.144480 -0.515061 0.516301
-0.144480 0.446107 0.516301
-0.144480 0.446107 0.516301
-0.144480 0.446107 0.516301
-0.144480 0.446107 0.516301
-0.144480 0.446107 0.516301
-0.144480 0.446107 0.516301
-0.144480 0.446107 0.516301
-0.144480 0.446107 0.516301
-0.144480 0.446107 0.516301
-0.144480 0.446107 0.516301
-0.144480 0.446107 0.516301
-0.144480 0.446107 0.516301
-0.144480 0.446107 0.516301
-0.144480 0.446107 0.516301
-0.144480 0.446107 0.516301
-0.144480 0.446107 0.516301
-0.144480 0.446107 0.516301
-0.144480 0.446107 0.516301
-0.144480 0.446107 0.516301
-0.144480 0.446107 0.516301
-0.137274 -0.126031 0.549559
-0.122539 -0.124096 0.541299
-0.091266 -0.034622 0.517362
-0.106366 -0.021898 0.535967
-0.108500 -0.041235 0.520155
-0.203163 -0.084613 0.539507
-0.212656 -0.077139 0.533299
-0.203562 -0.100004 0.525803
-0.174103 0.028817 0.539414
-0.179108 0.029494 0.527456
-0.168541 0.015799 0.536402
-0.079704 -0.033810 0.455243
-0.108957 0.009406 0.453082
-0.160682 0.028532 0.485799
-0.156777 0.038548 0.509920
-0.106073 0.024790 0.496302
-0.085411 0.003028 0.476830
-0.093033 0.018458 0.482236
-0.117907 0.006763 0.521261
-0.105112 0.006203 0.521118
-0.117187 0.020830 0.521622
-0.186089 -0.105391 0.530670
-0.171758 -0.100522 0.544977
-0.186761 -0.104873 0.539013
-0.111914 -0.032126 0.534563
-0.144928 -0.073855 0.589077
-0.151337 -0.092836 0.579393
-0.136885 -0.083375 0.570961
-0.118844 -0.121822 0.525781
-0.100042 -0.111272 0.515713
-0.106574 -0.115298 0.529916
-0.095562 -0.071696 0.437741
-0.069041 -0.065535 0.490199
-0.071901 -0.055752 0.472268
-0.076178 -0.099875 0.492496
-0.175031 -0.062866 0.548888
-0.161647 -0.046187 0.549149
-0.132533 -0.053152 0.580523
-0.140406 -0.040472 0.573750
-0.148400 -0.043497 0.584924
-0.158864 -0.049504 0.580105
-0.148263 -0.043187 0.615062
-0.156778 -0.052175 0.611869
-0.162494 -0.056000 0.583788
-0.158164 -0.065547 0.593096
-0.101643 -0.081071 0.516192
-0.105153 -0.097745 0.533600
-0.092785 -0.095245 0.514005
-0.131509 -0.062698 0.582373
-0.131134 -0.087353 0.565127
-0.113395 -0.069594 0.565781
-0.115235 -0.058960 0.529261
-0.111554 -0.066072 0.540963
-0.128004 -0.085449 0.556840
-0.119092 -0.055684 0.542364
-0.120422 -0.043744 0.548989
-0.113480 -0.057982 0.556539
-0.085259 0.007370 0.488040
-0.083734 -0.007198 0.487378
-0.074729 -0.005899 0.481157
-0.069047 -0.035347 0.504172
-0.067969 -0.052944 0.502904
-0.153709 -0.142032 0.512791
-0.163305 0.027113 0.476540
-0.185248 0.019761 0.471655
-0.185008 0.025655 0.494228
-0.212228 -0.003778 0.492864
-0.218194 0.006997 0.511898
-0.198274 0.010796 0.476659
-0.217143 -0.005624 0.521375
-0.188117 0.007806 0.528201
-0.196412 0.013653 0.527034
-0.116358 -0.086625 0.527493
-0.126189 -0.096789 0.540248
-0.114610 -0.110302 0.537698
-0.143790 -0.122388 0.541576
-0.131105 -0.108964 0.546766
-0.137027 -0.110185 0.543280
-0.192618 -0.019775 0.540653
-0.183890 -0.006851 0.545182
-0.194899 -0.005529 0.532791
-0.222262 -0.062630 0.539628
-0.213214 -0.046467 0.549815
-0.226934 -0.033684 0.530555
-0.190531 -0.059016 0.551167
-0.191695 -0.047022 0.543683
-0.191708 -0.047054 0.568265
-0.220977 -0.023531 0.524350
-0.220291 -0.029192 0.545350
-0.202441 -0.026786 0.539469
-0.129717 -0.015390 0.551244
-0.120087 -0.020102 0.544895
-0.169356 -0.027810 0.545752
-0.172274 -0.037928 0.536484
-0.142720 0.028161 0.478754
-0.121953 0.033600 0.500603
-0.124275 0.027782 0.480204
-0.205311 -0.108564 0.524843
-0.226543 -0.066212 0.543815
-0.120886 -0.006060 0.532582
-0.090025 -0.072746 0.509182
-0.090092 -0.080931 0.513554
-0.069415 -0.065966 0.466739
-0.063556 -0.072224 0.491773
-0.069122 -0.088173 0.498410
-0.186349 -0.117855 0.523824
-0.164280 -0.132804 0.530666
-0.149873 -0.127905 0.526165
-0.148651 -0.138859 0.517470
-0.097949 -0.086199 0.439994
-0.142774 -0.100373 0.551372
-0.162860 -0.098933 0.556266
-0.153112 -0.116371 0.535764
-0.165080 0.032844 0.465167
-0.135232 0.025872 0.464023
-0.080932 -0.030223 0.451209
-0.141902 -0.112395 0.442034
-0.174984 -0.071669 0.581214
-0.164544 -0.079201 0.578133
-0.164138 -0.067883 0.583154
-0.156489 -0.044384 0.559096
-0.091042 -0.017538 0.516549
-0.104363 -0.012393 0.524776
-0.113421 -0.010500 0.537791
-0.228493 -0.025091 0.492767
-0.213925 -0.004463 0.481203
-0.178936 0.027137 0.469362
-0.192871 0.003582 0.460657
-0.114853 -0.125261 0.519144
-0.201907 -0.067645 0.547459
-0.194732 -0.082001 0.549626
-0.181911 -0.056804 0.575407
-0.188347 -0.090527 0.564606
-0.183568 -0.091393 0.557114
-0.164343 -0.101439 0.559927
-0.186350 -0.062166 0.559525
-0.189799 -0.079077 0.558669
-0.173336 0.005223 0.544666
-0.161338 -0.001026 0.547743
-0.158819 0.007542 0.539420
-0.166561 -0.016588 0.554554
-0.156664 -0.019812 0.554689
-0.147352 -0.041688 0.564586
-0.191924 0.011332 0.502505
-0.202104 0.013061 0.514132
-0.187962 0.021167 0.514049
-0.188484 0.023615 0.521981
-0.137772 -0.087845 0.557621
-0.156402 -0.086761 0.566538
-0.166361 -0.093221 0.573036
-0.180468 -0.095406 0.570614
-0.066246 -0.062331 0.476722
-0.093639 -0.115782 0.496343
-0.081266 -0.099059 0.508349
-0.095817 -0.104707 0.505635
-0.085404 -0.083444 0.508729
-0.210071 -0.063172 0.544296
-0.128015 0.039910 0.520276
-0.128372 0.031008 0.528898
-0.146752 0.035548 0.535419
-0.154215 0.013782 0.534128
-0.085259 0.007370 0.488040
-0.235694 -0.031508 0.525776
-0.220225 -0.019181 0.514993
-0.228064 -0.017318 0.508382
-0.217281 0.006200 0.525225
-0.222869 -0.006413 0.510520
-0.093457 0.004730 0.506585
-0.083999 -0.017701 0.510794
-0.088026 -0.024232 0.508503
-0.130627 -0.040308 0.569215
-0.133798 -0.045219 0.553710
-0.121296 -0.047535 0.561459
-0.084882 -0.085531 0.449979
-0.085115 -0.070751 0.444349
-0.130151 -0.086797 0.550445
-0.112077 -0.069682 0.518024
-0.145705 -0.032940 0.565065
-0.142762 -0.010333 0.557505
-0.120886 -0.006060 0.532582
-0.132377 0.009039 0.543666
-0.147925 0.002814 0.545055
-0.144266 -0.002139 0.532056
-0.139616 0.001968 0.524394
-0.142201 0.012643 0.542661
-0.128613 0.008694 0.526288
-0.137591 -0.140845 0.508620
-0.128463 -0.135318 0.517530
-0.177345 0.023480 0.508606
-0.171739 0.040877 0.517182
-0.121609 -0.078142 0.527560
-0.072652 -0.017959 0.472204
-0.069627 -0.079071 0.499259
-0.201766 -0.046049 0.563555
-0.190925 -0.039775 0.537867
-0.200190 -0.032361 0.560101
-0.190047 -0.039397 0.557228
-0.119477 -0.048814 0.535740
-0.115721 0.032046 0.511787
-0.094260 0.014366 0.506904
-0.205220 0.014217 0.494107
-0.076673 -0.053525 0.507457
-0.088175 -0.058486 0.514781
-0.136623 -0.069457 0.586228
-0.197641 0.018271 0.498714
-0.209246 0.015020 0.512639
-0.142189 -0.047880 0.603312
-0.140590 -0.043164 0.587069
-0.133431 -0.047677 0.601236
-0.133431 -0.096564 0.546879
-0.126009 -0.117473 0.541730
-0.068958 -0.032051 0.478581
-0.070817 -0.012843 0.488698
-0.069047 -0.035347 0.504172
-0.080785 -0.037310 0.502204
-0.076673 -0.053525 0.507457
-0.159003 -0.109950 0.445044
-0.121849 0.022859 0.460743
-0.207483 0.007580 0.521999
-0.231371 -0.064062 0.540639
-0.133413 -0.022315 0.562263
-0.180942 0.012772 0.525737
-0.144085 -0.108011 0.540516
-0.142633 -0.128954 0.535022
-0.154072 -0.123556 0.531532
-0.166026 0.030763 0.504901
-0.182725 0.030687 0.506893
-0.186828 0.030468 0.515291
-0.192252 -0.098277 0.538806
-0.161032 -0.078670 0.587024
-0.157697 -0.089230 0.578037
-0.210238 -0.041855 0.559569
-0.194383 -0.034096 0.569936
-0.200820 -0.025382 0.549934
-0.209832 -0.032403 0.543440
-0.213216 -0.030927 0.555093
-0.187078 -0.081051 0.572999
-0.172520 -0.086779 0.579277
-0.234889 -0.059427 0.530558
-0.079307 -0.060531 0.458280
-0.137754 -0.068170 0.601910
-0.159484 0.030027 0.545345
-0.232148 -0.021020 0.504365
-0.206993 -0.019414 0.533244
-0.104281 -0.060946 0.544802
-0.206958 -0.068561 0.534464
-0.074729 -0.005899 0.481157
-0.117907 0.006763 0.521261
-0.109575 0.029841 0.493740
-0.106005 -0.003530 0.521374
-0.090831 -0.004604 0.516446
-0.102295 -0.054548 0.543421
-0.090345 -0.011131 0.537119
-0.098850 0.001734 0.516609
-0.100178 -0.014724 0.515376
-0.113615 -0.060134 0.537981
-0.087858 -0.003043 0.534207
-0.084454 -0.012636 0.534687
-0.204679 -0.008235 0.531114
-0.212739 -0.021381 0.524900
-0.100547 -0.114767 0.506546
-0.108624 -0.126291 0.511851
-0.098297 -0.121038 0.512093
-0.075010 -0.030890 0.502971
-0.082161 -0.066110 0.503541
-0.069097 -0.064609 0.499481
-0.133444 -0.141432 0.523934
-0.094260 0.014366 0.506904
-0.103987 0.027705 0.514048
-0.074998 -0.026209 0.508088
-0.074762 -0.020193 0.493856
-0.163221 -0.140496 0.531860
-0.070817 -0.012843 0.488698
-0.064313 -0.007770 0.492633
-0.133413 -0.022315 0.562263
-0.140406 -0.040472 0.573750
-0.140590 -0.043164 0.587069
-0.117187 0.020830 0.521622
-0.183241 -0.095301 0.549080
-0.200830 -0.085343 0.546040
-0.093457 0.004730 0.506585
-0.103987 0.027705 0.514048
-0.083282 -0.050716 0.448163
-0.100042 -0.111272 0.515713
-0.114853 -0.125261 0.519144
-0.123122 -0.136198 0.521326
-0.089395 -0.006222 0.552451
-0.128560 -0.125699 0.555095
-0.194285 -0.018658 0.531240
-0.086274 -0.081458 0.438408
-0.147053 -0.037701 0.577020
-0.092785 -0.095245 0.514005
-0.106337 -0.009425 0.516123
-0.169810 0.014664 0.463967
-0.146043 0.021495 0.460865
-0.125239 0.012016 0.441151
-0.121797 0.016449 0.458683
-0.099976 0.000876 0.438509
-0.097218 0.004042 0.456264
-0.090893 -0.026021 0.461029
-0.085255 -0.051754 0.465963
-0.084831 -0.055042 0.446545
-0.085255 -0.051754 0.465963
-0.083471 -0.076355 0.471899
-0.084831 -0.055042 0.446545
-0.096484 -0.095322 0.478901
-0.099084 -0.097644 0.459470
-0.109770 -0.113104 0.485510
-0.113910 -0.113158 0.466085
-0.130651 -0.122189 0.490876
-0.154272 -0.122937 0.494384
-0.177887 -0.121528 0.496738
-0.197581 -0.112076 0.496353
-0.213221 -0.100995 0.473934
-0.214144 -0.099759 0.495239
-0.222893 -0.081964 0.491591
-0.216469 -0.082767 0.469952
-0.222466 -0.063128 0.487108
-0.222372 -0.044886 0.481674
-0.225992 -0.047608 0.462398
-0.215581 -0.027862 0.475812
-0.225992 -0.047608 0.462398
-0.201563 -0.014595 0.471241
-0.210975 -0.012335 0.451839
-0.187752 -0.000232 0.467604
-0.172566 -0.001945 0.428533
-0.135162 -0.003694 0.406049
-0.111330 -0.010709 0.423402
-0.122805 -0.022704 0.407567
-0.099231 -0.033825 0.425225
-0.079629 -0.057440 0.426096
-0.082752 -0.060935 0.405957
-0.079629 -0.057440 0.426096
-0.077652 -0.085754 0.431978
-0.084800 -0.088305 0.412151
-0.082752 -0.060935 0.405957
-0.158513 -0.142759 0.457371
-0.161022 -0.144623 0.435347
-0.233432 -0.092264 0.430612
-0.228228 -0.088050 0.451522
-0.226682 -0.051217 0.442011
-0.230571 -0.054217 0.421300
-0.230571 -0.054217 0.421300
-0.226682 -0.051217 0.442011
-0.211984 -0.017566 0.432045
-0.217654 -0.018329 0.411826
-0.194000 -0.006310 0.429305
-0.145513 -0.015866 0.340026
-0.135385 0.000240 0.382918
-0.113752 -0.049630 0.339731
-0.092445 -0.065366 0.385991
-0.111250 -0.074165 0.342592
-0.092445 -0.065366 0.385991
-0.111250 -0.074165 0.342592
-0.113804 -0.117812 0.350399
-0.119173 -0.127514 0.403750
-0.112107 -0.151333 0.354366
-0.139847 -0.160847 0.359821
-0.168455 -0.162041 0.362794
-0.211348 -0.131976 0.412107
-0.225429 -0.151487 0.364222
-0.236429 -0.126286 0.361653
-0.230751 -0.058435 0.398823
-0.235842 -0.066163 0.351774
-0.235842 -0.066163 0.351774
-0.230751 -0.058435 0.398823
-0.217942 -0.024356 0.390386
-0.125187 -0.059763 0.292076
-0.122221 -0.082068 0.293848
-0.123223 -0.124872 0.299145
-0.216833 -0.144350 0.309088
-0.228882 -0.127201 0.308000
-0.233135 -0.108756 0.306379
-0.228942 -0.060561 0.298893
-0.236610 -0.075288 0.301400
-0.134805 -0.068271 0.244078
-0.125729 -0.089954 0.242709
-0.125729 -0.089954 0.242709
-0.199290 -0.154226 0.254848
-0.232786 -0.114364 0.253523
-0.224016 -0.099035 0.252625
-0.232561 -0.069674 0.248747
-0.226282 -0.086031 0.250816
-0.217065 -0.059563 0.248743
-0.148078 -0.052655 0.198931
-0.142365 -0.076461 0.198048
-0.145427 -0.097561 0.198426
-0.145427 -0.097561 0.198426
-0.202238 -0.154359 0.203558
-0.221879 -0.105277 0.203858
-0.225750 -0.094402 0.202727
-0.222345 -0.082141 0.202031
-0.218703 -0.069313 0.202706
-0.189673 -0.042679 0.164764
-0.171983 -0.043004 0.161980
-0.153709 -0.059604 0.159842
-0.152906 -0.105421 0.156573
-0.152906 -0.105421 0.156573
-0.190127 -0.148297 0.159507
-0.201147 -0.141178 0.159222
-0.225552 -0.102743 0.161247
-0.225552 -0.102743 0.161247
-0.194608 -0.038774 0.130593
-0.215029 -0.052676 0.131937
-0.181816 -0.047159 0.128174
-0.157860 -0.064985 0.127981
-0.146686 -0.094950 0.118873
-0.150779 -0.118086 0.117713
-0.150779 -0.118086 0.117713
-0.160707 -0.129097 0.114566
-0.168942 -0.145811 0.120157
-0.176598 -0.147350 0.120693
-0.182628 -0.151207 0.119724
-0.192987 -0.150800 0.119361
-0.202361 -0.144548 0.118032
-0.214790 -0.144429 0.119196
-0.219747 -0.135117 0.120800
-0.226342 -0.124135 0.121055
-0.227703 -0.118298 0.122432
-0.228639 -0.111082 0.121952
-0.230523 -0.095510 0.120736
-0.228639 -0.111082 0.121952
-0.231242 -0.085478 0.125714
-0.226922 -0.070877 0.126953
-0.162185 -0.113986 0.154926
-0.158335 -0.098745 0.149580
-0.155766 -0.102449 0.134428
-0.164944 -0.126279 0.159603
-0.180665 -0.138981 0.147963
-0.169900 -0.139595 0.166371
-0.157776 -0.077061 0.146437
-0.165929 -0.055500 0.137072
-0.158761 -0.072648 0.115669
-0.167431 -0.056406 0.124001
-0.158355 -0.102853 0.124544
-0.152115 -0.093369 0.111417
-0.163927 -0.115732 0.126951
-0.171043 -0.128873 0.129381
-0.177335 -0.137377 0.128323
-0.176956 -0.144860 0.167224
-0.173985 -0.147429 0.108917
-0.191429 -0.138535 0.125374
-0.190963 -0.149826 0.108434
-0.191429 -0.138535 0.125374
-0.204316 -0.134212 0.122677
-0.190963 -0.149826 0.108434
-0.191692 -0.139561 0.149460
-0.190086 -0.144708 0.169474
-0.191692 -0.139561 0.149460
-0.204175 -0.136870 0.167719
-0.190086 -0.144708 0.169474
-0.180484 -0.052481 0.136625
-0.163437 -0.052886 0.155575
-0.179142 -0.047525 0.123920
-0.199660 -0.046496 0.125683
-0.201421 -0.049634 0.138652
-0.211482 -0.053710 0.126682
-0.210894 -0.054632 0.151677
-0.199138 -0.054343 0.171625
-0.210874 -0.058258 0.168724
-0.214182 -0.065156 0.168726
-0.216208 -0.062550 0.127704
-0.219824 -0.074899 0.124617
-0.219997 -0.072619 0.136659
-0.219203 -0.078161 0.166341
-0.188538 -0.156034 0.092381
-0.223557 -0.095106 0.166310
-0.220354 -0.118114 0.165938
-0.215510 -0.129043 0.165997
-0.214830 -0.126858 0.146446
-0.225104 -0.087866 0.127383
-0.230501 -0.102275 0.116321
-0.224042 -0.097300 0.127446
-0.212496 -0.126132 0.124464
-0.218428 -0.112368 0.124745
-0.222126 -0.106184 0.123276
-0.226337 -0.120448 0.112344
-0.221268 -0.116525 0.116967
-0.233344 -0.122669 0.098162
-0.237214 -0.096885 0.108215
-0.263257 0.025758 -0.021127
-0.260759 0.051998 -0.019131
-0.142833 0.052311 -0.019889
-0.141019 0.024433 -0.019867
-0.252377 0.078658 -0.015416
-0.145464 0.002574 -0.017698
-0.153801 -0.024765 -0.013801
-0.259615 -0.025133 -0.013061
-0.256065 -0.050843 -0.001830
-0.253001 -0.069171 0.001825
-0.253054 -0.086920 0.001429
-0.251250 -0.089346 -0.016412
-0.248773 -0.118890 -0.016671
-0.239219 -0.141682 -0.016177
-0.226672 -0.155060 -0.016502
-0.208385 -0.162883 -0.016507
-0.156343 -0.045159 -0.004956
-0.155127 -0.067075 0.001654
-0.153404 -0.084887 0.000513
-0.188653 -0.164413 0.020596
-0.188417 -0.164227 0.000700
-0.189330 -0.162481 -0.016464
-0.188417 -0.164227 0.000700
-0.174213 -0.154354 -0.017633
-0.188653 -0.164413 0.020596
-0.161437 -0.145083 -0.016463
-0.153886 -0.123921 -0.016685
-0.156135 -0.088071 -0.016401
-0.154068 -0.103962 -0.016876
-0.198765 -0.007854 0.097294
-0.197578 -0.022783 0.105707
-0.201045 0.007484 0.084345
-0.199280 -0.034028 0.114240
-0.151754 -0.059521 0.100852
-0.242144 -0.103539 0.091876
-0.185974 -0.161219 0.064933
-0.187693 -0.165079 0.042284
-0.187693 -0.165079 0.042284
-0.146920 -0.083592 0.100331
-0.154135 0.097204 -0.012302
-0.165324 0.114129 -0.007240
-0.180199 0.124435 -0.004541
-0.213567 0.123712 -0.004493
-0.228924 0.114456 -0.006946
-0.241794 0.099214 -0.011093
-0.178413 0.106634 0.043379
-0.196312 0.109633 0.044868
-0.195261 0.126748 -0.004194
-0.201731 -0.085743 0.000919
-0.253001 -0.069171 0.001825
-0.253054 -0.086920 0.001429
-0.256065 -0.050843 -0.001830
-0.259615 -0.025133 -0.013061
-0.263415 -0.001582 -0.017797
-0.263257 0.025758 -0.021127
-0.260759 0.051998 -0.019131
-0.252377 0.078658 -0.015416
-0.241794 0.099214 -0.011093
-0.228924 0.114456 -0.006946
-0.253054 -0.086920 0.001429
-0.201731 -0.085743 0.000919
-0.251250 -0.089346 -0.016412
-0.202231 -0.088555 -0.016426
-0.202231 -0.088555 -0.016426
-0.248773 -0.118890 -0.016671
-0.239219 -0.141682 -0.016177
-0.226672 -0.155060 -0.016502
-0.153886 -0.123921 -0.016685
-0.161437 -0.145083 -0.016463
-0.156135 -0.088071 -0.016401
-0.153404 -0.084887 0.000513
-0.156135 -0.088071 -0.016401
-0.155127 -0.067075 0.001654
-0.156343 -0.045159 -0.004956
-0.153801 -0.024765 -0.013801
-0.145464 0.002574 -0.017698
-0.141019 0.024433 -0.019867
-0.142833 0.052311 -0.019889
-0.146483 0.074196 -0.016951
-0.154135 0.097204 -0.012302
-0.165324 0.114129 -0.007240
-0.189330 -0.162481 -0.016464
-0.174213 -0.154354 -0.017633
-0.208385 -0.162883 -0.016507
-0.195261 0.126748 -0.004194
-0.213567 0.123712 -0.004493
0 1
21 22
43 44
2 65
45 84
44 84
64 103
3 66
46 85
0 23
22 24
42 43
5 68
5 69
48 87
4 67
47 86
25 27
39 41
6 70
49 88
49 89
30 31
35 36
26 28
38 40
10 73
53 93
7 71
50 90
29 30
36 37
11 74
54 94
9 73
52 92
8 72
51 91
12 75
55 94
14 77
14 78
57 96
15 79
58 97
13 76
56 95
24 25
41 42
28 29
37 38
19 83
62 102
16 80
59 98
59 99
17 81
60 100
20 83
63 103
18 82
61 101
34 35
31 33
32 34
129 131
141 143
147 187
167 206
104 126
125 127
145 146
105 168
148 187
107 170
150 189
106 169
149 188
109 173
152 191
152 192
133 134
138 139
108 171
108 172
151 190
110 174
153 193
112 176
114 177
155 195
157 196
128 130
143 144
132 133
139 140
115 178
158 197
119 183
162 201
162 202
113 176
156 196
116 179
159 198
111 175
154 194
121 185
164 204
117 180
117 181
160 199
122 185
165 205
118 182
161 200
123 186
166 206
124 125
146 147
120 184
163 203
127 128
144 145
131 132
140 142
134 136
135 137
137 138
567 577
579 587
562 563
561 562
568 578
566 567
556 557
579 586
581 589
561 576
575 584
585 595
735 737
580 588
304 305
574 582
583 592
588 598
587 596
589 598
584 594
219 322
747 757
557 558
559 560
569 570
571 572
590 599
554 555
749 758
750 756
593 603
606 622
597 607
603 614
604 615
605 620
258 260
608 628
591 602
264 475
601 611
600 609
508 536
502 534
332 373
536 537
320 321
297 378
611 612
563 564
698 699
265 476
302 365
248 414
539 540
249 250
276 278
692 693
761 762
564 565
365 488
333 334
418 480
694 695
688 691
672 722
227 406
689 690
312 313
385 391
209 210
336 400
506 507
387 454
687 688
741 742
273 275
279 281
213 214
255 257
256 257
633 642
327 348
500 501
637 638
501 503
360 399
609 610
699 700
751 752
720 725
252 253
739 740
398 480
234 255
650 655
369 449
363 486
510 512
359 360
516 517
235 236
245 379
517 518
369 371
270 271
500 531
613 614
691 731
743 744
514 516
253 254
673 674
224 455
249 251
722 724
226 306
280 397
345 385
703 704
759 760
548 569
549 572
533 535
297 306
542 559
245 427
712 713
754 755
513 515
690 692
762 763
764 765
610 630
277 344
552 573
232 233
543 544
639 642
504 534
645 647
318 340
286 347
545 546
231 330
532 553
418 419
294 295
467 491
706 723
304 435
529 530
391 392
208 430
208 237
296 402
244 415
242 243
508 537
511 539
540 541
658 662
288 289
415 447
726 727
766 767
322 489
228 229
653 654
526 547
528 550
537 538
519 521
236 335
315 478
211 404
530 551
315 394
635 646
438 439
246 349
367 448
350 412
231 262
730 731
648 649
650 652
529 531
716 718
222 224
521 522
219 424
365 366
267 408
420 422
220 432
468 492
350 395
328 464
709 711
389 392
701 702
753 770
527 529
509 511
675 676
464 493
216 217
616 617
401 403
247 326
306 329
233 234
420 477
282 283
266 477
258 451
311 360
275 407
678 683
524 525
346 389
520 523
736 738
638 659
233 436
298 306
463 493
670 677
771 772
276 294
301 303
411 412
362 471
686 721
264 266
368 453
504 505
310 358
732 733
396 433
729 730
745 772
746 748
457 463
223 224
474 475
696 697
736 737
490 498
267 268
259 263
262 263
323 423
331 371
664 666
705 714
757 758
324 338
649 672
225 306
386 454
641 642
372 412
338 342
214 435
707 708
212 452
359 469
288 452
768 769
318 355
366 448
413 414
261 458
229 230
484 488
217 428
631 632
240 446
414 415
328 329
316 380
272 395
239 399
253 281
285 286
376 421
656 657
236 237
242 291
459 493
286 344
714 715
276 465
683 685
385 481
383 397
417 494
260 416
393 473
710 712
755 769
215 448
380 381
375 457
634 636
341 356
320 333
242 342
324 444
307 409
261 263
272 411
728 734
263 451
643 644
208 494
467 468
680 681
378 379
241 311
362 498
291 336
343 443
640 660
264 265
446 489
302 455
359 361
357 444
254 308
284 416
440 442
409 422
215 217
403 439
282 431
388 389
230 485
274 373
217 344
717 719
291 292
667 671
377 379
321 424
309 446
454 484
258 261
299 300
340 343
421 476
374 457
313 431
471 472
458 462
658 660
482 483
297 427
210 330
238 496
661 662
460 499
631 634
317 429
646 654
290 294
668 669
346 388
221 432
262 379
349 497
352 433
361 498
339 343
328 457
450 495
623 624
225 226
248 249
339 443
405 488
665 666
375 476
384 482
283 416
621 622
276 372
364 365
402 440
380 496
381 496
371 373
268 472
295 442
325 437
682 684
285 296
250 326
674 675
355 437
460 487
210 231
426 445
651 680
450 465
451 462
402 439
314 430
243 327
620 621
627 629
293 400
295 441
309 358
351 425
419 453
207 282
382 416
328 376
337 343
644 645
213 452
294 370
207 494
287 465
277 278
394 473
296 441
663 668
256 354
679 682
271 333
246 497
291 342
389 390
232 410
477 479
353 434
259 451
374 474
406 487
329 456
285 495
433 434
292 401
307 308
288 426
395 433
234 256
277 428
239 310
421 470
294 466
319 431
228 230
352 353
461 499
482 497
456 499
269 315
625 626
618 619
288 305
470 476
371 449
394 492
305 426
218 322
