5096009112847890744 1102 1064
0.560902 -0.289607 1.355374
0.515431 -0.347750 1.352125
0.524881 -0.344784 1.370763
0.502295 -0.354771 1.337172
0.486758 -0.365160 1.327366
0.470342 -0.377900 1.323668
0.454653 -0.391743 1.326440
0.441228 -0.405335 1.335410
0.431379 -0.417345 1.349701
0.426072 -0.426598 1.367913
0.425825 -0.432187 1.388264
0.430664 -0.433566 1.408761
0.440114 -0.430600 1.427399
0.453250 -0.423579 1.442352
0.468786 -0.413190 1.452158
0.485202 -0.400451 1.455856
0.500891 -0.386607 1.453084
0.514317 -0.373015 1.444114
0.524165 -0.361005 1.429823
0.529472 -0.351753 1.411611
0.529719 -0.346163 1.391260
0.524881 -0.344784 1.370763
0.560902 -0.289607 1.355374
0.588286 -0.228994 1.342918
0.588286 -0.228994 1.342918
0.606359 -0.164439 1.333702
0.606359 -0.164439 1.333702
0.614675 -0.097531 1.327952
0.614675 -0.097531 1.327952
0.613029 -0.029917 1.325811
0.613029 -0.029917 1.325811
0.601463 0.036737 1.327331
0.601463 0.036737 1.327331
0.580260 0.100791 1.332475
0.580260 0.100791 1.332475
0.549943 0.160668 1.341115
0.549943 0.160668 1.341115
0.511259 0.214892 1.353040
0.511259 0.214892 1.353040
0.465160 0.262128 1.367955
0.465160 0.262128 1.367955
0.412780 0.301215 1.385493
0.412780 0.301215 1.385493
0.355411 0.331188 1.405223
0.355411 0.331188 1.405223
0.294464 0.351311 1.426659
0.294464 0.351311 1.426659
0.231441 0.361087 1.449272
0.231441 0.361087 1.449272
0.167892 0.360276 1.472506
0.167892 0.360276 1.472506
0.105383 0.348898 1.495790
0.105383 0.348898 1.495790
0.045453 0.327233 1.518548
0.045453 0.327233 1.518548
-0.019872 0.292848 1.521585
-0.010422 0.295814 1.540222
-0.033008 0.285827 1.506631
-0.048544 0.275438 1.496826
-0.064960 0.262698 1.493128
-0.080649 0.248855 1.495900
-0.094075 0.235263 1.504870
-0.103923 0.223253 1.519161
-0.109230 0.214001 1.537373
-0.109477 0.208411 1.557724
-0.104639 0.207032 1.578221
-0.095189 0.209998 1.596859
-0.082053 0.217019 1.611812
-0.066516 0.227408 1.621618
-0.050100 0.240148 1.625316
-0.034412 0.253991 1.622544
-0.020986 0.267583 1.613573
-0.011137 0.279593 1.599283
-0.005830 0.288846 1.581071
-0.005583 0.294435 1.560720
-0.010422 0.295814 1.540222
0.481108 -0.393168 1.388706
0.481108 -0.393168 1.388706
0.481108 -0.393168 1.388706
0.481108 -0.393168 1.388706
0.481108 -0.393168 1.388706
0.481108 -0.393168 1.388706
0.481108 -0.393168 1.388706
0.481108 -0.393168 1.388706
0.481108 -0.393168 1.388706
0.481108 -0.393168 1.388706
0.481108 -0.393168 1.388706
0.481108 -0.393168 1.388706
0.481108 -0.393168 1.388706
0.481108 -0.393168 1.388706
0.481108 -0.393168 1.388706
0.481108 -0.393168 1.388706
0.481108 -0.393168 1.388706
0.481108 -0.393168 1.388706
0.481108 -0.393168 1.388706
0.481108 -0.393168 1.388706
-0.060867 0.255416 1.560278
-0.060867 0.255416 1.560278
-0.060867 0.255416 1.560278
-0.060867 0.255416 1.560278
-0.060867 0.255416 1.560278
-0.060867 0.255416 1.560278
-0.060867 0.255416 1.560278
-0.060867 0.255416 1.560278
-0.060867 0.255416 1.560278
-0.060867 0.255416 1.560278
-0.060867 0.255416 1.560278
-0.060867 0.255416 1.560278
-0.060867 0.255416 1.560278
-0.060867 0.255416 1.560278
-0.060867 0.255416 1.560278
-0.060867 0.255416 1.560278
-0.060867 0.255416 1.560278
-0.060867 0.255416 1.560278
-0.060867 0.255416 1.560278
-0.060867 0.255416 1.560278
0.199572 0.027052 1.520444
0.199797 0.021111 1.530306
0.196210 0.019982 1.518437
0.195878 0.014413 1.527504
0.307642 0.037978 1.504667
0.321369 0.036506 1.499696
0.320043 0.039708 1.497504
0.359160 0.026654 1.489383
0.308760 0.041028 1.507309
0.322942 0.038635 1.502283
0.369931 0.018706 1.487582
0.251214 0.041742 1.533219
0.247477 0.040266 1.536059
0.250710 0.041243 1.544035
0.247387 0.039281 1.548252
0.240030 0.028864 1.565889
0.242411 0.034374 1.557719
0.233388 0.024640 1.562754
0.235844 0.030765 1.554232
0.221274 0.009635 1.551621
0.229700 0.013153 1.554416
0.222486 0.019364 1.543447
0.230884 0.023621 1.546378
0.198887 0.013483 1.540963
0.194554 0.008603 1.537409
0.241070 0.036259 1.543737
0.244218 0.038428 1.539330
0.231929 0.014593 1.571603
0.232411 0.003361 1.578381
0.233408 -0.008359 1.582857
0.234654 -0.023053 1.586090
0.235940 -0.041513 1.587785
0.242355 -0.040530 1.593282
0.250688 -0.039395 1.585898
0.240455 -0.021720 1.591482
0.385706 -0.034812 1.489093
0.384327 -0.021687 1.487657
0.400971 -0.035161 1.479096
0.399810 -0.022492 1.477237
0.393296 -0.038326 1.450938
0.392338 -0.028394 1.448745
0.238115 0.018301 1.575487
0.237965 0.007342 1.582368
0.239404 -0.005635 1.587576
0.238972 -0.022596 1.570571
0.240094 -0.040053 1.573145
0.192817 -0.029412 1.564831
0.192749 -0.042694 1.566628
0.187977 -0.030048 1.558761
0.188355 -0.043623 1.560650
0.189999 -0.029817 1.550588
0.190269 -0.044003 1.552798
0.187977 -0.030048 1.558761
0.188355 -0.043623 1.560650
0.208813 0.016463 1.507632
0.207050 0.007984 1.518946
0.199191 0.017566 1.511513
0.197805 0.010170 1.523792
0.203525 -0.002386 1.529380
0.194252 -0.001331 1.536716
0.187628 -0.018537 1.555588
0.192352 -0.016426 1.561749
0.188872 -0.009820 1.552334
0.193252 -0.006012 1.557100
0.254490 0.066679 1.437782
0.239308 0.066650 1.446391
0.219519 0.061545 1.469658
0.217589 0.057977 1.463936
0.216746 0.057499 1.470392
0.219684 0.061910 1.461320
0.222259 0.063615 1.458340
0.218499 0.049366 1.500437
0.217406 0.053024 1.489642
0.237688 0.005561 1.559768
0.237464 -0.009032 1.567075
0.244785 0.035366 1.536801
0.244593 0.033695 1.535767
0.242229 0.031422 1.539345
0.238454 0.015046 1.553093
0.239609 0.023905 1.546301
0.217832 0.000098 1.559282
0.198900 0.036631 1.500963
0.198403 0.040457 1.491200
0.194674 0.032803 1.490348
0.195313 0.029158 1.500431
0.197153 0.050116 1.459409
0.196553 0.047749 1.468447
0.194174 0.041392 1.457602
0.193601 0.039647 1.466885
0.198751 0.023734 1.499091
0.198737 0.028074 1.488479
0.208587 0.025248 1.490433
0.199221 0.033790 1.466681
0.200256 0.034520 1.458207
0.210224 0.031869 1.465307
0.211153 0.032302 1.454654
0.194174 0.041392 1.457602
0.193601 0.039647 1.466885
0.194674 0.032803 1.490348
0.195313 0.029158 1.500431
0.196210 0.019982 1.518437
0.195878 0.014413 1.527504
0.194554 0.008603 1.537409
0.187628 -0.018537 1.555588
0.188872 -0.009820 1.552334
0.191364 -0.012373 1.544571
0.358528 0.025119 1.486776
0.368477 0.017378 1.484716
0.310226 0.042134 1.500940
0.338373 0.033521 1.494104
0.375795 0.011474 1.487097
0.379292 0.001931 1.485001
0.383055 -0.010489 1.486208
0.373533 0.009855 1.484139
0.384232 0.005746 1.434707
0.380137 0.015345 1.427837
0.366707 0.035933 1.406983
0.358753 0.040754 1.399048
0.359195 0.036667 1.394512
0.375244 0.021523 1.415347
0.375541 0.024757 1.419332
0.377118 0.017449 1.419252
0.344935 0.040598 1.383931
0.330130 0.064291 1.397448
0.311735 0.044425 1.384791
0.324685 0.043196 1.378918
0.336420 0.041799 1.379986
0.311211 0.036934 1.382292
0.323968 0.035774 1.376487
0.336314 0.034293 1.377225
0.345399 0.032128 1.381483
0.357231 0.027672 1.390427
0.365246 0.023327 1.399159
0.301179 0.045051 1.390360
0.301219 0.037477 1.388589
0.241965 0.048323 1.423172
0.257679 0.046621 1.416280
0.228132 0.049919 1.430198
0.202634 0.050821 1.447915
0.208733 0.050574 1.443411
0.198601 0.050546 1.453831
0.197858 0.042428 1.445911
0.204136 0.041407 1.439980
0.195127 0.041980 1.451645
0.240168 0.039104 1.417944
0.225643 0.040075 1.425818
0.255087 0.038154 1.411091
0.196158 0.004214 1.550129
0.192039 0.000786 1.545534
0.190431 -0.020937 1.547929
0.199621 -0.021752 1.541149
0.192039 0.000786 1.545534
0.199778 -0.013807 1.537582
0.382593 -0.032074 1.437592
0.383129 -0.039699 1.438899
0.388736 -0.006438 1.440859
0.391444 -0.017420 1.446010
0.372196 -0.085383 1.497752
0.359506 -0.093815 1.503245
0.333186 -0.103882 1.515067
0.321022 -0.108075 1.520094
0.302274 -0.111994 1.526827
0.288482 -0.114534 1.532075
0.252674 -0.107538 1.562023
0.249724 -0.106402 1.558624
0.241964 -0.092980 1.572765
0.247728 -0.101863 1.569162
0.245339 -0.100749 1.565707
0.237696 -0.069753 1.584056
0.239471 -0.082877 1.579288
0.236799 -0.056541 1.586793
0.251759 -0.055939 1.585130
0.243684 -0.056972 1.592022
0.243881 -0.069617 1.589804
0.245686 -0.084215 1.584328
0.247974 -0.094192 1.578121
0.251651 -0.101333 1.571823
0.256801 -0.107490 1.563674
0.385537 -0.046797 1.490144
0.383115 -0.066114 1.491135
0.384347 -0.057672 1.490785
0.401431 -0.046608 1.479031
0.400997 -0.057447 1.478825
0.400331 -0.067938 1.477851
0.398787 -0.078831 1.476081
0.378427 -0.075692 1.492324
0.392873 -0.048332 1.451564
0.392497 -0.057004 1.451517
0.392256 -0.066307 1.450153
0.389569 -0.066158 1.445945
0.387426 -0.081517 1.441501
0.388181 -0.073415 1.444214
0.390680 -0.083061 1.445434
0.392153 -0.074530 1.448482
0.357915 -0.092940 1.500179
0.345132 -0.097968 1.505577
0.330925 -0.103796 1.511244
0.319476 -0.105222 1.515472
0.370380 -0.111827 1.479722
0.359509 -0.111061 1.486186
0.316317 -0.112630 1.508672
0.300125 -0.108410 1.522806
0.390791 -0.111141 1.464166
0.386645 -0.120554 1.458227
0.389357 -0.090580 1.442304
0.387917 -0.096706 1.438944
0.384095 -0.094899 1.434385
0.384774 -0.104210 1.434311
0.381293 -0.110409 1.430019
0.376383 -0.112420 1.434126
0.374884 -0.118716 1.421591
0.370727 -0.120495 1.427348
0.351142 -0.141259 1.445631
0.358913 -0.144344 1.442910
0.342630 -0.144700 1.433208
0.349675 -0.148216 1.431031
0.227471 -0.122366 1.537897
0.226476 -0.114900 1.546253
0.223791 -0.104572 1.555756
0.193115 -0.058113 1.568291
0.194433 -0.072522 1.568451
0.189276 -0.071684 1.561967
0.188468 -0.058394 1.562033
0.196019 -0.083333 1.566057
0.192022 -0.082901 1.560453
0.200199 -0.100733 1.549354
0.204383 -0.103130 1.552830
0.196281 -0.091973 1.556591
0.200435 -0.093163 1.561774
0.206032 -0.111308 1.544293
0.201814 -0.107540 1.540143
0.206963 -0.118411 1.535579
0.202350 -0.114174 1.531734
0.201337 -0.126118 1.511765
0.206314 -0.131946 1.514263
0.202046 -0.120460 1.521783
0.206439 -0.124885 1.525373
0.205529 -0.138113 1.501242
0.200559 -0.132091 1.500256
0.200559 -0.132091 1.500256
0.201337 -0.126118 1.511765
0.201557 -0.124672 1.498118
0.201683 -0.118948 1.507786
0.201795 -0.113454 1.517550
0.202046 -0.120460 1.521783
0.201814 -0.107540 1.540143
0.201100 -0.101568 1.534358
0.202350 -0.114174 1.531734
0.201754 -0.108387 1.525815
0.199133 -0.095091 1.541714
0.200199 -0.100733 1.549354
0.196275 -0.088488 1.547562
0.196281 -0.091973 1.556591
0.212607 -0.119307 1.536465
0.210011 -0.104000 1.553506
0.207210 -0.092208 1.561731
0.249059 -0.104918 1.556969
0.249220 -0.103531 1.554957
0.257325 -0.110550 1.544962
0.243519 -0.089163 1.565622
0.245528 -0.098266 1.562115
0.246379 -0.097051 1.560358
0.239824 -0.055014 1.573443
0.240772 -0.066831 1.572633
0.250343 0.039249 1.529967
0.246971 0.037830 1.532990
0.250729 0.039653 1.530803
0.247532 0.037938 1.533599
0.290013 0.041617 1.512901
0.272066 0.042365 1.520120
0.371115 -0.085098 1.495249
0.285697 -0.112513 1.528412
0.265716 -0.113203 1.540076
0.265125 -0.114044 1.538408
0.369900 0.019137 1.405803
0.371667 0.030448 1.414050
0.199304 0.031925 1.511707
0.195833 0.024739 1.509341
0.195833 0.024739 1.509341
0.343082 -0.104718 1.501965
0.266633 0.045331 1.411758
0.264271 0.037465 1.408109
0.372113 0.013781 1.414743
0.371397 0.016832 1.409585
0.345399 0.032128 1.381483
0.336314 0.034293 1.377225
0.333919 0.028957 1.382443
0.351226 0.024582 1.392447
0.357231 0.027672 1.390427
0.365246 0.023327 1.399159
0.359280 0.020594 1.399349
0.369900 0.019137 1.405803
0.365954 0.016740 1.405384
0.371397 0.016832 1.409585
0.367960 0.012499 1.413091
0.311211 0.036934 1.382292
0.323968 0.035774 1.376487
0.314442 0.031261 1.387664
0.326854 0.029314 1.383288
0.301219 0.037477 1.388589
0.304315 0.030871 1.393182
0.370057 0.008231 1.415118
0.374873 -0.001279 1.423195
0.197858 0.042428 1.445911
0.201312 0.035686 1.450048
0.195127 0.041980 1.451645
0.206724 0.035331 1.444907
0.204136 0.041407 1.439980
0.225643 0.040075 1.425818
0.240168 0.039104 1.417944
0.229643 0.034600 1.430193
0.243256 0.033600 1.422715
0.255087 0.038154 1.411091
0.257504 0.033578 1.416212
0.379064 -0.012836 1.430831
0.383328 -0.048714 1.439354
0.383467 -0.055136 1.438985
0.367168 -0.106633 1.415532
0.371920 -0.101218 1.419743
0.190294 -0.058123 1.554180
0.191583 -0.070074 1.553456
0.189276 -0.071684 1.561967
0.188468 -0.058394 1.562033
0.192022 -0.082901 1.560453
0.193647 -0.080210 1.551288
0.200834 -0.078193 1.545197
0.203395 -0.088708 1.539879
0.207132 -0.110521 1.515160
0.206667 -0.105161 1.523168
0.205528 -0.097656 1.532011
0.286734 0.028769 1.446375
0.218173 0.010657 1.518919
0.219459 0.021168 1.507761
0.221865 0.038109 1.463740
0.249803 -0.123359 1.467237
0.220090 -0.123468 1.485839
0.211802 -0.132235 1.514118
0.212158 -0.125665 1.526163
0.225418 -0.150113 1.484051
0.258730 -0.136924 1.432436
0.247345 -0.138521 1.437073
0.270668 -0.136299 1.430038
0.265190 -0.146211 1.444889
0.236911 -0.139365 1.443144
0.226339 -0.140478 1.450800
0.216065 -0.142317 1.460854
0.219969 -0.144979 1.463247
0.204851 -0.142743 1.488351
0.205684 -0.144823 1.479724
0.211394 -0.145915 1.480658
0.200514 -0.137066 1.487284
0.200514 -0.137066 1.487284
0.201473 -0.130119 1.487134
0.208517 -0.144198 1.470882
0.213490 -0.145816 1.472092
0.223734 -0.134788 1.448761
0.212627 -0.136989 1.459665
0.204806 -0.139363 1.470031
0.201913 -0.139175 1.478176
0.234538 -0.133896 1.441316
0.269679 -0.129766 1.427488
0.258131 -0.131121 1.430331
0.246200 -0.133139 1.434986
0.201913 -0.139175 1.478176
0.202889 -0.132116 1.477927
0.213408 -0.130772 1.461081
0.212627 -0.136989 1.459665
0.205853 -0.132137 1.470212
0.204806 -0.139363 1.470031
0.223889 -0.129735 1.450659
0.223734 -0.134788 1.448761
0.234538 -0.133896 1.441316
0.235573 -0.128580 1.443428
0.255643 -0.127068 1.433885
0.258131 -0.131121 1.430331
0.246200 -0.133139 1.434986
0.275929 -0.123497 1.425847
0.269679 -0.129766 1.427488
0.345792 -0.148512 1.423858
0.324300 -0.111938 1.504875
0.322335 -0.112401 1.500619
0.358524 -0.111377 1.480695
0.340449 -0.111098 1.497219
0.338734 -0.111682 1.492027
0.332563 -0.137559 1.415476
0.330869 -0.136523 1.409383
0.339611 -0.136492 1.414332
0.338819 -0.136054 1.406943
0.328650 -0.132805 1.404626
0.337190 -0.132748 1.402482
0.354847 -0.131218 1.417161
0.357895 -0.130139 1.410079
0.361893 -0.127659 1.420799
0.367364 -0.124926 1.415228
0.347640 -0.133940 1.407740
0.346711 -0.134673 1.414700
0.299515 -0.137625 1.422080
0.322314 -0.139749 1.419887
0.319577 -0.137173 1.413409
0.277260 -0.135482 1.426669
0.296879 -0.134528 1.419013
0.328275 -0.129382 1.403441
0.337267 -0.127027 1.401470
0.315934 -0.128298 1.407773
0.275889 -0.129937 1.424918
0.295533 -0.128445 1.417774
0.357259 -0.126156 1.405539
0.366082 -0.120642 1.411244
0.354238 -0.121098 1.404666
0.363564 -0.115398 1.409384
0.346377 -0.130155 1.403301
0.345658 -0.124782 1.402102
0.374126 -0.114308 1.417809
0.378661 -0.107053 1.426591
0.370018 -0.110154 1.414469
0.377131 -0.103919 1.421322
0.372995 -0.107398 1.419717
0.346333 -0.116653 1.407288
0.337267 -0.127027 1.401470
0.328197 -0.122421 1.407518
0.328275 -0.129382 1.403441
0.359182 -0.110944 1.411579
0.354238 -0.121098 1.404666
0.363564 -0.115398 1.409384
0.345658 -0.124782 1.402102
0.370018 -0.110154 1.414469
0.275889 -0.129937 1.424918
0.295533 -0.128445 1.417774
0.296556 -0.122891 1.420405
0.315934 -0.128298 1.407773
0.316089 -0.122250 1.408973
0.269562 -0.122491 1.457865
0.216504 0.056281 1.477781
0.197349 0.044963 1.478627
0.193828 0.036712 1.478459
0.193828 0.036712 1.478459
0.198719 0.031399 1.476751
0.210020 0.030172 1.477633
0.220267 0.033987 1.483881
0.274200 -0.114745 1.532971
0.257819 0.040876 1.526138
0.226659 0.064563 1.454096
0.215781 0.050143 1.438358
0.212781 0.040375 1.434157
0.212781 0.040375 1.434157
0.215487 0.035623 1.438508
0.226211 0.035287 1.447600
0.264271 0.037465 1.408109
0.266068 0.032605 1.412091
0.323655 0.025888 1.426916
0.285192 0.031470 1.402639
0.282884 0.037410 1.399246
0.282884 0.037410 1.399246
0.283765 0.044995 1.401854
0.372113 0.013781 1.414743
0.381104 -0.101597 1.430436
0.382920 -0.098271 1.444102
0.380262 -0.105585 1.439165
0.385188 -0.091984 1.447744
0.386812 -0.084871 1.450968
0.388129 -0.075698 1.453799
0.390817 -0.057280 1.455998
0.390043 -0.066889 1.455260
0.391020 -0.038381 1.454865
0.390874 -0.048322 1.456039
0.390609 -0.027688 1.452536
0.385301 -0.005231 1.445746
0.388056 -0.016751 1.450298
0.380661 0.007065 1.440012
0.375658 0.016688 1.433298
0.373203 0.022318 1.428396
0.378298 0.019870 1.423113
0.366824 0.031652 1.418080
0.363012 0.037901 1.410361
0.356279 0.043210 1.401789
0.343742 0.048248 1.392508
0.335090 0.049410 1.389552
0.327689 0.050747 1.388826
0.269543 0.049078 1.416313
0.261216 0.050174 1.422229
0.249051 0.051134 1.429085
0.234363 0.052333 1.437982
0.222260 0.052718 1.445790
0.214091 0.051622 1.453485
0.216743 0.051970 1.450995
0.211997 0.051996 1.457227
0.210674 0.052310 1.461397
0.210248 0.049707 1.469164
0.211855 0.044514 1.487664
0.211544 0.046588 1.477635
0.211894 0.041047 1.499231
0.212654 0.036999 1.509489
0.213164 0.033336 1.518066
0.213502 0.024829 1.528552
0.213524 0.014968 1.539353
0.211923 0.006201 1.546497
0.208594 -0.003125 1.553366
0.206840 -0.014267 1.558378
0.207107 -0.028288 1.561636
0.208051 -0.042348 1.563239
0.209044 -0.058640 1.563389
0.209181 -0.071403 1.563914
0.209658 -0.081694 1.563309
0.214828 -0.103408 1.552623
0.210758 -0.091343 1.560247
0.216898 -0.111463 1.544295
0.217635 -0.117540 1.536225
0.217093 -0.130583 1.512491
0.218205 -0.123755 1.524772
0.216738 -0.137082 1.499528
0.216131 -0.142286 1.487859
0.217069 -0.144366 1.480284
0.218742 -0.145070 1.474215
0.224635 -0.144649 1.468272
0.232804 -0.146438 1.462246
0.243543 -0.147049 1.455636
0.254219 -0.147424 1.450074
0.343384 -0.146941 1.419703
0.351905 -0.145608 1.419533
0.241613 -0.078406 1.570022
0.376074 0.010309 1.417473
0.379286 -0.083761 1.430750
0.377486 -0.089338 1.427786
0.218842 0.058384 1.457159
0.220874 0.058258 1.453553
0.224362 0.058900 1.449553
0.236456 0.060504 1.441102
0.251413 0.059765 1.432713
0.317755 0.059603 1.398176
0.328929 0.061433 1.393813
0.337273 0.060502 1.393684
0.345462 0.058145 1.396409
0.358680 0.052267 1.406863
0.365434 0.047807 1.415245
0.371450 0.041139 1.424320
0.383109 0.024208 1.443143
0.379669 0.030613 1.437373
0.388025 0.014474 1.449767
0.399502 -0.047619 1.469151
0.399077 -0.057596 1.468824
0.390082 -0.106897 1.455720
0.387066 -0.114724 1.450331
0.377177 -0.131791 1.435887
0.383559 -0.123120 1.443560
0.369715 -0.138371 1.428239
0.358847 -0.142328 1.422466
0.218108 0.058004 1.460478
0.336931 -0.146131 1.423190
0.229039 -0.153250 1.475638
0.226599 -0.152169 1.479005
0.212998 0.036474 1.520399
0.214482 0.028227 1.532018
0.216466 0.038861 1.521606
0.217215 0.030045 1.533499
0.214623 0.048591 1.501077
0.211413 0.045819 1.500441
0.215350 0.043946 1.511727
0.212054 0.041030 1.511317
0.214007 0.052584 1.490163
0.210788 0.049621 1.489736
0.209860 -0.027393 1.569722
0.209780 -0.013753 1.566352
0.206712 -0.028086 1.567008
0.206165 -0.014381 1.563590
0.207003 -0.042752 1.569422
0.210052 -0.042808 1.572375
0.207833 -0.058544 1.570263
0.210307 -0.058168 1.573412
0.234990 0.060318 1.438923
0.233250 0.056590 1.436980
0.222837 0.059084 1.447943
0.221525 0.056376 1.446117
0.214568 0.055757 1.453730
0.216709 0.058533 1.455238
0.216987 0.056309 1.450745
0.218913 0.058633 1.452139
0.249600 0.059982 1.429748
0.247888 0.056055 1.427738
0.262659 0.057195 1.423252
0.261419 0.053884 1.421231
0.272953 0.057095 1.418454
0.213410 0.055733 1.478694
0.210288 0.052509 1.478966
0.213436 0.057120 1.470492
0.210321 0.053884 1.470536
0.211320 0.054975 1.461996
0.214375 0.057764 1.462801
0.215536 0.058064 1.459591
0.212597 0.055440 1.457856
0.215579 0.009667 1.553523
0.211844 0.008573 1.551616
0.212140 -0.000249 1.560053
0.208557 -0.001185 1.557762
0.217507 0.019668 1.544233
0.213823 0.018138 1.543186
0.208013 -0.071970 1.570308
0.209094 -0.083007 1.568424
0.211103 -0.071927 1.573074
0.212300 -0.083495 1.570540
0.211567 -0.093186 1.563597
0.215681 -0.105047 1.554739
0.214450 -0.094291 1.565054
0.218282 -0.106398 1.557104
0.217855 -0.114171 1.546295
0.220459 -0.116903 1.548249
0.221831 -0.123825 1.539955
0.222039 -0.136562 1.516265
0.222789 -0.130282 1.528378
0.220909 -0.142817 1.501999
0.217621 -0.144555 1.489024
0.220533 -0.147601 1.490350
0.224935 -0.152507 1.470178
0.221960 -0.152400 1.477836
0.226357 -0.154263 1.472388
0.221330 -0.149306 1.483662
0.218345 -0.148032 1.482282
0.328651 0.057867 1.393075
0.327986 0.055984 1.389559
0.336267 0.056530 1.393399
0.336432 0.055320 1.389656
0.343616 0.054265 1.396138
0.344575 0.052678 1.393054
0.358048 0.046667 1.403345
0.364949 0.040424 1.411482
0.369827 0.034386 1.418868
0.380974 0.020464 1.437249
0.379644 0.018520 1.434630
0.377897 0.025802 1.432613
0.376845 0.023698 1.430228
0.386148 0.010362 1.444246
0.385104 0.008728 1.441421
0.390524 -0.002688 1.451651
0.389380 -0.003887 1.448303
0.393898 -0.014921 1.456133
0.392631 -0.015901 1.452555
0.395702 -0.038172 1.457303
0.395078 -0.027164 1.455050
0.396475 -0.037712 1.460280
0.396133 -0.048253 1.458236
0.397409 -0.047796 1.461352
0.394685 -0.066646 1.457563
0.396043 -0.057221 1.458171
0.395874 -0.066786 1.460843
0.396634 -0.057509 1.461292
0.390640 -0.085896 1.453185
0.392827 -0.075728 1.456125
0.391683 -0.086827 1.455968
0.393893 -0.076584 1.459208
0.388907 -0.092636 1.450341
0.389945 -0.093908 1.453340
0.386497 -0.100193 1.446280
0.387342 -0.102242 1.448707
0.383380 -0.107884 1.441084
0.384191 -0.109977 1.443748
0.374424 -0.126218 1.430812
0.380290 -0.117259 1.437844
0.366220 -0.132898 1.424142
0.357221 -0.137823 1.418805
0.349359 -0.141315 1.415813
0.340571 -0.140930 1.413792
0.341333 -0.143671 1.415062
0.332853 -0.141375 1.416210
0.333819 -0.143795 1.417959
0.323940 -0.142774 1.422487
0.278519 -0.149921 1.447185
0.276881 -0.147777 1.444891
0.267499 -0.153214 1.450154
0.266295 -0.152259 1.447012
0.255561 -0.152960 1.451473
0.244447 -0.153563 1.457329
0.235297 -0.154713 1.466396
0.233486 -0.153265 1.463762
0.395036 -0.037356 1.464420
0.394519 -0.025867 1.462297
0.379519 0.021555 1.439672
0.384599 0.011755 1.447052
0.389178 -0.001704 1.454536
0.392751 -0.014031 1.459269
0.363174 0.043961 1.414387
0.356578 0.048633 1.406101
0.376628 0.027540 1.434916
0.394947 -0.047966 1.465072
0.394878 -0.057915 1.464840
0.394357 -0.067317 1.464034
0.392668 -0.077472 1.462316
0.390790 -0.087821 1.459114
0.388945 -0.095253 1.456295
0.385970 -0.104166 1.451614
0.382867 -0.111429 1.447036
0.378797 -0.119137 1.441290
0.372221 -0.127869 1.433666
0.369161 0.038211 1.422678
0.365410 -0.134744 1.426621
0.356746 -0.139074 1.421806
0.349557 -0.142626 1.418681
0.341658 -0.144401 1.418373
0.275607 -0.145750 1.443193
0.265519 -0.149579 1.445219
0.219744 -0.147653 1.474826
0.244497 0.037020 1.552703
0.238225 0.033772 1.548996
0.240059 0.027670 1.543203
0.370425 0.026745 1.424001
0.373871 0.028958 1.425178
0.374393 0.031052 1.427329
0.373319 0.032869 1.429170
0.375807 0.036130 1.431001
0.385243 -0.011293 1.432180
0.381036 -0.000489 1.424844
0.387843 -0.021064 1.436654
0.389096 -0.031161 1.439673
0.389539 -0.039080 1.441229
0.381036 -0.000489 1.424844
0.385243 -0.011293 1.432180
0.376074 0.010309 1.417473
0.389529 -0.048757 1.441469
0.389539 -0.039080 1.441229
0.389096 -0.031161 1.439673
0.389529 -0.048757 1.441469
0.381479 -0.022930 1.435116
0.387843 -0.021064 1.436654
0.389577 -0.056723 1.441328
0.388459 -0.065049 1.440079
0.387490 -0.071732 1.438708
0.389577 -0.056723 1.441328
0.382696 -0.063544 1.437820
0.388459 -0.065049 1.440079
0.381751 -0.071247 1.435768
0.386120 -0.079629 1.436105
0.384813 -0.085620 1.433607
0.383364 -0.091990 1.430746
0.380940 -0.098277 1.426594
0.387490 -0.071732 1.438708
0.380688 -0.078272 1.433212
0.386120 -0.079629 1.436105
0.384813 -0.085620 1.433607
0.383364 -0.091990 1.430746
0.380940 -0.098277 1.426594
0.375394 -0.095357 1.424040
0.377131 -0.103919 1.421322
0.372995 -0.107398 1.419717
0.330133 -0.032668 1.449467
0.329359 -0.022908 1.447058
0.424182 -0.041920 1.421710
0.418132 -0.042019 1.418765
0.422656 -0.034785 1.419935
0.417712 -0.036156 1.417786
0.418108 -0.039244 1.434343
0.417757 -0.039828 1.430279
0.417736 -0.031097 1.432338
0.417232 -0.032024 1.428074
0.422973 -0.033345 1.423815
0.423838 -0.040896 1.425616
0.413390 -0.007597 1.415582
0.415293 -0.015745 1.421033
0.418990 -0.009933 1.412147
0.420950 -0.018280 1.417174
0.419710 -0.012552 1.407758
0.421423 -0.021088 1.413079
0.415283 -0.014428 1.406087
0.416749 -0.022100 1.411184
0.413703 -0.004417 1.419192
0.415731 -0.013568 1.425009
0.410743 0.001609 1.408872
0.411847 0.003746 1.413145
0.417445 -0.001915 1.406439
0.417441 -0.005300 1.402265
0.413684 -0.006698 1.400329
0.383228 0.011370 1.419813
0.370981 0.012124 1.423576
0.416173 -0.023457 1.425001
0.416990 -0.022055 1.428993
0.421930 -0.025665 1.420924
0.422482 -0.027990 1.417202
0.395591 0.008961 1.416784
0.369625 0.010687 1.419654
0.381703 0.009250 1.415828
0.394504 0.007359 1.412563
0.368578 0.012573 1.415704
0.379900 0.012349 1.411695
0.367349 0.011559 1.412759
0.378305 0.011868 1.408198
0.392886 0.010677 1.408326
0.409182 0.006247 1.404135
0.391735 0.010320 1.404066
0.408157 0.005619 1.399231
0.414470 0.001603 1.398778
0.414928 0.002377 1.403318
0.417575 -0.028904 1.414598
0.406739 0.001475 1.397139
0.391340 0.005578 1.400335
0.412421 -0.002053 1.397607
0.366089 0.007261 1.409646
0.377030 0.007159 1.404543
0.366089 0.007261 1.409646
0.377030 0.007159 1.404543
0.391340 0.005578 1.400335
0.406739 0.001475 1.397139
0.413684 -0.006698 1.400329
0.415283 -0.014428 1.406087
0.412421 -0.002053 1.397607
0.351761 0.005777 1.416085
0.353913 0.010450 1.418453
0.351761 0.005777 1.416085
0.327281 0.005495 1.433280
0.327234 0.001838 1.430498
0.326878 -0.000446 1.438575
0.327309 -0.008808 1.439149
0.328383 -0.014227 1.442846
0.418097 -0.047164 1.431413
0.424354 -0.047125 1.426535
0.424472 -0.047906 1.422716
0.424384 -0.054788 1.427122
0.424326 -0.062265 1.426683
0.424500 -0.055146 1.423007
0.424330 -0.061941 1.422533
0.418362 -0.062408 1.431519
0.418169 -0.054752 1.431931
0.424399 -0.070319 1.425258
0.424231 -0.078045 1.422731
0.424287 -0.069418 1.420968
0.423959 -0.076647 1.418501
0.417960 -0.079517 1.427724
0.418254 -0.070674 1.430344
0.418714 -0.055687 1.419638
0.418584 -0.061609 1.419091
0.418386 -0.048738 1.419777
0.418255 -0.075733 1.415446
0.418653 -0.067993 1.417817
0.417572 -0.083746 1.411445
0.422661 -0.085518 1.414507
0.422872 -0.086451 1.418876
0.416665 -0.087166 1.424363
0.330386 -0.048991 1.451380
0.330524 -0.040954 1.451131
0.330092 -0.057964 1.450465
0.329863 -0.065274 1.448846
0.327743 -0.084631 1.441509
0.328224 -0.077952 1.444388
0.353229 -0.103879 1.418770
0.366637 -0.103843 1.412754
0.328848 -0.095180 1.434845
0.328147 -0.090842 1.437242
0.379215 -0.102987 1.408515
0.394508 -0.100768 1.405761
0.406653 -0.097780 1.404332
0.415764 -0.091821 1.406979
0.419117 -0.094233 1.409640
0.395673 -0.104807 1.408373
0.394508 -0.100768 1.405761
0.408038 -0.101010 1.407137
0.406653 -0.097780 1.404332
0.381245 -0.107343 1.411464
0.379215 -0.102987 1.408515
0.419464 -0.095821 1.414506
0.414625 -0.094406 1.420677
0.415224 -0.099319 1.413578
0.408921 -0.097888 1.420361
0.396684 -0.105803 1.414489
0.408502 -0.102602 1.413434
0.399075 -0.101139 1.421238
0.413406 -0.095352 1.405154
0.415338 -0.098395 1.407788
0.415764 -0.091821 1.406979
0.413406 -0.095352 1.405154
0.383289 -0.108053 1.416546
0.384771 -0.104546 1.423366
0.369832 -0.108386 1.420197
0.372206 -0.105417 1.426242
0.368046 -0.107515 1.415551
0.366637 -0.103843 1.412754
0.417572 -0.083746 1.411445
0.328147 -0.090842 1.437242
0.328848 -0.095180 1.434845
0.327801 -0.093227 1.441274
0.328619 -0.098281 1.437991
0.418646 -0.054755 1.435794
0.418687 -0.062450 1.435589
0.418172 -0.070849 1.434179
0.417508 -0.079857 1.431671
0.416547 -0.088374 1.427886
0.418388 -0.046910 1.435381
0.409842 -0.098969 1.423849
0.400075 -0.102363 1.424295
0.385128 -0.105823 1.426468
0.415306 -0.096292 1.424123
0.372939 -0.106819 1.429713
0.329878 -0.101907 1.435111
0.330296 -0.098219 1.432233
0.335014 -0.103999 1.430867
0.335033 -0.100358 1.427727
0.353229 -0.103879 1.418770
0.354477 -0.107041 1.421384
0.327234 0.001838 1.430498
0.337825 0.004661 1.423157
0.337825 0.004661 1.423157
0.339092 0.008095 1.424743
0.330092 -0.057964 1.450465
0.329863 -0.065274 1.448846
0.330524 -0.040954 1.451131
0.330386 -0.048991 1.451380
0.329359 -0.022908 1.447058
0.330133 -0.032668 1.449467
0.329158 -0.022586 1.449848
0.328383 -0.014227 1.442846
0.328140 -0.013182 1.445812
0.327052 -0.003357 1.435309
0.328224 -0.077952 1.444388
0.327743 -0.084631 1.441509
0.418255 -0.075733 1.415446
0.418653 -0.067993 1.417817
0.418386 -0.048738 1.419777
0.418714 -0.055687 1.419638
0.418584 -0.061609 1.419091
0.418132 -0.042019 1.418765
0.417712 -0.036156 1.417786
0.416749 -0.022100 1.411184
0.417575 -0.028904 1.414598
0.343505 -0.105923 1.426232
0.343705 -0.102372 1.422408
0.343705 -0.102372 1.422408
0.335033 -0.100358 1.427727
0.358859 -0.105749 1.431104
0.359887 -0.106865 1.434219
0.356708 -0.107979 1.425624
0.359172 0.011717 1.428666
0.358024 0.010005 1.425197
0.355952 0.011861 1.421399
0.346296 0.010455 1.435079
0.335663 0.005231 1.443888
0.336331 -0.000919 1.448124
0.337725 -0.008702 1.452970
0.338726 -0.018733 1.457335
0.340198 -0.029191 1.460609
0.340556 -0.039203 1.462233
0.340609 -0.049473 1.462664
0.339946 -0.058918 1.462143
0.339104 -0.067999 1.460739
0.338060 -0.076560 1.458580
0.337558 -0.083569 1.456322
0.337605 -0.091463 1.452845
0.338375 -0.098930 1.448384
0.349263 -0.106213 1.438861
0.341556 -0.105589 1.442337
0.339356 -0.102574 1.445580
0.345322 0.008742 1.431616
0.334962 0.008710 1.440933
0.333675 0.007068 1.438231
0.329069 0.006876 1.435818
0.341175 0.010108 1.427903
0.329070 0.002085 1.440985
0.334042 0.003246 1.441766
0.331896 -0.020908 1.454017
0.337060 -0.020039 1.454532
0.330881 -0.011212 1.450070
0.335931 -0.010311 1.450174
0.337848 -0.029926 1.457539
0.332954 -0.030996 1.456895
0.338256 -0.039876 1.459342
0.333381 -0.040382 1.458491
0.338228 -0.049113 1.459888
0.333103 -0.049139 1.458605
0.337760 -0.058381 1.459265
0.332646 -0.058190 1.457829
0.337065 -0.066873 1.457966
0.332168 -0.066286 1.456370
0.330592 -0.080998 1.451994
0.329844 -0.087688 1.449314
0.335458 -0.082099 1.453416
0.335125 -0.089449 1.450323
0.331026 -0.100590 1.440658
0.335920 -0.096686 1.446210
0.330158 -0.095737 1.444572
0.327309 -0.008808 1.439149
0.327212 -0.006140 1.442343
0.334947 -0.002620 1.445316
0.330087 -0.003558 1.445809
0.336127 -0.075421 1.455723
0.331453 -0.074279 1.454322
0.329090 -0.071544 1.447033
0.337380 -0.100547 1.442873
0.339916 -0.104331 1.439290
0.347553 -0.105422 1.435483
0.329090 -0.071544 1.447033
0.330296 -0.098219 1.432233
0.327052 -0.003357 1.435309
2 76
21 95
3 77
3 78
1 76
1 77
4 78
4 79
5 79
5 80
0 2
21 22
53 56
54 75
61 101
61 102
56 96
75 115
68 108
68 109
67 107
67 108
65 105
65 106
60 100
60 101
59 99
59 100
19 93
19 94
0 23
22 24
47 49
48 50
63 103
63 104
27 29
28 30
55 96
55 97
64 104
64 105
66 106
66 107
69 109
69 110
6 80
6 81
58 98
58 99
43 45
44 46
29 31
30 32
51 53
52 54
25 27
26 28
62 102
62 103
41 43
42 44
11 85
11 86
18 92
18 93
7 81
7 82
9 83
9 84
10 84
10 85
8 82
8 83
39 41
40 42
70 110
70 111
31 33
32 34
57 97
57 98
33 35
34 36
20 94
20 95
49 51
50 52
15 89
15 90
16 90
16 91
17 91
17 92
73 113
73 114
74 114
74 115
71 111
71 112
14 88
14 89
12 86
12 87
23 25
24 26
45 47
46 48
13 87
13 88
72 112
72 113
35 37
36 38
37 39
38 40
446 565
450 451
448 554
224 384
222 225
497 499
519 521
543 545
544 546
488 489
489 492
315 498
450 547
512 514
564 566
416 566
492 544
250 568
415 567
515 516
520 521
542 543
313 317
449 554
397 568
563 567
276 277
120 384
396 569
384 385
170 207
148 150
146 147
496 499
234 238
121 225
737 738
495 498
647 648
900 901
160 161
173 175
879 893
880 890
180 181
898 899
685 693
736 795
684 692
251 252
596 597
642 643
211 562
149 287
150 159
260 261
424 425
148 288
426 561
260 262
425 428
590 591
311 312
615 616
189 190
905 906
912 913
1043 1065
273 274
310 386
791 792
317 387
680 682
908 917
910 919
471 472
482 486
959 960
965 969
289 290
917 1011
919 1010
427 429
676 681
745 747
722 724
251 253
426 427
329 331
385 556
163 335
999 1000
246 247
400 404
328 330
681 683
447 448
715 716
261 559
424 560
312 395
124 125
684 686
693 695
171 174
145 146
677 707
147 286
667 710
906 909
911 912
746 748
717 718
277 278
964 968
161 378
181 557
669 709
685 687
678 680
976 982
692 694
641 642
619 620
165 338
169 438
668 669
1064 1065
481 485
253 558
920 1012
985 1008
310 311
533 537
955 956
986 1007
120 121
373 374
370 371
896 918
609 610
679 708
623 625
460 461
418 430
335 336
1041 1044
350 353
597 598
172 173
131 157
613 614
230 271
166 167
582 584
666 667
333 334
1042 1061
240 241
170 171
984 1038
983 1040
167 435
614 615
897 900
678 679
623 624
160 190
284 285
243 244
411 412
158 159
676 677
595 596
636 824
828 830
342 344
981 983
718 720
354 466
355 467
172 205
894 1043
175 221
968 985
275 276
1002 1039
207 553
485 488
683 713
705 709
974 981
452 453
823 824
828 829
353 463
164 165
168 169
792 793
722 723
284 286
895 898
608 609
123 126
1061 1063
133 143
747 749
324 326
682 711
162 163
198 549
417 418
162 177
892 893
741 745
805 806
139 263
337 338
437 438
956 959
969 986
721 723
475 478
487 491
790 791
151 152
136 138
658 659
472 473
482 484
921 1011
1009 1010
350 352
748 750
471 475
486 487
117 139
143 144
517 519
536 545
327 508
742 746
459 460
622 624
227 228
964 966
178 264
220 267
349 354
355 356
477 478
490 491
884 890
157 158
660 661
982 984
706 710
1044 1062
891 1042
885 1041
153 154
288 289
884 885
770 771
625 626
616 617
222 223
649 650
135 137
651 653
584 585
891 892
785 787
179 263
135 196
461 469
582 583
314 315
1000 1002
630 631
247 248
404 405
716 719
724 726
960 961
965 967
144 145
784 785
387 555
658 660
199 550
214 551
770 772
230 231
244 245
401 412
210 553
271 272
455 456
738 739
705 707
789 793
612 613
188 548
714 717
974 975
281 285
301 386
357 468
528 529
232 233
535 546
458 632
455 457
206 552
644 645
1038 1098
589 590
369 453
442 445
456 459
347 352
604 606
908 909
910 911
441 442
611 612
1008 1034
631 632
435 436
151 294
341 343
366 368
894 895
706 708
507 509
290 291
806 808
476 477
490 493
325 327
240 249
164 176
168 219
204 550
213 551
342 345
481 483
674 697
314 497
524 525
538 539
713 714
671 673
379 635
378 379
780 782
318 319
896 897
241 242
522 523
433 855
243 250
411 415
522 526
750 752
375 635
348 351
360 363
619 621
197 392
794 807
788 789
869 879
781 783
444 445
648 649
337 340
437 439
326 509
783 784
670 672
670 674
189 194
1039 1058
339 344
794 795
341 346
361 366
772 773
119 140
217 218
140 264
218 267
413 416
712 715
349 351
356 360
116 117
205 206
153 297
581 583
187 188
177 179
292 293
610 611
671 675
500 513
152 228
694 696
156 272
657 659
403 406
513 777
345 347
751 752
332 333
711 712
357 358
430 835
194 195
358 359
336 339
507 510
388 555
668 672
675 698
299 300
1048 1049
823 825
829 836
606 607
877 878
281 283
462 470
800 801
1047 1048
812 813
762 763
294 296
579 581
362 364
778 779
720 721
947 970
422 561
297 298
808 809
760 761
133 134
374 389
729 786
340 343
368 439
199 200
214 215
295 301
346 348
361 363
1069 1071
727 787
739 740
210 211
122 224
118 119
216 217
594 695
588 589
788 797
825 826
833 836
389 555
946 963
202 549
436 440
458 812
298 299
1068 1073
1068 1070
197 198
802 803
258 559
423 560
804 805
799 800
973 976
279 282
1006 1035
1036 1037
1069 1072
208 552
998 999
877 880
617 618
629 630
955 1036
1007 1035
1019 1021
1050 1051
594 595
118 393
216 394
245 246
400 401
604 605
232 391
155 156
291 292
666 673
873 874
753 755
618 620
769 771
1049 1050
131 132
751 754
621 622
758 763
1072 1074
252 396
857 858
1017 1018
280 283
374 388
316 496
155 302
579 580
116 392
362 365
654 655
869 870
656 657
871 881
200 393
215 394
797 798
871 872
375 377
433 537
765 767
1005 1034
227 229
937 946
766 768
406 408
875 883
914 915
525 530
539 541
755 759
767 769
858 924
1017 1020
359 364
575 576
524 527
538 540
262 397
428 563
827 831
832 834
865 887
577 578
443 444
505 526
429 564
756 757
269 835
1073 1075
468 480
517 518
534 536
1051 1052
203 204
212 213
238 242
878 887
466 474
467 479
367 440
798 799
650 822
303 304
945 962
979 987
176 178
219 220
756 761
807 821
873 882
994 995
995 996
201 202
321 323
1083 1088
935 947
607 608
325 573
875 876
915 1032
126 226
758 759
464 469
1076 1078
651 652
166 265
1046 1047
652 822
365 367
740 819
1074 1076
221 265
938 939
1052 1053
591 592
572 573
735 737
308 309
506 511
866 886
1071 1091
576 578
248 390
405 407
803 804
372 376
603 605
773 774
503 510
1077 1079
223 229
270 431
949 951
1013 1016
408 410
943 945
987 1025
754 757
577 580
646 647
529 532
463 464
764 766
373 377
1053 1054
1080 1093
316 495
996 1001
465 470
504 505
1070 1092
1075 1077
1056 1057
870 886
266 268
518 527
534 540
257 258
419 423
506 508
255 558
302 303
236 391
700 701
473 474
479 484
633 634
1055 1056
1078 1080
531 847
853 855
809 810
306 307
208 209
380 556
698 700
295 296
993 994
432 841
796 821
837 838
840 842
588 818
1058 1059
733 735
857 950
1015 1018
938 948
839 844
848 850
863 865
774 776
645 646
304 309
628 629
948 971
1085 1087
932 939
182 185
433 434
872 888
322 571
501 503
697 699
209 420
323 324
882 902
1081 1094
867 888
480 483
308 320
1079 1081
743 820
634 661
602 603
929 934
790 796
734 736
331 494
801 802
934 935
864 866
874 889
943 944
1025 1026
810 811
775 777
826 827
832 833
434 854
776 778
949 950
1015 1016
841 843
1084 1085
574 575
920 922
831 837
834 840
862 904
1031 1033
846 847
852 853
626 627
1021 1090
744 819
992 997
585 586
867 868
966 978
699 702
269 270
762 765
863 997
732 734
741 743
992 993
926 928
932 933
876 904
1032 1033
936 937
931 936
598 600
725 731
572 574
925 933
305 307
254 255
592 593
843 849
953 958
988 1024
760 764
859 861
1045 1046
901 902
184 548
1066 1092
951 952
1013 1014
928 929
972 975
420 422
457 515
237 636
864 925
638 854
1054 1055
633 663
742 744
502 511
861 889
953 954
1023 1024
927 930
728 729
1082 1083
961 980
967 977
500 502
433 856
254 256
1082 1094
320 321
845 846
851 852
402 414
1084 1093
921 1022
1009 1101
1064 1066
954 1099
1023 1095
1003 1005
899 903
663 811
940 942
1027 1028
726 730
1067 1091
838 839
842 848
1004 1006
1037 1100
922 1090
586 818
930 931
860 942
1027 1030
231 587
236 587
476 520
493 542
905 907
913 916
971 973
923 1101
1022 1089
923 924
1020 1089
530 532
541 856
844 845
850 851
952 1099
1014 1095
637 638
183 184
941 944
1026 1029
134 816
687 690
141 816
431 432
257 259
419 421
627 628
868 926
1086 1088
186 557
637 849
998 1001
990 991
859 927
203 259
212 421
132 815
398 399
409 570
860 862
1030 1031
940 941
1028 1029
235 237
398 636
570 830
963 978
881 903
141 142
193 817
1096 1097
201 256
130 815
686 691
129 130
531 532
855 856
454 665
970 972
883 907
914 916
192 381
640 641
1087 1096
1063 1067
1063 1064
410 417
963 970
494 633
191 381
957 958
988 989
128 142
1059 1060
191 383
127 128
879 880
195 817
192 193
991 1003
239 645
380 381
1057 1060
1003 1004
390 399
407 409
410 570
902 903
962 977
979 980
1045 1062
920 921
382 383
689 703
977 978
601 602
701 704
902 907
599 601
664 665
185 186
957 1100
989 1004
639 640
971 1001
688 690
689 691
1059 1097
599 600
183 662
702 703
639 662
1062 1063
920 1064
633 811
775 776
628 814
