672212772362013514 146 160
0.633321 -14.167428 11.429693
0.000000 -14.144623 11.429693
0.022806 -14.167428 11.429693
0.000000 -13.204381 11.429693
3.943434 -10.884874 11.429691
0.675464 -14.149981 11.429693
3.960898 -10.842738 11.429691
3.960898 -10.396441 11.429691
0.000000 -14.144625 0.000002
0.658004 -14.144625 0.000002
0.633321 -14.167430 0.000002
0.000000 -13.204385 0.000002
0.658004 -13.204385 0.000002
0.022806 -14.167430 0.000002
3.943434 -10.884878 0.000002
3.943582 -10.388480 0.000002
3.960898 -10.842740 0.000002
0.675464 -14.149985 0.000002
3.960898 -10.396445 0.000002
0.658004 -14.144625 0.000002
-1.464010 -14.167430 0.000002
-1.464010 -14.167428 11.429693
-3.944380 -14.167428 11.429693
-3.944380 -14.167430 0.000002
-0.022806 -14.167430 0.000002
-0.022806 -14.167428 11.429693
-1.418398 -14.167428 11.429693
-1.418398 -14.167430 0.000002
3.943434 -10.884874 11.429691
0.675464 -14.149985 0.000002
3.943434 -10.884878 0.000002
0.675464 -14.149981 11.429693
0.633321 -14.167430 0.000002
0.633321 -14.167428 11.429693
0.022806 -14.167428 11.429693
0.022806 -14.167430 0.000002
-3.944380 -13.204385 0.000002
-3.944380 -13.204381 11.429693
-1.473456 -13.204381 11.429693
-1.473456 -13.204385 0.000002
0.674137 -0.670497 11.429691
3.943434 -3.936931 0.000001
0.674137 -0.670499 0.000000
3.943434 -3.936929 11.429692
0.022674 -0.022547 11.429691
0.641833 -0.638299 0.000000
0.022674 -0.022549 0.000000
0.641833 -0.638297 11.429691
3.960898 -10.396445 0.000002
3.960898 -10.396441 11.429691
3.960898 -10.842738 11.429691
3.960898 -10.842740 0.000002
-1.423444 -1.382748 0.000000
-1.423444 -1.382746 11.429691
-0.022937 -0.022279 11.429691
-0.022937 -0.022281 0.000000
-1.441204 -13.172130 11.429693
-1.441204 -1.424760 0.000000
-1.441204 -13.172133 0.000002
-1.441204 -1.424758 11.429691
-3.976631 -14.135176 11.429693
-3.976631 -13.236638 0.000002
-3.976631 -14.135177 0.000002
-3.976631 -13.236634 11.429693
3.960898 -3.979067 0.000001
3.960898 -3.979065 11.429692
3.960898 -10.350831 11.429691
3.960898 -10.350835 0.000002
-1.408952 -13.204381 11.429693
-1.418398 -14.167428 11.429693
-0.022806 -14.167428 11.429693
0.000000 -13.204381 11.429693
-1.441204 -13.236634 11.429693
-1.441204 -14.144623 11.429693
-1.473456 -13.204381 11.429693
-1.464010 -14.167428 11.429693
-1.441204 -13.236634 11.429693
-3.944380 -14.167428 11.429693
-3.944380 -13.204381 11.429693
-1.441204 -14.144623 11.429693
-3.976631 -13.236634 11.429693
-3.976631 -14.135176 11.429693
-3.944380 -14.167430 0.000002
-1.473456 -13.204385 0.000002
-1.464010 -14.167430 0.000002
-1.441204 -13.236638 0.000002
-1.441204 -14.144625 0.000002
-3.944380 -13.204385 0.000002
-3.976631 -14.135177 0.000002
-3.976631 -13.236638 0.000002
-1.441204 -13.236638 0.000002
-1.418398 -14.167430 0.000002
-1.441204 -14.144625 0.000002
-1.408952 -13.204385 0.000002
-0.022806 -14.167430 0.000002
0.000000 -13.204385 0.000002
0.000000 -14.144625 0.000002
0.000000 -13.204381 11.429693
-1.441204 -13.172130 11.429693
-1.441204 -1.424758 11.429691
0.000000 -0.022804 11.429691
-1.423444 -1.382746 11.429691
-0.022937 -0.022279 11.429691
0.000000 -13.204385 0.000002
-1.441204 -1.424760 0.000000
0.000000 -0.022806 0.000000
-1.441204 -13.172133 0.000002
-1.423444 -1.382748 0.000000
-0.022937 -0.022281 0.000000
3.960898 -3.979065 11.429692
3.943434 -3.936929 11.429692
0.674137 -0.670497 11.429691
3.960898 -10.350831 11.429691
3.960898 -10.350835 0.000002
3.943582 -10.388480 0.000002
3.943434 -3.936931 0.000001
0.658004 -0.677186 0.000000
0.674137 -0.670499 0.000000
3.960898 -3.979067 0.000001
0.000000 -0.022804 11.429691
0.641833 -0.638297 11.429691
0.022674 -0.022547 11.429691
0.000000 -0.022806 0.000000
0.641833 -0.638299 0.000000
0.022674 -0.022549 0.000000
-1.464010 -14.167428 11.429693
-1.464010 -14.167430 0.000002
-1.441204 -14.144625 0.000002
-1.418398 -14.167430 0.000002
0.633321 -14.167430 0.000002
-1.441204 -13.236634 11.429693
-1.441204 -13.172130 11.429693
-1.408952 -13.204381 11.429693
-1.441204 -13.172133 0.000002
-1.408952 -13.204385 0.000002
-1.441204 -13.236638 0.000002
0.674137 -0.670499 0.000000
0.658004 -0.677186 0.000000
0.641833 -0.638299 0.000000
-0.022937 -0.022279 11.429691
0.000000 -0.022804 11.429691
0.022674 -0.022547 11.429691
0.022674 -0.022549 0.000000
0.000000 -0.022806 0.000000
-0.022937 -0.022281 0.000000
3.960898 -10.350835 0.000002
11 122
103 105
3 119
97 100
57 58
104 106
56 59
98 99
54 55
44 46
56 58
36 37
38 39
61 63
60 62
22 23
64 67
113 118
65 66
109 112
41 42
115 117
40 43
110 111
4 5
28 31
14 17
29 30
12 15
12 114
20 23
21 22
75 77
82 84
36 39
37 38
74 78
83 87
53 54
101 102
52 55
107 108
68 71
68 97
93 95
93 103
24 27
25 26
69 70
91 94
1 3
1 71
9 12
12 19
8 11
95 96
72 73
76 79
85 86
90 92
60 63
80 81
61 62
88 89
45 46
123 124
44 47
120 121
0 2
10 13
32 35
33 34
6 7
49 50
16 18
48 51
14 16
30 51
83 85
83 135
90 93
134 135
68 72
74 76
74 130
130 132
4 6
28 50
23 62
36 61
82 88
87 89
37 63
78 80
41 64
115 118
43 65
109 110
0 5
31 33
20 27
21 26
69 125
126 128
40 47
111 120
53 59
99 101
42 45
136 138
46 55
142 144
44 54
139 141
2 70
13 94
24 35
25 34
52 57
104 107
22 60
77 81
17 129
29 32
39 58
83 133
93 106
133 134
38 56
68 98
74 131
131 132
18 145
48 67
7 112
49 66
116 123
137 138
15 145
113 114
9 10
19 129
84 86
91 92
126 127
127 128
73 125
75 79
8 94
94 96
105 108
143 144
100 102
139 140
119 121
122 124
140 141
142 143
116 117
136 137
