5100898011557353235 846 897
0.149712 -0.505930 0.924828
0.075789 -0.524590 0.948847
0.064470 -0.524590 0.926632
0.046840 -0.524590 0.909002
0.024625 -0.524590 0.897683
0.000000 -0.524590 0.893783
-0.024625 -0.524590 0.897683
-0.046840 -0.524590 0.909002
-0.064470 -0.524590 0.926632
-0.075789 -0.524590 0.948847
-0.079690 -0.524590 0.973473
-0.075789 -0.524590 0.998098
-0.064470 -0.524590 1.020313
-0.046840 -0.524590 1.037943
-0.024625 -0.524590 1.049262
-0.000000 -0.524590 1.053162
0.024625 -0.524590 1.049262
0.046840 -0.524590 1.037943
0.064470 -0.524590 1.020313
0.075789 -0.524590 0.998098
0.079690 -0.524590 0.973473
0.075789 -0.524590 0.948847
0.149712 -0.505930 0.924828
0.219949 -0.475339 0.902007
0.219949 -0.475339 0.902007
0.284770 -0.433573 0.880945
0.284770 -0.433573 0.880945
0.342579 -0.381659 0.862162
0.342579 -0.381659 0.862162
0.391952 -0.320875 0.846120
0.391952 -0.320875 0.846120
0.431675 -0.252718 0.833213
0.431675 -0.252718 0.833213
0.460768 -0.178867 0.823760
0.460768 -0.178867 0.823760
0.478515 -0.101140 0.817994
0.478515 -0.101140 0.817994
0.484480 -0.021450 0.816056
0.484480 -0.021450 0.816056
0.478515 0.058239 0.817994
0.478515 0.058239 0.817994
0.460768 0.135967 0.823760
0.460768 0.135967 0.823760
0.431675 0.209818 0.833213
0.431675 0.209818 0.833213
0.391952 0.277975 0.846120
0.391952 0.277975 0.846120
0.342579 0.338758 0.862162
0.342579 0.338758 0.862162
0.284770 0.390673 0.880945
0.284770 0.390673 0.880945
0.219949 0.432439 0.902007
0.219949 0.432439 0.902007
0.149712 0.463029 0.924828
0.149712 0.463029 0.924828
0.075789 0.481690 0.948847
0.064470 0.481690 0.926632
0.046840 0.481690 0.909002
0.024625 0.481690 0.897683
-0.000000 0.481690 0.893783
-0.024625 0.481690 0.897683
-0.046840 0.481690 0.909002
-0.064470 0.481690 0.926632
-0.075789 0.481690 0.948847
-0.079690 0.481690 0.973473
-0.075789 0.481690 0.998098
-0.064470 0.481690 1.020313
-0.046840 0.481690 1.037943
-0.024625 0.481690 1.049262
-0.000000 0.481690 1.053162
0.024625 0.481690 1.049262
0.046840 0.481690 1.037943
0.064470 0.481690 1.020313
0.075789 0.481690 0.998098
0.079690 0.481690 0.973473
0.075789 0.481690 0.948847
0.000000 -0.530862 0.973473
0.000000 -0.530862 0.973473
0.000000 -0.530862 0.973473
0.000000 -0.530862 0.973473
0.000000 -0.530862 0.973473
0.000000 -0.530862 0.973473
0.000000 -0.530862 0.973473
0.000000 -0.530862 0.973473
0.000000 -0.530862 0.973473
0.000000 -0.530862 0.973473
0.000000 -0.530862 0.973473
0.000000 -0.530862 0.973473
0.000000 -0.530862 0.973473
0.000000 -0.530862 0.973473
0.000000 -0.530862 0.973473
0.000000 -0.530862 0.973473
0.000000 -0.530862 0.973473
0.000000 -0.530862 0.973473
0.000000 -0.530862 0.973473
0.000000 -0.530862 0.973473
-0.000000 0.487962 0.973473
-0.000000 0.487962 0.973473
-0.000000 0.487962 0.973473
-0.000000 0.487962 0.973473
-0.000000 0.487962 0.973473
-0.000000 0.487962 0.973473
-0.000000 0.487962 0.973473
-0.000000 0.487962 0.973473
-0.000000 0.487962 0.973473
-0.000000 0.487962 0.973473
-0.000000 0.487962 0.973473
-0.000000 0.487962 0.973473
-0.000000 0.487962 0.973473
-0.000000 0.487962 0.973473
-0.000000 0.487962 0.973473
-0.000000 0.487962 0.973473
-0.000000 0.487962 0.973473
-0.000000 0.487962 0.973473
-0.000000 0.487962 0.973473
-0.000000 0.487962 0.973473
0.078085 0.106982 0.798021
0.068709 0.100873 0.796504
0.079359 0.098697 0.798766
0.070822 0.095005 0.797535
0.083434 0.110046 0.798760
0.085915 0.104440 0.799181
0.090991 0.114801 0.799704
0.095537 0.109355 0.800294
0.066591 0.100490 0.793928
0.068670 0.092509 0.794986
0.074188 0.100963 0.761080
0.077889 0.101812 0.758975
0.073556 0.099378 0.760952
0.081890 0.096298 0.759232
0.085988 0.106264 0.760075
0.087973 0.100161 0.759904
0.099536 0.103998 0.766014
0.091679 0.108845 0.762237
0.099048 0.114238 0.763545
0.124111 0.117929 0.767516
0.120808 0.126454 0.766763
0.120049 0.127070 0.769812
0.114023 0.126164 0.798897
0.112624 0.125344 0.803292
0.116667 0.119832 0.803524
0.152166 0.061992 1.007424
0.164985 0.041977 1.010677
0.174742 0.020075 1.008224
0.192239 0.007856 0.959784
0.180638 -0.006621 1.000260
0.179854 -0.032701 0.984758
0.174913 -0.055415 0.963190
0.186973 -0.056971 0.922627
0.166880 -0.074645 0.938617
0.157030 -0.092407 0.913257
0.144428 -0.105801 0.891437
0.082437 0.096973 0.834288
0.123610 0.108507 0.874452
0.082544 0.099606 0.865380
0.083243 0.088489 0.754462
0.125761 0.101707 0.778647
0.083157 0.094211 0.796586
0.084097 0.085476 0.736914
0.130873 0.088979 0.691687
0.085316 0.078775 0.704681
0.087160 0.073867 0.679912
0.093759 0.054580 0.607576
0.134603 0.072991 0.633663
0.090071 0.062816 0.637352
0.096854 0.045857 0.581018
0.142243 0.057696 0.569830
0.099458 0.037296 0.560102
0.187471 0.038209 0.571020
0.167326 0.043709 0.544994
0.190975 0.031297 0.548544
0.211507 -0.004634 0.575788
0.204544 0.009859 0.549443
0.211056 -0.016408 0.549617
0.131570 0.102430 0.947408
0.094743 0.101937 0.922950
0.087473 0.101734 0.905592
0.176756 0.080453 0.872553
0.208614 0.014798 0.866323
0.203152 -0.053919 0.845631
0.128405 -0.120146 0.827788
0.128120 -0.117618 0.855048
0.131287 -0.114838 0.867971
0.140847 0.076735 0.998246
0.129748 0.088014 0.984351
0.105887 0.100691 0.945097
0.128047 -0.119018 0.801078
0.211288 -0.053683 0.764336
0.218225 0.016268 0.778660
0.126679 -0.115297 0.768181
0.220479 0.012083 0.698398
0.213149 -0.052961 0.693506
0.125350 -0.112016 0.740129
0.126408 -0.114557 0.761642
0.124542 -0.110178 0.713510
0.084684 0.101315 0.895124
0.185962 0.079617 0.780633
0.126286 -0.112433 0.658907
0.124838 -0.110705 0.687395
0.187551 0.071433 0.695863
0.128198 -0.113704 0.634920
0.211833 -0.055023 0.630050
0.217139 0.003817 0.628101
0.186080 0.055053 0.622628
0.212955 -0.035495 0.550611
0.132373 -0.114948 0.615588
0.210534 -0.053874 0.551531
0.206490 -0.061481 0.583946
0.196715 -0.080299 0.566930
0.189209 -0.089736 0.574224
0.204355 -0.069130 0.558454
0.178189 -0.098554 0.581332
0.156331 -0.110363 0.594929
0.080296 0.103520 0.865324
0.082338 0.105553 0.895986
0.085638 0.106217 0.907420
0.093563 0.106223 0.925431
0.105481 0.104705 0.947766
0.118311 0.099998 0.968936
0.142237 0.079792 1.001510
0.130372 0.091393 0.987610
0.154365 0.064695 1.010570
0.168253 0.043395 1.014019
0.178453 0.019911 1.011475
0.183650 -0.007966 1.003439
0.184071 -0.035453 0.987613
0.180083 -0.059574 0.965588
0.171794 -0.079613 0.940327
0.159568 -0.097013 0.913846
0.146270 -0.110103 0.892827
0.130642 -0.119682 0.867454
0.127539 -0.124969 0.826022
0.127343 -0.122452 0.854038
0.126124 -0.124378 0.798446
0.135119 -0.122602 0.800949
0.124217 -0.117001 0.738054
0.125829 -0.119611 0.759140
0.123563 -0.115523 0.711416
0.125979 -0.117467 0.657191
0.123726 -0.115583 0.684838
0.129034 -0.118786 0.634488
0.133362 -0.119608 0.615791
0.140586 -0.118194 0.604489
0.156408 -0.113598 0.592983
0.179000 -0.102558 0.580291
0.191087 -0.093331 0.572895
0.198836 -0.083452 0.565195
0.207595 -0.072031 0.556521
0.215072 -0.054679 0.550715
0.216921 -0.037633 0.548637
0.214876 -0.014917 0.548125
0.080134 0.101073 0.834089
0.079359 0.098697 0.798766
0.085915 0.104440 0.799181
0.079424 0.087847 0.736749
0.086862 0.095255 0.753318
0.078528 0.092184 0.759254
0.080493 0.081219 0.704424
0.082048 0.074487 0.673838
0.083973 0.066929 0.645772
0.085867 0.059889 0.620889
0.088220 0.052207 0.597352
0.091756 0.044199 0.573683
0.096511 0.040563 0.558868
0.106539 0.043658 0.550146
0.121503 0.048496 0.544550
0.147044 0.051414 0.542582
0.169669 0.047492 0.543795
0.194137 0.034231 0.546586
0.208173 0.012093 0.547716
0.195959 0.067933 0.898266
0.209562 0.034275 0.905571
0.200195 -0.066423 0.893034
0.204192 -0.070916 0.849776
0.174236 -0.107366 0.811384
0.158120 -0.115241 0.806746
0.208028 -0.071310 0.819390
0.193259 -0.091961 0.816388
0.133835 -0.119575 0.769549
0.157759 -0.113733 0.775037
0.211686 -0.072894 0.747424
0.211325 -0.072256 0.775857
0.169023 0.099250 0.883358
0.095537 0.109355 0.800294
0.143498 0.119886 0.804488
0.130646 0.123072 0.802790
0.231044 -0.030077 0.681095
0.231170 -0.002921 0.676716
0.159826 0.109674 0.849705
0.163849 0.107532 0.807637
0.157499 0.109781 0.877623
0.218446 -0.021300 0.570692
0.214340 -0.053600 0.574992
0.082544 0.099606 0.865380
0.084684 0.101315 0.895124
0.079972 0.100875 0.865454
0.081650 0.102630 0.896038
0.087473 0.101734 0.905592
0.084591 0.103142 0.907348
0.094743 0.101937 0.922950
0.092705 0.103083 0.924475
0.105887 0.100691 0.945097
0.118046 0.096279 0.966076
0.104632 0.102084 0.946862
0.117168 0.097918 0.968233
0.129748 0.088014 0.984351
0.140847 0.076735 0.998246
0.128858 0.089404 0.986775
0.140350 0.077904 1.000938
0.152166 0.061992 1.007424
0.152071 0.062889 1.010364
0.164985 0.041977 1.010677
0.165248 0.042034 1.014117
0.174742 0.020075 1.008224
0.175055 0.019155 1.011835
0.180638 -0.006621 1.000260
0.180731 -0.008082 1.003346
0.179854 -0.032701 0.984758
0.180792 -0.034851 0.987363
0.176513 -0.058314 0.965429
0.174913 -0.055415 0.963190
0.168215 -0.078044 0.940552
0.166880 -0.074645 0.938617
0.157030 -0.092407 0.913257
0.156571 -0.095593 0.915005
0.144428 -0.105801 0.891437
0.144007 -0.108297 0.893130
0.131287 -0.114838 0.867971
0.129602 -0.117324 0.868250
0.128120 -0.117618 0.855048
0.128405 -0.120146 0.827788
0.126052 -0.119894 0.854685
0.125877 -0.122248 0.826870
0.128047 -0.119018 0.801078
0.125416 -0.120982 0.800081
0.124157 -0.117412 0.768367
0.125416 -0.120982 0.800081
0.126679 -0.115297 0.768181
0.128047 -0.119018 0.801078
0.126408 -0.114557 0.761642
0.125350 -0.112016 0.740129
0.123878 -0.116621 0.761344
0.122704 -0.114184 0.739167
0.124542 -0.110178 0.713510
0.121817 -0.112520 0.712455
0.124838 -0.110705 0.687395
0.126286 -0.112433 0.658907
0.122292 -0.112861 0.685973
0.123915 -0.114929 0.657766
0.125978 -0.116553 0.634269
0.128198 -0.113704 0.634920
0.132373 -0.114948 0.615588
0.131259 -0.117524 0.614954
0.139915 -0.116224 0.604367
0.140878 -0.114524 0.605801
0.155756 -0.111737 0.593150
0.156331 -0.110363 0.594929
0.177659 -0.100385 0.579463
0.178189 -0.098554 0.581332
0.189283 -0.091605 0.572376
0.189209 -0.089736 0.574224
0.197057 -0.082036 0.565150
0.196715 -0.080299 0.566930
0.204355 -0.069130 0.558454
0.205095 -0.070902 0.555951
0.210534 -0.053874 0.551531
0.212194 -0.054508 0.549328
0.214420 -0.036701 0.548073
0.212955 -0.035495 0.550611
0.212563 -0.015727 0.547579
0.211056 -0.016408 0.549617
0.082437 0.096973 0.834288
0.079560 0.098166 0.834288
0.078950 0.094590 0.794993
0.083157 0.094211 0.796586
0.083243 0.088489 0.754462
0.083157 0.094211 0.796586
0.078999 0.089252 0.759762
0.078950 0.094590 0.794993
0.084097 0.085476 0.736914
0.083243 0.088489 0.754462
0.079805 0.085477 0.736902
0.078999 0.089252 0.759762
0.080966 0.078772 0.704625
0.085316 0.078775 0.704681
0.082353 0.071802 0.674219
0.087160 0.073867 0.679912
0.084210 0.064369 0.646535
0.090071 0.062816 0.637352
0.088685 0.049857 0.598693
0.093759 0.054580 0.607576
0.086143 0.057318 0.621527
0.092478 0.042229 0.574289
0.096854 0.045857 0.581018
0.097294 0.038469 0.559105
0.099458 0.037296 0.560102
0.105988 0.040040 0.548374
0.107601 0.037859 0.550783
0.121480 0.045695 0.543813
0.121911 0.043767 0.546345
0.146475 0.048873 0.541850
0.145936 0.047383 0.544340
0.168451 0.044977 0.542550
0.167326 0.043709 0.544994
0.192272 0.032224 0.545617
0.190975 0.031297 0.548544
0.204544 0.009859 0.549443
0.206010 0.010651 0.547005
0.140878 -0.114524 0.605801
0.145936 0.047383 0.544340
0.121911 0.043767 0.546345
0.107601 0.037859 0.550783
0.079359 0.098697 0.798766
0.078528 0.092184 0.759254
0.118046 0.096279 0.966076
0.069035 0.092527 0.791674
0.065816 0.099759 0.790625
0.039866 0.074629 0.782945
0.054043 0.088347 0.786511
0.049800 0.074054 0.755111
0.062781 0.087447 0.758622
0.039499 0.057410 0.752473
0.029070 0.057614 0.780196
0.031321 0.037790 0.751590
0.021769 0.038737 0.778146
0.017538 0.017207 0.776722
0.025932 0.016303 0.750418
0.042236 0.072838 0.784183
0.056342 0.086280 0.787664
0.069035 0.092527 0.791674
0.065816 0.099759 0.790625
0.067935 0.094878 0.789372
0.073556 0.099378 0.760952
0.075785 0.095468 0.761380
0.064820 0.085256 0.758631
0.015494 -0.006545 0.776218
0.024564 -0.005789 0.749711
0.018096 -0.029846 0.776488
0.027351 -0.028281 0.749243
0.024692 -0.052331 0.776520
0.034144 -0.051658 0.749305
0.035270 -0.074321 0.777736
0.046180 -0.072699 0.751204
0.051999 -0.095193 0.780577
0.063790 -0.092538 0.754552
0.074313 -0.113300 0.785573
0.083086 -0.107092 0.758737
0.100208 -0.123135 0.791862
0.109216 -0.117041 0.762845
0.117702 -0.119490 0.764804
0.126188 -0.121678 0.766763
0.113217 -0.126687 0.794937
0.126227 -0.128236 0.798011
0.176260 -0.110144 0.811116
0.159558 -0.118382 0.806350
0.137262 -0.126768 0.801253
0.126227 -0.128236 0.798011
0.134941 -0.121593 0.769746
0.159406 -0.117577 0.775655
0.177376 -0.108926 0.779664
0.176828 -0.105809 0.778672
0.194990 -0.093106 0.815781
0.209225 -0.072651 0.819256
0.194561 -0.093265 0.781746
0.211132 -0.072029 0.786403
0.196284 -0.095341 0.783940
0.212546 -0.073243 0.789215
0.219508 -0.057025 0.723490
0.226637 -0.043201 0.700962
0.126188 -0.121678 0.766763
0.123290 -0.118451 0.766498
0.126472 -0.120323 0.766930
0.126188 -0.121678 0.766763
0.178762 0.087716 0.695457
0.203959 0.063489 0.667146
0.161424 0.101382 0.716423
0.162727 0.105844 0.754995
0.052509 0.071775 0.755222
0.042825 0.055654 0.752633
0.034629 0.036592 0.750750
0.029010 0.016404 0.749817
0.027280 -0.005452 0.749538
0.030034 -0.027549 0.749204
0.036915 -0.050241 0.749139
0.049067 -0.070995 0.751229
0.065868 -0.090023 0.754591
0.085097 -0.104787 0.758177
0.110458 -0.114848 0.763123
0.116874 -0.116780 0.764810
0.123290 -0.118451 0.766498
0.113693 -0.123724 0.795852
0.126124 -0.124378 0.798446
0.101261 -0.121067 0.793257
0.075534 -0.111419 0.787781
0.054189 -0.095216 0.783907
0.037556 -0.075154 0.780060
0.117883 0.119673 0.799324
0.123300 0.118332 0.771697
0.116667 0.119832 0.803524
0.069035 0.092527 0.791674
0.067935 0.094878 0.789372
0.075785 0.095468 0.761380
0.075785 0.095468 0.761380
0.081890 0.096298 0.759232
0.075785 0.095468 0.761380
0.087973 0.100161 0.759904
0.083339 0.095005 0.759884
0.099536 0.103998 0.766014
0.124111 0.117929 0.767516
0.130646 0.123072 0.802790
0.117370 0.123653 0.799242
0.130469 0.125518 0.802580
0.143658 0.122355 0.804151
0.143498 0.119886 0.804488
0.163866 0.111523 0.807139
0.163849 0.107532 0.807637
0.136213 0.121497 0.774419
0.122857 0.121598 0.771660
0.136363 0.120186 0.774596
0.164333 0.107168 0.778985
0.149412 0.116886 0.777736
0.165030 0.110874 0.778246
0.149281 0.119204 0.777396
0.168402 0.113343 0.808668
0.166998 0.112044 0.850438
0.163866 0.111523 0.807139
0.165030 0.110874 0.778246
0.168424 0.112351 0.778094
0.167708 0.110361 0.754328
0.164120 0.109620 0.754134
0.164333 0.107168 0.778985
0.167181 0.106852 0.716196
0.164062 0.105943 0.716086
0.149412 0.116886 0.777736
0.136363 0.120186 0.774596
0.165526 0.111814 0.874903
0.174917 0.103099 0.881634
0.200744 0.069844 0.897225
0.218450 -0.005288 0.904822
0.216322 0.035245 0.904096
0.212532 -0.043582 0.900947
0.201656 -0.068062 0.877221
0.206985 -0.069088 0.895937
0.208895 -0.071715 0.879480
0.214558 -0.074197 0.821743
0.210922 -0.073558 0.850471
0.214935 -0.075531 0.787106
0.217976 -0.074309 0.787787
0.217919 -0.074275 0.776724
0.214986 -0.075430 0.776322
0.218399 -0.075062 0.748213
0.215476 -0.075381 0.748069
0.223156 -0.059005 0.723908
0.225593 -0.058560 0.724345
0.231764 -0.044405 0.703871
0.229976 -0.044463 0.702452
0.235858 -0.028487 0.684509
0.234275 -0.029211 0.683065
0.236062 -0.004268 0.679768
0.234815 -0.003883 0.677851
0.228300 0.034067 0.673386
0.226703 0.033782 0.671701
0.207188 0.065336 0.667492
0.208768 0.065582 0.669395
0.185359 0.090625 0.694647
0.222778 0.033168 0.670842
0.222472 0.070052 0.757247
0.220951 0.067970 0.715542
0.031857 0.055860 0.781020
0.024837 0.036966 0.778999
0.020121 0.015919 0.778569
0.018035 -0.006878 0.778671
0.020007 -0.029602 0.778854
0.026723 -0.053322 0.778580
0.042236 0.072838 0.784183
0.052509 0.071775 0.755222
0.056342 0.086280 0.787664
0.064820 0.085256 0.758631
0.031857 0.055860 0.781020
0.042825 0.055654 0.752633
0.024837 0.036966 0.778999
0.034629 0.036592 0.750750
0.020121 0.015919 0.778569
0.029010 0.016404 0.749817
0.018035 -0.006878 0.778671
0.027280 -0.005452 0.749538
0.020007 -0.029602 0.778854
0.030034 -0.027549 0.749204
0.026723 -0.053322 0.778580
0.036915 -0.050241 0.749139
0.037556 -0.075154 0.780060
0.049067 -0.070995 0.751229
0.054189 -0.095216 0.783907
0.065868 -0.090023 0.754591
0.075534 -0.111419 0.787781
0.085097 -0.104787 0.758177
0.101261 -0.121067 0.793257
0.110458 -0.114848 0.763123
0.116874 -0.116780 0.764810
0.113693 -0.123724 0.795852
0.123290 -0.118451 0.766498
0.126124 -0.124378 0.798446
0.126679 -0.115297 0.768181
0.124157 -0.117412 0.768367
0.126124 -0.124378 0.798446
0.123290 -0.118451 0.766498
-0.152166 0.061992 1.007424
-0.164985 0.041977 1.010677
-0.174742 0.020075 1.008224
-0.180638 -0.006621 1.000260
-0.192239 0.007856 0.959784
-0.179854 -0.032701 0.984758
-0.174913 -0.055415 0.963190
-0.166880 -0.074645 0.938617
-0.186973 -0.056971 0.922627
-0.157030 -0.092407 0.913257
-0.144428 -0.105801 0.891437
-0.082437 0.096973 0.834288
-0.082544 0.099606 0.865380
-0.083157 0.094211 0.796586
-0.083455 0.090569 0.768034
-0.085425 0.079944 0.708154
-0.084156 0.084766 0.734327
-0.130926 0.087274 0.693921
-0.087257 0.073609 0.678608
-0.088832 0.066355 0.650458
-0.094624 0.052648 0.600591
-0.091197 0.059223 0.623747
-0.138291 0.063691 0.598126
-0.096854 0.045857 0.581018
-0.099458 0.037296 0.560102
-0.142243 0.057696 0.569830
-0.187471 0.038209 0.571020
-0.190975 0.031297 0.548544
-0.167326 0.043709 0.544994
-0.204544 0.009859 0.549443
-0.211507 -0.004634 0.575788
-0.211056 -0.016408 0.549617
-0.131570 0.102430 0.947408
-0.094743 0.101937 0.922950
-0.087473 0.101734 0.905592
-0.176466 0.071055 0.829647
-0.207569 0.010876 0.827394
-0.201467 -0.054924 0.807024
-0.128405 -0.120146 0.827788
-0.128120 -0.117618 0.855048
-0.131287 -0.114838 0.867971
-0.140847 0.076735 0.998246
-0.129748 0.088014 0.984351
-0.105887 0.100691 0.945097
-0.127939 -0.118658 0.789954
-0.126017 -0.113492 0.752233
-0.212437 -0.053528 0.699316
-0.219289 0.011580 0.705283
-0.124531 -0.110181 0.720237
-0.084684 0.101315 0.895124
-0.124679 -0.110663 0.689111
-0.186878 0.070408 0.703324
-0.125849 -0.112142 0.664389
-0.127685 -0.113346 0.641924
-0.212955 -0.035495 0.550611
-0.129977 -0.114554 0.623815
-0.206490 -0.061481 0.583946
-0.210534 -0.053874 0.551531
-0.196715 -0.080299 0.566930
-0.189209 -0.089736 0.574224
-0.204355 -0.069130 0.558454
-0.186483 0.050169 0.607661
-0.215506 0.001366 0.612930
-0.210283 -0.056896 0.616680
-0.178189 -0.098554 0.581332
-0.156331 -0.110363 0.594929
-0.082338 0.105553 0.895986
-0.080296 0.103520 0.865324
-0.085638 0.106217 0.907420
-0.093563 0.106223 0.925431
-0.105481 0.104705 0.947766
-0.118311 0.099998 0.968936
-0.142237 0.079792 1.001510
-0.130372 0.091393 0.987610
-0.154365 0.064695 1.010570
-0.168253 0.043395 1.014019
-0.178453 0.019911 1.011475
-0.183650 -0.007966 1.003439
-0.184071 -0.035453 0.987613
-0.180083 -0.059574 0.965588
-0.171794 -0.079613 0.940327
-0.159568 -0.097013 0.913846
-0.146270 -0.110103 0.892827
-0.130642 -0.119682 0.867454
-0.127343 -0.122452 0.854038
-0.127539 -0.124969 0.826022
-0.126677 -0.123202 0.787748
-0.124736 -0.118088 0.750043
-0.123526 -0.115528 0.718165
-0.123343 -0.115036 0.692253
-0.125281 -0.117166 0.662380
-0.128174 -0.118403 0.641109
-0.131085 -0.119451 0.623829
-0.133362 -0.119608 0.615791
-0.140586 -0.118194 0.604489
-0.156408 -0.113598 0.592983
-0.179000 -0.102558 0.580291
-0.191087 -0.093331 0.572895
-0.198836 -0.083452 0.565195
-0.207595 -0.072031 0.556521
-0.215072 -0.054679 0.550715
-0.216921 -0.037633 0.548637
-0.214876 -0.014917 0.548125
-0.080134 0.101073 0.834089
-0.079316 0.097355 0.794612
-0.079192 0.093329 0.766556
-0.079675 0.087170 0.733038
-0.080529 0.081513 0.704461
-0.082130 0.074133 0.672228
-0.084078 0.066506 0.644088
-0.086287 0.058518 0.616688
-0.088772 0.050405 0.591831
-0.091756 0.044199 0.573683
-0.096511 0.040563 0.558868
-0.106539 0.043658 0.550146
-0.121503 0.048496 0.544550
-0.147044 0.051414 0.542582
-0.169669 0.047492 0.543795
-0.194137 0.034231 0.546586
-0.208173 0.012093 0.547716
-0.136160 0.115353 0.899968
-0.140557 0.116441 0.848340
-0.218446 -0.021300 0.570692
-0.214340 -0.053600 0.574992
-0.081650 0.102630 0.896038
-0.084684 0.101315 0.895124
-0.079972 0.100875 0.865454
-0.082544 0.099606 0.865380
-0.084591 0.103142 0.907348
-0.087473 0.101734 0.905592
-0.092705 0.103083 0.924475
-0.094743 0.101937 0.922950
-0.117168 0.097918 0.968233
-0.118046 0.096279 0.966076
-0.104632 0.102084 0.946862
-0.105887 0.100691 0.945097
-0.140350 0.077904 1.000938
-0.140847 0.076735 0.998246
-0.128858 0.089404 0.986775
-0.129748 0.088014 0.984351
-0.152071 0.062889 1.010364
-0.152166 0.061992 1.007424
-0.165248 0.042034 1.014117
-0.164985 0.041977 1.010677
-0.175055 0.019155 1.011835
-0.174742 0.020075 1.008224
-0.180731 -0.008082 1.003346
-0.180638 -0.006621 1.000260
-0.180792 -0.034851 0.987363
-0.179854 -0.032701 0.984758
-0.176513 -0.058314 0.965429
-0.174913 -0.055415 0.963190
-0.168215 -0.078044 0.940552
-0.166880 -0.074645 0.938617
-0.156571 -0.095593 0.915005
-0.157030 -0.092407 0.913257
-0.144007 -0.108297 0.893130
-0.144428 -0.105801 0.891437
-0.129602 -0.117324 0.868250
-0.131287 -0.114838 0.867971
-0.125877 -0.122248 0.826870
-0.128405 -0.120146 0.827788
-0.126052 -0.119894 0.854685
-0.128120 -0.117618 0.855048
-0.125254 -0.120563 0.788918
-0.127939 -0.118658 0.789954
-0.123477 -0.115483 0.751236
-0.126017 -0.113492 0.752233
-0.124531 -0.110181 0.720237
-0.121788 -0.112510 0.719220
-0.124679 -0.110663 0.689111
-0.122158 -0.112554 0.689983
-0.125849 -0.112142 0.664389
-0.123443 -0.114558 0.663137
-0.127685 -0.113346 0.641924
-0.125457 -0.116079 0.641118
-0.128548 -0.117299 0.623151
-0.129977 -0.114554 0.623815
-0.131259 -0.117524 0.614954
-0.139915 -0.116224 0.604367
-0.132373 -0.114948 0.615588
-0.140878 -0.114524 0.605801
-0.155756 -0.111737 0.593150
-0.156331 -0.110363 0.594929
-0.177659 -0.100385 0.579463
-0.178189 -0.098554 0.581332
-0.189283 -0.091605 0.572376
-0.189209 -0.089736 0.574224
-0.197057 -0.082036 0.565150
-0.196715 -0.080299 0.566930
-0.205095 -0.070902 0.555951
-0.204355 -0.069130 0.558454
-0.212194 -0.054508 0.549328
-0.210534 -0.053874 0.551531
-0.214420 -0.036701 0.548073
-0.212563 -0.015727 0.547579
-0.212955 -0.035495 0.550611
-0.211056 -0.016408 0.549617
-0.079560 0.098166 0.834288
-0.082437 0.096973 0.834288
-0.078950 0.094590 0.794993
-0.083157 0.094211 0.796586
-0.079106 0.090724 0.766886
-0.083455 0.090569 0.768034
-0.080862 0.078958 0.704794
-0.079919 0.084700 0.733323
-0.085425 0.079944 0.708154
-0.084156 0.084766 0.734327
-0.082426 0.071435 0.672618
-0.087257 0.073609 0.678608
-0.084332 0.063852 0.644522
-0.088832 0.066355 0.650458
-0.089281 0.048107 0.593337
-0.086597 0.055986 0.617451
-0.094624 0.052648 0.600591
-0.091197 0.059223 0.623747
-0.092478 0.042229 0.574289
-0.096854 0.045857 0.581018
-0.097294 0.038469 0.559105
-0.099458 0.037296 0.560102
-0.105988 0.040040 0.548374
-0.107601 0.037859 0.550783
-0.121480 0.045695 0.543813
-0.121911 0.043767 0.546345
-0.146475 0.048873 0.541850
-0.145936 0.047383 0.544340
-0.168451 0.044977 0.542550
-0.167326 0.043709 0.544994
-0.192272 0.032224 0.545617
-0.190975 0.031297 0.548544
-0.206010 0.010651 0.547005
-0.204544 0.009859 0.549443
-0.140878 -0.114524 0.605801
-0.132373 -0.114948 0.615588
-0.145936 0.047383 0.544340
-0.121911 0.043767 0.546345
-0.107601 0.037859 0.550783
-0.118046 0.096279 0.966076
0.123300 0.118332 0.771697
0.117883 0.119673 0.799324
610 642
641 657
642 653
614 643
643 652
623 628
657 667
153 156
144 178
653 668
177 196
178 188
156 159
196 199
652 669
179 187
188 190
0 1
21 22
53 55
54 75
56 96
56 97
2 76
2 77
55 96
75 115
1 76
21 95
57 97
57 98
3 77
3 78
0 23
22 24
51 53
52 54
5 79
5 80
59 99
59 100
58 98
58 99
4 78
4 79
33 35
34 36
39 41
40 42
25 27
26 28
47 49
48 50
6 80
6 81
60 100
60 101
27 29
28 30
45 47
46 48
10 84
10 85
64 104
64 105
7 81
7 82
61 101
61 102
11 85
11 86
9 83
9 84
65 105
65 106
63 103
63 104
8 82
8 83
62 102
62 103
31 33
32 34
41 43
42 44
12 86
12 87
66 106
66 107
14 88
14 89
68 108
68 109
15 89
15 90
69 109
69 110
13 87
13 88
67 107
67 108
23 25
24 26
49 51
50 52
29 31
30 32
43 45
44 46
73 113
73 114
19 93
19 94
70 110
70 111
16 90
16 91
71 111
71 112
17 91
17 92
72 112
72 113
18 92
18 93
74 114
74 115
20 94
20 95
35 37
36 38
37 39
38 40
148 179
199 203
153 174
190 202
187 191
163 166
191 201
159 163
168 203
171 202
726 727
201 207
473 474
536 537
161 164
386 388
270 282
155 157
375 376
288 289
288 523
523 524
566 567
538 539
271 538
412 413
174 184
638 648
709 710
372 373
804 806
559 561
475 476
537 539
632 667
691 692
528 531
529 532
650 651
771 773
692 693
770 772
766 770
644 650
767 771
636 668
152 157
371 374
617 619
805 807
287 565
561 562
560 563
270 271
474 565
377 378
251 252
620 622
809 813
544 547
808 811
711 712
227 228
686 687
413 499
226 227
685 686
662 669
186 189
337 338
321 324
758 760
713 714
810 814
254 257
381 383
158 160
379 384
225 226
684 685
291 292
728 729
319 321
756 758
600 601
604 605
531 564
149 150
322 323
613 615
759 761
318 319
754 756
147 149
320 322
612 613
757 759
651 654
773 774
772 775
693 694
335 336
450 452
456 469
224 225
683 684
146 147
317 320
611 612
755 757
257 258
213 251
673 709
229 230
688 689
295 372
732 804
383 385
152 154
293 371
617 618
733 805
316 318
752 754
654 656
774 776
162 164
388 390
335 604
213 214
672 673
126 416
295 296
730 732
128 416
430 432
273 276
523 527
473 475
145 146
315 317
609 611
753 755
621 624
812 815
462 466
326 328
762 764
695 696
550 553
154 195
293 294
618 655
731 733
280 467
137 138
223 224
682 683
775 777
714 715
628 631
443 445
814 816
712 713
543 545
258 259
810 811
624 625
815 817
314 316
750 752
500 501
544 545
514 521
525 526
619 620
807 809
385 387
715 716
197 198
345 346
150 151
323 325
615 616
761 763
548 550
143 145
313 315
608 609
751 753
280 281
445 447
151 182
325 327
616 646
763 765
806 808
710 711
347 348
211 212
356 358
670 671
789 791
132 135
507 508
816 819
446 448
549 551
324 326
760 762
355 357
788 790
510 517
243 244
701 702
231 232
690 691
162 165
390 393
228 229
687 688
492 493
594 596
288 290
267 268
723 724
465 466
331 332
766 768
250 269
708 725
238 239
625 627
817 821
486 487
595 597
273 541
231 233
286 287
180 181
329 330
644 645
767 769
467 468
463 464
402 404
832 834
369 407
801 836
272 540
493 494
592 594
172 173
370 406
635 637
803 837
777 779
169 170
403 405
633 634
833 835
441 443
332 334
552 555
342 344
442 444
180 186
330 333
192 194
340 343
235 237
621 622
812 813
540 542
237 239
344 347
494 495
590 592
716 717
268 269
724 725
194 198
343 345
387 391
259 260
694 695
389 392
265 266
721 722
453 461
222 223
681 682
221 222
680 681
553 554
404 407
834 836
484 485
591 593
276 277
818 819
457 458
554 556
170 172
405 406
633 635
835 837
300 303
736 740
216 217
675 676
160 161
384 386
398 400
828 830
261 262
278 279
217 218
676 677
461 462
134 136
303 304
738 740
555 557
312 314
748 750
274 277
310 312
746 748
260 261
234 275
175 185
299 301
639 649
737 741
656 658
776 778
556 558
572 573
586 588
185 414
301 302
649 843
739 741
444 446
524 535
485 486
593 595
439 441
495 573
588 590
399 401
409 410
829 831
840 841
454 455
438 440
122 139
440 442
626 627
820 821
286 468
526 529
389 391
483 484
589 591
142 143
311 313
607 608
749 751
197 200
346 350
476 530
284 289
513 515
141 142
309 311
606 607
747 749
468 557
527 528
425 435
218 220
677 679
123 140
283 498
168 170
632 633
482 483
587 589
459 465
348 349
304 307
738 744
435 437
437 439
184 414
302 305
648 843
739 745
381 382
512 514
266 267
722 723
238 240
254 256
570 571
582 584
249 250
707 708
571 572
584 586
165 167
393 395
629 630
823 825
436 438
658 659
778 780
341 342
400 402
830 832
481 482
585 587
423 426
779 781
426 436
424 425
460 463
480 481
583 585
169 409
401 403
634 840
831 833
192 193
339 340
219 220
678 679
569 570
580 582
307 308
742 744
696 697
219 221
678 680
235 236
421 423
308 310
742 746
367 369
800 801
183 184
305 306
647 648
743 745
479 480
581 583
279 460
626 629
820 823
478 479
579 581
141 183
306 309
606 647
743 747
422 424
458 459
417 422
568 569
578 580
818 822
427 568
574 578
242 243
700 701
349 352
417 418
255 507
353 355
785 788
200 205
350 351
427 428
574 576
247 248
705 706
419 421
215 216
674 675
717 718
212 408
354 356
671 838
787 789
453 454
240 241
173 204
368 370
637 660
802 803
364 366
796 798
477 478
575 579
419 420
298 300
734 736
175 176
297 299
639 640
735 737
434 477
575 577
204 206
365 368
660 663
799 802
274 275
659 661
780 783
781 782
366 367
798 800
206 210
363 365
663 666
797 799
519 520
530 533
521 522
155 158
379 380
697 698
248 249
706 707
396 398
826 828
244 245
702 703
418 430
246 247
704 705
542 543
264 265
720 721
282 290
392 395
822 825
361 364
794 796
392 394
822 824
420 432
357 359
790 792
397 399
410 411
827 829
841 842
262 263
718 719
208 210
362 363
664 666
795 797
272 541
209 211
358 360
665 670
791 793
418 431
433 434
501 577
245 246
703 704
428 431
500 576
535 536
359 361
792 794
328 331
764 768
208 209
360 362
664 665
793 795
230 232
689 690
118 415
412 499
394 396
824 826
264 394
720 824
447 451
518 520
533 534
352 353
784 785
285 845
496 509
511 512
510 511
263 264
719 720
516 517
131 132
505 507
516 522
181 182
327 329
645 646
765 769
497 518
534 844
241 242
699 700
451 452
284 285
509 513
490 492
596 599
205 408
351 354
786 787
838 839
118 125
490 491
599 601
167 411
395 397
630 842
825 827
214 215
672 674
296 298
730 734
455 456
116 117
547 548
121 123
253 283
176 195
294 297
640 655
731 735
546 549
281 464
137 497
233 234
118 119
127 130
457 469
133 134
135 136
448 449
449 450
120 122
118 121
252 253
290 535
782 784
661 839
783 786
698 699
124 125
255 505
415 416
429 430
236 470
272 542
278 471
236 471
138 496
276 544
289 523
129 131
503 505
505 506
487 488
597 598
488 489
598 600
139 140
375 377
380 382
130 133
189 193
339 602
129 502
503 504
137 517
117 119
116 120
462 544
466 547
256 506
252 373
378 412
341 470
430 431
127 128
256 503
475 532
523 525
256 504
413 501
138 139
280 551
128 502
432 433
373 374
376 378
140 496
498 845
450 489
470 472
126 127
135 497
508 844
138 510
119 125
289 525
514 515
466 546
233 456
452 491
286 557
519 521
526 530
233 334
336 604
474 562
470 471
396 397
826 827
124 416
429 431
499 500
333 334
336 338
464 466
117 124
546 547
125 415
335 337
602 603
531 532
136 137
256 382
377 413
550 551
562 563
335 605
470 603
556 557
263 394
719 824
276 462
126 128
469 471
471 472
