3225362754466613620 839 600
0.149712 -0.505930 0.924828
0.075789 -0.524590 0.948847
0.064470 -0.524590 0.926632
0.046840 -0.524590 0.909002
0.024625 -0.524590 0.897683
0.000000 -0.524590 0.893783
-0.024625 -0.524590 0.897683
-0.046840 -0.524590 0.909002
-0.064470 -0.524590 0.926632
-0.079690 -0.524590 0.973473
-0.075789 -0.524590 0.998098
-0.064470 -0.524590 1.020313
-0.046840 -0.524590 1.037943
-0.024625 -0.524590 1.049262
-0.000000 -0.524590 1.053162
0.024625 -0.524590 1.049262
0.046840 -0.524590 1.037943
0.064470 -0.524590 1.020313
0.075789 -0.524590 0.998098
0.079690 -0.524590 0.973473
0.075789 -0.524590 0.948847
0.219949 -0.475339 0.902007
0.284770 -0.433573 0.880945
0.342579 -0.381659 0.862162
0.391952 -0.320875 0.846120
0.431675 -0.252718 0.833213
0.460768 -0.178867 0.823760
0.478515 -0.101140 0.817994
0.478515 -0.101140 0.817994
0.484480 -0.021450 0.816056
0.478515 0.058239 0.817994
0.460768 0.135967 0.823760
0.431675 0.209818 0.833213
0.391952 0.277975 0.846120
0.342579 0.338758 0.862162
0.284770 0.390673 0.880945
0.219949 0.432439 0.902007
0.149712 0.463029 0.924828
0.075789 0.481690 0.948847
0.064470 0.481690 0.926632
0.046840 0.481690 0.909002
0.024625 0.481690 0.897683
-0.000000 0.481690 0.893783
-0.024625 0.481690 0.897683
-0.046840 0.481690 0.909002
-0.064470 0.481690 0.926632
-0.079690 0.481690 0.973473
-0.075789 0.481690 0.998098
-0.064470 0.481690 1.020313
-0.046840 0.481690 1.037943
-0.024625 0.481690 1.049262
-0.000000 0.481690 1.053162
0.024625 0.481690 1.049262
0.046840 0.481690 1.037943
0.064470 0.481690 1.020313
0.075789 0.481690 0.998098
0.079690 0.481690 0.973473
0.000000 -0.530862 0.973473
0.000000 -0.530862 0.973473
0.000000 -0.530862 0.973473
0.000000 -0.530862 0.973473
0.000000 -0.530862 0.973473
0.000000 -0.530862 0.973473
0.000000 -0.530862 0.973473
0.000000 -0.530862 0.973473
0.000000 -0.530862 0.973473
0.000000 -0.530862 0.973473
0.000000 -0.530862 0.973473
0.000000 -0.530862 0.973473
0.000000 -0.530862 0.973473
0.000000 -0.530862 0.973473
0.000000 -0.530862 0.973473
0.000000 -0.530862 0.973473
0.000000 -0.530862 0.973473
0.000000 -0.530862 0.973473
0.000000 -0.530862 0.973473
-0.000000 0.487962 0.973473
-0.000000 0.487962 0.973473
-0.000000 0.487962 0.973473
-0.000000 0.487962 0.973473
-0.000000 0.487962 0.973473
-0.000000 0.487962 0.973473
-0.000000 0.487962 0.973473
-0.000000 0.487962 0.973473
-0.000000 0.487962 0.973473
-0.000000 0.487962 0.973473
-0.000000 0.487962 0.973473
-0.000000 0.487962 0.973473
-0.000000 0.487962 0.973473
-0.000000 0.487962 0.973473
-0.000000 0.487962 0.973473
-0.000000 0.487962 0.973473
-0.000000 0.487962 0.973473
-0.000000 0.487962 0.973473
-0.000000 0.487962 0.973473
0.285720 -0.491540 0.470409
0.215980 -0.509144 0.493069
0.205302 -0.509144 0.472111
0.188670 -0.509144 0.455479
0.167712 -0.509144 0.444801
0.144480 -0.509144 0.441121
0.100290 -0.509144 0.455479
0.083658 -0.509144 0.472111
0.072980 -0.509144 0.493069
0.069300 -0.509144 0.516301
0.072980 -0.509144 0.539533
0.083658 -0.509144 0.560491
0.100290 -0.509144 0.577123
0.121248 -0.509144 0.587801
0.144480 -0.509144 0.591481
0.167712 -0.509144 0.587801
0.188670 -0.509144 0.577123
0.205302 -0.509144 0.560491
0.215980 -0.509144 0.539533
0.219660 -0.509144 0.516301
0.215980 -0.509144 0.493069
0.351982 -0.462681 0.448879
0.413135 -0.423278 0.429010
0.467672 -0.374301 0.411289
0.514252 -0.316957 0.396155
0.514252 -0.316957 0.396155
0.551726 -0.252658 0.383979
0.579173 -0.182986 0.375061
0.595916 -0.109657 0.369621
0.601543 -0.034477 0.367792
0.595916 0.040703 0.369621
0.579173 0.114032 0.375061
0.551726 0.183704 0.383979
0.514252 0.248003 0.396155
0.467672 0.305347 0.411289
0.413135 0.354324 0.429010
0.351982 0.393727 0.448879
0.285720 0.422586 0.470409
0.215980 0.440191 0.493069
0.205302 0.440191 0.472111
0.188670 0.440191 0.455479
0.167712 0.440191 0.444801
0.144480 0.440191 0.441121
0.100290 0.440191 0.455479
0.083658 0.440191 0.472111
0.072980 0.440191 0.493069
0.069300 0.440191 0.516301
0.072980 0.440191 0.539533
0.083658 0.440191 0.560491
0.100290 0.440191 0.577123
0.121248 0.440191 0.587801
0.144480 0.440191 0.591481
0.167712 0.440191 0.587801
0.188670 0.440191 0.577123
0.205302 0.440191 0.560491
0.215980 0.440191 0.539533
0.219660 0.440191 0.516301
0.144480 -0.515061 0.516301
0.144480 -0.515061 0.516301
0.144480 -0.515061 0.516301
0.144480 -0.515061 0.516301
0.144480 -0.515061 0.516301
0.144480 -0.515061 0.516301
0.144480 -0.515061 0.516301
0.144480 -0.515061 0.516301
0.144480 -0.515061 0.516301
0.144480 -0.515061 0.516301
0.144480 -0.515061 0.516301
0.144480 -0.515061 0.516301
0.144480 -0.515061 0.516301
0.144480 -0.515061 0.516301
0.144480 -0.515061 0.516301
0.144480 -0.515061 0.516301
0.144480 -0.515061 0.516301
0.144480 -0.515061 0.516301
0.144480 -0.515061 0.516301
0.144480 0.446107 0.516301
0.144480 0.446107 0.516301
0.144480 0.446107 0.516301
0.144480 0.446107 0.516301
0.144480 0.446107 0.516301
0.144480 0.446107 0.516301
0.144480 0.446107 0.516301
0.144480 0.446107 0.516301
0.144480 0.446107 0.516301
0.144480 0.446107 0.516301
0.144480 0.446107 0.516301
0.144480 0.446107 0.516301
0.144480 0.446107 0.516301
0.144480 0.446107 0.516301
0.144480 0.446107 0.516301
0.144480 0.446107 0.516301
0.144480 0.446107 0.516301
0.144480 0.446107 0.516301
0.144480 0.446107 0.516301
0.215726 -0.135541 0.122828
0.225749 -0.115993 0.126420
0.208934 -0.137019 0.137828
0.222096 -0.113097 0.140597
0.220120 -0.095206 0.126974
0.221847 -0.079081 0.128764
0.223775 -0.078507 0.139572
0.182368 -0.051457 0.143300
0.170214 -0.060619 0.141438
0.168543 -0.061427 0.132006
0.156552 -0.117999 0.124930
0.159244 -0.121589 0.139224
0.163703 -0.095694 0.126393
0.161848 -0.093641 0.141663
0.171409 -0.135634 0.138180
0.152629 -0.137178 0.052519
0.155511 -0.143058 0.025042
0.152441 -0.086334 0.012453
0.148994 -0.086534 0.035861
0.147185 -0.086857 0.056120
0.170791 0.113625 0.025973
0.194599 0.120485 0.028591
0.172278 0.118937 0.008055
0.196857 0.125984 0.010018
0.148994 -0.086534 0.035861
0.152441 -0.086334 0.012453
0.161111 -0.074601 0.141942
0.164669 -0.077069 0.129212
0.163703 -0.095694 0.126393
0.147185 -0.086857 0.056120
0.145180 -0.012026 0.046373
0.145554 -0.038154 0.051990
0.194301 0.106532 0.046745
0.215568 0.102982 0.043865
0.206935 -0.056387 0.142788
0.217618 -0.065288 0.142154
0.200926 -0.052977 0.143069
0.190478 -0.049441 0.142688
0.155217 -0.114944 0.108433
0.146484 -0.090230 0.097624
0.153508 -0.093890 0.114133
0.149953 -0.068381 0.103526
0.146484 -0.090230 0.097624
0.153508 -0.093890 0.114133
0.150728 -0.086610 0.077806
0.231178 -0.095046 0.115617
0.164589 -0.058701 0.121819
0.182015 -0.141637 0.137762
0.196547 -0.142490 0.137607
0.153329 -0.087667 0.002454
0.155847 -0.088466 -0.014395
0.153329 -0.087667 0.002454
0.155715 -0.069051 0.003717
0.156786 -0.069118 0.002801
0.154812 -0.109209 -0.015843
0.153747 -0.109205 -0.014921
0.157244 -0.132322 -0.015828
0.168117 -0.151156 -0.014636
0.168856 -0.150368 -0.015576
0.187541 -0.161153 -0.014280
0.187805 -0.160117 -0.015219
0.210076 -0.160569 -0.014480
0.229882 -0.150147 -0.014774
0.241417 -0.133053 -0.015751
0.248237 -0.111957 -0.015556
0.249257 -0.089476 -0.015011
0.249333 -0.088946 -0.014482
0.251085 -0.088496 0.002954
0.252081 -0.089511 0.004000
0.252244 -0.066436 0.003861
0.251226 -0.066569 0.002897
0.156866 -0.048693 -0.000475
0.157926 -0.049011 -0.001345
0.155912 -0.025833 -0.008955
0.154643 -0.025510 -0.007925
0.155007 -0.024508 -0.012242
0.156230 -0.025288 -0.012467
0.254909 -0.044884 -0.002412
0.255948 -0.044599 -0.001496
0.258154 -0.025844 -0.008345
0.259303 -0.025512 -0.007433
0.259185 -0.023914 -0.011196
0.258108 -0.024784 -0.011552
0.197337 0.123378 -0.003982
0.197294 0.124364 -0.002959
0.217858 0.120278 -0.003966
0.174788 0.119323 -0.005324
0.158945 0.101959 -0.010236
0.233254 0.107691 -0.007871
0.245471 0.091594 -0.011084
0.244447 0.091365 -0.012031
0.256108 0.062235 -0.017727
0.257196 0.062241 -0.016818
0.261440 0.031006 -0.019043
0.148143 0.073295 -0.015692
0.145128 0.049908 -0.019269
0.148844 -0.004050 -0.015950
0.149933 -0.004222 -0.016890
0.143856 0.022424 -0.019587
0.142808 0.022349 -0.018651
0.156149 -0.024784 -0.013022
0.258929 -0.016531 -0.014555
0.261172 -0.001069 -0.017337
0.259989 -0.016312 -0.013642
0.262222 -0.000878 -0.016411
0.154495 -0.086756 0.001560
0.156786 -0.069118 0.002801
0.251085 -0.088496 0.002954
0.157926 -0.049011 -0.001345
0.155912 -0.025833 -0.008955
0.258154 -0.025844 -0.008345
0.156230 -0.025288 -0.012467
0.258143 -0.024251 -0.012080
0.156149 -0.024784 -0.013022
0.258929 -0.016531 -0.014555
0.154812 -0.109209 -0.015843
0.156969 -0.088116 -0.015296
0.248237 -0.111957 -0.015556
0.249257 -0.089476 -0.015011
0.249333 -0.088946 -0.014482
0.157244 -0.132322 -0.015828
0.168856 -0.150368 -0.015576
0.187805 -0.160117 -0.015219
0.149933 -0.004222 -0.016890
0.261172 -0.001069 -0.017337
0.143856 0.022424 -0.019587
0.145128 0.049908 -0.019269
0.217858 0.120278 -0.003966
0.233254 0.107691 -0.007871
0.174788 0.119323 -0.005324
0.244447 0.091365 -0.012031
0.148143 0.073295 -0.015692
0.197337 0.123378 -0.003982
0.151935 -0.067357 0.172767
0.152218 -0.087182 0.149072
0.152437 -0.067905 0.145934
0.163782 -0.052123 0.147622
0.181806 -0.044802 0.173957
0.185182 -0.042333 0.151294
0.203534 -0.049928 0.175087
0.221721 -0.062032 0.153956
0.231261 -0.077046 0.154322
0.235982 -0.098331 0.162255
0.234028 -0.098084 0.182800
0.235982 -0.098331 0.162255
0.234028 -0.098084 0.182800
0.235326 -0.121513 0.167405
0.215655 -0.141632 0.170058
0.197508 -0.155529 0.172750
0.174044 -0.155644 0.173364
0.157982 -0.144505 0.170917
0.150147 -0.128398 0.167885
0.147739 -0.116715 0.167033
0.146314 -0.099243 0.178599
0.153102 -0.102802 0.161527
0.146314 -0.099243 0.178599
0.153102 -0.102802 0.161527
0.202253 -0.043511 0.200245
0.233374 -0.096781 0.204265
0.233374 -0.096781 0.204265
0.198176 -0.157583 0.208123
0.138955 -0.096709 0.200447
0.138955 -0.096709 0.200447
0.175270 -0.038796 0.225294
0.211347 -0.053212 0.226215
0.220593 -0.074854 0.226802
0.233816 -0.094096 0.226847
0.197086 -0.156843 0.228949
0.130729 -0.093764 0.222941
0.130729 -0.093764 0.222941
0.133510 -0.058385 0.245629
0.196431 -0.041440 0.248370
0.228607 -0.068767 0.248099
0.232392 -0.093975 0.249398
0.232392 -0.093975 0.249398
0.232167 -0.119328 0.249995
0.195774 -0.153535 0.249390
0.127744 -0.092756 0.245472
0.127894 -0.074469 0.266228
0.136421 -0.059419 0.267248
0.131741 -0.054851 0.285214
0.192456 -0.037770 0.289980
0.213490 -0.043722 0.290199
0.227232 -0.067751 0.270550
0.237023 -0.089935 0.294847
0.237023 -0.089935 0.294847
0.243213 -0.119730 0.296219
0.232400 -0.119679 0.271141
0.226622 -0.152632 0.295077
0.195714 -0.163061 0.294671
0.125117 -0.091871 0.265867
0.119924 -0.090340 0.287474
0.125117 -0.091871 0.265867
0.119924 -0.090340 0.287474
0.193683 -0.020886 0.308996
0.216666 -0.034626 0.313446
0.238356 -0.086502 0.321904
0.238356 -0.086502 0.321904
0.220798 -0.144027 0.326135
0.195311 -0.168899 0.323615
0.108482 -0.087133 0.310439
0.194478 -0.007304 0.336626
0.239298 -0.082273 0.348772
0.220939 -0.142874 0.354001
0.194410 -0.167404 0.356014
0.100227 -0.083043 0.336548
0.103835 -0.055991 0.360415
0.099719 -0.050348 0.383563
0.119491 -0.038513 0.359797
0.111194 -0.028956 0.381703
0.140829 -0.027833 0.361133
0.185841 -0.006379 0.387021
0.189684 -0.006592 0.363707
0.213255 -0.017058 0.391653
0.235433 -0.072470 0.402790
0.235433 -0.072470 0.402790
0.235762 -0.108740 0.381421
0.211419 -0.126665 0.411130
0.224090 -0.143397 0.389058
0.184743 -0.139332 0.410790
0.157037 -0.143801 0.407587
0.131512 -0.136712 0.403698
0.114231 -0.117665 0.397995
0.103801 -0.096626 0.392966
0.099633 -0.078965 0.363090
0.098029 -0.074125 0.387553
0.098029 -0.074125 0.387553
0.118282 -0.031566 0.406143
0.130392 -0.011089 0.402562
0.209388 -0.013104 0.414618
0.234843 -0.066697 0.429018
0.234843 -0.066697 0.429018
0.236449 -0.100254 0.435567
0.214887 -0.128216 0.438284
0.086094 -0.068560 0.409267
0.086094 -0.068560 0.409267
0.103961 -0.017333 0.422463
0.178521 -0.000428 0.429820
0.207392 -0.006566 0.435734
0.223694 -0.062279 0.450564
0.210219 -0.120199 0.464792
0.086163 -0.062418 0.434598
0.086163 -0.062418 0.434598
0.100621 -0.010742 0.444393
0.149102 0.012512 0.443206
0.177735 0.013312 0.448409
0.203259 -0.003199 0.456843
0.212059 -0.030629 0.462942
0.216977 -0.056916 0.470172
0.217749 -0.084938 0.477798
0.087262 -0.057103 0.456521
0.095065 -0.029621 0.469747
0.098276 -0.026004 0.485543
0.097350 -0.004094 0.464800
0.099155 -0.001724 0.481472
0.117119 0.018934 0.478527
0.145230 0.021623 0.479135
0.146572 0.021617 0.462583
0.172656 0.009617 0.467450
0.169290 0.011816 0.484213
0.194160 0.001412 0.486935
0.193136 -0.006210 0.473513
0.212436 -0.020198 0.494711
0.212494 -0.024420 0.480016
0.212954 -0.047028 0.501681
0.222011 -0.051270 0.488442
0.212954 -0.047028 0.501681
0.210382 -0.072543 0.508807
0.222011 -0.051270 0.488442
0.220420 -0.080053 0.498554
0.193776 -0.093495 0.513300
0.201503 -0.104511 0.504723
0.175536 -0.120432 0.508024
0.144950 -0.123360 0.505638
0.119066 -0.113999 0.498672
0.121424 -0.103484 0.509006
0.103904 -0.088804 0.502692
0.097186 -0.098392 0.492605
0.084546 -0.075841 0.485355
0.083898 -0.050840 0.476807
0.094116 -0.048262 0.489729
0.094116 -0.048262 0.489729
0.159482 -0.070261 0.142320
0.157711 -0.087117 0.145459
0.186266 -0.050639 0.147680
0.205789 -0.054285 0.148763
0.216921 -0.065790 0.150342
0.224887 -0.079856 0.150709
0.227958 -0.099270 0.158641
0.224241 -0.117292 0.163792
0.227958 -0.099270 0.158641
0.208352 -0.133471 0.166445
0.193028 -0.143029 0.169137
0.177397 -0.145182 0.169751
0.165264 -0.138560 0.167303
0.162176 -0.126263 0.163994
0.159590 -0.113847 0.162228
0.158998 -0.103345 0.157914
0.158998 -0.103345 0.157914
0.145423 -0.082917 0.109289
0.153254 -0.066361 0.109188
0.164616 -0.047506 0.112085
0.187567 -0.040658 0.131044
0.189031 -0.034458 0.115462
0.214704 -0.041839 0.114899
0.230453 -0.055336 0.114816
0.237172 -0.077744 0.115299
0.238812 -0.100301 0.114123
0.233833 -0.121395 0.136946
0.238812 -0.100301 0.114123
0.236043 -0.122085 0.111884
0.218280 -0.143052 0.109860
0.195207 -0.152773 0.106871
0.175946 -0.150535 0.107114
0.161765 -0.143267 0.107544
0.153998 -0.131366 0.108474
0.147386 -0.115230 0.108618
0.151603 -0.101886 0.131637
0.144803 -0.100611 0.108871
0.144803 -0.100611 0.108871
0.149550 -0.083891 0.106183
0.166541 -0.050359 0.110955
0.189470 -0.038316 0.113438
0.213981 -0.044623 0.112370
0.225859 -0.059260 0.112117
0.230214 -0.081858 0.111443
0.233270 -0.099372 0.111282
0.230894 -0.119579 0.110126
0.216598 -0.139325 0.108243
0.195905 -0.146396 0.106664
0.179443 -0.143756 0.106234
0.166823 -0.135467 0.107214
0.160045 -0.126765 0.107117
0.155708 -0.112100 0.108044
0.151098 -0.100420 0.106274
0.149550 -0.083891 0.106183
0.189470 -0.038316 0.113438
0.213981 -0.044623 0.112370
0.225859 -0.059260 0.112117
0.230214 -0.081858 0.111443
0.233270 -0.099372 0.111282
0.230894 -0.119579 0.110126
0.233270 -0.099372 0.111282
0.216598 -0.139325 0.108243
0.195905 -0.146396 0.106664
0.179443 -0.143756 0.106234
0.166823 -0.135467 0.107214
0.160045 -0.126765 0.107117
0.155708 -0.112100 0.108044
0.151098 -0.100420 0.106274
0.123026 -0.112951 0.601921
0.134983 -0.113414 0.594916
0.122882 -0.109737 0.600051
0.123026 -0.112951 0.601921
0.119039 -0.114904 0.582913
0.123026 -0.112951 0.601921
0.158362 0.017328 0.470633
0.167637 -0.018147 0.464419
0.063518 -0.005867 0.582157
0.083229 -0.012372 0.582463
0.075618 0.008186 0.599640
0.205728 -0.068647 0.580870
0.206167 -0.089982 0.566650
0.216815 -0.061381 0.571815
0.198521 -0.009581 0.468979
0.167408 0.060194 0.580252
0.160361 0.045998 0.577263
0.174933 0.059804 0.562425
0.063706 -0.011240 0.499990
0.057775 0.020548 0.517989
0.083198 0.034007 0.491860
0.084914 0.052621 0.545079
0.066457 0.047194 0.530865
0.097405 0.035246 0.572783
0.096528 0.050263 0.573508
0.082144 0.035487 0.575659
0.189064 -0.092213 0.574158
0.188663 -0.090373 0.583622
0.171859 -0.083986 0.588384
0.083311 -0.002068 0.597017
0.127188 -0.047532 0.633299
0.122357 -0.058421 0.613427
0.138797 -0.070262 0.623417
0.116531 -0.118138 0.565085
0.101267 -0.107313 0.569423
0.094737 -0.104975 0.554107
0.082851 -0.057097 0.471031
0.055603 -0.043572 0.536346
0.058783 -0.034039 0.517331
0.066338 -0.086807 0.528465
0.163351 -0.124789 0.504185
0.163804 -0.040242 0.591871
0.147507 -0.020514 0.591900
0.104693 -0.025003 0.630241
0.117713 -0.011756 0.619912
0.082978 -0.028221 0.622599
0.128698 -0.015467 0.630900
0.123389 -0.013211 0.666743
0.143155 -0.023249 0.625348
0.135730 -0.023911 0.662408
0.142656 -0.039946 0.638722
0.147487 -0.029889 0.629574
0.089720 -0.060096 0.565037
0.087544 -0.081212 0.555172
0.096557 -0.080006 0.578279
0.104059 -0.035166 0.632177
0.080052 -0.042482 0.620900
0.112729 -0.062964 0.611783
0.091780 -0.032013 0.587600
0.108414 -0.061452 0.605823
0.083165 -0.039240 0.597612
0.090513 -0.027036 0.601227
0.079361 -0.029541 0.613442
0.090422 -0.013781 0.608396
0.061440 0.035639 0.541312
0.052208 0.021752 0.534171
0.063239 0.020507 0.541667
0.050110 -0.028182 0.556267
0.048031 -0.008071 0.559733
0.170790 -0.136257 0.566179
0.180559 -0.128950 0.516376
0.157295 -0.137961 0.552351
0.162132 0.059924 0.500983
0.187268 0.056612 0.517468
0.184665 0.047733 0.490816
0.198955 0.034606 0.493518
0.224447 0.033712 0.534970
0.221668 0.020136 0.548749
0.196481 0.041489 0.558804
0.184899 0.035579 0.562507
0.103893 -0.064138 0.576651
0.115320 -0.076624 0.586433
0.143703 -0.110251 0.585204
0.133608 -0.093820 0.585301
0.126752 -0.092434 0.587848
0.188567 0.006792 0.579078
0.192555 0.021430 0.567864
0.178506 0.021853 0.585235
0.225637 -0.044187 0.577092
0.232020 -0.010110 0.561302
0.214079 -0.023039 0.589172
0.186006 -0.036456 0.591977
0.185460 -0.021637 0.614721
0.189202 -0.023619 0.583176
0.224964 0.001028 0.553666
0.201228 -0.001349 0.576202
0.223534 -0.002937 0.582120
0.107896 0.014984 0.600912
0.090977 0.010373 0.605783
0.095468 -0.003474 0.601965
0.135630 0.059974 0.509017
0.104602 0.062728 0.543755
0.221514 -0.065314 0.491504
0.208759 -0.101583 0.566071
0.098380 0.022749 0.585916
0.056864 -0.045623 0.507848
0.057119 -0.070979 0.539731
0.048271 -0.051596 0.535799
0.168920 -0.125402 0.574509
0.190440 -0.108912 0.566465
0.153611 -0.119335 0.568253
0.151619 -0.134242 0.558018
0.102745 -0.098974 0.467085
0.086277 -0.073098 0.470416
0.136840 -0.081444 0.594151
0.154580 -0.103666 0.578722
0.160589 -0.080952 0.599319
0.112502 -0.039770 0.475027
0.160772 0.064123 0.488618
0.064614 -0.007976 0.495211
0.116351 -0.085681 0.463561
0.134476 -0.108658 0.467570
0.122527 -0.050167 0.478955
0.167436 -0.049268 0.624658
0.151679 -0.043893 0.627074
0.154788 -0.056565 0.621587
0.141363 -0.018221 0.602292
0.157087 -0.031709 0.602369
0.063690 0.012192 0.579316
0.076526 0.016838 0.587346
0.084261 0.020138 0.599905
0.216290 0.017044 0.498013
0.233359 -0.004342 0.512417
0.177891 0.056904 0.490787
0.189874 0.023806 0.476255
0.112104 -0.124600 0.557392
0.196270 -0.063375 0.590967
0.201675 -0.047590 0.587697
0.174209 -0.032776 0.619526
0.187921 -0.072220 0.609063
0.161414 -0.083568 0.603284
0.183375 -0.073299 0.600783
0.181513 -0.039815 0.601253
0.174398 -0.050891 0.618117
0.190081 -0.059738 0.600348
0.165370 0.035307 0.586437
0.147403 0.037396 0.582808
0.149522 0.028758 0.591082
0.155341 0.012059 0.596925
0.129745 -0.014342 0.607265
0.193363 0.037908 0.526598
0.187837 0.050254 0.542505
0.187404 0.052855 0.553539
0.148656 -0.064405 0.609771
0.177784 -0.076836 0.616127
0.051776 -0.040779 0.520155
0.086093 -0.112580 0.530072
0.158128 0.063242 0.500370
0.089343 -0.097073 0.542453
0.072945 -0.085339 0.548627
0.077180 -0.064093 0.553128
0.211075 -0.043255 0.583386
0.109976 0.070996 0.566017
0.147288 0.076511 0.576186
0.110448 0.061297 0.577667
0.142574 0.043602 0.577714
0.132987 0.067596 0.581098
0.061440 0.035639 0.541312
0.242867 -0.008066 0.554367
0.234193 0.006824 0.531472
0.224063 0.005297 0.540725
0.223172 0.033358 0.552336
0.228766 0.019079 0.534037
0.070240 0.034074 0.562552
0.063040 0.037852 0.549306
0.059885 0.011440 0.570207
0.064092 0.004832 0.569344
0.104491 -0.015812 0.611642
0.100291 -0.010248 0.623756
0.089220 -0.017990 0.619243
0.054228 -0.039286 0.495515
0.072480 -0.053594 0.479265
0.073117 -0.070540 0.482590
0.104867 -0.045463 0.585467
0.113865 -0.063642 0.598787
0.096088 -0.045560 0.571206
0.085185 -0.028908 0.576368
0.125840 0.020325 0.603194
0.098380 0.022749 0.585916
0.107896 0.014984 0.600912
0.112514 0.039877 0.593372
0.132673 0.033194 0.590432
0.128919 0.025915 0.578561
0.123667 0.029877 0.571149
0.110335 0.036914 0.576299
0.125053 0.044597 0.590833
0.139196 -0.139416 0.544998
0.128237 -0.134530 0.556372
0.174270 0.052931 0.536650
0.167545 0.073989 0.550091
0.164361 0.072341 0.576832
0.106959 -0.053633 0.578778
0.052882 0.008466 0.522638
0.057204 -0.059445 0.543053
0.198930 -0.021244 0.607926
0.187143 -0.015578 0.576232
0.184851 -0.013598 0.599754
0.197601 -0.005269 0.602750
0.214906 -0.088278 0.492240
0.092624 -0.019797 0.596361
0.095722 0.061440 0.560674
0.070148 0.043983 0.562085
0.055478 -0.027986 0.566422
0.066391 -0.033539 0.574732
0.114881 -0.042416 0.631839
0.128671 -0.041742 0.647607
0.200693 0.045545 0.520437
0.117295 -0.018832 0.652584
0.106203 -0.018433 0.650130
0.104805 -0.034220 0.642503
0.122985 -0.076141 0.591776
0.122521 -0.105212 0.582974
0.051344 -0.006353 0.529173
0.054552 0.007161 0.549096
0.049282 0.015044 0.543068
0.048031 -0.008071 0.559733
0.055478 -0.027986 0.566422
0.058132 -0.009790 0.561831
0.172112 -0.081603 0.460920
0.153326 -0.107575 0.470840
0.098568 0.048886 0.495905
0.080458 0.032246 0.504706
0.210759 0.034623 0.549803
0.236227 -0.046662 0.578485
0.110759 0.008329 0.610547
0.176014 0.041144 0.560618
0.141748 -0.091436 0.582655
0.157793 -0.113376 0.574450
0.182838 0.062777 0.534778
0.186769 0.061554 0.545389
0.148905 -0.055508 0.631520
0.147882 -0.067352 0.621738
0.062198 -0.019054 0.574214
0.189711 -0.006252 0.616228
0.210315 -0.016916 0.601880
0.210428 -0.006921 0.581202
0.214247 -0.004347 0.595057
0.184792 -0.061345 0.617227
0.166721 -0.066179 0.624007
0.066704 -0.039384 0.499525
0.113549 -0.041352 0.649781
0.148358 0.062216 0.589972
0.206794 0.006394 0.567500
0.083294 -0.048067 0.607916
0.068007 -0.032501 0.604181
0.207941 -0.050156 0.573169
0.097405 0.035246 0.572783
0.087169 0.058218 0.539313
0.081757 0.025624 0.576815
0.065926 0.025649 0.574251
0.063178 -0.024532 0.603283
0.062265 0.019817 0.596334
0.074673 0.014672 0.575233
0.075212 0.031490 0.572382
0.084699 -0.032200 0.597763
0.058469 0.028664 0.592914
0.075212 0.031490 0.572382
0.205035 0.018256 0.563834
0.214261 0.003889 0.555477
0.183082 -0.124799 0.576392
0.094964 -0.111403 0.542636
0.103922 -0.127588 0.548507
0.053985 -0.003229 0.560033
0.055404 -0.042076 0.547815
0.133686 -0.138141 0.564425
0.070148 0.043983 0.562085
0.079863 0.057782 0.566605
0.052613 0.001883 0.565816
0.054552 0.007161 0.549096
0.202942 -0.029343 0.593924
0.167096 -0.134844 0.576303
0.049282 0.015044 0.543068
0.039817 0.021040 0.547523
0.110759 0.008329 0.610547
0.117713 -0.011756 0.619912
0.118201 -0.014486 0.632553
0.183544 -0.078142 0.592849
0.070240 0.034074 0.562552
0.079863 0.057782 0.566605
0.070395 -0.030923 0.488243
0.094737 -0.104975 0.554107
0.112104 -0.124600 0.557392
0.121263 -0.135818 0.560335
0.057432 0.026051 0.610984
0.190278 0.007648 0.567129
0.072291 -0.066055 0.470357
0.128009 -0.008814 0.621515
0.087544 -0.081212 0.555172
0.082450 0.019788 0.572416
299 300
295 297
306 308
0 1
37 38
39 77
2 58
38 76
1 57
20 75
40 78
3 59
5 61
42 80
41 79
4 60
26 27
30 31
22 23
34 35
6 62
43 81
23 24
33 34
9 65
46 84
7 63
44 82
10 66
47 85
8 64
45 83
25 26
31 32
11 67
48 86
13 69
50 88
14 70
51 89
12 68
49 87
21 22
35 36
24 25
32 33
55 93
18 74
52 90
15 71
53 91
16 72
54 92
17 73
56 94
19 75
28 29
29 30
96 152
115 170
133 171
95 96
132 133
97 153
134 172
98 154
135 173
118 119
99 155
136 174
100 156
137 175
122 123
125 126
131 132
138 176
101 157
140 178
142 180
103 159
105 161
121 122
126 127
141 179
104 160
139 177
102 158
143 181
106 162
145 183
108 164
116 117
130 131
109 165
146 184
144 182
107 163
110 166
147 185
117 118
129 130
112 168
149 187
111 167
148 186
113 169
150 188
114 170
151 189
120 121
127 128
123 124
124 125
609 610
580 736
659 721
708 773
379 388
803 833
806 833
617 619
596 597
702 703
584 585
598 599
604 816
707 828
406 408
546 547
376 378
643 809
422 423
589 591
554 674
393 408
571 595
637 718
704 733
587 825
641 704
421 422
768 769
399 418
652 661
588 678
704 828
378 379
389 394
606 817
279 282
283 292
355 363
281 283
435 436
459 461
353 361
700 813
277 284
619 685
462 463
384 391
742 822
461 462
660 661
407 409
564 751
450 452
347 354
584 719
438 439
631 676
479 498
559 771
634 636
463 464
336 337
205 206
409 410
445 446
201 203
423 430
687 727
627 688
573 575
452 454
390 395
612 614
444 445
285 288
315 316
595 596
391 402
287 288
313 315
570 572
441 471
487 507
374 386
375 387
727 735
386 392
286 289
631 632
457 460
635 747
739 740
628 630
404 420
405 421
395 414
467 468
323 325
360 368
220 221
805 806
448 451
446 449
830 831
411 412
690 738
810 831
425 432
713 715
511 512
329 347
730 796
762 764
581 582
548 550
648 651
371 384
415 424
416 425
526 527
501 502
498 500
372 385
615 671
599 760
562 797
575 593
298 299
721 829
517 518
640 697
705 733
191 235
396 397
352 359
417 418
276 277
651 820
561 562
680 693
642 748
398 400
711 712
413 415
284 285
316 321
326 328
507 508
566 568
334 336
465 466
207 208
214 215
401 402
403 419
629 636
800 804
338 339
634 792
592 593
495 496
556 775
244 246
584 774
343 351
646 699
426 433
635 636
427 435
258 259
327 328
442 471
528 529
319 322
656 693
231 232
358 367
349 356
644 669
260 267
356 364
431 440
811 832
362 373
254 255
307 308
588 664
251 252
626 627
608 752
250 251
380 381
382 383
490 491
419 428
253 254
561 641
686 732
672 709
734 735
219 234
533 534
247 249
428 436
560 770
222 223
732 734
433 443
613 690
622 650
623 760
625 792
434 447
333 348
335 349
579 646
440 469
439 459
555 791
246 248
310 311
429 438
311 312
305 306
477 478
365 377
605 818
274 275
350 357
240 245
242 261
273 275
357 366
494 495
252 253
332 333
367 380
243 262
296 298
473 488
698 837
531 532
208 209
799 805
268 270
275 278
317 318
736 814
278 280
318 320
551 795
696 698
553 628
565 751
324 346
474 475
643 649
436 451
339 340
720 829
676 826
544 545
211 213
502 503
637 644
728 729
555 557
677 819
644 798
625 627
369 370
479 480
628 795
617 808
781 788
675 737
766 767
598 723
809 820
217 218
727 729
513 514
241 242
210 212
345 346
658 673
746 783
567 568
706 791
747 786
489 490
229 230
232 233
481 482
590 780
437 453
617 772
340 341
655 776
563 644
622 777
621 724
794 804
572 693
330 331
515 516
565 827
549 726
542 761
613 756
758 759
703 740
594 620
297 309
716 767
815 816
505 506
750 828
747 784
694 788
472 473
717 719
624 760
239 240
617 710
632 746
724 760
663 788
492 493
200 228
663 664
574 575
601 602
198 216
519 520
469 470
744 819
801 833
510 524
525 539
454 455
456 458
792 834
190 192
699 837
587 757
669 838
194 195
567 826
475 476
654 776
636 786
503 504
342 344
628 701
291 292
304 314
714 815
293 294
825 836
653 835
691 778
202 203
725 741
618 692
548 782
696 810
689 836
537 538
616 712
755 790
604 606
681 684
535 536
669 670
581 667
812 818
563 564
598 749
638 639
657 662
556 685
602 794
191 193
784 786
196 225
753 766
683 787
550 670
785 786
603 717
237 238
668 799
596 793
645 789
645 695
483 484
626 834
647 743
540 541
541 545
576 835
731 735
709 712
603 749
600 793
192 238
759 790
570 754
638 670
666 689
569 639
679 694
484 485
722 835
824 825
665 781
485 486
711 772
701 795
523 524
792 807
585 719
598 804
693 781
582 666
204 237
764 822
729 823
692 779
552 643
635 785
586 836
607 752
614 673
778 779
757 758
691 692
713 806
199 236
763 764
818 821
226 227
521 522
577 647
631 682
633 745
737 814
583 595
544 761
215 241
578 695
751 827
668 715
798 803
648 820
802 838
650 777
679 681
686 705
621 760
611 651
601 804
197 227
302 304
737 832
271 293
767 812
715 716
765 812
346 488
224 226
509 539
497 530
499 532
558 659
656 680
264 265
542 543
269 272
257 258
263 264
266 290
301 303
255 256
308 309
