17679796571946707867 298 310
0.149712 -0.505930 0.924828
0.075789 -0.524590 0.948847
0.064470 -0.524590 0.926632
0.046840 -0.524590 0.909002
0.024625 -0.524590 0.897683
0.000000 -0.524590 0.893783
-0.024625 -0.524590 0.897683
-0.046840 -0.524590 0.909002
-0.064470 -0.524590 0.926632
-0.075789 -0.524590 0.948847
-0.079690 -0.524590 0.973473
-0.075789 -0.524590 0.998098
-0.064470 -0.524590 1.020313
-0.046840 -0.524590 1.037943
-0.024625 -0.524590 1.049262
-0.000000 -0.524590 1.053162
0.024625 -0.524590 1.049262
0.046840 -0.524590 1.037943
0.064470 -0.524590 1.020313
0.075789 -0.524590 0.998098
0.079690 -0.524590 0.973473
0.075789 -0.524590 0.948847
0.149712 -0.505930 0.924828
0.219949 -0.475339 0.902007
0.219949 -0.475339 0.902007
0.284770 -0.433573 0.880945
0.284770 -0.433573 0.880945
0.342579 -0.381659 0.862162
0.342579 -0.381659 0.862162
0.391952 -0.320875 0.846120
0.391952 -0.320875 0.846120
0.431675 -0.252718 0.833213
0.431675 -0.252718 0.833213
0.460768 -0.178867 0.823760
0.460768 -0.178867 0.823760
0.478515 -0.101140 0.817994
0.478515 -0.101140 0.817994
0.484480 -0.021450 0.816056
0.484480 -0.021450 0.816056
0.478515 0.058239 0.817994
0.478515 0.058239 0.817994
0.460768 0.135967 0.823760
0.460768 0.135967 0.823760
0.431675 0.209818 0.833213
0.431675 0.209818 0.833213
0.391952 0.277975 0.846120
0.391952 0.277975 0.846120
0.342579 0.338758 0.862162
0.342579 0.338758 0.862162
0.284770 0.390673 0.880945
0.284770 0.390673 0.880945
0.219949 0.432439 0.902007
0.219949 0.432439 0.902007
0.149712 0.463029 0.924828
0.149712 0.463029 0.924828
0.075789 0.481690 0.948847
0.064470 0.481690 0.926632
0.046840 0.481690 0.909002
0.024625 0.481690 0.897683
-0.000000 0.481690 0.893783
-0.024625 0.481690 0.897683
-0.046840 0.481690 0.909002
-0.064470 0.481690 0.926632
-0.075789 0.481690 0.948847
-0.079690 0.481690 0.973473
-0.075789 0.481690 0.998098
-0.064470 0.481690 1.020313
-0.046840 0.481690 1.037943
-0.024625 0.481690 1.049262
-0.000000 0.481690 1.053162
0.024625 0.481690 1.049262
0.046840 0.481690 1.037943
0.064470 0.481690 1.020313
0.075789 0.481690 0.998098
0.079690 0.481690 0.973473
0.075789 0.481690 0.948847
0.000000 -0.530862 0.973473
0.000000 -0.530862 0.973473
0.000000 -0.530862 0.973473
0.000000 -0.530862 0.973473
0.000000 -0.530862 0.973473
0.000000 -0.530862 0.973473
0.000000 -0.530862 0.973473
0.000000 -0.530862 0.973473
0.000000 -0.530862 0.973473
0.000000 -0.530862 0.973473
0.000000 -0.530862 0.973473
0.000000 -0.530862 0.973473
0.000000 -0.530862 0.973473
0.000000 -0.530862 0.973473
0.000000 -0.530862 0.973473
0.000000 -0.530862 0.973473
0.000000 -0.530862 0.973473
0.000000 -0.530862 0.973473
0.000000 -0.530862 0.973473
0.000000 -0.530862 0.973473
-0.000000 0.487962 0.973473
-0.000000 0.487962 0.973473
-0.000000 0.487962 0.973473
-0.000000 0.487962 0.973473
-0.000000 0.487962 0.973473
-0.000000 0.487962 0.973473
-0.000000 0.487962 0.973473
-0.000000 0.487962 0.973473
-0.000000 0.487962 0.973473
-0.000000 0.487962 0.973473
-0.000000 0.487962 0.973473
-0.000000 0.487962 0.973473
-0.000000 0.487962 0.973473
-0.000000 0.487962 0.973473
-0.000000 0.487962 0.973473
-0.000000 0.487962 0.973473
-0.000000 0.487962 0.973473
-0.000000 0.487962 0.973473
-0.000000 0.487962 0.973473
-0.000000 0.487962 0.973473
-0.258085 -0.037905 0.747317
-0.259414 -0.021016 0.742716
-0.264095 -0.037380 0.731539
-0.259175 -0.004723 0.740304
-0.259094 0.011592 0.740195
-0.261011 0.028462 0.743105
-0.265177 0.026267 0.728027
-0.264929 -0.035642 0.714932
-0.265269 -0.031288 0.706681
-0.265026 -0.021952 0.702727
-0.264826 -0.006818 0.700516
-0.264843 0.008687 0.701939
-0.265258 0.018999 0.705482
-0.264560 0.024585 0.711847
-0.251214 0.029575 0.748167
-0.249902 0.012538 0.745928
-0.249658 -0.004259 0.746669
-0.249324 -0.021247 0.747952
-0.249064 -0.038561 0.750444
-0.239819 0.012779 0.745766
-0.239341 0.030330 0.745738
-0.239384 -0.004053 0.746138
-0.239506 -0.021638 0.747337
-0.239577 -0.037913 0.747767
-0.229576 0.013140 0.728925
-0.230528 0.029455 0.727437
-0.229791 -0.004002 0.730145
-0.230672 -0.020603 0.731029
-0.232857 -0.036243 0.731575
-0.234712 0.030065 0.724908
-0.235664 0.013860 0.725771
-0.235369 -0.003832 0.726668
-0.235678 -0.021038 0.728041
-0.234796 -0.036919 0.728232
-0.231982 0.027777 0.697880
-0.231831 -0.038451 0.701653
-0.232076 0.010372 0.666650
-0.231293 0.025143 0.665417
-0.231640 -0.008012 0.665758
-0.231978 -0.025435 0.668563
-0.230222 -0.040816 0.670301
-0.261626 -0.022126 0.700715
-0.260658 -0.031896 0.705036
-0.260739 -0.038736 0.713419
-0.263230 -0.006949 0.699001
-0.261259 0.009196 0.700119
-0.262345 0.025623 0.710431
-0.261721 0.019708 0.703457
-0.259288 0.030438 0.739960
-0.259994 -0.038182 0.729631
-0.234712 0.030065 0.724908
-0.230528 0.029455 0.727437
-0.239341 0.030330 0.745738
-0.250227 0.031326 0.742084
-0.251214 0.029575 0.748167
-0.239577 -0.037913 0.747767
-0.249064 -0.038561 0.750444
-0.234796 -0.036919 0.728232
-0.232857 -0.036243 0.731575
-0.257512 -0.008769 0.663564
-0.256471 0.010146 0.663962
-0.256088 -0.027405 0.666375
-0.258937 -0.041907 0.676350
-0.256764 -0.043090 0.667782
-0.258485 0.024959 0.663416
-0.260628 0.024729 0.672681
-0.261445 0.025119 0.689368
-0.259803 -0.040129 0.692721
-0.239116 0.009849 0.660391
-0.247874 0.009705 0.659516
-0.240267 0.025954 0.659454
-0.249247 0.026069 0.658919
-0.238090 -0.008907 0.659670
-0.247159 -0.009110 0.658789
-0.247396 -0.027814 0.662263
-0.239011 -0.026996 0.663198
-0.240226 -0.043244 0.665248
-0.248692 -0.043942 0.664894
-0.231640 -0.008012 0.665758
-0.232076 0.010372 0.666650
-0.231978 -0.025435 0.668563
-0.230222 -0.040816 0.670301
-0.231293 0.025143 0.665417
-0.231831 -0.038451 0.701653
-0.231982 0.027777 0.697880
-0.231293 0.025143 0.665417
-0.249247 0.026069 0.658919
-0.240267 0.025954 0.659454
-0.248692 -0.043942 0.664894
-0.230222 -0.040816 0.670301
-0.240226 -0.043244 0.665248
-0.250509 -0.027666 0.844982
-0.252229 -0.010777 0.840504
-0.258251 -0.027161 0.829858
-0.252149 0.005523 0.838045
-0.251965 0.021852 0.837900
-0.253417 0.038749 0.840975
-0.259266 0.036580 0.826366
-0.260925 -0.025443 0.813374
-0.262148 -0.021084 0.805176
-0.262277 -0.011728 0.801196
-0.262215 0.003440 0.798949
-0.261964 0.018978 0.800344
-0.261910 0.029312 0.803902
-0.260473 0.034900 0.810165
-0.243122 0.039806 0.845000
-0.242197 0.022752 0.842660
-0.241990 0.005948 0.843404
-0.241635 -0.011043 0.844676
-0.241218 -0.028349 0.847161
-0.232219 0.022937 0.841443
-0.231624 0.040491 0.841332
-0.231866 0.006100 0.841797
-0.231977 -0.011483 0.843034
-0.232114 -0.027755 0.843493
-0.223947 0.023233 0.823570
-0.224940 0.039568 0.822157
-0.224146 0.006079 0.824838
-0.225040 -0.010530 0.825836
-0.227257 -0.026168 0.826631
-0.229365 0.040204 0.820071
-0.230330 0.023988 0.821058
-0.230064 0.006276 0.821952
-0.230340 -0.010945 0.823379
-0.229556 -0.026844 0.823501
-0.229649 0.037917 0.792854
-0.229560 -0.028429 0.796699
-0.233252 0.020513 0.761788
-0.232501 0.035310 0.760457
-0.233046 0.002090 0.760884
-0.233205 -0.015372 0.763737
-0.231383 -0.030798 0.765308
-0.259124 -0.011920 0.798837
-0.257756 -0.021716 0.803057
-0.256957 -0.028564 0.811434
-0.260798 0.003300 0.797273
-0.258602 0.019470 0.798156
-0.258424 0.035929 0.808521
-0.258617 0.030004 0.801514
-0.252050 0.040718 0.837650
-0.254402 -0.027986 0.827527
-0.229365 0.040204 0.820071
-0.224940 0.039568 0.822157
-0.231624 0.040491 0.841332
-0.242819 0.041552 0.838821
-0.243122 0.039806 0.845000
-0.232114 -0.027755 0.843493
-0.241218 -0.028349 0.847161
-0.229556 -0.026844 0.823501
-0.227257 -0.026168 0.826631
-0.258992 0.001485 0.761380
-0.257779 0.020437 0.761640
-0.257407 -0.017209 0.764059
-0.259261 -0.031744 0.774309
-0.258039 -0.032931 0.765553
-0.259734 0.035297 0.761281
-0.260862 0.035066 0.770730
-0.259853 0.035440 0.787436
-0.258322 -0.029970 0.790706
-0.240922 0.020040 0.756287
-0.249720 0.019950 0.756323
-0.242051 0.036187 0.755448
-0.251031 0.036358 0.755845
-0.240115 0.001239 0.755492
-0.249222 0.001090 0.755554
-0.249218 -0.017661 0.759065
-0.240780 -0.016890 0.759127
-0.241883 -0.033170 0.761317
-0.250337 -0.033824 0.761842
-0.233046 0.002090 0.760884
-0.233252 0.020513 0.761788
-0.233205 -0.015372 0.763737
-0.231383 -0.030798 0.765308
-0.232501 0.035310 0.760457
-0.229560 -0.028429 0.796699
-0.229649 0.037917 0.792854
-0.232501 0.035310 0.760457
-0.251031 0.036358 0.755845
-0.242051 0.036187 0.755448
-0.250337 -0.033824 0.761842
-0.231383 -0.030798 0.765308
-0.241883 -0.033170 0.761317
0 1
21 22
53 55
54 75
56 96
56 97
2 76
2 77
55 96
75 115
1 76
21 95
57 97
57 98
3 77
3 78
0 23
22 24
51 53
52 54
5 79
5 80
59 99
59 100
58 98
58 99
4 78
4 79
33 35
34 36
39 41
40 42
25 27
26 28
47 49
48 50
6 80
6 81
60 100
60 101
27 29
28 30
45 47
46 48
10 84
10 85
64 104
64 105
7 81
7 82
61 101
61 102
11 85
11 86
9 83
9 84
65 105
65 106
63 103
63 104
8 82
8 83
62 102
62 103
31 33
32 34
41 43
42 44
12 86
12 87
66 106
66 107
14 88
14 89
68 108
68 109
15 89
15 90
69 109
69 110
13 87
13 88
67 107
67 108
23 25
24 26
49 51
50 52
29 31
30 32
43 45
44 46
73 113
73 114
19 93
19 94
70 110
70 111
16 90
16 91
71 111
71 112
17 91
17 92
72 112
72 113
18 92
18 93
74 114
74 115
20 94
20 95
35 37
36 38
37 39
38 40
241 244
291 292
150 153
200 201
242 247
290 296
151 156
199 205
236 241
257 291
145 150
166 200
240 242
264 290
149 151
173 199
253 273
162 182
250 274
159 183
136 141
167 168
227 232
258 259
280 281
189 190
266 267
266 268
175 176
175 177
276 280
185 189
275 279
184 188
279 282
188 191
243 245
285 286
152 154
194 195
237 238
146 147
245 246
285 287
154 155
194 196
228 229
137 138
230 235
262 265
139 144
171 174
226 227
135 136
207 208
116 117
133 134
224 225
238 239
147 148
211 212
120 121
231 233
140 142
223 224
132 133
207 209
116 118
226 228
135 137
222 223
131 132
209 214
272 273
118 123
181 182
233 234
142 143
269 274
178 183
208 210
117 119
276 278
185 187
231 232
140 141
251 252
213 220
210 211
119 120
250 256
160 161
138 139
122 129
229 230
236 237
145 146
159 165
239 240
148 149
212 213
234 235
268 270
143 144
121 122
177 179
246 247
287 288
217 218
155 156
196 197
126 127
248 251
157 160
216 217
125 126
267 271
176 180
243 244
286 289
152 153
195 198
130 136
168 170
221 227
259 261
283 288
296 297
192 197
205 206
212 221
212 261
121 130
121 170
252 254
161 163
218 219
127 128
249 250
158 159
277 289
292 294
186 198
201 203
248 249
157 158
180 187
180 202
271 278
271 293
215 216
124 125
134 139
171 172
225 230
262 263
116 134
116 172
207 225
207 263
271 272
180 181
214 215
164 169
255 260
123 124
253 254
162 163
186 187
202 203
277 278
293 294
269 270
178 179
179 193
179 204
270 284
270 295
219 220
192 193
204 206
128 129
283 284
295 297
232 236
257 258
141 145
166 167
212 255
121 164
235 240
264 265
144 149
173 174
