15903719632451550601 1554 1808
-0.333325 0.029189 1.434376
-0.345266 0.009293 1.446927
-0.354210 -0.013598 1.457048
-0.357042 -0.034849 1.458910
-0.356201 -0.056496 1.457010
-0.352910 -0.079924 1.453163
-0.346935 -0.103235 1.444283
-0.337657 -0.122856 1.428740
-0.325273 -0.136509 1.413342
-0.322039 0.042775 1.421572
-0.307872 0.051034 1.404077
-0.290264 0.051283 1.384175
-0.266551 0.051318 1.399996
-0.256306 0.046844 1.380310
-0.275454 0.048328 1.365244
-0.247978 0.029530 1.363019
-0.261456 0.041762 1.347255
-0.312467 -0.143575 1.397439
-0.300121 -0.144414 1.382771
-0.239142 0.014871 1.349019
-0.249670 0.024272 1.330089
-0.245891 0.004053 1.320377
-0.232874 -0.000154 1.336468
-0.243021 -0.018911 1.319192
-0.230686 -0.020523 1.328918
-0.243206 -0.043884 1.315173
-0.230686 -0.020523 1.328918
-0.243021 -0.018911 1.319192
-0.244106 -0.067625 1.315577
-0.233646 -0.088129 1.334835
-0.246032 -0.090490 1.321614
-0.252164 -0.108720 1.331466
-0.241449 -0.105711 1.344297
-0.263211 -0.122497 1.343691
-0.276799 -0.133207 1.357772
-0.266578 -0.130263 1.368676
-0.288825 -0.140365 1.370819
-0.278555 -0.136773 1.379348
-0.274455 -0.143403 1.404864
-0.264321 -0.145562 1.389565
-0.252136 -0.131551 1.380341
-0.217128 -0.020039 1.331338
-0.209843 -0.088512 1.347263
-0.209815 -0.066241 1.336313
-0.248665 -0.139999 1.401973
-0.251495 0.045358 1.413230
-0.240175 0.044786 1.392065
-0.231953 0.036260 1.371367
-0.217128 -0.020039 1.331338
-0.231977 0.050716 1.451135
-0.220355 0.053853 1.427529
-0.260219 0.032000 1.460647
-0.245320 0.041232 1.472932
-0.275368 0.021922 1.479295
-0.301323 -0.038816 1.503860
-0.277675 -0.039714 1.513584
-0.210430 0.022759 1.360097
-0.210478 0.001856 1.345068
-0.209988 -0.020981 1.334603
-0.209988 -0.020981 1.334603
-0.209540 -0.042804 1.333564
-0.213180 0.047770 1.408739
-0.212836 0.046354 1.403105
-0.211052 -0.109746 1.357893
-0.212372 -0.124202 1.376565
-0.211647 0.036382 1.379706
-0.214577 0.052993 1.428267
-0.215020 0.046164 1.454871
-0.226749 0.044409 1.481961
-0.219582 0.028098 1.509887
-0.224940 -0.131824 1.490341
-0.217620 -0.142303 1.467673
-0.233644 -0.149274 1.443373
-0.216325 -0.142956 1.444901
-0.224222 -0.149495 1.425234
-0.215060 -0.147919 1.426480
-0.213541 -0.144097 1.409181
-0.213478 -0.141391 1.404747
-0.212761 -0.135117 1.392532
-0.217470 0.042495 1.484174
-0.331691 0.023724 1.430016
-0.342682 0.005290 1.441459
-0.350780 -0.015581 1.450565
-0.353512 -0.035141 1.452382
-0.352743 -0.055692 1.450563
-0.349532 -0.077897 1.446841
-0.343969 -0.099658 1.438576
-0.335402 -0.117813 1.424372
-0.323850 -0.130390 1.410306
-0.321344 0.036273 1.418193
-0.308003 0.044009 1.401725
-0.291196 0.044349 1.382818
-0.277729 0.041760 1.365053
-0.265426 0.036213 1.348348
-0.312108 -0.136845 1.395882
-0.301000 -0.137625 1.382592
-0.254821 0.020460 1.332683
-0.251268 0.001974 1.324043
-0.248815 -0.019446 1.321259
-0.248091 -0.044014 1.319922
-0.248815 -0.019446 1.321259
-0.249079 -0.066509 1.320121
-0.251833 -0.087710 1.326140
-0.257468 -0.102665 1.335902
-0.267425 -0.116173 1.346249
-0.279262 -0.126766 1.359533
-0.290605 -0.134303 1.371756
-0.355029 0.003062 1.404126
-0.376143 0.004614 1.391565
-0.359978 -0.010283 1.413329
-0.381362 -0.009735 1.400445
-0.369500 0.016279 1.381683
-0.348606 0.014821 1.394081
-0.360596 0.025181 1.369572
-0.340846 0.021375 1.381598
-0.351511 0.030519 1.356547
-0.331329 0.025750 1.368368
-0.343038 0.031729 1.342706
-0.321075 0.029409 1.354754
-0.333860 0.031131 1.329162
-0.323731 0.027232 1.316648
-0.312676 0.016786 1.309876
-0.308897 0.002944 1.301527
-0.306975 -0.014150 1.295701
-0.285925 -0.013359 1.301667
-0.303127 -0.032789 1.291901
-0.285925 -0.013359 1.301667
-0.306975 -0.014150 1.295701
-0.302496 -0.053222 1.290654
-0.306715 -0.071805 1.292619
-0.312505 -0.091651 1.295987
-0.293891 -0.112609 1.311561
-0.318906 -0.109811 1.305376
-0.302715 -0.123078 1.323756
-0.324609 -0.118698 1.315519
-0.312972 -0.130273 1.338861
-0.330809 -0.125042 1.328494
-0.322071 -0.134154 1.351580
-0.342966 -0.126461 1.341998
-0.350255 -0.127285 1.356938
-0.330195 -0.126283 1.368585
-0.339881 -0.122884 1.381855
-0.359362 -0.123350 1.370793
-0.367111 -0.118530 1.385291
-0.348236 -0.116299 1.395341
-0.354532 -0.104664 1.407832
-0.375121 -0.107188 1.397588
-0.361998 -0.092807 1.418330
-0.379890 -0.093206 1.407807
-0.366074 -0.076247 1.426738
-0.384243 -0.077250 1.414652
-0.367275 -0.058844 1.429223
-0.386843 -0.059383 1.416370
-0.387005 -0.041818 1.413511
-0.365671 -0.042101 1.425986
-0.384341 -0.024937 1.407638
-0.363510 -0.025421 1.420679
-0.363492 -0.039567 1.436538
-0.361104 -0.020723 1.432824
-0.364129 -0.059512 1.438360
-0.360779 -0.078228 1.436398
-0.355377 -0.095997 1.427672
-0.349695 -0.110551 1.417026
-0.334014 -0.129216 1.389595
-0.324767 -0.132316 1.374073
-0.315003 -0.131891 1.358599
-0.285119 -0.107112 1.321541
-0.280677 -0.091235 1.313313
-0.276076 -0.012156 1.304513
-0.276076 -0.012156 1.304513
-0.284455 0.019781 1.319145
-0.294499 0.029937 1.331594
-0.303447 0.035914 1.345763
-0.313565 0.036591 1.361665
-0.323647 0.033964 1.375483
-0.333623 0.028074 1.389686
-0.344119 0.020304 1.403891
-0.350969 0.009584 1.414478
-0.356709 -0.003728 1.425623
-0.334712 0.018327 1.408473
-0.325500 0.025912 1.396318
-0.316512 0.031192 1.381219
-0.306356 0.032105 1.366351
-0.296664 0.031568 1.352725
-0.287604 0.024022 1.338786
-0.278626 0.015899 1.325457
-0.270209 0.006622 1.314393
-0.265921 -0.011750 1.310482
-0.265921 -0.011750 1.310482
-0.274949 -0.108392 1.326048
-0.285787 -0.115117 1.339817
-0.295170 -0.123507 1.352639
-0.305421 -0.129457 1.366365
-0.314419 -0.130125 1.381297
-0.346319 -0.095941 1.431433
-0.350658 -0.077708 1.437361
-0.353204 -0.058818 1.440984
-0.354111 -0.039440 1.441044
-0.257484 -0.012171 1.313831
-0.257484 -0.012171 1.313831
-0.318050 0.032309 1.403982
-0.327761 0.023348 1.417800
-0.335598 0.012960 1.431288
-0.342582 -0.001242 1.442308
-0.347073 -0.038167 1.451417
-0.347327 -0.017714 1.448408
-0.348492 -0.054394 1.448376
-0.347002 -0.077870 1.443105
-0.336810 -0.098286 1.435529
-0.314984 -0.132837 1.396549
-0.340997 -0.113501 1.422801
-0.296507 -0.133204 1.371320
-0.305264 -0.136213 1.387448
-0.277729 0.041760 1.365053
-0.291196 0.044349 1.382818
-0.265426 0.036213 1.348348
-0.254821 0.020460 1.332683
-0.251268 0.001974 1.324043
-0.248815 -0.019446 1.321259
-0.248091 -0.044014 1.319922
-0.248815 -0.019446 1.321259
-0.249079 -0.066509 1.320121
-0.251833 -0.087710 1.326140
-0.257468 -0.102665 1.335902
-0.267425 -0.116173 1.346249
-0.279262 -0.126766 1.359533
-0.301000 -0.137625 1.382592
-0.290605 -0.134303 1.371756
-0.312108 -0.136845 1.395882
-0.323850 -0.130390 1.410306
-0.343969 -0.099658 1.438576
-0.335402 -0.117813 1.424372
-0.349532 -0.077897 1.446841
-0.352743 -0.055692 1.450563
-0.353512 -0.035141 1.452382
-0.350780 -0.015581 1.450565
-0.342682 0.005290 1.441459
-0.321344 0.036273 1.418193
-0.308003 0.044009 1.401725
-0.331691 0.023724 1.430016
-0.372065 -0.001301 1.386770
-0.376662 -0.014215 1.394810
-0.366312 0.009000 1.378092
-0.358635 0.016939 1.367325
-0.350517 0.021785 1.355565
-0.342570 0.022827 1.343154
-0.334137 0.022232 1.331410
-0.325124 0.018982 1.321052
-0.314698 0.009953 1.315853
-0.311020 -0.001984 1.308828
-0.309773 -0.016931 1.303607
-0.309773 -0.016931 1.303607
-0.306878 -0.033685 1.299840
-0.308064 -0.051965 1.300817
-0.310782 -0.069373 1.302330
-0.313751 -0.085776 1.307256
-0.322397 -0.103861 1.308688
-0.327628 -0.111385 1.318443
-0.333358 -0.117710 1.329794
-0.343393 -0.115502 1.343212
-0.350044 -0.116233 1.356420
-0.357311 -0.114672 1.369604
-0.364288 -0.110489 1.382133
-0.371392 -0.100470 1.392943
-0.375337 -0.087972 1.402120
-0.378958 -0.074052 1.407848
-0.381286 -0.058606 1.409294
-0.381621 -0.043165 1.406695
-0.379263 -0.027916 1.401339
-0.454428 0.013477 1.358166
-0.467567 -0.001288 1.369037
-0.452706 0.014434 1.365411
-0.464628 0.012990 1.354256
-0.445840 0.006497 1.368353
-0.476583 0.006073 1.362999
-0.490102 -0.020309 1.369566
-0.471502 0.022401 1.355769
-0.434542 0.037182 1.298022
-0.427670 0.032379 1.279445
-0.429587 0.025843 1.302760
-0.437876 0.018463 1.316547
-0.420890 0.021884 1.285069
-0.414183 -0.058177 1.394434
-0.404018 -0.093367 1.391392
-0.396212 -0.074589 1.397959
-0.400670 -0.058001 1.395726
-0.375337 -0.087972 1.402120
-0.378958 -0.074052 1.407848
-0.421882 0.025505 1.353027
-0.431232 0.026833 1.345244
-0.433981 0.022404 1.360051
-0.422981 0.022811 1.343644
-0.429462 0.010573 1.360945
-0.417907 0.018082 1.354928
-0.437725 -0.000670 1.371549
-0.443834 0.022236 1.356620
-0.437261 0.025243 1.341696
-0.455587 0.014998 1.345135
-0.448443 0.016772 1.341618
-0.445813 0.016839 1.334030
-0.414806 0.024674 1.344639
-0.417736 0.021482 1.340944
-0.418677 0.024688 1.330042
-0.415517 0.017939 1.331926
-0.409698 0.020217 1.335073
-0.342570 0.022827 1.343154
-0.334137 0.022232 1.331410
-0.350517 0.021785 1.355565
-0.355038 0.013005 1.304282
-0.360809 -0.003898 1.294307
-0.367884 0.006340 1.305762
-0.347308 -0.000426 1.295867
-0.336989 0.013671 1.308746
-0.333084 -0.004316 1.308211
-0.469895 0.032792 1.343911
-0.464228 0.029637 1.345067
-0.377661 -0.105827 1.305625
-0.370673 -0.108361 1.307020
-0.391748 -0.112677 1.316848
-0.408333 -0.108033 1.311357
-0.375900 -0.108798 1.325232
-0.415361 -0.112899 1.326444
-0.306878 -0.033685 1.299840
-0.327051 -0.036392 1.287800
-0.309773 -0.016931 1.303607
-0.328813 -0.018538 1.297790
-0.339422 -0.029500 1.278931
-0.342122 -0.014425 1.287089
-0.338755 -0.042057 1.275613
-0.349699 -0.080412 1.279575
-0.353664 -0.096881 1.291163
-0.358626 -0.094439 1.288887
-0.345233 -0.082649 1.278374
-0.366078 -0.088626 1.289017
-0.366786 -0.073325 1.282592
-0.398114 -0.076750 1.270373
-0.406434 -0.073206 1.262733
-0.421555 -0.077226 1.262978
-0.402734 -0.061137 1.259160
-0.415954 -0.057832 1.261004
-0.396341 0.018005 1.324691
-0.391763 0.025823 1.328536
-0.385979 0.011082 1.314412
-0.378015 0.016984 1.314956
-0.377134 0.027188 1.332508
-0.365205 0.022290 1.317558
-0.387206 0.020704 1.334351
-0.400352 0.025584 1.338173
-0.396759 0.018994 1.340100
-0.400314 0.007422 1.373850
-0.396643 0.020431 1.362268
-0.409692 0.007576 1.368602
-0.384801 0.010405 1.373897
-0.382762 0.024724 1.365332
-0.414729 -0.007934 1.378785
-0.402175 -0.011751 1.377237
-0.396055 -0.040607 1.270491
-0.388580 -0.053728 1.258735
-0.400356 -0.049417 1.265566
-0.387511 -0.042220 1.260767
-0.388959 -0.077989 1.280470
-0.385180 -0.066831 1.275683
-0.380692 -0.055552 1.268419
-0.378981 -0.040678 1.266908
-0.370517 -0.099364 1.295173
-0.378106 -0.083563 1.284048
-0.424241 -0.080944 1.384155
-0.425309 -0.055379 1.388729
-0.396962 -0.112245 1.374529
-0.357311 -0.114672 1.369604
-0.350044 -0.116233 1.356420
-0.435831 -0.067912 1.255417
-0.356049 -0.013565 1.282845
-0.355815 -0.021921 1.276329
-0.351626 -0.028233 1.273967
-0.415692 -0.015020 1.249790
-0.413158 -0.008309 1.262658
-0.421877 -0.035228 1.245430
-0.410081 -0.043793 1.257260
-0.419286 0.006729 1.252701
-0.434292 0.008736 1.248852
-0.420647 0.004700 1.262234
-0.420647 0.004700 1.262234
-0.423538 0.009580 1.272216
-0.419614 0.002978 1.268415
-0.421234 0.019826 1.265890
-0.427576 0.016086 1.280602
-0.418199 0.010137 1.285310
-0.416457 0.002851 1.277542
-0.413647 -0.002819 1.270260
-0.422085 0.023810 1.273998
-0.404363 -0.008383 1.272233
-0.404363 -0.008383 1.272233
-0.413647 -0.002819 1.270260
-0.419614 0.002978 1.268415
-0.397179 -0.012991 1.275080
-0.399403 -0.001453 1.280269
-0.397179 -0.012991 1.275080
-0.396425 -0.027328 1.274868
-0.390514 -0.010749 1.270139
-0.389883 -0.030048 1.268658
-0.380340 -0.026326 1.268911
-0.382324 -0.010953 1.269134
-0.376392 -0.013945 1.277313
-0.375659 -0.028335 1.277769
-0.373820 -0.042736 1.276013
-0.364376 -0.042851 1.281437
-0.365065 -0.028702 1.278270
-0.372044 -0.057182 1.274880
-0.365310 -0.057869 1.280813
-0.374412 -0.071233 1.277735
-0.365366 -0.011836 1.278088
-0.365366 -0.011836 1.278088
-0.371746 -0.004222 1.289641
-0.356049 -0.013565 1.282845
-0.376828 0.002422 1.281663
-0.385331 0.004527 1.295647
-0.377476 0.003546 1.302659
-0.382324 -0.010953 1.269134
-0.376392 -0.013945 1.277313
-0.384886 0.004492 1.276288
-0.387444 0.012639 1.287474
-0.406713 0.018501 1.317761
-0.392086 0.009615 1.308843
-0.396070 0.015956 1.300594
-0.402785 0.012466 1.322901
-0.390495 0.013876 1.284187
-0.408106 0.026256 1.315209
-0.397008 0.022464 1.294178
-0.413809 0.026760 1.311706
-0.424194 0.029438 1.328464
-0.428355 0.023202 1.325277
-0.419115 0.024903 1.308860
-0.432044 0.016870 1.320875
-0.424343 0.023370 1.305423
-0.411571 0.019066 1.295271
-0.416349 0.020769 1.290956
-0.406216 0.016800 1.299013
-0.401936 0.007524 1.289424
-0.393480 -0.000675 1.277903
-0.390514 -0.010749 1.270139
-0.406876 0.023871 1.336358
-0.405742 0.019209 1.347442
-0.410607 0.022990 1.347758
-0.413889 0.012253 1.352534
-0.403278 0.011616 1.357239
-0.400095 0.016245 1.347804
-0.391435 0.022387 1.352289
-0.377241 0.027586 1.355056
-0.376046 0.028009 1.345183
-0.358635 0.016939 1.367325
-0.366312 0.009000 1.378092
-0.372065 -0.001301 1.386770
-0.392076 -0.008559 1.388376
-0.376662 -0.014215 1.394810
-0.400917 -0.031192 1.398175
-0.381621 -0.043165 1.406695
-0.381286 -0.058606 1.409294
-0.409593 -0.032950 1.383791
-0.425466 -0.004810 1.374972
-0.433138 -0.026549 1.381825
-0.437684 -0.052054 1.384739
-0.437020 -0.078557 1.381391
-0.444915 -0.048607 1.372827
-0.442267 -0.023232 1.373827
-0.448682 -0.069717 1.371413
-0.447527 -0.089750 1.366728
-0.467833 -0.065677 1.373443
-0.471155 -0.083248 1.363692
-0.493859 -0.071263 1.355785
-0.487436 -0.054259 1.368625
-0.520482 -0.013416 1.227145
-0.500332 -0.030912 1.233127
-0.564167 0.004553 1.227237
-0.578259 -0.000606 1.242105
-0.550172 0.012011 1.216919
-0.537187 0.022325 1.214094
-0.524979 0.035618 1.216494
-0.514531 0.050124 1.224894
-0.490928 0.036405 1.232741
-0.469565 0.025588 1.239400
-0.455826 -0.101997 1.316759
-0.433451 -0.107759 1.321416
-0.451225 0.015356 1.246215
-0.449605 0.025405 1.257241
-0.451225 0.015356 1.246215
-0.434292 0.008736 1.248852
-0.469565 0.025588 1.239400
-0.451554 0.030416 1.268439
-0.490928 0.036405 1.232741
-0.453161 0.034758 1.279845
-0.460856 0.039779 1.328063
-0.524861 0.064465 1.315038
-0.535577 0.059223 1.321124
-0.548135 0.051211 1.323669
-0.563330 0.041238 1.322130
-0.579306 0.030301 1.315996
-0.504450 -0.039381 1.364371
-0.588850 -0.001942 1.257271
-0.455164 0.037246 1.330048
-0.446756 0.041686 1.310669
-0.424776 0.029599 1.269908
-0.422734 0.023604 1.260846
-0.419286 0.006729 1.252701
-0.451455 0.021543 1.329700
-0.419150 0.003556 1.362548
-0.325987 0.012959 1.312721
-0.333045 0.015407 1.319547
-0.325124 0.018982 1.321052
-0.314698 0.009953 1.315853
-0.320481 0.005124 1.307253
-0.311020 -0.001984 1.308828
-0.322397 -0.103861 1.308688
-0.340453 -0.098323 1.296580
-0.313751 -0.085776 1.307256
-0.310782 -0.069373 1.302330
-0.308064 -0.051965 1.300817
-0.339356 -0.060989 1.274028
-0.333358 -0.117710 1.329794
-0.351709 -0.108832 1.322046
-0.327628 -0.111385 1.318443
-0.342122 -0.014425 1.287089
-0.364288 -0.110489 1.382133
-0.371392 -0.100470 1.392943
-0.343393 -0.115502 1.343212
-0.516097 0.066918 1.305677
-0.509103 0.067965 1.293511
-0.505271 0.067519 1.276817
-0.504000 0.066171 1.257337
-0.505548 0.063821 1.248109
-0.507151 0.061226 1.238904
-0.514531 0.050124 1.224894
-0.531042 0.028972 1.215104
-0.594539 0.001537 1.272366
-0.596371 0.008706 1.289523
-0.591650 0.018935 1.305514
-0.548135 0.051211 1.323669
-0.535577 0.059223 1.321124
-0.524861 0.064465 1.315038
-0.516097 0.066918 1.305677
-0.509103 0.067965 1.293511
-0.505271 0.067519 1.276817
-0.504000 0.066171 1.257337
-0.505548 0.063821 1.248109
-0.507151 0.061226 1.238904
-0.514531 0.050124 1.224894
-0.524979 0.035618 1.216494
-0.531042 0.028972 1.215104
-0.537187 0.022325 1.214094
-0.550172 0.012011 1.216919
-0.564167 0.004553 1.227237
-0.578259 -0.000606 1.242105
-0.588850 -0.001942 1.257271
-0.594539 0.001537 1.272366
-0.596371 0.008706 1.289523
-0.591650 0.018935 1.305514
-0.579306 0.030301 1.315996
-0.563330 0.041238 1.322130
-0.379263 -0.027916 1.401339
-0.328813 -0.018538 1.297790
-0.309773 -0.016931 1.303607
-0.221398 -0.017192 1.536234
-0.220918 0.007800 1.527468
-0.221844 -0.042832 1.538919
-0.221663 -0.068501 1.535544
-0.221276 -0.092115 1.525077
-0.220202 -0.113360 1.509754
-0.219585 -0.131340 1.490405
-0.217620 -0.142303 1.467673
-0.232739 -0.028706 1.541945
-0.238777 -0.060172 1.527458
-0.242663 -0.055276 1.543943
-0.175523 -0.092458 1.538276
-0.156741 -0.108040 1.514477
-0.159941 -0.086165 1.526686
-0.188775 -0.142266 1.459334
-0.176329 -0.127084 1.466479
-0.173049 -0.133288 1.482415
-0.168901 -0.167939 1.431531
-0.187883 -0.159501 1.442701
-0.178441 -0.165745 1.456509
-0.179565 -0.167012 1.436981
-0.168866 -0.126529 1.441239
-0.164606 -0.110889 1.431967
-0.162678 -0.121440 1.449690
-0.177206 -0.161708 1.429605
-0.206809 -0.157426 1.449697
-0.176034 -0.163207 1.430676
-0.242785 0.044044 1.443554
-0.229879 0.024933 1.396165
-0.242006 0.008012 1.433929
-0.173936 -0.164407 1.429899
-0.192783 -0.150616 1.442878
-0.182393 -0.158396 1.423540
-0.176966 -0.163136 1.430976
-0.176034 -0.163207 1.430676
-0.177206 -0.161708 1.429605
-0.244454 -0.101167 1.383955
-0.189048 -0.134444 1.391013
-0.182694 -0.123650 1.398684
-0.174604 -0.127308 1.413130
-0.228249 0.041713 1.380970
-0.225205 0.007790 1.341915
-0.223851 0.003314 1.358230
-0.174204 -0.035324 1.384850
-0.159980 -0.040283 1.384468
-0.163050 -0.050126 1.379257
-0.189265 -0.030327 1.377778
-0.159785 -0.060564 1.370128
-0.182559 -0.041369 1.356308
-0.236405 -0.112628 1.373283
-0.217910 -0.136881 1.382531
-0.194218 -0.074638 1.345339
-0.181454 -0.055428 1.353269
-0.191684 -0.075699 1.358928
-0.194964 -0.111347 1.361544
-0.197685 -0.104235 1.353616
-0.206202 -0.115419 1.374473
-0.201821 -0.084973 1.345398
-0.204325 -0.079451 1.343464
-0.201103 -0.105908 1.372140
-0.194964 -0.111347 1.361544
-0.192636 -0.079403 1.333468
-0.197685 -0.104235 1.353616
-0.197685 -0.104235 1.353616
-0.191991 -0.116007 1.360602
-0.191991 -0.116007 1.360602
-0.186583 -0.008716 1.322276
-0.199499 -0.005991 1.346729
-0.191387 -0.017765 1.323436
-0.204325 -0.079451 1.343464
-0.202446 -0.066698 1.330299
-0.215960 -0.046588 1.337492
-0.203989 -0.062134 1.334408
-0.197685 -0.104235 1.353616
-0.187777 -0.096010 1.342583
-0.197685 -0.104235 1.353616
-0.187777 -0.096010 1.342583
-0.197192 -0.009133 1.328561
-0.191387 -0.017765 1.323436
-0.218087 -0.071907 1.334722
-0.198415 -0.092760 1.344588
-0.186583 -0.008716 1.322276
-0.190773 -0.017636 1.322419
-0.204786 -0.043372 1.332934
-0.204786 -0.043372 1.332934
-0.183913 -0.000462 1.323806
-0.204424 0.002364 1.333398
-0.204424 0.002364 1.333398
-0.183913 -0.000462 1.323806
-0.198415 -0.092760 1.344588
-0.216664 0.058004 1.401422
-0.166789 0.002489 1.461244
-0.171171 0.014287 1.482699
-0.167173 -0.009445 1.465957
-0.182193 -0.040369 1.548519
-0.188018 -0.059524 1.552591
-0.197786 0.049549 1.504899
-0.194262 0.061117 1.482151
-0.228315 0.050614 1.475722
-0.201954 -0.154488 1.479721
-0.174393 -0.132790 1.504496
-0.151817 -0.124568 1.496121
-0.239258 -0.101593 1.520457
-0.235835 -0.139828 1.478533
-0.160858 -0.127591 1.404369
-0.171343 -0.071994 1.361991
-0.179202 0.024053 1.521229
-0.189387 0.012763 1.521942
-0.166358 -0.017015 1.539407
-0.166195 -0.029480 1.499377
-0.158535 -0.039079 1.479127
-0.162202 -0.015653 1.489837
-0.150017 -0.005305 1.487504
-0.151098 -0.034294 1.468914
-0.137566 -0.024481 1.465343
-0.120307 -0.059149 1.482023
-0.108890 -0.079369 1.497088
-0.112300 -0.087111 1.479214
-0.156339 -0.026692 1.463676
-0.149081 -0.056730 1.393497
-0.141547 -0.044353 1.414656
-0.138121 -0.064742 1.417748
-0.245089 -0.013079 1.525566
-0.233068 0.018967 1.519829
-0.223257 0.036372 1.509745
-0.214827 0.022649 1.524947
-0.101054 -0.086797 1.502006
-0.126320 -0.090902 1.501853
-0.115604 -0.088595 1.490267
-0.141241 -0.070366 1.512657
-0.116244 -0.074436 1.510140
-0.131985 -0.062356 1.498166
-0.144277 -0.091345 1.516429
-0.117042 -0.081260 1.513288
-0.163840 -0.017438 1.409841
-0.182163 -0.016816 1.381520
-0.166105 0.000118 1.408643
-0.171171 0.014287 1.482699
-0.172332 0.014496 1.468619
-0.176120 0.032790 1.459652
-0.194279 0.014118 1.353890
-0.187337 0.054314 1.369885
-0.177516 0.045053 1.383962
-0.197366 0.029301 1.347655
-0.161646 -0.105369 1.384377
-0.167942 -0.111906 1.399294
-0.180930 -0.122993 1.373076
-0.162279 -0.070485 1.383708
-0.151407 -0.095972 1.395340
-0.159583 -0.095651 1.365673
-0.154106 -0.010873 1.532727
-0.165570 0.021583 1.512157
-0.179970 0.040237 1.509008
-0.215050 -0.013353 1.333377
-0.162392 -0.053441 1.481196
-0.153218 -0.061450 1.500577
-0.160963 -0.042414 1.496542
-0.207391 0.070495 1.428994
-0.194284 0.054032 1.428014
-0.177350 0.050197 1.397545
-0.199581 0.064902 1.403340
-0.186378 0.002215 1.398823
-0.170260 0.020451 1.388791
-0.173589 0.008941 1.404386
-0.164892 0.055094 1.427420
-0.184003 0.041471 1.455414
-0.169733 0.031160 1.436658
-0.193512 0.005600 1.377478
-0.191004 0.009383 1.359256
-0.184396 -0.008811 1.370357
-0.182163 -0.016816 1.381520
-0.181382 -0.023323 1.355986
-0.156939 -0.099075 1.475363
-0.119902 -0.099040 1.479959
-0.152206 -0.110916 1.489465
-0.162104 -0.119217 1.476651
-0.154293 -0.124963 1.484179
-0.129158 -0.069345 1.438938
-0.123388 -0.086294 1.437817
-0.117753 -0.072490 1.426730
-0.148352 -0.111207 1.432261
-0.135490 -0.104417 1.443294
-0.152412 -0.113018 1.449085
-0.181201 0.066360 1.480144
-0.213066 0.067100 1.453667
-0.200633 0.069290 1.427132
-0.175276 0.066653 1.457850
-0.180314 0.061602 1.444960
-0.183445 0.051407 1.481638
-0.189665 0.055390 1.492574
-0.183679 0.042674 1.495216
-0.160617 -0.059781 1.530074
-0.158794 -0.039487 1.517805
-0.194523 -0.008742 1.544788
-0.194384 -0.147573 1.427302
-0.172775 -0.138382 1.443160
-0.136184 -0.098326 1.512290
-0.148881 -0.110033 1.503195
-0.121653 -0.103084 1.493579
-0.164546 -0.015699 1.522197
-0.169604 -0.036587 1.545316
-0.168106 -0.035795 1.533522
-0.166136 0.022414 1.367453
-0.168186 0.058330 1.406119
-0.162621 0.032521 1.419363
-0.158597 0.051895 1.398146
-0.160702 -0.103321 1.458250
-0.131599 -0.100156 1.468689
-0.120456 -0.083224 1.468232
-0.241545 -0.080293 1.523839
-0.193800 -0.079297 1.551773
-0.156111 -0.034038 1.398861
-0.161071 -0.032750 1.404583
-0.148332 -0.041850 1.413450
-0.237915 -0.128638 1.388371
-0.248566 -0.119930 1.416724
-0.174399 0.016653 1.496191
-0.187375 0.033947 1.486491
-0.185098 0.047744 1.469266
-0.232079 -0.005228 1.529055
-0.158967 -0.163612 1.471818
-0.180936 -0.159382 1.472432
-0.200536 -0.148225 1.461352
-0.191797 -0.147158 1.477305
-0.265367 -0.062611 1.507787
-0.145846 -0.021881 1.465977
-0.131389 -0.064965 1.462241
-0.137926 -0.058778 1.453104
-0.126660 -0.040825 1.465147
-0.142086 -0.059803 1.439165
-0.139394 -0.036297 1.428656
-0.158168 -0.027313 1.435617
-0.150443 -0.036092 1.446636
-0.163277 0.018257 1.494512
-0.148219 0.018169 1.499936
-0.155908 -0.002231 1.512350
-0.153292 0.000900 1.498998
-0.145244 0.013974 1.510380
-0.124309 -0.098205 1.419618
-0.130760 -0.099890 1.432495
-0.138995 -0.103136 1.423534
-0.123917 -0.082420 1.421305
-0.136909 -0.079445 1.420820
-0.133989 -0.066714 1.431365
-0.118579 -0.065425 1.400738
-0.138001 -0.099746 1.411222
-0.130968 -0.083116 1.413635
-0.152529 -0.075751 1.536553
-0.171971 -0.069824 1.547612
-0.188014 -0.115577 1.526837
-0.164799 0.000962 1.510332
-0.148219 0.018169 1.499936
-0.163277 0.018257 1.494512
-0.158401 -0.063265 1.387004
-0.134307 -0.067236 1.391993
-0.149416 -0.088039 1.398798
-0.123477 -0.083247 1.403833
-0.148943 -0.102233 1.407691
-0.158229 -0.103613 1.428413
-0.170883 -0.125185 1.429012
-0.157070 -0.125426 1.424193
-0.154816 -0.116449 1.413495
-0.147062 -0.114473 1.420062
-0.163840 -0.017438 1.409841
-0.161078 -0.008970 1.431581
-0.128978 -0.044072 1.476387
-0.131579 -0.022981 1.448636
-0.135131 -0.054201 1.446497
-0.182820 -0.115888 1.387578
-0.194292 -0.123077 1.380393
-0.192072 -0.092759 1.372428
-0.189292 -0.108868 1.364509
-0.182484 -0.090502 1.370106
-0.170397 -0.099014 1.376980
-0.176200 0.053735 1.446752
-0.175212 0.061446 1.421299
-0.187049 0.057922 1.433168
-0.270745 -0.072818 1.490265
-0.192019 -0.009296 1.354289
-0.185241 -0.030784 1.340264
-0.195672 -0.022531 1.338218
-0.233436 0.023007 1.471311
-0.126499 -0.089607 1.452655
-0.161719 -0.123167 1.460560
-0.134914 -0.093243 1.453253
-0.167713 0.037151 1.497290
-0.190882 0.039670 1.525707
-0.143051 -0.029923 1.451430
-0.139827 -0.047363 1.439656
-0.182393 -0.158396 1.423540
-0.184396 -0.008811 1.370357
-0.193435 -0.005170 1.378240
-0.169197 -0.081602 1.369599
-0.167426 0.057315 1.392706
-0.168097 0.020453 1.419870
-0.164659 0.004095 1.441024
-0.255685 -0.060934 1.522171
-0.176738 -0.052861 1.543355
-0.160141 -0.059769 1.542240
-0.202776 -0.136573 1.381065
-0.181384 -0.146869 1.393430
-0.157906 -0.106603 1.413322
-0.155494 -0.112721 1.393862
-0.193820 -0.053646 1.338176
-0.148612 -0.056004 1.480554
-0.171628 0.055067 1.471243
-0.184569 -0.142057 1.404520
-0.174966 -0.136044 1.424203
-0.186438 -0.139714 1.421919
-0.187092 -0.142511 1.440037
-0.185675 -0.131250 1.437407
-0.172120 -0.137331 1.434529
-0.112878 -0.068431 1.500793
-0.158345 0.023920 1.403799
-0.164867 0.039024 1.378608
-0.179530 -0.130040 1.426248
-0.169195 -0.017120 1.446072
-0.219049 -0.154294 1.468911
-0.188494 -0.125403 1.371957
-0.247955 -0.124306 1.397616
-0.160623 0.015103 1.430479
-0.192019 -0.009296 1.354289
-0.165743 -0.140990 1.495093
-0.199499 -0.005991 1.346729
-0.172304 -0.134653 1.493502
-0.166697 0.022182 1.503262
-0.147982 0.025627 1.509537
-0.178981 -0.085209 1.548196
-0.180480 -0.113595 1.363912
-0.132565 -0.052798 1.487697
-0.129848 -0.074002 1.469402
-0.133599 -0.078654 1.443240
-0.203989 -0.062134 1.334408
-0.156946 -0.134048 1.434665
-0.200709 0.013028 1.529016
-0.205031 0.011412 1.536894
-0.178941 0.043306 1.513991
-0.182666 0.027902 1.529903
-0.167171 0.031850 1.521638
-0.242965 -0.032215 1.536693
-0.157515 -0.036179 1.458373
-0.161078 -0.008970 1.431581
-0.182268 0.063476 1.390063
-0.202776 -0.136573 1.381065
-0.191991 -0.116007 1.360602
-0.136534 -0.106696 1.414521
-0.181384 -0.146869 1.393430
-0.144443 -0.062582 1.506094
-0.161857 -0.047920 1.507704
-0.166789 0.002489 1.461244
-0.248576 -0.119827 1.383490
-0.160298 0.032635 1.429205
-0.161565 -0.163470 1.464801
-0.160965 0.001898 1.451035
-0.668438 0.219920 1.200492
-0.656434 0.212404 1.208275
-0.656971 0.221490 1.190483
-0.647204 0.221060 1.197586
-0.642971 0.222926 1.186051
-0.642971 0.222926 1.186051
-0.656343 0.218691 1.179031
-0.656971 0.221490 1.190483
-0.638730 0.216763 1.177030
-0.634866 0.225336 1.173917
-0.637602 0.231840 1.182404
-0.641776 0.209731 1.173412
-0.609095 0.242771 1.167710
-0.609390 0.253093 1.160594
-0.609839 0.254080 1.166607
-0.610244 0.246922 1.172290
-0.614048 0.258911 1.166131
-0.613896 0.260089 1.159811
-0.614921 0.250206 1.174688
-0.703899 0.223677 1.144890
-0.713927 0.230089 1.135795
-0.707676 0.232686 1.135838
-0.707776 0.218963 1.144781
-0.715971 0.222119 1.144268
-0.712271 0.219910 1.143438
-0.709396 0.216305 1.142688
-0.697435 0.282486 1.116524
-0.693882 0.287006 1.115074
-0.699412 0.278348 1.120428
-0.712253 0.276218 1.105183
-0.709522 0.269925 1.111315
-0.708821 0.272035 1.107447
-0.713760 0.273068 1.113008
-0.707264 0.271529 1.102643
-0.708821 0.272035 1.107447
-0.707730 0.263470 1.107043
-0.709522 0.269925 1.111315
-0.707264 0.271529 1.102643
-0.711110 0.276127 1.099447
-0.749162 0.207256 1.098334
-0.748227 0.206221 1.090650
-0.750154 0.202580 1.094039
-0.749526 0.196922 1.104333
-0.747363 0.203457 1.107936
-0.730228 0.246854 1.091391
-0.732454 0.245613 1.089163
-0.731981 0.245424 1.095011
-0.726219 0.246032 1.095200
-0.727565 0.246712 1.089462
-0.730173 0.245008 1.086110
-0.704046 0.240023 1.173153
-0.704737 0.249802 1.171535
-0.703513 0.239843 1.165689
-0.701486 0.244875 1.178400
-0.714492 0.231508 1.167727
-0.704905 0.237040 1.163919
-0.698206 0.238692 1.186236
-0.723227 0.226840 1.155567
-0.717657 0.234576 1.163958
-0.725671 0.217640 1.154957
-0.728188 0.203680 1.158029
-0.694129 0.235084 1.156626
-0.697155 0.233786 1.156102
-0.697164 0.238057 1.157469
-0.687177 0.237243 1.156816
-0.696019 0.241805 1.155155
-0.688178 0.243056 1.153904
-0.662503 0.209181 1.166222
-0.672098 0.223575 1.163539
-0.706059 0.210458 1.142630
-0.704075 0.202758 1.143064
-0.707511 0.202630 1.139271
-0.699474 0.216358 1.148598
-0.705911 0.214498 1.145126
-0.701880 0.220244 1.147334
-0.715228 0.219902 1.141614
-0.718335 0.224019 1.133948
-0.715228 0.219902 1.141614
-0.717859 0.219413 1.146217
-0.720816 0.224587 1.147232
-0.717859 0.219413 1.146217
-0.721061 0.220496 1.148165
-0.687427 0.288826 1.123321
-0.689264 0.292301 1.121804
-0.687244 0.284395 1.127512
-0.696754 0.290613 1.115863
-0.695975 0.293355 1.117985
-0.692775 0.292178 1.116685
-0.700832 0.288100 1.117379
-0.700605 0.292589 1.121064
-0.721881 0.274037 1.096804
-0.717212 0.277352 1.098888
-0.719789 0.275757 1.095221
-0.716268 0.276527 1.095321
-0.719785 0.274267 1.093366
-0.716207 0.275243 1.093052
-0.715381 0.272528 1.091621
-0.712259 0.274847 1.094532
-0.742300 0.195133 1.091096
-0.741060 0.199968 1.087954
-0.738257 0.197763 1.090364
-0.740341 0.190149 1.098588
-0.734318 0.192986 1.098443
-0.724116 0.239971 1.084697
-0.721960 0.241364 1.087119
-0.719918 0.240352 1.090853
-0.724891 0.244627 1.087291
-0.722045 0.244151 1.093301
-0.727355 0.242888 1.084381
-0.736979 0.237063 1.089966
-0.735930 0.241782 1.092821
-0.735993 0.240656 1.087396
-0.734198 0.243154 1.087456
-0.732044 0.242553 1.084432
-0.734134 0.239188 1.084678
-0.727341 0.227334 1.092954
-0.720733 0.230804 1.094411
-0.730820 0.206763 1.153577
-0.729386 0.197639 1.149543
-0.738375 0.203592 1.088977
-0.742064 0.203306 1.086886
-0.735695 0.202750 1.092172
-0.742054 0.209563 1.091615
-0.745009 0.207484 1.088692
-0.745741 0.209424 1.091658
-0.739741 0.209983 1.096341
-0.744992 0.210737 1.097691
-0.666555 0.201194 1.216207
-0.707396 0.237955 1.162628
-0.716600 0.266848 1.091913
-0.721445 0.269294 1.093732
-0.718755 0.271152 1.091513
-0.719582 0.265005 1.093315
-0.720258 0.261826 1.096539
-0.723818 0.265377 1.098432
-0.625864 0.151238 1.193622
-0.695998 0.294724 1.126851
-0.697186 0.292971 1.131685
-0.628395 0.254218 1.160292
-0.622793 0.256209 1.156035
-0.625011 0.251412 1.155574
-0.631941 0.247528 1.166294
-0.629101 0.242078 1.159728
-0.621139 0.259310 1.158152
-0.625885 0.258115 1.163573
-0.620030 0.260802 1.161416
-0.616254 0.253718 1.154740
-0.611278 0.249110 1.157474
-0.616775 0.238366 1.159320
-0.611348 0.239548 1.162867
-0.720578 0.202449 1.133050
-0.718500 0.198671 1.137091
-0.728236 0.202082 1.136407
-0.723719 0.194137 1.145388
-0.728236 0.202082 1.136407
-0.723719 0.194137 1.145388
-0.734040 0.206652 1.141021
-0.731750 0.208639 1.128351
-0.736919 0.214115 1.132490
-0.736150 0.220588 1.135752
-0.738875 0.221474 1.121775
-0.737734 0.227182 1.124911
-0.737789 0.234093 1.111228
-0.738992 0.228665 1.108328
-0.732666 0.230842 1.126709
-0.730200 0.224900 1.136841
-0.733007 0.237634 1.113331
-0.726998 0.238357 1.113917
-0.726245 0.243822 1.101851
-0.732208 0.242966 1.101364
-0.721700 0.236097 1.112530
-0.721159 0.241646 1.100444
-0.722045 0.244151 1.093301
-0.724891 0.244627 1.087291
-0.718251 0.232116 1.110021
-0.718289 0.237503 1.097926
-0.721159 0.241646 1.100444
-0.721700 0.236097 1.112530
-0.720360 0.225246 1.106071
-0.725337 0.237761 1.083993
-0.729092 0.240462 1.083094
-0.731066 0.237069 1.083493
-0.729092 0.240462 1.083094
-0.727355 0.242888 1.084381
-0.731066 0.237069 1.083493
-0.733184 0.232780 1.087093
-0.734053 0.228636 1.093658
-0.737845 0.234073 1.096526
-0.734832 0.222851 1.105289
-0.736629 0.239258 1.099316
-0.734379 0.215808 1.117893
-0.723893 0.208193 1.125720
-0.734379 0.215808 1.117893
-0.726674 0.214753 1.116034
-0.731750 0.208639 1.128351
-0.712324 0.209056 1.133801
-0.716236 0.213436 1.126564
-0.709406 0.206245 1.137152
-0.715947 0.196136 1.138999
-0.709047 0.195610 1.139982
-0.717833 0.189739 1.139094
-0.708368 0.184123 1.138557
-0.716193 0.183739 1.131597
-0.722987 0.188720 1.123623
-0.725282 0.181434 1.119447
-0.727417 0.193650 1.112144
-0.730041 0.187298 1.109027
-0.731713 0.198825 1.100872
-0.736998 0.183980 1.109346
-0.746307 0.191820 1.100788
-0.743820 0.185138 1.112181
-0.747370 0.198034 1.091383
-0.746307 0.191820 1.100788
-0.747370 0.198034 1.091383
-0.745708 0.201718 1.087980
-0.743726 0.205594 1.087115
-0.740053 0.207065 1.089227
-0.743726 0.205594 1.087115
-0.745708 0.201718 1.087980
-0.740053 0.207065 1.089227
-0.736606 0.206861 1.094089
-0.736606 0.206861 1.094089
-0.732828 0.203313 1.103867
-0.732828 0.203313 1.103867
-0.729097 0.197925 1.115656
-0.729097 0.197925 1.115656
-0.725324 0.192857 1.127769
-0.725324 0.192857 1.127769
-0.722132 0.189891 1.142989
-0.725846 0.189880 1.144999
-0.734582 0.194476 1.132740
-0.733504 0.185931 1.145634
-0.740646 0.190472 1.132508
-0.739071 0.200400 1.120608
-0.744444 0.197364 1.120052
-0.742314 0.206698 1.108815
-0.747349 0.190584 1.116451
-0.743633 0.183959 1.129683
-0.738249 0.178732 1.142194
-0.734991 0.175262 1.149973
-0.731076 0.185556 1.152771
-0.731624 0.170539 1.157107
-0.724425 0.160343 1.166121
-0.688758 0.227855 1.197960
-0.686934 0.242600 1.186995
-0.691163 0.249305 1.180863
-0.682708 0.249289 1.176729
-0.678172 0.242264 1.181411
-0.686330 0.256607 1.172514
-0.694785 0.256102 1.175820
-0.690684 0.267018 1.164371
-0.698484 0.266874 1.166426
-0.681461 0.253779 1.166150
-0.686330 0.256607 1.172514
-0.677865 0.247014 1.169897
-0.682708 0.249289 1.176729
-0.690684 0.267018 1.164371
-0.685873 0.263825 1.159339
-0.687881 0.267683 1.144225
-0.688768 0.273901 1.149852
-0.684965 0.257733 1.151971
-0.688305 0.276222 1.134621
-0.689589 0.282384 1.139234
-0.692948 0.271228 1.130536
-0.692936 0.261937 1.140144
-0.687609 0.281629 1.125040
-0.701101 0.270645 1.129800
-0.707480 0.274781 1.132400
-0.704859 0.283285 1.122251
-0.700832 0.288100 1.117379
-0.704859 0.283285 1.122251
-0.707480 0.274781 1.132400
-0.708065 0.281020 1.137069
-0.704826 0.288984 1.126514
-0.695479 0.294451 1.119902
-0.692043 0.293361 1.119089
-0.691708 0.294242 1.121938
-0.691708 0.294242 1.121938
-0.689358 0.290873 1.118932
-0.692043 0.293361 1.119089
-0.692775 0.292178 1.116685
-0.696754 0.290613 1.115863
-0.691538 0.294134 1.126075
-0.691538 0.294134 1.126075
-0.692207 0.291953 1.131828
-0.692207 0.291953 1.131828
-0.693383 0.285997 1.141803
-0.699245 0.286578 1.141935
-0.693383 0.285997 1.141803
-0.693045 0.277196 1.153326
-0.699594 0.277263 1.153980
-0.693045 0.277196 1.153326
-0.705718 0.263680 1.164932
-0.708687 0.258326 1.160511
-0.705727 0.252588 1.154039
-0.702377 0.243248 1.160030
-0.701523 0.239668 1.161316
-0.701057 0.237782 1.159548
-0.702193 0.237945 1.158432
-0.703554 0.239438 1.156349
-0.709569 0.240457 1.160170
-0.719450 0.237567 1.160741
-0.713484 0.248988 1.150409
-0.722740 0.246663 1.150415
-0.728266 0.249111 1.134426
-0.723787 0.255528 1.138469
-0.727400 0.239755 1.145372
-0.726003 0.242272 1.129460
-0.724403 0.233268 1.139378
-0.726211 0.252315 1.117094
-0.727870 0.259172 1.121471
-0.719531 0.248506 1.114394
-0.725309 0.260981 1.104930
-0.719081 0.256819 1.102727
-0.726211 0.252315 1.117094
-0.711639 0.249728 1.114767
-0.711606 0.257892 1.103136
-0.711629 0.262975 1.096923
-0.707710 0.267491 1.099797
-0.712674 0.268129 1.092807
-0.709646 0.272016 1.095717
-0.712259 0.274847 1.094532
-0.715381 0.272528 1.091621
-0.711110 0.276127 1.099447
-0.719099 0.276422 1.104817
-0.721052 0.273175 1.112188
-0.715312 0.265728 1.125516
-0.723177 0.264943 1.125116
-0.710416 0.262969 1.123525
-0.707653 0.256088 1.118767
-0.710416 0.262969 1.123525
-0.706383 0.248047 1.130819
-0.710522 0.240925 1.126298
-0.726003 0.242272 1.129460
-0.724403 0.233268 1.139378
-0.724357 0.230193 1.154143
-0.720816 0.224587 1.147232
-0.726741 0.218508 1.149746
-0.733123 0.210092 1.149940
-0.734639 0.214671 1.144562
-0.727532 0.220606 1.144702
-0.730939 0.202134 1.147296
-0.726476 0.231673 1.126655
-0.721126 0.229820 1.124916
-0.717412 0.226203 1.122087
-0.721126 0.229820 1.124916
-0.719300 0.218962 1.117612
-0.727457 0.221562 1.104335
-0.734832 0.222851 1.105289
-0.734053 0.228636 1.093658
-0.711259 0.216750 1.138720
-0.714625 0.220975 1.130957
-0.718335 0.224019 1.133948
-0.703610 0.240121 1.140590
-0.709854 0.254965 1.136445
-0.707308 0.247123 1.147328
-0.707308 0.247123 1.147328
-0.715453 0.257204 1.138716
-0.709854 0.254965 1.136445
-0.726173 0.267917 1.108786
-0.724119 0.271698 1.101996
-0.723818 0.265377 1.098432
-0.725309 0.260981 1.104930
-0.721445 0.269294 1.093732
-0.718755 0.271152 1.091513
-0.699964 0.232000 1.149315
-0.703554 0.239438 1.156349
-0.698319 0.230396 1.152102
-0.702193 0.237945 1.158432
-0.701057 0.237782 1.159548
-0.701523 0.239668 1.161316
-0.702377 0.243248 1.160030
-0.705727 0.252588 1.154039
-0.698872 0.250430 1.149306
-0.707612 0.263779 1.144165
-0.701125 0.260618 1.140637
-0.707612 0.263779 1.144165
-0.708843 0.270181 1.149192
-0.705489 0.274792 1.152447
-0.690765 0.252144 1.148057
-0.681326 0.247943 1.157612
-0.679224 0.241610 1.160665
-0.676781 0.234992 1.162337
-0.667938 0.229428 1.176434
-0.707308 0.168682 1.138288
-0.697612 0.159849 1.143427
-0.712695 0.173089 1.133693
-0.716658 0.161306 1.140342
-0.721230 0.166083 1.135265
-0.717958 0.176382 1.127902
-0.725828 0.170376 1.129572
-0.732539 0.176889 1.120134
-0.739876 0.177766 1.124417
-0.734068 0.171355 1.135798
-0.739876 0.177766 1.124417
-0.743820 0.185138 1.112181
-0.734068 0.171355 1.135798
-0.730092 0.167170 1.142502
-0.726132 0.161866 1.148383
-0.718410 0.151927 1.155403
-0.706379 0.135864 1.164938
-0.676931 0.213583 1.207489
-0.670539 0.231962 1.186837
-0.678172 0.242264 1.181411
-0.674063 0.239943 1.173033
-0.670539 0.231962 1.186837
-0.652578 0.154556 1.249070
-0.663806 0.146392 1.247911
-0.644616 0.159100 1.248355
-0.633526 0.163285 1.244907
-0.629142 0.193702 1.218466
-0.626435 0.203474 1.213931
-0.617480 0.207167 1.200307
-0.622666 0.211739 1.205606
-0.616713 0.192293 1.195596
-0.617911 0.180006 1.197263
-0.616736 0.203550 1.192636
-0.616798 0.217501 1.193915
-0.615661 0.213982 1.187949
-0.615661 0.213982 1.187949
-0.616736 0.203550 1.192636
-0.617759 0.211789 1.181549
-0.613489 0.223857 1.182263
-0.615935 0.221184 1.176627
-0.611283 0.232392 1.176035
-0.613729 0.229241 1.170474
-0.621209 0.220359 1.172434
-0.622822 0.211429 1.176607
-0.619092 0.227938 1.166170
-0.623265 0.239140 1.157789
-0.626215 0.228682 1.164602
-0.620007 0.249192 1.154239
-0.616254 0.253718 1.154740
-0.622793 0.256209 1.156035
-0.614505 0.257507 1.156237
-0.609390 0.253093 1.160594
-0.614505 0.257507 1.156237
-0.623167 0.251849 1.174086
-0.616746 0.240878 1.184653
-0.612274 0.236628 1.181409
-0.611283 0.232392 1.176035
-0.609095 0.242771 1.167710
-0.614753 0.227670 1.187830
-0.613489 0.223857 1.182263
-0.619223 0.231425 1.191530
-0.621464 0.221300 1.198073
-0.630397 0.225193 1.199324
-0.637498 0.226986 1.196320
-0.634088 0.235004 1.188720
-0.627674 0.234724 1.191971
-0.625388 0.243501 1.184232
-0.631545 0.242636 1.180638
-0.629111 0.251081 1.171270
-0.634849 0.238981 1.175069
-0.631941 0.247528 1.166294
-0.637602 0.231840 1.182404
-0.632483 0.232425 1.167424
-0.634849 0.238981 1.175069
-0.628097 0.221448 1.170728
-0.629845 0.212872 1.173948
-0.682410 0.146288 1.149340
-0.664903 0.132256 1.159042
-0.695006 0.136827 1.154472
-0.708509 0.151707 1.145959
-0.718410 0.151927 1.155403
-0.726132 0.161866 1.148383
-0.730092 0.167170 1.142502
-0.706379 0.135864 1.164938
-0.692217 0.121803 1.176713
-0.700006 0.129848 1.189802
-0.672571 0.135960 1.242489
-0.679477 0.125005 1.235442
-0.623928 0.162777 1.236908
-0.619850 0.160174 1.229881
-0.621728 0.165578 1.217266
-0.616497 0.157519 1.222182
-0.620665 0.169483 1.200597
-0.621508 0.158650 1.206174
-0.620665 0.169483 1.200597
-0.617911 0.180006 1.197263
-0.616713 0.192293 1.195596
-0.621508 0.158650 1.206174
-0.616892 0.151055 1.210245
-0.621338 0.143718 1.198256
-0.625389 0.137064 1.192315
-0.631756 0.125950 1.185592
-0.652218 0.120432 1.175493
-0.644008 0.110869 1.181929
-0.666697 0.111514 1.180422
-0.679106 0.122594 1.164965
-0.692217 0.121803 1.176713
-0.680360 0.109766 1.190446
-0.680360 0.109766 1.190446
-0.688551 0.116869 1.204076
-0.682540 0.114006 1.226032
-0.658884 0.100765 1.187556
-0.672106 0.098602 1.199795
-0.672106 0.098602 1.199795
-0.680373 0.105097 1.214801
-0.616892 0.151055 1.210245
-0.628395 0.254218 1.160292
-0.733184 0.232780 1.087093
-0.722132 0.189891 1.142989
-0.721799 0.194352 1.142996
-0.729495 0.190983 1.147877
-0.652578 0.154556 1.249070
-0.663806 0.146392 1.247911
-0.672571 0.135960 1.242489
-0.679477 0.125005 1.235442
-0.682540 0.114006 1.226032
-0.680373 0.105097 1.214801
-0.672106 0.098602 1.199795
-0.658884 0.100765 1.187556
-0.644008 0.110869 1.181929
-0.631756 0.125950 1.185592
-0.625389 0.137064 1.192315
-0.621338 0.143718 1.198256
-0.616892 0.151055 1.210245
-0.616497 0.157519 1.222182
-0.619850 0.160174 1.229881
-0.623928 0.162777 1.236908
-0.633526 0.163285 1.244907
-0.644616 0.159100 1.248355
-0.322581 -0.538388 1.274991
-0.396504 -0.557049 1.299010
-0.407823 -0.557049 1.276795
-0.425453 -0.557049 1.259165
-0.447668 -0.557049 1.247846
-0.472293 -0.557049 1.243946
-0.496918 -0.557049 1.247846
-0.519133 -0.557049 1.259165
-0.536763 -0.557049 1.276795
-0.548082 -0.557049 1.299010
-0.551983 -0.557049 1.323636
-0.548082 -0.557049 1.348261
-0.536763 -0.557049 1.370476
-0.519133 -0.557049 1.388106
-0.496918 -0.557049 1.399425
-0.472293 -0.557049 1.403325
-0.447668 -0.557049 1.399425
-0.425453 -0.557049 1.388106
-0.407823 -0.557049 1.370476
-0.396504 -0.557049 1.348261
-0.392603 -0.557049 1.323636
-0.396504 -0.557049 1.299010
-0.322581 -0.538388 1.274991
-0.252344 -0.507798 1.252170
-0.252344 -0.507798 1.252170
-0.187523 -0.466032 1.231108
-0.187523 -0.466032 1.231108
-0.129714 -0.414117 1.212325
-0.129714 -0.414117 1.212325
-0.080341 -0.353333 1.196283
-0.080341 -0.353333 1.196283
-0.040618 -0.285177 1.183376
-0.040618 -0.285177 1.183376
-0.011525 -0.211326 1.173923
-0.011525 -0.211326 1.173923
0.006222 -0.133598 1.168157
0.006222 -0.133598 1.168157
0.012187 -0.053909 1.166219
0.012187 -0.053909 1.166219
0.006222 0.025781 1.168157
0.006222 0.025781 1.168157
-0.011525 0.103508 1.173923
-0.011525 0.103508 1.173923
-0.040618 0.177359 1.183376
-0.040618 0.177359 1.183376
-0.080341 0.245516 1.196283
-0.080341 0.245516 1.196283
-0.129714 0.306300 1.212325
-0.129714 0.306300 1.212325
-0.187523 0.358214 1.231108
-0.187523 0.358214 1.231108
-0.252344 0.399981 1.252170
-0.252344 0.399981 1.252170
-0.322581 0.430571 1.274991
-0.322581 0.430571 1.274991
-0.396504 0.449231 1.299010
-0.407823 0.449231 1.276795
-0.425453 0.449231 1.259165
-0.447668 0.449231 1.247846
-0.472293 0.449231 1.243946
-0.496918 0.449231 1.247846
-0.519133 0.449231 1.259165
-0.536763 0.449231 1.276795
-0.548082 0.449231 1.299010
-0.551983 0.449231 1.323636
-0.548082 0.449231 1.348261
-0.536763 0.449231 1.370476
-0.519133 0.449231 1.388106
-0.496918 0.449231 1.399425
-0.472293 0.449231 1.403325
-0.447668 0.449231 1.399425
-0.425453 0.449231 1.388106
-0.407823 0.449231 1.370476
-0.396504 0.449231 1.348261
-0.392603 0.449231 1.323636
-0.396504 0.449231 1.299010
-0.472293 -0.563320 1.323636
-0.472293 -0.563320 1.323636
-0.472293 -0.563320 1.323636
-0.472293 -0.563320 1.323636
-0.472293 -0.563320 1.323636
-0.472293 -0.563320 1.323636
-0.472293 -0.563320 1.323636
-0.472293 -0.563320 1.323636
-0.472293 -0.563320 1.323636
-0.472293 -0.563320 1.323636
-0.472293 -0.563320 1.323636
-0.472293 -0.563320 1.323636
-0.472293 -0.563320 1.323636
-0.472293 -0.563320 1.323636
-0.472293 -0.563320 1.323636
-0.472293 -0.563320 1.323636
-0.472293 -0.563320 1.323636
-0.472293 -0.563320 1.323636
-0.472293 -0.563320 1.323636
-0.472293 -0.563320 1.323636
-0.472293 0.455503 1.323636
-0.472293 0.455503 1.323636
-0.472293 0.455503 1.323636
-0.472293 0.455503 1.323636
-0.472293 0.455503 1.323636
-0.472293 0.455503 1.323636
-0.472293 0.455503 1.323636
-0.472293 0.455503 1.323636
-0.472293 0.455503 1.323636
-0.472293 0.455503 1.323636
-0.472293 0.455503 1.323636
-0.472293 0.455503 1.323636
-0.472293 0.455503 1.323636
-0.472293 0.455503 1.323636
-0.472293 0.455503 1.323636
-0.472293 0.455503 1.323636
-0.472293 0.455503 1.323636
-0.472293 0.455503 1.323636
-0.472293 0.455503 1.323636
-0.472293 0.455503 1.323636
1438 1439
1459 1460
1491 1493
1492 1513
1494 1534
1494 1535
1440 1514
1440 1515
1493 1534
1513 1553
1439 1514
1459 1533
1495 1535
1495 1536
1441 1515
1441 1516
1438 1461
1460 1462
1489 1491
1490 1492
1497 1537
1497 1538
1443 1517
1443 1518
1496 1536
1496 1537
1442 1516
1442 1517
1471 1473
1472 1474
1477 1479
1478 1480
1463 1465
1464 1466
1485 1487
1486 1488
1498 1538
1498 1539
1444 1518
1444 1519
1465 1467
1466 1468
1483 1485
1484 1486
1448 1522
1448 1523
1502 1542
1502 1543
1499 1539
1499 1540
1445 1519
1445 1520
1449 1523
1449 1524
1501 1541
1501 1542
1447 1521
1447 1522
1503 1543
1503 1544
1500 1540
1500 1541
1446 1520
1446 1521
1469 1471
1470 1472
1479 1481
1480 1482
1450 1524
1450 1525
1504 1544
1504 1545
1452 1526
1452 1527
1506 1546
1506 1547
1453 1527
1453 1528
1507 1547
1507 1548
1451 1525
1451 1526
1505 1545
1505 1546
1461 1463
1462 1464
1487 1489
1488 1490
1467 1469
1468 1470
1481 1483
1482 1484
1457 1531
1457 1532
1511 1551
1511 1552
1454 1528
1454 1529
1508 1548
1508 1549
1455 1529
1455 1530
1509 1549
1509 1550
1456 1530
1456 1531
1510 1550
1510 1551
1512 1552
1512 1553
1458 1532
1458 1533
1475 1477
1476 1478
1473 1475
1474 1476
610 640
663 664
571 771
659 684
601 602
667 669
685 780
674 797
701 703
718 747
621 622
617 618
668 669
744 745
632 643
590 842
627 645
642 644
632 639
711 712
612 832
619 832
619 620
712 760
810 888
883 913
753 796
733 734
588 590
755 907
52 53
585 586
589 651
690 753
588 659
696 697
569 570
719 720
702 704
723 766
683 684
857 900
739 891
618 620
695 696
731 824
632 714
14 15
781 883
608 609
718 748
673 679
711 761
680 805
622 623
701 763
652 825
902 910
593 907
850 861
571 770
670 796
673 675
773 792
581 586
827 828
706 707
647 704
603 714
655 809
723 855
643 644
708 710
625 904
860 905
709 710
699 856
629 645
282 455
678 843
672 674
836 854
669 754
758 759
67 79
753 908
69 79
764 765
137 139
686 847
742 767
653 654
729 763
765 766
705 889
814 816
601 651
711 762
766 874
11 12
572 808
569 571
478 479
489 531
748 779
352 355
873 890
784 885
679 792
584 819
746 748
13 47
751 886
680 682
627 628
282 458
676 769
619 636
623 630
719 721
66 67
471 472
626 635
16 20
697 881
69 562
468 469
891 892
578 580
860 907
861 904
6 7
37 38
673 795
574 752
1 2
10 11
49 50
777 812
561 562
566 567
0 1
731 732
576 582
283 368
565 566
453 455
576 756
460 461
51 53
290 294
742 768
70 71
70 568
828 848
682 805
684 780
563 564
564 565
561 563
56 57
726 727
676 789
694 757
5 6
680 681
687 688
54 55
632 640
718 745
463 464
62 65
690 691
661 662
755 867
567 568
90 91
214 238
25 27
631 632
579 783
616 617
57 58
607 609
692 865
829 832
602 714
352 453
779 835
814 815
680 774
652 653
698 910
479 480
487 489
42 43
283 366
789 827
584 741
674 865
572 809
466 468
832 834
428 429
609 864
93 96
215 216
99 100
219 220
86 87
230 231
840 864
789 828
1375 1376
699 914
792 901
275 497
13 14
612 613
788 789
852 882
80 81
236 239
587 592
766 875
11 14
721 746
317 519
747 779
81 82
235 236
757 759
664 878
206 207
427 428
675 826
754 896
657 847
207 208
770 857
7 8
45 46
9 10
4 5
85 86
230 232
56 65
604 773
1377 1404
42 63
627 648
25 28
28 30
14 16
777 778
63 64
43 60
666 708
481 482
695 902
824 825
40 44
592 756
619 637
895 898
613 614
355 458
645 841
826 865
760 762
854 875
719 748
467 470
806 817
21 23
1315 1383
1382 1405
843 891
744 747
800 843
470 497
586 878
725 912
722 852
599 665
715 716
332 517
573 757
71 73
646 647
648 649
722 728
818 819
20 21
84 85
232 233
702 903
867 868
589 601
697 722
788 892
89 90
237 238
269 270
99 101
219 221
786 827
207 230
91 92
213 214
725 835
1384 1408
512 513
611 775
684 685
682 790
33 34
902 914
683 900
375 379
1314 1315
1379 1382
676 873
101 102
221 222
313 511
800 845
778 779
577 661
87 88
229 231
15 19
480 483
485 487
834 889
752 858
791 792
270 271
123 124
126 127
830 832
721 903
59 60
657 897
1377 1378
723 763
0 9
725 764
1383 1407
1405 1406
739 799
614 831
3 4
97 98
217 218
311 312
676 891
605 680
599 830
349 354
712 846
30 31
8 17
499 500
375 377
690 693
2 3
762 858
463 465
31 33
92 93
213 215
29 32
130 132
654 877
848 849
613 666
341 343
462 466
1300 1375
687 691
210 230
705 710
473 474
550 551
351 459
785 838
129 130
716 717
868 894
672 797
330 332
681 682
575 576
699 700
712 811
96 97
216 217
104 105
224 225
670 909
204 205
83 84
233 234
730 732
570 770
656 771
465 466
577 737
667 897
19 22
862 863
323 325
329 330
160 161
657 713
617 879
125 128
760 811
72 74
604 731
572 574
277 278
832 833
422 424
687 694
495 496
556 557
665 821
667 713
860 879
208 210
583 862
61 66
620 830
660 878
429 431
130 256
592 783
80 89
237 239
279 281
255 256
512 514
724 855
763 875
157 159
886 887
767 844
916 917
727 855
324 325
559 560
170 186
166 190
786 901
316 320
429 430
632 633
742 743
82 83
234 235
496 535
555 556
677 678
1400 1402
1428 1429
477 478
545 546
344 345
273 295
103 104
223 224
88 94
228 229
671 865
723 724
194 195
133 135
776 880
37 39
527 528
541 542
534 535
554 555
622 635
619 893
630 633
314 491
702 703
796 798
723 874
321 482
125 127
195 196
196 197
432 433
350 351
399 400
729 882
157 158
706 829
64 78
530 531
544 545
175 176
202 203
316 318
708 853
17 18
576 736
128 129
356 357
34 36
308 345
315 499
200 201
73 75
855 874
597 911
159 160
686 896
302 429
296 430
329 331
502 503
376 379
299 433
752 808
140 165
733 735
328 517
792 825
628 841
158 178
715 717
834 853
170 171
580 913
473 475
549 550
431 432
161 162
599 706
172 173
1402 1410
1427 1428
633 644
645 893
760 796
687 689
728 729
377 378
201 202
805 817
102 103
222 223
533 534
553 554
615 879
312 510
337 371
412 415
308 312
211 212
808 859
739 740
274 276
818 863
971 1158
143 146
474 498
551 552
707 832
825 877
756 894
657 751
340 423
166 167
630 631
312 313
289 430
380 483
485 486
1042 1316
578 593
180 181
869 870
252 253
322 516
131 133
163 164
174 175
1412 1413
1425 1426
164 165
339 358
105 106
225 227
792 877
772 774
177 178
302 427
183 184
494 495
536 557
712 887
136 138
783 784
806 807
203 205
144 145
608 666
831 832
122 123
277 500
1410 1411
1426 1427
313 559
432 437
150 152
191 192
703 854
809 858
583 821
897 899
609 732
805 815
747 866
318 319
153 155
706 862
181 182
733 767
795 797
858 859
184 185
898 899
190 191
146 148
738 828
665 706
743 844
148 150
671 717
423 425
835 837
761 858
740 804
429 437
732 840
675 827
152 153
171 172
730 839
851 882
75 76
292 444
705 709
279 280
253 254
515 516
819 823
869 871
108 110
867 869
154 156
149 151
688 694
325 327
521 559
716 909
686 895
292 294
917 1317
922 1320
145 147
818 823
710 853
111 113
705 706
820 894
192 193
610 911
116 118
251 252
322 324
254 255
514 515
604 607
94 95
226 228
580 782
284 285
35 37
173 174
579 587
744 866
297 504
670 672
351 444
413 416
713 846
768 845
855 912
418 420
109 156
141 144
608 814
526 527
540 541
142 143
836 837
151 154
921 982
674 675
598 860
110 155
139 142
179 180
751 846
738 740
793 849
634 635
636 637
599 600
107 109
415 419
18 36
809 888
309 310
258 259
518 524
434 435
114 116
475 476
548 549
803 804
140 141
870 872
816 818
113 115
107 112
1406 1411
1407 1412
182 183
1207 1293
185 186
405 407
108 111
120 121
138 139
432 435
121 122
736 844
204 206
119 120
176 177
719 746
303 425
696 852
498 533
552 553
628 648
647 884
600 820
662 758
1219 1225
1208 1292
117 119
622 631
262 263
522 523
771 888
1220 1242
342 417
272 274
267 268
456 558
361 408
833 834
681 791
734 768
1187 1292
115 117
707 829
459 505
1166 1205
413 417
688 757
915 916
605 772
749 866
340 342
846 886
574 808
749 751
598 867
629 841
1182 1289
1186 1291
112 114
738 790
720 903
794 795
812 813
710 834
304 425
263 264
286 523
338 357
340 347
830 860
592 755
688 689
606 814
1222 1224
1229 1248
240 241
452 454
583 820
249 250
511 560
799 802
657 750
415 421
1141 1143
1142 1417
349 352
23 24
26 27
677 691
1144 1145
799 906
309 414
134 136
607 731
1241 1272
743 767
265 266
287 457
416 423
266 267
456 457
336 337
334 409
379 380
486 503
665 822
1146 1147
791 849
582 894
739 843
401 402
1225 1274
722 724
264 265
286 287
1240 1242
779 866
242 243
450 451
966 1207
241 268
454 558
1156 1157
95 106
226 227
617 830
1076 1077
363 400
421 428
1151 1152
1075 1078
726 779
412 413
1202 1205
756 870
667 668
341 344
1050 1396
1243 1273
1245 1269
1165 1206
1171 1204
744 749
661 883
735 737
879 905
699 910
260 261
369 370
871 872
741 801
493 494
536 537
243 244
307 450
1403 1410
682 803
604 605
406 409
1209 1291
1287 1289
376 381
671 715
1079 1081
742 845
1224 1277
1227 1229
847 898
261 262
369 522
387 435
1218 1220
350 353
880 911
624 625
626 634
276 315
1125 1307
1309 1310
259 260
370 524
598 907
1386 1409
1423 1424
244 245
305 307
692 908
1181 1290
1164 1166
917 919
920 922
653 794
698 813
1385 1386
1422 1423
1397 1398
1431 1432
247 248
508 509
1147 1149
747 748
826 890
271 295
359 400
426 428
775 911
1322 1385
1421 1422
240 242
451 452
132 134
820 821
404 405
616 641
624 650
619 641
1152 1153
327 372
414 521
947 1241
655 858
363 401
1230 1247
658 749
1244 1246
346 347
408 410
965 969
703 720
406 407
1201 1206
1203 1204
799 800
1409 1413
1424 1425
245 246
305 306
1399 1400
1429 1430
1103 1105
1107 1263
1219 1221
1217 1272
403 404
1313 1314
1379 1380
1082 1257
682 804
397 398
667 899
1226 1228
248 249
509 511
288 290
331 364
734 759
1307 1308
1309 1311
444 505
606 608
1145 1148
658 744
823 906
1230 1231
257 258
518 520
692 890
678 734
735 758
1401 1402
1216 1218
821 822
1172 1174
246 247
306 508
945 1243
951 1245
698 777
525 526
539 540
748 837
764 766
715 865
437 438
373 411
356 398
358 378
333 365
1115 1142
1321 1322
1420 1421
1162 1317
1318 1320
696 851
730 731
1163 1165
1168 1171
930 1354
1085 1258
1092 1260
958 1149
739 892
950 1244
957 1151
1302 1378
24 48
26 41
933 1353
1148 1150
77 78
338 339
209 212
793 901
827 848
1139 1142
1140 1141
351 445
1123 1306
1269 1270
1271 1273
1174 1177
1187 1188
706 863
1390 1414
1432 1433
1288 1290
1108 1262
1215 1217
198 220
199 218
655 761
671 674
753 909
1182 1183
1185 1186
1222 1223
1248 1249
1137 1140
1138 1139
420 426
705 863
927 1355
1339 1356
1089 1259
840 841
1124 1125
1127 1310
492 493
537 538
294 459
256 257
512 520
1178 1179
668 895
802 803
1221 1250
1352 1365
934 936
1085 1086
1091 1092
677 689
366 462
872 876
1305 1306
1082 1083
765 855
1118 1120
1089 1090
298 504
1093 1261
1073 1075
707 889
1120 1122
1081 1084
336 338
270 274
680 814
705 834
1389 1392
396 438
439 440
492 525
538 539
741 819
1077 1104
1078 1102
1064 1340
1101 1103
1263 1264
749 779
326 328
376 392
272 297
1072 1105
1107 1109
1173 1175
936 1247
1031 1093
1167 1172
211 226
341 347
740 802
1246 1268
751 778
1119 1121
1173 1176
395 396
1366 1367
1016 1123
935 939
787 788
1344 1345
1067 1068
1069 1070
282 367
1057 1371
871 876
1074 1076
1179 1294
1030 1262
1017 1121
658 750
344 449
360 361
741 823
1063 1343
790 849
869 876
442 445
1298 1319
742 800
582 756
357 362
293 300
1056 1372
1368 1369
820 868
927 928
1350 1356
851 852
1324 1387
1435 1436
867 907
347 442
582 820
1268 1280
1329 1330
1394 1395
666 853
1214 1271
1270 1281
918 919
484 488
983 1297
926 1374
1323 1324
1436 1437
1361 1364
697 724
488 490
638 643
736 737
1119 1304
868 869
1052 1202
943 1181
994 1249
1223 1251
288 289
931 933
1328 1360
677 873
1391 1392
1393 1396
662 737
752 859
1327 1332
795 887
812 887
1041 1150
344 346
727 912
441 442
386 387
1332 1357
1106 1108
569 900
578 581
353 448
798 887
1353 1359
510 511
1175 1295
677 687
442 444
335 336
777 886
921 922
168 188
169 187
910 914
956 957
357 359
974 1253
312 506
920 923
969 970
766 854
1071 1073
1199 1201
1200 1203
870 871
582 584
1329 1331
1335 1395
691 873
1333 1358
1334 1337
1117 1118
1209 1210
1286 1287
1362 1363
790 828
605 606
386 390
300 441
1331 1333
1334 1335
382 383
350 447
1363 1366
301 302
1330 1391
1393 1394
383 386
293 443
1124 1126
1127 1128
635 650
637 641
281 390
1354 1357
346 348
403 411
412 419
166 189
577 885
1344 1346
628 839
882 884
981 1294
1325 1326
991 1258
1260 1267
1135 1137
1136 1138
501 502
617 620
919 1370
920 925
1176 1180
1115 1116
288 300
1055 1057
389 391
392 393
615 616
621 623
445 446
1062 1064
356 358
1067 1109
1069 1072
1111 1261
269 272
679 901
362 408
1059 1367
980 1288
1337 1339
1355 1358
387 388
868 872
1336 1338
793 848
972 1252
828 849
1074 1254
690 908
1259 1266
359 363
372 411
412 414
925 1372
1368 1370
1282 1283
402 403
418 419
830 879
975 1033
954 958
1116 1117
802 807
290 295
716 908
1338 1340
278 501
1036 1122
124 169
126 168
822 862
506 508
627 629
583 819
592 870
137 165
1015 1017
923 1374
831 833
506 507
765 912
1341 1343
1159 1160
803 807
832 889
1341 1342
972 996
448 449
301 303
281 386
923 924
924 1371
1065 1106
642 643
379 381
382 503
288 291
1398 1399
1430 1431
1392 1414
1396 1397
68 79
529 530
543 544
1345 1373
1053 1056
1369 1415
528 529
542 543
1161 1162
1170 1318
1265 1266
1080 1255
1373 1374
1110 1111
289 291
121 248
883 885
990 991
992 1267
985 1114
1013 1016
1160 1164
1321 1323
1420 1437
1154 1156
1161 1163
1168 1170
843 845
929 930
1153 1154
476 532
547 548
477 532
546 547
187 199
188 198
385 390
748 835
966 968
391 395
392 397
341 346
712 886
1312 1313
1380 1381
1308 1381
1311 1312
123 250
127 251
708 814
348 446
627 649
642 646
1388 1390
1433 1434
675 786
585 850
593 596
1144 1146
288 293
1169 1319
395 440
397 399
944 947
1387 1388
1434 1435
1167 1169
384 389
393 394
788 828
1301 1304
1303 1305
928 932
1299 1301
1302 1303
1239 1240
950 1233
399 402
418 440
297 298
1274 1275
928 1349
1350 1351
298 299
1231 1232
1049 1227
1276 1277
1003 1185
1183 1184
373 374
41 59
48 58
208 230
701 729
1033 1070
868 876
1100 1101
1264 1416
1020 1090
1004 1188
772 773
1022 1091
1086 1087
316 317
987 988
281 436
965 967
781 913
1155 1419
1295 1296
1053 1054
1348 1415
1113 1418
1024 1102
1296 1297
1253 1254
986 1114
1058 1349
976 980
1054 1061
1347 1348
962 1083
1025 1104
347 441
1033 1419
1146 1419
961 1084
948 1238
952 953
1232 1234
1113 1115
1021 1022
1087 1088
435 436
979 981
977 1284
1045 1049
1276 1278
381 394
382 384
432 434
931 932
929 931
932 1060
279 434
578 591
631 633
429 432
1006 1239
996 1252
1039 1041
938 994
1197 1199
1198 1200
23 98
27 100
442 443
1005 1275
928 929
997 999
291 301
993 994
995 1251
978 1285
941 943
975 1032
1096 1416
1099 1100
1131 1136
1134 1135
713 897
941 942
1065 1066
1013 1014
970 1212
944 953
1013 1126
992 1265
61 62
1115 1417
969 973
939 1265
1059 1415
615 905
621 626
1032 1253
1062 1350
977 1282
955 956
990 995
992 993
1054 1055
1126 1133
1128 1129
1037 1040
1051 1052
1033 1256
1110 1112
953 1012
1236 1238
76 77
1068 1417
1070 1143
946 952
948 949
1000 1003
1184 1196
1011 1012
1236 1237
1044 1046
967 1211
937 939
1006 1007
984 988
973 1216
1045 1047
942 1196
934 989
939 940
986 1112
1047 1048
963 964
1024 1026
1130 1134
1131 1132
977 978
945 946
949 951
932 1349
1129 1130
1132 1133
1061 1351
1347 1349
1019 1021
938 939
1019 1020
1000 1002
1195 1196
976 978
1034 1036
591 596
1143 1144
996 1251
1021 1023
1088 1098
1191 1197
1192 1198
1043 1215
1058 1348
1066 1113
1235 1236
963 1088
1037 1134
1045 1046
1278 1279
1095 1096
1097 1099
1029 1099
995 996
1210 1211
1285 1286
1028 1097
938 993
972 1250
1044 1047
1009 1279
1058 1060
1009 1010
1014 1035
1011 1279
1046 1237
1038 1039
1280 1282
1026 1029
938 992
1018 1019
964 1028
960 1027
591 594
959 960
959 963
1023 1095
1097 1098
998 1193
1010 1011
1005 1007
1068 1418
1190 1191
1192 1194
970 1043
1213 1214
1281 1283
1035 1132
1002 1190
1194 1195
1038 1130
1211 1212
1284 1285
1018 1094
1008 1010
591 595
1007 1009
1001 1189
595 596
585 594
1212 1213
1283 1284
639 643
