10197691665845094219 1037 600
-0.027989 0.078568 1.049226
0.071994 -0.032656 1.051387
-0.149650 0.040915 1.108956
-0.008350 -0.083815 1.088136
0.121266 -0.070371 1.135405
0.084110 0.076115 1.102799
0.076843 0.087788 1.105604
0.049765 0.092287 1.105676
-0.164703 0.026136 1.139670
-0.160398 0.037045 1.130998
-0.161135 0.007914 1.109001
-0.156446 0.013874 1.137881
-0.164379 0.020457 1.142398
-0.164687 0.024939 1.140262
-0.168174 0.018721 1.143211
-0.021959 -0.092880 1.125065
-0.032797 -0.098756 1.164658
0.054219 -0.091057 1.141396
0.051597 -0.092861 1.140118
-0.138239 0.046247 1.167762
-0.123013 0.031646 1.161335
-0.105104 0.042490 1.152759
0.055800 -0.088520 1.144134
0.055685 -0.083891 1.132422
0.050163 -0.086425 1.132419
0.050070 -0.090168 1.146878
0.055800 -0.088520 1.144134
0.054338 -0.085034 1.148803
0.027583 0.117951 1.147729
-0.007473 0.112330 1.137004
0.050070 -0.090168 1.146878
0.090748 0.081996 1.143996
0.104233 0.072088 1.125845
0.070193 0.085305 1.117684
-0.065876 -0.094733 1.157092
-0.035855 -0.092506 1.162638
-0.020321 -0.075909 1.156938
0.099477 -0.071673 1.142197
0.088922 -0.065542 1.160991
0.099695 -0.066038 1.147134
-0.075640 0.033425 1.159580
-0.069405 0.035991 1.142372
0.004953 0.115325 1.137414
0.015012 0.116991 1.143490
0.014830 0.117578 1.142739
0.014232 0.117470 1.143287
0.047637 -0.096724 1.164816
0.068949 -0.074239 1.142307
0.075149 -0.071691 1.159995
0.100194 0.100771 1.149021
0.021968 -0.095027 1.168170
0.050070 -0.090168 1.146878
-0.063043 0.034825 1.147997
-0.066156 0.031205 1.160701
-0.080980 -0.039443 1.167802
-0.092432 -0.036001 1.173725
-0.090417 -0.050969 1.165798
-0.124113 -0.026238 1.175300
-0.110481 -0.028350 1.185053
0.107498 0.095232 1.140876
0.119158 0.087865 1.136738
0.061545 0.112581 1.156393
0.154508 -0.047116 1.159078
0.156386 -0.041205 1.166248
0.155833 -0.040168 1.165944
0.151101 -0.033840 1.155990
0.155985 -0.039386 1.175089
0.094517 0.058096 1.160446
0.143002 0.047748 1.171538
-0.036887 -0.048112 1.186400
0.149783 0.022726 1.193820
0.077211 -0.015337 1.207598
0.017925 -0.036835 1.203811
-0.019771 -0.042547 1.194722
0.072510 0.034130 1.213162
-0.003471 -0.025385 1.212049
0.033557 -0.011905 1.233558
0.033375 -0.003801 1.230176
-0.118394 0.088301 1.131293
-0.103833 0.090456 1.122308
-0.022653 0.076661 1.137388
-0.017554 0.066311 1.157886
0.038026 0.070551 1.183444
-0.058757 0.093411 1.135541
-0.048611 0.087200 1.140231
-0.046809 0.096515 1.122199
0.106845 0.004978 1.188727
0.116796 -0.013253 1.186979
0.112619 0.040868 1.194772
0.107319 0.038401 1.183123
0.091454 0.051586 1.196489
-0.048674 -0.029727 1.191734
-0.048674 -0.029727 1.191734
0.073439 0.014382 1.226332
0.086679 0.023836 1.225304
0.114426 0.020911 1.204354
-0.091425 0.072646 1.152281
-0.049061 0.042833 1.161281
-0.045232 -0.009971 1.199501
-0.007783 -0.012750 1.215050
-0.006931 0.049237 1.190444
0.136449 -0.007348 1.167267
0.134655 0.011831 1.159272
0.146472 0.023344 1.187855
-0.007079 0.021973 1.216728
0.017101 0.023851 1.231686
-0.059910 -0.029430 1.192480
-0.120957 -0.054935 1.098505
0.005293 0.052665 1.181390
-0.003154 0.059836 1.186063
0.040993 0.004568 1.229234
0.041564 -0.013140 1.231913
0.046466 -0.019296 1.230721
-0.098696 -0.009053 1.201221
-0.073780 0.103476 1.156788
-0.127020 0.066887 1.143116
-0.108605 0.078746 1.123887
0.016813 -0.057519 1.179704
0.012393 -0.075513 1.165080
-0.142861 -0.021713 1.184297
-0.128739 -0.024348 1.165304
0.106895 -0.038989 1.185129
0.138026 -0.037052 1.158505
-0.105330 -0.055964 1.160333
-0.115146 -0.055584 1.180417
-0.125866 -0.052317 1.176595
-0.118838 -0.015068 1.199984
-0.105236 -0.014075 1.195172
-0.123163 -0.006889 1.189815
-0.141735 -0.012098 1.148363
-0.127231 0.003331 1.138247
-0.013559 0.017841 1.201144
-0.040016 0.053012 1.181950
-0.037000 0.028069 1.169051
-0.075001 -0.034534 1.175725
0.106845 0.004978 1.188727
0.119103 0.005175 1.181324
0.083501 0.009120 1.244754
0.086727 -0.005543 1.242368
0.091679 0.017446 1.237703
-0.090889 -0.005684 1.019177
-0.123566 -0.029029 1.043374
0.077272 -0.010095 1.215310
0.069193 0.000519 1.222377
0.064882 -0.018178 1.214362
-0.013619 0.093417 1.131137
0.033573 0.079873 1.165164
-0.117891 -0.049017 1.146114
-0.129309 -0.048101 1.133630
-0.119677 -0.053435 1.139822
-0.089385 -0.060850 1.073061
0.018941 -0.010474 1.234305
-0.111099 0.013933 1.175804
-0.133659 -0.012066 1.150080
-0.121982 -0.005066 1.155643
-0.120123 0.000994 1.142702
0.134125 0.046810 1.145237
0.138257 0.032091 1.139382
-0.099946 0.062159 1.056529
-0.031590 0.081752 1.166781
-0.034007 0.052628 1.151447
-0.026569 0.072374 1.163186
0.011941 -0.091537 1.115683
0.101026 0.040325 1.208359
0.093591 0.039279 1.212342
0.089355 0.041805 1.216326
-0.160923 0.032500 1.139566
0.129186 0.068266 1.128888
0.111920 0.049637 1.153530
0.130993 0.054967 1.142177
-0.119886 0.013394 1.162631
-0.116445 0.009423 1.169623
0.079006 -0.063610 1.186802
0.072729 -0.049827 1.192985
0.083122 -0.044768 1.190276
-0.151768 -0.019391 1.175115
0.128013 -0.060704 1.127484
-0.095446 -0.057074 1.145492
-0.086578 -0.070452 1.144414
-0.042299 -0.055761 1.142654
-0.078286 -0.022139 1.211673
-0.065126 -0.026429 1.211847
-0.124483 0.077969 1.128093
-0.141735 -0.012098 1.148363
-0.106085 0.069212 1.144438
-0.097743 0.078321 1.139039
-0.082761 -0.037796 1.214373
0.097612 -0.000674 1.212331
0.104527 -0.004278 1.250797
0.102822 0.004697 1.239599
0.101115 0.019924 1.221167
0.006147 0.073970 1.045061
-0.142836 0.042469 1.149303
-0.139409 0.061260 1.144638
-0.146036 0.047089 1.145858
-0.116239 0.064104 1.092430
-0.133542 0.071502 1.117095
0.010306 -0.089077 1.156150
0.019537 -0.097757 1.162758
0.039883 0.026244 1.218192
-0.019325 0.106064 1.142596
-0.060272 -0.053076 1.155330
-0.064709 -0.056364 1.141489
-0.060488 -0.046402 1.163932
-0.064078 -0.039489 1.165496
0.067728 -0.001609 1.031540
0.029996 -0.061413 1.172318
0.029762 -0.076312 1.162942
0.045071 -0.073586 1.168157
0.061650 -0.076288 1.167927
-0.146884 -0.025244 1.186903
-0.010002 0.075637 1.148064
0.059898 0.086804 1.139919
0.049120 0.086236 1.151756
0.057256 0.098428 1.142876
-0.046616 0.066444 1.137860
-0.078084 0.031400 1.137756
-0.083436 0.049785 1.135115
0.031690 0.011430 1.237677
0.038148 0.014920 1.228503
0.058855 -0.009243 1.217236
-0.113734 0.029498 1.158992
-0.111797 0.004676 1.148610
0.128275 0.020989 1.142918
0.137721 0.019069 1.149581
0.143445 0.017081 1.144178
-0.072103 -0.063310 1.143004
-0.041659 -0.081956 1.141450
-0.023668 -0.084274 1.151348
0.058000 0.016282 1.220715
0.047049 0.019006 1.230125
-0.121855 -0.023504 1.197751
-0.127268 -0.017069 1.189494
-0.132126 -0.011066 1.178482
-0.135653 -0.017142 1.169580
0.028970 0.002629 1.236288
0.018941 -0.010474 1.234305
-0.083498 0.080570 1.153841
-0.075244 0.087891 1.143382
-0.070463 0.091721 1.136060
-0.083418 0.096707 1.131945
0.124783 -0.068434 1.153902
-0.045228 -0.046690 1.181837
-0.031300 -0.031685 1.197115
-0.098125 -0.037418 1.216336
-0.107114 -0.032049 1.213539
-0.075032 -0.027409 1.210330
-0.080520 0.102251 1.142308
-0.075885 0.107649 1.123533
-0.099446 0.098320 1.126705
-0.091274 0.102326 1.118766
-0.109534 0.079556 1.082051
-0.116215 -0.077958 1.151336
-0.127227 -0.062310 1.131079
0.003623 0.039897 1.192686
0.011011 0.037330 1.185774
0.001810 0.035005 1.198774
-0.077889 0.021418 1.166934
-0.106298 0.012151 1.185212
0.134059 -0.040544 1.141524
0.126180 -0.055591 1.127276
0.134880 -0.056578 1.136592
0.132609 -0.050903 1.132720
0.066717 0.060027 1.184157
-0.017592 -0.093299 1.149672
-0.022900 -0.098935 1.164671
0.022546 0.038580 1.191065
0.033953 0.046561 1.193310
0.064541 -0.071134 1.114580
0.078675 -0.082031 1.136499
0.019285 0.098929 1.143650
0.026415 0.078002 1.154156
-0.031300 -0.031685 1.197115
-0.144044 0.026481 1.133199
-0.142836 0.042469 1.149303
0.045280 -0.049048 1.188537
0.000910 0.070071 1.165412
0.008162 0.075980 1.150483
0.089091 -0.088382 1.166763
0.064882 -0.018178 1.214362
0.053390 -0.027905 1.215294
-0.099657 -0.071950 1.154380
-0.119622 -0.061976 1.139542
0.095060 -0.060158 1.171430
0.074191 -0.060476 1.178552
0.082064 -0.068279 1.182094
-0.110641 -0.070306 1.154741
-0.056166 0.022389 1.165548
0.088648 -0.056770 1.193118
0.095646 -0.064031 1.182530
-0.149888 0.021124 1.140294
-0.144536 -0.029776 1.163412
0.047637 -0.096724 1.164816
-0.124399 0.005848 1.182665
-0.132215 -0.002940 1.193752
-0.042525 0.072825 1.146753
-0.119867 -0.006444 1.196973
0.137427 0.062160 1.153937
-0.085887 0.023915 1.157982
0.012760 0.002739 1.242539
0.027184 0.020721 1.237667
-0.017219 0.060620 1.186571
0.102244 0.013823 1.213395
0.111325 0.001042 1.205334
-0.079055 -0.051754 1.153021
0.069809 0.084851 1.144870
0.050202 -0.012823 1.239126
0.057508 -0.017844 1.219052
-0.048879 -0.065603 1.141522
-0.052948 -0.059157 1.140262
-0.071475 0.076297 1.144899
-0.065473 0.066979 1.143791
-0.098776 -0.017944 1.207040
-0.049619 0.081603 1.143402
-0.052468 0.070302 1.139183
0.012328 0.017641 1.250757
0.029742 0.016899 1.247318
0.003826 0.019612 1.233853
-0.163280 0.013388 1.156442
-0.162265 0.012447 1.145371
-0.151311 -0.035328 1.162677
0.068999 0.051828 1.196175
0.106646 -0.024575 1.187539
0.110729 -0.031032 1.177205
0.121706 -0.026330 1.178469
0.118469 -0.035681 1.169777
0.134451 -0.022521 1.150963
0.116166 -0.023296 1.165710
0.135412 -0.015989 1.162120
-0.157144 -0.009699 1.151505
0.147974 -0.040408 1.148806
0.140598 -0.041675 1.128996
0.154128 -0.012628 1.190156
0.150872 -0.036322 1.186611
-0.018417 0.056196 1.156888
0.090674 -0.008105 1.223576
0.016655 -0.082385 1.162750
0.003044 -0.086188 1.164108
-0.106570 -0.045619 1.181689
-0.125866 -0.052317 1.176595
-0.162573 0.017339 1.144786
0.044756 0.104411 1.149340
-0.006347 -0.054283 1.179663
-0.079390 0.017697 1.179269
-0.072033 0.036332 1.169360
0.020420 0.098374 1.151240
-0.021631 -0.038374 1.198964
-0.016011 -0.037308 1.202455
0.119858 -0.052412 1.137759
0.112330 -0.052379 1.156709
0.114269 -0.061529 1.168315
-0.151768 -0.019391 1.175115
-0.147662 -0.015757 1.148652
0.104449 -0.056310 1.172530
-0.009805 -0.037222 1.202321
-0.081052 -0.093744 1.125688
-0.163848 -0.025238 1.180334
-0.144926 0.043632 1.128126
-0.146136 0.051067 1.121436
-0.155726 0.046175 1.141085
-0.146036 0.047089 1.145858
-0.101422 -0.024435 1.191295
0.001477 -0.089128 1.150458
-0.009678 -0.093239 1.155259
0.053445 0.060251 1.194584
0.060823 0.069879 1.189519
-0.001024 0.056314 1.168900
0.053146 -0.024016 1.222671
-0.139150 0.075512 1.133802
0.068949 -0.074239 1.142307
0.083343 -0.074484 1.145737
0.077945 -0.084141 1.154062
0.064120 -0.082594 1.145917
-0.061180 -0.025731 1.203961
0.016697 0.023372 1.243976
-0.083077 -0.066972 1.142314
-0.067355 -0.075930 1.137479
0.002047 0.010275 1.240329
-0.026216 0.091472 1.123216
0.075003 -0.090369 1.152317
-0.130493 -0.000592 1.175447
-0.009805 -0.037222 1.202321
0.017925 -0.036835 1.203811
0.041079 -0.081104 1.156713
0.097164 -0.094832 1.171248
0.098738 -0.096065 1.182431
0.089091 -0.088382 1.166763
-0.006347 -0.054283 1.179663
0.113997 -0.083351 1.173982
-0.033334 0.059711 1.182891
-0.121637 -0.023517 1.199762
0.150754 -0.001185 1.183077
0.053509 -0.003004 1.218967
0.083956 -0.061332 1.193093
0.057818 -0.067955 1.174132
0.070172 -0.063487 1.170260
0.052371 -0.055707 1.180489
0.060618 -0.055565 1.175694
0.079963 -0.005751 1.203508
-0.118690 0.008667 1.143881
-0.053412 -0.024071 1.200465
-0.045232 -0.009971 1.199501
-0.161056 -0.022683 1.172484
-0.140505 -0.045214 1.143661
-0.144536 -0.029776 1.163412
0.136449 -0.007348 1.167267
-0.140862 0.043296 1.134352
-0.095684 -0.076982 1.099769
0.133169 0.075351 1.145936
0.010842 -0.024183 1.222719
-0.082626 -0.078388 1.098178
0.043718 -0.031857 1.207415
0.053390 -0.027905 1.215294
-0.141327 0.085091 1.164467
0.148680 0.014015 1.165906
0.075955 0.061643 1.187702
0.086997 0.050542 1.192088
-0.051462 0.020173 1.172826
-0.161056 -0.022683 1.172484
0.051472 0.099392 1.137540
0.108965 -0.059795 1.140632
0.118838 -0.055060 1.127975
-0.040192 0.108906 1.127099
0.052371 -0.055707 1.180489
-0.025408 -0.098551 1.176145
-0.025881 -0.093380 1.157859
0.077945 -0.084141 1.154062
0.142345 0.041914 1.181505
-0.144494 -0.041885 1.182838
0.033610 -0.036241 1.205471
-0.140878 -0.052725 1.189042
-0.129893 -0.054971 1.137015
0.090674 -0.008105 1.223576
-0.127234 -0.012818 1.180170
-0.115146 -0.055584 1.180417
-0.109200 -0.052988 1.171118
-0.078612 -0.096043 1.143362
-0.068044 -0.096534 1.145697
-0.109200 -0.052988 1.171118
-0.068007 0.089556 1.161296
0.003195 -0.056507 1.180572
0.003195 -0.056507 1.180572
0.077272 -0.010095 1.215310
0.143097 0.020116 1.206969
0.150255 0.009497 1.187175
0.013008 0.066316 1.163100
0.018840 0.079994 1.143887
-0.031300 -0.031685 1.197115
-0.036996 0.096577 1.119095
-0.032851 0.106971 1.134723
0.033582 0.105928 1.147170
-0.098223 0.107038 1.159518
-0.152398 0.069214 1.151279
-0.101206 -0.053019 1.172701
-0.101206 -0.053019 1.172701
-0.097086 -0.048414 1.169251
-0.017295 -0.090042 1.158043
-0.077562 0.107489 1.160614
0.116445 0.006010 1.195095
0.150754 -0.001185 1.183077
-0.068843 0.093954 1.161064
-0.049883 0.087609 1.148906
0.027737 -0.103144 1.174833
0.053721 -0.103356 1.180214
0.056414 0.088865 1.126552
0.047999 0.102608 1.133091
-0.132801 0.055862 1.143089
-0.125425 0.066719 1.124111
-0.138647 0.063084 1.131956
0.026956 -0.082437 1.167376
-0.092206 -0.086148 1.137998
-0.121140 0.084757 1.137207
-0.038301 0.106350 1.139673
-0.100908 0.111458 1.159768
0.038347 0.116099 1.151399
0.042475 0.106253 1.136214
-0.137567 -0.047495 1.188177
-0.128356 0.062838 1.159401
-0.066217 -0.031411 1.181826
0.147226 -0.034153 1.184306
0.007487 0.098082 1.145770
-0.007765 0.104457 1.155417
0.030105 -0.043135 1.197547
-0.014913 -0.044925 1.190154
0.126376 0.001550 1.180685
0.103032 -0.087035 1.178813
-0.097086 -0.048414 1.169251
-0.086974 -0.091978 1.169288
-0.145743 0.074850 1.156340
0.040900 -0.042567 1.192967
0.105175 0.056840 1.158644
0.017925 -0.036835 1.203811
-0.009805 -0.037222 1.202321
-0.003471 -0.025385 1.212049
-0.009805 -0.037222 1.202321
0.190411 0.012096 0.621868
0.176935 0.015056 0.652099
0.190693 0.005505 0.629911
0.113662 -0.042170 0.624515
0.113370 -0.063663 0.623436
0.127103 0.012735 0.619722
0.134499 0.015382 0.618209
0.127103 0.012735 0.619722
0.126259 0.006963 0.618476
0.056785 -0.030226 0.694669
0.137147 -0.093404 0.688959
0.174839 -0.030835 0.643713
0.188434 -0.034853 0.658248
0.150636 -0.074848 0.726407
0.149563 0.015759 0.620263
0.151245 0.026863 0.626003
0.133685 -0.005870 0.630677
0.127805 -0.011829 0.628683
0.060770 -0.064287 0.654476
0.188100 0.036293 0.672985
0.181439 0.035870 0.670424
0.159144 -0.010838 0.625475
0.174286 -0.005166 0.649527
0.171765 -0.091374 0.689420
0.208861 0.011215 0.709297
0.177258 0.060688 0.700143
0.171963 0.071440 0.678190
0.060775 -0.019175 0.681406
0.079145 0.037975 0.692418
0.055601 0.014611 0.684926
0.069756 0.011676 0.663787
0.082914 0.010123 0.660790
0.081895 0.023842 0.671435
0.149347 0.031462 0.640007
0.123425 0.020509 0.630406
0.122890 0.051969 0.640739
0.074753 -0.070452 0.655301
0.062597 -0.048194 0.653826
0.082243 -0.063319 0.661114
0.103347 -0.098861 0.670078
0.074812 0.049003 0.665467
0.091939 -0.057495 0.644865
0.155289 -0.042951 0.732683
0.123074 -0.048917 0.729819
0.165296 0.013713 0.731624
0.176221 -0.048871 0.660498
0.176373 -0.047596 0.643602
0.127573 -0.102117 0.654502
0.139701 -0.101832 0.669311
0.047285 -0.026724 0.675383
0.111035 -0.098254 0.655613
0.091324 -0.093250 0.658114
0.117873 -0.081161 0.649214
0.200636 0.024945 0.672440
0.202755 0.028923 0.705186
0.195032 0.039609 0.680201
0.110656 -0.069796 0.645402
0.140334 0.012964 0.614940
0.116841 0.070039 0.660338
0.093022 0.027155 0.667524
0.109843 0.047118 0.658378
0.160116 -0.066054 0.642994
0.159596 -0.076541 0.661706
0.172444 -0.073229 0.653913
0.167554 -0.071887 0.678593
0.073453 -0.023869 0.638700
0.067826 -0.033409 0.625880
0.163472 -0.085264 0.666558
0.175346 -0.080131 0.682885
0.186502 -0.066691 0.676818
0.108107 0.033835 0.659133
0.146184 0.006325 0.619787
0.146701 -0.017249 0.615152
0.139267 -0.008311 0.616766
0.191224 0.029857 0.672560
0.193265 -0.004702 0.674436
0.193689 -0.044356 0.660164
0.178793 -0.055341 0.668135
0.058860 -0.028183 0.632372
0.071525 -0.022218 0.648221
0.099254 -0.065956 0.655775
0.096057 -0.079199 0.649624
0.060760 -0.038057 0.645413
0.057840 -0.026792 0.657159
0.074933 -0.038230 0.632262
0.094963 -0.039241 0.639941
0.096645 -0.067465 0.723352
0.120143 -0.077226 0.725067
0.196880 -0.040504 0.663273
0.202474 -0.026241 0.648272
0.200491 -0.038508 0.660853
0.098401 0.002936 0.649692
0.103262 0.024200 0.650859
0.177251 -0.014850 0.660007
0.189603 -0.019305 0.682238
0.178622 0.002184 0.651708
0.201774 -0.007521 0.647088
0.108032 -0.007146 0.633290
0.144651 -0.073605 0.650230
0.116956 0.039646 0.638729
0.119137 0.018875 0.636492
0.127749 0.008567 0.641315
0.134365 0.025591 0.631071
0.105940 -0.052780 0.627753
0.151520 -0.027455 0.628790
0.169265 -0.047581 0.637593
0.156491 -0.043219 0.636402
0.165629 -0.014276 0.740123
0.119490 -0.012368 0.633865
0.057984 0.028746 0.659175
0.076231 -0.085520 0.659648
0.070384 -0.082301 0.681822
0.139668 -0.091111 0.674769
0.067335 -0.044592 0.636386
0.059891 0.016592 0.667414
0.044884 0.003166 0.659498
0.050658 -0.008317 0.664825
0.144561 0.030843 0.628575
0.094428 0.062264 0.668613
0.177991 0.025057 0.657021
0.160013 0.020370 0.638265
0.134504 -0.027712 0.626457
0.082465 -0.084243 0.647061
0.165260 -0.059259 0.640910
0.192721 0.015291 0.646726
0.167688 -0.013225 0.628980
0.133395 0.004132 0.623235
0.133050 -0.012046 0.619093
0.167117 -0.096954 0.676220
0.145132 -0.099160 0.686151
0.065476 -0.042533 0.625760
0.205054 -0.040643 0.691579
0.198568 0.033499 0.673744
0.159820 0.023244 0.631942
0.168637 0.015552 0.634223
0.138497 0.078699 0.673382
0.111899 0.075371 0.655378
0.205227 -0.006072 0.649325
0.119099 -0.070022 0.642367
0.178630 -0.064483 0.673276
0.057561 -0.011367 0.688334
0.081059 0.061015 0.663456
0.135133 -0.002446 0.604794
0.086067 -0.093326 0.674082
0.190205 -0.055708 0.679076
0.139715 0.071133 0.666479
0.113279 0.026925 0.637576
0.086909 -0.086322 0.665361
0.137633 -0.036376 0.631281
0.197950 0.024149 0.657102
0.177251 -0.014850 0.660007
0.182195 -0.003087 0.656901
0.187203 0.061598 0.666487
0.182976 -0.044561 0.654351
0.169265 -0.047581 0.637593
0.171069 -0.058614 0.638378
0.210240 -0.023004 0.699393
0.213429 -0.024956 0.691650
0.206049 0.016150 0.715854
0.112284 0.035477 0.617152
-0.143209 -0.043538 0.604220
-0.139445 -0.056442 0.611240
-0.211946 0.016072 0.592944
-0.205504 0.016068 0.609965
-0.187561 0.006562 0.620383
-0.210761 0.006907 0.600798
-0.117150 -0.044068 0.598082
-0.111978 -0.066797 0.604565
-0.149520 0.007904 0.569225
-0.139619 0.005263 0.575141
-0.139619 0.005263 0.575141
-0.138297 -0.000244 0.573922
-0.122811 -0.101616 0.676856
-0.129649 -0.093949 0.701417
-0.199011 -0.034954 0.637735
-0.188641 -0.037147 0.616338
-0.136323 -0.009973 0.740007
-0.116078 -0.016790 0.751572
-0.165703 0.008790 0.571588
-0.171385 0.009255 0.587639
-0.143154 -0.012580 0.598560
-0.145901 -0.019753 0.571691
-0.056425 -0.045472 0.667842
-0.055732 -0.039277 0.640233
-0.190435 0.034531 0.648788
-0.182738 0.030474 0.644816
-0.173504 -0.017573 0.584896
-0.174723 -0.009145 0.569278
-0.168181 -0.090791 0.698933
-0.181031 0.033007 0.737564
-0.165958 0.069058 0.662966
-0.055880 -0.015516 0.654842
-0.052547 0.011457 0.659444
-0.085751 0.048943 0.692270
-0.073933 0.020420 0.649691
-0.071899 0.038175 0.649419
-0.086599 0.030813 0.660958
-0.140093 0.028785 0.607866
-0.156502 0.020882 0.610364
-0.126891 0.043514 0.614462
-0.132439 0.012086 0.598209
-0.072414 -0.064295 0.652066
-0.081035 -0.056152 0.658521
-0.062553 -0.040891 0.643857
-0.068129 0.049397 0.661370
-0.081153 0.055140 0.653621
-0.076746 -0.031582 0.638215
-0.126672 -0.018059 0.593769
-0.078805 -0.062510 0.725211
-0.066636 -0.066455 0.712900
-0.107819 0.075080 0.685256
-0.183738 -0.049342 0.649089
-0.189487 -0.052857 0.622572
-0.120659 -0.102994 0.654021
-0.132333 -0.103419 0.673851
-0.046634 -0.017952 0.670962
-0.104532 -0.088505 0.665595
-0.112997 -0.078414 0.643786
-0.127942 -0.087321 0.642277
-0.209278 0.029958 0.650518
-0.195010 0.042701 0.659841
-0.108108 -0.065580 0.637061
-0.152644 -0.000040 0.550893
-0.156687 0.005958 0.562791
-0.134723 0.050755 0.625048
-0.119665 0.067670 0.644371
-0.097929 0.031153 0.654866
-0.114849 0.042622 0.639727
-0.154531 -0.053873 0.617251
-0.164945 -0.071060 0.628895
-0.165683 -0.071023 0.683062
-0.163201 0.060710 0.716455
-0.075786 -0.018726 0.616498
-0.067399 -0.026841 0.605160
-0.160145 -0.085985 0.666427
-0.173754 -0.079267 0.689530
-0.113591 0.032096 0.642682
-0.154526 -0.015567 0.566321
-0.187117 -0.009257 0.767330
-0.199635 0.011822 0.640157
-0.208098 -0.001626 0.655227
-0.184292 -0.054161 0.662518
-0.204093 -0.042566 0.643736
-0.058362 -0.021401 0.612246
-0.075225 -0.016001 0.628646
-0.064708 -0.010083 0.633197
-0.114177 -0.049987 0.625006
-0.182242 -0.006581 0.606317
-0.054471 -0.036041 0.615452
-0.058825 -0.018841 0.643610
-0.083730 -0.031404 0.630753
-0.094770 -0.034529 0.622560
-0.199011 -0.034954 0.637735
-0.207647 -0.037552 0.646738
-0.218434 -0.020403 0.628137
-0.212273 -0.034223 0.644436
-0.103429 0.007093 0.632086
-0.108686 0.023718 0.630418
-0.190799 -0.017519 0.634686
-0.201375 -0.013967 0.670508
-0.193387 -0.004284 0.621433
-0.218697 -0.000673 0.624025
-0.113234 -0.007167 0.607267
-0.122023 0.031731 0.612727
-0.126048 0.012385 0.610165
-0.135040 0.004043 0.618498
-0.160210 0.017420 0.599272
-0.144666 0.016238 0.595469
-0.102201 -0.033084 0.605451
-0.182576 -0.055178 0.614015
-0.155689 -0.088635 0.646781
-0.172347 -0.021412 0.769217
-0.127536 -0.015973 0.607170
-0.051960 0.016087 0.673877
-0.169642 0.055743 0.652190
-0.150076 0.076620 0.675797
-0.072736 -0.080884 0.661311
-0.055807 0.024092 0.661907
-0.063081 0.029821 0.678588
-0.062966 0.026659 0.655302
-0.047110 0.013698 0.645175
-0.053417 0.001096 0.651525
-0.152999 0.017292 0.570414
-0.113654 0.039272 0.626534
-0.069029 0.001358 0.641488
-0.094095 0.072794 0.668957
-0.184673 0.016427 0.626158
-0.195900 0.023120 0.614070
-0.143292 -0.034842 0.592663
-0.185893 -0.068259 0.638623
-0.174601 -0.065148 0.624438
-0.199560 0.029424 0.631614
-0.207518 0.015403 0.618183
-0.182976 -0.020446 0.592791
-0.056936 0.038391 0.665924
-0.180295 -0.086162 0.657687
-0.163048 -0.097446 0.681214
-0.155032 -0.101322 0.666365
-0.138770 -0.099844 0.696848
-0.108361 -0.038045 0.623716
-0.110832 -0.043495 0.606827
-0.063775 -0.036111 0.607458
-0.140204 -0.096796 0.684444
-0.169548 -0.085905 0.674339
-0.191532 0.052758 0.645123
-0.203833 0.037640 0.651673
-0.182260 0.006814 0.600061
-0.138503 0.077361 0.665533
-0.115298 0.076116 0.641138
-0.131235 0.080282 0.664629
-0.198978 -0.028128 0.619811
-0.221320 0.001432 0.626562
-0.116876 -0.068111 0.631721
-0.182289 -0.062788 0.673299
-0.063990 -0.043935 0.689392
-0.059169 -0.000014 0.686469
-0.087597 0.066014 0.652014
-0.174256 0.001568 0.574166
-0.150803 -0.009433 0.548730
-0.081728 -0.088850 0.682959
-0.195395 -0.050744 0.679249
-0.201954 -0.052521 0.663725
-0.118757 0.020840 0.611522
-0.083032 -0.081486 0.670376
-0.143209 -0.043538 0.604220
-0.207965 0.030616 0.632167
-0.190799 -0.017519 0.634686
-0.197398 -0.007141 0.628053
-0.183448 0.061364 0.644364
-0.188191 -0.045211 0.608675
-0.117118 0.032887 0.590870
-0.204708 0.001075 0.733298
-0.205227 -0.022706 0.734286
-0.173749 0.062932 0.722951
-0.138422 0.080811 0.714298
-0.077595 0.057072 0.701766
-0.054107 0.031502 0.697796
-0.033100 -0.034129 0.737029
-0.051411 -0.053088 0.701322
-0.044599 -0.030059 0.699414
-0.082812 -0.088385 0.711959
-0.111462 -0.093532 0.718524
-0.142942 -0.089112 0.725045
-0.174840 -0.076057 0.730860
-0.164086 -0.081524 0.813672
-0.173592 0.018835 1.035822
-0.182946 -0.057566 1.007912
-0.112987 -0.083684 1.094437
-0.013434 -0.103407 1.097911
-0.048788 -0.102578 1.097773
-0.029787 -0.103506 1.097867
-0.040085 0.106798 0.885560
-0.018830 0.106009 0.866161
-0.026831 -0.035665 0.752109
-0.029666 -0.071240 0.794794
-0.013033 -0.037276 0.779222
-0.123291 -0.107312 0.826209
-0.158391 0.036432 1.091425
-0.165551 0.016773 1.092053
-0.114812 0.084489 1.086002
-0.092131 -0.095495 1.096070
-0.144272 -0.058843 1.093376
-0.158606 -0.027980 1.093032
-0.044044 0.116197 1.082331
-0.028237 0.120573 1.081561
-0.030900 0.121201 1.084594
-0.066872 -0.099788 1.097593
-0.156841 -0.004478 1.130967
-0.165895 0.009129 1.092489
-0.157813 0.011255 1.130095
-0.152061 0.036488 1.128172
-0.145749 0.052578 1.127238
-0.083135 0.104338 1.123544
-0.086803 0.102863 1.087417
-0.083780 0.101226 1.123745
-0.085133 0.105845 1.087113
-0.083810 -0.092423 1.136242
-0.090877 -0.090476 1.136126
-0.124798 -0.068455 1.134871
-0.029611 -0.098442 1.136453
-0.048402 -0.097489 1.136318
-0.040546 0.119570 1.122597
-0.029353 0.120916 1.122968
-0.147638 0.033908 1.128944
-0.152514 0.014721 1.131037
-0.107868 0.085806 1.125778
-0.108335 -0.080188 1.135380
-0.106446 -0.077532 1.135403
-0.122667 -0.066293 1.134868
-0.043261 0.111686 1.124769
-0.030900 0.121201 1.084594
-0.028293 0.123001 1.081665
-0.036434 0.119518 1.091741
-0.036523 0.120143 1.115773
-0.029353 0.120916 1.122968
-0.026998 0.121444 1.125195
-0.113447 -0.085049 1.096492
-0.178994 -0.012223 1.034723
0.000166 0.124449 1.081711
-0.000038 0.122173 1.122088
-0.029353 0.120916 1.122968
-0.172381 0.047523 1.032637
-0.161422 -0.094555 1.006337
-0.160418 -0.007379 1.092298
-0.166563 0.043846 1.053391
-0.018506 -0.036484 0.768740
-0.146577 -0.003608 1.112274
-0.142550 0.031808 1.109507
-0.132899 0.064999 1.127233
-0.141462 0.050776 1.128362
-0.105191 0.081189 1.104335
-0.057885 0.101337 1.102262
-0.134955 -0.052491 1.134439
-0.043261 0.111686 1.124769
-0.000201 -0.092700 1.116785
-0.016281 0.115019 1.123511
-0.029034 0.113720 1.124145
0.000897 0.055597 0.820467
-0.000705 -0.035746 0.815584
-0.010126 -0.065778 0.823701
-0.004068 -0.034325 0.809107
-0.007741 -0.035494 0.794355
-0.024432 -0.091715 0.828448
-0.026831 -0.035665 0.752109
-0.059553 0.110650 1.083272
-0.017377 0.121638 1.081295
-0.085769 0.101130 1.084703
-0.096067 0.092095 1.125233
-0.143525 -0.037591 1.133953
-0.059940 0.106529 1.123742
0.000674 0.015535 0.810642
0.000131 0.122876 1.081277
0.207733 0.004539 0.736133
0.195143 0.038708 0.731696
0.165596 0.076111 0.760542
0.167990 0.069628 0.723515
0.081092 0.060041 0.702737
0.057268 0.035287 0.698312
0.045867 -0.045049 0.700397
0.035803 -0.045885 0.738170
0.061947 -0.070379 0.705587
0.085375 -0.091256 0.712444
0.107367 -0.094008 0.759497
0.143062 -0.087765 0.765182
0.172574 0.082559 0.871970
0.000674 0.015535 0.810642
0.172381 0.084328 0.921954
0.174297 0.085042 0.895947
0.190993 0.051211 1.006236
0.153835 0.084957 1.028984
0.159871 -0.079502 1.034992
0.035301 0.101079 0.840730
0.055215 0.106144 0.834368
0.015317 0.118968 0.936881
0.160896 0.042232 1.053061
0.013396 -0.114804 0.844116
0.060326 -0.126942 0.819006
0.029938 -0.102196 1.097596
0.048229 -0.100599 1.097848
0.022257 -0.024781 0.744344
0.022695 -0.073699 0.789001
0.018405 -0.045850 0.765041
0.049446 -0.095037 0.798259
0.098949 -0.102099 0.794686
0.160670 0.014395 1.089256
0.154381 0.034832 1.089624
0.156575 0.034880 1.091560
0.149352 0.050530 1.091221
0.113644 0.085533 1.086314
0.145217 -0.059292 1.092716
0.161173 -0.023305 1.091541
0.162960 -0.024132 1.093453
0.048277 0.118358 1.084336
0.028167 0.120573 1.081561
0.157137 -0.002225 1.129763
0.163835 -0.003249 1.092567
0.157118 0.013532 1.128957
0.150400 0.035530 1.127259
0.143495 0.050892 1.126340
0.083660 0.101300 1.123089
0.068404 0.107163 1.122739
0.090637 -0.087221 1.136169
0.067181 0.110668 1.122061
0.048209 0.118353 1.123469
0.041035 0.120055 1.084321
0.036447 0.120143 1.115773
0.029275 0.120916 1.122968
0.040468 0.119592 1.122934
0.151023 0.016238 1.130547
0.107726 0.083364 1.124117
0.118915 0.074118 1.125038
0.084674 -0.083035 1.136898
0.049171 0.109871 1.124571
0.030829 0.121201 1.084594
0.028223 0.123001 1.081665
0.036065 0.121784 1.091637
0.036312 0.122343 1.115540
0.029275 0.120916 1.122968
0.026921 0.121444 1.125195
0.108549 -0.077613 1.135168
0.017889 0.115048 1.123566
0.034755 0.112958 1.124450
0.015257 0.118763 1.022197
0.165512 -0.038467 1.055820
0.014805 0.120781 1.048537
0.150649 0.077868 1.052535
0.153462 -0.003036 1.130769
0.151147 -0.021077 1.131418
0.145578 0.034591 1.128337
0.151023 0.016238 1.130547
0.126722 0.060163 1.106317
0.104250 0.080515 1.103973
0.082473 0.098023 1.123543
0.117998 -0.064230 1.111866
0.045208 -0.091499 1.115569
0.083720 -0.081798 1.113152
0.106487 -0.074977 1.135774
0.000897 0.055597 0.820467
0.010376 -0.066901 0.821487
0.024432 -0.092156 0.828448
0.040077 -0.091238 0.812707
0.052591 -0.126168 0.853716
0.032319 -0.127033 0.857879
0.023887 -0.120139 0.837699
0.024278 -0.048662 0.747806
0.016083 0.121608 1.080827
0.015565 0.122516 1.068820
0.016083 0.121608 1.080827
0.014805 0.120781 1.048537
0.084726 0.100949 1.084722
0.106487 -0.074977 1.135774
0.122462 -0.064769 1.135239
0.145578 0.034591 1.128337
0.015565 0.122516 1.068820
0.028167 0.120573 1.081561
0.013272 -0.095497 1.137137
0.095001 0.091698 1.123776
0.013606 0.120113 0.906871
-0.013033 -0.037276 0.779222
-0.007741 -0.035494 0.794355
-0.029034 0.113720 1.124145
-0.000229 -0.095051 1.136960
943 944
905 906
957 958
839 851
140 141
945 998
909 1009
195 358
196 251
841 897
188 302
951 1015
912 925
940 1012
520 549
107 150
98 99
828 829
15 265
842 856
1009 1010
849 917
964 965
187 188
684 726
933 934
1008 1010
929 930
753 754
1 205
28 29
949 1000
955 956
574 586
505 542
927 928
937 938
10 14
694 695
901 902
3 162
837 838
830 831
0 191
569 570
931 932
523 524
249 451
413 471
854 921
591 644
495 496
537 538
963 1024
662 716
688 773
806 820
913 914
348 350
158 251
470 487
935 936
632 644
20 222
840 892
33 214
790 792
217 310
508 582
1005 1006
948 1032
835 836
719 720
1013 1014
774 779
894 981
539 602
846 847
604 610
803 804
886 893
61 475
268 269
258 343
697 698
893 989
666 675
675 676
252 253
547 593
736 784
381 382
491 492
6 7
167 297
84 238
710 810
655 661
609 611
696 698
667 668
720 804
997 1023
941 942
562 607
532 533
588 589
581 582
711 712
89 416
165 190
341 345
114 451
2 9
145 211
771 814
31 32
185 240
671 672
954 1019
661 662
332 333
939 942
833 834
320 403
817 825
990 991
338 361
826 827
88 90
855 891
457 473
79 471
326 327
129 130
680 781
460 461
986 1025
605 606
466 467
725 729
414 459
677 809
354 447
57 231
544 635
707 784
737 816
5 33
749 750
641 654
154 380
734 735
896 899
586 587
116 249
504 544
245 390
768 810
82 364
521 647
424 456
498 499
946 947
146 213
579 580
287 344
583 584
705 780
959 960
115 184
19 477
786 787
678 744
852 853
966 970
60 408
708 713
52 97
86 87
1016 1017
601 643
857 898
227 228
496 517
97 160
450 465
999 1028
1021 1023
976 994
729 765
81 276
94 165
153 234
873 881
291 402
404 418
80 145
385 386
878 879
271 445
345 446
882 883
103 443
567 616
683 791
741 795
497 619
121 325
237 439
138 189
983 1027
1003 1004
25 46
11 166
733 766
448 449
669 805
480 481
557 593
732 813
101 484
1011 1026
214 464
4 241
47 48
511 596
874 875
177 304
74 165
584 591
808 815
375 376
506 600
100 256
900 918
534 638
714 820
170 222
692 693
952 953
202 308
211 277
844 861
91 243
92 272
1001 1002
83 85
349 353
674 761
355 436
556 558
543 624
75 409
689 690
292 463
758 778
781 782
122 259
626 652
50 197
703 704
95 458
206 207
515 614
38 39
920 926
685 769
118 207
751 752
908 924
278 371
104 131
616 622
622 637
865 866
78 79
961 962
907 923
599 616
125 476
686 776
730 798
357 359
542 545
995 996
248 250
570 589
540 541
133 417
160 334
264 265
972 973
208 209
226 304
21 221
757 767
546 617
37 370
151 299
903 904
235 236
127 296
522 544
493 494
577 578
858 919
566 568
656 723
832 848
843 845
974 975
699 789
712 807
400 401
850 916
1033 1034
51 383
761 762
926 1022
142 335
432 442
239 247
572 639
862 864
72 429
969 971
96 185
171 293
199 230
200 449
731 752
634 639
536 575
548 644
198 462
186 244
528 615
770 802
687 775
157 223
513 531
915 916
279 280
518 623
93 143
772 789
394 396
759 760
742 801
740 779
709 797
987 996
263 321
576 617
321 415
284 397
229 230
814 818
984 985
679 715
108 366
783 819
351 356
884 1035
613 636
135 136
110 218
706 736
285 289
324 327
259 331
105 317
266 267
109 301
746 794
48 395
1007 1031
821 822
717 718
62 330
499 598
180 181
530 594
262 348
126 128
500 529
535 636
117 440
722 778
16 424
137 139
763 795
702 767
525 526
174 288
1030 1036
555 565
950 1018
880 922
54 55
594 641
294 296
407 410
277 446
360 406
364 365
645 646
411 412
715 800
428 430
66 333
422 472
39 420
673 718
691 721
398 442
322 323
193 468
910 911
362 363
295 314
747 748
700 811
728 738
681 788
275 423
764 824
378 448
592 603
658 782
22 23
368 468
388 485
303 458
102 224
727 739
313 314
501 621
318 340
743 796
49 59
257 298
527 554
561 573
724 785
968 1020
176 261
559 563
657 660
106 373
270 480
182 467
628 629
173 174
42 43
339 434
123 438
799 823
663 664
507 648
659 781
682 812
668 793
283 289
482 489
34 437
597 612
58 361
329 352
68 427
28 474
317 377
391 444
179 309
253 282
384 385
124 438
336 469
876 877
212 305
112 306
159 161
638 642
197 337
134 478
310 311
670 824
168 490
281 286
35 425
509 552
608 625
201 203
67 490
120 234
41 216
71 398
300 316
273 290
113 312
36 228
514 550
254 255
630 640
369 372
232 433
65 330
701 745
175 402
980 981
888 889
18 24
328 405
552 566
452 488
663 777
181 246
172 284
595 641
219 230
315 374
560 574
342 441
387 440
512 603
40 53
69 242
550 627
516 620
132 389
152 171
541 649
222 399
156 169
885 887
64 66
571 585
551 633
564 634
14 319
517 590
553 631
76 77
144 307
130 155
519 653
651 652
163 164
220 392
307 367
755 822
590 646
510 612
435 454
438 453
224 225
111 112
203 204
56 486
147 149
802 804
978 982
148 431
853 863
967 979
260 421
871 872
215 314
379 426
73 483
454 455
183 352
27 30
70 103
346 347
192 194
274 360
288 393
419 465
618 650
502 503
119 210
665 666
233 433
178 375
333 479
12 14
756 806
859 860
988 1029
17 26
975 977
868 870
890 895
992 993
867 869
8 13
63 64
44 45
