7567940754848684247 156 156
0.076508 0.016262 -0.493844
0.071455 0.031814 -0.493844
0.151132 0.032124 -0.475528
0.063279 0.045975 -0.493844
0.052338 0.058127 -0.493844
0.039109 0.067738 -0.493844
0.024170 0.074389 -0.493844
0.008176 0.077789 -0.493844
-0.008176 0.077789 -0.493844
-0.024170 0.074389 -0.493844
-0.039109 0.067738 -0.493844
-0.052338 0.058127 -0.493844
-0.063279 0.045975 -0.493844
-0.071455 0.031814 -0.493844
-0.076508 0.016262 -0.493844
-0.078217 0.000000 -0.493844
-0.076508 -0.016262 -0.493844
-0.071455 -0.031814 -0.493844
-0.063279 -0.045975 -0.493844
-0.052338 -0.058127 -0.493844
-0.039109 -0.067738 -0.493844
-0.024170 -0.074389 -0.493844
-0.008176 -0.077789 -0.493844
0.008176 -0.077789 -0.493844
0.024170 -0.074389 -0.493844
0.039109 -0.067738 -0.493844
0.052338 -0.058127 -0.493844
0.063279 -0.045975 -0.493844
0.071455 -0.031814 -0.493844
0.076508 -0.016262 -0.493844
0.078217 -0.000000 -0.493844
0.076508 0.016262 -0.493844
0.151132 0.032124 -0.475528
0.222035 0.047195 -0.445503
0.222035 0.047195 -0.445503
0.287471 0.061104 -0.404509
0.287471 0.061104 -0.404509
0.345828 0.073508 -0.353553
0.345828 0.073508 -0.353553
0.395669 0.084102 -0.293893
0.395669 0.084102 -0.293893
0.435768 0.092625 -0.226995
0.435768 0.092625 -0.226995
0.465137 0.098868 -0.154508
0.465137 0.098868 -0.154508
0.483053 0.102676 -0.078217
0.483053 0.102676 -0.078217
0.489074 0.103956 -0.000000
0.489074 0.103956 -0.000000
0.483053 0.102676 0.078217
0.483053 0.102676 0.078217
0.465137 0.098868 0.154508
0.465137 0.098868 0.154508
0.435768 0.092625 0.226995
0.435768 0.092625 0.226995
0.395669 0.084102 0.293893
0.395669 0.084102 0.293893
0.345828 0.073508 0.353553
0.345828 0.073508 0.353553
0.287471 0.061104 0.404509
0.287471 0.061104 0.404509
0.222035 0.047195 0.445503
0.222035 0.047195 0.445503
0.151132 0.032124 0.475528
0.151132 0.032124 0.475528
0.076508 0.016262 0.493844
0.071455 0.031814 0.493844
0.063279 0.045975 0.493844
0.052338 0.058127 0.493844
0.039109 0.067738 0.493844
0.024170 0.074389 0.493844
0.008176 0.077789 0.493844
-0.008176 0.077789 0.493844
-0.024170 0.074389 0.493844
-0.039109 0.067738 0.493844
-0.052338 0.058127 0.493844
-0.063279 0.045975 0.493844
-0.071455 0.031814 0.493844
-0.076508 0.016262 0.493844
-0.078217 0.000000 0.493844
-0.076508 -0.016262 0.493844
-0.071455 -0.031814 0.493844
-0.063279 -0.045975 0.493844
-0.052338 -0.058127 0.493844
-0.039109 -0.067738 0.493844
-0.024170 -0.074389 0.493844
-0.008176 -0.077789 0.493844
0.008176 -0.077789 0.493844
0.024170 -0.074389 0.493844
0.039109 -0.067738 0.493844
0.052338 -0.058127 0.493844
0.063279 -0.045975 0.493844
0.071455 -0.031814 0.493844
0.076508 -0.016262 0.493844
0.078217 0.000000 0.493844
0.076508 0.016262 0.493844
0.000000 -0.000000 -0.500000
0.000000 -0.000000 -0.500000
0.000000 -0.000000 -0.500000
0.000000 -0.000000 -0.500000
0.000000 -0.000000 -0.500000
0.000000 -0.000000 -0.500000
0.000000 -0.000000 -0.500000
0.000000 -0.000000 -0.500000
0.000000 -0.000000 -0.500000
0.000000 -0.000000 -0.500000
0.000000 -0.000000 -0.500000
0.000000 -0.000000 -0.500000
0.000000 -0.000000 -0.500000
0.000000 -0.000000 -0.500000
0.000000 -0.000000 -0.500000
0.000000 -0.000000 -0.500000
0.000000 -0.000000 -0.500000
0.000000 -0.000000 -0.500000
0.000000 -0.000000 -0.500000
0.000000 -0.000000 -0.500000
0.000000 -0.000000 -0.500000
0.000000 -0.000000 -0.500000
0.000000 -0.000000 -0.500000
0.000000 -0.000000 -0.500000
0.000000 -0.000000 -0.500000
0.000000 -0.000000 -0.500000
0.000000 -0.000000 -0.500000
0.000000 -0.000000 -0.500000
0.000000 -0.000000 -0.500000
0.000000 -0.000000 -0.500000
0.000000 0.000000 0.500000
0.000000 0.000000 0.500000
0.000000 0.000000 0.500000
0.000000 0.000000 0.500000
0.000000 0.000000 0.500000
0.000000 0.000000 0.500000
0.000000 0.000000 0.500000
0.000000 0.000000 0.500000
0.000000 0.000000 0.500000
0.000000 0.000000 0.500000
0.000000 0.000000 0.500000
0.000000 0.000000 0.500000
0.000000 0.000000 0.500000
0.000000 0.000000 0.500000
0.000000 0.000000 0.500000
0.000000 0.000000 0.500000
0.000000 0.000000 0.500000
0.000000 0.000000 0.500000
0.000000 0.000000 0.500000
0.000000 0.000000 0.500000
0.000000 0.000000 0.500000
0.000000 0.000000 0.500000
0.000000 0.000000 0.500000
0.000000 0.000000 0.500000
0.000000 0.000000 0.500000
0.000000 0.000000 0.500000
0.000000 0.000000 0.500000
0.000000 0.000000 0.500000
0.000000 0.000000 0.500000
0.000000 0.000000 0.500000
39 41
40 42
53 55
54 56
35 37
36 38
57 59
58 60
41 43
42 44
51 53
52 54
2 33
32 34
61 63
62 64
5 99
5 100
69 129
69 130
0 96
31 125
65 126
95 155
6 100
6 101
9 103
9 104
70 130
70 131
73 133
73 134
4 98
4 99
11 105
11 106
83 143
83 144
19 113
19 114
68 128
68 129
75 135
75 136
1 96
1 97
66 126
66 127
10 104
10 105
74 134
74 135
15 109
15 110
79 139
79 140
3 97
3 98
12 106
12 107
82 142
82 143
18 112
18 113
67 127
67 128
76 136
76 137
7 101
7 102
71 131
71 132
86 146
86 147
22 116
22 117
8 102
8 103
87 147
87 148
23 117
23 118
72 132
72 133
90 150
90 151
26 120
26 121
85 145
85 146
88 148
88 149
21 115
21 116
24 118
24 119
14 108
14 109
80 140
80 141
93 153
93 154
16 110
16 111
29 123
29 124
78 138
78 139
91 151
91 152
27 121
27 122
13 107
13 108
81 141
81 142
92 152
92 153
17 111
17 112
28 122
28 123
77 137
77 138
84 144
84 145
89 149
89 150
20 114
20 115
25 119
25 120
33 35
34 36
59 61
60 62
30 124
30 125
94 154
94 155
47 49
48 50
45 47
46 48
0 2
31 32
63 65
64 95
43 45
44 46
49 51
50 52
37 39
38 40
55 57
56 58
