13994412914719643589 2759 1900
-0.346379 -0.043446 1.450736
-0.326583 -0.070304 1.453169
-0.323976 -0.056730 1.453755
-0.321833 -0.043040 1.452775
-0.349514 -0.071024 1.444093
-0.319610 -0.028555 1.451372
-0.331165 -0.014806 1.439619
-0.312721 -0.003891 1.439063
-0.325013 -0.000829 1.430465
-0.346575 -0.028710 1.449269
-0.343240 -0.013776 1.441800
-0.336142 0.002201 1.431547
-0.376921 -0.015336 1.418747
-0.376314 -0.004802 1.406851
-0.383854 -0.014916 1.413605
-0.388337 -0.026103 1.417200
-0.391824 -0.040173 1.418736
-0.391210 -0.053772 1.416515
-0.383990 -0.065672 1.425283
-0.369431 -0.000454 1.421923
-0.373959 -0.011832 1.425195
-0.372404 -0.068535 1.435806
-0.309009 0.003589 1.431313
-0.303539 0.008558 1.422282
-0.293367 0.014621 1.403610
-0.298228 0.018160 1.401678
-0.331823 0.009086 1.426035
-0.327898 0.016568 1.417967
-0.353875 0.016145 1.408021
-0.345555 0.019349 1.398766
-0.325700 0.022468 1.408314
-0.324942 0.023417 1.392382
-0.338535 0.020485 1.383960
-0.362363 0.008885 1.415071
-0.371493 -0.001921 1.418328
-0.362363 0.008885 1.415071
-0.362171 0.005601 1.409303
-0.353875 0.016145 1.408021
-0.355620 0.008125 1.400095
-0.366878 0.005869 1.405743
-0.345555 0.019349 1.398766
-0.348565 0.010517 1.391742
-0.338535 0.020485 1.383960
-0.343254 0.012602 1.381237
-0.359897 0.014204 1.385696
-0.357122 0.012267 1.374599
-0.383425 -0.075106 1.420567
-0.386027 -0.073261 1.407752
-0.385386 -0.081961 1.414336
-0.370449 -0.080201 1.432845
-0.356637 -0.083448 1.440129
-0.370095 -0.090010 1.429213
-0.357738 -0.094267 1.435095
-0.335811 -0.071409 1.451482
-0.344105 -0.080811 1.438798
-0.334180 -0.092928 1.443505
-0.342546 -0.090817 1.433094
-0.326035 -0.093704 1.445891
-0.316555 0.023781 1.397975
-0.289232 0.009264 1.382285
-0.292363 0.016021 1.379227
-0.290715 0.014710 1.369763
-0.308245 0.022644 1.389079
-0.299122 0.019170 1.378485
-0.290715 0.014710 1.369763
-0.324942 0.023417 1.392382
-0.317397 0.015614 1.387173
-0.323606 0.023245 1.381437
-0.325481 0.025113 1.366964
-0.323606 0.023245 1.381437
-0.333982 0.020623 1.375271
-0.325481 0.025113 1.366964
-0.336813 0.013651 1.371172
-0.332305 0.017283 1.362404
-0.325481 0.025113 1.366964
-0.352509 0.011406 1.363287
-0.340310 0.018045 1.358584
-0.349190 0.009709 1.354990
-0.340310 0.018045 1.358584
-0.336813 0.013651 1.371172
-0.332305 0.017283 1.362404
-0.343254 0.012602 1.381237
-0.346401 0.019264 1.365881
-0.353342 0.017806 1.376458
-0.374747 -0.076938 1.423510
-0.385386 -0.081961 1.414336
-0.373459 -0.086118 1.417949
-0.359897 0.014204 1.385696
-0.364013 0.010517 1.393654
-0.355620 0.008125 1.400095
-0.376876 -0.066489 1.429074
-0.315449 0.020683 1.363787
-0.325481 0.025113 1.366964
-0.320615 0.018636 1.362256
-0.326241 0.023569 1.356847
-0.326241 0.023569 1.356847
-0.324354 0.021566 1.349202
-0.335081 0.014959 1.351231
-0.343613 0.009598 1.345413
-0.324354 0.021566 1.349202
-0.340103 0.008350 1.338197
-0.301422 0.014678 1.354256
-0.278805 0.000582 1.378371
-0.275019 -0.005058 1.370054
-0.288418 0.011317 1.394587
-0.282918 0.005991 1.386578
-0.286965 0.005131 1.373310
-0.288951 0.010643 1.360275
-0.271572 -0.013339 1.364117
-0.270398 -0.023146 1.359687
-0.269632 -0.033806 1.357356
-0.269298 -0.044309 1.354924
-0.288660 0.004521 1.351701
-0.291232 -0.011070 1.338482
-0.286372 -0.027032 1.337337
-0.283007 -0.046252 1.336700
-0.297653 0.007899 1.348925
-0.294672 -0.001043 1.343659
-0.292929 0.004464 1.350588
-0.315947 0.012711 1.357873
-0.301422 0.014678 1.354256
-0.315025 0.008813 1.354374
-0.312418 0.004238 1.349541
-0.309127 -0.003549 1.342903
-0.305410 -0.015137 1.337179
-0.291741 -0.024734 1.333626
-0.289112 -0.042739 1.329382
-0.291741 -0.024734 1.333626
-0.320444 0.016121 1.342056
-0.318816 0.008682 1.335012
-0.318357 0.001308 1.330487
-0.314221 -0.015537 1.325368
-0.322377 -0.031093 1.327923
-0.311005 -0.028335 1.323301
-0.309604 -0.040457 1.321995
-0.319862 -0.043830 1.326577
-0.337192 0.006601 1.334068
-0.337341 0.001400 1.330200
-0.338181 -0.008761 1.328535
-0.338322 -0.018614 1.325748
-0.338935 -0.031706 1.321368
-0.339817 -0.043275 1.319022
-0.329189 -0.043351 1.319306
-0.382759 -0.086377 1.407330
-0.384312 -0.089241 1.408444
-0.319862 -0.043830 1.326577
-0.369858 -0.086873 1.422024
-0.380166 -0.094122 1.412767
-0.384312 -0.089241 1.408444
-0.385321 -0.090677 1.407147
-0.383425 -0.075106 1.420567
-0.380099 -0.096649 1.408113
-0.380546 -0.101207 1.405879
-0.385321 -0.090677 1.407147
-0.380099 -0.096649 1.408113
-0.380166 -0.094122 1.412767
-0.381005 -0.100562 1.396228
-0.378821 -0.099820 1.403845
-0.382414 -0.097332 1.399205
-0.383482 -0.094361 1.403414
-0.376296 -0.107285 1.397024
-0.376610 -0.103178 1.400978
-0.369173 -0.094672 1.418235
-0.369057 -0.099720 1.424421
-0.369057 -0.099720 1.424421
-0.369173 -0.094672 1.418235
-0.374980 -0.098023 1.420031
-0.378821 -0.099820 1.403845
-0.378735 -0.104993 1.402736
-0.369173 -0.094672 1.418235
-0.371714 -0.091474 1.412607
-0.374211 -0.106421 1.400338
-0.376457 -0.108214 1.402002
-0.372819 -0.110801 1.402842
-0.374211 -0.106421 1.400338
-0.370953 -0.109132 1.400854
-0.378735 -0.104993 1.402736
-0.380546 -0.101207 1.405879
-0.376457 -0.108214 1.402002
-0.381190 -0.098491 1.410152
-0.363503 -0.097249 1.429487
-0.374980 -0.098023 1.420031
-0.380212 -0.097192 1.413671
-0.371377 -0.102143 1.419271
-0.371030 -0.105334 1.414020
-0.369108 -0.109301 1.409656
-0.368601 -0.112780 1.405041
-0.365637 -0.112996 1.408318
-0.366005 -0.111648 1.409935
-0.366005 -0.111648 1.409935
-0.369450 -0.110940 1.412281
-0.369108 -0.109301 1.409656
-0.365071 -0.114505 1.410023
-0.366005 -0.111648 1.409935
-0.365637 -0.112996 1.408318
-0.365637 -0.112996 1.408318
-0.363588 -0.114847 1.407970
-0.365071 -0.114505 1.410023
-0.371030 -0.105334 1.414020
-0.369450 -0.110940 1.412281
-0.371591 -0.107461 1.415836
-0.371583 -0.104659 1.420066
-0.371583 -0.104659 1.420066
-0.368477 -0.102333 1.422169
-0.371377 -0.102143 1.419271
-0.369057 -0.099720 1.424421
-0.368477 -0.102333 1.422169
-0.369005 -0.102530 1.425283
-0.368477 -0.102333 1.422169
-0.367722 -0.104676 1.423063
-0.369057 -0.099720 1.424421
-0.364780 -0.100628 1.431114
-0.364501 -0.098647 1.430683
-0.364501 -0.098647 1.430683
-0.357925 -0.100241 1.429972
-0.363503 -0.097249 1.429487
-0.342248 -0.096794 1.428261
-0.342546 -0.090817 1.433094
-0.334474 -0.099254 1.438032
-0.324623 -0.098808 1.442378
-0.342248 -0.096794 1.428261
-0.335471 -0.101861 1.437687
-0.334474 -0.099254 1.438032
-0.348342 -0.102450 1.432111
-0.357925 -0.100241 1.429972
-0.364780 -0.100628 1.431114
-0.367722 -0.104676 1.423063
-0.360703 -0.103281 1.430005
-0.335471 -0.101861 1.437687
-0.342003 -0.110524 1.424594
-0.344140 -0.112696 1.426965
-0.348342 -0.102450 1.432111
-0.350410 -0.104949 1.434548
-0.334474 -0.099254 1.438032
-0.324794 -0.102124 1.442460
-0.324623 -0.098808 1.442378
-0.328813 -0.119415 1.420649
-0.318431 -0.120275 1.425296
-0.342918 -0.117538 1.415508
-0.342918 -0.117538 1.415508
-0.344140 -0.112696 1.426965
-0.345421 -0.119404 1.416231
-0.350410 -0.104949 1.434548
-0.345421 -0.119404 1.416231
-0.356168 -0.117183 1.412481
-0.364501 -0.098647 1.430683
-0.360703 -0.103281 1.430005
-0.357925 -0.100241 1.429972
-0.371591 -0.107461 1.415836
-0.371583 -0.104659 1.420066
-0.364975 -0.112821 1.412734
-0.369450 -0.110940 1.412281
-0.366094 -0.113813 1.406505
-0.363588 -0.114847 1.407970
-0.368056 -0.112638 1.403106
-0.364902 -0.113674 1.404593
-0.358842 -0.118566 1.408264
-0.358766 -0.117174 1.404304
-0.358842 -0.118566 1.408264
-0.355264 -0.112845 1.406575
-0.356168 -0.117183 1.412481
-0.345421 -0.119404 1.416231
-0.352587 -0.117377 1.410850
-0.344389 -0.118117 1.413831
-0.384083 -0.090561 1.399349
-0.385697 -0.086691 1.404270
-0.383320 -0.082082 1.404859
-0.381989 -0.082949 1.402652
-0.382793 -0.093657 1.394986
-0.381338 -0.097014 1.391598
-0.380600 -0.104847 1.392170
-0.380391 -0.101214 1.387908
-0.384083 -0.090561 1.399349
-0.381989 -0.082949 1.402652
-0.379391 -0.086331 1.397537
-0.377717 -0.089174 1.393548
-0.376418 -0.092851 1.389397
-0.381338 -0.097014 1.391598
-0.376300 -0.097519 1.385592
-0.380391 -0.101214 1.387908
-0.380391 -0.101214 1.387908
-0.378672 -0.103442 1.387929
-0.371714 -0.091474 1.412607
-0.382759 -0.086377 1.407330
-0.384312 -0.089241 1.408444
-0.383320 -0.082082 1.404859
-0.380600 -0.104847 1.392170
-0.378672 -0.103442 1.387929
-0.373876 -0.103129 1.390708
-0.376474 -0.108190 1.393042
-0.376296 -0.107285 1.397024
-0.376296 -0.107285 1.397024
-0.369321 -0.108907 1.397972
-0.364902 -0.113674 1.404593
-0.368470 -0.116693 1.400912
-0.361748 -0.114711 1.406080
-0.360205 -0.119418 1.402735
-0.358766 -0.117174 1.404304
-0.344389 -0.118117 1.413831
-0.349142 -0.122072 1.409204
-0.341817 -0.120387 1.413007
-0.344389 -0.118117 1.413831
-0.341817 -0.120387 1.413007
-0.353107 -0.115206 1.403910
-0.352587 -0.117377 1.410850
-0.355264 -0.112845 1.406575
-0.369283 -0.112494 1.395954
-0.368056 -0.112638 1.403106
-0.369321 -0.108907 1.397972
-0.369283 -0.112494 1.395954
-0.376474 -0.108190 1.393042
-0.375978 -0.112559 1.390231
-0.373735 -0.106093 1.386817
-0.376474 -0.108190 1.393042
-0.373876 -0.103129 1.390708
-0.373735 -0.106093 1.386817
-0.378672 -0.103442 1.387929
-0.378135 -0.105988 1.384359
-0.378135 -0.105988 1.384359
-0.378672 -0.103442 1.387929
-0.376300 -0.097519 1.385592
-0.373807 -0.088188 1.382451
-0.376418 -0.092851 1.389397
-0.377717 -0.089174 1.393548
-0.377282 -0.078794 1.391407
-0.379391 -0.086331 1.397537
-0.381989 -0.082949 1.402652
-0.380545 -0.067961 1.394432
-0.386027 -0.073261 1.407752
-0.388508 -0.066300 1.411407
-0.383279 -0.055232 1.399401
-0.391210 -0.053772 1.416515
-0.391824 -0.040173 1.418736
-0.388337 -0.026103 1.417200
-0.376140 -0.026146 1.400317
-0.376314 -0.004802 1.406851
-0.367752 -0.010219 1.394278
-0.369296 0.003107 1.398639
-0.360397 -0.001976 1.383945
-0.359897 0.014204 1.385696
-0.357122 0.012267 1.374599
-0.355786 -0.001729 1.370476
-0.352509 0.011406 1.363287
-0.350370 -0.006305 1.356763
-0.349190 0.009709 1.354990
-0.343613 0.009598 1.345413
-0.347815 -0.010561 1.349434
-0.337192 0.006601 1.334068
-0.346633 -0.016394 1.345457
-0.337341 0.001400 1.330200
-0.338181 -0.008761 1.328535
-0.346142 -0.024594 1.340733
-0.338322 -0.018614 1.325748
-0.338935 -0.031706 1.321368
-0.346119 -0.038993 1.336392
-0.371053 -0.089655 1.374840
-0.374478 -0.109889 1.375155
-0.371071 -0.110224 1.377643
-0.371695 -0.117131 1.380175
-0.375978 -0.112559 1.390231
-0.366953 -0.118130 1.384543
-0.366539 -0.122759 1.391317
-0.368470 -0.116693 1.400912
-0.359430 -0.121030 1.392963
-0.353107 -0.115206 1.403910
-0.355578 -0.124270 1.394701
-0.346006 -0.119171 1.396371
-0.344507 -0.125413 1.406076
-0.334988 -0.121966 1.408930
-0.332233 -0.121272 1.416285
-0.328381 -0.126307 1.412145
-0.371695 -0.117131 1.380175
-0.328813 -0.119415 1.420649
-0.314347 -0.118228 1.422966
-0.318431 -0.120275 1.425296
-0.314347 -0.118228 1.422966
-0.311543 -0.121663 1.418311
-0.365307 -0.092183 1.366391
-0.367477 -0.112148 1.362417
-0.356029 -0.118723 1.347738
-0.358394 -0.119738 1.355683
-0.362768 -0.119061 1.366063
-0.364077 -0.112996 1.364642
-0.358394 -0.119738 1.355683
-0.358639 -0.113189 1.355192
-0.356029 -0.118723 1.347738
-0.364077 -0.112996 1.364642
-0.367477 -0.112148 1.362417
-0.363021 -0.112074 1.354180
-0.358639 -0.113189 1.355192
-0.358555 -0.110032 1.345222
-0.354747 -0.111595 1.345716
-0.357456 -0.093901 1.357002
-0.363021 -0.112074 1.354180
-0.358555 -0.110032 1.345222
-0.353242 -0.093597 1.349409
-0.357450 -0.122845 1.372518
-0.363552 -0.123402 1.385038
-0.351441 -0.123051 1.359934
-0.346571 -0.122534 1.350659
-0.351903 -0.125682 1.388983
-0.349325 -0.118780 1.375991
-0.342574 -0.129349 1.379518
-0.363552 -0.123402 1.385038
-0.355831 -0.120817 1.387400
-0.343324 -0.117941 1.367311
-0.357450 -0.122845 1.372518
-0.351441 -0.123051 1.359934
-0.336225 -0.116314 1.357856
-0.346571 -0.122534 1.350659
-0.342383 -0.119487 1.391101
-0.342574 -0.129349 1.379518
-0.334426 -0.121993 1.383887
-0.351903 -0.125682 1.388983
-0.349325 -0.118780 1.375991
-0.337604 -0.128042 1.368643
-0.336225 -0.116314 1.357856
-0.329604 -0.126102 1.359176
-0.355831 -0.120817 1.387400
-0.359430 -0.121030 1.392963
-0.361748 -0.114711 1.406080
-0.362256 -0.115446 1.401778
-0.363588 -0.114847 1.407970
-0.361748 -0.114711 1.406080
-0.337457 -0.128321 1.399395
-0.344507 -0.125413 1.406076
-0.349142 -0.122072 1.409204
-0.356168 -0.117183 1.412481
-0.355264 -0.112845 1.406575
-0.332344 -0.130470 1.372267
-0.332344 -0.130470 1.372267
-0.322437 -0.130057 1.365016
-0.337604 -0.128042 1.368643
-0.322437 -0.130057 1.365016
-0.314218 -0.122501 1.369405
-0.334426 -0.121993 1.383887
-0.324778 -0.124406 1.376873
-0.314218 -0.122501 1.369405
-0.307453 -0.131985 1.375518
-0.329593 -0.124001 1.401147
-0.328236 -0.130029 1.391017
-0.337457 -0.128321 1.399395
-0.316410 -0.130316 1.383969
-0.317906 -0.130623 1.381890
-0.319682 -0.130173 1.397302
-0.324735 -0.127076 1.393325
-0.324320 -0.128435 1.406222
-0.307453 -0.131985 1.375518
-0.302940 -0.128507 1.402007
-0.324320 -0.128435 1.406222
-0.297418 -0.128868 1.393146
-0.291501 -0.127351 1.385063
-0.299577 -0.130048 1.369818
-0.286096 -0.124262 1.377137
-0.293734 -0.125739 1.363979
-0.299577 -0.130048 1.369818
-0.298183 -0.118207 1.359241
-0.293734 -0.125739 1.363979
-0.303319 -0.124221 1.353444
-0.318439 -0.123036 1.356232
-0.329604 -0.126102 1.359176
-0.322408 -0.122112 1.350419
-0.330658 -0.113523 1.348548
-0.330658 -0.113523 1.348548
-0.341294 -0.119014 1.338665
-0.351656 -0.114929 1.336334
-0.351656 -0.114929 1.336334
-0.353306 -0.110235 1.337064
-0.354836 -0.106571 1.337307
-0.352374 -0.104136 1.331007
-0.348634 -0.087419 1.341205
-0.346455 -0.079261 1.319814
-0.346681 -0.070726 1.335998
-0.348311 -0.090680 1.321100
-0.347967 -0.106641 1.325587
-0.347967 -0.106641 1.325587
-0.334984 -0.111081 1.326493
-0.333105 -0.101348 1.319899
-0.324761 -0.105834 1.335412
-0.313155 -0.113050 1.337419
-0.322408 -0.122112 1.350419
-0.303319 -0.124221 1.353444
-0.305949 -0.112071 1.347335
-0.297380 -0.119093 1.349275
-0.298183 -0.118207 1.359241
-0.297380 -0.119093 1.349275
-0.290374 -0.114393 1.352466
-0.290330 -0.119775 1.358845
-0.290330 -0.119775 1.358845
-0.280372 -0.117165 1.367222
-0.276634 -0.101780 1.360035
-0.342422 -0.061156 1.319619
-0.346455 -0.079261 1.319814
-0.348311 -0.090680 1.321100
-0.333105 -0.101348 1.319899
-0.323126 -0.095336 1.327314
-0.329189 -0.081190 1.315161
-0.319490 -0.078824 1.324487
-0.323126 -0.095336 1.327314
-0.319490 -0.078824 1.324487
-0.288796 -0.109446 1.345468
-0.298093 -0.083747 1.326892
-0.304575 -0.102205 1.333809
-0.315223 -0.118692 1.426231
-0.318449 -0.110289 1.436455
-0.282017 -0.088125 1.339394
-0.300525 -0.102419 1.343647
-0.292778 -0.080987 1.338796
-0.288796 -0.109446 1.345468
-0.282017 -0.088125 1.339394
-0.270875 -0.069113 1.351089
-0.269360 -0.054818 1.352631
-0.280719 -0.079777 1.337353
-0.287468 -0.044811 1.335607
-0.290193 -0.057016 1.326358
-0.293176 -0.066075 1.325968
-0.295282 -0.073762 1.326676
-0.298093 -0.083747 1.326892
-0.300266 -0.065032 1.327133
-0.306079 -0.071061 1.323318
-0.305941 -0.063066 1.322011
-0.301314 -0.058351 1.328891
-0.307539 -0.054763 1.320612
-0.289112 -0.042739 1.329382
-0.317683 -0.055407 1.325324
-0.305941 -0.063066 1.322011
-0.346629 -0.056425 1.333890
-0.342422 -0.061156 1.319619
-0.328840 -0.064755 1.314983
-0.304605 -0.040311 1.331480
-0.309604 -0.040457 1.321995
-0.293176 -0.066075 1.325968
-0.290193 -0.057016 1.326358
-0.295282 -0.073762 1.326676
-0.320615 0.018636 1.362256
-0.315449 0.020683 1.363787
-0.325481 0.025113 1.366964
-0.314221 -0.015537 1.325368
-0.304313 -0.026832 1.333685
-0.309127 -0.003549 1.342903
-0.305410 -0.015137 1.337179
-0.318816 0.008682 1.335012
-0.318357 0.001308 1.330487
-0.320444 0.016121 1.342056
-0.315947 0.012711 1.357873
-0.322293 -0.100637 1.442453
-0.322293 -0.100637 1.442453
-0.319969 -0.098182 1.440491
-0.315223 -0.118692 1.426231
-0.319969 -0.098182 1.440491
-0.317096 -0.091810 1.433429
-0.317743 -0.084539 1.432414
-0.309174 -0.105733 1.415875
-0.317096 -0.091810 1.433429
-0.314910 -0.096896 1.423190
-0.317743 -0.084539 1.432414
-0.314347 -0.118228 1.422966
-0.306490 -0.107514 1.411365
-0.301947 -0.110043 1.404518
-0.296871 -0.111168 1.396003
-0.297418 -0.128868 1.393146
-0.291501 -0.127351 1.385063
-0.292716 -0.109345 1.388741
-0.288486 -0.104783 1.382418
-0.280372 -0.117165 1.367222
-0.286618 -0.099740 1.379744
-0.276634 -0.101780 1.360035
-0.284350 -0.094620 1.378155
-0.281412 -0.079889 1.375363
-0.279022 -0.063844 1.372389
-0.277690 -0.046153 1.372709
-0.269298 -0.044309 1.354924
-0.269632 -0.033806 1.357356
-0.277350 -0.030719 1.373667
-0.278534 -0.017496 1.376722
-0.275019 -0.005058 1.370054
-0.281555 -0.006189 1.382740
-0.278805 0.000582 1.378371
-0.282918 0.005991 1.386578
-0.286770 0.001757 1.392303
-0.288418 0.011317 1.394587
-0.293367 0.014621 1.403610
-0.298889 0.012623 1.413968
-0.303539 0.008558 1.422282
-0.303320 -0.006960 1.420060
-0.309009 0.003589 1.431313
-0.308791 -0.018994 1.429856
-0.316626 -0.014087 1.446407
-0.314319 -0.037328 1.436390
-0.319610 -0.028555 1.451372
-0.321833 -0.043040 1.452775
-0.323976 -0.056730 1.453755
-0.326583 -0.070304 1.453169
-0.326656 -0.081466 1.451194
-0.317743 -0.084539 1.432414
-0.324623 -0.098808 1.442378
-0.317397 0.015614 1.387173
-0.316555 0.023781 1.397975
-0.310292 0.013290 1.377366
-0.295028 0.009856 1.358975
-0.290715 0.014710 1.369763
-0.288951 0.010643 1.360275
-0.302778 0.012966 1.370330
-0.305949 -0.112071 1.347335
-0.291988 -0.072811 1.337331
-0.280719 -0.079777 1.337353
-0.287468 -0.044811 1.335607
-0.346629 -0.056425 1.333890
-0.277690 -0.046153 1.372709
-0.346119 -0.038993 1.336392
-0.346142 -0.024594 1.340733
-0.277350 -0.030719 1.373667
-0.278534 -0.017496 1.376722
-0.347815 -0.010561 1.349434
-0.281555 -0.006189 1.382740
-0.350370 -0.006305 1.356763
-0.286770 0.001757 1.392303
-0.355786 -0.001729 1.370476
-0.295134 0.002482 1.406344
-0.303320 -0.006960 1.420060
-0.314319 -0.037328 1.436390
-0.317391 -0.056026 1.437540
-0.383279 -0.055232 1.399401
-0.318037 -0.069742 1.437129
-0.380545 -0.067961 1.394432
-0.279022 -0.063844 1.372389
-0.346681 -0.070726 1.335998
-0.281412 -0.079889 1.375363
-0.347399 -0.081951 1.337193
-0.284350 -0.094620 1.378155
-0.348634 -0.087419 1.341205
-0.286618 -0.099740 1.379744
-0.353242 -0.093597 1.349409
-0.288486 -0.104783 1.382418
-0.292716 -0.109345 1.388741
-0.357456 -0.093901 1.357002
-0.301947 -0.110043 1.404518
-0.365307 -0.092183 1.366391
-0.306490 -0.107514 1.411365
-0.309174 -0.105733 1.415875
-0.377282 -0.078794 1.391407
-0.314910 -0.096896 1.423190
-0.373807 -0.088188 1.382451
-0.309174 -0.105733 1.415875
-0.373807 -0.088188 1.382451
-0.370953 -0.109132 1.400854
-0.380166 -0.094122 1.412767
-0.380212 -0.097192 1.413671
-0.374980 -0.098023 1.420031
-0.363503 -0.097249 1.429487
-0.369057 -0.099720 1.424421
-0.364501 -0.098647 1.430683
-0.369057 -0.099720 1.424421
-0.350410 -0.104949 1.434548
-0.357925 -0.100241 1.429972
-0.360703 -0.103281 1.430005
-0.316626 -0.014087 1.446407
-0.298889 0.012623 1.413968
-0.369431 -0.000454 1.421923
-0.322339 0.023624 1.400208
-0.380600 -0.104847 1.392170
-0.369108 -0.109301 1.409656
-0.369057 -0.099720 1.424421
-0.342248 -0.096794 1.428261
-0.369005 -0.102530 1.425283
-0.342003 -0.110524 1.424594
-0.342003 -0.110524 1.424594
-0.364780 -0.100628 1.431114
-0.365071 -0.114505 1.410023
-0.358842 -0.118566 1.408264
-0.366094 -0.113813 1.406505
-0.358766 -0.117174 1.404304
-0.385697 -0.086691 1.404270
-0.385697 -0.086691 1.404270
-0.371714 -0.091474 1.412607
-0.380391 -0.101214 1.387908
-0.376474 -0.108190 1.393042
-0.368056 -0.112638 1.403106
-0.352587 -0.117377 1.410850
-0.373876 -0.103129 1.390708
-0.366539 -0.122759 1.391317
-0.332233 -0.121272 1.416285
-0.364902 -0.113674 1.404593
-0.342383 -0.119487 1.391101
-0.355264 -0.112845 1.406575
-0.348311 -0.090680 1.321100
-0.334984 -0.111081 1.326493
-0.307539 -0.054763 1.320612
-0.315025 0.008813 1.354374
-0.318449 -0.110289 1.436455
-0.322339 0.023624 1.400208
-0.308791 -0.018994 1.429856
-0.629099 0.163085 1.218905
-0.629303 0.170306 1.215685
-0.639982 0.164021 1.224867
-0.633527 0.164152 1.221133
-0.626039 0.158440 1.221984
-0.628224 0.148727 1.234751
-0.622166 0.146773 1.231667
-0.622037 0.150888 1.225153
-0.622037 0.150888 1.225153
-0.617431 0.144889 1.228852
-0.614965 0.141778 1.230731
-0.617431 0.144889 1.228852
-0.604026 0.130254 1.236764
-0.601690 0.127135 1.229346
-0.604026 0.130254 1.236764
-0.607854 0.130998 1.242336
-0.610112 0.136727 1.233076
-0.614965 0.141778 1.230731
-0.622818 0.145091 1.237485
-0.631851 0.147308 1.239540
-0.617581 0.129757 1.250177
-0.608717 0.128398 1.242240
-0.619412 0.129500 1.242691
-0.611972 0.131021 1.234575
-0.618097 0.127102 1.249326
-0.626331 0.125052 1.246106
-0.625003 0.126582 1.252496
-0.631545 0.119831 1.252749
-0.623872 0.124282 1.251298
-0.632389 0.121682 1.253609
-0.651829 0.145970 1.239728
-0.662167 0.136911 1.238206
-0.668198 0.126934 1.236025
-0.656195 0.097754 1.245449
-0.649651 0.106729 1.250950
-0.641842 0.114589 1.253371
-0.647738 0.105567 1.249738
-0.640152 0.113287 1.252401
-0.653859 0.097662 1.245053
-0.656207 0.085107 1.226596
-0.655604 0.089885 1.236307
-0.667967 0.099785 1.229897
-0.670782 0.106682 1.227125
-0.653128 0.092817 1.203837
-0.661223 0.102502 1.198111
-0.673737 0.110081 1.197508
-0.675651 0.112773 1.189298
-0.688352 0.124785 1.172089
-0.696806 0.133613 1.164578
-0.706680 0.145306 1.155585
-0.708974 0.147982 1.153637
-0.701992 0.154518 1.147752
-0.712058 0.160626 1.143483
-0.711441 0.151307 1.151795
-0.713838 0.147625 1.163256
-0.711899 0.144967 1.167514
-0.723334 0.173782 1.163535
-0.727881 0.170381 1.152822
-0.725969 0.163943 1.149359
-0.727881 0.170381 1.152822
-0.730708 0.168655 1.141745
-0.732315 0.175152 1.145094
-0.725107 0.178441 1.153957
-0.729195 0.182516 1.145943
-0.738180 0.183261 1.131996
-0.734464 0.188997 1.134012
-0.737275 0.176992 1.127263
-0.731620 0.173628 1.125011
-0.724717 0.165869 1.137065
-0.718787 0.160009 1.144736
-0.727001 0.174195 1.123550
-0.724717 0.165869 1.137065
-0.731620 0.173628 1.125011
-0.714633 0.163511 1.140569
-0.718787 0.160009 1.144736
-0.714633 0.163511 1.140569
-0.715365 0.155604 1.148769
-0.710531 0.172103 1.140148
-0.714456 0.175460 1.133914
-0.711650 0.182720 1.143060
-0.714768 0.183365 1.137075
-0.701765 0.179206 1.145222
-0.711650 0.182720 1.143060
-0.711680 0.189194 1.143763
-0.708833 0.192694 1.142853
-0.670513 0.184804 1.167495
-0.663098 0.193002 1.169400
-0.660643 0.210824 1.170832
-0.670197 0.217387 1.164464
-0.682021 0.215020 1.157968
-0.676593 0.222590 1.161178
-0.670379 0.231052 1.171551
-0.665818 0.225083 1.175182
-0.661305 0.219494 1.177927
-0.657329 0.215707 1.178027
-0.653992 0.214251 1.180063
-0.657237 0.212774 1.189968
-0.662141 0.217474 1.188807
-0.657237 0.212774 1.189968
-0.653121 0.212208 1.189795
-0.648926 0.211814 1.180681
-0.655966 0.212543 1.193425
-0.658564 0.212306 1.190911
-0.652148 0.209980 1.192690
-0.653121 0.212208 1.189795
-0.647906 0.211129 1.188885
-0.645605 0.210439 1.182562
-0.657916 0.206272 1.201583
-0.662025 0.207612 1.200750
-0.641192 0.197064 1.211839
-0.640700 0.158953 1.233406
-0.637582 0.154744 1.235736
-0.667197 0.149079 1.231415
-0.673881 0.139194 1.227745
-0.715899 0.199687 1.174652
-0.694113 0.222834 1.188954
-0.670065 0.226356 1.185037
-0.666135 0.221446 1.187638
-0.673562 0.231636 1.182842
-0.670065 0.226356 1.185037
-0.666135 0.221446 1.187638
-0.673562 0.231636 1.182842
-0.685200 0.241073 1.182423
-0.675437 0.240883 1.168814
-0.681224 0.247757 1.174615
-0.675437 0.240883 1.168814
-0.676990 0.244249 1.166502
-0.679587 0.235301 1.161147
-0.683918 0.254939 1.170338
-0.682015 0.238888 1.158840
-0.691881 0.244254 1.152350
-0.689117 0.234447 1.159018
-0.700093 0.245246 1.155552
-0.697106 0.232452 1.163916
-0.692839 0.228943 1.160993
-0.692839 0.228943 1.160993
-0.679587 0.235301 1.161147
-0.696419 0.229564 1.163853
-0.696272 0.227657 1.153179
-0.692839 0.228943 1.160993
-0.693606 0.223854 1.154711
-0.699993 0.233512 1.160746
-0.696419 0.229564 1.163853
-0.699803 0.234165 1.146840
-0.699993 0.233512 1.160746
-0.703410 0.239922 1.154151
-0.700781 0.230494 1.166574
-0.710100 0.231202 1.166461
-0.706049 0.245260 1.148569
-0.717781 0.244627 1.152178
-0.713977 0.237295 1.160276
-0.718099 0.225873 1.163869
-0.720237 0.232471 1.158092
-0.724104 0.240655 1.149454
-0.722304 0.225239 1.151663
-0.725655 0.232653 1.142996
-0.714321 0.217688 1.172035
-0.716700 0.211788 1.167427
-0.715642 0.207322 1.162483
-0.714894 0.215869 1.150899
-0.716898 0.221789 1.145252
-0.708282 0.218300 1.146528
-0.714894 0.215869 1.150899
-0.706021 0.214337 1.149638
-0.714328 0.211238 1.155335
-0.714328 0.211238 1.155335
-0.714328 0.211238 1.155335
-0.715464 0.216539 1.147689
-0.707190 0.210888 1.148651
-0.706021 0.214337 1.149638
-0.714328 0.211238 1.155335
-0.706511 0.210393 1.145091
-0.702901 0.207446 1.150415
-0.703321 0.204240 1.147686
-0.702901 0.207446 1.150415
-0.699725 0.216321 1.150032
-0.706021 0.214337 1.149638
-0.702178 0.220294 1.147733
-0.699725 0.216321 1.150032
-0.693606 0.223854 1.154711
-0.705140 0.226677 1.141689
-0.702631 0.240035 1.142465
-0.707606 0.232687 1.135435
-0.713460 0.234044 1.131207
-0.709206 0.236423 1.133152
-0.708649 0.239643 1.127965
-0.705529 0.247496 1.133643
-0.709166 0.246167 1.120670
-0.709419 0.251516 1.113723
-0.714205 0.248290 1.111859
-0.706485 0.258353 1.118743
-0.706105 0.254089 1.125991
-0.706719 0.260121 1.114652
-0.713018 0.250842 1.108103
-0.718871 0.250753 1.107741
-0.712427 0.253650 1.103364
-0.718182 0.254332 1.101716
-0.711537 0.257819 1.096717
-0.716832 0.261694 1.092806
-0.717371 0.257947 1.096712
-0.707708 0.265707 1.094363
-0.705037 0.266859 1.103141
-0.706335 0.270542 1.097460
-0.705819 0.262653 1.109824
-0.709447 0.273081 1.105754
-0.709139 0.266623 1.116038
-0.709234 0.269379 1.111918
-0.713309 0.268932 1.115860
-0.709447 0.273081 1.105754
-0.716682 0.270263 1.111658
-0.722113 0.265325 1.108685
-0.717680 0.268086 1.116067
-0.719987 0.268335 1.103484
-0.713964 0.273856 1.096934
-0.717860 0.271345 1.098284
-0.712793 0.275092 1.097700
-0.710391 0.275074 1.099962
-0.711352 0.274609 1.097198
-0.712755 0.273287 1.095287
-0.709918 0.272606 1.094591
-0.712755 0.273287 1.095287
-0.710391 0.275074 1.099962
-0.712013 0.270786 1.092792
-0.714909 0.267834 1.091057
-0.712020 0.262372 1.092120
-0.714070 0.271210 1.093080
-0.715723 0.267582 1.091576
-0.718871 0.264665 1.093590
-0.715723 0.267582 1.091576
-0.716832 0.261694 1.092806
-0.717230 0.268481 1.093121
-0.714070 0.271210 1.093080
-0.715168 0.272085 1.094112
-0.722172 0.258105 1.103515
-0.717371 0.257947 1.096712
-0.723103 0.255536 1.107799
-0.718871 0.250753 1.107741
-0.722984 0.263255 1.113193
-0.724309 0.253079 1.113827
-0.723513 0.261144 1.117303
-0.719373 0.247943 1.112290
-0.724536 0.246894 1.122228
-0.724481 0.255320 1.126955
-0.718431 0.265868 1.120188
-0.718912 0.260226 1.129734
-0.718901 0.253576 1.140707
-0.724947 0.241400 1.130381
-0.718939 0.248757 1.147826
-0.725940 0.235965 1.137731
-0.719472 0.242118 1.121125
-0.719447 0.232158 1.134102
-0.719349 0.237308 1.128326
-0.719349 0.237308 1.128326
-0.718833 0.228289 1.138306
-0.719447 0.232158 1.134102
-0.718833 0.228289 1.138306
-0.711154 0.249276 1.147025
-0.708704 0.252250 1.139630
-0.707357 0.248629 1.144643
-0.707357 0.248629 1.144643
-0.706049 0.245260 1.148569
-0.708704 0.252250 1.139630
-0.708957 0.257750 1.130766
-0.708957 0.257750 1.130766
-0.712444 0.254251 1.140516
-0.709250 0.264406 1.119695
-0.713183 0.260355 1.130550
-0.713912 0.266330 1.120901
-0.703410 0.239922 1.154151
-0.709735 0.199013 1.138091
-0.708833 0.192694 1.142853
-0.705670 0.207087 1.142001
-0.709334 0.213035 1.134818
-0.713407 0.219248 1.127302
-0.714514 0.222896 1.129239
-0.714768 0.222573 1.122937
-0.716528 0.228132 1.120716
-0.715696 0.225461 1.125156
-0.718733 0.217516 1.115663
-0.715601 0.224858 1.118430
-0.721915 0.231009 1.125120
-0.720739 0.226386 1.132665
-0.720739 0.226386 1.132665
-0.730287 0.227082 1.129799
-0.721645 0.228935 1.128531
-0.730689 0.229136 1.126118
-0.730746 0.231711 1.121502
-0.721915 0.231009 1.125120
-0.722491 0.233717 1.119953
-0.722491 0.233717 1.119953
-0.730529 0.236882 1.109936
-0.722024 0.238634 1.108528
-0.717881 0.235613 1.104680
-0.719409 0.220495 1.111165
-0.720029 0.225572 1.100514
-0.717199 0.232047 1.102636
-0.717863 0.237467 1.100880
-0.720012 0.227615 1.096390
-0.717455 0.235203 1.094717
-0.720423 0.229546 1.092102
-0.717215 0.233787 1.098319
-0.718002 0.239122 1.097191
-0.725732 0.226149 1.091858
-0.725699 0.222047 1.100172
-0.731861 0.226772 1.094006
-0.731845 0.224510 1.098466
-0.731914 0.222998 1.101835
-0.725252 0.217302 1.109660
-0.735036 0.228376 1.101534
-0.731914 0.222998 1.101835
-0.735441 0.226714 1.105027
-0.731632 0.217868 1.112311
-0.731019 0.215118 1.116908
-0.724421 0.214660 1.114029
-0.735540 0.226104 1.118967
-0.735487 0.230586 1.107557
-0.734936 0.232085 1.103986
-0.730169 0.238164 1.105916
-0.734373 0.233472 1.100494
-0.729832 0.239397 1.102028
-0.721880 0.241915 1.100828
-0.721880 0.241915 1.100828
-0.721885 0.240268 1.104573
-0.724003 0.244061 1.094233
-0.720074 0.241505 1.090481
-0.724003 0.244061 1.094233
-0.722760 0.242066 1.088648
-0.725486 0.243555 1.091485
-0.729004 0.239098 1.087264
-0.727230 0.241740 1.088873
-0.725486 0.243555 1.091485
-0.733203 0.236850 1.092966
-0.729004 0.239098 1.087264
-0.730333 0.236439 1.086320
-0.731998 0.231429 1.087385
-0.733663 0.232812 1.090944
-0.734579 0.229935 1.098228
-0.731998 0.231429 1.087385
-0.726473 0.230134 1.086537
-0.730333 0.236439 1.086320
-0.731845 0.224510 1.098466
-0.735302 0.223546 1.123583
-0.734718 0.217070 1.123359
-0.734769 0.213579 1.128579
-0.734988 0.221192 1.127121
-0.732485 0.209450 1.142760
-0.735299 0.218064 1.131762
-0.728421 0.216586 1.145236
-0.729856 0.204781 1.148587
-0.726179 0.212402 1.151432
-0.721229 0.204136 1.161840
-0.725176 0.197310 1.158353
-0.727850 0.199544 1.144290
-0.722771 0.190951 1.154149
-0.726533 0.202425 1.134583
-0.723565 0.196553 1.141521
-0.719077 0.189135 1.147717
-0.726533 0.202425 1.134583
-0.715671 0.197276 1.136926
-0.723565 0.196553 1.141521
-0.719077 0.189135 1.147717
-0.718610 0.203104 1.130066
-0.722493 0.208785 1.122750
-0.723732 0.212000 1.118050
-0.730566 0.212863 1.120269
-0.730118 0.209717 1.125026
-0.731019 0.215118 1.116908
-0.730566 0.212863 1.120269
-0.719077 0.189135 1.147717
-0.720891 0.184313 1.153945
-0.722771 0.190951 1.154149
-0.716362 0.184734 1.146487
-0.719077 0.189135 1.147717
-0.716362 0.184734 1.146487
-0.716362 0.184734 1.146487
-0.720891 0.184313 1.153945
-0.718847 0.186361 1.141994
-0.718847 0.186361 1.141994
-0.725442 0.192483 1.129660
-0.737143 0.192223 1.128413
-0.725442 0.192483 1.129660
-0.723615 0.190482 1.120813
-0.721744 0.181195 1.123698
-0.726098 0.192743 1.115216
-0.729854 0.196812 1.120383
-0.729300 0.191455 1.106817
-0.729169 0.196442 1.109087
-0.727888 0.194717 1.124954
-0.733102 0.201026 1.110963
-0.729854 0.196812 1.120383
-0.730765 0.198878 1.105325
-0.733102 0.201026 1.110963
-0.736461 0.206208 1.101839
-0.735167 0.203666 1.106389
-0.732585 0.201926 1.099722
-0.736461 0.206208 1.101839
-0.738941 0.209012 1.093553
-0.738941 0.209012 1.093553
-0.742013 0.209367 1.094573
-0.743332 0.202812 1.106101
-0.744602 0.205249 1.100849
-0.744542 0.208270 1.093931
-0.746573 0.198267 1.104140
-0.747498 0.201064 1.098138
-0.747592 0.199097 1.090836
-0.747195 0.195518 1.096062
-0.746010 0.191855 1.100653
-0.743230 0.191940 1.093180
-0.741649 0.188383 1.098848
-0.744334 0.203055 1.087656
-0.744369 0.197251 1.087480
-0.744334 0.203055 1.087656
-0.741817 0.207348 1.089188
-0.742972 0.202381 1.086595
-0.741961 0.207761 1.090019
-0.744369 0.197251 1.087480
-0.740875 0.196791 1.087421
-0.738270 0.206536 1.089959
-0.741961 0.207761 1.090019
-0.732937 0.196581 1.096160
-0.738724 0.190815 1.094267
-0.735650 0.187471 1.100610
-0.731076 0.193201 1.101984
-0.733441 0.185221 1.105872
-0.741649 0.188383 1.098848
-0.743230 0.191940 1.093180
-0.739708 0.185418 1.104411
-0.736302 0.180697 1.113348
-0.731011 0.181691 1.112067
-0.728981 0.178760 1.117358
-0.734359 0.177364 1.118751
-0.742106 0.183466 1.117118
-0.736302 0.180697 1.113348
-0.740052 0.180219 1.122939
-0.742778 0.189223 1.120940
-0.744885 0.194794 1.109239
-0.739708 0.185418 1.104411
-0.725176 0.197310 1.158353
-0.721229 0.204136 1.161840
-0.715642 0.207322 1.162483
-0.715642 0.207322 1.162483
-0.717489 0.219456 1.143074
-0.717489 0.219456 1.143074
-0.716700 0.211788 1.167427
-0.714321 0.217688 1.172035
-0.706850 0.224019 1.173542
-0.698365 0.228286 1.169770
-0.700781 0.230494 1.166574
-0.700122 0.225167 1.176003
-0.699093 0.231063 1.172915
-0.699093 0.231063 1.172915
-0.700781 0.230494 1.166574
-0.698365 0.228286 1.169770
-0.700463 0.240107 1.173669
-0.702146 0.242362 1.162444
-0.697106 0.232452 1.163916
-0.696419 0.229564 1.163853
-0.694105 0.245614 1.178167
-0.702853 0.247054 1.169878
-0.691235 0.238071 1.182747
-0.696863 0.232658 1.180575
-0.705337 0.255708 1.165303
-0.705752 0.249941 1.159461
-0.700635 0.264478 1.165905
-0.706948 0.254514 1.156349
-0.706597 0.259852 1.162029
-0.701156 0.249432 1.152826
-0.700093 0.245246 1.155552
-0.707441 0.259110 1.153253
-0.706669 0.264169 1.158190
-0.695212 0.254124 1.146755
-0.703407 0.257677 1.146528
-0.695068 0.258541 1.143237
-0.702308 0.253422 1.149283
-0.694469 0.250269 1.150359
-0.701156 0.249432 1.152826
-0.706664 0.265455 1.146586
-0.703082 0.263437 1.140906
-0.695099 0.263129 1.138189
-0.694430 0.268940 1.132044
-0.702615 0.269556 1.132970
-0.706246 0.277079 1.134071
-0.693655 0.271971 1.128165
-0.692726 0.276070 1.123653
-0.705547 0.280708 1.129588
-0.702112 0.272347 1.129181
-0.692704 0.282494 1.118350
-0.701512 0.276622 1.122272
-0.702476 0.287587 1.119743
-0.700954 0.284067 1.117000
-0.698167 0.288802 1.116922
-0.700954 0.284067 1.117000
-0.698167 0.288802 1.116922
-0.697479 0.292248 1.118721
-0.699193 0.289671 1.117256
-0.695333 0.291863 1.118580
-0.692755 0.286500 1.116319
-0.690284 0.289261 1.120463
-0.694597 0.292487 1.119461
-0.693158 0.293710 1.121185
-0.688604 0.291137 1.123281
-0.687138 0.288092 1.126169
-0.687713 0.279122 1.127930
-0.686594 0.283252 1.132452
-0.688769 0.287136 1.134504
-0.689493 0.291975 1.128154
-0.691766 0.294209 1.123590
-0.692781 0.289159 1.135280
-0.689493 0.291975 1.128154
-0.691641 0.293688 1.127888
-0.694796 0.294450 1.121911
-0.693014 0.294689 1.124764
-0.695043 0.294637 1.123575
-0.694597 0.292487 1.119461
-0.695333 0.291863 1.118580
-0.703501 0.284890 1.132982
-0.700138 0.283346 1.141588
-0.704706 0.280686 1.138664
-0.692768 0.284588 1.141632
-0.700597 0.280707 1.145272
-0.705203 0.277078 1.142606
-0.693307 0.282058 1.145148
-0.688769 0.287136 1.134504
-0.688707 0.279754 1.143666
-0.688443 0.274443 1.150964
-0.687760 0.268080 1.159155
-0.701174 0.268239 1.161816
-0.687078 0.264905 1.162479
-0.694221 0.265730 1.166204
-0.687760 0.268080 1.159155
-0.683812 0.261386 1.155176
-0.684484 0.264525 1.151405
-0.687078 0.264905 1.162479
-0.693743 0.261799 1.169632
-0.686140 0.261389 1.165602
-0.690812 0.254315 1.174554
-0.681224 0.247757 1.174615
-0.688130 0.247950 1.178694
-0.679029 0.242758 1.177306
-0.685200 0.241073 1.182423
-0.696863 0.232658 1.180575
-0.688867 0.257324 1.149084
-0.688729 0.265656 1.140847
-0.688184 0.260438 1.145561
-0.685814 0.270175 1.146584
-0.686690 0.275984 1.140618
-0.689030 0.271510 1.135860
-0.688515 0.274559 1.131658
-0.706001 0.269697 1.150881
-0.628294 0.178446 1.212752
-0.620122 0.176798 1.202148
-0.628294 0.178446 1.212752
-0.629303 0.170306 1.215685
-0.626025 0.185178 1.210241
-0.629099 0.163085 1.218905
-0.621088 0.162232 1.191074
-0.619642 0.175141 1.189650
-0.618139 0.185759 1.196976
-0.616630 0.195884 1.196507
-0.617864 0.203545 1.184222
-0.623913 0.204347 1.179233
-0.614423 0.205202 1.191737
-0.623913 0.204347 1.179233
-0.617864 0.203545 1.184222
-0.613829 0.209543 1.189347
-0.613280 0.216520 1.184201
-0.630336 0.224944 1.169693
-0.634336 0.214170 1.176748
-0.630516 0.230467 1.166392
-0.628814 0.235972 1.162201
-0.627169 0.240249 1.159507
-0.624777 0.246514 1.157027
-0.617066 0.251638 1.155266
-0.621262 0.253258 1.156166
-0.614039 0.250519 1.155940
-0.619748 0.257705 1.159675
-0.614940 0.257446 1.159971
-0.627660 0.251619 1.161313
-0.623953 0.255973 1.159737
-0.616208 0.258393 1.163185
-0.619748 0.257705 1.159675
-0.623953 0.255973 1.159737
-0.611929 0.254658 1.167120
-0.612172 0.257061 1.163721
-0.612753 0.250042 1.171768
-0.609614 0.253017 1.165844
-0.608358 0.244737 1.167355
-0.612017 0.256255 1.160159
-0.611094 0.241116 1.177109
-0.609061 0.237483 1.173808
-0.609889 0.248225 1.170612
-0.609611 0.234236 1.176271
-0.627125 0.244032 1.176675
-0.629538 0.239697 1.180971
-0.632335 0.232402 1.187359
-0.624429 0.233243 1.191261
-0.626071 0.225990 1.194836
-0.633282 0.225235 1.190796
-0.629524 0.219348 1.198596
-0.619004 0.223011 1.194967
-0.621636 0.215824 1.200327
-0.631522 0.214669 1.201694
-0.624751 0.210705 1.204665
-0.638054 0.216022 1.195163
-0.638054 0.216022 1.195163
-0.644628 0.212292 1.187597
-0.640002 0.215664 1.184033
-0.641491 0.214766 1.190109
-0.640002 0.215664 1.184033
-0.636168 0.211125 1.178361
-0.638365 0.218619 1.181916
-0.636168 0.211125 1.178361
-0.642273 0.212080 1.183655
-0.644628 0.212292 1.187597
-0.639768 0.209455 1.177538
-0.642838 0.208032 1.176837
-0.629266 0.206500 1.178169
-0.629266 0.206500 1.178169
-0.632717 0.218732 1.174559
-0.638365 0.218619 1.181916
-0.635024 0.228183 1.175661
-0.636628 0.222666 1.179972
-0.635024 0.228183 1.175661
-0.633432 0.235026 1.170364
-0.633432 0.235026 1.170364
-0.632113 0.240379 1.167170
-0.628709 0.247211 1.170652
-0.632113 0.240379 1.167170
-0.630075 0.246695 1.163674
-0.626252 0.253302 1.166504
-0.630075 0.246695 1.163674
-0.627660 0.251619 1.161313
-0.647906 0.211129 1.188885
-0.636833 0.200400 1.210389
-0.631522 0.214669 1.201694
-0.624751 0.210705 1.204665
-0.620160 0.197292 1.204942
-0.620595 0.207852 1.203887
-0.623192 0.190972 1.207783
-0.623192 0.190972 1.207783
-0.626025 0.185178 1.210241
-0.616153 0.206076 1.199073
-0.614713 0.211491 1.195216
-0.613154 0.217955 1.191586
-0.611606 0.225413 1.183885
-0.613154 0.217955 1.191586
-0.614713 0.211491 1.195216
-0.610352 0.231014 1.178929
-0.610352 0.231014 1.178929
-0.609611 0.234236 1.176271
-0.610599 0.250955 1.158511
-0.609046 0.252091 1.162071
-0.609061 0.237483 1.173808
-0.612017 0.256255 1.160159
-0.614940 0.257446 1.159971
-0.614423 0.205202 1.191737
-0.616153 0.206076 1.199073
-0.614596 0.117684 1.199873
-0.611126 0.113592 1.204225
-0.613517 0.101619 1.203726
-0.607298 0.109491 1.208169
-0.607880 0.108560 1.210117
-0.604174 0.114911 1.214094
-0.605422 0.113477 1.215548
-0.614789 0.113059 1.207280
-0.619947 0.102939 1.206508
-0.620133 0.096424 1.203469
-0.632576 0.093646 1.207518
-0.632576 0.093646 1.207518
-0.619947 0.102939 1.206508
-0.636526 0.112436 1.221888
-0.614789 0.113059 1.207280
-0.611376 0.119662 1.216204
-0.610066 0.127759 1.225926
-0.653845 0.102293 1.240090
-0.655858 0.095592 1.233468
-0.654580 0.090777 1.223755
-0.633305 0.120934 1.246773
-0.640746 0.116009 1.246610
-0.648896 0.109739 1.244317
-0.650159 0.088930 1.214917
-0.642193 0.089709 1.210563
-0.653845 0.102293 1.240090
-0.648896 0.109739 1.244317
-0.655858 0.095592 1.233468
-0.640746 0.116009 1.246610
-0.633305 0.120934 1.246773
-0.647633 0.083544 1.217348
-0.642193 0.089709 1.210563
-0.650159 0.088930 1.214917
-0.633354 0.087413 1.208207
-0.640419 0.084357 1.211493
-0.635323 0.086665 1.205997
-0.649946 0.082545 1.215619
-0.627964 0.090933 1.204481
-0.638010 0.090969 1.201522
-0.644126 0.098122 1.199130
-0.653147 0.085350 1.226611
-0.604922 0.127471 1.236585
-0.610066 0.127759 1.225926
-0.603067 0.124335 1.229729
-0.604922 0.127471 1.236585
-0.603429 0.119151 1.222642
-0.611376 0.119662 1.216204
-0.601763 0.122180 1.222587
-0.679029 0.242758 1.177306
-0.679029 0.242758 1.177306
-0.696419 0.229564 1.163853
-0.716898 0.221789 1.145252
-0.721645 0.228935 1.128531
-0.727230 0.241740 1.088873
-0.711680 0.189194 1.143763
-0.716362 0.184734 1.146487
-0.727888 0.194717 1.124954
-0.688876 0.282845 1.139946
-0.691235 0.238071 1.182747
-0.640002 0.215664 1.184033
-0.636628 0.222666 1.179972
-0.616153 0.206076 1.199073
-0.611972 0.131021 1.234575
-0.581605 0.123190 1.202676
-0.578965 0.117809 1.201498
-0.581420 0.123278 1.206723
-0.581161 0.119612 1.201714
-0.579568 0.126278 1.202587
-0.578950 0.125672 1.206867
-0.574101 0.127540 1.205113
-0.573311 0.125528 1.199999
-0.576187 0.127255 1.201494
-0.570138 0.121204 1.201984
-0.573311 0.125528 1.199999
-0.576187 0.127255 1.201494
-0.572245 0.117613 1.201952
-0.572907 0.121941 1.199013
-0.575005 0.118901 1.199128
-0.575461 0.115891 1.202854
-0.575005 0.118901 1.199128
-0.578353 0.117761 1.200245
-0.578965 0.117809 1.201498
-0.578353 0.117761 1.200245
-0.581161 0.119612 1.201714
-0.581161 0.119612 1.201714
-0.672011 0.076248 1.227409
-0.665329 0.078512 1.217375
-0.672011 0.076248 1.227409
-0.669218 0.080187 1.227926
-0.645779 0.048580 1.258927
-0.672886 0.080239 1.237574
-0.670762 0.083001 1.237729
-0.643005 0.051322 1.259184
-0.645779 0.048580 1.258927
-0.671986 0.084251 1.226602
-0.645321 0.055602 1.262500
-0.674031 0.088805 1.240374
-0.671058 0.089066 1.227248
-0.671986 0.084251 1.226602
-0.674031 0.088805 1.240374
-0.675536 0.091309 1.242834
-0.673748 0.092051 1.238450
-0.615402 0.022195 1.282625
-0.645321 0.055602 1.262500
-0.659915 0.119922 1.266274
-0.651953 0.129973 1.270576
-0.653379 0.130778 1.266172
-0.659915 0.119922 1.266274
-0.660051 0.120019 1.262161
-0.666746 0.110031 1.260103
-0.666600 0.110180 1.256134
-0.660051 0.120019 1.262161
-0.643311 0.138780 1.268972
-0.653379 0.130778 1.266172
-0.643311 0.138780 1.268972
-0.661506 0.154583 1.246017
-0.668960 0.146874 1.244686
-0.675409 0.138972 1.240920
-0.662408 0.155470 1.237330
-0.668960 0.146874 1.244686
-0.675409 0.138972 1.240920
-0.669992 0.148951 1.236404
-0.676244 0.141460 1.234058
-0.667019 0.148081 1.232494
-0.672928 0.141228 1.230249
-0.657435 0.149323 1.232787
-0.661031 0.153397 1.233671
-0.667722 0.138618 1.228196
-0.657435 0.149323 1.232787
-0.664156 0.141996 1.230367
-0.667722 0.138618 1.228196
-0.512058 -0.039611 1.334752
-0.510898 -0.053022 1.322268
-0.568499 0.057096 1.304824
-0.498639 -0.024059 1.346857
-0.673367 0.130438 1.223850
-0.676280 0.117408 1.212967
-0.675818 0.124637 1.220226
-0.676653 0.120057 1.216248
-0.685032 0.119606 1.216514
-0.676280 0.117408 1.212967
-0.676653 0.120057 1.216248
-0.681976 0.126837 1.222086
-0.675818 0.124637 1.220226
-0.688912 0.118835 1.219088
-0.689537 0.112457 1.211248
-0.673367 0.130438 1.223850
-0.677216 0.135212 1.227053
-0.685107 0.122607 1.230720
-0.680956 0.130798 1.236407
-0.685107 0.122607 1.230720
-0.680956 0.130798 1.236407
-0.687660 0.114924 1.223473
-0.687660 0.114924 1.223473
-0.687992 0.108641 1.214265
-0.687992 0.108641 1.214265
-0.673748 0.092051 1.238450
-0.671407 0.100821 1.248109
-0.671058 0.089066 1.227248
-0.666600 0.110180 1.256134
-0.672048 0.100608 1.252038
-0.671407 0.100821 1.248109
-0.666829 0.086633 1.216400
-0.661841 0.085340 1.205653
-0.656332 0.085033 1.195241
-0.647826 0.088851 1.187707
-0.638547 0.093856 1.182244
-0.628111 0.099658 1.180435
-0.652511 0.110559 1.172464
-0.644963 0.115990 1.171100
-0.652511 0.110559 1.172464
-0.659321 0.106751 1.174934
-0.644963 0.115990 1.171100
-0.650627 0.122603 1.179891
-0.658439 0.116961 1.182808
-0.658439 0.116961 1.182808
-0.655287 0.119098 1.180872
-0.650627 0.122603 1.179891
-0.536882 0.031630 1.232588
-0.476017 -0.042268 1.258506
-0.466028 -0.029499 1.258036
-0.486256 -0.053438 1.268575
-0.662798 0.113941 1.187794
-0.646117 0.125825 1.179676
-0.529119 0.035369 1.238978
-0.646117 0.125825 1.179676
-0.640121 0.130704 1.180091
-0.640121 0.130704 1.180091
-0.635769 0.135039 1.181601
-0.635769 0.135039 1.181601
-0.631237 0.141076 1.184697
-0.631237 0.141076 1.184697
-0.461715 0.003516 1.288386
-0.460671 -0.002795 1.277197
-0.464320 0.010196 1.303153
-0.629518 0.144662 1.187604
-0.628629 0.152221 1.196161
-0.628629 0.152221 1.196161
-0.619188 0.148611 1.187822
-0.621355 0.142124 1.181330
-0.618364 0.154345 1.195274
-0.619134 0.159194 1.203363
-0.624453 0.160626 1.205352
-0.629083 0.157252 1.203249
-0.631498 0.159526 1.211140
-0.621155 0.162997 1.211736
-0.630135 0.152716 1.205236
-0.631226 0.154189 1.213593
-0.630135 0.152716 1.205236
-0.634707 0.158384 1.220105
-0.634817 0.162221 1.220687
-0.634707 0.158384 1.220105
-0.636534 0.158338 1.223218
-0.637197 0.162454 1.223534
-0.535629 0.060084 1.297175
-0.471879 0.018290 1.330746
-0.467177 0.014943 1.316924
-0.640657 0.156694 1.228554
-0.548429 0.059353 1.305024
-0.483560 0.010039 1.350529
-0.645322 0.154582 1.231772
-0.650076 0.152565 1.232997
-0.645322 0.154582 1.231772
-0.642786 0.162178 1.228406
-0.640657 0.156694 1.228554
-0.642630 0.165454 1.229434
-0.648182 0.160334 1.231652
-0.648533 0.164333 1.233445
-0.632071 0.168223 1.232652
-0.626464 0.168056 1.226367
-0.621493 0.167039 1.219674
-0.624822 0.164342 1.213281
-0.632071 0.168223 1.232652
-0.626464 0.168056 1.226367
-0.621493 0.167039 1.219674
-0.617844 0.165204 1.212297
-0.617844 0.165204 1.212297
-0.616028 0.163259 1.210989
-0.616028 0.163259 1.210989
-0.621155 0.162997 1.211736
-0.617844 0.165204 1.212297
-0.617787 0.160534 1.209548
-0.616048 0.158756 1.210333
-0.613263 0.160798 1.211329
-0.618364 0.154345 1.195274
-0.619188 0.148611 1.187822
-0.621355 0.142124 1.181330
-0.625408 0.135303 1.176362
-0.625408 0.135303 1.176362
-0.631226 0.128614 1.173049
-0.631226 0.128614 1.173049
-0.637914 0.122254 1.171351
-0.637914 0.122254 1.171351
-0.622094 0.105707 1.181242
-0.628111 0.099658 1.180435
-0.618684 0.101384 1.178525
-0.612381 0.107911 1.180626
-0.616179 0.111470 1.183281
-0.607132 0.114910 1.183864
-0.611824 0.118193 1.186356
-0.611824 0.118193 1.186356
-0.602340 0.121593 1.188254
-0.607969 0.124329 1.190943
-0.598627 0.127749 1.194177
-0.597249 0.133381 1.201473
-0.605152 0.130019 1.196603
-0.603034 0.134381 1.203630
-0.603034 0.134381 1.203630
-0.605152 0.130019 1.196603
-0.597417 0.137976 1.209617
-0.603250 0.139376 1.210676
-0.609820 0.152074 1.213942
-0.602770 0.143913 1.220870
-0.598102 0.141688 1.218143
-0.587180 0.133051 1.220445
-0.589221 0.136776 1.229623
-0.577761 0.136782 1.209248
-0.587180 0.133051 1.220445
-0.580195 0.142575 1.221847
-0.585002 0.128362 1.209925
-0.569724 0.124101 1.202248
-0.575632 0.115927 1.202584
-0.575632 0.115927 1.202584
-0.571230 0.107144 1.199146
-0.564554 0.110524 1.198619
-0.571230 0.107144 1.199146
-0.566052 0.112844 1.198532
-0.568627 0.085435 1.195190
-0.575854 0.076371 1.192364
-0.583799 0.067710 1.191149
-0.622431 0.079166 1.184301
-0.592696 0.060251 1.191357
-0.602549 0.059896 1.191263
-0.621899 0.071799 1.182271
-0.605256 0.054599 1.188302
-0.602549 0.059896 1.191263
-0.595464 0.056454 1.186355
-0.605256 0.054599 1.188302
-0.632687 0.089702 1.180599
-0.638436 0.088835 1.178151
-0.637718 0.084173 1.180693
-0.638436 0.088835 1.178151
-0.621899 0.071799 1.182271
-0.647826 0.088851 1.187707
-0.638436 0.088835 1.178151
-0.638547 0.093856 1.182244
-0.634329 0.094083 1.182253
-0.654469 0.078476 1.198386
-0.656332 0.085033 1.195241
-0.657731 0.082114 1.197791
-0.661841 0.085340 1.205653
-0.663556 0.081808 1.206775
-0.660004 0.077667 1.207492
-0.648446 0.075493 1.187154
-0.646485 0.079996 1.188826
-0.661764 0.074162 1.206424
-0.655663 0.074603 1.196768
-0.648446 0.075493 1.187154
-0.608823 0.047235 1.190058
-0.607263 0.051328 1.191538
-0.639719 0.080028 1.179460
-0.577726 0.022906 1.202551
-0.608823 0.047235 1.190058
-0.605256 0.054599 1.188302
-0.575630 0.026130 1.199482
-0.546647 -0.000116 1.210884
-0.527399 -0.024978 1.222170
-0.577245 0.015772 1.202615
-0.595464 0.056454 1.186355
-0.579217 0.047757 1.194167
-0.543639 0.007779 1.207559
-0.544448 0.010195 1.206047
-0.570121 0.056550 1.192726
-0.578567 0.048840 1.196669
-0.579217 0.047757 1.194167
-0.581651 0.066453 1.187892
-0.579217 0.047757 1.194167
-0.591104 0.057763 1.189608
-0.579217 0.047757 1.194167
-0.553768 0.025392 1.207917
-0.552227 0.022857 1.205610
-0.591104 0.057763 1.189608
-0.544448 0.010195 1.206047
-0.542570 0.031456 1.204614
-0.540308 0.013219 1.210750
-0.540308 0.013219 1.210750
-0.552227 0.022857 1.205610
-0.545532 0.032243 1.207910
-0.542570 0.031456 1.204614
-0.570876 0.056809 1.196312
-0.553768 0.025392 1.207917
-0.578567 0.048840 1.196669
-0.534280 0.039631 1.206116
-0.545532 0.032243 1.207910
-0.563843 0.065647 1.197564
-0.562326 0.065356 1.193672
-0.555555 0.074450 1.196542
-0.529379 0.050057 1.213633
-0.557295 0.075101 1.200476
-0.550751 0.082610 1.200851
-0.552198 0.082084 1.202917
-0.529379 0.050057 1.213633
-0.521628 0.058025 1.215293
-0.526533 0.049344 1.210007
-0.524143 0.057199 1.218703
-0.520375 0.063928 1.220981
-0.522946 0.063427 1.222034
-0.549324 0.085813 1.205769
-0.522974 0.070876 1.221424
-0.525104 0.070843 1.222748
-0.544017 0.085371 1.212146
-0.542661 0.086400 1.209498
-0.549324 0.085813 1.205769
-0.548763 0.088758 1.205386
-0.542661 0.086400 1.209498
-0.542202 0.087953 1.211600
-0.525104 0.070843 1.222748
-0.522716 0.072320 1.223290
-0.520648 0.073918 1.223335
-0.543346 0.089217 1.210336
-0.541135 0.090672 1.211856
-0.520970 0.070866 1.222825
-0.522974 0.070876 1.221424
-0.520375 0.063928 1.220981
-0.503303 0.053772 1.232102
-0.508283 0.053817 1.228247
-0.520970 0.070866 1.222825
-0.522974 0.070876 1.221424
-0.503303 0.053772 1.232102
-0.503014 0.054824 1.233563
-0.502634 0.052782 1.234789
-0.502634 0.052782 1.234789
-0.508283 0.053817 1.228247
-0.511164 0.049203 1.221185
-0.512847 0.047112 1.223651
-0.512847 0.047112 1.223651
-0.516241 0.039833 1.215525
-0.502634 0.052782 1.234789
-0.468661 0.020805 1.251579
-0.518238 0.038533 1.217971
-0.524982 0.029585 1.214265
-0.462268 0.000821 1.250392
-0.465099 -0.010054 1.243711
-0.468962 -0.018506 1.238896
-0.473832 -0.029359 1.236663
-0.475981 -0.040629 1.237314
-0.505020 -0.033241 1.230687
-0.472008 -0.053055 1.242113
-0.477108 -0.053425 1.241452
-0.471418 -0.044804 1.250275
-0.469680 -0.023702 1.244030
-0.464131 -0.037459 1.249039
-0.458439 -0.026965 1.250921
-0.462212 -0.031692 1.254221
-0.464131 -0.037459 1.249039
-0.470055 -0.047875 1.253480
-0.471182 -0.045525 1.257481
-0.457007 -0.017715 1.258401
-0.466028 -0.029499 1.258036
-0.476017 -0.042268 1.258506
-0.479794 -0.059047 1.270433
-0.470055 -0.047875 1.253480
-0.486256 -0.053438 1.268575
-0.487997 -0.065572 1.293798
-0.463291 -0.059851 1.255924
-0.470055 -0.047875 1.253480
-0.498205 -0.060479 1.290746
-0.498205 -0.060479 1.290746
-0.494431 -0.067321 1.312244
-0.504975 -0.060197 1.308177
-0.577986 0.010408 1.250506
-0.498205 -0.060479 1.290746
-0.577986 0.010408 1.250506
-0.671602 0.111672 1.199145
-0.671602 0.111672 1.199145
-0.675126 0.114084 1.205654
-0.675126 0.114084 1.205654
-0.678140 0.111050 1.195492
-0.667621 0.111410 1.194195
-0.673205 0.111010 1.188239
-0.681394 0.106206 1.193744
-0.685613 0.104031 1.204455
-0.686380 0.108316 1.202807
-0.674134 0.101604 1.185788
-0.675084 0.107215 1.185633
-0.665847 0.103682 1.178655
-0.667299 0.110093 1.179655
-0.662798 0.113941 1.187794
-0.674134 0.101604 1.185788
-0.680841 0.101764 1.194656
-0.685613 0.104031 1.204455
-0.496381 -0.060980 1.329753
-0.494431 -0.067321 1.312244
-0.496381 -0.060980 1.329753
-0.489003 -0.076594 1.316337
-0.502806 -0.057557 1.343979
-0.498239 -0.068056 1.342119
-0.502450 -0.048599 1.342879
-0.502806 -0.057557 1.343979
-0.512058 -0.039611 1.334752
-0.500021 -0.039704 1.351234
-0.505538 -0.051181 1.351815
-0.502416 -0.043399 1.358796
-0.498639 -0.024059 1.346857
-0.499843 -0.037124 1.363409
-0.487977 -0.004367 1.356119
-0.487977 -0.004367 1.356119
-0.483225 -0.012317 1.367783
-0.477295 -0.001930 1.366346
-0.474861 0.004057 1.361868
-0.483560 0.010039 1.350529
-0.468459 0.020650 1.341022
-0.467696 0.024568 1.343000
-0.473818 0.003614 1.371344
-0.471879 0.018290 1.330746
-0.465527 0.021354 1.332470
-0.464392 0.024326 1.332425
-0.467696 0.024568 1.343000
-0.479061 0.008897 1.366256
-0.471964 0.007723 1.367185
-0.478178 0.030629 1.341105
-0.464392 0.024326 1.332425
-0.471146 0.029864 1.325115
-0.462126 0.022038 1.322019
-0.461891 0.017726 1.316936
-0.465797 0.024127 1.302982
-0.467177 0.014943 1.316924
-0.464320 0.010196 1.303153
-0.459707 0.012821 1.303049
-0.455765 0.011019 1.290473
-0.456619 0.005627 1.286838
-0.454259 0.006219 1.280197
-0.455451 -0.001666 1.273825
-0.454259 0.006219 1.280197
-0.461840 0.006729 1.266325
-0.461683 0.015368 1.281691
-0.455765 0.011019 1.290473
-0.458864 0.017988 1.268420
-0.460445 0.023577 1.280178
-0.462712 0.029153 1.293633
-0.458068 0.015483 1.301905
-0.467410 0.028567 1.261563
-0.460142 0.014043 1.262898
-0.466700 0.025420 1.256383
-0.465282 0.021857 1.253719
-0.459897 0.015362 1.257809
-0.468155 0.024035 1.255525
-0.462066 0.017444 1.254630
-0.460635 0.010999 1.257560
-0.463054 -0.004534 1.253630
-0.455974 -0.016473 1.255147
-0.454108 -0.007358 1.261941
-0.454108 -0.007358 1.261941
-0.453631 0.000653 1.271101
-0.459827 -0.009842 1.268461
-0.460278 -0.017613 1.262037
-0.488818 0.043701 1.243602
-0.488817 0.047101 1.241423
-0.486526 0.046659 1.243559
-0.485396 0.045705 1.251858
-0.483031 0.049164 1.248836
-0.487814 0.049196 1.241878
-0.486526 0.046659 1.243559
-0.485980 0.048977 1.243694
-0.483031 0.049164 1.248836
-0.481289 0.051622 1.253029
-0.483140 0.050912 1.248106
-0.481518 0.053269 1.252134
-0.481289 0.051622 1.253029
-0.483450 0.051579 1.261772
-0.480638 0.053611 1.257620
-0.480712 0.055405 1.257181
-0.496187 0.065035 1.243369
-0.496133 0.068304 1.248490
-0.496133 0.068304 1.248490
-0.498262 0.065437 1.244299
-0.498374 0.068052 1.248486
-0.499402 0.065446 1.242672
-0.496187 0.065035 1.243369
-0.497660 0.063936 1.240511
-0.498262 0.065437 1.244299
-0.499402 0.065446 1.242672
-0.505286 0.068948 1.244445
-0.498262 0.065437 1.244299
-0.499100 0.070773 1.253740
-0.498374 0.068052 1.248486
-0.502162 0.072415 1.261565
-0.557988 0.111950 1.215347
-0.508977 0.074131 1.259509
-0.505286 0.068948 1.244445
-0.529544 0.090420 1.225982
-0.557726 0.113879 1.209991
-0.557988 0.111950 1.215347
-0.564494 0.120869 1.229300
-0.559081 0.123070 1.218728
-0.558470 0.115450 1.210111
-0.558380 0.115401 1.207148
-0.558380 0.115401 1.207148
-0.557726 0.113879 1.209991
-0.556837 0.113023 1.207172
-0.564494 0.120869 1.229300
-0.564277 0.132716 1.242953
-0.568784 0.126601 1.245456
-0.561364 0.128678 1.231536
-0.575726 0.136912 1.209607
-0.578177 0.142606 1.221980
-0.567919 0.124312 1.202726
-0.559081 0.123070 1.218728
-0.558380 0.115401 1.207148
-0.569724 0.124101 1.202248
-0.577761 0.136782 1.209248
-0.578300 0.144464 1.234806
-0.564277 0.132716 1.242953
-0.580195 0.142575 1.221847
-0.580980 0.146518 1.232558
-0.584231 0.149312 1.242223
-0.578997 0.142688 1.236630
-0.578300 0.144464 1.234806
-0.581531 0.147024 1.244420
-0.578997 0.142688 1.236630
-0.564277 0.132716 1.242953
-0.584918 0.146522 1.252419
-0.584772 0.148232 1.252907
-0.570388 0.131264 1.243028
-0.581087 0.140295 1.237219
-0.584942 0.145462 1.252132
-0.581087 0.140295 1.237219
-0.570388 0.131264 1.243028
-0.584942 0.145462 1.252132
-0.574329 0.136813 1.258522
-0.572930 0.132017 1.259995
-0.565107 0.130870 1.244554
-0.568784 0.126601 1.245456
-0.569396 0.128030 1.258712
-0.566524 0.123760 1.247201
-0.562183 0.117882 1.230872
-0.566524 0.123760 1.247201
-0.517262 0.084898 1.288456
-0.513450 0.079851 1.275379
-0.562183 0.117882 1.230872
-0.508977 0.074131 1.259509
-0.506418 0.077888 1.276575
-0.513450 0.079851 1.275379
-0.510461 0.081696 1.289127
-0.495505 0.066412 1.265942
-0.498708 0.070961 1.280512
-0.504223 0.080273 1.276731
-0.496272 0.073636 1.280428
-0.510461 0.081696 1.289127
-0.504223 0.080273 1.276731
-0.506418 0.077888 1.276575
-0.510256 0.084585 1.293726
-0.511766 0.083271 1.293489
-0.521645 0.093293 1.288246
-0.510256 0.084585 1.293726
-0.523584 0.091087 1.288304
-0.523584 0.091087 1.288304
-0.525218 0.096030 1.289766
-0.558181 0.120215 1.272170
-0.560177 0.121477 1.267656
-0.558182 0.124027 1.267597
-0.572930 0.132017 1.259995
-0.556849 0.121956 1.272159
-0.560177 0.121477 1.267656
-0.558182 0.124027 1.267597
-0.526902 0.094291 1.289861
-0.558181 0.120215 1.272170
-0.524310 0.097314 1.290652
-0.520286 0.094844 1.289290
-0.529997 0.099136 1.294597
-0.529286 0.097974 1.295927
-0.524310 0.097314 1.290652
-0.536118 0.104189 1.291201
-0.520286 0.094844 1.289290
-0.515519 0.087565 1.301926
-0.536118 0.104189 1.291201
-0.530753 0.100538 1.295862
-0.529997 0.099136 1.294597
-0.536723 0.105500 1.292454
-0.552313 0.117584 1.282180
-0.552269 0.118464 1.283623
-0.532357 0.100730 1.296855
-0.538180 0.105798 1.293218
-0.553087 0.118122 1.284907
-0.532774 0.101754 1.297476
-0.538320 0.106470 1.294017
-0.552958 0.118694 1.285883
-0.534444 0.099387 1.302107
-0.532210 0.100397 1.299241
-0.532774 0.101754 1.297476
-0.552958 0.118694 1.285883
-0.539471 0.100136 1.302229
-0.542113 0.101248 1.301670
-0.540216 0.098772 1.301147
-0.539471 0.100136 1.302229
-0.542113 0.101248 1.301670
-0.534444 0.099387 1.302107
-0.538093 0.097147 1.302266
-0.534388 0.098252 1.301430
-0.543125 0.099009 1.300169
-0.538318 0.095633 1.302224
-0.543125 0.099009 1.300169
-0.542113 0.101248 1.301670
-0.543466 0.100213 1.302587
-0.543466 0.100213 1.302587
-0.546872 0.099027 1.303386
-0.543125 0.099009 1.300169
-0.538318 0.095633 1.302224
-0.543125 0.099009 1.300169
-0.546872 0.099027 1.303386
-0.551547 0.098136 1.306176
-0.547850 0.100456 1.302898
-0.548449 0.100044 1.302798
-0.551547 0.098136 1.306176
-0.546872 0.099027 1.303386
-0.548449 0.100044 1.302798
-0.551547 0.098136 1.306176
-0.549085 0.101543 1.304179
-0.552655 0.099166 1.307250
-0.549085 0.101543 1.304179
-0.563285 0.112661 1.295787
-0.566831 0.110166 1.298345
-0.547850 0.100456 1.302898
-0.545356 0.102795 1.300695
-0.543466 0.100213 1.302587
-0.561694 0.117647 1.290466
-0.563164 0.116332 1.291710
-0.563938 0.114048 1.293487
-0.564885 0.113205 1.292225
-0.563164 0.116332 1.291710
-0.563205 0.114346 1.289494
-0.561958 0.115153 1.288462
-0.561694 0.117647 1.290466
-0.563205 0.114346 1.289494
-0.567792 0.118181 1.285854
-0.564885 0.113205 1.292225
-0.566734 0.118260 1.285034
-0.561958 0.115153 1.288462
-0.583426 0.131958 1.275235
-0.567792 0.118181 1.285854
-0.566734 0.118260 1.285034
-0.565566 0.119696 1.286624
-0.567150 0.122342 1.283271
-0.566734 0.118260 1.285034
-0.567150 0.122342 1.283271
-0.565974 0.123053 1.284625
-0.563877 0.122793 1.284698
-0.564980 0.123928 1.283757
-0.563164 0.123387 1.285857
-0.562569 0.119224 1.289274
-0.559060 0.123645 1.282624
-0.561014 0.124293 1.282965
-0.561737 0.123936 1.282108
-0.560284 0.124349 1.282431
-0.560284 0.124349 1.282431
-0.562049 0.125036 1.280194
-0.560637 0.124036 1.281180
-0.565813 0.123859 1.282161
-0.563051 0.124644 1.279014
-0.560627 0.124861 1.279437
-0.579862 0.135390 1.274267
-0.565813 0.123859 1.282161
-0.563051 0.124644 1.279014
-0.559603 0.123609 1.278095
-0.560726 0.124381 1.277721
-0.559603 0.123609 1.278095
-0.559244 0.124246 1.279703
-0.575382 0.137110 1.268463
-0.588349 0.148300 1.260433
-0.577966 0.136955 1.268573
-0.581147 0.135455 1.273231
-0.581216 0.134382 1.275007
-0.582231 0.134658 1.273863
-0.594023 0.144367 1.267272
-0.592952 0.145326 1.266492
-0.589171 0.146168 1.262327
-0.595172 0.145751 1.267278
-0.593312 0.146738 1.266416
-0.594023 0.144367 1.267272
-0.595172 0.145751 1.267278
-0.582231 0.134658 1.273863
-0.599328 0.139080 1.267491
-0.584175 0.132307 1.274163
-0.584481 0.130668 1.274886
-0.599328 0.139080 1.267491
-0.584481 0.130668 1.274886
-0.619476 0.147278 1.261754
-0.601611 0.140524 1.265654
-0.602517 0.142409 1.261736
-0.621143 0.148491 1.257130
-0.615620 0.150542 1.249848
-0.602517 0.142409 1.261736
-0.601611 0.140524 1.265654
-0.600223 0.142283 1.256905
-0.595268 0.150388 1.260630
-0.596096 0.147592 1.265352
-0.592272 0.151192 1.256252
-0.593876 0.150477 1.261021
-0.595268 0.150388 1.260630
-0.594202 0.148446 1.264543
-0.596096 0.147592 1.265352
-0.587774 0.150932 1.251181
-0.589259 0.150777 1.250261
-0.584772 0.148232 1.252907
-0.557557 0.125731 1.268188
-0.585722 0.149052 1.241353
-0.595306 0.142024 1.248085
-0.589259 0.150777 1.250261
-0.591399 0.139692 1.239053
-0.589221 0.136776 1.229623
-0.591399 0.139692 1.239053
-0.595306 0.142024 1.248085
-0.603881 0.146516 1.225113
-0.607134 0.148388 1.233624
-0.610445 0.150173 1.242128
-0.610445 0.150173 1.242128
-0.615620 0.150542 1.249848
-0.603881 0.146516 1.225113
-0.608297 0.154060 1.215421
-0.602770 0.143913 1.220870
-0.613263 0.160798 1.211329
-0.604300 0.142880 1.218416
-0.608297 0.154060 1.215421
-0.602770 0.143913 1.220870
-0.621143 0.148491 1.257130
-0.644890 0.165352 1.243026
-0.644890 0.165352 1.243026
-0.652797 0.161034 1.245995
-0.654332 0.161253 1.235927
-0.652797 0.161034 1.245995
-0.653303 0.158295 1.233308
-0.650076 0.152565 1.232997
-0.626619 0.144781 1.263695
-0.626619 0.144781 1.263695
-0.625887 0.144458 1.266392
-0.631622 0.143953 1.265485
-0.631622 0.143953 1.265485
-0.629392 0.147026 1.269036
-0.625887 0.144458 1.266392
-0.626056 0.146979 1.269298
-0.613464 0.137545 1.276984
-0.613342 0.135411 1.275002
-0.593590 0.118868 1.288076
-0.593590 0.118868 1.288076
-0.613464 0.137545 1.276984
-0.626056 0.146979 1.269298
-0.628516 0.143683 1.271938
-0.574279 0.104906 1.302589
-0.574459 0.103707 1.300626
-0.577695 0.103533 1.304861
-0.593912 0.121403 1.290023
-0.580153 0.104775 1.307582
-0.628577 0.142707 1.275612
-0.629392 0.147026 1.269036
-0.636399 0.139400 1.274819
-0.643202 0.139869 1.273429
-0.633399 0.140614 1.276966
-0.605601 0.116094 1.298139
-0.607208 0.114883 1.296718
-0.577674 0.093653 1.317691
-0.612870 0.113756 1.297618
-0.580928 0.087903 1.319910
-0.507351 -0.032615 1.366309
-0.501195 -0.021603 1.372216
-0.502383 -0.032533 1.364091
-0.501195 -0.021603 1.372216
-0.491126 -0.012148 1.371839
-0.496942 -0.022295 1.368815
-0.493565 -0.025088 1.370440
-0.493565 -0.025088 1.370440
-0.485615 -0.013126 1.374663
-0.483615 -0.000359 1.371230
-0.479051 -0.003361 1.374595
-0.479051 -0.003361 1.374595
-0.480076 0.003998 1.369645
-0.485982 0.000669 1.376443
-0.483615 -0.000359 1.371230
-0.480076 0.003998 1.369645
-0.479983 0.008056 1.375555
-0.479061 0.008897 1.366256
-0.478542 0.013362 1.370117
-0.473818 0.003614 1.371344
-0.478178 0.030629 1.341105
-0.479983 0.008056 1.375555
-0.478542 0.013362 1.370117
-0.482231 0.015757 1.370072
-0.478059 0.038442 1.348900
-0.483856 0.020038 1.369081
-0.515123 0.040750 1.355057
-0.487661 0.050139 1.340462
-0.475258 0.038417 1.347174
-0.480528 0.040108 1.350467
-0.490103 0.049031 1.342535
-0.491964 0.049684 1.345833
-0.527356 0.077369 1.329541
-0.526735 0.078105 1.325615
-0.524136 0.080465 1.323237
-0.550745 0.087039 1.318446
-0.562061 0.091182 1.314990
-0.565290 0.092885 1.317940
-0.559896 0.093539 1.312287
-0.550083 0.088033 1.315247
-0.559896 0.093539 1.312287
-0.550745 0.087039 1.318446
-0.558586 0.092748 1.310163
-0.556203 0.096357 1.309925
-0.559896 0.093539 1.312287
-0.570421 0.107369 1.300492
-0.574279 0.104906 1.302589
-0.552655 0.099166 1.307250
-0.556203 0.096357 1.309925
-0.558586 0.092748 1.310163
-0.524136 0.080465 1.323237
-0.487661 0.050139 1.340462
-0.475290 0.041145 1.342757
-0.522464 0.084231 1.309113
-0.510706 0.073875 1.316034
-0.475258 0.038417 1.347174
-0.471246 0.039611 1.330294
-0.496558 0.063116 1.302774
-0.467660 0.036676 1.317436
-0.491722 0.058135 1.292179
-0.491722 0.058135 1.292179
-0.494092 0.065516 1.301621
-0.496558 0.063116 1.302774
-0.501217 0.072257 1.313803
-0.503755 0.068581 1.315408
-0.496481 0.071867 1.309095
-0.492912 0.070647 1.304326
-0.492972 0.072192 1.303859
-0.496481 0.071867 1.309095
-0.492912 0.070647 1.304326
-0.501241 0.073754 1.313120
-0.496751 0.073653 1.308651
-0.503388 0.077237 1.309196
-0.505167 0.074370 1.315047
-0.505811 0.076937 1.309426
-0.515783 0.085820 1.303200
-0.520477 0.086195 1.307743
-0.529965 0.097023 1.297930
-0.532748 0.096228 1.301401
-0.519966 0.084582 1.307967
-0.522464 0.084231 1.309113
-0.534076 0.095273 1.301982
-0.535884 0.094537 1.301968
-0.532748 0.096228 1.301401
-0.530566 0.098891 1.298352
-0.529965 0.097023 1.297930
-0.530017 0.099616 1.296748
-0.531340 0.099697 1.297716
-0.531987 0.099183 1.298960
-0.531713 0.100548 1.298453
-0.532210 0.100397 1.299241
-0.531713 0.100548 1.298453
-0.535884 0.094537 1.301968
-0.519966 0.084582 1.307967
-0.509070 0.075627 1.313991
-0.505811 0.076937 1.309426
-0.509070 0.075627 1.313991
-0.510706 0.073875 1.316034
-0.506124 0.073090 1.316111
-0.501217 0.072257 1.313803
-0.506124 0.073090 1.316111
-0.507754 0.071343 1.317140
-0.510706 0.073875 1.316034
-0.492912 0.070647 1.304326
-0.493561 0.073443 1.299104
-0.493561 0.073443 1.299104
-0.506189 0.084220 1.290583
-0.508042 0.083834 1.289291
-0.520286 0.094844 1.289290
-0.494407 0.074739 1.281953
-0.506189 0.084220 1.290583
-0.502175 0.081141 1.278388
-0.502175 0.081141 1.278388
-0.490540 0.071544 1.287191
-0.487107 0.066939 1.274474
-0.490459 0.068429 1.265395
-0.490459 0.068429 1.265395
-0.496272 0.073636 1.280428
-0.494407 0.074739 1.281953
-0.495505 0.066412 1.265942
-0.492523 0.068085 1.265765
-0.500095 0.074090 1.261000
-0.495505 0.066412 1.265942
-0.498046 0.074527 1.260381
-0.499100 0.070773 1.253740
-0.498046 0.074527 1.260381
-0.496733 0.071112 1.253388
-0.502162 0.072415 1.261565
-0.500095 0.074090 1.261000
-0.496733 0.071112 1.253388
-0.482877 0.058656 1.259033
-0.480638 0.053611 1.257620
-0.482877 0.058656 1.259033
-0.483450 0.051579 1.261772
-0.487107 0.066939 1.274474
-0.490540 0.071544 1.287191
-0.491334 0.059752 1.291458
-0.485729 0.049446 1.264645
-0.488039 0.055083 1.279241
-0.487925 0.053413 1.279690
-0.464915 0.033306 1.304580
-0.574459 0.103707 1.300626
-0.570421 0.107369 1.300492
-0.567822 0.109632 1.296948
-0.566831 0.110166 1.298345
-0.563285 0.112661 1.295787
-0.563657 0.111825 1.293675
-0.567822 0.109632 1.296948
-0.574459 0.103707 1.300626
-0.563938 0.114048 1.293487
-0.546526 0.068433 1.337213
-0.546923 0.065237 1.337091
-0.485982 0.000669 1.376443
-0.494657 -0.010249 1.377099
-0.506617 -0.041641 1.357170
-0.499843 -0.037124 1.363409
-0.502416 -0.043399 1.358796
-0.512932 -0.043188 1.359042
-0.510733 -0.052550 1.348074
-0.505538 -0.051181 1.351815
-0.502806 -0.057557 1.343979
-0.505522 -0.062763 1.344131
-0.516162 -0.057041 1.342946
-0.492885 -0.081126 1.347093
-0.488360 -0.081004 1.347547
-0.517095 -0.053852 1.351026
-0.521584 -0.063542 1.342042
-0.521471 -0.068533 1.339573
-0.482070 -0.107565 1.344629
-0.473013 -0.107780 1.346455
-0.468924 -0.102738 1.347095
-0.471828 -0.095377 1.347607
-0.466997 -0.099695 1.345079
-0.483889 -0.081991 1.344728
-0.471828 -0.095377 1.347607
-0.466997 -0.099695 1.345079
-0.488360 -0.081004 1.347547
-0.466997 -0.099695 1.345079
-0.464142 -0.104998 1.342456
-0.463572 -0.102084 1.341516
-0.457657 -0.106295 1.330975
-0.473671 -0.113560 1.338193
-0.476949 -0.112074 1.342776
-0.473013 -0.107780 1.346455
-0.467515 -0.114381 1.326649
-0.476518 -0.111403 1.333215
-0.471184 -0.112245 1.321956
-0.479267 -0.110309 1.335581
-0.480411 -0.113275 1.333748
-0.478417 -0.113896 1.331789
-0.473028 -0.114891 1.320520
-0.458665 -0.114910 1.308746
-0.462806 -0.112599 1.305377
-0.465577 -0.115236 1.305230
-0.456918 -0.113926 1.289159
-0.455432 -0.111314 1.290220
-0.449321 -0.113334 1.290873
-0.449356 -0.109537 1.278952
-0.443121 -0.111539 1.278532
-0.451644 -0.112438 1.278830
-0.449525 -0.108392 1.276210
-0.451190 -0.111454 1.275983
-0.452895 -0.109883 1.273475
-0.451644 -0.112438 1.278830
-0.456918 -0.113926 1.289159
-0.472835 -0.097014 1.262979
-0.471772 -0.093318 1.263210
-0.452895 -0.109883 1.273475
-0.470806 -0.090975 1.258225
-0.446656 -0.107033 1.270253
-0.494659 -0.078310 1.252051
-0.493078 -0.076814 1.247696
-0.498980 -0.072972 1.248548
-0.499708 -0.079013 1.249464
-0.472835 -0.097014 1.262979
-0.495545 -0.082619 1.252053
-0.473028 -0.114891 1.320520
-0.478417 -0.113896 1.331789
-0.484022 -0.111087 1.334236
-0.526048 -0.084038 1.311329
-0.524262 -0.080947 1.313060
-0.505692 -0.097513 1.322673
-0.504161 -0.094388 1.323802
-0.484022 -0.111087 1.334236
-0.482621 -0.108430 1.335525
-0.524548 -0.081608 1.318848
-0.481623 -0.109896 1.342099
-0.476949 -0.112074 1.342776
-0.482070 -0.107565 1.344629
-0.502316 -0.086977 1.342637
-0.530427 -0.076268 1.317199
-0.532066 -0.078968 1.309802
-0.521471 -0.068533 1.339573
-0.549713 -0.050904 1.317272
-0.555299 -0.044234 1.317086
-0.553866 -0.043235 1.323166
-0.532066 -0.078968 1.309802
-0.553345 -0.052272 1.316804
-0.558196 -0.046731 1.316598
-0.587834 -0.015243 1.298066
-0.617089 0.016213 1.278493
-0.515245 -0.040997 1.225441
-0.527990 -0.029320 1.220652
-0.512606 -0.039080 1.227912
-0.511148 -0.046163 1.228040
-0.515245 -0.040997 1.225441
-0.524567 -0.021168 1.219325
-0.508922 -0.044291 1.230579
-0.505540 -0.039038 1.226414
-0.478091 -0.057029 1.237570
-0.505540 -0.039038 1.226414
-0.524567 -0.021168 1.219325
-0.464321 -0.075798 1.249748
-0.460970 -0.072330 1.252225
-0.464321 -0.075798 1.249748
-0.443472 -0.105526 1.269600
-0.443472 -0.105526 1.269600
-0.444043 -0.108992 1.272366
-0.441819 -0.109186 1.273366
-0.441819 -0.109186 1.273366
-0.437410 -0.106335 1.276634
-0.463291 -0.059851 1.255924
-0.436946 -0.097619 1.277961
-0.435220 -0.101242 1.282458
-0.437172 -0.101612 1.287713
-0.435220 -0.101242 1.282458
-0.436946 -0.097619 1.277961
-0.436127 -0.106116 1.286029
-0.435220 -0.101242 1.282458
-0.437172 -0.101612 1.287713
-0.440445 -0.106198 1.295260
-0.441804 -0.101689 1.295091
-0.435009 -0.104037 1.281373
-0.437410 -0.106335 1.276634
-0.443121 -0.111539 1.278532
-0.441819 -0.109186 1.273366
-0.449321 -0.113334 1.290873
-0.449094 -0.106975 1.313405
-0.458665 -0.114910 1.308746
-0.450029 -0.103215 1.313459
-0.457715 -0.103432 1.330060
-0.450029 -0.103215 1.313459
-0.457715 -0.103432 1.330060
-0.546647 -0.000116 1.210884
-0.544957 0.002835 1.216135
-0.540357 0.011350 1.213043
-0.544957 0.002835 1.216135
-0.543639 0.007779 1.207559
-0.540308 0.013219 1.210750
-0.532456 0.020830 1.212510
-0.540357 0.011350 1.213043
-0.532456 0.020830 1.212510
-0.524982 0.029585 1.214265
-0.523856 0.030061 1.211237
-0.534280 0.039631 1.206116
-0.531159 0.021528 1.209686
-0.518238 0.038533 1.217971
-0.526533 0.049344 1.210007
-0.523856 0.030061 1.211237
-0.521628 0.058025 1.215293
-0.516241 0.039833 1.215525
-0.617089 0.016213 1.278493
-0.613887 0.018777 1.279328
-0.584551 -0.013108 1.298696
-0.585069 -0.010664 1.303031
-0.615402 0.022195 1.282625
-0.585069 -0.010664 1.303031
-0.512932 -0.043188 1.359042
-0.517095 -0.053852 1.351026
-0.521584 -0.063542 1.342042
-0.553866 -0.043235 1.323166
-0.480411 -0.113275 1.333748
-0.505522 -0.062763 1.344131
-0.600576 0.139709 1.266918
-0.552313 0.117584 1.282180
-0.559060 0.123645 1.282624
-0.543466 0.100213 1.302587
-0.584942 0.145462 1.252132
-0.584918 0.146522 1.252419
-0.566052 0.112844 1.198532
-0.563587 0.112012 1.199175
-0.564554 0.110524 1.198619
-0.557964 0.111333 1.204776
-0.560203 0.106697 1.201065
-0.559107 0.108219 1.201619
-0.558613 0.106506 1.200351
-0.557655 0.107878 1.201058
-0.556511 0.111308 1.203999
-0.557655 0.107878 1.201058
-0.539275 0.096317 1.213258
-0.540361 0.093145 1.210434
-0.541424 0.091532 1.210101
-0.558613 0.106506 1.200351
-0.539977 0.092541 1.212466
-0.541424 0.091532 1.210101
-0.540361 0.093145 1.210434
-0.539275 0.096317 1.213258
-0.539641 0.098471 1.214209
-0.539358 0.095336 1.214904
-0.555053 0.111391 1.205748
-0.540231 0.099118 1.216406
-0.556837 0.113023 1.207172
-0.555053 0.111391 1.205748
-0.540231 0.099118 1.216406
-0.556837 0.113023 1.207172
-0.540231 0.099118 1.216406
-0.518689 0.078652 1.226865
-0.516506 0.079575 1.229902
-0.529544 0.090420 1.225982
-0.516506 0.079575 1.229902
-0.500333 0.066051 1.236538
-0.516607 0.078260 1.226691
-0.516506 0.079575 1.229902
-0.515358 0.078499 1.228136
-0.500507 0.065630 1.238444
-0.499401 0.063663 1.236322
-0.500507 0.065630 1.238444
-0.499488 0.062759 1.237705
-0.497660 0.063936 1.240511
-0.500280 0.059627 1.234633
-0.516607 0.078260 1.226691
-0.499401 0.063663 1.236322
-0.500102 0.060739 1.233455
-0.517735 0.075999 1.223774
-0.518716 0.073912 1.222701
-0.501011 0.058997 1.232695
-0.501011 0.058997 1.232695
-0.500102 0.060739 1.233455
-0.503014 0.054824 1.233563
-0.501389 0.057680 1.234199
-0.501011 0.058997 1.232695
-0.518716 0.073912 1.222701
-0.519487 0.075730 1.224102
-0.561148 0.103521 1.200654
-0.543346 0.089217 1.210336
-0.561148 0.103521 1.200654
-0.562072 0.105687 1.200886
-0.562441 0.103817 1.198873
-0.562072 0.105687 1.200886
-0.548763 0.088758 1.205386
-0.561130 0.100233 1.198895
-0.561130 0.100233 1.198895
-0.564869 0.102969 1.201013
-0.562441 0.103817 1.198873
-0.562072 0.105687 1.200886
-0.562966 0.095861 1.199980
-0.564869 0.102969 1.201013
-0.563511 0.099065 1.200770
-0.569383 0.105120 1.199176
-0.562072 0.105687 1.200886
-0.564869 0.102969 1.201013
-0.560961 0.096734 1.198234
-0.564706 0.090983 1.198060
-0.561989 0.091442 1.194516
-0.564706 0.090983 1.198060
-0.561989 0.091442 1.194516
-0.560961 0.096734 1.198234
-0.555555 0.074450 1.196542
-0.566487 0.084323 1.191042
-0.568627 0.085435 1.195190
-0.562326 0.065356 1.193672
-0.573563 0.075035 1.188471
-0.566487 0.084323 1.191042
-0.570121 0.056550 1.192726
-0.581651 0.066453 1.187892
-0.583799 0.067710 1.191149
-0.591104 0.057763 1.189608
-0.592696 0.060251 1.191357
-0.460121 0.019295 1.311455
-0.592696 0.060251 1.191357
-0.667251 0.074797 1.216843
-0.668403 0.082560 1.216270
-0.668403 0.082560 1.216270
-0.672886 0.080239 1.237574
-0.634329 0.094083 1.182253
-0.631226 0.154189 1.213593
-0.616179 0.111470 1.183281
-0.638547 0.093856 1.182244
-0.655663 0.074603 1.196768
-0.639719 0.080028 1.179460
-0.570876 0.056809 1.196312
-0.553768 0.025392 1.207917
-0.536942 0.040426 1.209765
-0.552198 0.082084 1.202917
-0.524143 0.057199 1.218703
-0.525104 0.070843 1.222748
-0.487997 -0.065572 1.293798
-0.671602 0.111672 1.199145
-0.680841 0.101764 1.194656
-0.477154 0.017830 1.339741
-0.467696 0.024568 1.343000
-0.458068 0.015483 1.301905
-0.490409 0.044087 1.241971
-0.480638 0.053611 1.257620
-0.498262 0.065437 1.244299
-0.565107 0.130870 1.244554
-0.582725 0.146449 1.232248
-0.581087 0.140295 1.237219
-0.498708 0.070961 1.280512
-0.506418 0.077888 1.276575
-0.526902 0.094291 1.289861
-0.560177 0.121477 1.267656
-0.557557 0.125731 1.268188
-0.581216 0.134382 1.275007
-0.560726 0.124381 1.277721
-0.567150 0.122342 1.283271
-0.574279 0.104906 1.302589
-0.494657 -0.010249 1.377099
-0.485615 -0.013126 1.374663
-0.475258 0.038417 1.347174
-0.556626 0.094431 1.309077
-0.491334 0.059752 1.291458
-0.529286 0.097974 1.295927
-0.494092 0.065516 1.301621
-0.509047 0.085561 1.295501
-0.502175 0.081141 1.278388
-0.494407 0.074739 1.281953
-0.498708 0.070961 1.280512
-0.502162 0.072415 1.261565
-0.490459 0.068429 1.265395
-0.480712 0.055405 1.257181
-0.502316 -0.086977 1.342637
-0.465577 -0.115236 1.305230
-0.505692 -0.097513 1.322673
-0.526048 -0.084038 1.311329
-0.478091 -0.057029 1.237570
-0.435009 -0.104037 1.281373
-0.546647 -0.000116 1.210884
-0.521471 -0.068533 1.339573
-0.539641 0.098471 1.214209
-0.500507 0.065630 1.238444
-0.500333 0.066051 1.236538
-0.562966 0.095861 1.199980
-0.550751 0.082610 1.200851
-0.573563 0.075035 1.188471
-0.567239 0.130847 1.258407
-0.502681 0.073032 1.243296
-0.554862 0.115687 1.213626
-0.515059 0.088192 1.288077
-0.570242 0.130810 1.259400
-0.515679 0.086163 1.290441
-0.502419 0.069967 1.242558
-0.556982 0.114614 1.211518
-0.322581 -0.538388 1.274991
-0.396504 -0.557049 1.299010
-0.407823 -0.557049 1.276795
-0.425453 -0.557049 1.259165
-0.447668 -0.557049 1.247846
-0.472293 -0.557049 1.243946
-0.496918 -0.557049 1.247846
-0.519133 -0.557049 1.259165
-0.536763 -0.557049 1.276795
-0.548082 -0.557049 1.299010
-0.551983 -0.557049 1.323636
-0.548082 -0.557049 1.348261
-0.536763 -0.557049 1.370476
-0.519133 -0.557049 1.388106
-0.496918 -0.557049 1.399425
-0.472293 -0.557049 1.403325
-0.447668 -0.557049 1.399425
-0.425453 -0.557049 1.388106
-0.407823 -0.557049 1.370476
-0.396504 -0.557049 1.348261
-0.392603 -0.557049 1.323636
-0.396504 -0.557049 1.299010
-0.322581 -0.538388 1.274991
-0.252344 -0.507798 1.252170
-0.252344 -0.507798 1.252170
-0.187523 -0.466032 1.231108
-0.129714 -0.414117 1.212325
-0.080341 -0.353333 1.196283
-0.040618 -0.285177 1.183376
-0.040618 -0.285177 1.183376
-0.011525 -0.211326 1.173923
-0.011525 -0.211326 1.173923
0.006222 -0.133598 1.168157
0.012187 -0.053909 1.166219
0.006222 0.025781 1.168157
0.006222 0.025781 1.168157
-0.011525 0.103508 1.173923
-0.040618 0.177359 1.183376
-0.080341 0.245516 1.196283
-0.129714 0.306300 1.212325
-0.129714 0.306300 1.212325
-0.187523 0.358214 1.231108
-0.187523 0.358214 1.231108
-0.252344 0.399981 1.252170
-0.322581 0.430571 1.274991
-0.396504 0.449231 1.299010
-0.407823 0.449231 1.276795
-0.425453 0.449231 1.259165
-0.447668 0.449231 1.247846
-0.472293 0.449231 1.243946
-0.496918 0.449231 1.247846
-0.519133 0.449231 1.259165
-0.536763 0.449231 1.276795
-0.548082 0.449231 1.299010
-0.551983 0.449231 1.323636
-0.548082 0.449231 1.348261
-0.536763 0.449231 1.370476
-0.519133 0.449231 1.388106
-0.496918 0.449231 1.399425
-0.472293 0.449231 1.403325
-0.447668 0.449231 1.399425
-0.425453 0.449231 1.388106
-0.407823 0.449231 1.370476
-0.396504 0.449231 1.348261
-0.392603 0.449231 1.323636
-0.396504 0.449231 1.299010
-0.472293 -0.563320 1.323636
-0.472293 -0.563320 1.323636
-0.472293 -0.563320 1.323636
-0.472293 -0.563320 1.323636
-0.472293 -0.563320 1.323636
-0.472293 -0.563320 1.323636
-0.472293 -0.563320 1.323636
-0.472293 -0.563320 1.323636
-0.472293 -0.563320 1.323636
-0.472293 -0.563320 1.323636
-0.472293 -0.563320 1.323636
-0.472293 -0.563320 1.323636
-0.472293 -0.563320 1.323636
-0.472293 -0.563320 1.323636
-0.472293 -0.563320 1.323636
-0.472293 -0.563320 1.323636
-0.472293 -0.563320 1.323636
-0.472293 -0.563320 1.323636
-0.472293 -0.563320 1.323636
-0.472293 0.455503 1.323636
-0.472293 0.455503 1.323636
-0.472293 0.455503 1.323636
-0.472293 0.455503 1.323636
-0.472293 0.455503 1.323636
-0.472293 0.455503 1.323636
-0.472293 0.455503 1.323636
-0.472293 0.455503 1.323636
-0.472293 0.455503 1.323636
-0.472293 0.455503 1.323636
-0.472293 0.455503 1.323636
-0.472293 0.455503 1.323636
-0.472293 0.455503 1.323636
-0.472293 0.455503 1.323636
-0.472293 0.455503 1.323636
-0.472293 0.455503 1.323636
-0.472293 0.455503 1.323636
-0.472293 0.455503 1.323636
-0.472293 0.455503 1.323636
-0.472293 0.455503 1.323636
1532 1533
1563 1566
1533 1536
1781 1782
1779 1780
1482 1815
1527 1529
1567 1568
2654 2655
2675 2676
2698 2719
2700 2740
2656 2721
2699 2739
2655 2720
2701 2741
2657 2721
2676 2678
2697 2698
2703 2743
2659 2723
2702 2742
2658 2722
2685 2686
2688 2690
2679 2680
2693 2695
2694 2696
2704 2743
2660 2724
2680 2681
2692 2693
2664 2729
2708 2748
2705 2744
2661 2725
2661 2726
2665 2729
2707 2746
2707 2747
2663 2728
2709 2749
2706 2745
2662 2727
2682 2684
2683 2685
2690 2691
2666 2730
2710 2750
2668 2732
2712 2751
2669 2733
2669 2734
2713 2752
2667 2731
2711 2751
2677 2679
2696 2697
2681 2682
2691 2692
2673 2737
2717 2757
2670 2735
2714 2753
2671 2736
2715 2754
2715 2755
2672 2737
2716 2756
2718 2758
2674 2738
2687 2689
2686 2687
639 644
1891 1901
1896 1898
2647 2648
2646 2649
1678 1680
1687 1691
2651 2652
2650 2653
2198 2205
2221 2222
2201 2204
2406 2475
1444 1451
1451 2475
2476 2477
1448 1452
2646 2648
2202 2203
1442 2472
2473 2474
1440 1441
2410 2411
2409 2410
1438 2584
1439 1442
2169 2170
1671 1676
1667 2590
1669 1671
1649 1668
2168 2321
1966 1971
1974 1975
2403 2406
2481 2639
2197 2322
2163 2167
2194 2197
1886 2519
1890 1899
1668 1670
2166 2168
1907 2519
1673 1677
2112 2113
1687 1689
1755 1757
1699 1700
2383 2418
2407 2408
2189 2620
2193 2199
2333 2334
115 512
115 605
2514 2518
2188 2191
1674 2417
2422 2454
1826 1828
2377 2381
2385 2386
2339 2632
2150 2152
1803 1805
2159 2617
2379 2382
604 606
2393 2395
2389 2634
2392 2394
2205 2206
2212 2221
2196 2200
2151 2319
2152 2157
1818 1820
1757 2424
2417 2419
2421 2422
2390 2634
2338 2632
2400 2403
2391 2393
1735 2539
2420 2425
2423 2636
1362 1363
1530 1776
1771 1775
1719 2596
2373 2385
2376 2378
1769 2597
2332 2335
2347 2483
2544 2545
1651 1672
1756 2424
1812 1814
1642 1648
1650 1651
1480 1483
2047 2049
2043 2094
2048 2092
1908 2514
2511 2512
1834 1844
506 507
500 505
508 509
431 481
433 458
2518 2525
2520 2641
1981 2485
1984 1988
1759 1858
2158 2207
1987 1989
2335 2342
2345 2347
142 528
2160 2208
1675 2414
1991 1992
501 502
502 517
2209 2617
2215 2217
1994 1995
1765 1769
1808 1809
2053 2614
586 588
620 691
2447 2449
2442 2450
1805 2344
1920 1921
1677 1678
2355 2362
1772 1801
1777 2597
2351 2448
114 115
434 484
437 456
369 375
373 681
1800 1806
1889 1895
2298 2605
334 336
620 621
459 482
459 603
1777 1800
1801 1802
235 551
594 595
1775 1778
125 523
126 127
2090 2092
2093 2094
2357 2363
618 619
471 527
491 492
1480 1481
461 479
479 480
2375 2633
2450 2451
2452 2453
1939 1968
1970 2612
1768 1771
2280 2286
2287 2289
130 131
537 542
141 491
2285 2301
2303 2305
1837 1839
91 101
120 535
752 758
2412 2413
114 513
1943 1944
1945 1948
781 827
53 54
6 8
1870 2530
569 570
608 625
2147 2150
1902 1941
1909 1911
556 557
1843 1844
354 526
1983 2243
2148 2149
2153 2154
1829 1831
1897 1947
1949 1951
782 827
489 490
564 566
2195 2201
1628 1630
469 685
495 497
498 499
1901 1944
9 10
2361 2364
2363 2366
2081 2082
474 685
1625 1629
1918 1919
568 569
753 756
584 586
619 691
496 528
29 32
40 42
1541 1543
1824 1833
616 618
1897 1898
1913 1915
463 478
1934 1935
1937 2608
1528 1529
1767 1768
1685 1686
1689 1694
220 224
1740 1743
1744 1746
66 659
596 690
1800 1807
759 760
763 764
12 13
464 476
2308 2310
1360 1361
554 555
1953 2609
2290 2628
5 656
587 589
824 825
1147 1159
2233 2235
1762 1766
570 573
341 343
615 617
773 776
1813 2178
567 568
627 629
373 552
1068 1072
1069 1070
1639 1647
1932 1933
336 338
1937 1938
1961 1964
609 610
34 36
1564 1565
2177 2179
2178 2619
1839 1841
1833 1837
1543 1565
1835 1836
0 9
1819 2600
1847 1848
2245 2246
589 590
67 68
356 378
372 373
126 514
523 532
332 333
806 1130
755 757
1946 1947
522 530
113 125
510 511
472 526
607 626
748 1061
806 1132
739 740
13 14
1037 1038
338 341
1912 1916
599 602
1625 1627
465 475
1044 1045
1747 1857
2175 2180
2171 2478
2172 2324
2174 2618
2328 2336
2478 2479
1764 2432
1773 1774
2323 2324
2336 2337
2479 2480
2305 2306
396 397
403 406
327 330
622 624
2367 2369
1903 1905
1916 1917
1754 1756
2 3
590 591
735 736
1913 1914
1 2
591 592
722 723
139 140
352 353
770 1074
440 443
1529 1864
329 331
16 17
331 332
400 402
621 623
1957 1959
2227 2229
529 538
573 574
611 612
548 689
813 1397
2229 2311
35 658
1449 1509
1453 1454
1454 2164
1456 1458
2309 2622
576 579
483 500
485 508
148 282
284 674
123 124
539 540
321 324
640 642
335 337
478 495
1868 2308
401 418
404 414
1455 1457
1457 1508
1459 1460
39 88
1505 1506
1461 2145
2349 2351
1459 1506
1508 1510
779 780
28 33
35 37
2281 2626
807 1232
2223 2227
1455 1461
1462 1463
574 576
612 614
7 656
1040 1043
1126 1127
1846 1847
1745 2464
2469 2471
1750 1751
436 437
1247 1248
132 135
132 145
1701 1712
2465 2468
1695 1697
1684 1686
2575 2577
306 360
309 360
2350 2451
442 445
954 957
973 1134
974 1133
63 64
731 1385
1706 2593
936 937
552 554
641 643
2206 2209
385 466
1760 1764
1763 1770
82 83
49 146
240 241
1364 1365
1391 1395
70 71
19 20
20 658
2228 2230
2231 2233
1649 1663
220 221
1942 1943
411 429
14 15
440 441
1750 1857
1656 1663
415 417
432 460
2360 2361
2387 2388
743 744
844 845
1662 1669
1666 2590
2356 2357
1838 2602
1845 1849
804 805
981 983
1806 1809
2275 2306
2276 2284
1918 2490
1693 2466
725 726
4 54
377 392
635 637
2456 2462
2460 2461
596 598
430 431
133 134
1006 1007
1829 2601
45 75
58 62
2173 2325
21 49
1861 1862
822 823
2329 2332
1752 1753
2175 2176
1742 2471
1665 1666
1816 1817
402 415
84 90
417 480
1702 2593
2307 2624
504 545
43 72
79 81
1652 1657
50 52
2569 2572
2573 2645
41 43
1636 1637
24 657
581 582
476 477
494 686
1446 1450
1507 1511
846 847
1514 1515
1652 2588
723 724
311 371
358 359
135 524
140 141
730 732
985 986
1748 1749
2463 2467
1681 1704
2571 2574
1664 2581
1512 1513
1657 1659
1692 2465
624 640
956 958
228 234
2568 2571
2365 2370
2374 2375
755 1067
22 23
583 585
1001 1003
471 473
492 493
54 56
1914 1923
1620 2130
1743 2467
1356 1395
1638 1640
2576 2578
44 45
339 340
243 244
261 427
36 89
1761 1859
841 842
27 30
1859 1860
294 680
361 362
229 238
239 666
1842 1845
1354 1396
1664 2589
68 91
535 536
236 237
783 815
1356 1357
1361 1363
1922 2607
227 242
653 655
1703 2591
726 727
592 593
760 761
931 934
626 628
2468 2470
381 383
1137 1139
1435 1661
395 470
630 632
1542 1863
777 778
408 463
416 462
38 41
1502 1503
1790 2599
1792 1794
1797 1798
1212 1240
714 715
935 936
1504 1799
1832 2579
364 366
1950 2609
1954 2610
77 98
344 345
1821 1825
1830 2601
1698 1700
104 105
578 580
2459 2460
1443 2582
1447 2583
728 730
410 412
435 683
31 69
2210 2220
1434 2584
1436 1439
2294 2630
109 110
1379 1389
1367 1368
1810 1811
2327 2330
382 384
386 389
51 652
1892 1893
2295 2605
1468 1469
1499 1501
1466 1500
1469 1498
1476 1495
1464 2136
1335 1336
1359 1380
1080 1081
719 729
419 421
580 581
1464 1465
1497 1498
1499 1500
116 117
571 572
218 219
233 235
1145 1152
867 871
103 108
111 511
102 103
575 577
1696 2592
1699 1702
1658 1660
793 800
1660 2583
1840 1862
2283 2627
1124 1128
1047 1048
1051 1052
995 999
405 414
964 965
18 46
18 150
1789 1791
861 862
107 112
112 601
1370 1371
1375 1377
1242 1249
355 377
72 73
398 399
407 409
1849 2579
793 799
61 107
600 601
1553 1559
448 450
1823 2600
949 955
1630 1634
1631 1632
315 357
1705 1708
1216 1217
516 517
128 129
541 543
389 391
815 828
137 138
1437 1440
2072 2485
598 602
74 95
92 94
1249 1250
350 352
1793 1795
393 394
1710 1713
444 446
444 449
2438 2441
118 599
300 369
1645 1646
367 441
424 425
59 106
560 561
1493 1494
878 883
1623 1624
1626 2118
2115 2117
2119 2120
1624 2119
751 753
2102 2115
1150 1153
1863 1864
1285 1286
451 453
223 224
1368 1372
1053 1054
1470 1471
1169 1172
1467 2137
963 964
558 559
2293 2629
547 553
549 550
1494 1791
438 455
447 452
1989 2075
933 938
11 26
877 879
96 543
99 128
860 862
1924 2110
830 835
147 166
2114 2116
1278 1281
1387 1388
852 947
945 1400
1280 1282
390 467
60 61
87 88
368 439
47 285
1366 1367
1374 1376
2312 2314
2318 2319
1488 1491
1358 1386
78 82
1046 1047
1049 1051
2184 2187
514 515
531 532
76 97
765 769
710 711
839 842
2134 2136
2135 2138
348 351
1050 1053
46 48
85 150
1597 1598
1549 1550
1547 1549
1593 1594
1518 1601
1521 1600
1547 1548
48 144
1225 1227
101 116
817 1398
750 766
1517 1518
1599 1601
859 862
92 93
2098 2099
2125 2133
378 393
387 388
1595 1596
1291 1292
1108 1112
1293 1295
1296 1326
1605 1607
1379 1383
1618 1622
1472 1473
1741 1743
1607 1610
1612 1613
2133 2141
452 454
455 457
1592 2131
2127 2129
1610 1612
1604 1605
1822 2181
2182 2190
2099 2123
2124 2125
2122 2123
1149 1151
869 872
1160 1168
1820 2600
1545 1557
1161 1240
1927 1931
1475 2139
1372 1373
1380 1381
342 344
1084 1089
1087 1088
843 844
872 874
1707 1709
718 721
1369 1370
1377 1378
1734 1742
1146 1154
714 717
73 76
78 80
481 483
391 467
562 563
633 634
613 615
737 738
1312 1316
1314 1315
1392 1394
1786 1788
879 880
1551 1580
298 678
1061 1404
119 534
292 676
2440 2442
1740 1741
1546 1552
2404 2405
146 162
146 169
509 512
632 635
1256 1257
541 542
941 943
1384 1386
1984 1986
1042 1043
1129 1130
1352 1354
751 754
557 558
636 638
937 939
1606 1608
1609 1611
454 488
457 487
520 522
525 687
1516 1602
559 562
1619 2130
1555 2586
1516 2585
1603 1655
1614 1615
1616 1617
1990 1991
1999 2059
1602 2587
1611 1617
1556 1560
1558 2586
1170 1171
1178 1182
1251 1253
1577 1578
1581 1582
851 1400
699 703
700 701
1351 1358
2095 2143
1578 1579
1582 1583
712 718
775 1064
704 705
1288 1290
1236 1237
55 218
1382 1383
153 155
379 380
383 385
486 488
783 784
1010 1023
1175 1178
1716 1719
820 1226
948 956
1711 1714
181 182
647 648
850 857
858 1131
1287 1288
65 659
328 329
1258 1310
1301 1408
1811 1813
2326 2327
1230 1231
1519 1520
837 840
952 960
1537 1539
1538 1540
1177 1179
1390 1411
1303 1304
1141 1232
1142 1152
94 96
827 871
831 832
1485 1784
1489 1785
1520 1794
2396 2401
519 520
996 1029
769 770
1993 1994
1227 1229
1473 1496
1474 2140
1477 1570
2402 2635
1196 1197
1200 1214
1286 1289
515 516
531 533
162 163
961 962
1413 1414
1193 1195
733 734
762 1121
180 652
649 650
692 693
1244 1246
887 889
1708 1722
2550 2644
1027 1028
1254 1255
1107 1117
848 849
1135 1136
835 873
1199 1210
210 212
650 651
1039 1041
1112 1113
1075 1078
764 1122
1783 1784
1785 2598
1318 1321
1983 2247
86 170
944 946
2192 2193
1353 1355
1720 1722
147 148
2381 2383
1234 1238
56 663
216 217
1263 1265
197 256
668 669
1060 1062
866 868
1347 1348
1850 1855
1334 1335
1337 1338
369 370
164 166
1328 1330
749 750
1092 1093
1223 1236
1241 1245
1243 1332
1115 1120
370 449
694 695
225 664
1714 1717
1732 1736
1562 1572
993 1016
1292 1294
708 709
259 260
427 428
1636 2565
2563 2570
553 555
1523 1796
1524 1531
1484 1486
1492 1495
1012 1017
1574 1576
1856 1857
898 900
468 469
1138 1140
1312 1409
1313 1314
1207 1209
1715 2595
346 348
1262 1263
121 122
1260 1261
1580 1585
286 288
2415 2416
863 864
697 698
2398 2399
886 888
1576 2137
757 1071
518 521
1111 1114
1123 1125
1691 1694
2345 2346
165 282
365 413
1561 1573
823 826
1214 1406
286 290
1349 1350
1331 1332
893 894
789 790
2353 2354
766 768
1099 1100
713 1393
766 767
822 1166
160 645
175 291
1164 1170
1867 1869
1871 1873
808 809
811 812
213 214
1333 1334
1338 1348
706 707
798 1307
319 320
1329 1410
262 428
304 305
771 772
865 963
1277 1282
797 798
814 1407
1151 1231
1297 1300
716 720
2105 2111
810 811
2239 2270
994 1030
1094 1095
273 274
325 326
2040 2052
2045 2046
1641 1643
1644 1646
1119 1122
1082 1086
363 404
418 419
927 930
855 870
1274 1276
1100 1128
1116 1118
1284 1285
745 768
2562 2564
2566 2567
1073 1075
2340 2341
425 426
889 916
347 349
1653 2588
264 672
272 673
1042 1131
1130 1132
2246 2250
854 856
1258 1260
375 376
1094 1127
1120 1121
904 906
902 904
1315 1319
1316 1317
1187 1188
2491 2495
1787 2598
692 696
57 219
1096 1097
951 953
1535 1537
1536 1538
24 25
1647 1648
1733 1734
1034 1035
2238 2242
915 916
2454 2455
2457 2638
1295 1299
847 940
888 891
2016 2017
198 661
597 690
896 913
900 908
1174 1175
833 834
836 1399
771 1065
774 1063
183 184
313 314
1828 2190
876 877
1490 1492
890 918
920 921
816 1398
1228 1230
2384 2386
2236 2237
2239 2240
299 678
1566 1569
1827 2183
2186 2188
2433 2434
2436 2437
259 671
297 684
563 565
1015 1016
1097 1098
278 279
295 296
1269 1320
1322 1323
1885 2295
1893 1894
293 294
1194 1239
1273 1323
1091 1092
2232 2237
2274 2624
1765 1768
156 660
1525 1526
892 916
1804 2483
2331 2332
1252 1308
1254 1309
972 981
979 980
372 681
2277 2625
2078 2079
2180 2183
2185 2186
2143 2144
2352 2353
2445 2446
859 1134
565 567
629 631
795 1324
1173 1176
1101 1102
1103 1107
2431 2637
2443 2444
1157 1161
2245 2267
2265 2266
1070 1079
1072 1405
1575 2139
789 809
942 945
2314 2317
802 803
1104 1105
1056 1057
899 959
1900 1901
275 276
322 323
2083 2084
801 1325
1882 2300
1883 2297
277 279
1083 1085
1154 1156
787 792
965 967
1162 1164
2435 2436
2439 2440
270 271
286 675
1872 1875
1155 1218
1197 1198
153 159
316 679
2103 2104
2107 2109
1522 1534
638 639
885 887
1876 1880
884 895
2556 2565
2563 2643
853 855
2018 2019
2022 2023
2426 2430
2427 2429
1709 1716
1721 2594
1936 1941
1182 1183
785 786
2348 2350
2234 2271
2269 2270
1417 1418
151 167
1343 1345
1165 1167
890 891
921 926
970 985
1077 1114
1153 1157
2161 2165
2057 2058
1878 2604
2302 2304
791 797
796 1324
1076 1405
1003 1004
1105 1107
1065 1068
1066 1069
1025 1026
1029 1031
746 747
2142 2144
928 932
1478 1479
2105 2107
2100 2102
100 136
840 950
544 688
1063 1064
1259 1310
1569 1570
1571 2140
154 155
977 978
2026 2027
1851 1854
2027 2214
2218 2219
2028 2032
968 969
875 876
152 168
1220 1225
838 1399
1143 1148
265 266
310 311
1238 1239
2215 2219
1103 1104
2397 2398
2145 2146
2223 2226
1163 1165
244 669
258 260
274 275
323 325
999 1005
373 374
1747 1855
967 971
173 254
1158 1159
177 179
1327 1329
1621 2121
2126 2128
1967 1968
1996 2000
925 927
200 201
248 249
1874 1879
1877 2604
902 929
2029 2030
894 911
2030 2216
2313 2315
901 903
1960 2278
149 283
268 269
143 285
1171 1174
2021 2025
966 969
1222 1223
973 1401
2014 2015
157 161
1540 1544
1976 1977
1980 1982
819 821
312 314
830 832
250 251
1005 1055
1964 2611
1965 1974
1215 1406
1272 1346
1952 1961
1088 1110
1089 1106
1302 1409
1224 1226
1449 1450
1078 1082
1233 1235
2234 2235
2056 2064
1172 1177
989 991
1180 1181
1588 1590
1738 2541
881 885
1852 1853
987 992
929 931
1217 1219
1221 1224
1758 1764
307 362
826 829
831 834
1180 1186
156 158
962 1403
1304 1305
2493 2495
1143 1144
1208 1211
1267 1270
172 173
2248 2249
2254 2256
1178 1188
1182 1187
914 915
2049 2053
882 884
2528 2530
2096 2097
2100 2101
316 317
318 319
2241 2244
2020 2487
2031 2033
701 702
703 709
2500 2501
2506 2507
1854 1856
817 818
1210 1213
1880 2301
2303 2631
1266 1342
1271 1275
983 1014
897 957
171 645
174 175
922 924
1033 1036
2066 2067
1138 1141
1142 1144
295 297
421 682
1283 1339
1340 1341
982 1009
975 977
1485 1487
864 865
984 988
1654 1655
1427 1430
1018 1019
1554 1580
256 257
1418 1420
919 922
303 305
1421 1424
2509 2516
788 791
2526 2538
2557 2558
1747 1853
2341 2343
1421 1425
246 247
654 655
306 308
1281 1283
1341 1344
183 206
203 204
1009 1011
1013 1014
289 290
161 171
2106 2108
1004 1059
1056 1058
231 232
1303 1306
1412 1414
2272 2273
741 742
1588 1589
168 172
176 178
976 979
1298 1311
2496 2546
2050 2054
1007 1008
546 547
1888 2525
2527 2529
2553 2555
2560 2561
185 188
189 191
1000 1002
2380 2428
2163 2165
990 992
179 182
230 665
2531 2534
2517 2523
1445 1449
2548 2551
2552 2554
2155 2161
1730 2542
1189 1192
1996 1997
2005 2261
2504 2509
1424 1427
1688 1689
1695 2592
1865 1867
1419 1425
1412 1432
1104 1109
1297 1324
1426 1429
1428 1431
237 503
997 998
1001 1032
1416 1420
1419 1420
1422 1423
1415 1429
1431 1433
2358 2359
255 423
420 682
254 255
293 677
1019 1021
1022 1402
2007 2259
1024 1402
2552 2562
1201 1203
1587 1590
2055 2061
301 302
205 206
1306 1307
148 283
1414 1417
1690 2580
1185 1186
2290 2291
2372 2378
2037 2039
2042 2044
1881 2529
1887 1888
1738 2540
2146 2148
2154 2162
226 664
911 914
910 923
912 917
1016 1018
1264 1266
1089 1090
1958 1959
1969 2612
1972 1973
1925 1935
1928 1933
239 241
646 647
2649 2651
1866 1867
1017 1022
2647 2652
1268 1345
1279 1346
2225 2265
2267 2268
1020 1031
190 191
199 661
186 252
252 253
422 670
2130 2132
2493 2513
2089 2091
2370 2372
1721 1722
1723 1728
1728 2505
2502 2545
2035 2036
2368 2371
825 829
2077 2084
1584 1586
1587 1589
1904 1905
235 545
1679 1680
1691 2458
2459 2461
1737 1739
207 662
704 1390
706 1393
2000 2001
2003 2004
241 263
234 545
2002 2006
2004 2008
2010 2011
2359 2360
2388 2482
1725 1726
1906 1908
1191 1198
2088 2104
280 281
287 675
221 222
2510 2512
2513 2515
1682 1683
2213 2621
187 253
195 196
1955 2283
1958 2282
2554 2555
2224 2264
2250 2251
2316 2320
1633 1635
2490 2492
1634 2559
2013 2015
266 267
2292 2629
909 910
2086 2108
2009 2253
2016 2263
2067 2615
2071 2073
1723 1724
1956 2627
2288 2289
202 204
1925 1926
208 209
2211 2220
1590 1591
2271 2272
2076 2078
1870 1872
1910 2606
1929 1940
2521 2532
2526 2642
2534 2535
1717 1718
1725 1731
2243 2245
1735 1736
2500 2640
2544 2547
2546 2549
2508 2516
2523 2524
192 194
195 197
2034 2035
2038 2041
1726 1730
1979 2248
1865 2603
1962 2279
2156 2157
2070 2616
2316 2317
1727 2543
1729 2504
2498 2513
2085 2086
1971 1975
2296 2299
193 194
1724 1728
2533 2536
2537 2538
213 215
211 212
245 667
2540 2541
1961 1963
1884 1886
2257 2623
2023 2024
2521 2641
2494 2495
2252 2253
2001 2033
2011 2012
2051 2054
2522 2524
1969 2113
1973 2613
1978 1979
1998 2262
905 907
2255 2257
2069 2080
2101 2484
2091 2092
2496 2497
2499 2503
2039 2040
1966 1976
2087 2088
2037 2320
2068 2615
1930 1931
2112 2489
2252 2254
790 794
1202 1204
2064 2068
907 909
2054 2056
2080 2081
2006 2009
2258 2259
1985 2257
2061 2065
2059 2063
2062 2486
2074 2615
1184 1186
2043 2045
2005 2007
1187 1190
1205 1206
2488 2489
915 918
2260 2261
2060 2062
2020 2021
