16017196900712907904 1026 600
-0.273201 0.033411 -0.232686
-1.754969 0.228108 2.289656
0.506680 -0.217462 -0.608635
-2.565241 0.223480 4.463005
-2.637180 0.509861 5.327662
-2.314438 0.839229 7.262216
-2.526719 0.709402 5.687620
0.391414 -0.087352 -0.799311
1.840064 -0.096594 -1.384006
0.506680 -0.217462 -0.608635
5.205568 0.002042 -1.693710
4.225753 0.120902 -1.697381
7.146258 -0.082808 -1.130050
5.856594 0.171303 -1.636431
0.406892 0.052135 -0.897414
0.391414 -0.087352 -0.799311
2.287185 0.275039 -1.286420
3.189940 0.256730 -1.740744
0.391414 -0.087352 -0.799311
3.356269 0.373162 -1.563842
2.287185 0.275039 -1.286420
4.225753 0.120902 -1.697381
3.189940 0.256730 -1.740744
4.364666 0.026198 -1.790494
-2.573533 0.528846 4.551820
-2.368601 0.298345 3.060579
-2.573533 0.528846 4.551820
2.437992 -0.190721 -1.377245
4.364666 0.026198 -1.790494
4.453739 0.313206 -1.762691
4.225753 0.120902 -1.697381
3.356269 0.373162 -1.563842
4.453739 0.313206 -1.762691
4.364666 0.026198 -1.790494
-0.247145 0.016910 0.067477
-1.244036 -0.108095 1.574379
0.279494 -0.423690 -0.425221
0.511810 -0.215551 -0.608983
-2.565241 0.223480 4.463005
-2.106807 -0.137098 2.904806
-2.277055 0.069545 4.045589
-2.308604 0.293514 3.059398
-2.284721 0.859548 6.870851
-2.164488 0.819285 7.746206
-2.555820 0.477270 4.225417
-1.604631 0.267521 2.315566
-1.131405 0.112032 0.783974
0.036318 0.094801 -0.517271
-2.572524 0.571770 4.932147
-2.505256 0.447592 4.922120
-2.636824 0.509054 5.327731
-2.343775 0.820863 7.216391
-2.530547 0.705673 5.685452
0.923481 -0.074114 -1.006005
2.990661 -0.096172 -1.736031
0.923526 -0.213556 -0.694254
2.280052 -0.066848 -1.287907
0.923481 -0.074114 -1.006005
4.222732 0.115994 -1.705146
2.280052 -0.066848 -1.287907
5.255543 0.044794 -1.800080
4.337903 0.023738 -1.774873
6.867997 -0.096532 -1.307584
5.112572 0.014822 -1.644572
6.107804 -0.067225 -1.526990
0.703109 0.213304 -0.900670
0.923481 -0.074114 -1.006005
2.286768 0.274361 -1.287492
3.194638 0.246970 -1.720226
3.365687 0.364554 -1.547313
3.194638 0.246970 -1.720226
2.286768 0.274361 -1.287492
3.860913 0.233293 -1.564283
4.186075 0.332467 -1.604891
4.460495 0.202836 -1.767431
5.525587 0.161984 -1.534753
5.894863 0.090239 -1.483648
7.088398 -0.051465 -1.112098
0.279494 -0.423690 -0.425221
-2.343775 0.820863 7.216391
-2.421849 0.591306 6.166065
-2.308604 0.293514 3.059398
-2.284721 0.859548 6.870851
0.923526 -0.213556 -0.694254
2.437992 -0.190721 -1.377245
2.990661 -0.096172 -1.736031
5.849706 0.187069 -1.606668
5.849706 0.187069 -1.606668
6.867997 -0.096532 -1.307584
6.867997 -0.096532 -1.307584
6.284954 0.032153 -1.447278
2.286768 0.274361 -1.287492
3.365687 0.364554 -1.547313
6.284954 0.032153 -1.447278
-2.029542 -0.109006 2.939760
-1.451654 -0.095758 1.255040
-1.863223 0.073135 2.286837
-0.795211 -0.085188 0.579710
-0.920114 -0.307793 1.044772
0.511810 -0.215551 -0.608983
-2.502982 0.345007 4.623821
-2.523850 0.319928 4.155334
-2.508005 0.454103 4.921087
-2.497009 0.469414 5.388525
-2.641797 0.515000 5.326447
-2.494733 0.254264 4.469389
-2.452605 0.140117 3.745215
-2.295905 0.068350 4.037167
-2.221256 0.089041 2.781478
-2.407739 0.819120 6.907721
-2.326607 0.811002 7.213284
-2.285835 0.858508 6.870231
-2.132267 0.782246 7.611011
-2.422933 0.597309 6.163847
-2.063626 0.334910 3.316608
-1.215185 0.184348 1.659771
-1.087059 0.140700 0.814714
-1.445524 0.338518 1.700897
-0.182254 0.046458 0.107253
-2.558908 0.495141 4.212573
-2.660608 0.397132 4.488089
-2.530290 0.526536 4.557666
-2.224048 0.318308 3.082551
0.957295 -0.198562 -0.990760
0.550572 -0.290969 -0.958984
0.236355 -0.393368 -0.367106
0.923526 -0.213556 -0.694254
1.417145 -0.307205 -1.149378
2.437924 -0.191189 -1.377353
1.855199 -0.061488 -1.183429
0.984798 -0.129901 -0.932236
2.366388 -0.120588 -1.489007
3.021037 -0.066804 -1.653622
2.598096 -0.053488 -1.384390
3.726501 -0.044567 -1.594291
4.300812 0.070691 -1.566662
4.135925 0.100858 -1.691519
5.255543 0.044794 -1.800080
4.332845 0.023939 -1.783400
4.458948 0.208750 -1.766971
6.806122 -0.099640 -1.236448
5.115474 0.007176 -1.652251
6.107687 -0.067395 -1.526662
6.876119 -0.069873 -1.318975
7.333963 -0.115680 -1.106011
7.349944 -0.218169 -0.999557
-0.432538 0.242549 0.390167
0.687289 0.202288 -0.922978
1.025662 0.177101 -0.782148
0.305602 0.147121 -0.215004
1.213172 0.044620 -0.990852
2.279807 0.286129 -1.312623
1.833053 0.253972 -1.295409
2.629263 0.345079 -1.408287
1.512345 0.202781 -0.940931
2.503828 0.248378 -1.583607
2.503828 0.248378 -1.583607
3.207072 0.202430 -1.679244
3.207072 0.202430 -1.679244
3.373260 0.341500 -1.521291
2.572727 0.240556 -1.359079
3.832961 0.239579 -1.559338
3.681500 0.266225 -1.748096
4.272797 0.182420 -1.731096
4.186206 0.334618 -1.594821
5.525653 0.163096 -1.529547
5.896273 0.093814 -1.485961
7.093460 -0.039866 -1.119908
6.806122 -0.099640 -1.236448
-2.527751 0.379360 4.986301
-2.502982 0.345007 4.623821
-2.132267 0.782246 7.611011
-2.119619 0.872493 7.746118
-2.224048 0.318308 3.082551
-2.556154 0.572908 4.933864
-2.326607 0.811002 7.213284
-2.285835 0.858508 6.870231
0.962647 0.002693 -0.881216
1.855199 -0.061488 -1.183429
2.611824 -0.035970 -1.483381
3.756970 0.005734 -1.738322
4.298778 0.151816 -1.699442
4.298778 0.151816 -1.699442
6.543979 -0.013026 -1.419948
7.717401 -0.206888 -0.774752
3.373260 0.341500 -1.521291
-2.480163 0.182052 4.005156
-2.228419 -0.065712 3.937958
-1.775877 -0.226426 2.370551
-1.775877 -0.226426 2.370551
-0.441915 -0.223203 0.379405
-2.684249 0.347312 4.495008
-2.467752 0.572722 6.162238
-2.523670 0.801571 5.890705
-2.440145 0.328086 4.991525
-2.458051 0.203073 4.468346
-1.890548 0.232160 2.054232
-0.196556 0.205362 -0.284436
-2.551878 0.441290 3.936450
-1.436192 0.386631 1.719182
-2.440145 0.328086 4.991525
-2.364028 0.457262 4.138544
-2.224101 0.895295 7.111053
-2.363299 0.815317 7.208419
0.821225 -0.087447 -1.063233
0.530942 -0.315249 -1.020249
0.443117 0.214431 -0.990751
0.660112 -0.229044 -0.484820
0.300182 -0.487889 -0.298422
1.308945 -0.330542 -0.811189
0.932489 -0.248074 -0.679549
2.329027 -0.079086 -1.205203
2.029925 -0.207125 -1.434950
2.695968 -0.195698 -1.425550
2.329027 -0.079086 -1.205203
6.128362 0.053165 -1.411467
4.293112 0.033712 -1.560036
5.518998 -0.088144 -1.628474
6.134426 0.189664 -1.525110
7.541633 -0.168446 -1.025838
6.557049 -0.048223 -1.464006
6.557049 -0.048223 -1.464006
7.004856 -0.206371 -1.181280
7.004856 -0.206371 -1.181280
7.583102 -0.247188 -0.782999
0.568882 0.087630 -0.357690
1.153299 -0.019880 -0.969437
2.293468 0.253978 -1.206968
0.443117 0.214431 -0.990751
1.840692 0.262487 -1.283285
2.636948 0.369537 -1.378221
2.509713 0.305200 -1.592820
3.213929 0.196917 -1.667008
2.509713 0.305200 -1.592820
2.636948 0.369537 -1.378221
3.213929 0.196917 -1.667008
3.824538 0.202052 -1.553548
5.776686 0.279653 -1.487368
3.371116 0.368144 -1.549953
3.682583 0.287616 -1.765193
3.371116 0.368144 -1.549953
4.585251 0.318752 -1.737939
3.213929 0.196917 -1.667008
3.905940 0.187847 -1.687740
7.583102 -0.247188 -0.782999
-2.228419 -0.065712 3.937958
-2.577384 0.170018 3.668927
-2.467752 0.572722 6.162238
-2.228419 -0.065712 3.937958
-2.458051 0.203073 4.468346
-2.228419 -0.065712 3.937958
-2.132763 0.817753 7.823354
0.328945 0.166825 -0.235570
-2.551878 0.441290 3.936450
0.660112 -0.229044 -0.484820
0.300182 -0.487889 -0.298422
1.153299 -0.019880 -0.969437
2.029925 -0.207125 -1.434950
1.153299 -0.019880 -0.969437
2.329027 -0.079086 -1.205203
4.293112 0.033712 -1.560036
4.127502 0.150273 -1.758753
4.293112 0.033712 -1.560036
4.334863 0.028439 -1.813370
4.293112 0.033712 -1.560036
5.518998 -0.088144 -1.628474
6.557049 -0.048223 -1.464006
1.073869 0.248281 -0.729224
2.636948 0.369537 -1.378221
3.824538 0.202052 -1.553548
4.585251 0.318752 -1.737939
3.371116 0.368144 -1.549953
4.585251 0.318752 -1.737939
4.334863 0.028439 -1.813370
6.134426 0.189664 -1.525110
5.776686 0.279653 -1.487368
6.134426 0.189664 -1.525110
-1.829306 -0.214190 2.339419
-0.403522 -0.374997 0.480652
-2.212466 -0.028325 3.933953
-1.153574 -0.145660 1.628620
-0.311526 -0.229723 0.476655
-2.531998 0.269964 4.619446
-2.458616 0.209228 4.467570
-2.445942 0.329640 4.986867
-2.531998 0.269964 4.619446
-2.257210 0.749534 7.293158
-2.436899 0.033274 3.974221
-2.212466 -0.028325 3.933953
-2.116280 0.768117 7.702611
-1.890926 0.104269 1.663617
-1.444843 0.398345 1.707075
-0.194397 0.202525 -0.282986
-1.488534 0.038033 1.675906
-0.862310 0.112968 1.196179
-1.707441 0.322312 2.417279
-0.402115 0.254864 0.390688
-0.862310 0.112968 1.196179
0.338420 0.186528 -0.213773
-2.509874 0.767436 6.367205
-2.519664 0.639272 4.941886
-2.442997 0.686105 5.501679
-1.707441 0.322312 2.417279
-2.362733 0.491144 4.128036
-2.267859 0.157194 4.110088
-2.435066 0.296018 4.619298
-2.519664 0.639272 4.941886
-2.298029 0.877525 7.122225
-2.187195 0.841047 7.262607
-2.418105 0.592347 5.799888
0.806024 -0.151490 -0.691220
-0.370372 -0.083592 0.248254
0.719434 -0.339215 -0.453569
0.401184 -0.394021 -0.265563
0.798448 -0.082403 -1.094418
0.545342 -0.344117 -1.000081
0.499040 0.198110 -0.924553
0.719434 -0.339215 -0.453569
0.974335 -0.208747 -0.649730
0.545342 -0.344117 -1.000081
1.421965 -0.367048 -1.112664
2.691375 -0.166648 -1.421737
2.563483 -0.179030 -1.509385
2.349391 -0.138701 -1.223186
3.016641 0.056614 -1.547310
3.017921 -0.051645 -1.666020
3.755204 -0.019484 -1.757561
4.290015 -0.006570 -1.568845
3.766441 0.082084 -1.537489
5.522576 0.174645 -1.505973
5.520982 -0.074164 -1.623182
6.799899 -0.141500 -1.216712
6.159061 0.151046 -1.501619
6.875083 -0.095381 -1.316798
6.565930 -0.012305 -1.469941
6.125927 0.073568 -1.396489
7.342732 -0.227492 -1.001007
7.049055 -0.193806 -1.174466
7.354887 -0.104229 -1.153525
7.342732 -0.227492 -1.001007
0.094382 0.015461 -0.792136
0.338420 0.186528 -0.213773
1.037562 0.266717 -0.761121
1.043745 -0.024086 -0.750687
2.287300 0.254187 -1.190561
1.825076 0.272210 -1.321879
0.798448 -0.082403 -1.094418
3.196372 0.201487 -1.699110
3.370124 0.382440 -1.540203
4.345819 0.245866 -1.573695
3.370124 0.382440 -1.540203
3.196372 0.201487 -1.699110
3.768439 0.347694 -1.766331
3.912980 0.187605 -1.661963
4.278497 0.186735 -1.723911
4.881486 0.260337 -1.557545
5.290267 0.121838 -1.840556
5.522576 0.174645 -1.505973
4.881486 0.260337 -1.557545
5.399181 0.275205 -1.640864
7.375225 -0.137641 -0.951126
0.253135 -0.456292 -0.329064
-2.558325 0.173189 3.677117
-2.547256 0.450639 3.941607
-2.558325 0.173189 3.677117
-2.267859 0.157194 4.110088
-2.212466 -0.028325 3.933953
-2.509874 0.767436 6.367205
-2.655042 0.463881 5.328264
-2.126940 0.794693 8.005842
-2.115514 0.878286 7.746490
-0.402115 0.254864 0.390688
-1.444843 0.398345 1.707075
-2.547256 0.450639 3.941607
-2.298029 0.877525 7.122225
-2.298029 0.877525 7.122225
-2.298029 0.877525 7.122225
-2.115514 0.878286 7.746490
0.401184 -0.394021 -0.265563
0.798448 -0.082403 -1.094418
1.115246 -0.097146 -0.991001
1.469547 -0.218911 -1.220606
1.115246 -0.097146 -0.991001
3.017921 -0.051645 -1.666020
4.290015 -0.006570 -1.568845
4.800784 0.010142 -1.756831
5.520982 -0.074164 -1.623182
6.565930 -0.012305 -1.469941
6.550125 -0.121143 -1.383763
6.550125 -0.121143 -1.383763
1.202227 0.039316 -1.004722
1.115246 -0.097146 -0.991001
2.234408 0.358986 -1.345050
2.768314 0.303215 -1.323520
3.370124 0.382440 -1.540203
4.301544 0.159829 -1.696131
4.336674 0.021762 -1.805007
5.772943 0.317045 -1.456672
6.159061 0.151046 -1.501619
6.159061 0.151046 -1.501619
7.700608 -0.168426 -0.780206
7.700608 -0.168426 -0.780206
-2.260837 0.108598 2.788062
-2.518394 0.072702 3.743897
-1.810315 -0.190843 2.345843
-1.944672 -0.069549 3.058284
-2.071541 -0.088246 3.420410
-1.541356 -0.221810 1.579274
-1.770137 0.010037 2.329034
-1.963391 0.082389 2.557020
-1.095812 -0.229626 0.983852
-1.003875 0.123971 0.673923
-1.164547 -0.080863 1.566061
-1.171234 -0.164729 1.620584
-0.314607 -0.235784 0.476393
-0.199672 -0.417655 0.173799
-0.887313 -0.007622 0.909621
-2.531738 0.626341 6.040005
-2.524790 0.250100 4.621366
-2.456074 0.207423 4.469667
-2.448110 0.328738 4.986518
-2.524790 0.250100 4.621366
-2.453840 0.344143 4.367164
-2.484976 0.459999 4.919269
-2.485039 0.408375 5.387818
-2.615822 0.455154 5.327236
-2.421848 0.593419 5.800060
-2.226084 0.735706 7.288996
-2.420224 0.602808 6.161693
-2.288654 0.022252 4.033651
-2.245091 -0.046472 3.927464
-2.288654 0.022252 4.033651
-2.518394 0.072702 3.743897
-2.071642 0.008696 3.631805
-2.375038 0.310421 4.163546
-2.147924 0.107722 3.309124
-2.396059 0.803978 6.908049
-2.203662 0.774230 7.585739
-1.734857 0.344334 2.397932
-1.776151 0.111212 2.290750
-1.734857 0.344334 2.397932
-0.991422 0.290974 0.950639
-1.586845 0.305410 2.303756
-1.436895 0.370113 1.707617
-1.427382 0.127947 1.873186
-1.336511 -0.000357 1.556451
-0.906447 0.104870 1.166037
-0.192468 0.186597 -0.283160
-0.251021 0.032788 0.364291
-0.404486 0.248249 0.389703
0.178954 0.073852 -0.048464
-2.457404 0.583248 4.574251
-2.522014 0.621991 4.943415
-2.483415 0.789653 5.889531
-2.522014 0.621991 4.943415
-2.357001 0.855841 6.659076
-2.304188 0.469020 3.720252
-2.540853 0.439888 3.946762
-2.357858 0.496977 4.129944
-2.338306 0.426488 4.185477
-2.457404 0.583248 4.574251
-2.338306 0.426488 4.185477
-2.197416 0.841204 7.264177
-2.326436 0.810970 7.213323
-2.279912 0.870108 6.987194
0.065365 -0.101410 -0.176069
0.274641 -0.421983 -0.308962
0.720700 -0.344397 -0.451479
0.245201 -0.301951 -0.095889
0.588984 -0.011442 -0.453595
0.720700 -0.344397 -0.451479
0.655633 -0.211143 -0.479563
0.720700 -0.344397 -0.451479
0.980258 -0.211100 -0.639460
1.302098 -0.322468 -0.806837
1.302098 -0.322468 -0.806837
1.463727 -0.213392 -1.234193
2.038148 -0.148375 -1.435557
1.745091 -0.159028 -0.988065
2.132829 -0.225570 -1.183006
2.347738 -0.145506 -1.233235
2.693453 -0.173173 -1.422486
2.564246 -0.181174 -1.511616
2.284412 -0.059895 -1.236024
2.595994 -0.022033 -1.358764
3.016087 0.046705 -1.554463
2.532014 -0.075779 -1.554603
2.595994 -0.022033 -1.358764
3.020872 -0.060405 -1.652153
3.759022 -0.037803 -1.738341
3.020872 -0.060405 -1.652153
4.138046 0.142934 -1.675493
4.301656 0.084848 -1.562777
3.765906 0.081444 -1.542259
4.643965 0.177135 -1.813848
5.271650 -0.003405 -1.554049
4.288364 -0.013651 -1.584703
5.340324 0.102443 -1.581559
5.837176 0.101178 -1.471086
6.263810 -0.081230 -1.385659
5.524264 -0.067948 -1.641499
6.559584 -0.092198 -1.411438
6.801165 -0.131450 -1.217514
6.732157 -0.144605 -1.270013
6.875229 -0.095180 -1.317156
6.565746 -0.011618 -1.466611
7.093593 -0.029887 -1.114364
7.048755 -0.192965 -1.172709
7.353648 -0.115230 -1.152624
7.343070 -0.227724 -1.000769
7.608945 -0.251158 -0.905632
-0.078206 0.069666 -0.451024
-0.469779 -0.148516 -0.059313
0.503111 0.186770 -0.916819
1.025829 0.261830 -0.779957
0.340457 0.186091 -0.212400
1.031747 0.143076 -1.121032
0.503111 0.186770 -0.916819
1.025829 0.261830 -0.779957
0.340457 0.186091 -0.212400
0.983742 -0.094284 -0.846963
1.082294 -0.036981 -0.941544
1.380293 0.150015 -1.182173
1.059081 -0.011809 -1.022870
2.276803 0.258530 -1.209461
1.570973 0.294077 -1.194263
1.830389 0.249633 -1.295771
2.240349 0.348303 -1.325808
2.240349 0.348303 -1.325808
1.506359 0.276762 -0.951855
2.504825 0.301353 -1.572787
3.197360 0.278694 -1.698435
2.762734 0.307668 -1.346314
2.632572 0.348296 -1.393621
3.210984 0.169402 -1.630889
3.164152 0.277925 -1.409278
3.373072 0.372654 -1.522080
3.687291 0.228495 -1.706433
3.768190 0.356120 -1.762975
4.341179 0.226825 -1.791880
3.878978 0.358268 -1.564358
3.913209 0.199387 -1.657409
4.299695 0.156637 -1.700377
4.643965 0.177135 -1.813848
4.880622 0.261784 -1.559321
5.029966 0.291294 -1.607636
5.280698 0.239835 -1.521151
5.759481 0.281972 -1.450895
5.841887 0.332938 -1.487225
6.156083 0.125708 -1.501242
6.285086 0.132695 -1.437958
6.285086 0.132695 -1.437958
7.375901 -0.138498 -0.950875
-1.810315 -0.190843 2.345843
-0.910934 -0.322499 1.057990
-1.150281 0.021640 1.278895
-2.485039 0.408375 5.387818
-2.406372 0.298571 4.623774
-2.375038 0.310421 4.163546
-2.160104 0.845703 7.468812
-2.122364 0.770360 7.702911
-2.132043 0.782108 7.610914
-2.130929 0.788665 8.003915
-2.164430 0.818389 7.866577
-2.218935 0.825342 7.704195
-1.867091 0.186024 2.737833
-1.586845 0.305410 2.303756
-1.436895 0.370113 1.707617
-0.991422 0.290974 0.950639
-2.279151 0.875081 7.117937
0.674209 -0.256798 -1.103109
0.407373 -0.384664 -0.736641
1.003562 -0.202239 -1.096855
1.053373 -0.074639 -0.971959
1.053373 -0.074639 -0.971959
1.125201 -0.092297 -0.997196
1.125201 -0.092297 -0.997196
1.858360 -0.068376 -1.177660
2.202541 -0.171690 -1.162372
2.347738 -0.145506 -1.233235
3.016087 0.046705 -1.554463
4.324657 0.135322 -1.742331
4.299695 0.156637 -1.700377
6.263810 -0.081230 -1.385659
6.732157 -0.144605 -1.270013
7.048755 -0.192965 -1.172709
7.743830 -0.297803 -0.754268
7.896002 -0.266898 -0.677887
7.698716 -0.167009 -0.783232
0.340457 0.186091 -0.212400
1.025829 0.261830 -0.779957
1.059081 -0.011809 -1.022870
1.216104 0.032893 -1.024224
1.082294 -0.036981 -0.941544
2.431153 0.182241 -1.424701
3.878978 0.358268 -1.564358
4.189835 0.327584 -1.562851
5.855525 0.147099 -1.670574
5.841887 0.332938 -1.487225
5.953523 0.202761 -1.490951
6.971562 0.006189 -1.247857
7.093593 -0.029887 -1.114364
7.698716 -0.167009 -0.783232
7.698716 -0.167009 -0.783232
7.898830 -0.295522 -0.720881
-2.411283 0.143702 3.276619
-2.012840 -0.121677 2.940402
-1.943150 -0.069706 3.059014
-2.066173 -0.058839 3.419257
-1.970613 0.001996 2.230627
-2.015655 0.075786 2.836480
-2.184444 0.178368 3.449025
-2.032464 0.004539 3.385116
-1.935418 -0.014791 3.012619
-1.524804 -0.202032 1.589588
-1.895418 0.041630 2.468104
-1.943436 0.088673 2.562921
-1.878302 -0.069287 2.883896
-1.835296 -0.106617 2.733681
-1.279335 -0.252967 1.286096
-1.520826 -0.220267 1.948533
-1.544411 0.048057 1.772569
-1.476258 0.029062 1.677924
-1.441918 -0.096302 2.027517
-1.341356 -0.194545 1.810112
-1.419441 -0.219959 1.834957
-1.407082 -0.226221 1.795880
-1.289906 -0.153395 1.784696
-1.179427 -0.161875 1.615039
-1.373570 -0.223889 1.771407
-1.336522 -0.000357 1.556446
-1.168424 -0.086700 1.564013
-1.175048 -0.114913 1.600294
-0.847891 -0.299926 0.833906
-0.879191 -0.018197 0.916230
-0.397139 -0.362312 0.485157
-0.495408 -0.103175 0.488214
-0.433847 -0.045873 0.414839
-0.199642 -0.400580 0.171939
-0.397139 -0.362312 0.485157
-0.199642 -0.400580 0.171939
-2.663902 0.434156 5.017516
-2.523346 0.630078 6.037692
-2.530786 0.699535 6.238439
-2.483253 0.657956 6.379809
-2.522262 0.197844 3.683067
-2.490028 0.095819 3.747178
-2.522205 0.252791 4.621450
-2.457685 0.209937 4.468455
-2.522205 0.252791 4.621450
-2.400914 0.299285 4.623890
-2.486141 0.329973 5.024446
-2.448111 0.331137 4.986087
-2.488503 0.407865 5.387972
-2.435642 0.378691 5.106042
-2.452501 0.477506 5.583276
-2.459512 0.516935 5.769151
-2.436262 0.534880 5.830944
-2.459512 0.516935 5.769151
-2.421288 0.601103 6.162073
-2.421288 0.601103 6.162073
-2.249491 0.719317 7.089568
-2.382277 0.669367 6.702734
-2.416261 0.058557 3.975659
-2.286939 0.028707 4.030995
-2.490028 0.095819 3.747178
-2.416261 0.058557 3.975659
-2.337779 0.276118 4.039375
-2.277070 0.211422 3.910817
-2.261548 0.158292 4.107189
-2.081154 0.009390 3.627963
-2.156247 -0.002730 3.896906
-2.304961 0.719453 7.023492
-2.277850 0.847590 6.868999
-2.241315 0.760720 6.988230
-2.277069 0.743820 6.804868
-2.256864 0.820295 7.550433
-2.230157 0.732750 7.191695
-2.224423 0.738393 7.288304
-2.196101 0.834665 7.264653
-2.162302 0.758334 7.582237
-2.152030 0.794379 7.525150
-2.161827 0.759034 7.643723
-2.135056 0.783818 7.611233
-2.108123 0.779436 7.856710
-0.338950 0.156927 -0.100589
-2.123696 0.154726 3.135386
-2.129200 0.270655 3.497782
-2.075632 0.370536 3.305117
-1.932275 0.280434 2.992080
-1.793326 0.141913 1.618537
-1.911321 0.130443 1.920548
-1.719109 0.362325 2.046551
-1.586696 0.182012 1.313380
-1.607796 0.288878 2.292165
-1.591574 0.365001 2.129921
-1.602465 0.394909 2.003545
-1.607796 0.288878 2.292165
-1.347849 0.115463 1.016096
-1.358341 0.041737 1.534768
-1.154379 0.074634 1.336219
-1.322262 0.330586 1.609280
-1.447763 0.356400 1.946538
-1.103491 0.132587 0.780333
-0.990447 0.060015 1.121950
-1.223972 0.056884 1.389234
-1.099240 0.303025 1.415122
-1.285001 0.323868 1.531653
-0.990644 0.110953 0.684620
-0.517572 -0.014978 0.535870
-0.780584 0.023814 0.830586
-0.622646 -0.041666 0.613912
-0.833179 0.155955 1.132271
-0.768150 0.081940 0.974630
-0.597491 0.162246 0.208947
-0.537890 -0.081068 0.526466
-0.405786 0.249546 0.388556
0.003692 0.137048 0.116208
-2.479779 0.788546 5.889375
-2.518068 0.737627 6.366335
-2.521414 0.423158 3.952542
-2.459612 0.581191 4.574263
-2.507675 0.736111 5.671669
-2.465416 0.631686 5.068012
-2.519614 0.619724 4.943650
-2.469315 0.540426 5.116672
-2.449389 0.681174 5.502682
-2.389832 0.756927 5.983262
-2.403215 0.823696 6.336919
-2.331530 0.820074 6.578911
-2.365746 0.843386 6.661465
-2.303756 0.459651 3.721659
-2.358524 0.491375 4.130578
-2.234000 0.379342 3.804868
-2.460615 0.501574 4.100492
-2.358524 0.491375 4.130578
-2.339021 0.314869 4.058241
-2.437854 0.583634 4.802093
-2.310639 0.859425 6.859221
-2.279926 0.870228 6.987194
-2.310639 0.859425 6.859221
-2.277603 0.869129 7.117846
-2.215172 0.879149 7.438471
-2.179040 0.868337 7.445765
-2.106090 0.863143 7.884073
-2.121212 0.870040 7.745320
0.036713 -0.389541 -0.229397
0.076067 -0.395860 -0.067464
-0.060744 -0.116941 0.007310
0.075280 -0.106612 -0.164231
0.494923 -0.304880 -0.302442
0.247169 -0.297111 -0.094880
0.187626 -0.111306 -0.246715
0.445851 -0.139766 -0.392572
0.568969 -0.310146 -0.961542
0.669273 -0.203733 -0.462377
0.718494 -0.337922 -0.454593
0.639976 -0.011299 -1.077043
0.699633 -0.237987 -1.065009
0.703197 -0.145005 -0.594797
0.669273 -0.203733 -0.462377
0.703197 -0.145005 -0.594797
0.890233 -0.363793 -0.581209
0.970443 -0.082467 -1.035177
1.003430 -0.202754 -1.095198
0.817128 -0.067195 -1.088139
0.970443 -0.082467 -1.035177
0.820906 -0.148495 -0.672741
0.890233 -0.363793 -0.581209
1.301135 -0.317521 -0.808875
1.057127 -0.299406 -1.100546
1.320175 -0.286449 -1.164194
1.051394 -0.073961 -0.971150
1.048130 -0.086277 -0.914964
1.320877 -0.159494 -0.848286
1.412596 -0.343134 -1.118838
1.574669 -0.291952 -1.199082
1.413961 -0.102316 -1.092153
1.642691 -0.183192 -1.311764
1.468040 -0.215642 -1.221482
1.749449 -0.260485 -1.017679
1.624637 -0.149582 -1.287287
1.771188 -0.130366 -1.326725
1.770984 -0.105440 -1.057924
1.792409 -0.073001 -1.161900
1.856468 -0.069583 -1.180865
2.284177 -0.059869 -1.236365
2.221645 -0.202018 -1.438061
2.133598 -0.226176 -1.182172
2.352131 -0.159943 -1.220447
2.124114 -0.034152 -1.299604
2.565362 -0.179716 -1.507072
2.570094 -0.014536 -1.500709
2.360389 -0.036054 -1.440372
2.596076 -0.020890 -1.358280
2.124114 -0.034152 -1.299604
2.612531 -0.003119 -1.479370
2.751607 -0.004465 -1.403783
2.793310 0.007556 -1.453711
2.785742 0.009054 -1.503082
2.895686 0.025380 -1.506904
2.873652 -0.117546 -1.372634
3.027498 -0.103935 -1.403360
2.694098 -0.172564 -1.419249
3.349384 -0.106225 -1.510197
3.015329 0.050764 -1.555640
3.451673 -0.027535 -1.460909
3.723975 -0.040260 -1.525895
3.561311 0.105131 -1.665216
3.707358 0.104336 -1.710643
3.825629 -0.050656 -1.566629
3.864022 0.068600 -1.793135
4.005589 0.021445 -1.537849
3.950918 -0.028232 -1.554713
4.072392 -0.041152 -1.734447
3.937483 0.087181 -1.562156
4.170549 0.021286 -1.541499
4.298891 0.151863 -1.684413
4.301160 0.086800 -1.567899
4.324011 0.134430 -1.742591
4.219978 0.100085 -1.782107
4.643903 0.174499 -1.810905
4.525839 0.140192 -1.681002
4.559950 0.016779 -1.787888
4.781015 0.145771 -1.815401
4.291277 -0.018376 -1.574166
4.680337 -0.021252 -1.599020
4.791325 0.000504 -1.568990
5.111706 -0.027448 -1.586216
5.129243 0.135341 -1.820745
5.269909 0.051199 -1.830117
5.436876 -0.040017 -1.575108
5.270887 -0.009063 -1.555815
5.393470 0.021346 -1.784634
5.644031 -0.060409 -1.601819
5.593803 -0.030120 -1.520743
5.651666 -0.008850 -1.504845
5.738608 -0.011188 -1.495981
5.922152 -0.003808 -1.605579
5.694149 -0.065662 -1.578581
6.024978 -0.017288 -1.581941
6.037794 -0.037988 -1.423908
6.264070 -0.086044 -1.386141
6.264070 -0.086044 -1.386141
6.243438 0.029913 -1.561836
6.511283 -0.088923 -1.309905
6.751026 -0.082090 -1.225782
6.789456 -0.148322 -1.279972
6.564410 -0.007041 -1.455300
6.800646 -0.132921 -1.217328
6.789456 -0.148322 -1.279972
6.874961 -0.095300 -1.316145
6.914982 -0.167999 -1.201676
6.914982 -0.167999 -1.201676
6.978033 -0.170090 -1.216191
7.046611 -0.184800 -1.165560
7.046611 -0.184800 -1.165560
7.182831 -0.084676 -1.208775
7.342744 -0.114655 -1.133800
7.460954 -0.183569 -1.068953
7.555871 -0.212806 -0.965191
7.377581 -0.138848 -0.954482
7.430105 -0.227838 -0.935972
7.697153 -0.200846 -0.842699
7.809663 -0.287416 -0.780355
7.823022 -0.297263 -0.713868
7.897412 -0.294615 -0.720268
7.895419 -0.266795 -0.680605
7.897412 -0.294615 -0.720268
7.919445 -0.249744 -0.712040
-0.098908 0.200534 -0.290954
0.102016 0.217380 -0.517496
0.515129 0.155931 -0.889847
0.564420 0.109272 -0.343512
0.338072 0.178395 -0.215377
0.624872 0.039472 -1.040299
0.722903 0.234866 -0.872250
0.515129 0.155931 -0.889847
0.639976 -0.011299 -1.077043
0.624872 0.039472 -1.040299
0.817128 -0.067195 -1.088139
0.564420 0.109272 -0.343512
0.600437 -0.011775 -0.439307
1.024662 0.245257 -0.784260
0.854844 0.229822 -0.624468
0.338072 0.178395 -0.215377
0.862271 0.089771 -0.546521
0.988227 -0.092322 -0.840974
1.082482 -0.036978 -0.941483
1.238173 0.188607 -0.766826
1.516387 0.177352 -1.208899
1.678063 0.217411 -0.970342
1.572136 0.285219 -1.190170
1.654900 0.221438 -1.231415
1.789142 0.152825 -1.240121
1.834767 0.245774 -1.287124
2.090128 0.328664 -1.315375
1.992495 0.264838 -1.362927
2.241436 0.342417 -1.323536
1.623309 0.295688 -1.067822
2.281512 0.247231 -1.200246
2.223130 0.242545 -1.454485
2.507776 0.290247 -1.559462
2.460446 0.329431 -1.309857
2.453630 0.238349 -1.270416
2.689248 0.292567 -1.626535
2.570854 0.224873 -1.313113
2.630883 0.343560 -1.398224
3.009403 0.248864 -1.381332
2.872905 0.344103 -1.452960
2.924937 0.174000 -1.528681
3.373887 0.358807 -1.522568
3.199574 0.274890 -1.683468
3.280413 0.224326 -1.691875
3.163117 0.278408 -1.410756
3.307369 0.268568 -1.453775
3.429955 0.192913 -1.604611
3.501067 0.250804 -1.712394
3.768482 0.350608 -1.762086
3.638494 0.302213 -1.490605
3.878354 0.353532 -1.566783
3.835675 0.199895 -1.629680
4.005681 0.329130 -1.550702
3.913681 0.202893 -1.656069
4.177986 0.271851 -1.778317
4.106212 0.343953 -1.606206
4.298891 0.151863 -1.684413
4.341323 0.228524 -1.784195
4.189692 0.323818 -1.565271
4.280509 0.302555 -1.559320
4.429550 0.323131 -1.590835
4.349219 0.188304 -1.666598
4.528039 0.180862 -1.680616
4.433044 0.278225 -1.551867
4.475373 0.204575 -1.791657
4.702647 0.151748 -1.653931
4.643903 0.174499 -1.810905
4.657756 0.232694 -1.566002
4.880904 0.262117 -1.561476
4.837857 0.203061 -1.598050
5.156821 0.168939 -1.793625
5.399587 0.272902 -1.641068
4.970217 0.235670 -1.551612
5.029558 0.287001 -1.608181
5.122910 0.255836 -1.552248
5.312573 0.228732 -1.718107
5.268261 0.282831 -1.575908
5.423850 0.283522 -1.541062
5.833220 0.320217 -1.481800
5.871902 0.305274 -1.526762
5.877090 0.259687 -1.562635
5.887527 0.181944 -1.440788
6.284887 0.125308 -1.439526
6.129734 0.085177 -1.399167
6.238746 0.133117 -1.437535
6.156044 0.125095 -1.501223
6.311812 0.116986 -1.385564
6.643892 0.063047 -1.353773
6.970345 0.001606 -1.246465
6.949434 0.006655 -1.214553
7.700101 -0.173281 -0.789342
7.700101 -0.173281 -0.789342
-2.002374 0.106958 2.765133
-2.010650 0.082619 2.792336
-1.520826 -0.220267 1.948533
-1.407082 -0.226221 1.795880
-1.419441 -0.219959 1.834957
-2.662536 0.391778 4.809453
-2.522262 0.197844 3.683067
-2.440500 0.341908 4.369236
-2.486141 0.329973 5.024446
-2.384878 0.315833 4.159172
-2.195357 0.105765 3.997579
-2.384878 0.315833 4.159172
-2.286939 0.028707 4.030995
-2.146533 -0.052059 3.604328
-2.123781 0.771412 7.702803
-2.215548 0.822948 7.703609
-2.132107 0.789380 8.003853
-1.591574 0.365001 2.129921
-1.275418 0.332810 1.386027
-1.285001 0.323868 1.531653
-1.322262 0.330586 1.609280
-1.442802 0.349545 1.705058
-2.460615 0.501574 4.100492
-2.337909 0.427523 4.185797
-2.459612 0.581191 4.574263
-2.365746 0.843386 6.661465
-2.220476 0.865879 7.541512
-2.121212 0.870040 7.745320
0.209411 -0.231600 -0.702706
0.409223 -0.367004 -0.733025
1.055224 -0.105480 -0.901769
1.051394 -0.073961 -0.971150
1.127412 -0.101938 -0.992945
1.856468 -0.069583 -1.180865
2.751607 -0.004465 -1.403783
2.793310 0.007556 -1.453711
2.895686 0.025380 -1.506904
3.561311 0.105131 -1.665216
3.892911 0.134492 -1.707089
4.702647 0.151748 -1.653931
6.511202 -0.106107 -1.341243
7.342220 -0.224847 -0.998031
7.748551 -0.295776 -0.764477
7.823022 -0.297263 -0.713868
7.827394 -0.280574 -0.700813
7.863991 -0.219053 -0.730445
1.505960 0.270157 -0.954341
1.024662 0.245257 -0.784260
2.431384 0.167174 -1.430244
2.499213 0.311490 -1.291474
3.572372 0.303923 -1.727053
4.189692 0.323818 -1.565271
4.372585 0.152223 -1.687967
4.525839 0.140192 -1.681002
4.779292 0.308476 -1.633968
5.281609 0.232436 -1.524118
5.423850 0.283522 -1.541062
5.833220 0.320217 -1.481800
5.901372 0.322017 -1.496905
5.891986 0.277357 -1.479181
5.952472 0.201753 -1.491157
6.284887 0.125308 -1.439526
6.643892 0.063047 -1.353773
7.604392 -0.145992 -0.865221
54 78
17 18
0 1
56 63
12 29
282 286
199 252
34 45
65 70
290 292
8 23
35 36
1 24
237 238
228 230
53 54
226 232
9 27
117 118
196 198
214 260
259 264
96 101
15 16
4 5
20 21
236 237
61 84
50 51
115 118
215 216
98 125
186 188
138 142
97 99
46 47
140 141
230 267
191 192
277 288
187 188
189 248
43 80
71 72
5 6
34 66
553 554
113 170
209 213
24 25
426 427
13 23
323 328
66 67
280 281
190 254
343 344
193 203
342 344
160 161
706 716
327 330
262 265
240 241
270 271
285 309
482 489
320 322
268 269
147 152
194 247
484 493
350 392
6 26
133 134
94 107
29 31
345 346
19 20
87 88
367 368
294 311
79 80
386 388
127 128
217 221
265 266
278 361
22 30
45 81
300 363
306 373
212 256
257 258
495 583
68 91
106 108
402 403
10 11
349 350
449 589
356 396
296 298
341 371
197 206
660 661
103 105
148 149
475 479
3 4
434 435
137 142
514 515
518 519
124 127
441 443
567 568
0 15
444 446
77 93
151 154
225 226
104 120
473 478
59 85
141 182
528 529
297 372
293 295
135 141
164 185
129 179
178 179
404 407
534 594
414 468
428 556
299 307
418 424
453 455
499 500
332 333
48 52
291 302
576 577
153 159
325 326
326 383
488 489
229 231
417 425
722 724
526 530
152 155
36 83
119 174
550 600
202 251
150 152
351 353
156 157
222 244
223 224
506 603
601 602
44 49
242 243
470 474
131 132
415 466
898 899
956 959
803 804
884 885
370 375
376 377
355 357
60 86
195 245
249 250
310 378
283 366
95 116
89 90
476 477
479 481
542 544
145 168
727 729
465 469
162 163
448 450
511 512
467 468
405 433
331 336
37 66
538 539
633 639
301 306
422 423
516 525
180 181
805 808
305 365
650 669
659 662
513 514
517 590
384 385
687 689
200 249
406 430
492 493
892 896
283 284
493 496
38 40
746 990
358 359
688 733
144 184
477 486
338 400
69 72
72 92
1008 1009
497 498
536 540
524 532
909 911
716 717
623 632
910 1010
344 393
39 41
245 246
774 783
123 127
814 823
531 537
218 220
654 655
235 239
503 583
606 608
889 891
207 208
254 255
721 984
734 986
410 411
509 586
768 769
570 571
485 487
735 986
316 340
439 565
352 394
718 728
416 555
142 183
101 121
886 889
906 908
110 112
387 398
381 382
346 390
210 258
118 146
605 645
437 562
780 788
947 1019
731 732
647 651
649 970
725 726
652 653
532 535
916 921
685 714
544 546
227 268
211 257
527 533
733 985
634 711
709 710
321 323
76 93
614 619
522 523
541 542
272 273
825 826
923 926
693 698
777 784
318 380
612 613
363 364
508 510
121 174
75 76
165 166
108 122
451 452
454 460
912 1012
314 315
319 379
952 957
1023 1024
312 313
403 429
431 432
919 922
635 640
204 205
64 87
274 275
690 693
360 401
420 557
638 747
169 170
552 588
758 770
815 818
333 334
504 505
42 51
51 82
787 791
720 968
287 362
958 1024
111 175
175 176
303 304
317 318
423 557
642 644
73 74
337 339
55 57
609 691
844 848
999 1000
445 555
584 585
662 672
168 183
767 992
494 581
456 457
409 439
828 831
832 835
750 751
827 828
611 686
505 551
100 102
109 175
167 168
876 883
436 463
789 794
595 596
837 841
539 543
408 409
289 369
870 871
32 33
976 978
678 680
62 77
752 753
347 348
785 795
790 995
329 397
627 964
462 464
829 833
807 812
126 177
754 991
114 173
806 807
670 671
201 253
890 894
723 737
700 704
545 546
895 896
873 874
158 159
951 953
279 304
597 598
502 507
842 845
219 224
2 15
233 234
943 1016
843 1002
897 901
907 909
261 263
646 666
702 983
930 1013
447 511
920 925
933 937
624 964
988 989
913 917
872 875
877 879
792 793
748 749
969 973
549 599
756 762
641 967
616 962
630 705
730 740
738 987
918 1012
608 975
778 779
902 905
11 28
23 30
139 163
668 736
655 658
893 895
648 650
775 776
674 675
860 863
607 617
878 880
900 904
622 699
712 713
572 573
764 993
679 743
922 928
940 945
308 374
809 811
960 1007
694 979
695 697
438 442
440 566
931 932
395 396
822 1001
935 1015
857 858
215 276
796 799
771 779
934 936
592 593
419 421
563 564
7 14
14 18
136 182
924 927
812 816
491 582
578 579
58 61
171 172
763 765
766 880
794 996
390 391
851 854
324 325
617 618
683 745
676 977
881 882
559 561
801 802
684 976
942 944
783 785
671 972
781 782
669 974
620 966
1017 1018
471 472
914 915
637 709
703 708
847 853
850 852
755 759
760 761
887 888
520 521
980 981
490 580
663 664
130 177
859 860
821 824
744 745
334 389
852 856
830 833
335 399
667 971
643 719
739 741
692 696
810 813
961 1025
645 665
941 945
463 569
461 558
786 789
673 739
950 1022
621 622
798 800
997 998
819 820
615 616
143 168
862 1003
864 868
480 483
838 840
954 955
742 988
547 548
861 1003
412 413
903 904
501 505
677 678
925 1013
928 929
560 561
458 459
628 631
1004 1005
904 1011
681 683
521 591
854 855
701 981
707 982
993 994
938 939
574 575
865 866
926 1014
946 1017
867 1006
846 849
948 1020
656 657
797 798
817 819
757 875
835 836
680 682
636 715
949 1021
772 773
834 839
587 604
163 182
868 869
354 395
610 963
629 965
625 626
