14216791489044902194 1196 600
-1.049297 -0.129887 0.632912
-0.549982 -0.832954 -0.086964
0.667424 0.282627 0.847039
1.125292 -0.501437 0.610689
1.079371 0.496945 1.722907
-0.625111 -1.289324 1.851619
0.105304 0.427013 1.806438
-0.931118 0.827361 1.453857
0.105304 0.427013 1.806438
-0.748093 0.458427 1.701375
0.105304 0.427013 1.806438
1.079371 0.496945 1.722907
1.079371 0.496945 1.722907
-0.810247 0.161712 2.118649
0.577695 -0.669305 -0.055211
-0.567540 -0.659589 -0.019304
0.555305 -0.654789 -0.023096
0.558920 -0.625048 0.286020
0.570628 -0.667015 0.292816
-0.506779 -0.482409 0.315556
-0.782191 -0.312157 0.278740
-0.756069 -0.317207 -0.039962
-0.506779 -0.482409 0.315556
-0.528696 0.555981 0.323868
0.545397 0.549207 0.323217
0.131291 -0.282577 0.490253
0.418543 -0.266070 0.395219
-0.408492 -0.267384 0.399128
0.416629 0.332198 0.417888
0.440116 0.329706 0.573272
0.766475 -0.282160 0.777614
-0.741091 -0.286029 0.774806
-1.021967 -0.279286 1.276388
0.965932 0.303467 0.626558
0.441323 0.314077 0.615014
-0.896679 0.300851 0.769845
0.044725 0.301795 0.765606
0.899357 0.326807 1.241096
1.033156 0.317545 1.286449
0.913661 -0.285695 0.839257
-0.748476 -0.317124 0.752311
-0.751194 -0.272094 0.831413
-0.889620 0.728298 1.491466
0.896346 0.728848 1.493733
0.902113 -0.267890 1.265545
-0.978833 0.363529 1.299472
0.714271 -1.225626 1.778454
0.899190 0.463203 1.959157
-0.793228 -1.122193 1.817436
0.934742 0.614561 2.060017
0.896593 0.191193 2.419226
0.943187 0.335618 2.540911
-0.797900 0.372003 -0.051696
-0.780548 0.377113 0.323043
-0.756069 -0.317207 -0.039962
-0.567540 -0.659589 -0.019304
0.566069 0.733889 -0.031943
-0.567540 -0.659589 -0.019304
-0.782191 -0.312157 0.278740
-0.491901 0.522909 0.398439
0.776879 0.369489 0.280640
-0.777145 0.375086 -0.029625
0.545397 0.549207 0.323217
0.493634 -0.510804 0.388447
0.509974 0.544214 0.398113
-0.412842 0.330644 0.419127
0.416629 0.332198 0.417888
-0.442167 0.329267 0.573703
-1.003243 0.334848 0.598427
-0.992891 -0.301481 0.598435
-0.448416 0.291726 0.590031
-0.385817 -0.271746 0.546861
0.965932 0.303467 0.626558
0.987723 0.280748 0.984887
0.965932 0.303467 0.626558
-0.741091 -0.286029 0.774806
0.766475 -0.282160 0.777614
0.871266 -0.290370 0.780874
0.913661 -0.285695 0.839257
-0.748476 -0.317124 0.752311
-0.921659 -0.303753 0.869978
0.883784 0.185235 1.157330
-1.021967 -0.279286 1.276388
-0.903332 -0.330777 1.490113
0.899357 0.326807 1.241096
-0.889620 0.728298 1.491466
-0.897556 0.462490 1.963683
-0.767536 0.271118 2.632766
0.762943 0.316889 2.653606
0.934742 0.614561 2.060017
0.899190 0.463203 1.959157
0.762943 0.316889 2.653606
0.896593 0.191193 2.419226
0.000000 -0.688877 0.333263
-0.804185 0.390050 0.361474
-0.594006 0.768666 0.301579
-0.118182 0.412630 0.496353
-0.118182 0.337215 0.496353
-0.532962 -0.523716 0.412959
-0.532962 0.555940 0.412959
-0.223616 0.510795 0.411402
-0.118182 -0.306106 0.496353
-0.594006 -0.686086 0.301579
0.000000 -0.683295 0.333263
0.594006 -0.686086 0.301579
0.000000 -0.688877 0.333263
0.594006 0.768666 0.301579
0.223616 0.510795 0.411402
0.426328 -0.306106 0.412959
0.507693 0.564856 0.412959
0.000000 0.565340 0.388755
0.118182 -0.306106 0.496353
0.223616 -0.479686 0.452533
0.223616 -0.381522 0.496353
0.375464 0.447029 0.445590
0.421630 0.420374 0.445590
0.421630 0.526990 0.416937
0.467797 0.500337 0.416937
-0.421630 0.420374 0.445590
-0.375464 0.447029 0.445590
-0.467797 0.500337 0.445590
-0.375464 -0.433065 0.416937
0.375464 -0.379756 0.445590
0.421630 -0.353103 0.445590
0.421630 -0.459719 0.445590
0.421630 -0.459719 0.416937
-0.118182 -0.306106 0.496353
-0.118182 -0.306106 0.411401
-0.594006 -0.686086 0.301579
-0.223616 0.337214 0.411402
-0.118182 -0.381522 0.496353
0.600360 0.768620 -0.058191
0.223616 0.510795 0.452533
0.223616 -0.306106 0.411402
0.118182 -0.381522 0.496353
-0.467797 0.500337 0.416937
-0.421630 -0.459719 0.416937
0.118182 -0.306106 0.411401
0.118182 -0.306106 0.496353
-0.340647 -0.991842 1.097152
0.000931 -0.864895 0.877261
-0.665096 0.246813 2.467016
-0.516615 0.208960 2.511012
-0.802612 -1.124524 1.940907
-0.707683 -1.257639 1.807791
-0.817455 -1.232256 1.779297
-1.030939 -0.806506 1.417418
-1.020234 -0.669282 1.495916
-0.686129 0.308559 2.755521
-1.020693 -1.000877 1.810263
-0.887655 0.341656 2.726907
0.000931 -1.232256 1.703957
0.000931 -1.214098 1.670986
-0.588683 -1.162658 1.373639
-0.673688 -1.221946 1.720536
-0.549328 -1.320841 1.644795
-0.673038 -1.214098 1.725020
-0.340647 -0.991842 1.097152
-0.462757 -0.974943 1.197892
-0.340647 -1.166504 1.399691
-0.426499 -1.218423 1.447706
-1.020234 -0.669282 1.495916
-0.542603 -1.017818 1.283343
-0.553103 -0.974943 1.211005
0.000931 0.693423 1.543541
0.724565 -1.233448 1.803137
-0.035149 -1.233448 1.765972
0.806078 0.230885 2.452816
0.937011 0.199172 2.507749
0.785563 -1.124524 1.866023
0.788138 -0.660916 0.811427
0.873908 -0.699942 0.878922
0.937011 0.750720 1.552386
0.936330 -0.520670 0.820058
0.099545 0.278558 2.693997
-0.017446 -1.132277 1.887943
0.982617 0.464161 2.048747
0.982617 -0.669282 1.394388
0.937011 0.359690 2.600419
0.787295 0.308559 2.688921
0.937011 0.199172 2.507749
0.787295 0.148068 2.596267
0.626323 -1.006726 1.311786
0.342508 -1.006726 1.311786
0.492372 -1.162658 1.335365
0.000931 -1.218423 1.431959
0.342508 -1.218423 1.431959
0.342508 -0.789322 0.858003
0.000931 -0.755891 0.877303
0.342508 -1.014573 1.307256
0.342508 -1.128882 1.329241
0.000931 0.750216 1.553259
0.654011 0.750216 1.553259
0.342509 -0.941008 1.199122
0.453735 -0.941008 1.199122
0.453866 -0.916796 1.158073
0.342639 -0.916796 1.158073
0.453865 -0.937607 1.146177
0.453996 -0.849706 1.043923
-0.899681 0.306130 2.655666
-0.899681 0.306130 2.655666
-0.900875 0.276691 2.656270
-0.905926 0.303788 2.652461
-0.909505 0.315723 2.631464
-1.009459 -0.928716 1.907985
-1.005139 -0.943122 1.933328
-1.011366 -0.943911 1.882539
-1.014973 -0.943750 1.883246
-1.067891 -0.674284 1.562458
-1.066902 -0.649894 1.561958
-1.053703 -0.676470 1.607260
-1.062344 -0.647659 1.556574
-0.964765 0.533854 2.211448
-0.952517 0.504883 2.261428
-0.961157 0.533694 2.210742
-0.599000 0.180964 2.737942
-0.624430 0.224889 2.767904
-0.621581 0.218370 2.769938
-0.599455 0.182839 2.734807
-0.586884 0.200174 2.754018
-0.600513 0.181978 2.745113
-0.702572 -1.062465 2.041940
-0.701059 -1.063479 2.034768
-0.737268 -1.044270 2.057859
-0.723640 -1.026073 2.066764
-0.702572 -1.062465 2.041940
0.993163 0.278877 2.513478
0.988096 0.276063 2.508878
0.992637 0.266943 2.534772
0.992723 -0.945984 1.783130
0.993774 -0.970375 1.783483
0.984901 -0.943122 1.829433
0.988832 -0.632625 1.473643
0.994443 -0.637438 1.473982
0.991368 -0.691504 1.474495
0.994443 -0.637438 1.473982
0.987696 -0.691665 1.474314
0.982990 0.548888 2.135742
0.985526 0.490010 2.136594
0.988075 0.532140 2.157374
0.698544 0.224889 2.710037
0.701071 0.181978 2.690919
0.698544 0.226764 2.706871
0.728014 0.182839 2.680871
0.698544 0.182838 2.680871
0.688864 -1.044270 1.991148
0.698544 -1.063479 1.973497
0.698544 -1.061605 1.970330
0.742749 -1.039642 1.983330
0.728014 -1.017680 1.996330
0.264688 -0.890025 0.916929
0.308892 -0.902139 0.939393
0.264688 -0.886786 0.918676
0.000931 -0.729464 0.833046
0.000931 -0.660916 0.811427
-0.803120 -1.102278 1.949465
-0.691604 0.280173 2.806000
-1.004651 -1.069239 1.920816
-0.691604 0.280173 2.806000
-0.440374 -1.162658 1.352114
-0.441253 -1.128882 1.346052
-0.936429 0.505096 2.073320
0.000931 0.715027 1.595603
0.724565 -1.233448 1.803137
0.342508 -1.162658 1.335365
0.000931 -0.789322 0.858003
0.342508 -0.755891 0.877303
0.453866 -0.894732 1.073080
0.453996 -0.806831 0.970826
-0.905926 0.303788 2.652461
-1.005852 -0.928877 1.907279
-1.001531 -0.943282 1.932622
-1.059744 -0.673764 1.603951
-1.058736 -0.647820 1.555868
-0.956125 0.505044 2.262134
-0.962351 0.504254 2.211344
-0.726734 -1.062465 2.045447
0.991060 0.279398 2.555712
0.987439 -0.943750 1.778457
0.993248 -0.982310 1.804777
0.990621 -0.945464 1.825364
0.993917 -0.649373 1.495275
0.984893 0.533854 2.110467
0.990702 0.495295 2.136787
0.989125 0.507750 2.157727
0.725487 0.181978 2.690919
0.701071 -1.026074 2.001919
0.279423 -0.877912 0.894466
0.279423 -0.902139 0.939393
0.279423 -0.898900 0.941140
0.000923 0.146797 2.573968
-0.927117 0.460176 2.031151
-0.927117 0.744273 1.539053
-0.927117 0.460176 2.031151
-0.337721 -1.119187 1.317824
-0.486298 -1.309497 1.595540
-0.815342 -0.306793 -0.059714
-0.824859 -0.306793 0.300907
-0.824859 -0.306793 0.300907
-0.592695 -0.684573 0.300914
-1.019048 -0.293456 1.386318
-0.926069 -0.287394 1.168256
-0.424574 -0.305431 0.564324
-1.019048 -0.305431 0.606189
0.766491 0.648588 1.597630
0.780533 0.146797 2.573968
0.974182 0.338721 2.609055
0.766491 0.192369 2.387869
0.974182 0.338721 2.609055
0.339567 -0.857467 0.869726
0.488143 -1.309497 1.595540
0.815342 0.389190 -0.059714
1.019048 -0.238225 1.544484
0.424574 -0.305431 0.564324
0.424574 0.336471 0.564324
1.019048 -0.305431 0.606189
1.019048 0.336471 0.606189
0.923243 0.320119 0.804673
0.424574 -0.305431 0.564324
0.425388 -0.305431 0.412048
0.000923 0.783129 1.471748
-0.764645 0.648588 1.597630
-0.972332 0.619315 2.123026
-0.926384 0.176151 1.609542
-1.019048 0.325609 1.386318
-1.019048 -0.305431 0.606189
-0.926069 0.319547 1.168256
0.974178 0.619315 2.123026
0.974182 -1.060055 1.801513
0.599036 0.766925 -0.058062
0.424574 0.336471 0.564324
0.592695 0.766970 0.300914
0.000923 -1.122553 1.909841
-0.716496 -1.222854 1.787650
0.000923 -0.477388 0.745790
-0.777650 -0.477388 0.745790
-0.716968 0.244694 2.385761
-0.927117 0.197461 2.486211
-0.972336 0.338721 2.609055
-0.972336 -1.060055 1.801513
-0.791247 0.277767 2.714574
-0.337721 -1.119187 1.317824
-0.486298 -1.309497 1.595540
-0.337721 -1.119187 1.317824
-0.337721 -0.998079 1.300520
-0.592695 -0.684573 0.300914
0.000000 -0.687358 0.300899
-0.815342 0.389190 -0.059714
-0.599036 0.766925 -0.058062
-0.926384 -0.094164 1.633951
-1.001523 0.137303 1.647288
-0.424574 -0.305431 0.564324
-0.531787 0.554713 0.412048
0.000000 0.564093 0.412048
0.000000 0.319812 0.802495
0.000000 0.336471 0.412048
-1.019048 0.329061 1.284561
-1.019048 -0.296908 1.284561
-0.337721 -0.802162 0.961162
-0.744394 0.672042 1.748702
0.000923 0.672042 1.748702
0.666722 -1.246837 1.732910
0.000923 -1.122553 1.909841
0.770365 -0.740178 0.855303
0.928288 -0.516199 0.813015
0.928963 0.744273 1.539053
0.000923 -1.122553 1.909841
0.793093 -1.120954 1.907070
0.928963 0.197461 2.486211
0.620943 -1.203671 1.656635
0.339567 -0.857467 0.869726
0.339567 -0.835306 0.942028
0.532723 -0.523189 0.325329
0.815342 0.389190 -0.059714
0.532723 0.555342 0.325329
0.926384 -0.187486 1.578296
0.926384 0.126318 1.633951
0.000000 0.319812 0.802495
0.923243 0.320119 0.804673
0.425388 0.336471 0.412048
1.019048 0.336471 0.606189
1.019048 0.329061 1.284561
0.000000 0.564093 0.412048
0.531787 0.554713 0.412048
0.000000 -0.681788 -0.058048
0.889670 0.483382 1.980297
0.000923 0.519695 2.005232
-0.972332 -0.663534 1.382412
-0.972336 -1.060055 1.801513
-0.778687 0.146797 2.573968
-0.425388 -0.305431 0.412048
-0.337721 -0.998079 1.300520
-0.337721 -0.966570 1.169397
-0.337721 -0.877311 1.014788
0.928963 0.460176 2.031151
0.974182 0.338721 2.609055
0.488143 -1.309497 1.595540
0.599036 0.766925 -0.058062
0.000000 -0.681788 0.300899
0.889670 0.423414 2.095265
0.746240 0.468999 2.138952
-0.716968 0.672927 1.643998
-0.716496 -1.222854 1.787650
0.000923 0.783129 1.471748
0.000923 0.743772 1.539919
-0.926442 -0.516199 0.813015
-0.927117 -0.663534 1.382412
-0.972332 0.619315 2.123026
-0.972336 0.338721 2.609055
-0.926442 -1.071994 1.775735
-0.927117 0.356601 2.578086
-0.619098 -1.203671 1.656635
-0.448122 -0.887048 1.063864
-0.337850 -0.866415 1.075658
-0.337721 -1.148266 1.410319
-0.337721 -0.983324 1.087729
-0.337721 -0.857467 0.869726
-0.337721 -1.148266 1.410319
-0.337721 -1.207958 1.419661
-0.614069 0.687468 1.530284
-0.592695 -0.684573 0.300914
-0.824859 -0.306793 0.300907
-0.592695 0.766970 0.300914
-0.599036 0.766925 -0.058062
-1.071225 -0.030830 1.558259
-1.001524 0.016077 1.669304
-1.001523 -0.105150 1.647288
-1.001520 0.300993 1.506673
-1.001521 0.237869 1.589728
-1.019048 0.329061 1.284561
-0.926069 0.319547 1.168256
0.000000 -0.533031 0.325329
0.000000 -0.531940 0.412048
-0.926069 -0.287394 1.168256
-1.055919 -0.229966 1.013019
-0.117921 0.509668 0.410493
-0.117921 0.336471 0.410493
-1.055919 0.262119 1.013019
-1.071225 -0.030830 1.558259
-1.071225 0.115463 1.519060
0.000000 -0.287659 0.802495
-0.923243 -0.289080 0.804673
-0.223122 -0.478628 0.410494
-0.420700 -0.352324 0.444607
-0.448251 -0.820534 0.950694
-0.337721 -0.802162 0.961162
-0.744394 0.519695 2.005232
0.000923 0.541123 2.005355
-0.275177 -0.891180 0.933057
-0.319002 -0.879170 0.910786
0.000923 0.687468 1.530284
0.000923 0.708886 1.581899
0.000923 -0.723199 0.825891
0.000923 -0.477388 0.745790
0.770365 -0.740178 0.855303
0.779225 0.783129 1.471748
0.793093 0.277767 2.714574
0.793093 -1.120954 1.907070
0.000923 -1.122553 1.909841
0.780533 0.305909 2.665827
0.780533 0.305909 2.665827
0.780533 0.146797 2.573968
0.770365 -0.740178 0.855303
0.449968 -0.887048 1.063864
0.339696 -0.908922 1.148127
0.339567 -1.148266 1.410319
0.339567 -1.207958 1.419661
0.339567 -0.857467 0.869726
0.339567 -0.749399 0.869768
0.339567 -0.998079 1.300520
0.339567 -1.119187 1.317824
0.766491 0.648588 1.597630
0.799155 0.704859 1.607324
0.000000 -0.687358 -0.058048
0.000000 0.769755 -0.058049
0.000000 0.564662 0.325329
0.532723 0.555342 0.325329
1.100384 -0.020327 1.304870
1.045454 0.008369 1.261673
0.117921 0.509668 0.451535
0.926384 0.016077 1.655755
0.926069 -0.287394 1.168256
0.424574 0.336471 0.564324
1.019048 0.336471 0.606189
0.531787 0.554713 0.412048
0.532723 0.555342 0.325329
0.923243 -0.289080 0.804673
1.019048 -0.305431 0.606189
1.019048 0.336471 0.606189
0.531787 0.554713 0.412048
0.000000 0.564093 0.412048
1.019048 -0.212069 1.071782
1.055919 -0.229966 1.013019
0.117921 0.509668 0.410493
0.424574 -0.305431 0.564324
1.019048 -0.305431 0.606189
0.223122 -0.305431 0.410494
0.223122 -0.478628 0.410494
0.420700 -0.352324 0.444607
0.746240 0.306783 2.377645
0.889670 0.270470 2.352710
0.746240 0.519695 2.005232
0.000923 0.541123 2.005355
0.858907 0.613158 1.789181
0.817626 0.626183 1.769221
-0.764645 0.648588 1.597630
0.000923 -1.094404 1.861082
-0.864557 -1.180027 1.713365
-0.864557 -0.693931 0.871374
-0.927117 0.460176 2.031151
-0.778687 -1.092811 1.858321
-0.972336 -1.060055 1.801513
-0.927117 0.619315 2.123026
-0.768519 -1.221673 1.689322
0.000923 -1.156485 1.387670
-0.646548 0.743772 1.539919
-1.071225 0.115463 1.519060
-0.926069 0.319547 1.168256
-0.223122 -0.478628 0.451535
-0.466765 -0.378919 0.416017
0.866403 -0.693931 0.871374
0.928963 0.744273 1.539053
0.000923 -1.094404 1.861082
0.793093 0.277767 2.714574
0.339567 -0.966570 1.169397
0.926384 -0.094164 1.633951
1.045454 -0.098726 1.519060
1.071225 -0.030830 1.558259
0.466765 -0.378919 0.416017
-0.420700 0.525828 0.416017
-0.420700 0.525828 0.444607
-0.420700 0.419447 0.444607
-0.614069 0.687468 1.530284
0.000923 0.687468 1.530284
-0.577553 0.207166 2.450071
0.000923 0.208897 2.447954
-0.778687 0.146797 2.573968
0.000923 0.146797 2.573968
-0.716496 -1.222854 1.787650
-0.768519 -0.740178 0.855303
-0.927117 -0.992281 1.690763
-0.778687 -1.092811 1.858321
-0.927117 -1.051877 1.787348
-0.972332 0.619315 2.123026
-0.927117 -1.051877 1.787348
-0.927117 -0.992281 1.690763
-0.778687 0.305909 2.665827
-0.778687 0.146797 2.573968
-0.619098 -0.998079 1.300520
-0.619098 -1.203671 1.656635
-0.486298 -1.152672 1.323897
-0.486298 -1.309497 1.595540
-0.337721 -0.857467 0.869726
-0.337721 -0.782542 0.850634
-0.337721 -0.900938 1.055713
-0.337850 -0.866415 1.075658
-0.619098 -0.998079 1.300520
-0.764645 0.648588 1.597630
-0.764645 0.648588 1.597630
-0.599036 -0.684618 -0.058062
-0.815342 -0.306793 -0.059714
-0.532723 0.555342 0.325329
-1.045454 -0.179731 1.520566
-1.045454 -0.100231 1.600065
-1.100384 0.115464 1.383269
-1.100384 0.086768 1.490365
-0.117921 0.411720 0.495258
-1.001521 -0.205716 1.589727
-1.001523 -0.105150 1.647288
-1.001515 -0.300026 1.386924
-1.019048 0.314773 1.454021
-1.019048 0.270378 1.544484
-1.019048 -0.296908 1.284561
-0.923243 0.320119 0.804673
-1.019048 -0.305431 0.606189
-1.019048 0.336471 0.606189
-0.532723 0.555342 0.325329
-0.926069 -0.287394 1.168256
-1.019048 0.286539 1.026326
-1.019048 0.244222 1.071782
-0.425388 -0.305431 0.412048
-0.223122 -0.305431 0.410494
-1.019048 0.286539 1.026326
-1.055919 -0.191470 0.703514
-1.019048 0.244222 1.071782
-1.019048 0.270378 1.544484
-1.019048 0.189651 1.613153
-0.117921 0.509668 0.451535
-1.045454 -0.137925 1.372767
-1.045454 -0.098726 1.304872
-1.071225 0.154662 1.372765
-1.071225 0.154662 1.451164
-1.045454 0.154662 1.451164
-1.045454 0.154662 1.372765
-1.045454 -0.098726 1.519060
-1.045454 -0.030830 1.558259
-0.117921 -0.305431 0.495258
-0.223122 -0.305431 0.495258
-0.223122 -0.380680 0.495258
-0.223122 -0.305431 0.495258
-0.420700 -0.352324 0.444607
-0.420700 -0.352324 0.416017
-0.447993 -0.953559 1.177029
-0.337721 -0.966570 1.169397
-0.448251 -0.863041 1.023163
-0.744394 0.362543 2.325158
-0.812433 0.325692 2.301046
-0.815780 0.306815 2.327840
-0.812433 0.432148 2.114840
-0.744394 0.468999 2.138952
-0.744394 0.575455 1.952745
0.000923 0.575455 1.952745
-0.870822 0.519727 1.955427
-0.744394 0.626151 1.819026
-0.829541 0.639208 1.749261
-0.974542 -0.664033 1.494636
-1.061582 -0.188784 0.758351
-1.068791 -0.165687 0.773452
-0.260569 -0.879170 0.910786
-0.301888 -0.897047 0.924962
0.374636 0.446043 0.444607
0.420700 0.419447 0.444607
0.420700 0.525828 0.416017
0.466765 0.499234 0.416017
0.766491 0.420478 1.992750
0.766491 0.648588 1.597630
0.779496 -0.477388 0.745790
0.666722 -1.246837 1.732910
0.000923 -1.246837 1.732910
0.781369 -0.655240 0.804458
0.000923 -0.477388 0.745790
0.000923 0.783129 1.471748
0.928288 -0.516199 0.813015
0.928963 0.744273 1.539053
0.000923 -1.122553 1.909841
0.793093 -1.120954 1.907070
0.974178 0.460175 2.031152
0.793093 -1.120954 1.907070
0.974178 0.619315 2.123026
0.780533 0.305909 2.665827
0.780533 0.146797 2.573968
0.449838 -0.802162 0.961162
0.449838 -0.844168 1.033922
0.339567 -1.207958 1.419661
0.339567 -1.152672 1.323897
0.000923 -1.309497 1.595540
0.488143 -1.309497 1.595540
0.339567 -0.782542 0.850634
0.339567 -0.844168 1.033922
0.648394 0.189987 2.499156
0.592695 -0.684573 0.300914
0.599036 -0.684618 -0.058062
0.592695 0.766970 0.300914
1.045454 0.225568 1.411964
1.045454 0.196469 1.520565
1.045454 -0.179732 1.303368
1.071225 -0.137925 1.451166
1.071225 -0.137925 1.372767
0.223122 0.509668 0.410494
0.223122 0.509668 0.451535
1.001523 -0.105150 1.647288
1.001524 0.016077 1.669304
1.001523 -0.105150 1.647288
1.001524 0.016077 1.669304
1.019048 0.314773 1.454021
1.001520 0.300993 1.506673
0.923243 0.320119 0.804673
0.424574 -0.305431 0.564324
0.000000 0.564662 0.325329
0.223122 0.336471 0.495258
1.019048 -0.212069 0.686103
1.019048 -0.254386 0.731558
0.117921 0.336471 0.495258
0.000000 -0.305431 0.412048
1.019048 -0.254386 0.731558
1.019048 -0.212069 0.686103
1.019048 0.244222 1.071782
1.055919 0.223623 1.054371
0.223122 0.411720 0.495258
0.223122 0.336471 0.495258
1.045454 -0.098726 1.304872
1.071225 -0.098726 1.304872
1.045454 0.154662 1.451164
1.045454 0.115463 1.519060
0.457182 -0.305431 0.593192
1.019048 -0.305431 0.606189
0.117921 -0.305431 0.410494
0.117921 -0.478628 0.410494
0.420700 -0.352324 0.416017
0.466765 -0.432110 0.416017
0.339567 -0.932926 1.188823
0.339567 -0.966570 1.169397
0.449968 -0.887048 1.063864
0.450097 -0.820534 0.950694
0.746240 0.362543 2.325158
0.000923 0.328212 2.377768
0.746240 0.328212 2.377768
0.889670 0.423414 2.095265
0.889670 0.376926 2.166503
0.814279 0.504271 1.981246
0.746240 0.541123 2.005355
0.746240 0.565586 1.934909
0.814279 0.528735 1.910798
0.831387 0.506702 1.975388
0.814279 0.589838 1.794091
0.817626 0.626183 1.769221
0.831387 0.613158 1.789181
0.977586 -0.686036 1.483307
0.970377 -0.703783 1.462176
1.058439 0.229422 1.024515
1.059069 0.235732 0.995994
1.060955 -0.154654 0.720993
1.059069 -0.133145 0.740675
0.306239 -0.891180 0.933057
0.267426 -0.887098 0.906511
-0.466765 0.446043 0.444607
-0.768519 -1.221673 1.689322
-0.927117 0.619315 2.123026
0.000923 -1.309497 1.595540
-0.797310 0.704859 1.607324
-0.764645 0.192369 2.387869
0.000000 0.564662 0.325329
-0.923243 -0.289080 0.804673
-0.532723 -0.523189 0.325329
-0.926069 0.319547 1.168256
-1.019048 -0.212069 0.686103
-0.466765 -0.378919 0.444607
-0.466765 -0.378919 0.416017
-0.337721 -0.877311 1.014788
-0.744394 0.306783 2.377645
0.000923 0.306783 2.377645
-0.829541 0.293790 2.347800
-0.857062 0.532752 1.935468
-0.887824 0.636326 1.722852
-0.887824 0.589838 1.794090
0.000923 0.626151 1.819026
-0.857062 0.639208 1.749261
-0.968362 -0.654189 1.458974
-1.059069 -0.133145 0.740675
-1.060955 -0.154654 0.720993
0.793093 0.277767 2.714574
0.000923 -0.782542 0.850634
0.339696 -0.866415 1.075658
0.615915 0.153488 2.455215
0.599036 0.766925 -0.058062
1.045454 -0.100231 1.223866
0.000000 0.319812 0.802495
0.424574 0.336471 0.564324
0.000000 0.564093 0.412048
0.117921 -0.305431 0.410494
1.045454 -0.179732 1.303368
1.045454 -0.208830 1.411967
0.374636 -0.378919 0.416017
0.466765 -0.432110 0.444607
0.449838 -0.867794 1.074847
0.450097 -0.799901 0.962488
0.814279 0.325692 2.301046
0.858907 0.506702 1.975388
0.889670 0.589838 1.794090
-0.374636 0.499234 0.444607
-0.466765 0.499234 0.444607
-0.466765 0.446043 0.444607
-0.716968 0.672927 1.643998
-0.716968 0.244694 2.385761
-0.664876 -1.246837 1.732910
0.000923 -1.246837 1.732910
-0.727907 -0.723199 0.825891
-0.779523 -0.655240 0.804458
-0.727907 -0.723199 0.825891
-0.864557 -1.180027 1.713365
-0.864557 -0.693931 0.871374
0.000923 -1.122553 1.909841
-0.927117 -0.663534 1.382412
-0.972336 0.338721 2.609055
-0.927117 0.197461 2.486211
-0.768519 -1.221673 1.689322
-0.768519 -0.740178 0.855303
-0.486298 -1.152672 1.323897
-0.337721 -1.152672 1.323897
-0.337721 -1.148266 1.410319
-0.337721 -1.207958 1.419661
-0.337721 -0.782542 0.850634
-0.337721 -0.782542 0.850634
-0.337721 -1.005859 1.296028
-0.337721 -0.998079 1.300520
-0.764645 0.192369 2.387869
-0.815342 -0.306793 -0.059714
-0.824859 -0.306793 0.300907
-0.815342 -0.306793 -0.059714
-0.815342 0.389190 -0.059714
0.000000 0.694675 0.325329
-1.045454 0.116968 1.600065
-1.045454 0.161860 1.565456
-1.045454 -0.208830 1.411967
-1.045454 -0.201304 1.355786
-1.071225 0.008369 1.562257
-1.071225 0.047568 1.558259
-1.100383 -0.086913 1.356955
-1.100384 -0.070031 1.333567
-1.100383 0.103651 1.356954
-1.100384 0.115464 1.383269
-0.223122 0.411720 0.495258
-0.223122 0.336471 0.495258
-1.019048 -0.282620 1.454021
-1.019048 -0.264257 1.501975
-1.019048 0.016077 1.659608
-0.926384 -0.249802 1.500111
-0.926384 -0.270068 1.453059
-0.954783 0.320813 1.456837
-0.954783 0.301251 1.507430
-1.001520 0.320299 1.456446
-1.001520 0.300993 1.506673
-1.019048 0.077434 1.653751
-1.001520 0.273948 1.551152
-1.001521 0.237869 1.589728
-0.425388 -0.305431 0.412048
-0.425388 0.336471 0.412048
-0.425388 0.336471 0.412048
-0.531787 0.554713 0.412048
-0.506573 0.563610 0.412048
-0.952130 0.336471 0.769309
-1.019048 0.336471 0.606189
-1.019048 -0.305431 0.606189
-1.019048 0.336471 0.606189
-0.223122 0.509668 0.410494
-0.117921 0.509668 0.410493
-1.055919 0.262119 0.744865
-1.055919 0.262119 1.013019
-1.055919 0.223623 1.054371
-1.019048 0.236252 1.350903
-1.019048 -0.052692 1.639849
-1.019048 0.008369 1.648030
-1.019048 0.244433 1.411963
-1.019048 -0.196069 1.293935
-1.019048 -0.158454 1.245145
-1.071225 -0.121787 1.336821
-1.071225 -0.137925 1.372767
-1.071225 0.047568 1.265672
-1.071225 0.008369 1.261673
-1.045454 -0.030830 1.558259
-1.045454 0.008369 1.562257
-1.045454 0.225568 1.411964
-1.045454 0.218041 1.355783
-1.045454 -0.098726 1.304872
-1.045454 -0.030830 1.558259
-0.117921 -0.305431 0.495258
-0.117921 -0.478628 0.451535
-0.374636 -0.432110 0.416017
-0.374636 -0.378919 0.416017
-0.466765 -0.378919 0.444607
-0.466765 -0.432110 0.444607
-0.428229 -1.009077 1.241866
-0.337721 -1.009077 1.241866
-0.337850 -0.866415 1.075658
-0.447993 -0.867794 1.074847
-0.448251 -0.842408 1.034957
-0.448251 -0.863041 1.023163
-0.428487 -0.876052 1.015531
-0.744394 0.328212 2.377768
0.000923 0.328212 2.377768
-0.812433 0.315823 2.283211
-0.831900 0.303129 2.349014
-0.866102 0.313920 2.332477
-0.854701 0.324711 2.315940
-0.874932 0.432119 2.114884
-0.874932 0.397787 2.167494
-0.744394 0.413239 2.191439
-0.812433 0.376926 2.166503
-0.854701 0.431167 2.129734
-0.831900 0.431167 2.129734
-0.854701 0.409585 2.162807
-0.857061 0.403123 2.163471
-0.829541 0.400246 2.161593
-0.812433 0.504271 1.981246
-0.812433 0.538604 1.928634
-0.744394 0.565586 1.934909
-0.812433 0.528735 1.910798
-0.829541 0.535630 1.937346
-0.870822 0.522605 1.957305
-0.866102 0.526832 1.960064
-0.870822 0.519727 1.955427
-0.870822 0.522605 1.957305
-0.744394 0.681911 1.766539
0.000923 0.681911 1.766539
0.000923 0.672042 1.748702
0.000923 0.681911 1.766539
-0.815780 0.629061 1.771099
-0.829541 0.616035 1.791059
-0.857062 0.642086 1.751140
-0.854701 0.644079 1.757321
-0.866102 0.633288 1.773857
-0.981746 0.336425 2.499080
-0.976507 0.338641 2.494447
-0.971607 0.309918 2.545228
-0.975247 0.310077 2.545408
-0.974124 0.309295 2.494690
-0.983393 -0.962040 1.768166
-0.982352 -0.937860 1.767816
-0.977740 -0.979113 1.789085
-0.982871 -0.973873 1.789276
-0.983393 -0.962040 1.768166
-0.982871 -0.973873 1.789276
-0.983339 -0.691052 1.449082
-0.978316 -0.693843 1.444521
-0.980735 -0.654523 1.469492
-0.980213 -0.666356 1.490603
-0.972641 0.561977 2.145906
-0.978203 0.557206 2.146242
-0.975154 0.503604 2.146751
-0.978723 0.521192 2.167702
-0.971514 0.503445 2.146571
-1.062709 0.235936 0.996120
-1.065222 0.180297 1.013796
-1.068791 0.203189 1.028771
-1.070354 0.185369 1.012465
-1.064595 0.214427 0.976438
-1.061582 0.180093 1.013670
-1.069834 -0.155232 0.981513
-1.068271 -0.137411 0.997821
-1.065222 -0.188579 1.013796
-1.068271 -0.137411 0.997821
-1.067750 -0.142639 1.021449
-1.069834 0.213645 0.726194
-1.070876 0.190596 0.733516
-1.067750 0.226237 0.766130
-1.068791 0.203189 0.773452
-1.064595 0.214427 0.721119
-1.058439 -0.139455 0.769195
-1.065852 -0.182269 0.729956
-1.068791 -0.165687 0.773452
-1.062212 -0.182474 0.729830
-0.690699 0.222958 2.686762
-0.719916 0.179410 2.660986
-0.734524 0.203042 2.670735
-0.734524 0.201184 2.673874
-0.678319 -1.050948 1.953258
-0.673308 -1.048218 1.948647
-0.731741 -1.048218 1.948647
-0.717133 -1.069992 1.935759
-0.690422 -1.032908 1.963936
-0.678319 -1.050948 1.953258
-0.277683 -0.877148 0.888060
-0.277683 -0.897047 0.924962
-0.275177 -0.894391 0.931325
-0.265580 -0.887098 0.906511
0.420700 0.419447 0.444607
0.466765 0.446043 0.444607
0.466765 0.499234 0.444607
0.466765 0.499234 0.416017
0.719034 0.458788 2.014866
0.718813 0.244694 2.385761
0.779496 -0.477388 0.745790
0.666722 -1.246837 1.732910
0.000923 -1.246837 1.732910
0.781369 -0.655240 0.804458
0.779225 0.783129 1.471748
0.928963 0.744273 1.539053
0.928288 -0.516199 0.813015
0.799155 0.704859 1.607324
0.799155 0.228902 2.431750
0.780533 0.305909 2.665827
0.793093 0.277767 2.714574
0.928963 -0.663534 1.382412
0.928963 -0.992281 1.690763
0.780533 0.305909 2.665827
0.780533 0.305909 2.665827
0.449838 -0.975433 1.261292
0.449839 -0.932926 1.188823
0.339567 -1.207958 1.419661
0.000923 -1.211451 1.652143
0.000923 -1.309497 1.595540
0.000923 -0.857467 0.869726
0.339567 -0.966570 1.169397
0.339567 -1.009077 1.241866
0.000923 -1.156485 1.387670
0.339567 -1.152672 1.323897
0.339567 -1.207958 1.419661
0.000923 0.189987 2.499156
0.648394 0.189987 2.499156
0.824859 -0.306793 0.300907
0.815342 0.389190 -0.059714
0.824859 0.389190 0.300906
1.045455 0.116969 1.223866
1.045454 0.008369 1.629165
1.045454 -0.047813 1.621637
1.045454 -0.179732 1.303368
1.045454 -0.145122 1.258476
1.045455 0.064550 1.202293
1.071225 -0.141922 1.411967
1.071225 -0.137925 1.372767
1.100384 -0.020327 1.304870
1.100384 0.086768 1.490365
1.100383 0.063380 1.507247
1.100383 0.008369 1.301942
0.117921 0.411720 0.495258
0.117921 0.336471 0.495258
1.019048 -0.238225 1.544484
1.019048 -0.203110 1.581544
0.926384 -0.143998 1.609542
0.926384 -0.094164 1.633951
1.001520 -0.288146 1.456446
0.954783 0.237709 1.591045
0.954783 0.191239 1.623709
1.019048 0.235263 1.581545
1.019048 0.189651 1.613153
0.926069 -0.287394 1.168256
1.001515 -0.300026 1.386924
0.000000 0.336471 0.767505
0.555004 0.336471 0.602814
1.019048 0.336471 0.606189
0.532723 0.555342 0.325329
0.531787 0.554713 0.412048
0.926069 -0.287394 1.168256
0.926069 0.319547 1.168256
0.923243 -0.289080 0.804673
1.019048 0.336471 0.606189
1.019048 0.329061 1.284561
0.000000 0.336471 0.412048
0.425388 0.336471 0.412048
0.223122 0.336471 0.410494
1.019048 0.286539 0.731558
1.055919 0.262119 0.744865
1.019048 0.244222 0.686103
1.019048 -0.227695 1.411967
1.019048 -0.219514 1.473028
1.019048 0.126401 1.616402
1.019048 0.175191 1.578788
1.071225 0.008369 1.562257
1.071225 -0.066777 1.281810
1.071225 -0.098726 1.304872
1.045454 0.154662 1.372765
1.045454 0.138525 1.336820
1.071225 -0.030830 1.558259
1.045454 0.047568 1.558259
1.045454 0.115463 1.304872
1.045454 0.083514 1.281810
1.045454 -0.201304 1.355786
1.045454 -0.208830 1.411967
1.045454 0.008369 1.562257
0.000000 -0.305431 0.767505
0.000000 -0.287659 0.802495
0.223122 -0.380680 0.495258
0.223122 -0.478628 0.451535
0.117921 -0.478628 0.451535
0.117921 -0.478628 0.410494
0.420700 -0.458705 0.444607
0.466765 -0.432110 0.444607
0.466765 -0.378919 0.444607
0.466765 -0.378919 0.416017
0.430075 -1.009077 1.241866
0.449968 -0.887048 1.063864
0.430333 -0.833546 0.943062
0.339567 -0.835306 0.942028
0.889670 0.270470 2.352710
0.814279 0.270470 2.352710
0.889670 0.270470 2.352710
0.856547 0.324711 2.315940
0.831387 0.296668 2.349678
0.831387 0.293790 2.347800
0.817626 0.306815 2.327840
0.831387 0.293790 2.347800
0.814279 0.397815 2.167452
0.814279 0.432148 2.114840
0.876778 0.432119 2.114884
0.831387 0.429174 2.123552
0.867948 0.420376 2.146270
0.831387 0.426296 2.121674
0.867948 0.420376 2.146270
0.746240 0.541123 2.005355
0.000923 0.541123 2.005355
0.000923 0.565586 1.934909
0.000923 0.575455 1.952745
0.833746 0.516041 1.976601
0.867948 0.526832 1.960064
0.856547 0.537623 1.943527
0.822346 0.526832 1.960064
0.833746 0.516041 1.976601
0.814279 0.610726 1.795040
0.876778 0.610699 1.795082
0.831387 0.642086 1.751140
0.856547 0.622496 1.790394
0.858907 0.616035 1.791059
0.858907 0.642086 1.751140
0.831387 0.639208 1.749261
0.976466 0.342100 2.529153
0.978980 0.283728 2.529998
0.977093 0.298632 2.555056
0.972826 0.341941 2.528974
0.975340 0.283568 2.529819
0.977072 -0.920740 1.788240
0.980215 -0.964831 1.763605
0.982113 -0.937344 1.809687
0.976575 -0.964990 1.763425
0.967234 -0.659692 1.486812
0.968491 -0.688879 1.487234
0.967234 -0.659692 1.486812
0.970874 -0.659533 1.486991
0.977586 -0.686036 1.483307
0.971681 0.541675 2.173657
0.971681 0.541675 2.173657
0.968041 0.541515 2.173477
0.977874 0.551185 2.148513
0.977352 0.539352 2.169623
1.062709 0.235936 0.996120
1.062079 0.229626 1.024640
1.068271 0.231465 0.997821
1.063336 0.201807 1.033478
1.060955 0.214222 0.976312
1.059069 0.235732 0.995994
1.069834 -0.155232 0.981513
1.064595 -0.154450 0.976438
1.065222 -0.188579 1.013796
1.061582 -0.188784 1.013670
1.060955 -0.154654 0.976312
1.065852 0.186607 0.729956
1.064595 0.214427 0.721119
1.065222 0.180297 0.758476
1.063336 0.201807 0.778159
1.061582 0.180093 0.758350
1.062212 0.186403 0.729830
1.065852 -0.182269 0.729956
1.059695 -0.167274 0.778033
1.061582 -0.188784 0.758351
1.062212 -0.182474 0.729830
1.070876 -0.178280 0.733516
1.069834 -0.155232 0.726194
0.682947 0.198455 2.678486
0.677937 0.201184 2.673874
0.731359 0.198455 2.678486
0.696533 -1.037038 1.962185
0.694028 -1.030575 1.959783
0.679420 -1.052349 1.946895
0.723245 -1.030575 1.959783
0.723245 -1.028716 1.956644
0.306239 -0.870372 0.886784
0.306239 -0.894391 0.931325
0.277023 -0.891180 0.933057
0.306239 -0.867161 0.888515
-0.374636 0.446043 0.444607
-0.764645 0.648588 1.597630
-0.764645 0.192369 2.387869
0.000923 -0.723199 0.825891
0.000923 0.276165 2.717345
-0.972332 -0.663534 1.382412
-0.972336 -1.060055 1.801513
-0.927117 0.356601 2.578086
0.000923 -0.782542 0.850634
-0.337721 -0.749399 0.869768
-0.614069 0.153488 2.455215
0.000000 0.564662 0.325329
-0.425388 -0.305431 0.412048
-1.045454 0.008369 1.562257
-1.045454 -0.066777 1.281810
-0.117921 -0.305431 0.410494
-0.117921 -0.380680 0.495258
-0.448251 -0.863041 1.023163
-0.887824 0.316958 2.281472
-0.820500 0.313920 2.332477
-0.815780 0.413271 2.141634
-0.829541 0.532752 1.935468
-0.854701 0.644079 1.757321
-0.973494 0.295013 2.520170
-0.973268 0.518509 2.171809
-1.070354 -0.183508 1.012465
-1.070354 0.185369 0.757145
-1.059069 -0.133145 0.740675
-1.067750 -0.142639 0.766130
-0.693204 0.216494 2.689163
-0.719916 0.181268 2.657847
-0.265580 -0.887098 0.906511
-0.277683 -0.877148 0.888060
0.779496 -0.477388 0.745790
0.793093 0.277767 2.714574
0.000923 0.304314 2.668588
0.000923 -1.207958 1.419661
0.599036 0.766925 -0.058062
1.019048 -0.212069 0.686103
0.430075 -0.966570 1.169397
0.449838 -0.867794 1.074847
0.889670 0.316958 2.281472
0.833746 0.324711 2.315940
0.814279 0.432148 2.114840
0.856547 0.409585 2.162807
0.856547 0.431167 2.129734
0.822346 0.526832 1.960064
0.872668 0.629061 1.771099
0.982548 0.301316 2.550950
0.978958 -0.935644 1.763183
0.983154 -0.961525 1.810036
0.979149 -0.698384 1.462546
0.977352 0.539352 2.169623
1.064595 -0.154450 0.976438
0.736370 0.201184 2.673874
0.684430 -1.055078 1.951507
0.303734 -0.897047 0.924962
0.277023 -0.894391 0.931325
3 5
12 13
42 43
327 328
174 175
338 339
773 1144
456 457
637 740
771 1142
87 88
46 48
30 31
75 76
172 173
473 474
632 633
956 957
630 631
955 1171
290 304
161 261
176 177
406 509
6 7
0 1
15 16
98 99
372 374
576 723
17 19
23 24
62 63
2 4
10 11
769 770
539 716
775 776
958 959
35 36
312 315
440 441
377 378
666 746
558 720
385 386
309 310
8 9
366 367
634 635
320 321
300 325
965 1173
506 510
536 537
334 335
165 166
501 502
446 447
695 696
1068 1069
359 360
610 611
613 735
729 730
858 859
882 883
332 333
766 1141
361 362
788 789
979 981
380 381
1015 1016
627 628
952 953
764 765
191 192
977 978
32 45
815 817
816 1150
487 488
574 575
822 823
313 314
667 747
68 69
356 357
532 533
573 722
301 326
433 517
577 724
1012 1013
971 974
482 483
302 303
494 495
102 103
93 128
104 105
345 346
534 535
387 388
70 71
291 292
365 394
684 685
407 408
85 86
59 61
475 476
561 721
330 331
352 353
382 383
489 490
410 512
33 34
56 60
109 110
57 58
434 437
645 646
551 718
379 382
1008 1009
1022 1176
624 625
962 963
298 299
420 421
94 95
559 560
311 329
347 348
373 397
980 1175
949 950
39 44
139 140
548 549
462 463
54 55
354 355
52 53
294 295
341 342
481 486
1005 1014
296 297
786 787
106 131
72 73
73 74
422 423
650 651
652 744
384 398
1007 1017
14 18
185 186
414 514
647 741
968 1174
782 1146
307 308
20 21
375 376
153 155
25 26
91 92
323 324
182 183
363 364
305 306
826 827
452 453
415 416
22 27
82 83
349 350
336 337
64 66
316 317
150 258
79 80
550 556
108 133
580 581
1018 1019
405 508
50 51
368 395
340 389
293 322
626 629
951 954
47 49
89 90
774 1145
636 638
460 461
546 547
639 640
180 181
178 179
369 396
820 821
100 129
435 436
686 687
496 497
402 507
785 1148
455 521
81 84
538 541
141 142
157 158
146 147
65 67
28 29
399 400
411 513
318 319
351 390
424 516
438 439
499 500
184 264
429 430
777 778
167 168
37 38
169 263
391 392
149 257
790 1149
425 426
660 661
662 663
343 344
469 470
673 749
189 190
144 145
170 171
567 568
540 542
544 545
969 970
412 413
444 445
653 654
655 745
750 751
562 563
480 525
604 728
602 603
159 160
193 194
195 196
564 565
643 644
975 976
853 854
467 468
454 520
112 113
566 587
846 1154
1041 1042
585 586
824 825
596 597
669 672
427 428
569 572
570 571
358 393
40 41
1051 1052
851 852
767 768
484 485
1010 1011
431 432
668 748
697 698
733 734
1053 1179
126 127
137 138
845 1153
198 268
162 163
197 267
1049 1177
972 973
641 642
966 967
526 527
866 867
605 606
608 609
694 756
875 876
701 702
699 700
403 404
590 591
592 593
682 683
588 589
594 595
656 657
552 553
370 371
477 478
860 1156
96 97
101 130
111 134
1054 1055
704 758
598 599
678 679
801 802
994 995
77 78
253 254
491 492
401 505
762 1139
763 1140
1000 1006
557 719
471 472
419 515
649 743
873 874
1061 1181
864 865
1077 1078
1062 1063
578 579
582 584
670 671
674 675
805 812
1023 1024
830 831
833 834
1025 1026
829 832
464 524
417 418
465 466
779 780
443 519
498 528
148 256
459 523
960 961
964 1172
664 665
1001 1002
982 987
985 986
983 984
791 792
793 794
1036 1037
841 842
827 828
164 262
458 522
450 451
1003 1004
998 999
808 809
409 511
810 811
114 115
118 119
121 136
116 117
122 123
759 1138
760 761
847 848
849 850
531 715
945 946
1045 1046
620 621
600 726
601 727
622 623
688 752
813 814
803 804
806 807
996 997
448 449
503 504
648 742
618 619
713 714
1020 1021
583 725
676 677
543 717
772 1143
107 132
479 493
1043 1044
442 518
658 659
554 555
843 1152
1028 1029
1034 1035
837 838
839 840
844 1151
1027 1032
795 796
1033 1038
835 836
988 989
1030 1031
1039 1040
690 691
187 266
188 265
781 1147
151 152
615 737
259 260
248 249
200 201
214 275
252 289
243 244
251 288
250 287
237 282
895 1161
1121 1122
1118 1119
1116 1117
709 710
1104 1106
1094 1095
1107 1108
711 712
738 739
927 1165
1114 1115
911 915
1089 1187
937 938
990 993
797 798
991 992
799 800
120 135
124 125
529 530
947 948
689 753
1047 1048
616 617
707 708
705 706
614 736
1058 1059
886 887
607 731
872 1158
612 732
1082 1185
703 757
818 819
680 681
857 1155
203 269
245 286
230 279
223 224
241 285
239 284
225 276
235 281
219 220
228 277
208 209
917 918
923 1164
900 901
939 940
1101 1102
929 1166
904 905
920 921
924 925
1091 1188
1124 1125
913 914
1097 1189
941 1169
944 1170
896 897
143 255
693 755
855 856
1065 1182
861 1157
1073 1074
1072 1184
1075 1076
1067 1183
862 863
868 869
1056 1180
890 1160
692 754
1050 1178
884 885
1070 1071
154 156
783 784
221 222
238 283
226 227
210 272
216 217
232 233
231 280
229 278
199 202
919 1163
898 899
902 903
1128 1192
909 1162
1103 1105
1126 1127
1109 1110
1086 1186
1131 1193
935 936
942 943
922 926
891 892
1098 1190
1135 1194
1129 1130
906 907
931 1167
878 879
870 871
1080 1081
888 889
215 218
213 274
204 270
205 271
212 214
206 207
246 247
211 273
234 236
240 242
1132 1133
1136 1195
1111 1112
912 916
893 894
1113 1191
1084 1087
1099 1100
1093 1096
928 930
1120 1123
1090 1092
1085 1088
908 910
1134 1137
932 1168
933 934
1057 1060
880 881
877 1159
1064 1066
1079 1083
