18066411519308768920 1797 1900
0.241823 -0.038170 1.532189
0.247644 -0.063524 1.525465
0.179717 -0.090156 1.549091
0.161803 -0.082847 1.536421
0.158029 -0.107089 1.526193
0.185345 -0.140541 1.461724
0.172155 -0.133323 1.490950
0.172873 -0.127383 1.470428
0.157302 -0.162046 1.429700
0.172036 -0.159155 1.458772
0.181055 -0.154880 1.441917
0.170519 -0.160406 1.435733
0.159308 -0.126239 1.439002
0.153656 -0.121509 1.448957
0.153151 -0.112527 1.427402
0.204124 -0.150088 1.449544
0.166832 -0.155644 1.426899
0.165585 -0.157160 1.428263
0.163002 -0.158426 1.427475
0.186985 -0.146792 1.441612
0.172136 -0.152426 1.419523
0.166719 -0.157095 1.428589
0.165585 -0.157160 1.428263
0.166832 -0.155644 1.426899
0.238609 -0.103470 1.385933
0.169979 -0.132380 1.380576
0.161808 -0.127888 1.406090
0.167566 -0.123809 1.389177
0.158392 -0.035567 1.382085
0.144112 -0.051555 1.375597
0.141916 -0.040686 1.378192
0.175670 -0.030593 1.378053
0.162079 -0.042913 1.360561
0.138748 -0.063090 1.366835
0.215312 -0.113256 1.370579
0.198439 -0.102731 1.348430
0.170900 -0.079143 1.348017
0.172806 -0.080089 1.359783
0.158894 -0.057892 1.357608
0.173658 -0.113687 1.351820
0.190624 -0.117337 1.364830
0.176099 -0.107778 1.345942
0.181185 -0.090254 1.343796
0.184652 -0.109144 1.364731
0.183523 -0.084465 1.344253
0.173658 -0.113687 1.351820
0.176099 -0.107778 1.345942
0.164879 -0.084587 1.330236
0.167455 -0.117268 1.349100
0.176099 -0.107778 1.345942
0.167455 -0.117268 1.349100
0.159815 -0.012196 1.325995
0.164905 -0.021304 1.330665
0.183644 -0.009901 1.355178
0.183523 -0.084465 1.344253
0.173338 -0.070855 1.333527
0.175506 -0.065914 1.341854
0.189786 -0.050440 1.352812
0.176099 -0.107778 1.345942
0.160782 -0.101405 1.333548
0.176099 -0.107778 1.345942
0.160782 -0.101405 1.333548
0.164905 -0.021304 1.330665
0.175940 -0.098436 1.339927
0.163856 -0.021082 1.328779
0.159815 -0.012196 1.325995
0.175590 -0.046694 1.344885
0.175590 -0.046694 1.344885
0.156718 -0.003349 1.325656
0.175001 -0.002727 1.343695
0.175001 -0.002727 1.343695
0.156718 -0.003349 1.325656
0.175940 -0.098436 1.339927
0.205509 0.046338 1.400431
0.171485 0.001803 1.460315
0.173046 -0.008286 1.466983
0.185592 0.011821 1.489740
0.187977 -0.040066 1.557436
0.217063 0.036587 1.510194
0.238319 0.028968 1.475203
0.209560 0.049064 1.482035
0.190734 -0.142998 1.509135
0.201685 -0.149633 1.487248
0.177271 -0.132229 1.517893
0.174032 -0.115081 1.535164
0.149848 -0.123677 1.506063
0.143963 -0.128736 1.396099
0.147879 -0.075831 1.358856
0.195906 0.018108 1.532284
0.174701 -0.016954 1.550289
0.205676 0.005314 1.532280
0.177313 -0.020093 1.509332
0.174751 -0.004566 1.498807
0.161798 -0.031946 1.482533
0.158753 -0.000686 1.493853
0.133525 -0.020110 1.464110
0.150164 -0.029708 1.469086
0.112980 -0.054067 1.484489
0.103269 -0.084689 1.483297
0.102248 -0.074659 1.503782
0.156081 -0.024627 1.462841
0.169614 -0.001434 1.490673
0.131649 -0.058332 1.385677
0.123171 -0.065671 1.409687
0.127028 -0.043851 1.405717
0.255517 -0.025750 1.522429
0.250306 -0.001387 1.499878
0.228590 0.005997 1.529350
0.094275 -0.082201 1.510369
0.108332 -0.085572 1.496041
0.121512 -0.087615 1.509083
0.139664 -0.065181 1.519599
0.128034 -0.056534 1.503062
0.112137 -0.068464 1.518221
0.143548 -0.088321 1.525643
0.113180 -0.075784 1.522116
0.151525 -0.017315 1.403182
0.154346 -0.000409 1.401191
0.168350 -0.016436 1.381487
0.185592 0.011821 1.489740
0.184719 0.027193 1.457864
0.182521 0.011762 1.470758
0.178258 0.009911 1.360804
0.163734 0.039841 1.378361
0.172600 0.048764 1.364780
0.179246 0.023100 1.353132
0.140582 -0.109117 1.373955
0.158574 -0.124430 1.361055
0.150451 -0.114228 1.389377
0.143098 -0.073750 1.377938
0.134712 -0.101114 1.352713
0.132703 -0.100772 1.385395
0.162371 -0.008716 1.543772
0.198303 0.032177 1.518111
0.181723 0.018797 1.522905
0.162982 -0.047941 1.483906
0.153132 -0.055906 1.506399
0.167171 -0.033976 1.504325
0.205848 0.056200 1.423366
0.193075 0.043702 1.419742
0.190177 0.055197 1.396726
0.166325 0.043867 1.389258
0.177458 0.003543 1.396574
0.163131 0.007824 1.398830
0.155920 0.019485 1.384184
0.156410 0.049371 1.414761
0.166531 0.026715 1.428235
0.192203 0.033561 1.451589
0.182299 0.005489 1.379773
0.175863 0.006056 1.364984
0.169159 -0.008754 1.372645
0.161910 -0.024614 1.360134
0.168350 -0.016436 1.381487
0.151918 -0.099749 1.478736
0.149194 -0.110746 1.496982
0.111352 -0.097304 1.484450
0.158451 -0.119735 1.482453
0.150650 -0.124547 1.491702
0.116305 -0.068810 1.434610
0.102290 -0.072857 1.421129
0.109531 -0.087360 1.434584
0.135240 -0.112855 1.428378
0.141866 -0.113572 1.447831
0.123063 -0.105456 1.441417
0.216501 0.048973 1.448019
0.193479 0.056233 1.479564
0.199139 0.055770 1.420506
0.178099 0.057482 1.451074
0.181132 0.051101 1.436993
0.199283 0.041087 1.484189
0.202433 0.032390 1.502178
0.207797 0.044501 1.496309
0.163148 -0.054862 1.538791
0.165433 -0.033593 1.528416
0.204291 -0.014975 1.553782
0.186931 -0.144012 1.423168
0.163978 -0.136544 1.441816
0.133959 -0.095384 1.521626
0.115086 -0.100338 1.500420
0.147483 -0.108981 1.512987
0.176411 -0.011626 1.534744
0.174978 -0.035068 1.555340
0.175014 -0.032200 1.544307
0.146682 0.019333 1.361809
0.156952 0.054884 1.393493
0.144742 0.050998 1.384414
0.152410 0.029648 1.408548
0.153070 -0.104549 1.458196
0.122395 -0.099558 1.470841
0.110645 -0.081521 1.469888
0.250372 -0.080867 1.526040
0.140782 -0.033748 1.391007
0.147482 -0.032915 1.397992
0.134314 -0.041858 1.404953
0.209469 -0.125774 1.382239
0.191951 0.013116 1.506806
0.205648 0.024936 1.493000
0.198459 0.037936 1.469266
0.152202 -0.158455 1.477355
0.191894 -0.145850 1.484513
0.198861 -0.146462 1.463990
0.276505 -0.065295 1.507660
0.144440 -0.018168 1.465286
0.118445 -0.036834 1.463843
0.127953 -0.056671 1.450031
0.130464 -0.059004 1.433722
0.126690 -0.034878 1.420515
0.142101 -0.034937 1.441349
0.148700 -0.027712 1.428317
0.158620 0.020724 1.506947
0.178436 0.018782 1.503606
0.168793 0.001724 1.524065
0.155069 0.017090 1.518726
0.165743 0.008283 1.508400
0.107914 -0.100989 1.414077
0.116557 -0.101826 1.428846
0.107929 -0.084408 1.415123
0.120518 -0.066667 1.425433
0.121890 -0.081557 1.413801
0.099814 -0.067131 1.390395
0.121435 -0.103406 1.403790
0.114433 -0.085978 1.405927
0.175583 -0.064981 1.556819
0.153702 -0.069890 1.545638
0.194257 -0.115273 1.541068
0.180220 0.003029 1.522284
0.158620 0.020724 1.506947
0.178436 0.018782 1.503606
0.140164 -0.065736 1.381456
0.131730 -0.092576 1.390002
0.115191 -0.069718 1.381094
0.105051 -0.086684 1.394850
0.132640 -0.106132 1.399461
0.145339 -0.106158 1.423036
0.143205 -0.126180 1.419351
0.159839 -0.125282 1.424562
0.139525 -0.118713 1.406584
0.132215 -0.116649 1.414474
0.151525 -0.017315 1.403182
0.152603 -0.009206 1.423809
0.123094 -0.038717 1.477242
0.121963 -0.019075 1.443443
0.124131 -0.052397 1.442244
0.165121 -0.117073 1.377479
0.174472 -0.122676 1.370140
0.167923 -0.111627 1.355875
0.174840 -0.098069 1.368629
0.162303 -0.095581 1.364959
0.148109 -0.103714 1.367796
0.177545 0.044114 1.439160
0.185451 0.048396 1.423749
0.167797 0.055187 1.409272
0.281666 -0.073949 1.489078
0.175519 -0.012575 1.360630
0.172934 -0.025777 1.345953
0.159100 -0.032766 1.345684
0.114844 -0.089937 1.451873
0.154637 -0.123186 1.462453
0.123900 -0.094131 1.452373
0.183174 0.032387 1.504668
0.207567 0.029395 1.534136
0.135515 -0.027422 1.447093
0.128387 -0.046130 1.433709
0.172136 -0.152426 1.419523
0.169159 -0.008754 1.372645
0.182054 -0.005622 1.380603
0.146533 -0.086169 1.363853
0.153025 0.055059 1.380178
0.159463 0.018094 1.411478
0.161189 0.004150 1.434323
0.266268 -0.063751 1.521963
0.181242 -0.050117 1.552193
0.162697 -0.053398 1.551523
0.176399 -0.133580 1.369489
0.162645 -0.142950 1.383287
0.142889 -0.109771 1.405709
0.136302 -0.115604 1.383872
0.165162 -0.056589 1.345739
0.145530 -0.051402 1.482407
0.180789 0.047061 1.469802
0.170987 -0.140003 1.396334
0.176938 -0.137659 1.416680
0.163772 -0.134807 1.419419
0.180107 -0.139716 1.437992
0.161913 -0.135984 1.431605
0.178261 -0.130057 1.434362
0.107341 -0.062456 1.507213
0.145834 0.023589 1.395275
0.147532 0.036527 1.369331
0.169524 -0.129306 1.421388
0.166341 -0.017080 1.440690
0.214790 -0.147945 1.472821
0.163891 -0.124865 1.359476
0.230408 -0.121843 1.393872
0.152810 0.013363 1.421823
0.171402 0.025132 1.447593
0.175519 -0.012575 1.360630
0.165545 -0.139181 1.506409
0.183644 -0.009901 1.355178
0.173223 -0.134282 1.504744
0.183322 0.019430 1.513624
0.157826 0.028380 1.516395
0.183422 -0.081343 1.558208
0.155773 -0.116336 1.351236
0.128316 -0.046626 1.490761
0.197142 0.049786 1.379898
0.121157 -0.071589 1.470223
0.121450 -0.078846 1.439950
0.175506 -0.065914 1.341854
0.144341 -0.133331 1.431938
0.214606 0.001086 1.537261
0.217066 -0.000035 1.544378
0.196594 0.036064 1.522657
0.197451 0.019999 1.539754
0.181477 0.028146 1.531354
0.253025 -0.040602 1.529472
0.153991 -0.034813 1.455902
0.152603 -0.009206 1.423809
0.170344 0.057798 1.379828
0.176399 -0.133580 1.369489
0.167455 -0.117268 1.349100
0.120332 -0.109543 1.408089
0.162645 -0.142950 1.383287
0.143238 -0.057094 1.512257
0.167213 -0.040750 1.516589
0.171485 0.001803 1.460315
0.229392 -0.118768 1.380075
0.151884 0.029393 1.418767
0.154006 -0.158020 1.468866
0.159985 0.002152 1.446595
0.696712 0.282501 1.148741
0.696259 0.287576 1.142226
0.692133 0.281414 1.147688
0.692029 0.286205 1.140882
0.689147 0.278099 1.144996
0.689275 0.283015 1.138332
0.689275 0.283015 1.138332
0.688314 0.277767 1.135012
0.689147 0.278099 1.144996
0.687811 0.272494 1.140999
0.689883 0.267576 1.137015
0.690406 0.272363 1.130711
0.694364 0.265558 1.135251
0.710298 0.274448 1.141438
0.708391 0.270249 1.137285
0.708974 0.279776 1.134511
0.707570 0.275363 1.130832
0.708391 0.270249 1.137285
0.703686 0.266782 1.135011
0.707570 0.275363 1.130832
0.702607 0.271906 1.128806
0.695526 0.291673 1.135969
0.691499 0.290676 1.134535
0.688486 0.287594 1.132209
0.687185 0.282099 1.129021
0.688486 0.287594 1.132209
0.690180 0.277016 1.125132
0.707477 0.284387 1.128546
0.706054 0.279776 1.124893
0.706054 0.279776 1.124893
0.701350 0.276354 1.122993
0.694593 0.294910 1.130415
0.688293 0.291389 1.126467
0.686974 0.285870 1.123523
0.688293 0.291389 1.126467
0.689733 0.281098 1.120061
0.705642 0.288724 1.123140
0.704135 0.283965 1.119566
0.704135 0.283965 1.119566
0.699796 0.280566 1.118132
0.702152 0.291688 1.119337
0.701192 0.287530 1.116296
0.699524 0.293237 1.118240
0.697369 0.290485 1.115144
0.695703 0.295447 1.118787
0.693117 0.292672 1.115978
0.692499 0.296175 1.121043
0.689633 0.293502 1.118755
0.691160 0.295452 1.124338
0.688216 0.292540 1.121840
0.696199 0.296351 1.124861
0.693801 0.296359 1.126430
0.697836 0.284304 1.114938
0.701192 0.287530 1.116296
0.697369 0.290485 1.115144
0.693117 0.292672 1.115978
0.691769 0.288969 1.115337
0.689633 0.293502 1.118755
0.689013 0.289904 1.117875
0.688216 0.292540 1.121840
0.690446 0.285157 1.116626
0.707161 0.256599 1.151100
0.708325 0.264842 1.143943
0.709724 0.261655 1.155531
0.709671 0.268454 1.148382
0.703771 0.261431 1.141341
0.707161 0.256599 1.151100
0.708325 0.264842 1.143943
0.707162 0.266746 1.160178
0.706853 0.272602 1.152521
0.696469 0.276740 1.155893
0.686298 0.265638 1.159387
0.687887 0.272978 1.151388
0.691382 0.275731 1.154465
0.685131 0.260438 1.153926
0.686298 0.265638 1.159387
0.686280 0.267228 1.146592
0.687887 0.272978 1.151388
0.687895 0.255600 1.149264
0.689277 0.262146 1.142482
0.692892 0.252876 1.146883
0.693652 0.259227 1.139727
0.699054 0.252277 1.147115
0.709270 0.254978 1.162535
0.706403 0.260153 1.167527
0.700467 0.263217 1.170333
0.684787 0.258263 1.167275
0.680842 0.254328 1.159696
0.684787 0.258263 1.167275
0.684205 0.249149 1.153599
0.690990 0.245539 1.150754
0.706668 0.250347 1.157732
0.706668 0.250347 1.157732
0.698618 0.245176 1.152341
0.707151 0.248935 1.169009
0.704241 0.242236 1.174262
0.698323 0.256581 1.175906
0.695965 0.249922 1.180195
0.689968 0.250759 1.180792
0.682008 0.252721 1.171167
0.679296 0.246469 1.174966
0.682008 0.252721 1.171167
0.678521 0.248333 1.163994
0.679296 0.246469 1.174966
0.675523 0.242077 1.167910
0.681639 0.242392 1.158176
0.678336 0.236780 1.160601
0.688906 0.238866 1.155539
0.687912 0.232178 1.157452
0.705923 0.245762 1.164406
0.703894 0.238817 1.169609
0.701953 0.241279 1.160988
0.705923 0.245762 1.164406
0.701870 0.236640 1.163740
0.697035 0.234549 1.157569
0.698368 0.238790 1.158158
0.726102 0.267551 1.101577
0.727268 0.264418 1.107502
0.721071 0.275340 1.106704
0.722415 0.272390 1.113233
0.716927 0.274079 1.114599
0.715945 0.277531 1.108425
0.724258 0.263731 1.098844
0.721330 0.258301 1.101812
0.720469 0.261452 1.096920
0.721330 0.258301 1.101812
0.716985 0.257197 1.100800
0.720469 0.261452 1.096920
0.716225 0.260490 1.095797
0.711487 0.261261 1.097007
0.712053 0.257761 1.102271
0.711783 0.271746 1.113288
0.711177 0.274793 1.107831
0.711783 0.271746 1.113288
0.711177 0.274793 1.107831
0.707904 0.271648 1.106129
0.707996 0.260411 1.104940
0.724728 0.270108 1.096688
0.715039 0.279755 1.102722
0.723373 0.266625 1.094127
0.719334 0.264555 1.092633
0.719334 0.264555 1.092633
0.715410 0.264134 1.091973
0.711654 0.264901 1.093475
0.710744 0.277119 1.102457
0.710744 0.277119 1.102457
0.707711 0.274585 1.101085
0.722954 0.272190 1.093172
0.721581 0.274900 1.094270
0.714367 0.279734 1.097609
0.721656 0.270042 1.090913
0.717850 0.267538 1.089070
0.717850 0.267538 1.089070
0.711125 0.277749 1.097681
0.711125 0.277749 1.097681
0.708617 0.276074 1.096766
0.716396 0.277348 1.092521
0.713977 0.278856 1.094491
0.711566 0.277885 1.093708
0.714015 0.275588 1.090830
0.716709 0.272419 1.088616
0.716709 0.272419 1.088616
0.714015 0.275588 1.090830
0.711566 0.277885 1.093708
0.728064 0.260632 1.114060
0.723366 0.268623 1.120202
0.717784 0.269608 1.121423
0.722705 0.254257 1.108811
0.718249 0.253446 1.106930
0.722705 0.254257 1.108811
0.712712 0.267853 1.120537
0.712712 0.267853 1.120537
0.708050 0.260578 1.114599
0.707690 0.256295 1.110936
0.728833 0.256594 1.120732
0.723722 0.264332 1.126769
0.718254 0.265382 1.128090
0.723318 0.249204 1.116159
0.718453 0.247536 1.113791
0.723318 0.249204 1.116159
0.713131 0.263654 1.127438
0.713131 0.263654 1.127438
0.706142 0.257032 1.121200
0.707646 0.252421 1.117281
0.729151 0.252537 1.127100
0.728978 0.247823 1.134111
0.723550 0.260032 1.133043
0.723265 0.255773 1.139951
0.718355 0.261285 1.134048
0.717935 0.257112 1.140541
0.727693 0.243509 1.130541
0.723558 0.245350 1.121347
0.723568 0.240584 1.127470
0.718345 0.244398 1.119331
0.723558 0.245350 1.121347
0.718086 0.239346 1.124925
0.723568 0.240584 1.127470
0.711703 0.240716 1.126594
0.713394 0.259819 1.133498
0.713103 0.256273 1.139261
0.713394 0.259819 1.133498
0.713103 0.256273 1.139261
0.705703 0.248994 1.133506
0.706750 0.248208 1.123077
0.705643 0.243743 1.129026
0.728931 0.242624 1.141564
0.722649 0.251246 1.147362
0.717009 0.252575 1.147988
0.727405 0.237977 1.137932
0.723356 0.234963 1.134890
0.717791 0.233352 1.132304
0.723356 0.234963 1.134890
0.710245 0.233745 1.132097
0.711465 0.251158 1.146647
0.711465 0.251158 1.146647
0.703606 0.244578 1.140792
0.704229 0.238533 1.135644
0.727747 0.237304 1.149055
0.726686 0.232325 1.146260
0.722556 0.228151 1.143585
0.722556 0.228151 1.143585
0.708913 0.227035 1.139659
0.701439 0.233335 1.141873
0.725708 0.232370 1.155271
0.723922 0.228181 1.159916
0.714258 0.241542 1.160970
0.713353 0.237387 1.165164
0.723281 0.223656 1.157620
0.720280 0.221839 1.149723
0.719051 0.218388 1.154644
0.713067 0.220310 1.145008
0.720280 0.221839 1.149723
0.710552 0.216645 1.147412
0.719051 0.218388 1.154644
0.706641 0.221973 1.144282
0.701858 0.216154 1.148574
0.708675 0.239704 1.161835
0.707799 0.235432 1.165969
0.708675 0.239704 1.161835
0.702673 0.235897 1.162810
0.707799 0.235432 1.165969
0.702840 0.234425 1.165393
0.699478 0.237027 1.154323
0.699086 0.236167 1.156786
0.697762 0.233849 1.157226
0.698787 0.229698 1.147686
0.694537 0.225536 1.153805
0.738488 0.232768 1.095782
0.738228 0.234972 1.091140
0.732120 0.243899 1.101032
0.732306 0.246226 1.096049
0.727704 0.247339 1.095783
0.722141 0.243587 1.099136
0.722886 0.245472 1.094542
0.722886 0.245472 1.094542
0.719296 0.242137 1.092910
0.722141 0.243587 1.099136
0.718629 0.240147 1.097772
0.717843 0.234822 1.095876
0.720807 0.229944 1.094046
0.726409 0.230257 1.088332
0.729898 0.227337 1.092811
0.730911 0.230230 1.088544
0.729898 0.227337 1.092811
0.730911 0.230230 1.088544
0.735114 0.229192 1.093351
0.735943 0.231390 1.088725
0.738935 0.230055 1.101812
0.732123 0.241188 1.106721
0.722164 0.240715 1.104854
0.722164 0.240715 1.104854
0.719001 0.237619 1.103661
0.717501 0.232225 1.101991
0.720451 0.227273 1.100114
0.730206 0.223686 1.098696
0.735665 0.226330 1.099652
0.730206 0.223686 1.098696
0.739708 0.227030 1.108552
0.736378 0.235904 1.112613
0.732406 0.238534 1.113077
0.722865 0.237757 1.111555
0.719679 0.234693 1.110170
0.722865 0.237757 1.111555
0.717828 0.229632 1.108413
0.720311 0.224465 1.106394
0.725317 0.221796 1.105541
0.730930 0.221129 1.105450
0.730930 0.221129 1.105450
0.736528 0.223031 1.106146
0.739836 0.223712 1.115851
0.736440 0.232791 1.120085
0.723342 0.234631 1.118559
0.719468 0.232825 1.117296
0.723342 0.234631 1.118559
0.718079 0.227021 1.114922
0.720202 0.221626 1.112724
0.724676 0.217309 1.111090
0.731442 0.217518 1.111923
0.731442 0.217518 1.111923
0.736847 0.219695 1.113244
0.739198 0.220180 1.123210
0.735678 0.229136 1.127330
0.723110 0.230788 1.125789
0.723110 0.230788 1.125789
0.719107 0.229028 1.125073
0.716387 0.223992 1.121436
0.718357 0.217889 1.118390
0.724036 0.213782 1.117441
0.730881 0.213371 1.118632
0.736322 0.215929 1.120579
0.730881 0.213371 1.118632
0.738286 0.216761 1.130423
0.737451 0.213081 1.137919
0.734291 0.225456 1.133846
0.732693 0.221742 1.141322
0.722257 0.227273 1.131826
0.721169 0.223982 1.137640
0.722257 0.227273 1.131826
0.717822 0.225348 1.130530
0.721169 0.223982 1.137640
0.716319 0.222021 1.137040
0.714290 0.220714 1.127331
0.712263 0.217305 1.133522
0.716215 0.213727 1.123927
0.714421 0.209780 1.129921
0.722781 0.209525 1.123279
0.721228 0.205086 1.129484
0.729981 0.209318 1.124871
0.728711 0.204969 1.131622
0.729981 0.209318 1.124871
0.735396 0.212092 1.127435
0.728711 0.204969 1.131622
0.735513 0.208039 1.146144
0.732027 0.201891 1.154248
0.730173 0.217365 1.149545
0.727347 0.212026 1.158674
0.723579 0.214076 1.160416
0.723884 0.219525 1.148858
0.722427 0.215471 1.159588
0.719754 0.219034 1.146948
0.718983 0.216370 1.152357
0.712915 0.218618 1.141719
0.710514 0.216623 1.144838
0.719754 0.219034 1.146948
0.718983 0.216370 1.152357
0.708618 0.214193 1.139394
0.705165 0.208285 1.144152
0.711214 0.204628 1.134724
0.708039 0.195646 1.140959
0.719168 0.199445 1.135553
0.715534 0.192220 1.139585
0.727094 0.199984 1.138660
0.722653 0.192653 1.145270
0.727224 0.193991 1.152253
0.727094 0.199984 1.138660
0.722653 0.192653 1.145270
0.737750 0.237105 1.087508
0.732383 0.247599 1.091738
0.729143 0.248371 1.090838
0.724079 0.246673 1.089857
0.721333 0.243946 1.089677
0.724079 0.246673 1.089857
0.726983 0.233246 1.084471
0.730892 0.232592 1.084171
0.730892 0.232592 1.084171
0.736274 0.234240 1.084941
0.735287 0.237221 1.082611
0.731322 0.236425 1.081197
0.730412 0.240973 1.081555
0.734067 0.241966 1.082450
0.732077 0.245451 1.084738
0.728553 0.245088 1.083260
0.729969 0.248008 1.087566
0.726193 0.247507 1.085980
0.734097 0.245170 1.087502
0.736172 0.241744 1.085955
0.737383 0.237780 1.084830
0.731486 0.247462 1.089325
0.728553 0.245088 1.083260
0.730412 0.240973 1.081555
0.723847 0.245190 1.086435
0.726193 0.247507 1.085980
0.727933 0.235627 1.082322
0.731322 0.236425 1.081197
0.721322 0.245926 1.154194
0.715761 0.247183 1.155048
0.709891 0.246000 1.154454
0.709891 0.246000 1.154454
0.708675 0.239704 1.161835
0.701251 0.240187 1.148109
0.698322 0.236768 1.157993
0.750024 0.198056 1.096309
0.748743 0.194162 1.101380
0.749968 0.197705 1.104285
0.748916 0.207514 1.102383
0.744455 0.207672 1.107646
0.745779 0.210221 1.102356
0.741099 0.209147 1.105435
0.742163 0.211267 1.101192
0.738381 0.209797 1.099575
0.736944 0.207583 1.104267
0.738381 0.209797 1.099575
0.734895 0.206755 1.097627
0.736944 0.207583 1.104267
0.732976 0.204463 1.102944
0.733130 0.194556 1.097459
0.735662 0.198026 1.092296
0.738604 0.191260 1.096993
0.740937 0.194680 1.091522
0.744848 0.191424 1.098488
0.746790 0.195302 1.093621
0.744848 0.191424 1.098488
0.746790 0.195302 1.093621
0.749485 0.209257 1.097627
0.742965 0.212719 1.096500
0.739147 0.210363 1.094519
0.739147 0.210363 1.094519
0.736843 0.208232 1.093235
0.738281 0.201674 1.088490
0.743140 0.198646 1.087862
0.747681 0.199193 1.090343
0.747681 0.199193 1.090343
0.744933 0.212750 1.092276
0.740700 0.210654 1.089729
0.744475 0.207750 1.087711
0.747906 0.210126 1.089760
0.750558 0.205789 1.089526
0.746949 0.204024 1.087185
0.750691 0.206860 1.093359
0.746949 0.204024 1.087185
0.743850 0.202962 1.086597
0.741217 0.205128 1.086829
0.739217 0.207330 1.089418
0.738877 0.209371 1.091222
0.740700 0.210654 1.089729
0.744475 0.207750 1.087711
0.746985 0.189975 1.108022
0.748889 0.193973 1.111060
0.742608 0.187174 1.105068
0.747520 0.190204 1.118285
0.738928 0.204773 1.113434
0.737296 0.201465 1.119881
0.742396 0.203462 1.114990
0.734881 0.203517 1.111794
0.732940 0.200312 1.118271
0.734881 0.203517 1.111794
0.730676 0.201299 1.110038
0.732940 0.200312 1.118271
0.728893 0.197686 1.116999
0.726768 0.193044 1.113833
0.730290 0.190904 1.103886
0.727689 0.187281 1.110682
0.736312 0.187434 1.103606
0.742608 0.187174 1.105068
0.740483 0.182885 1.111998
0.740483 0.182885 1.111998
0.745727 0.186579 1.126147
0.735411 0.197468 1.128265
0.730681 0.196460 1.126615
0.730681 0.196460 1.126615
0.726159 0.194597 1.125420
0.723245 0.189987 1.121155
0.725386 0.183714 1.118101
0.731277 0.178589 1.117324
0.738369 0.178170 1.119429
0.738369 0.178170 1.119429
0.741156 0.177747 1.131145
0.742763 0.183349 1.134246
0.733001 0.194238 1.135678
0.728043 0.193085 1.133880
0.728043 0.193085 1.133880
0.723390 0.191226 1.133151
0.720399 0.186545 1.128863
0.720735 0.179540 1.124072
0.727778 0.174102 1.123941
0.735528 0.173828 1.126977
0.735528 0.173828 1.126977
0.738763 0.179667 1.142154
0.737297 0.173813 1.139062
0.729002 0.190719 1.145142
0.732572 0.189014 1.146419
0.723724 0.190106 1.143311
0.720350 0.189721 1.138992
0.723724 0.190106 1.143311
0.714673 0.184700 1.135135
0.715625 0.175260 1.129409
0.723840 0.169478 1.130337
0.731492 0.169875 1.134305
0.731492 0.169875 1.134305
0.735477 0.175347 1.149668
0.732930 0.168963 1.145930
0.733280 0.181778 1.152278
0.727946 0.189896 1.153102
0.728730 0.186113 1.154164
0.722968 0.189981 1.144328
0.722968 0.189981 1.144328
0.715398 0.190472 1.140322
0.711945 0.172236 1.134981
0.720202 0.164780 1.136217
0.726890 0.165590 1.141114
0.726890 0.165590 1.141114
0.702157 0.235078 1.165802
0.721345 0.217412 1.160480
0.721387 0.218447 1.163366
0.728151 0.190584 1.157382
0.722195 0.210617 1.168309
0.711889 0.231973 1.170874
0.704803 0.232827 1.172284
0.702840 0.234425 1.165393
0.702157 0.235078 1.165802
0.703919 0.235247 1.174751
0.703282 0.236442 1.179554
0.697089 0.242770 1.184140
0.706389 0.230534 1.176885
0.687692 0.244064 1.185699
0.675239 0.238428 1.181572
0.675239 0.238428 1.181572
0.707532 0.167108 1.138127
0.714996 0.160838 1.141578
0.721590 0.159815 1.146486
0.721590 0.159815 1.146486
0.727927 0.184081 1.163089
0.693801 0.235590 1.192353
0.678166 0.238143 1.188030
0.662400 0.221987 1.192915
0.669409 0.229280 1.186166
0.660623 0.220973 1.182204
0.660029 0.216307 1.173962
0.665862 0.223428 1.168670
0.669684 0.215446 1.163189
0.695289 0.152393 1.145370
0.701741 0.159929 1.141258
0.703859 0.145801 1.148287
0.709720 0.153612 1.144732
0.716945 0.146126 1.162501
0.711023 0.144658 1.155372
0.716275 0.152553 1.150943
0.711023 0.144658 1.155372
0.716275 0.152553 1.150943
0.662400 0.221987 1.192915
0.668394 0.221822 1.197512
0.669409 0.229280 1.186166
0.673170 0.230718 1.193153
0.637902 0.232724 1.179134
0.636390 0.236324 1.184092
0.634062 0.242386 1.179430
0.637170 0.229226 1.174145
0.635245 0.235605 1.169553
0.632778 0.225820 1.170050
0.631573 0.232210 1.165454
0.625891 0.224340 1.170035
0.624730 0.228924 1.163076
0.617318 0.229154 1.166076
0.618707 0.222421 1.170450
0.612267 0.231085 1.171118
0.613053 0.224275 1.175939
0.610499 0.234555 1.177151
0.612458 0.228107 1.182075
0.612271 0.238625 1.181700
0.614770 0.231901 1.187194
0.612271 0.238625 1.181700
0.614770 0.231901 1.187194
0.616175 0.242136 1.184243
0.618451 0.235346 1.189886
0.631240 0.237980 1.188020
0.636390 0.236324 1.184092
0.634062 0.242386 1.179430
0.631038 0.247430 1.174323
0.633563 0.242232 1.165198
0.630107 0.238908 1.160704
0.623240 0.236635 1.158749
0.615826 0.235762 1.160868
0.610249 0.237553 1.166131
0.609076 0.241125 1.171939
0.611506 0.244513 1.175850
0.615716 0.247071 1.178042
0.611506 0.244513 1.175850
0.631038 0.247430 1.174323
0.629157 0.252790 1.169941
0.631624 0.248689 1.161628
0.628587 0.246088 1.157435
0.614944 0.243065 1.157183
0.609505 0.244351 1.162106
0.608180 0.247356 1.167416
0.610515 0.250236 1.171429
0.610515 0.250236 1.171429
0.629157 0.252790 1.169941
0.626891 0.257195 1.165767
0.629050 0.254446 1.159456
0.609364 0.250267 1.159157
0.614045 0.249442 1.155367
0.608147 0.252976 1.163690
0.610138 0.255579 1.167279
0.610138 0.255579 1.167279
0.626891 0.257195 1.165767
0.637813 0.230033 1.187743
0.640095 0.226731 1.182974
0.639049 0.223328 1.177948
0.627737 0.217342 1.172525
0.615289 0.218506 1.180107
0.613880 0.222076 1.186443
0.620063 0.229325 1.193493
0.616683 0.225980 1.191075
0.633715 0.232594 1.192432
0.637813 0.230033 1.187743
0.641708 0.225628 1.191297
0.642201 0.221569 1.185381
0.641685 0.218365 1.179004
0.637814 0.214120 1.175736
0.629218 0.211913 1.174505
0.621336 0.211337 1.177482
0.615157 0.216264 1.190334
0.618406 0.220373 1.195415
0.618406 0.220373 1.195415
0.623058 0.224212 1.198094
0.636540 0.227610 1.196624
0.641708 0.225628 1.191297
0.653291 0.220369 1.184094
0.647006 0.219539 1.185250
0.644912 0.212519 1.176718
0.646855 0.222391 1.195284
0.653144 0.219546 1.193885
0.628180 0.205512 1.173231
0.638831 0.206898 1.174294
0.615909 0.209972 1.194136
0.619302 0.214178 1.199670
0.624445 0.218295 1.202923
0.619302 0.214178 1.199670
0.639129 0.222788 1.201288
0.646855 0.222391 1.195284
0.647095 0.198829 1.168012
0.644862 0.208357 1.170058
0.651960 0.208967 1.170988
0.634837 0.197465 1.169662
0.616374 0.202954 1.198339
0.619564 0.206954 1.204303
0.619564 0.206954 1.204303
0.650383 0.217481 1.203646
0.653144 0.219546 1.193885
0.661580 0.216104 1.203122
0.697500 0.138601 1.153267
0.711425 0.138582 1.168347
0.704892 0.137483 1.160776
0.704892 0.137483 1.160776
0.620724 0.198825 1.208398
0.705510 0.132075 1.174415
0.699066 0.130466 1.166253
0.699066 0.130466 1.166253
0.620724 0.198825 1.208398
0.661299 0.128137 1.162006
0.699543 0.126383 1.180267
0.693559 0.121740 1.186070
0.692898 0.124954 1.172270
0.687849 0.118879 1.177683
0.621924 0.190579 1.212299
0.623688 0.182489 1.215693
0.621924 0.190579 1.212299
0.623688 0.182489 1.215693
0.623097 0.155704 1.204599
0.619909 0.149332 1.209616
0.622062 0.159219 1.210559
0.618907 0.153177 1.217106
0.654562 0.118630 1.177843
0.651479 0.112908 1.183531
0.658184 0.108329 1.186544
0.625694 0.135081 1.194798
0.627721 0.147350 1.193994
0.622256 0.139551 1.198718
0.629475 0.131400 1.190554
0.635727 0.124631 1.185784
0.647305 0.124438 1.178449
0.643895 0.117587 1.183858
0.625518 0.152003 1.199638
0.619897 0.145178 1.205855
0.677926 0.108822 1.188486
0.671839 0.103716 1.193044
0.678082 0.105689 1.204474
0.665355 0.106307 1.189163
0.677926 0.108822 1.188486
0.671839 0.103716 1.193044
0.673231 0.135057 1.238662
0.668760 0.140616 1.241975
0.682322 0.110961 1.213432
0.682915 0.116163 1.221146
0.681174 0.120373 1.226938
0.678630 0.126865 1.232707
0.620689 0.158879 1.225821
0.624970 0.167499 1.224954
0.622762 0.161649 1.232221
0.621979 0.162103 1.216074
0.619102 0.155714 1.223499
0.664213 0.145617 1.244431
0.660159 0.150114 1.245840
0.655208 0.154002 1.246929
0.650481 0.156237 1.247506
0.642977 0.159396 1.246381
0.639364 0.161731 1.244756
0.631732 0.162794 1.240856
0.634988 0.162775 1.242680
0.628097 0.162806 1.238053
0.625011 0.162588 1.235069
0.624970 0.167499 1.224954
0.622762 0.161649 1.232221
0.692898 0.124954 1.172270
0.687849 0.118879 1.177683
0.656326 0.121194 1.168921
0.682724 0.114227 1.183395
0.682724 0.114227 1.183395
0.624567 0.174829 1.219930
0.624567 0.174829 1.219930
0.609816 0.254552 1.157770
0.609207 0.257448 1.160725
0.612745 0.260298 1.158193
0.613286 0.255571 1.154788
0.616929 0.261356 1.157193
0.621486 0.261436 1.157726
0.618252 0.256388 1.153922
0.625095 0.259779 1.159563
0.626378 0.256396 1.157191
0.624089 0.260437 1.161856
0.624089 0.260437 1.161856
0.610903 0.259505 1.163432
0.610903 0.259505 1.163432
0.612881 0.261421 1.160937
0.615700 0.262193 1.161000
0.612881 0.261421 1.160937
0.620479 0.262331 1.161639
0.620479 0.262331 1.161639
0.615700 0.262193 1.161000
0.705923 0.245762 1.164406
0.703894 0.238817 1.169609
0.304539 -0.103195 1.313524
0.316796 -0.111956 1.322715
0.328743 -0.118953 1.332354
0.344513 -0.125030 1.345551
0.358324 -0.127466 1.359029
0.406514 -0.087296 1.414401
0.410943 -0.072308 1.421730
0.412695 -0.059738 1.425146
0.413110 -0.049852 1.426413
0.412390 -0.039921 1.426492
0.409572 -0.026614 1.424752
0.374932 0.026435 1.389365
0.363955 0.033664 1.378776
0.351385 0.037956 1.366662
0.340867 0.038064 1.356591
0.328879 0.035161 1.344717
0.297884 0.016973 1.319053
0.274758 -0.009193 1.300480
0.256801 -0.022687 1.307067
0.291008 -0.090293 1.304195
0.279088 -0.072705 1.298053
0.268231 -0.048877 1.295074
0.256801 -0.022687 1.307067
0.267064 -0.032258 1.295045
0.267064 -0.032258 1.295045
0.241041 -0.025152 1.321383
0.244344 -0.066048 1.321920
0.241041 -0.025152 1.321383
0.245478 0.010595 1.354618
0.228309 -0.029274 1.337811
0.227911 -0.069434 1.337550
0.228309 -0.029274 1.337811
0.233033 0.008788 1.360733
0.215398 0.006856 1.369511
0.220301 -0.031566 1.344973
0.205677 -0.034940 1.353089
0.220301 -0.031566 1.344973
0.205677 -0.034940 1.353089
0.204337 0.005952 1.371539
0.196970 -0.036772 1.355377
0.194949 -0.078210 1.356471
0.196970 -0.036772 1.355377
0.198813 -0.110016 1.372570
0.207994 -0.129082 1.399721
0.217344 -0.141132 1.438008
0.243463 -0.104415 1.529072
0.369768 -0.125643 1.370589
0.384037 -0.118742 1.384569
0.394726 -0.108387 1.397197
0.401151 -0.099293 1.406078
0.381161 0.021037 1.395879
0.388631 0.012946 1.403572
0.395519 0.003759 1.410554
0.279705 -0.040032 1.519019
0.251620 -0.032149 1.534974
0.404403 -0.011144 1.419592
0.308766 -0.099933 1.317590
0.319921 -0.108003 1.325990
0.330497 -0.114308 1.334663
0.344867 -0.119732 1.346777
0.357463 -0.121822 1.359133
0.405822 -0.070483 1.416494
0.401749 -0.084293 1.409783
0.407433 -0.058912 1.419623
0.407815 -0.049816 1.420783
0.407152 -0.040682 1.420858
0.404561 -0.028446 1.419270
0.362595 0.027031 1.377341
0.372703 0.020373 1.386990
0.351036 0.030896 1.366206
0.330303 0.028328 1.346028
0.341359 0.030986 1.356947
0.302401 0.011691 1.322680
0.281424 -0.012379 1.305690
0.296220 -0.087030 1.309059
0.285383 -0.070838 1.303452
0.275507 -0.048902 1.300747
0.274448 -0.033606 1.300723
0.274448 -0.033606 1.300723
0.396823 -0.095795 1.402047
0.390915 -0.104177 1.393903
0.367929 -0.120045 1.369720
0.381025 -0.113623 1.382521
0.378439 0.015367 1.392834
0.385308 0.007931 1.399883
0.391640 -0.000517 1.406278
0.399808 -0.014221 1.414550
0.319921 -0.108003 1.325990
0.308766 -0.099933 1.317590
0.244924 -0.097812 1.377523
0.330497 -0.114308 1.334663
0.265611 -0.108819 1.393311
0.344867 -0.119732 1.346777
0.357463 -0.121822 1.359133
0.285901 -0.110955 1.413531
0.405822 -0.070483 1.416494
0.401749 -0.084293 1.409783
0.321471 -0.064603 1.457278
0.315519 -0.084921 1.448002
0.407433 -0.058912 1.419623
0.407815 -0.049816 1.420783
0.322162 -0.049100 1.459344
0.407152 -0.040682 1.420858
0.404561 -0.028446 1.419270
0.317905 -0.030085 1.456260
0.372703 0.020373 1.386990
0.296077 0.000618 1.435061
0.362595 0.027031 1.377341
0.280323 0.008397 1.419514
0.351036 0.030896 1.366206
0.330303 0.028328 1.346028
0.341359 0.030986 1.356947
0.262314 0.007720 1.401949
0.302401 0.011691 1.322680
0.227263 -0.015965 1.372042
0.281424 -0.012379 1.305690
0.296220 -0.087030 1.309059
0.226270 -0.076223 1.365708
0.296220 -0.087030 1.309059
0.285383 -0.070838 1.303452
0.226270 -0.076223 1.365708
0.275507 -0.048902 1.300747
0.214499 -0.047292 1.361678
0.274448 -0.033606 1.300723
0.396823 -0.095795 1.402047
0.390915 -0.104177 1.393903
0.304632 -0.100878 1.433783
0.367929 -0.120045 1.369720
0.381025 -0.113623 1.382521
0.378439 0.015367 1.392834
0.385308 0.007931 1.399883
0.306751 -0.010334 1.445475
0.391640 -0.000517 1.406278
0.399808 -0.014221 1.414550
0.265611 -0.108819 1.393311
0.244924 -0.097812 1.377523
0.285901 -0.110955 1.413531
0.321471 -0.064603 1.457278
0.315519 -0.084921 1.448002
0.322162 -0.049100 1.459344
0.317905 -0.030085 1.456260
0.280323 0.008397 1.419514
0.296077 0.000618 1.435061
0.227263 -0.015965 1.372042
0.262314 0.007720 1.401949
0.226270 -0.076223 1.365708
0.214499 -0.047292 1.361678
0.304632 -0.100878 1.433783
0.306751 -0.010334 1.445475
0.205392 0.033445 1.397743
0.200137 0.011332 1.374930
0.188770 -0.048581 1.352710
0.186846 -0.076630 1.353709
0.188770 -0.048581 1.352710
0.192337 -0.030485 1.356938
0.197635 0.000557 1.367755
0.188821 -0.095008 1.359490
0.195107 -0.112315 1.371532
0.215229 -0.132136 1.507369
0.215381 -0.109727 1.538143
0.216948 0.025617 1.493261
0.223459 0.006393 1.529094
0.216903 -0.074557 1.548351
0.216724 -0.041430 1.549455
0.219046 -0.018284 1.544592
0.206697 0.041946 1.423110
0.205736 0.042748 1.435289
0.205595 0.041387 1.455315
0.203903 0.039110 1.467465
0.208715 0.037828 1.501920
0.203450 0.007373 1.524737
0.205046 -0.014370 1.539382
0.203500 -0.043020 1.544879
0.202994 -0.072346 1.544522
0.200935 -0.107915 1.532643
0.203569 -0.134126 1.510086
0.200526 -0.144608 1.478212
0.198909 -0.145110 1.442775
0.196632 -0.135241 1.401231
0.190345 -0.113789 1.372326
0.206697 0.041946 1.423110
0.205392 0.033445 1.397743
0.201874 -0.045681 1.444910
0.203903 0.039110 1.467465
0.205595 0.041387 1.455315
0.208715 0.037828 1.501920
0.203450 0.007373 1.524737
0.205736 0.042748 1.435289
0.200137 0.011332 1.374930
0.197635 0.000557 1.367755
0.201874 -0.045681 1.444910
0.192337 -0.030485 1.356938
0.201874 -0.045681 1.444910
0.192337 -0.030485 1.356938
0.188770 -0.048581 1.352710
0.186846 -0.076630 1.353709
0.205046 -0.014370 1.539382
0.190345 -0.113789 1.372326
0.196632 -0.135241 1.401231
0.188821 -0.095008 1.359490
0.203500 -0.043020 1.544879
0.201874 -0.045681 1.444910
0.198909 -0.145110 1.442775
0.200526 -0.144608 1.478212
0.203569 -0.134126 1.510086
0.200935 -0.107915 1.532643
0.202994 -0.072346 1.544522
0.387583 0.023006 1.366352
0.375735 0.020155 1.351743
0.366408 0.017684 1.376592
0.398094 0.013883 1.378348
0.351639 0.017215 1.318000
0.335954 0.020109 1.346579
0.343400 -0.002528 1.306777
0.340993 -0.057184 1.297968
0.311857 -0.066372 1.317566
0.311857 -0.066372 1.317566
0.340993 -0.057184 1.297968
0.367139 -0.093307 1.324702
0.422862 -0.049006 1.410924
0.423863 -0.033623 1.410179
0.398723 0.011237 1.343445
0.407962 0.016876 1.356598
0.417377 0.019094 1.370952
0.434779 -0.000651 1.388824
0.426786 0.014015 1.383972
0.379854 0.008456 1.312179
0.388975 0.009935 1.328079
0.371365 -0.046820 1.290032
0.371365 -0.046820 1.290032
0.391063 -0.090197 1.304540
0.420197 -0.096783 1.341322
0.430812 -0.089902 1.360539
0.443525 -0.056292 1.393597
0.440144 -0.040870 1.392279
0.441517 -0.027189 1.393731
0.446535 0.028422 1.340699
0.440714 0.022563 1.327944
0.427201 0.022996 1.347645
0.418972 0.021882 1.333994
0.453790 0.030140 1.354176
0.435865 0.021406 1.360479
0.470888 0.017785 1.377903
0.452702 0.006741 1.380501
0.444617 0.015529 1.371508
0.435827 0.013824 1.316158
0.430076 0.006069 1.303586
0.411595 0.019541 1.319316
0.405103 0.016394 1.303758
0.420497 -0.012662 1.277205
0.419226 -0.030591 1.266076
0.395694 -0.014595 1.280028
0.398202 -0.038249 1.281758
0.398202 -0.038249 1.281758
0.419226 -0.030591 1.266076
0.439854 -0.070256 1.280355
0.417046 -0.079790 1.292684
0.453457 -0.088142 1.348764
0.469584 -0.090043 1.318913
0.445627 -0.095744 1.330469
0.458695 -0.045913 1.376526
0.459378 -0.005261 1.388370
0.478252 0.003099 1.380290
0.480786 0.072863 1.300611
0.509611 0.038340 1.359276
0.517838 0.065507 1.346810
0.531890 0.055009 1.357224
0.467015 0.057994 1.266851
0.472593 0.067774 1.283927
0.461233 -0.012527 1.248297
0.456866 0.007886 1.255510
0.474749 -0.000223 1.230744
0.464099 0.023079 1.233914
0.466544 -0.034392 1.239738
0.461233 -0.012527 1.248297
0.487745 -0.020410 1.234600
0.474749 -0.000223 1.230744
0.515726 -0.071498 1.296606
0.536474 -0.057704 1.285632
0.523741 -0.063301 1.317120
0.547648 -0.053082 1.307600
0.552881 -0.038186 1.329944
0.551783 -0.016597 1.345552
0.550620 0.001016 1.356441
0.522001 0.007165 1.361604
0.547152 0.019683 1.362072
0.517250 0.023007 1.362064
0.540821 0.038434 1.362448
0.500279 0.079502 1.292752
0.507285 0.086705 1.308840
0.511770 0.093513 1.283969
0.493329 0.057867 1.265258
0.496499 0.069264 1.278770
0.498956 0.074549 1.253366
0.502309 0.087077 1.268363
0.496334 0.011966 1.231172
0.490279 0.030516 1.238896
0.509335 0.022072 1.221423
0.509335 0.022072 1.221423
0.496334 0.011966 1.231172
0.506529 -0.005846 1.230056
0.536316 -0.014947 1.226621
0.522535 -0.024917 1.237034
0.539625 0.103921 1.288846
0.546486 0.110521 1.264193
0.554807 0.115174 1.278337
0.539238 0.104838 1.249223
0.522437 0.036820 1.204111
0.512013 0.058817 1.210397
0.542506 0.049936 1.206394
0.535614 0.068249 1.214573
0.536306 0.020012 1.207506
0.522437 0.036820 1.204111
0.553584 0.034128 1.204785
0.542506 0.049936 1.206394
0.554935 0.000814 1.216389
0.616131 0.053103 1.313941
0.618393 0.039363 1.302736
0.601409 0.082005 1.320092
0.610389 0.068229 1.321079
0.611456 0.156127 1.230366
0.616799 0.158838 1.239699
0.625964 0.158840 1.249278
0.643877 0.151254 1.258408
0.619812 0.137212 1.270643
0.636695 0.155504 1.256183
0.604513 0.141075 1.207925
0.605318 0.148623 1.217473
0.594443 0.097117 1.190637
0.586427 0.110752 1.195484
0.618856 0.117772 1.187909
0.610555 0.128068 1.193363
0.628895 0.109463 1.186594
0.618856 0.117772 1.187909
0.594443 0.097117 1.190637
0.656865 0.094078 1.193906
0.642590 0.102049 1.187442
0.651560 0.062924 1.212877
0.666582 0.092849 1.203746
0.672607 0.097396 1.216005
0.674054 0.105741 1.228589
0.670061 0.120139 1.245613
0.665299 0.126531 1.250654
0.658651 0.136902 1.255627
0.649213 0.147760 1.258358
0.606021 0.124155 1.290319
0.615437 0.116635 1.297286
0.635128 0.097083 1.296571
0.624331 0.108328 1.299638
0.641709 0.084725 1.290280
0.644866 0.041653 1.241526
0.636807 0.035709 1.223167
0.620829 0.039589 1.205864
0.571786 0.079399 1.188201
0.564217 0.096603 1.195760
0.571786 0.079399 1.188201
0.585634 0.119249 1.282452
0.611331 0.091877 1.304399
0.618499 0.080868 1.302931
0.622118 0.069497 1.297022
0.623335 0.058459 1.287792
0.627157 0.039414 1.270005
0.628983 0.025427 1.252241
0.620970 0.019470 1.233332
0.585739 0.031161 1.198424
0.604271 0.022141 1.211944
0.566671 0.047912 1.192148
0.554926 0.064224 1.193637
0.554926 0.064224 1.193637
0.545607 0.111390 1.225032
0.547686 0.122526 1.239165
0.490786 0.029100 1.372201
0.493432 -0.083053 1.307592
0.460338 -0.064621 1.264127
0.437548 -0.022669 1.252253
0.437548 -0.022669 1.252253
0.440948 -0.004593 1.267551
0.366429 0.006082 1.290176
0.398141 0.005860 1.286900
0.424394 -0.001593 1.290961
0.463173 0.043733 1.249276
0.489645 0.046187 1.250720
0.511375 0.075721 1.226273
0.533352 0.083509 1.223821
0.545524 0.098700 1.212984
0.606087 0.134416 1.200486
0.324567 0.024435 1.383038
0.283376 -0.071998 1.343488
0.283376 -0.071998 1.343488
0.293274 0.025662 1.398553
0.271712 0.014028 1.378582
0.249330 -0.074992 1.355615
0.249330 -0.074992 1.355615
0.278250 0.014532 1.437723
0.260707 0.022448 1.418303
0.292050 0.005301 1.451236
0.305149 -0.005228 1.464108
0.314447 -0.021586 1.475087
0.239143 0.016578 1.394202
0.225216 -0.000095 1.375993
0.216208 -0.023983 1.367800
0.213842 -0.081071 1.363971
0.223367 -0.105946 1.372753
0.243548 -0.120335 1.386809
0.290556 -0.119744 1.443650
0.299269 -0.105465 1.461069
0.305425 -0.081789 1.476540
0.317759 -0.035793 1.478520
0.313025 -0.052207 1.482139
0.263804 -0.127770 1.401400
0.278819 -0.128110 1.423098
0.213447 -0.047272 1.363693
0.213842 -0.081071 1.363971
0.307647 -0.067472 1.481778
0.576861 0.083966 1.326828
0.278250 0.014532 1.437723
0.260707 0.022448 1.418303
0.292050 0.005301 1.451236
0.314447 -0.021586 1.475087
0.305149 -0.005228 1.464108
0.239143 0.016578 1.394202
0.225216 -0.000095 1.375993
0.216208 -0.023983 1.367800
0.213842 -0.081071 1.363971
0.223367 -0.105946 1.372753
0.243548 -0.120335 1.386809
0.290556 -0.119744 1.443650
0.299269 -0.105465 1.461069
0.305425 -0.081789 1.476540
0.313025 -0.052207 1.482139
0.317759 -0.035793 1.478520
0.263804 -0.127770 1.401400
0.278819 -0.128110 1.423098
0.213447 -0.047272 1.363693
0.307647 -0.067472 1.481778
0.611456 0.156127 1.230366
0.616799 0.158838 1.239699
0.625964 0.158840 1.249278
0.636695 0.155504 1.256183
0.643877 0.151254 1.258408
0.605318 0.148623 1.217473
0.606087 0.134416 1.200486
0.604513 0.141075 1.207925
0.610555 0.128068 1.193363
0.642590 0.102049 1.187442
0.628895 0.109463 1.186594
0.666582 0.092849 1.203746
0.656865 0.094078 1.193906
0.670061 0.120139 1.245613
0.674054 0.105741 1.228589
0.658651 0.136902 1.255627
0.665299 0.126531 1.250654
0.672607 0.097396 1.216005
0.649213 0.147760 1.258358
0.618856 0.117772 1.187909
0.660877 0.114090 1.262058
0.675892 0.110184 1.247153
0.679412 0.099673 1.237292
0.601920 0.115171 1.184183
0.611568 0.119741 1.181529
0.601920 0.115171 1.184183
0.611568 0.119741 1.181529
0.624283 0.150419 1.270065
0.629349 0.158746 1.263640
0.657753 0.135168 1.263160
0.657024 0.107709 1.267907
0.665429 0.093448 1.258670
0.669316 0.082283 1.249421
0.670383 0.073445 1.238700
0.667519 0.067177 1.226208
0.662895 0.064817 1.213585
0.653684 0.065961 1.201874
0.642470 0.070659 1.194065
0.631057 0.078214 1.189367
0.618885 0.087034 1.187756
0.606821 0.097849 1.188321
0.596839 0.108824 1.189686
0.587907 0.119451 1.196702
0.596839 0.108824 1.189686
0.583411 0.129055 1.206519
0.582174 0.136530 1.216463
0.583140 0.142234 1.227437
0.587081 0.146512 1.240259
0.595364 0.149032 1.254552
0.605035 0.147535 1.266221
0.617801 0.141721 1.274498
0.633045 0.133238 1.278636
0.645977 0.120355 1.274984
0.632708 0.177906 1.236166
0.645598 0.176096 1.241284
0.635728 0.178199 1.229975
0.648172 0.175642 1.236187
0.660963 0.168378 1.239535
0.660241 0.168307 1.243592
0.672857 0.154461 1.242439
0.673568 0.155935 1.237429
0.683239 0.145115 1.232391
0.683507 0.143467 1.236847
0.691855 0.134919 1.225004
0.692121 0.132371 1.229481
0.695992 0.122440 1.220024
0.694557 0.126138 1.214989
0.694046 0.119455 1.206872
0.696078 0.116600 1.210990
0.692191 0.115656 1.198654
0.694190 0.110370 1.200920
0.687340 0.105088 1.192659
0.685983 0.110640 1.188930
0.679681 0.109099 1.179558
0.680446 0.103775 1.182206
0.672658 0.109911 1.175033
0.672049 0.105002 1.175582
0.663604 0.113532 1.172509
0.662650 0.108530 1.170998
0.652206 0.115402 1.169460
0.654181 0.119920 1.170185
0.646494 0.126632 1.170564
0.643997 0.124817 1.170009
0.636389 0.133040 1.172076
0.639834 0.134238 1.172799
0.627801 0.143045 1.176770
0.632141 0.144416 1.176019
0.636389 0.133040 1.172076
0.639834 0.134238 1.172799
0.622554 0.150749 1.183495
0.626233 0.152658 1.182930
0.626224 0.177373 1.224124
0.623208 0.176390 1.227912
0.616002 0.171954 1.213550
0.620489 0.173437 1.213151
0.615940 0.165422 1.203688
0.620447 0.167315 1.203240
0.619355 0.159314 1.192608
0.622679 0.160204 1.192348
0.660929 0.090580 1.257946
0.653339 0.103095 1.266031
0.663110 0.080934 1.249009
0.664536 0.072402 1.238740
0.662445 0.067081 1.226980
0.658105 0.064632 1.215914
0.650073 0.065450 1.206008
0.639080 0.070394 1.198092
0.629110 0.076925 1.193803
0.617747 0.086170 1.191831
0.606190 0.096708 1.191857
0.595968 0.106942 1.193986
0.588163 0.116917 1.199280
0.595968 0.106942 1.193986
0.584627 0.125676 1.209726
0.583841 0.131508 1.219145
0.583891 0.137598 1.229702
0.588041 0.140973 1.240875
0.595221 0.143628 1.255249
0.604705 0.141345 1.266050
0.616956 0.135458 1.272557
0.630947 0.126732 1.275880
0.642492 0.115174 1.272337
0.684953 0.118272 1.242810
0.674230 0.130464 1.249883
0.640733 0.169681 1.246955
0.628442 0.171688 1.240922
0.618760 0.170320 1.232164
0.612264 0.165312 1.219030
0.611748 0.159880 1.208711
0.614397 0.153566 1.198344
0.617999 0.146133 1.190059
0.623706 0.137831 1.183069
0.630221 0.129503 1.178211
0.622102 0.125337 1.179301
0.630221 0.129503 1.178211
0.622102 0.125337 1.179301
0.668482 0.093636 1.192629
0.674553 0.094752 1.202028
0.679457 0.097868 1.211975
0.683447 0.102595 1.221910
0.693919 0.114491 1.226490
0.687842 0.108244 1.231643
0.635728 0.178199 1.229975
0.648172 0.175642 1.236187
0.660963 0.168378 1.239535
0.673568 0.155935 1.237429
0.683239 0.145115 1.232391
0.691855 0.134919 1.225004
0.694557 0.126138 1.214989
0.694046 0.119455 1.206872
0.692191 0.115656 1.198654
0.685983 0.110640 1.188930
0.679681 0.109099 1.179558
0.672658 0.109911 1.175033
0.663604 0.113532 1.172509
0.654181 0.119920 1.170185
0.646494 0.126632 1.170564
0.639834 0.134238 1.172799
0.632141 0.144416 1.176019
0.626233 0.152658 1.182930
0.626224 0.177373 1.224124
0.620489 0.173437 1.213151
0.620447 0.167315 1.203240
0.622679 0.160204 1.192348
0.662445 0.067081 1.226980
0.664536 0.072402 1.238740
0.663110 0.080934 1.249009
0.660929 0.090580 1.257946
0.653339 0.103095 1.266031
0.642492 0.115174 1.272337
0.630947 0.126732 1.275880
0.616956 0.135458 1.272557
0.604705 0.141345 1.266050
0.595221 0.143628 1.255249
0.588041 0.140973 1.240875
0.583891 0.137598 1.229702
0.583841 0.131508 1.219145
0.584627 0.125676 1.209726
0.588163 0.116917 1.199280
0.595968 0.106942 1.193986
0.606190 0.096708 1.191857
0.617747 0.086170 1.191831
0.629110 0.076925 1.193803
0.639080 0.070394 1.198092
0.650073 0.065450 1.206008
0.621484 -0.538376 1.274094
0.547561 -0.557037 1.298113
0.536242 -0.557037 1.275898
0.518612 -0.557037 1.258268
0.496397 -0.557037 1.246949
0.471772 -0.557037 1.243049
0.447146 -0.557037 1.246949
0.424931 -0.557037 1.258268
0.407302 -0.557037 1.275898
0.395983 -0.557037 1.298113
0.392082 -0.557037 1.322739
0.395983 -0.557037 1.347364
0.407302 -0.557037 1.369579
0.424931 -0.557037 1.387209
0.447146 -0.557037 1.398528
0.471772 -0.557037 1.402428
0.496397 -0.557037 1.398528
0.518612 -0.557037 1.387209
0.536242 -0.557037 1.369579
0.547561 -0.557037 1.347364
0.551461 -0.557037 1.322739
0.547561 -0.557037 1.298113
0.621484 -0.538376 1.274094
0.691721 -0.507786 1.251273
0.691721 -0.507786 1.251273
0.756542 -0.466020 1.230211
0.756542 -0.466020 1.230211
0.814351 -0.414106 1.211428
0.814351 -0.414106 1.211428
0.863724 -0.353322 1.195385
0.863724 -0.353322 1.195385
0.903446 -0.285165 1.182479
0.903446 -0.285165 1.182479
0.932539 -0.211314 1.173026
0.932539 -0.211314 1.173026
0.950287 -0.133587 1.167260
0.950287 -0.133587 1.167260
0.956252 -0.053897 1.165322
0.956252 -0.053897 1.165322
0.950287 0.025792 1.167260
0.950287 0.025792 1.167260
0.932539 0.103520 1.173026
0.932539 0.103520 1.173026
0.903446 0.177371 1.182479
0.903446 0.177371 1.182479
0.863724 0.245528 1.195385
0.863724 0.245528 1.195385
0.814351 0.306311 1.211428
0.814351 0.306311 1.211428
0.756542 0.358226 1.230211
0.756542 0.358226 1.230211
0.691721 0.399992 1.251273
0.691721 0.399992 1.251273
0.621484 0.430582 1.274094
0.621484 0.430582 1.274094
0.547561 0.449243 1.298113
0.536242 0.449243 1.275898
0.518612 0.449243 1.258268
0.496397 0.449243 1.246949
0.471772 0.449243 1.243049
0.447146 0.449243 1.246949
0.424931 0.449243 1.258268
0.407302 0.449243 1.275898
0.395983 0.449243 1.298113
0.392082 0.449243 1.322739
0.395983 0.449243 1.347364
0.407302 0.449243 1.369579
0.424931 0.449243 1.387209
0.447146 0.449243 1.398528
0.471772 0.449243 1.402428
0.496397 0.449243 1.398528
0.518612 0.449243 1.387209
0.536242 0.449243 1.369579
0.547561 0.449243 1.347364
0.551461 0.449243 1.322739
0.547561 0.449243 1.298113
0.471772 -0.563309 1.322739
0.471772 -0.563309 1.322739
0.471772 -0.563309 1.322739
0.471772 -0.563309 1.322739
0.471772 -0.563309 1.322739
0.471772 -0.563309 1.322739
0.471772 -0.563309 1.322739
0.471772 -0.563309 1.322739
0.471772 -0.563309 1.322739
0.471772 -0.563309 1.322739
0.471772 -0.563309 1.322739
0.471772 -0.563309 1.322739
0.471772 -0.563309 1.322739
0.471772 -0.563309 1.322739
0.471772 -0.563309 1.322739
0.471772 -0.563309 1.322739
0.471772 -0.563309 1.322739
0.471772 -0.563309 1.322739
0.471772 -0.563309 1.322739
0.471772 -0.563309 1.322739
0.471772 0.455515 1.322739
0.471772 0.455515 1.322739
0.471772 0.455515 1.322739
0.471772 0.455515 1.322739
0.471772 0.455515 1.322739
0.471772 0.455515 1.322739
0.471772 0.455515 1.322739
0.471772 0.455515 1.322739
0.471772 0.455515 1.322739
0.471772 0.455515 1.322739
0.471772 0.455515 1.322739
0.471772 0.455515 1.322739
0.471772 0.455515 1.322739
0.471772 0.455515 1.322739
0.471772 0.455515 1.322739
0.471772 0.455515 1.322739
0.471772 0.455515 1.322739
0.471772 0.455515 1.322739
0.471772 0.455515 1.322739
0.471772 0.455515 1.322739
1177 1178
1179 1181
1251 1252
1254 1262
1252 1253
1183 1184
1681 1682
1702 1703
1734 1736
1735 1756
1737 1778
1683 1757
1683 1758
1736 1777
1682 1757
1702 1776
1738 1778
1738 1779
1684 1758
1684 1759
1681 1704
1703 1705
1732 1734
1733 1735
1686 1760
1686 1761
1740 1780
1740 1781
1739 1779
1739 1780
1685 1759
1685 1760
1714 1716
1715 1717
1720 1722
1721 1723
1706 1708
1707 1709
1728 1730
1729 1731
1687 1761
1687 1762
1741 1781
1741 1782
1708 1710
1709 1711
1726 1728
1727 1729
1691 1765
1691 1766
1745 1785
1745 1786
1688 1762
1688 1763
1742 1782
1742 1783
1690 1764
1692 1766
1692 1767
1744 1784
1744 1785
1746 1786
1689 1763
1689 1764
1743 1783
1743 1784
1712 1714
1713 1715
1722 1724
1723 1725
1693 1767
1693 1768
1747 1787
1747 1788
1695 1769
1695 1770
1749 1789
1749 1790
1696 1770
1696 1771
1750 1790
1750 1791
1694 1768
1694 1769
1748 1788
1748 1789
1704 1706
1705 1707
1730 1732
1731 1733
1710 1712
1711 1713
1724 1726
1725 1727
1754 1794
1754 1795
1700 1774
1751 1791
1751 1792
1697 1771
1697 1772
1752 1792
1752 1793
1698 1772
1698 1773
1753 1793
1753 1794
1699 1773
1699 1774
1755 1795
1755 1796
1701 1775
1701 1776
1716 1718
1718 1720
1719 1721
96 213
145 147
79 165
1173 1175
1204 1205
31 33
175 322
1099 1100
92 96
57 64
88 89
1076 1077
15 16
94 95
297 328
121 269
1238 1239
1259 1263
74 239
317 325
51 67
65 66
1101 1102
1104 1105
153 155
160 306
139 141
1131 1133
1171 1174
132 134
1077 1078
224 302
138 167
116 269
168 197
1276 1449
1277 1448
1221 1231
100 101
20 322
263 274
1230 1231
1246 1247
1450 1455
129 130
1219 1220
1219 1235
122 123
1234 1235
1266 1267
150 255
198 297
45 47
197 249
1452 1462
1453 1473
1220 1223
1239 1240
1258 1259
1275 1276
1277 1278
1448 1452
1449 1453
1451 1459
1133 1134
173 323
1101 1103
178 179
79 80
173 211
40 42
1237 1238
1263 1264
100 208
1175 1183
1204 1207
146 147
1447 1450
1229 1230
1244 1246
1235 1236
1265 1266
1103 1104
121 329
163 187
7 12
195 226
117 269
74 76
119 325
98 256
294 295
1472 1473
1484 1494
1236 1237
1264 1265
1334 1435
105 106
167 197
36 245
144 185
1272 1438
241 242
44 245
102 219
1215 1216
1250 1254
1114 1115
2 223
1223 1224
185 186
134 180
1275 1289
1278 1290
114 115
122 183
1455 1459
1477 1481
75 76
130 131
1272 1273
8 9
145 249
251 267
1398 1412
55 57
64 66
165 167
149 183
1210 1211
1242 1249
1389 1391
1394 1395
43 44
1221 1229
1438 1439
107 260
1311 1312
1181 1183
1206 1207
32 33
175 280
1279 1291
202 241
7 176
13 233
97 189
127 128
306 307
83 85
286 304
52 67
138 140
1150 1178
1196 1206
193 208
1335 1336
192 208
1310 1439
1291 1317
103 219
44 61
46 47
1106 1220
199 299
89 174
34 35
184 186
1274 1438
10 200
185 287
1222 1225
228 229
1155 1187
1290 1314
1261 1267
1232 1233
1257 1261
117 118
208 316
124 125
1466 1467
1488 1489
13 161
1389 1416
1395 1414
177 178
1152 1155
1195 1197
138 168
115 177
75 290
1485 1486
42 43
1459 1460
1481 1482
40 292
126 303
1150 1152
1195 1196
1212 1213
1255 1256
3 172
1462 1463
196 197
1280 1294
242 261
77 222
138 164
108 110
111 113
270 315
1340 1341
91 211
1292 1320
48 319
273 320
144 268
112 278
116 118
152 238
6 83
97 203
1338 1433
1331 1333
1341 1342
1385 1406
1454 1455
1476 1477
1311 1313
1314 1315
1319 1433
203 241
17 19
1338 1339
203 242
1319 1320
25 26
300 301
4 177
0 1
1460 1461
1482 1483
1210 1226
1241 1242
232 233
78 260
1316 1434
256 306
132 182
134 301
317 329
102 103
1362 1376
1470 1471
1492 1493
1081 1082
1421 1422
1390 1415
240 278
1231 1232
1247 1257
1358 1368
1359 1373
36 38
140 318
1350 1351
1425 1427
1330 1436
1335 1435
1464 1470
1486 1492
103 205
203 204
215 256
206 207
1334 1336
139 140
215 258
1332 1333
135 136
170 300
1333 1441
124 141
68 69
70 71
40 41
310 313
1293 1318
1379 1475
102 193
140 166
93 278
81 82
31 32
1330 1332
1335 1337
228 230
174 310
204 307
19 176
1169 1173
1202 1205
102 104
1368 1369
1165 1192
1201 1209
1411 1423
1465 1471
1487 1493
94 209
135 137
1294 1321
27 86
220 231
95 240
1281 1296
1078 1085
97 286
166 168
1412 1424
1295 1321
117 294
1413 1426
1332 1356
1337 1360
280 282
160 214
1425 1426
255 277
44 60
46 54
245 248
1336 1337
1311 1436
1315 1435
111 114
1136 1137
1180 1182
144 183
169 279
14 275
1465 1466
1487 1488
1268 1270
91 324
1368 1370
1373 1375
261 262
1271 1283
97 306
208 290
1159 1187
1199 1208
78 312
117 142
108 113
250 251
1461 1472
1483 1494
1224 1225
151 152
56 57
190 270
95 241
1303 1432
275 276
1331 1437
1167 1169
1202 1203
126 130
1443 1444
1268 1283
86 234
31 151
1414 1428
1416 1429
6 157
50 59
108 115
282 309
239 290
2 3
1158 1159
1198 1199
136 324
172 271
1328 1441
1087 1091
1134 1139
1176 1184
98 99
1370 1429
1375 1428
1258 1260
134 259
195 196
180 182
122 296
1401 1402
1509 1510
1298 1300
93 137
103 104
243 245
73 305
28 29
1406 1417
139 168
176 309
116 317
238 239
248 303
1322 1323
267 288
265 296
1080 1081
130 266
1372 1373
1324 1349
1217 1218
145 184
268 287
1286 1305
174 311
1457 1458
1479 1480
30 102
199 200
162 257
281 283
1364 1366
273 322
274 319
167 279
28 152
69 122
153 154
162 163
1303 1304
1083 1088
1454 1456
1476 1478
1516 1525
280 281
1271 1284
122 298
211 212
53 254
1297 1299
194 326
1370 1371
1086 1090
1088 1092
1456 1457
1478 1480
1310 1311
201 252
1107 1108
153 187
67 254
185 288
38 87
84 224
159 160
1309 1439
1379 1418
1356 1357
1301 1302
1061 1080
145 327
78 133
1343 1344
219 231
58 59
60 61
9 328
156 257
1360 1361
182 271
1517 1619
1328 1329
32 277
8 20
1326 1327
88 312
108 109
44 308
54 56
130 248
27 244
1135 1136
1179 1180
7 156
133 259
120 121
169 170
209 210
226 227
37 246
88 133
5 7
1227 1228
1245 1248
143 144
1362 1363
1117 1135
1149 1177
197 279
107 311
158 159
245 246
95 96
1354 1355
1344 1346
1093 1094
87 129
1162 1165
1200 1201
159 217
158 242
223 272
1357 1442
283 284
27 128
180 225
82 291
1113 1116
1151 1153
1327 1348
1108 1109
110 115
28 192
56 66
67 308
1064 1065
208 239
154 156
170 259
1142 1143
1188 1189
1374 1375
1213 1217
1256 1260
188 258
110 177
281 285
207 262
245 247
1324 1329
147 197
244 245
187 257
312 314
127 243
1356 1358
1359 1360
149 296
128 243
129 266
1268 1269
126 128
1352 1442
142 265
235 309
1526 1527
217 218
91 92
1214 1215
1254 1255
220 221
233 237
271 272
24 326
207 316
183 288
1554 1555
26 235
180 211
14 234
123 267
109 110
19 175
1547 1548
99 113
128 275
123 124
1167 1192
1203 1209
1079 1085
1083 1084
78 171
165 279
28 31
92 213
1287 1288
232 237
26 27
160 256
1282 1288
273 292
1526 1548
222 302
121 325
219 230
222 272
1430 1431
248 266
12 309
1371 1444
1073 1074
1146 1147
1193 1194
1352 1353
1546 1547
93 96
325 329
1377 1378
34 326
135 278
3 223
249 250
1553 1556
1640 1641
83 297
40 244
1141 1143
1186 1189
43 244
112 323
1120 1121
1153 1154
1349 1353
162 187
124 318
28 30
1377 1380
201 270
1061 1062
146 327
47 59
284 285
88 314
142 148
33 87
1396 1397
1505 1508
1365 1367
1 190
25 280
1430 1445
118 265
1468 1469
1490 1491
234 235
206 262
1596 1617
1664 1665
1285 1286
191 193
1325 1347
104 206
141 318
1066 1067
86 128
116 117
158 205
78 170
1308 1309
214 215
1075 1076
1071 1116
76 210
119 227
1221 1230
1095 1096
1097 1098
1282 1283
192 238
1072 1073
176 283
1062 1063
165 169
1284 1286
151 255
1666 1667
107 310
1550 1554
1595 1596
1663 1664
1616 1617
1665 1666
59 72
61 63
1543 1544
143 268
155 178
127 245
1588 1589
1082 1084
214 216
247 248
181 271
1300 1308
222 271
229 232
1345 1347
240 304
1128 1130
1168 1170
44 63
47 55
103 218
85 179
1065 1107
241 261
31 152
1555 1558
1545 1546
1612 1613
1669 1670
214 321
1535 1536
154 179
1469 1474
1490 1495
1518 1635
148 149
1381 1388
1496 1501
1117 1118
1148 1149
88 90
93 135
53 70
69 298
103 217
1408 1409
1122 1123
1156 1157
1306 1307
134 225
29 228
1307 1440
112 304
163 258
1131 1132
1171 1172
280 322
167 168
259 300
1127 1147
1164 1194
285 289
1158 1162
1198 1200
1604 1605
1676 1677
160 307
1393 1397
1505 1506
32 38
1220 1235
1066 1110
1538 1539
144 287
254 255
1622 1623
1128 1129
1166 1168
1298 1306
29 33
268 327
1467 1474
1489 1495
1556 1557
1408 1410
1182 1184
1618 1637
169 197
1557 1559
1642 1643
237 321
128 276
234 236
1544 1545
1400 1401
1510 1513
86 236
142 143
1534 1535
80 171
1552 1553
1639 1640
1614 1615
1667 1668
1118 1119
1148 1151
98 155
1527 1528
1121 1142
1154 1188
1458 1468
1479 1491
1531 1532
33 228
260 313
1536 1537
154 157
1603 1604
1677 1678
161 237
1123 1140
99 109
14 235
1404 1405
1511 1514
1100 1214
1102 1212
8 11
1605 1606
1675 1676
30 191
163 215
1074 1075
1613 1614
1668 1669
857 859
12 235
1533 1534
1538 1540
1532 1533
1420 1421
1601 1602
1679 1680
85 157
209 213
1399 1400
1507 1513
1391 1392
1529 1530
1560 1561
1109 1110
168 250
159 216
293 326
1551 1552
1638 1639
150 253
264 296
77 181
1607 1609
1673 1674
1542 1543
1581 1583
1549 1550
1089 1093
173 324
1528 1529
1406 1407
1396 1399
1507 1508
6 299
186 268
1620 1621
245 303
281 282
1607 1608
1674 1675
1070 1071
99 286
1530 1531
870 871
1559 1562
1643 1644
38 277
1112 1113
1111 1112
113 286
1597 1598
1661 1662
1130 1132
1170 1172
676 678
292 320
1662 1663
1419 1420
246 247
1403 1404
1511 1512
1518 1637
1382 1383
1497 1498
161 233
48 49
50 58
1418 1419
1592 1594
1658 1659
1383 1386
1498 1499
80 169
77 271
1211 1216
1249 1250
1005 1006
1582 1584
1653 1654
953 960
25 322
1067 1068
1621 1622
1591 1593
1393 1394
1506 1515
1140 1141
1185 1186
1598 1599
1660 1661
205 262
127 303
156 157
565 576
1587 1590
1656 1657
1585 1593
1517 1618
25 273
209 212
172 272
99 108
1600 1601
195 300
1549 1588
1602 1603
1678 1679
1126 1127
1163 1164
126 276
1574 1575
1567 1570
1586 1594
1655 1659
1565 1568
1646 1647
205 242
1575 1578
100 316
1228 1229
1244 1245
1624 1625
1541 1542
1407 1409
1611 1612
1670 1671
12 13
282 284
663 834
1145 1146
1191 1193
1144 1145
1190 1191
821 851
1582 1586
1654 1655
117 143
1626 1627
170 196
1226 1227
1241 1248
1387 1388
1501 1503
1610 1611
1671 1672
209 301
226 301
869 871
1599 1600
1219 1236
1520 1631
1522 1629
1122 1124
1156 1160
1564 1566
1566 1567
36 37
123 141
212 301
1589 1591
845 855
846 871
118 264
150 152
218 221
1634 1635
1625 1626
1523 1524
1623 1624
12 176
1590 1592
1657 1658
1627 1628
960 962
1573 1576
1650 1651
667 668
87 266
136 323
207 261
235 282
1581 1585
1010 1015
51 52
242 262
1568 1569
1647 1648
842 852
1578 1579
677 678
216 221
672 674
562 563
967 969
1094 1099
948 949
1632 1633
1006 1012
1551 1587
1638 1656
433 845
95 202
148 265
126 248
41 63
49 72
1609 1610
1672 1673
244 273
1381 1382
1496 1497
539 549
541 550
90 310
952 963
1572 1574
864 971
665 835
1519 1520
870 872
979 1035
1090 1095
1092 1097
14 233
391 392
396 397
401 402
999 1001
664 665
854 856
401 416
405 418
865 972
867 973
798 809
681 682
684 685
862 970
799 811
800 813
1570 1572
1561 1564
662 663
860 861
971 975
972 976
973 977
649 673
857 858
880 882
948 951
1392 1446
1502 1504
1562 1563
1644 1645
19 283
1072 1111
283 285
865 866
867 868
1561 1636
862 863
998 999
1652 1653
853 872
186 327
976 1033
977 982
1576 1577
1651 1652
185 267
64 65
53 253
296 298
40 43
1636 1637
1502 1503
538 548
822 824
1571 1573
1649 1650
404 406
849 866
850 868
442 443
443 1059
960 961
256 258
1068 1069
1069 1070
940 952
672 676
55 56
398 414
393 394
642 662
437 445
1519 1537
1521 1539
562 674
566 716
717 718
191 192
393 413
204 242
644 664
796 808
398 399
16 263
20 23
854 951
869 968
410 411
1129 1144
1166 1190
797 807
236 275
1017 1018
1031 1032
982 983
1033 1034
574 576
980 981
525 540
829 849
830 850
856 857
543 716
544 717
848 863
771 787
808 820
774 788
777 789
131 229
565 672
134 300
1402 1403
1509 1512
438 444
1084 1138
1085 1139
1579 1630
1583 1628
997 1003
51 71
65 68
778 790
1012 1013
992 1000
526 541
807 819
817 829
818 830
535 547
297 299
806 818
1563 1565
1645 1646
520 538
129 228
786 797
974 984
978 986
343 394
1628 1629
1630 1631
823 851
1096 1100
1098 1102
330 400
1124 1125
1160 1161
965 974
966 978
794 805
795 806
1004 1005
1008 1009
1125 1126
1161 1163
529 543
531 544
391 421
396 422
892 893
413 424
549 558
550 561
515 535
498 508
1014 1015
784 794
785 795
682 826
679 680
888 889
890 891
678 826
527 542
424 425
983 1037
1034 1036
537 715
881 900
984 985
986 987
497 507
499 509
415 426
439 440
1059 1060
1017 1039
1031 1038
790 801
332 403
545 719
769 786
1004 1037
1008 1036
343 345
412 423
804 816
733 775
985 1039
987 1038
658 681
661 684
532 545
519 537
536 714
666 835
793 804
725 772
517 536
802 814
198 328
39 41
779 791
564 565
622 634
993 994
792 803
423 445
1384 1386
1499 1500
949 953
428 844
408 419
955 965
957 966
546 552
825 826
344 392
347 397
419 435
781 792
534 546
803 815
656 679
575 576
410 420
886 903
812 814
643 644
989 991
420 437
683 685
514 515
828 848
939 940
788 799
789 800
768 785
783 784
880 881
884 902
1569 1571
1648 1649
641 642
884 885
816 828
113 115
879 899
888 904
890 906
675 676
332 333
555 715
348 395
334 402
338 407
334 335
336 338
461 500
463 501
344 346
347 349
836 843
330 331
426 427
629 639
767 769
901 911
1024 1025
450 496
453 497
455 499
282 289
547 553
954 964
621 632
623 633
619 630
810 822
620 631
882 883
168 249
739 783
741 768
421 439
422 442
657 658
659 661
780 781
516 517
348 350
877 898
734 776
608 620
876 877
500 510
809 822
668 670
722 766
776 778
630 641
899 910
607 619
556 836
895 896
1007 1009
449 495
737 782
432 434
878 879
892 905
902 912
340 341
735 780
639 660
628 640
496 506
994 1007
1010 1011
495 505
618 629
494 504
339 406
723 767
429 430
431 433
875 897
896 907
342 411
655 656
333 352
944 956
521 522
524 526
903 913
654 677
417 432
502 512
518 519
340 409
335 353
336 355
345 357
610 621
612 623
39 320
45 50
996 1002
898 909
447 494
631 643
505 516
887 930
652 675
942 955
943 957
504 514
346 358
349 359
523 525
533 534
331 351
953 961
638 657
640 659
773 774
775 777
337 354
648 650
827 847
885 929
567 837
873 926
503 513
616 627
617 628
597 607
770 771
350 360
874 925
895 934
653 654
941 954
894 933
611 622
599 610
600 612
837 839
651 652
552 575
837 838
605 618
891 932
637 655
815 827
416 429
418 431
904 914
906 915
456 498
932 943
626 637
448 449
466 503
1016 1018
935 950
946 959
876 927
606 617
636 653
506 518
551 564
513 533
893 931
572 719
935 936
1011 1021
945 958
961 962
510 528
511 530
897 908
907 916
568 569
569 718
615 626
936 937
450 451
557 832
930 941
933 945
635 651
358 367
359 368
950 951
959 968
632 645
633 647
613 624
569 573
988 990
435 436
595 605
614 625
602 613
591 604
593 606
598 609
353 362
355 364
991 1020
603 614
925 935
934 946
995 997
737 738
914 922
915 923
528 529
530 531
995 998
645 646
647 649
443 720
913 921
735 736
650 671
634 648
354 363
909 918
588 602
988 1002
589 603
577 597
440 837
360 369
912 919
937 938
356 365
721 722
739 740
741 742
441 720
553 554
351 361
916 924
507 521
509 524
947 948
587 601
582 599
586 600
1022 1023
1384 1405
1500 1514
508 523
559 832
459 460
579 598
461 462
463 464
683 834
990 1019
133 312
1021 1022
920 1043
451 468
122 149
558 559
561 563
732 734
669 670
673 674
456 458
725 726
566 567
568 570
928 939
366 370
736 748
453 454
455 457
462 474
464 475
465 476
738 749
750 759
751 757
917 1049
924 1050
927 937
666 833
446 467
367 371
368 383
440 839
831 1060
452 469
989 1003
922 1052
923 1051
579 580
921 1041
454 470
457 471
729 730
731 733
837 843
752 753
365 390
458 472
585 587
369 382
1023 1024
591 592
593 594
581 688
441 445
595 596
812 826
753 754
764 765
740 750
742 751
468 479
577 578
729 745
731 746
1043 1046
724 743
567 838
570 571
755 756
459 473
560 562
745 753
746 764
481 490
482 491
732 747
582 583
584 586
469 480
840 841
583 689
584 691
728 744
592 693
594 694
371 373
383 384
1026 1028
590 692
696 699
470 481
471 482
693 713
694 697
727 728
373 375
384 385
474 483
475 484
748 761
698 701
708 709
1054 1056
1057 1058
1537 1606
1539 1608
362 379
364 389
596 695
489 490
491 492
752 755
1040 1043
744 752
476 485
697 698
709 713
756 757
754 755
699 700
485 493
1025 1026
1027 1029
1044 1045
749 760
376 377
375 377
385 387
919 1040
580 687
754 757
759 765
689 703
691 711
467 477
1042 1044
488 489
492 493
671 672
1045 1047
708 711
361 381
1029 1030
705 706
704 705
690 710
696 697
761 765
578 686
1016 1020
585 690
702 703
18 21
1049 1057
1050 1056
918 1048
822 823
483 488
484 493
385 386
374 376
756 758
695 696
698 699
387 388
1030 1032
1027 1028
1579 1580
1583 1584
1051 1055
1052 1053
712 713
762 764
376 378
377 379
387 389
486 487
760 761
710 711
759 760
479 487
370 372
477 478
696 706
747 763
832 833
559 670
563 674
18 22
569 571
1042 1053
1053 1058
1054 1055
380 381
682 825
685 824
686 706
444 573
487 488
763 764
572 573
443 831
444 720
687 707
22 23
16 21
62 64
680 826
573 720
443 569
811 824
813 825
571 831
838 839
1243 1262
