3710400775528491685 367 394
0.149712 -0.505930 0.924828
0.075789 -0.524590 0.948847
0.064470 -0.524590 0.926632
0.046840 -0.524590 0.909002
0.024625 -0.524590 0.897683
0.000000 -0.524590 0.893783
-0.024625 -0.524590 0.897683
-0.046840 -0.524590 0.909002
-0.064470 -0.524590 0.926632
-0.075789 -0.524590 0.948847
-0.079690 -0.524590 0.973473
-0.075789 -0.524590 0.998098
-0.064470 -0.524590 1.020313
-0.046840 -0.524590 1.037943
-0.024625 -0.524590 1.049262
-0.000000 -0.524590 1.053162
0.024625 -0.524590 1.049262
0.046840 -0.524590 1.037943
0.064470 -0.524590 1.020313
0.075789 -0.524590 0.998098
0.079690 -0.524590 0.973473
0.075789 -0.524590 0.948847
0.149712 -0.505930 0.924828
0.219949 -0.475339 0.902007
0.219949 -0.475339 0.902007
0.284770 -0.433573 0.880945
0.284770 -0.433573 0.880945
0.342579 -0.381659 0.862162
0.342579 -0.381659 0.862162
0.391952 -0.320875 0.846120
0.391952 -0.320875 0.846120
0.431675 -0.252718 0.833213
0.431675 -0.252718 0.833213
0.460768 -0.178867 0.823760
0.460768 -0.178867 0.823760
0.478515 -0.101140 0.817994
0.478515 -0.101140 0.817994
0.484480 -0.021450 0.816056
0.484480 -0.021450 0.816056
0.478515 0.058239 0.817994
0.478515 0.058239 0.817994
0.460768 0.135967 0.823760
0.460768 0.135967 0.823760
0.431675 0.209818 0.833213
0.431675 0.209818 0.833213
0.391952 0.277975 0.846120
0.391952 0.277975 0.846120
0.342579 0.338758 0.862162
0.342579 0.338758 0.862162
0.284770 0.390673 0.880945
0.284770 0.390673 0.880945
0.219949 0.432439 0.902007
0.219949 0.432439 0.902007
0.149712 0.463029 0.924828
0.149712 0.463029 0.924828
0.075789 0.481690 0.948847
0.064470 0.481690 0.926632
0.046840 0.481690 0.909002
0.024625 0.481690 0.897683
-0.000000 0.481690 0.893783
-0.024625 0.481690 0.897683
-0.046840 0.481690 0.909002
-0.064470 0.481690 0.926632
-0.075789 0.481690 0.948847
-0.079690 0.481690 0.973473
-0.075789 0.481690 0.998098
-0.064470 0.481690 1.020313
-0.046840 0.481690 1.037943
-0.024625 0.481690 1.049262
-0.000000 0.481690 1.053162
0.024625 0.481690 1.049262
0.046840 0.481690 1.037943
0.064470 0.481690 1.020313
0.075789 0.481690 0.998098
0.079690 0.481690 0.973473
0.075789 0.481690 0.948847
0.000000 -0.530862 0.973473
0.000000 -0.530862 0.973473
0.000000 -0.530862 0.973473
0.000000 -0.530862 0.973473
0.000000 -0.530862 0.973473
0.000000 -0.530862 0.973473
0.000000 -0.530862 0.973473
0.000000 -0.530862 0.973473
0.000000 -0.530862 0.973473
0.000000 -0.530862 0.973473
0.000000 -0.530862 0.973473
0.000000 -0.530862 0.973473
0.000000 -0.530862 0.973473
0.000000 -0.530862 0.973473
0.000000 -0.530862 0.973473
0.000000 -0.530862 0.973473
0.000000 -0.530862 0.973473
0.000000 -0.530862 0.973473
0.000000 -0.530862 0.973473
0.000000 -0.530862 0.973473
-0.000000 0.487962 0.973473
-0.000000 0.487962 0.973473
-0.000000 0.487962 0.973473
-0.000000 0.487962 0.973473
-0.000000 0.487962 0.973473
-0.000000 0.487962 0.973473
-0.000000 0.487962 0.973473
-0.000000 0.487962 0.973473
-0.000000 0.487962 0.973473
-0.000000 0.487962 0.973473
-0.000000 0.487962 0.973473
-0.000000 0.487962 0.973473
-0.000000 0.487962 0.973473
-0.000000 0.487962 0.973473
-0.000000 0.487962 0.973473
-0.000000 0.487962 0.973473
-0.000000 0.487962 0.973473
-0.000000 0.487962 0.973473
-0.000000 0.487962 0.973473
-0.000000 0.487962 0.973473
0.160095 0.062334 1.071225
0.156082 0.063088 1.130442
0.150243 0.072766 1.070432
0.146339 0.073428 1.129527
0.162492 0.064608 1.071243
0.160095 0.062334 1.071225
0.152635 0.075048 1.070446
0.150243 0.072766 1.070432
0.157822 0.065525 1.140931
0.156082 0.063088 1.130442
0.162492 0.064608 1.071243
0.160095 0.062334 1.071225
0.150243 0.072766 1.070432
0.146339 0.073428 1.129527
0.152635 0.075048 1.070446
0.148089 0.075868 1.139988
0.143204 0.070896 1.135642
0.152929 0.060575 1.136564
0.153125 0.061420 1.145329
0.143412 0.071737 1.144387
0.151817 0.059894 1.141438
0.142101 0.070206 1.140508
0.157822 0.065525 1.140931
0.148089 0.075868 1.139988
0.155822 0.063930 1.144854
0.146101 0.074262 1.143907
0.153125 0.061420 1.145329
0.151817 0.059894 1.141438
0.155822 0.063930 1.144854
0.152929 0.060575 1.136564
0.143412 0.071737 1.144387
0.146101 0.074262 1.143907
0.142101 0.070206 1.140508
0.143204 0.070896 1.135642
0.088295 0.145036 1.053351
0.087175 0.149415 1.055302
0.093074 0.156253 1.048598
0.090944 0.158539 1.051523
0.088295 0.145036 1.053351
0.082144 0.148266 1.145866
0.087175 0.149415 1.055302
0.079129 0.152314 1.146799
0.079258 0.152808 1.153244
0.082144 0.148266 1.145866
0.077265 0.149280 1.154288
0.081460 0.143940 1.148755
0.120911 0.192131 1.167731
0.117083 0.192374 1.165719
0.116822 0.188436 1.173098
0.113843 0.189591 1.170417
0.123082 0.193707 1.159286
0.119036 0.193967 1.158333
0.120771 0.195193 1.146398
0.124920 0.194586 1.145639
0.130033 0.191796 1.062619
0.134222 0.190575 1.061763
0.111888 0.183655 1.175447
0.109904 0.185947 1.172222
0.088986 0.160233 1.175571
0.086995 0.162512 1.172371
0.083459 0.158549 1.170840
0.083411 0.155322 1.173481
0.119755 0.187082 1.051472
0.122140 0.184920 1.048532
0.125442 0.189856 1.055128
0.128732 0.188162 1.053230
0.079388 0.151721 1.169069
0.077941 0.150196 1.163113
0.079129 0.152314 1.146799
0.170914 0.056839 1.059444
0.182433 0.060773 1.055173
0.174742 0.055696 1.061674
0.184211 0.058854 1.058266
0.158112 0.065902 1.153515
0.168802 0.054500 1.156982
0.163669 0.060858 1.160471
0.204259 0.098706 1.174209
0.200660 0.095436 1.178676
0.208018 0.093473 1.173963
0.204603 0.090561 1.178764
0.210308 0.094939 1.166359
0.206368 0.100375 1.166383
0.216914 0.101771 1.068246
0.208252 0.101580 1.153541
0.217774 0.097766 1.069434
0.212585 0.095899 1.154042
0.172579 0.069086 1.179777
0.168326 0.065507 1.179061
0.176931 0.064473 1.180282
0.172329 0.060062 1.178404
0.196320 0.091261 1.180031
0.200539 0.086778 1.180594
0.213461 0.086636 1.058421
0.211821 0.088802 1.055294
0.216197 0.092599 1.061983
0.214948 0.095684 1.059828
0.165513 0.063053 1.175967
0.164269 0.061738 1.169777
0.169196 0.056887 1.174579
0.168508 0.055432 1.167359
0.170914 0.056839 1.059444
0.158112 0.065902 1.153515
0.124920 0.194586 1.145639
0.208332 0.103645 1.153461
0.134222 0.190575 1.061763
0.216914 0.101771 1.068246
0.088986 0.160233 1.175571
0.171116 0.070529 1.182775
0.111888 0.183655 1.175447
0.195243 0.092308 1.182550
0.093074 0.156253 1.048598
0.122140 0.184920 1.048532
0.182433 0.060773 1.055173
0.211821 0.088802 1.055294
0.083411 0.155322 1.173481
0.166202 0.065668 1.181668
0.128732 0.188162 1.053230
0.214948 0.095684 1.059828
0.116822 0.188436 1.173098
0.200514 0.096735 1.180354
0.120911 0.192131 1.167731
0.204844 0.100256 1.175114
0.206867 0.102137 1.166844
0.123082 0.193707 1.159286
0.077941 0.150196 1.163113
0.161332 0.060848 1.171434
0.079388 0.151721 1.169069
0.162822 0.062089 1.177936
0.208332 0.103645 1.153461
0.204844 0.100256 1.175114
0.206867 0.102137 1.166844
0.200514 0.096735 1.180354
0.171116 0.070529 1.182775
0.195243 0.092308 1.182550
0.166202 0.065668 1.181668
0.161332 0.060848 1.171434
0.162822 0.062089 1.177936
0.079258 0.152808 1.153244
0.079258 0.152808 1.153244
0.160497 0.060312 1.161460
0.156312 0.064455 1.155429
0.163669 0.060858 1.160471
0.158112 0.065902 1.153515
0.158112 0.065902 1.153515
0.156312 0.064455 1.155429
0.077265 0.149280 1.154288
0.156312 0.064455 1.155429
0.160497 0.060312 1.161460
0.081460 0.143940 1.148755
0.077265 0.149280 1.154288
0.177963 0.058846 1.081348
0.174033 0.059984 1.142723
0.183186 0.049828 1.143659
0.202666 0.083448 1.154482
0.176791 0.059064 1.154250
0.209045 0.076625 1.157290
0.183103 0.052335 1.157019
0.213286 0.078032 1.143955
0.216698 0.077267 1.093049
0.202410 0.086801 1.142951
0.206510 0.085928 1.081511
0.218703 0.071653 1.056285
0.192944 0.047331 1.056123
0.209372 0.084468 1.055401
0.180730 0.057267 1.055261
0.216790 0.068763 1.152548
0.190762 0.044553 1.152241
0.218729 0.067118 1.144782
0.192681 0.042898 1.144477
0.176791 0.059064 1.154250
0.183103 0.052335 1.157019
0.202666 0.083448 1.154482
0.209045 0.076625 1.157290
0.195074 0.044821 1.092637
0.192681 0.042898 1.144477
0.190762 0.044553 1.152241
0.183186 0.049828 1.143659
0.192681 0.042898 1.144477
0.209045 0.076625 1.157290
0.183103 0.052335 1.157019
0.213603 0.071904 1.156434
0.187609 0.047668 1.156138
0.213286 0.078032 1.143955
0.213603 0.071904 1.156434
0.216790 0.068763 1.152548
0.219203 0.067451 1.092845
0.218729 0.067118 1.144782
0.197032 0.046411 1.057769
0.219324 0.067428 1.057918
0.218729 0.067118 1.144782
0.192681 0.042898 1.144477
0.221068 0.065374 1.095166
0.196928 0.042771 1.094947
0.180730 0.057267 1.055261
0.192944 0.047331 1.056123
0.197032 0.046411 1.057769
0.219203 0.067451 1.092845
0.195074 0.044821 1.092637
0.219324 0.067428 1.057918
0.197032 0.046411 1.057769
0.218703 0.071653 1.056285
0.219324 0.067428 1.057918
0.209372 0.084468 1.055401
0.196928 0.042771 1.094947
0.195074 0.044821 1.092637
0.219203 0.067451 1.092845
0.196928 0.042771 1.094947
0.221068 0.065374 1.095166
0.221068 0.065374 1.095166
0.174033 0.059984 1.142723
0.202410 0.086801 1.142951
0.218729 0.067118 1.144782
0.209045 0.076625 1.157290
0.183103 0.052335 1.157019
0.187609 0.047668 1.156138
0.177963 0.058846 1.081348
0.206510 0.085928 1.081511
0.090545 0.136638 1.065961
0.100340 0.126072 1.066647
0.087432 0.136991 1.124462
0.097085 0.126450 1.125224
0.092921 0.138967 1.065959
0.102717 0.128394 1.066647
0.090545 0.136638 1.065961
0.100340 0.126072 1.066647
0.090545 0.136638 1.065961
0.087432 0.136991 1.124462
0.092921 0.138967 1.065959
0.089281 0.139489 1.134793
0.100340 0.126072 1.066647
0.102717 0.128394 1.066647
0.097085 0.126450 1.125224
0.098914 0.128935 1.135571
0.094039 0.123840 1.131311
0.084404 0.134369 1.130544
0.084710 0.135226 1.139194
0.083371 0.133650 1.135370
0.094327 0.124691 1.139973
0.092994 0.123124 1.136142
0.089281 0.139489 1.134793
0.087361 0.137831 1.138690
0.098914 0.128935 1.135571
0.096982 0.127284 1.139472
0.084404 0.134369 1.130544
0.083371 0.133650 1.135370
0.087361 0.137831 1.138690
0.084710 0.135226 1.139194
0.094327 0.124691 1.139973
0.092994 0.123124 1.136142
0.096982 0.127284 1.139472
0.094039 0.123840 1.131311
227 229
242 243
220 221
154 216
155 217
159 259
161 260
262 264
187 190
185 189
216 217
154 155
151 184
156 157
198 244
219 221
200 201
169 171
218 220
168 170
55 96
75 115
1 76
21 95
0 1
21 22
53 55
54 75
56 96
56 97
57 97
57 98
3 77
3 78
2 76
2 77
0 23
22 24
51 53
52 54
25 27
26 28
47 49
48 50
5 79
5 80
59 99
59 100
58 98
58 99
6 80
6 81
4 78
4 79
60 100
60 101
7 81
7 82
61 101
61 102
10 84
10 85
64 104
64 105
33 35
34 36
39 41
40 42
11 85
11 86
9 83
9 84
65 105
65 106
63 103
63 104
8 82
8 83
62 102
62 103
27 29
28 30
45 47
46 48
15 89
15 90
69 109
69 110
12 86
12 87
13 87
13 88
67 107
67 108
66 106
66 107
14 88
14 89
68 108
68 109
31 33
32 34
41 43
42 44
70 110
70 111
16 90
16 91
73 113
73 114
19 93
19 94
71 111
71 112
17 91
17 92
74 114
74 115
20 94
20 95
23 25
24 26
49 51
50 52
29 31
30 32
43 45
44 46
72 112
72 113
18 92
18 93
35 37
36 38
37 39
38 40
124 126
130 131
346 348
343 344
275 276
266 267
116 117
125 127
118 119
128 129
334 336
345 347
333 335
341 342
273 274
290 319
306 308
302 324
305 307
152 179
226 227
186 209
228 229
153 178
188 208
279 280
331 332
325 326
274 316
283 284
305 306
269 270
281 282
296 297
271 272
294 295
289 311
313 315
301 317
312 314
312 313
320 321
307 308
322 323
173 175
172 174
222 224
223 225
248 249
202 206
204 207
303 304
314 315
276 318
279 332
266 309
280 331
277 279
316 318
278 280
309 310
337 338
333 334
339 340
120 122
116 118
121 123
335 336
355 357
356 358
351 353
352 354
117 119
138 139
140 141
134 135
136 137
273 288
298 328
166 169
218 239
268 286
292 329
219 238
244 246
150 152
154 226
197 199
185 186
216 228
196 201
273 302
298 327
167 168
269 326
275 287
267 285
270 325
268 290
292 293
198 211
221 233
151 153
187 188
171 181
220 232
190 215
189 191
257 258
241 263
251 255
269 271
287 288
270 272
285 286
191 213
200 210
155 254
158 159
170 180
183 261
240 265
162 166
236 239
209 211
229 233
160 161
264 265
179 181
227 232
237 238
245 246
255 256
262 263
192 197
281 283
300 327
282 284
291 293
194 196
163 167
174 177
222 230
162 164
234 236
235 237
245 247
208 210
214 215
117 133
125 145
119 132
129 149
212 214
178 180
336 349
347 366
335 350
342 359
164 172
224 234
225 235
247 249
223 231
248 250
177 182
230 242
241 243
251 252
204 205
294 296
299 328
192 193
194 195
295 297
329 330
157 254
184 253
212 213
163 165
182 183
240 242
193 195
231 243
250 252
193 206
281 296
299 300
282 297
291 330
205 214
195 207
165 173
202 203
175 176
159 161
133 136
143 145
132 137
148 149
349 354
364 366
350 352
359 360
150 151
154 156
203 212
124 144
138 140
131 147
139 141
348 365
357 358
344 361
355 356
185 187
277 304
316 317
278 303
310 311
134 136
142 143
135 137
146 148
178 179
353 354
363 364
351 352
360 362
152 153
158 160
253 261
208 209
186 188
351 356
361 362
353 358
363 365
135 141
146 147
134 140
142 144
301 324
321 323
289 319
320 322
191 255
255 257
337 339
341 343
338 340
345 346
122 123
128 130
120 121
126 127
256 258
259 260
