1172786214407193343 1193 600
1.256693 -3.380203 -0.938137
1.135746 -3.252070 1.116237
-3.100073 -1.839243 -0.829367
-3.384059 -2.215392 1.003283
-1.986436 -2.650473 -0.297067
-1.127234 -0.072683 -0.200431
0.922816 -1.366120 -0.192469
-1.127234 -0.072683 -0.200431
-0.511092 2.638400 1.577746
-2.266898 2.327276 0.450173
-5.022290 0.717192 0.668437
-5.586503 2.069163 -0.543658
-0.940320 2.258256 1.183048
-5.047129 2.947562 1.037527
1.554117 3.165917 -0.530239
-2.749785 2.909353 -0.868467
1.036630 -2.822167 0.879989
-4.833840 -2.881972 0.862425
-0.540889 -3.537604 0.648153
-1.340479 -3.420418 -0.960322
-1.138724 -3.567272 -0.621198
-3.150883 -2.763286 0.934244
-1.931182 -2.830347 0.829322
-3.154743 -2.262764 0.938179
-3.527546 -0.777764 0.914587
-4.950078 -2.033605 0.961116
1.077700 -2.838152 -0.867526
-0.009488 -2.826640 0.587692
-0.687514 -2.126839 -0.883140
-0.236916 -2.835750 -0.712622
-2.080182 -2.076374 0.734396
-1.490073 -2.130229 -0.335488
-1.316520 -2.983557 -0.718561
-2.689941 -2.477381 0.800741
-2.623522 -2.166422 -0.761361
-3.362756 -2.044822 -0.387753
-4.955285 -2.041454 -0.897503
-1.423736 -2.805125 -0.633543
-0.897914 -2.802372 -0.980442
-0.397737 -2.160975 -0.944209
-1.688163 -2.768855 -0.795623
-1.020381 -2.801460 -1.030546
-1.652505 -2.136225 0.314495
-2.614561 -2.124984 -0.963937
-4.436552 -2.893921 -0.900831
-3.363878 -2.842648 -0.632829
-1.708811 -1.256543 1.015678
-1.744777 -1.607270 0.979406
-3.168372 -0.798679 0.814029
-4.831436 -0.829392 0.986371
-4.917139 -1.998632 0.940982
-1.464834 -0.474434 0.959234
-1.708811 -1.256543 1.015678
-3.195843 -1.991546 0.868099
-0.552889 -1.028991 -0.819278
-0.490681 -1.081724 -0.945504
-2.675055 -0.945318 -0.795218
-2.637435 -0.647013 -0.622133
-0.648083 0.366028 1.058441
-2.732517 -0.740247 0.815892
-2.670331 -0.623017 0.775457
-3.647926 0.808188 0.855916
-4.812352 0.773653 0.841968
-1.644924 -0.449819 -0.815008
-1.445248 -0.400053 -0.849156
-2.196383 -0.474874 -0.566782
-1.954120 -0.433177 -0.781072
-2.220094 -0.447676 -0.793613
-2.220094 -0.447676 -0.793613
0.616166 1.214036 -0.872696
-0.720426 0.420015 0.594681
-0.707944 1.110958 0.791030
-2.098911 1.942271 0.909152
-3.093227 0.810984 1.022732
-3.172634 1.400770 1.007114
-4.858221 0.789318 0.860639
0.653750 1.079382 -0.771120
-0.662280 1.119496 -0.799111
-1.184944 0.539905 -0.842989
-2.793515 0.789199 -0.829424
-3.230957 0.956775 0.271413
-3.218358 1.854667 0.276000
-4.982912 0.951075 0.790336
-4.904224 0.848172 0.334284
-1.362999 0.575220 -0.584895
-1.307851 0.422572 -0.755959
-1.307851 0.422572 -0.755959
-2.703572 0.652336 -0.701824
-0.093854 2.201318 0.995336
-0.797528 2.255825 0.906820
-2.103422 2.233503 0.821234
-2.431124 2.271639 0.861568
-2.194764 2.155025 0.858287
-3.364663 2.064944 0.934468
-5.004237 1.976394 0.977091
-0.516683 2.257459 -0.824277
-0.783196 2.235532 -0.777248
-2.402701 2.243957 -0.840506
-3.290076 2.160475 -0.566669
-4.871195 2.796662 -0.813440
-5.017226 2.693501 0.851022
-1.291719 2.273495 -0.813996
-3.192800 2.694966 -0.859047
-1.308790 3.575009 0.771376
-1.156138 2.806748 0.822900
-1.250101 2.804625 0.579552
-3.458850 2.805527 -0.804705
0.911873 3.575458 -0.802091
-3.562120 3.497827 0.712018
1.205401 3.386288 -0.802778
-1.329873 3.501116 -0.528687
-1.307821 3.345193 -0.770356
0.583284 -2.919321 0.927701
-1.504413 -3.582493 0.860025
-4.403078 -3.545990 0.961341
-4.115533 -3.577923 0.861612
-1.205952 -3.526264 0.740223
-1.587087 -3.565083 0.451237
-1.312670 -3.482760 0.684258
-1.376714 -3.484983 -0.567086
-1.280345 -3.523374 0.326892
-5.038536 -3.336172 0.004881
-5.048386 -3.459650 -0.299809
1.085597 -3.548239 -0.920636
0.405823 -3.551691 -0.977807
-1.359647 -3.357054 -0.830583
-1.936320 -3.564728 -0.742251
-3.507888 -3.569746 -0.928216
-5.062192 -3.393834 -0.851111
-5.062536 -3.247938 -0.898358
0.816422 -2.866735 0.940262
-0.811459 -2.084538 0.996465
-0.917041 -2.202304 0.950652
-1.595336 -2.892286 0.807698
-1.651042 -2.911668 0.876031
-1.769167 -1.354273 0.894877
-2.647379 -2.086403 0.877899
-3.508204 -2.061249 0.948786
-3.186063 -2.657753 0.885184
-3.148356 -2.838534 0.830688
-4.704936 -2.089464 0.979229
-4.882363 -2.832237 0.947487
-4.987992 -2.763965 0.933090
-4.973180 -2.790732 -0.798896
0.693083 -1.837543 -1.026939
0.667613 -2.101463 -1.045928
-0.756141 -2.211056 0.754683
-0.862069 -2.173325 0.772335
-0.775053 -2.197643 0.648251
-0.796223 -2.175995 0.237199
-0.073247 -2.821277 0.148192
-0.148060 -2.818581 -0.351939
-0.722177 -2.177402 0.011693
-0.818479 -2.175704 0.022767
-1.655809 -2.142995 0.308185
-2.346904 -2.157495 0.810844
-1.589733 -2.866534 -0.065946
-1.345803 -2.962050 -0.766494
-1.327821 -2.910303 -0.247924
-1.584531 -2.123522 -0.321932
-2.521077 -2.174815 0.717241
-2.558216 -2.838346 0.637518
-2.611439 -2.066740 0.789053
-2.632670 -2.709519 0.717929
-2.650225 -1.854123 0.843396
-2.202299 -2.144239 -0.690896
-4.884541 -2.830559 -0.762235
-3.226291 -2.175616 -0.869527
-4.993099 -2.922452 -0.762872
1.137665 -2.854742 -0.797485
1.156294 -2.908772 -0.854393
-0.558712 -2.141817 -0.754571
-0.566611 -2.137215 -0.406252
-0.238156 -2.806546 -1.009874
-0.898454 -2.801162 -0.979991
-1.633468 -2.850509 -0.602243
-1.668763 -2.782040 -0.822645
-1.718005 -2.820187 -0.767126
-1.723960 -2.819901 -0.708909
-2.007352 -2.836677 -0.779296
-2.329475 -2.808589 -1.026271
-1.595716 -2.175707 -0.679701
-1.613128 -2.165688 -0.726343
-1.327331 -2.944205 -0.245031
-2.628302 -2.837252 -0.839180
-2.253783 -2.157905 -0.959000
-2.167565 -2.032372 -0.973230
-2.164963 -2.121155 -0.709906
-2.346539 -2.836176 -0.855120
-2.684928 -2.462179 -0.855549
-2.708311 -2.731711 -0.854798
-3.255466 -2.100607 -0.813016
-3.182719 -2.857008 -0.836554
-3.168303 -2.865284 -0.921007
-3.384254 -2.070796 -0.833915
-3.261668 -2.856981 -0.815034
-3.233077 -2.801408 -0.869796
-4.971463 -2.892960 -0.765751
-4.562206 -2.854776 -0.799531
-4.562314 -2.855240 -0.799135
0.634381 -1.082993 0.970518
0.581271 -0.638485 0.910316
-0.740747 -0.533656 1.037242
-1.415504 -0.571285 1.072532
-2.672608 -0.926942 0.832921
-2.795577 -0.821457 0.874526
-1.540822 -0.731849 0.879578
-3.156049 -0.849602 0.869209
0.652923 -1.029879 -0.855183
-0.483261 -1.086090 0.805650
-0.516671 -1.125445 0.839405
-2.706255 -0.808233 0.736854
-2.703467 -0.854188 -0.566836
-3.270599 -0.811162 -0.424143
0.607139 -1.085620 -0.566863
0.640209 -1.015451 -0.864730
0.672956 -0.960054 -0.914663
-0.702818 -0.478908 -0.842122
-1.426498 -0.995244 -0.638021
-1.434840 -0.960355 -0.748086
-1.435233 -0.960148 -0.809660
-1.417905 -0.886528 -0.762934
-1.542123 -1.907332 -0.982984
-1.525869 -1.765756 -0.798566
-1.514205 -1.587430 -0.902422
-1.520970 -1.608518 -0.942278
-4.777002 2.811066 -0.877547
-2.775194 -0.853307 -1.019209
-3.237563 -0.907754 -0.619371
-0.595402 -0.102074 1.001858
-0.646802 0.219370 0.968055
-0.752528 0.348138 1.053453
-1.524143 -0.656952 0.862675
-1.542337 -0.674028 0.885789
-1.261146 0.202871 1.049647
-3.202326 -0.780538 0.789749
-2.600896 0.111970 0.938967
-3.596760 -0.619768 0.867328
-3.468496 0.608737 0.951639
-0.699534 -0.318075 -0.849903
-1.519780 -0.465184 0.757610
-1.471244 -0.471969 0.487928
-2.632225 -0.120489 0.732983
-2.632583 -0.262831 0.737707
-2.602545 0.375138 0.811108
-3.116977 -0.815665 0.848646
-2.723445 -0.690461 -0.950725
-2.167873 -0.515587 0.725270
-2.183864 -0.512130 0.783653
-3.703735 -0.781381 -0.835525
-3.225672 -0.785347 0.284017
-4.941267 -0.761328 -0.918075
-5.026521 0.004515 -0.939209
-0.774548 -0.399279 -0.832599
-0.772188 -0.387381 -0.745317
-0.626807 -0.278557 -0.781080
-0.639274 -0.245629 -0.834682
-1.434164 -0.442197 -0.686139
-1.425090 -0.442387 -0.869128
-1.953119 -0.434417 -0.780809
-1.382112 -0.373059 -0.802493
-1.345222 -0.388948 -0.861215
-1.362244 0.093065 -0.878983
-1.361229 0.146818 -0.816371
-1.346984 0.178125 -0.782038
-1.366080 0.183388 -0.798886
-2.043038 -0.444569 -1.037357
-2.686424 -0.656117 -0.977027
-2.614403 -0.298812 -0.764630
-2.541318 -0.422438 -0.816650
-2.127279 -0.481425 -1.010598
-2.094280 -0.453636 -0.796809
-2.257056 -0.442280 -0.967145
-2.222340 -0.444300 -0.797701
-3.436477 -0.780548 -0.780257
-3.201680 -0.871059 -0.870619
-3.272101 -0.835292 -0.851858
-4.973653 -0.746665 -0.954556
-5.007466 -0.013207 -0.937750
-0.601104 0.826816 1.089848
-0.634872 0.993056 1.010316
-0.698405 1.594763 1.057326
-4.864970 2.841470 -0.797367
-2.040636 1.844842 0.927209
-1.985588 0.563103 0.977827
-1.096501 0.366998 1.049810
-2.167877 0.646137 0.866589
-3.347753 0.715552 0.886276
-3.293956 0.875934 0.882638
-3.325729 0.930823 0.947685
-3.580060 0.628129 0.858675
-3.509974 0.709246 0.774217
-3.345978 0.725521 0.891116
-0.666486 0.279041 -0.227320
-0.666488 0.266886 0.809098
-1.220466 1.459056 -0.281116
-1.363016 0.484521 -0.209333
-1.309815 0.701410 -0.078851
-1.309828 0.754991 -0.097099
-3.130964 0.799462 -0.779230
-2.741656 0.854842 -0.761338
-2.188267 0.562035 -0.756282
-2.216752 1.041350 0.792764
-2.137246 0.631323 0.807689
-2.147025 0.736319 0.772280
-3.650649 0.741320 -0.726818
-3.607472 0.741456 0.830068
-3.520113 0.729133 0.771216
-4.955246 0.683038 -1.001168
-4.930016 0.872712 0.758863
-4.795630 0.837779 0.739518
0.457596 1.148170 -0.816651
0.361608 1.079054 -0.811469
-0.739087 0.542419 -0.788478
-0.877325 0.558424 -0.834881
-0.669046 0.415390 -0.799177
-0.666481 0.360805 -0.816870
-1.238325 1.481867 -0.531159
-1.184712 0.879930 -0.870466
-1.346948 0.448848 -0.476691
-1.310669 0.434596 -0.620416
-1.327593 0.413406 -0.584733
-1.336621 0.539472 -0.622391
-1.221706 0.722922 -0.995146
-1.165992 0.555999 -0.796042
-2.751919 0.746231 -0.725835
-2.758574 0.767789 -0.744965
-2.204673 0.553409 -0.885134
-2.217165 0.568485 -0.867303
-2.204673 0.553409 -0.885134
-3.203377 1.148395 -0.932495
-4.934523 0.752432 -0.869353
-4.922701 0.737452 -0.876236
-0.683702 2.207635 0.986220
-0.039513 2.273693 1.005902
-0.052627 2.379718 1.102057
-1.239140 2.273305 1.037926
-1.101774 2.114095 1.064213
-1.126096 2.224554 0.844781
-2.574056 2.411241 0.908338
-2.075600 2.243596 0.824859
-2.556343 2.341031 0.858397
-3.279491 2.149059 1.112770
-3.367108 2.118162 1.151284
-0.668914 2.112643 -0.784615
-1.416122 2.217784 0.805438
-1.147747 2.743849 -0.119664
-1.162135 2.781847 0.380378
-1.627475 2.261012 -0.108843
-1.646816 2.214292 -0.100149
-2.089521 2.199283 0.077227
-2.060869 2.256741 0.595055
-2.060193 2.274991 0.665732
-3.269899 2.076490 -0.548588
-3.236652 2.025117 -0.746242
-3.204074 2.684709 -0.860855
-0.665549 1.416589 -0.798605
-0.720071 2.238204 -0.410783
-0.775063 2.238612 -0.682281
-1.274269 1.775889 -0.995506
-1.255845 1.883094 -0.868613
-1.237950 2.346027 -0.795971
-1.128253 2.274587 -0.285097
-1.151083 2.218369 -0.778021
-2.181046 2.058056 -0.956671
-2.167858 2.023493 -0.986088
-3.204074 2.684709 -0.860855
-3.230339 1.630339 -0.902705
-3.400179 2.128442 -0.747130
-4.097660 2.148787 -0.902971
-4.870561 2.124240 -0.760312
-4.704875 2.114638 -0.812340
1.055963 3.496124 0.936510
-1.241088 3.528760 0.648221
-1.382341 2.780491 0.824852
-1.134755 2.870192 0.865642
-4.882837 2.811544 -0.726126
-3.900825 2.806691 1.108670
-4.308148 2.827155 0.861256
-3.167935 2.723800 0.809704
-4.615992 2.843905 0.902942
1.073763 3.510723 0.076320
-1.953068 3.542785 -0.820662
-1.422945 2.829331 0.785130
-1.236945 2.894863 0.612811
-1.307793 3.528464 -0.137982
-1.292153 2.832660 -0.747105
-1.076388 2.772143 0.756347
-1.022102 2.810331 0.756481
-3.220806 2.687552 -0.779472
-4.951207 2.837452 0.630445
-4.904990 2.841019 0.812234
1.014376 3.310791 -0.833856
0.964996 3.503578 -0.763809
-0.899779 2.792994 -0.777435
-1.363451 3.453353 -0.769232
-1.399462 3.454084 -0.844152
-1.348935 2.847115 -0.779504
-1.364651 2.885323 -0.815318
-1.148462 2.857247 -0.725127
-1.201763 2.577879 -0.865575
-1.132941 2.806167 -0.743904
-1.738561 3.552355 -0.887789
-1.131809 2.846091 -0.685712
-0.938526 2.750098 -0.780394
-3.153815 2.784568 -0.779674
-3.149524 2.814046 -0.815883
-3.153815 2.784568 -0.779674
-3.476807 2.810268 -0.799074
-3.275917 2.756174 -0.848481
1.131165 3.562701 -1.046251
1.131165 -3.562701 -1.046251
-3.215883 0.926648 -0.013293
-3.114328 0.789947 0.996332
-2.765260 2.729468 1.079530
-2.692070 0.882183 1.038623
-3.335162 2.058826 0.983645
-3.218114 2.656733 -0.766320
-1.415161 3.564774 0.886048
-1.280367 3.519571 -0.348893
-5.026502 3.426925 0.778283
-4.349806 3.455484 0.997220
-0.321221 3.492727 0.914448
-0.312873 3.473541 0.949433
-1.288596 3.553195 0.299914
-1.311769 3.516957 0.894834
-0.737826 0.344574 1.103394
-0.683861 0.403665 -0.840105
-3.489857 0.754966 0.175898
-3.519000 0.790575 -0.961507
-3.315650 -0.770569 0.816442
-2.772321 -0.762490 0.850247
0.029536 2.756620 0.061044
-0.059180 2.881013 -0.737847
-1.092906 2.233742 0.823170
-0.785409 2.219705 1.086271
-0.699467 -0.508571 0.070460
-0.746487 -0.390424 -0.807928
-1.211942 0.508506 -0.792121
-1.176403 2.223534 -0.783720
0.283207 1.081856 1.141896
0.601666 1.231611 -0.739219
0.559683 1.148264 0.531690
-0.547998 -2.182345 0.888143
-0.532244 -2.163004 -0.969654
0.559683 1.148264 0.531690
-1.687846 -2.447347 0.125179
-1.701423 -2.764648 -0.765737
-0.156936 -2.832739 -0.101080
-0.120832 -2.745706 -1.044206
1.185154 -3.507319 -0.976662
1.108382 -3.503134 0.440327
-2.233564 2.159904 -0.271802
-2.569352 2.208149 -0.864920
-2.542726 0.436553 -0.260926
-1.480825 -0.435368 0.940858
-1.252082 0.434718 0.896019
-2.547124 0.455144 0.905011
-2.275787 -0.409849 0.773697
-2.233718 -0.418885 -0.986858
-1.479640 -0.424062 0.201358
-1.402400 -0.433784 -0.661845
-2.685313 -2.905173 -0.980623
-2.672036 -0.956108 -1.065133
-3.203150 -1.943990 0.448971
-3.262090 -2.057970 0.828624
-3.262090 -2.057970 0.828624
-4.109610 -1.933917 0.964635
-3.641359 0.730500 0.935367
-3.683310 0.806116 0.849189
-2.747196 -2.665396 0.481823
-1.666750 -2.809824 -0.809543
-4.985316 -2.806211 0.866083
-5.000745 -2.915936 -0.903532
-3.221468 -2.306091 0.957219
-3.436398 -2.035743 0.960954
-1.597224 2.658386 1.179606
-1.127420 2.225158 0.910401
-4.850526 2.051002 0.259438
-4.812829 2.048423 -0.332278
-3.325328 0.831911 0.906851
-4.170327 0.895241 0.937667
-2.804928 2.870538 -0.778790
-2.747369 2.751657 1.091415
-2.751009 0.932012 1.007614
-2.670973 0.872522 0.909175
-4.482149 0.910824 0.914151
-3.358904 2.178879 1.173676
-3.870745 2.088334 1.098407
-1.466075 3.561183 -0.804335
-1.302342 3.528739 -0.348705
-3.908874 2.829143 -0.916049
-1.571437 2.845084 -0.920173
-3.714166 3.459243 0.744128
-3.987930 3.473268 0.857597
-3.317878 2.799843 1.087680
-3.905940 2.808347 1.124645
-4.855345 0.828658 0.747896
-1.237740 2.851882 0.119775
-1.269792 2.955891 -0.643001
1.149967 3.422630 -0.117582
0.985878 2.845912 0.909671
1.047221 2.864101 0.468397
1.011518 3.543453 0.260348
1.095967 3.452103 0.964061
-1.174745 3.558753 -0.804619
-0.563408 3.489022 0.911245
-0.312813 3.473809 0.949479
-1.442946 -0.420297 1.026371
-1.453342 -0.441747 0.933669
-1.354241 0.495313 -0.493149
-1.360731 0.461891 0.004126
-2.799275 0.775785 -0.828319
-2.765122 0.733830 0.555811
-3.330278 0.727977 0.902011
-3.464048 0.601609 0.955905
-0.022596 2.829241 0.983993
0.007582 2.766204 0.066224
-0.030297 2.372238 1.134512
-0.022596 2.829241 0.983993
0.037273 2.353205 -0.583033
0.012298 2.277740 0.125241
-1.630964 2.613075 1.139043
-2.679588 2.632257 0.894435
-2.493820 2.716490 1.010982
-0.723239 -2.157806 0.833838
-0.814890 -2.160827 0.835866
-0.673774 0.560893 -0.639475
-0.693396 2.249719 -0.810914
-0.937681 0.574816 1.136857
-0.780563 0.533500 0.970212
-0.637149 0.206685 0.966194
-0.595370 -0.134485 0.983683
-0.547182 1.061740 1.023733
0.644642 -1.192496 0.964580
0.160269 -1.153699 0.925995
-0.587827 -1.173439 -0.967775
-0.604076 -2.066720 -0.979415
-0.600875 -2.099173 0.844642
-0.604076 -2.066720 -0.979415
-0.637149 0.206685 0.966194
-0.552411 0.751159 1.109223
0.287063 1.091988 1.151969
-0.027252 -2.662661 0.363583
-0.114771 -2.180196 -0.789222
-1.334373 -3.438276 -0.647978
-1.340707 -2.940741 -0.757078
-1.301257 -3.055684 0.537978
-1.274286 -3.374978 0.830860
-0.498074 -3.528836 0.808187
-1.077479 -3.430681 0.908440
1.102258 -2.830588 -0.229680
1.153846 -2.847460 -0.796325
-2.223520 1.665699 0.984915
-2.220328 2.122389 0.957610
-2.173149 0.851256 -0.905080
-2.171241 0.499276 -0.619125
-2.480623 0.447478 0.867839
-2.612714 -0.061614 0.995443
-2.091332 0.954292 0.770561
-2.077554 1.923350 0.916049
-2.480623 0.447478 0.867839
-1.240842 0.439865 0.901200
-2.228749 -0.643721 0.942674
-2.250754 -2.024703 0.952102
-2.154042 -2.000785 0.735701
-2.151556 -2.029984 -0.960376
-2.100991 -2.165844 -0.264126
-2.052036 -2.127248 0.192395
-2.069486 -1.062923 0.852063
-1.966225 -1.074105 0.890348
-2.668821 -0.899705 0.822293
-2.679845 -0.949540 -0.992861
-2.784973 -1.017707 0.907699
-2.668821 -0.899705 0.822293
-3.829879 -0.744890 0.810028
-3.277447 -2.027524 -0.364984
-3.202590 -1.944444 0.449011
-3.170575 -0.780343 0.760801
-4.511979 -0.899116 1.005629
-4.882118 -0.839902 0.986417
-3.717727 0.767452 -0.974967
-4.964917 0.762412 -0.913366
-2.636222 -2.622215 0.857080
-2.758440 -2.014692 0.934876
-2.635364 -2.245629 0.674881
-2.483746 -2.271330 0.867689
-4.531006 -2.867627 0.895106
-4.974030 -2.874867 0.761264
-2.412040 -2.843528 0.846816
-1.699356 -3.060294 0.925418
-1.737954 -3.331579 0.927682
-1.966689 -3.270001 0.966496
-3.233835 -2.821236 0.462969
-3.211464 -2.737587 0.576044
-3.257317 -2.746836 0.991114
-3.216783 -2.299648 0.967764
-2.507491 2.288343 -0.414535
-2.648282 2.387625 -0.810822
-2.493820 2.716490 1.010982
-1.116030 2.771183 0.905888
-1.179274 2.471495 1.123686
-2.603990 2.093612 -0.088173
-2.691924 0.609547 -0.804845
-4.933708 2.064353 0.485773
-3.339967 0.840264 0.901425
-4.854475 0.830219 0.747258
-3.096668 2.637579 1.041205
-3.137825 1.408760 1.012683
-3.082017 2.794272 0.330683
-3.196510 2.723392 -0.788921
-3.100759 0.800501 0.976745
-3.088976 0.896445 1.032384
-4.940352 2.070811 0.423393
-5.007481 2.020482 -0.631862
-4.977474 2.082921 -0.526524
-5.039992 1.944037 0.884122
-4.889168 2.047165 0.905794
-4.990849 1.959875 0.971806
-5.039992 1.944037 0.884122
-3.274437 2.195258 0.869855
-4.905005 2.792445 -0.306271
-4.946712 2.794380 0.273029
-1.411467 3.547388 -0.632521
-1.436409 2.846709 0.188220
-1.295573 2.974946 0.094246
-1.323397 3.343177 0.948343
-1.435217 3.554932 0.862292
-1.324878 3.520066 -0.339725
-4.349620 3.441208 0.987919
-4.895838 3.186894 0.990633
-4.891366 3.529644 0.263774
-5.024446 3.297391 0.357751
-4.657607 3.526551 -0.910968
-5.033116 3.430917 -0.694488
-4.996034 2.485311 0.985619
-4.998002 2.227543 0.983454
-3.275242 2.167124 -0.159017
-3.359544 2.046075 0.931167
-3.361397 2.110824 1.116300
1.132761 3.418413 -0.120205
-0.691796 3.489197 0.891030
-0.459884 3.404395 1.001645
-0.950348 3.022631 1.029574
-1.230327 2.858969 0.118987
-1.248507 2.876859 0.616168
1.129179 3.487766 -0.343956
1.154885 3.439649 -0.582877
1.043591 3.504404 -0.087089
1.153645 2.950467 -0.592343
1.079477 2.869037 -0.416322
-0.459884 3.404395 1.001645
-1.075880 2.854823 0.889801
-1.248507 2.876859 0.616168
-0.961277 3.508216 0.935507
-0.964040 3.421323 1.008647
-0.674843 0.309452 0.988073
-0.689401 0.377348 -0.825954
-1.450465 -0.417709 0.064966
-1.394203 -0.396847 -0.783430
-1.129880 0.421982 0.976964
-1.230249 0.414539 0.932170
-3.585735 0.657235 -0.055884
-3.567153 0.712368 -0.196957
-2.764950 0.733995 0.555785
-3.475009 -0.104651 0.951881
-3.574512 -0.664086 0.858206
-2.631299 0.623298 0.768580
-2.701835 0.712017 0.595252
-2.769799 -0.709070 -0.964140
-2.723641 -0.715273 -0.108661
0.005961 2.765565 0.066559
0.018518 2.354677 -0.566369
-0.144990 2.283950 1.140696
-0.273288 2.722148 1.150753
-1.065791 2.796900 0.665059
-1.103052 2.815197 0.144560
-0.221272 2.194656 1.044132
-0.783369 2.232652 1.072289
-1.055507 2.735829 0.901087
-1.032477 2.662028 1.166081
-1.630840 2.610108 1.136245
-2.628495 2.374862 -0.411488
-2.629259 2.375022 -0.230863
-2.628495 2.374862 -0.411488
-2.601962 2.330073 -0.154616
-0.709968 -0.526719 0.067530
-0.718010 -2.144696 -0.332239
-0.815617 -2.158915 0.834951
-1.520091 -1.632094 -0.963450
-1.501551 -1.288162 -0.614131
-0.752802 0.538597 -0.783938
-0.651731 1.345929 -0.762977
-1.134520 2.266041 0.067948
-1.182467 0.518206 -0.775739
-1.238208 0.485924 -0.468737
-1.118304 2.243559 0.942581
-1.182467 0.518206 -0.775739
-1.257521 0.562105 -0.516249
-0.520079 0.296000 1.093352
-0.551621 0.751379 1.108418
0.669469 0.994392 0.976789
0.594516 1.026348 1.076758
0.057639 1.182496 -0.761474
0.257081 1.216109 -0.674695
-0.555246 -1.036583 0.571318
-0.468144 -1.130664 0.556869
0.668290 -1.082651 0.193582
0.592789 -1.132508 0.271523
-0.442434 -1.087463 0.792665
-0.468464 -1.082274 -0.599103
0.706031 -1.203056 0.040569
-0.451322 -1.186600 0.881694
0.279782 -1.129041 0.958069
0.668389 -1.912198 0.857265
0.723961 -1.941454 0.754855
0.672757 -1.129703 0.152241
-0.598909 -2.098671 0.844040
-0.576414 -2.125318 -0.621156
-0.646247 -2.164314 -1.028287
-0.145424 -2.202932 -0.753059
-0.041629 -2.661432 0.359569
-0.145424 -2.202932 -0.753059
-0.163582 -2.825708 -0.099826
-0.228485 -2.796982 -1.005505
-1.536167 -3.077883 0.959490
-1.474067 -3.534794 -0.780006
-1.370584 -3.508227 -0.564383
-1.438399 -2.914077 0.777605
-1.625837 -2.867170 0.389752
0.968631 -3.380123 0.957193
0.761792 -3.503954 0.825155
0.743416 -3.451320 0.918666
0.743416 -3.451320 0.918666
1.141065 -2.856785 -0.767313
1.147088 -2.950229 -0.075332
-1.293240 -3.499562 -1.001634
-1.316174 -2.990849 -0.473477
-2.214076 1.986048 0.902921
-2.200076 2.152138 0.864785
-2.442545 0.610916 0.961337
-2.200076 2.152138 0.864785
-2.382590 2.231996 0.480641
-2.669803 0.627088 -0.766560
-2.532106 0.534144 0.874849
-2.174007 0.604775 0.640818
-2.139377 0.491388 -0.137684
-2.436005 -0.431507 0.787729
-2.593417 0.186018 0.953657
-2.639578 0.226518 0.874533
-2.048027 2.254268 0.810484
-2.057567 2.245059 0.634977
-2.504741 -0.433360 -0.012813
-1.390305 0.436349 -0.236244
-1.305044 0.400851 -0.776952
-1.378927 0.429971 -0.495172
-1.305973 0.428617 -0.779494
-2.552194 -0.494356 0.891420
-2.258971 -0.652741 0.925217
-2.542594 -0.433476 -0.950367
-2.615051 -0.465295 -0.639757
-2.553370 -2.183254 -0.904430
-2.501787 -2.158227 0.782077
-2.257256 -2.153572 -0.947291
-2.184618 -2.151727 -0.538562
-2.164211 -0.573626 0.762689
-2.145902 -0.549073 -1.031259
-2.101009 -2.165841 -0.264139
-2.058939 -2.127460 -0.935509
-1.973053 -2.062713 0.866582
-2.145647 -1.967792 0.768964
-2.069438 -1.062911 0.852005
-2.120563 -1.878124 0.838275
-2.673114 -2.850550 -0.658814
-2.678056 -2.847558 -0.492177
-2.706884 -0.835342 0.232212
-2.672887 -0.904680 0.819946
-3.194123 -0.865473 -0.585604
-3.220392 -0.933846 -0.952138
-4.850038 -0.742443 0.871035
-4.946537 -0.761431 -0.916233
-4.887109 -2.029856 0.384182
-3.388294 -2.066163 -0.974805
-3.200751 -0.796980 0.747023
-3.780236 -0.740665 0.799994
-4.850038 -0.742443 0.871035
-4.857398 -0.858873 0.978468
-3.621010 -0.720318 0.774334
-3.780236 -0.740665 0.799994
-4.960055 0.683374 -0.987907
-4.929902 0.745184 -0.857692
-5.010147 -0.694328 -0.953079
-4.958229 -0.738538 -0.026190
-2.760478 -2.014498 0.931890
-2.685853 -1.899412 0.901604
-1.648542 -2.169738 0.652983
-1.639356 -2.226931 -0.120142
-1.861223 -2.128681 0.741624
-2.089570 -2.102212 0.709763
-2.699903 -2.789910 -0.975971
-2.638791 -2.796814 0.197534
-1.659862 -2.821175 -0.468858
-1.592704 -2.820844 0.098478
-3.521153 -3.577114 -0.917544
-5.028697 -2.997840 0.212659
-5.012167 -3.055664 0.840392
-4.821746 -3.304994 1.005985
-4.996409 -3.386553 0.833142
-4.384793 -3.582129 -0.838882
-1.968801 -3.262923 0.948291
-2.188487 -3.424792 0.959664
-3.245997 -2.803332 -0.671692
-3.219098 -2.739289 -0.482257
-4.989995 -2.738999 0.904689
-4.958921 -2.672573 0.981033
-3.257589 -2.745046 0.982644
-3.223366 -2.307215 0.951667
-4.875753 -2.066039 0.521029
-4.970801 -2.095223 -0.744339
-1.630840 2.610108 1.136245
-2.489704 2.706385 1.005075
-2.489704 2.706385 1.005075
-0.688936 -0.529642 0.930219
-0.718010 -2.144696 -0.332239
-0.716385 -2.114477 0.881362
-1.602041 -2.854465 -0.061562
-2.574670 0.631029 0.899679
-2.487349 2.217855 -0.086577
-2.583213 2.185131 -0.261962
-1.804252 2.252535 0.800972
-1.324122 2.245850 0.741965
-3.256849 2.079856 -0.700201
-3.277637 2.162639 -0.789228
-3.225763 2.039378 -0.737227
-3.283484 0.913002 -0.257287
-3.247875 0.953364 -0.870493
-3.220808 1.627472 -0.899142
-3.166574 2.458400 1.016220
-3.140061 1.816306 1.020965
-3.168045 2.752781 0.315478
-3.162931 2.762347 0.656883
-3.109946 0.801114 0.357374
-3.094522 0.808217 0.006589
-3.159523 0.823420 0.932992
-3.100759 0.800501 0.976745
-2.699165 2.739252 0.291231
-2.728825 2.814258 0.195513
-4.973075 2.143707 0.348048
-4.950167 2.068527 0.442163
-4.944686 0.864225 0.714923
-4.938098 0.917031 -0.352719
-3.376861 1.821344 1.037381
-3.316422 1.600664 1.006463
-5.002554 2.018116 0.888363
-4.933708 2.064353 0.485773
-3.274437 2.195258 0.869855
-4.827345 2.821689 -0.415275
-4.879626 2.793195 -0.739317
-1.475997 3.543618 -0.798742
-1.411467 3.547388 -0.632520
-1.698838 3.074550 0.979174
-1.672423 2.837376 0.861446
-1.327465 2.879923 -0.429951
-1.325930 2.883797 0.003964
-1.298972 2.965167 -0.727779
-1.327465 2.879923 -0.429951
-4.565748 3.347132 0.989024
-3.546580 3.469740 0.678404
-3.298721 3.465546 0.887672
-4.777600 3.275012 0.992584
-4.997399 2.861353 -0.556694
-4.965823 2.846392 -0.370165
-1.322137 2.883745 0.383456
-1.328861 2.875943 0.791423
-4.996034 2.485311 0.985620
-4.998002 2.227543 0.983454
-3.332399 2.058197 -0.767596
-3.256849 2.079856 -0.700201
-3.284183 2.133052 0.888466
-5.007481 2.020482 -0.631861
-4.980096 2.101023 -0.753844
0.935964 3.547622 -0.092598
1.043591 3.504404 -0.087088
0.405372 2.874521 1.058475
-0.618346 2.879235 1.010620
0.604954 2.845246 0.979092
-1.240815 3.147308 1.012401
-1.039979 3.001332 1.024384
1.150149 2.944455 -0.500293
-1.249122 2.944054 0.762609
-1.293818 3.125178 0.950051
-1.262961 3.395872 1.001419
0.972259 3.512455 -0.758303
-1.293818 3.125178 0.950051
-1.309086 3.394485 0.951221
-0.071104 2.876924 1.038323
1.081157 2.878314 0.378342
1.047176 2.864149 0.468393
1.153645 2.950467 -0.592342
-0.938186 2.862052 -0.875756
-1.115735 2.863121 -0.738985
-1.309086 3.394485 0.951221
-1.289087 3.511050 0.664222
-1.262532 3.550357 0.666000
0.979465 3.298973 1.115689
0.879321 3.549170 -0.791262
0.902517 3.441019 1.109603
-0.806763 -0.355578 1.012135
-0.789944 -0.434469 0.935139
-1.219907 0.440639 0.578304
-1.341279 0.456103 0.003338
-0.784137 0.404231 0.979338
-0.811606 0.477019 -0.786997
-1.154148 0.481003 -0.789170
-1.251332 0.475160 -0.615965
-1.100352 0.378308 1.053836
-1.221642 0.357459 1.032503
-3.545656 -0.709099 0.029094
-3.579134 -0.630590 0.086777
-3.567153 0.712368 -0.196957
-3.512051 0.749088 -0.051597
-2.688935 0.357685 -0.952143
-3.584413 0.615837 0.840473
-3.552035 0.558863 0.913550
-2.701835 0.712017 0.595253
-2.720572 0.706177 0.523089
-3.550833 -0.731560 0.791719
-3.574512 -0.664086 0.858206
-2.690333 -0.652003 -0.964508
-0.004832 2.305942 0.122863
-0.060079 2.237524 0.107457
-0.126732 2.204424 0.648021
-0.034521 2.239751 0.263694
-0.787371 2.262999 -0.708911
-0.962403 2.230350 0.981219
-0.042969 2.790102 0.959789
-0.006791 2.697972 1.021795
-1.004528 2.409331 1.135599
-1.215783 2.401735 -0.725504
-1.202821 2.358026 -0.628008
-1.004528 2.409331 1.135599
-1.002733 2.759319 -0.812467
-0.908819 2.804085 -0.754285
-0.976234 2.341914 1.115208
-1.215783 2.401735 -0.725504
-1.202821 2.358026 -0.628008
-1.047141 2.559279 1.153988
-0.129492 2.327483 -0.817411
-0.112703 2.333031 -0.813251
-1.221602 2.436105 1.099449
-1.188687 2.388883 1.073933
-2.588856 2.794976 -0.647535
-2.654990 2.650453 -0.789647
-2.608427 2.731544 -0.787606
-2.628067 2.384110 -0.603283
-2.626215 2.426559 -0.754493
-2.672708 2.764633 0.715175
-2.690409 2.700847 0.771971
-0.701160 -0.484030 -0.830530
-0.729821 -0.426511 -0.761374
-0.833823 -2.115618 0.984129
-0.715428 -1.800700 0.911942
-0.787462 -1.790998 0.994341
-1.619655 -2.149457 -0.341710
-1.527667 -2.144666 -0.482511
-1.434020 -0.426358 -0.221174
-0.805479 -0.444249 0.469229
-1.727190 -1.179581 0.990314
-0.826376 0.462737 -0.713193
-1.138545 2.265761 0.595317
-0.675405 0.652799 1.020733
-0.691209 1.510557 1.023096
-1.254815 1.995088 -0.867081
-1.259639 1.943589 -0.859684
-0.915652 0.486626 -0.799368
-1.224332 0.580513 0.444433
-1.261644 0.558352 0.257983
-0.723097 2.282868 0.817804
-0.785025 2.312326 0.869016
-1.118304 2.243558 0.942581
-1.182467 0.518206 -0.775739
-1.159179 0.518039 -0.811617
-1.185677 0.714615 1.045149
-1.122481 0.968470 1.091768
-0.633869 0.206631 0.964028
-0.642422 0.314420 0.989097
0.687543 0.561184 1.057101
0.701973 -0.630251 0.861061
0.635804 1.109177 -0.281643
0.633258 1.196058 -0.680391
-0.547182 1.061740 1.023733
-0.560114 -1.057421 -0.308270
-0.583452 -0.969900 -0.569059
0.701973 -0.630251 0.861061
0.644377 -0.646313 0.870970
0.669144 -1.111686 0.540848
0.592789 -1.132508 0.271523
0.288697 -1.166883 0.842200
0.235240 -1.170388 0.886564
-0.442434 -1.087463 0.792664
-0.497982 -1.111272 0.825570
-0.567649 -1.158140 -0.576572
-0.537920 -1.101229 -0.682679
-0.512707 -2.188349 0.785190
-0.451322 -1.186600 0.881694
-0.511889 -2.092897 0.900845
-0.516509 -2.159639 0.867757
0.291715 -1.201507 0.934344
0.367478 -1.158566 0.912769
0.181083 -1.142183 0.957946
0.279782 -1.129041 0.958069
-0.468464 -1.082274 -0.599103
-0.527300 -1.111839 -0.317443
-0.625145 1.032884 0.976626
-0.547182 1.061740 1.023733
-0.625145 1.032884 0.976626
-1.700328 -2.583353 -0.453230
-1.688603 -2.449091 0.124651
-0.119429 -2.380138 -0.852015
-0.092205 -2.786040 0.718440
-0.045125 -2.652428 0.791584
-0.228485 -2.796982 -1.005505
-0.154572 -2.843215 0.347650
-1.584282 -2.244611 0.834352
-1.640397 -2.219473 0.771595
-0.128515 -2.694900 -1.009038
-1.293911 -3.419733 0.781952
-1.295828 -3.452298 0.751491
-1.611624 -3.412621 0.669943
-1.722540 -2.838196 -0.820200
-1.651184 -2.843516 -0.488770
-1.847956 -3.453110 -0.810991
-1.585582 -2.913396 0.819151
-0.802051 -2.835325 0.795382
-1.173193 -3.575855 -0.554328
1.090174 -3.040933 0.958248
0.890234 -2.918166 0.965106
-0.779450 -2.867711 0.861916
1.178343 -3.432043 -0.863374
1.140884 -3.505240 -0.674382
-1.294111 -3.532127 0.051973
-1.234633 -3.550672 0.224267
-1.294111 -3.532127 0.051973
-2.186590 2.088885 -0.949079
-2.200076 2.152138 0.864785
-2.442545 0.610916 0.961337
-2.214076 1.986048 0.902921
-2.200076 2.152138 0.864785
-2.213903 2.178223 0.758244
-2.200076 2.152138 0.864785
-2.431087 2.249923 0.861225
-2.487349 2.217855 -0.086577
-2.295748 0.519703 0.891970
-2.293861 0.526244 -0.478578
-2.081894 0.416391 -0.880884
-2.072095 1.922678 0.913628
-2.114946 1.846685 0.856472
-2.502342 -0.431889 0.540248
-2.628676 0.400702 0.410874
-2.636486 0.373976 -0.311027
-2.598716 -0.218250 0.891369
-1.236311 0.476280 0.652300
-1.249361 0.466210 0.439799
-1.279027 1.468957 -0.970762
-1.283507 1.517972 -0.978651
-1.473297 -0.442688 0.432202
-1.305044 0.400851 -0.776952
-1.256614 0.431531 0.433780
-1.299064 0.431338 0.224382
-1.417969 -0.329170 -0.704192
-2.643849 -0.530744 -0.579333
-2.237284 -1.264163 0.928949
-2.159144 -0.467456 0.438351
-2.201975 -0.448807 0.245632
-2.164335 -0.508177 0.656666
-2.162773 -0.529510 0.724988
-2.636780 -0.494839 -0.902762
-2.576985 -2.146729 0.688105
-2.572826 -2.154521 0.321656
-2.237284 -1.264163 0.928949
-2.186167 -1.355158 0.912870
-2.186167 -1.355158 0.912870
-2.237284 -1.264163 0.928949
-2.127402 -1.004318 0.901498
-2.058939 -2.127460 -0.935510
-2.050201 -2.124221 0.192355
-1.411341 -0.441355 -0.872543
-1.398865 -0.441381 -0.834404
-2.064758 -0.454604 0.778170
-2.034252 -0.475352 0.825611
-1.786580 -2.147139 0.785160
-1.705065 -2.164892 0.780509
-1.645247 -2.113387 0.711079
-1.421113 -0.443626 -0.400644
-1.422237 -0.443783 -0.365399
-1.686188 -1.854995 0.874222
-1.757090 -1.370946 0.884774
-1.654524 -2.123161 0.561591
-2.666995 -2.226253 -0.979666
-2.666789 -2.263223 -0.952431
-2.704636 -2.874888 -0.865805
-2.673114 -2.850550 -0.658814
-3.114718 -0.894236 0.906425
-3.186028 -0.845029 0.852987
-3.194123 -0.865473 -0.585604
-3.095595 -0.827956 -0.288501
-3.783696 -0.751499 0.819354
-5.000486 -1.934590 0.174972
-4.960898 -2.006684 0.168336
-3.298839 -2.046918 0.419707
-3.220829 -2.014060 0.555440
-3.781288 -0.879250 0.924193
-4.844008 -0.789168 0.953460
-4.857398 -0.858873 0.978468
-3.621010 -0.720318 0.774334
-3.689999 -0.776085 -0.820504
-4.929902 0.745184 -0.857692
-4.912720 0.782521 0.667455
-4.913247 -0.653835 0.935260
-4.987445 -0.621777 0.878661
-3.854883 -0.743337 0.802853
-3.815962 -0.691960 0.871302
-3.873593 -0.783467 0.898282
-3.873593 -0.783467 0.898282
-2.760478 -2.014498 0.931890
-2.685853 -1.899412 0.901603
-2.731532 -2.853616 0.608409
-2.650676 -2.770061 0.670259
-1.943812 -2.135134 0.726344
-1.894225 -2.135290 0.710942
-1.625517 -2.218670 -0.324573
-1.626337 -2.227705 -0.210995
-1.893049 -2.126440 0.742790
-1.861223 -2.128681 0.741624
-1.545084 -2.814291 0.755097
-1.545963 -2.812847 0.750951
-2.600441 -2.805594 0.270383
-2.572694 -2.557663 0.857387
-2.535872 -2.819750 0.361684
-2.546486 -2.811811 0.725581
-2.638791 -2.796814 0.197534
-2.542199 -2.394835 0.865166
-2.699844 -2.867611 -0.956194
-1.720133 -2.868567 -0.733630
-1.728636 -2.854223 -0.735858
-1.685595 -2.857518 -0.582407
-5.011086 -3.468719 0.684220
-5.012840 -3.501083 0.481897
-1.985668 -3.061380 0.925276
-1.720240 -3.019071 0.916794
-1.580058 -3.412423 0.537408
-1.602283 -3.493933 0.427404
-1.724331 -3.542652 0.698353
-1.563774 -3.046308 0.821968
-1.562270 -3.168504 0.841439
-4.692954 -3.039407 1.000663
-4.473744 -2.965393 0.993700
-1.664857 -3.543462 0.500807
-3.301415 -2.828267 0.574843
-3.237656 -2.798064 0.463688
-3.217524 -2.269150 -0.887362
-4.709340 -2.739103 0.998341
-4.885218 -2.684981 1.004479
-3.470667 -2.068429 0.944019
-4.931744 -2.073838 0.860313
-3.334158 -2.159276 0.996058
-3.223366 -2.307216 0.951667
-3.218683 -2.161901 -0.870691
-4.875753 -2.066039 0.521029
-4.954282 -2.089248 0.268918
-2.571363 2.416809 0.908128
-2.634271 2.597503 0.936895
-2.544985 2.786764 -0.794007
-1.176729 2.250568 0.512411
-1.151949 2.240603 0.887500
-1.129936 2.749296 0.893157
-1.138928 2.676705 1.020449
-0.910705 -2.190037 0.948406
-1.681306 -2.186852 0.431341
-1.680211 -2.200793 0.714182
-1.753615 -1.247627 1.025745
-1.525023 -3.441223 0.785463
-1.798355 -3.474671 -0.506259
-1.559417 -3.088210 0.797224
-2.574670 0.631029 0.899679
-2.594619 2.175420 -0.774850
-2.540388 2.192494 -0.818483
-2.604898 -0.257217 0.852761
-2.559483 -0.407464 0.296843
-1.198587 2.164181 -0.507357
-1.279804 1.521948 -0.978226
-1.473558 -0.413994 0.318935
-1.442611 -0.373910 -0.552034
410 411
12 14
13 15
17 22
4 5
503 505
6 7
491 492
103 108
8 9
0 1
781 782
462 463
426 427
10 11
2 3
482 483
25 36
443 444
416 417
414 415
538 539
571 572
656 657
1043 1044
765 766
779 780
472 473
911 912
458 459
16 26
438 439
933 934
527 528
565 566
470 471
761 762
99 100
355 379
602 603
743 744
1114 1115
71 77
126 127
305 306
1116 1117
605 606
93 98
717 718
1163 1164
450 451
18 20
709 710
512 513
563 564
1052 1053
376 390
1021 1022
27 29
211 212
283 284
441 442
817 818
35 53
118 119
543 544
581 582
237 290
418 419
249 251
561 562
607 608
884 885
823 824
721 722
986 987
137 140
799 800
49 50
687 688
454 457
61 62
136 204
428 429
1084 1085
609 610
97 101
44 45
500 504
849 850
82 94
293 294
620 637
412 413
921 928
1142 1144
559 560
1050 1051
448 449
446 447
965 966
791 792
516 517
770 771
1004 1005
723 724
455 456
80 81
536 537
436 437
522 599
693 696
681 821
819 820
466 467
803 808
460 461
686 822
372 381
970 971
669 670
658 659
480 481
533 542
576 577
51 52
691 692
432 433
747 752
1189 1190
373 385
745 746
1054 1066
795 796
498 499
671 672
589 590
712 713
277 278
736 737
30 33
1058 1059
368 369
520 521
420 421
88 89
40 41
734 735
344 356
476 477
252 308
178 180
452 453
123 124
202 203
767 768
440 445
31 42
135 206
575 578
173 174
837 838
154 159
804 805
37 38
583 584
643 651
1034 1042
281 333
834 835
629 630
424 425
549 550
73 74
1016 1017
478 479
775 776
495 496
909 910
783 784
621 622
665 666
719 720
801 802
540 541
551 552
677 678
753 754
430 431
557 558
156 175
75 83
487 488
675 676
350 351
545 546
235 250
150 151
346 347
21 23
19 32
510 511
644 645
362 363
689 690
1095 1096
534 535
489 490
829 830
330 367
518 519
377 378
883 895
58 70
587 588
567 568
553 554
699 700
673 674
555 556
729 825
227 275
200 201
595 596
501 502
633 634
833 836
815 816
547 548
862 863
741 742
597 598
322 323
116 120
113 117
486 497
763 764
148 149
853 854
988 989
872 873
286 302
434 435
464 465
125 157
931 932
299 300
1173 1174
600 601
579 580
777 778
24 48
1077 1078
1138 1139
46 47
1018 1025
841 842
107 109
969 979
171 172
179 188
56 57
474 475
231 285
531 532
839 840
1029 1030
757 758
318 324
856 857
121 122
406 408
229 230
1070 1076
867 868
652 653
759 760
1104 1105
694 695
864 865
1031 1182
623 628
114 115
72 90
380 391
28 39
336 345
208 214
493 494
755 756
102 106
236 244
1011 1012
110 111
631 632
1082 1083
1178 1179
184 188
995 996
186 187
357 358
991 992
679 680
240 241
375 384
697 698
165 185
809 810
95 96
641 642
189 190
296 319
893 894
1148 1149
66 68
860 861
144 145
982 983
1168 1169
889 890
91 92
725 728
684 685
104 105
806 807
874 875
635 636
626 627
506 507
295 317
1057 1188
886 887
337 338
585 586
646 647
361 400
726 727
591 592
112 130
730 733
769 772
84 85
523 524
1035 1036
222 223
529 530
234 285
797 798
1155 1156
851 852
65 67
382 402
899 900
866 869
162 164
213 228
703 704
1067 1068
1061 1062
624 625
292 307
392 393
1100 1101
63 64
649 650
79 87
667 668
34 43
353 354
1152 1157
1038 1039
1146 1147
827 828
811 812
913 914
155 160
1072 1073
287 291
638 639
1170 1171
138 139
514 515
975 976
78 86
1165 1166
870 871
274 276
279 280
573 574
1161 1162
617 619
257 258
1040 1041
682 683
858 859
1032 1183
750 751
370 371
272 273
69 76
738 739
1046 1047
161 163
963 964
204 205
359 360
773 774
1137 1141
131 132
340 352
787 788
904 906
1069 1192
1109 1110
919 920
1019 1020
785 786
954 955
940 946
1143 1145
128 129
951 1172
268 269
662 663
54 55
217 254
1092 1097
879 880
386 399
789 790
1045 1184
740 826
1028 1181
1175 1176
313 314
238 290
334 335
259 271
242 243
593 594
1124 1125
793 794
309 310
484 485
59 60
1150 1151
366 407
711 716
1111 1122
191 194
1126 1127
1158 1159
301 329
705 706
701 702
640 648
141 142
968 974
614 615
845 846
915 916
1001 1002
1106 1123
1153 1154
831 832
226 282
847 848
468 469
714 715
707 708
941 942
311 312
1065 1191
935 936
881 882
218 219
1130 1131
146 147
654 655
960 1177
239 253
389 409
611 612
907 908
303 304
984 985
569 570
1048 1049
660 661
961 962
731 732
1160 1167
938 939
944 945
813 814
1071 1081
1079 1080
892 905
1055 1056
143 166
876 877
917 918
1102 1103
616 618
342 343
748 749
1009 1010
1118 1119
167 191
922 923
926 927
896 897
152 153
266 270
508 509
990 1013
1014 1015
958 959
1120 1121
952 953
888 898
525 526
288 289
133 134
1007 1008
929 930
220 221
339 341
1023 1024
1003 1006
956 957
192 193
977 978
1090 1091
176 177
395 396
195 196
1136 1140
262 263
1107 1108
215 216
967 1180
169 170
664 668
1033 1037
843 844
937 943
1112 1113
374 383
924 925
1185 1186
1074 1075
260 261
401 403
997 998
999 1000
891 901
387 388
855 878
255 256
604 613
949 950
209 210
247 248
993 994
1088 1089
394 404
315 316
246 267
297 298
207 245
1060 1187
397 398
972 973
1128 1129
348 349
181 182
1063 1064
902 903
364 365
405 406
1098 1099
224 225
320 321
1026 1027
980 981
422 423
1086 1087
168 197
1093 1094
158 183
232 233
1132 1133
325 326
327 328
264 265
331 332
947 948
1134 1135
198 199
