16233795179784628497 1030 600
-0.520584 0.155971 0.072799
-0.569317 0.109576 0.105808
-0.415871 -0.324874 0.072029
-0.388577 -0.326551 0.024426
-0.001824 -0.171795 -0.074785
-0.081818 0.176296 -0.026643
-0.026085 0.108280 -0.046120
0.032413 0.059166 -0.074883
-0.026085 0.108280 -0.046120
-0.443547 -0.287495 0.091886
-0.424549 -0.318654 0.073771
-0.108063 0.216119 0.007360
-0.215237 0.357368 0.057704
-0.012429 0.092939 -0.050385
-0.051663 0.133477 -0.039277
-0.296833 0.348293 0.045316
-0.280945 0.346997 0.056753
-0.001824 -0.171795 -0.074785
0.048244 0.022829 -0.073013
-0.598786 -0.197522 0.113513
-0.592053 -0.200524 0.114329
-0.576947 0.108883 0.098839
0.048244 0.022829 -0.073013
0.050933 -0.000320 -0.077331
0.032413 0.059166 -0.074883
-0.051663 0.133477 -0.039277
-0.592053 -0.200524 0.114329
-0.576947 0.108883 0.098839
-0.081818 0.176296 -0.026643
0.032413 0.059166 -0.074883
0.050933 -0.000320 -0.077331
-0.521271 -0.243522 0.067985
-0.520584 0.155971 0.072799
-0.520584 0.155971 0.072799
-0.532162 0.145212 0.070028
-0.415871 -0.324874 0.072029
-0.215237 0.357368 0.057704
-0.280945 0.346997 0.056753
-0.081818 0.176296 -0.026643
-0.051663 0.133477 -0.039277
-0.026085 0.108280 -0.046120
0.048244 0.022829 -0.073013
-0.424549 -0.318654 0.073771
-0.108063 0.216119 0.007360
-0.081818 0.176296 -0.026643
-0.012429 0.092939 -0.050385
-0.026085 0.108280 -0.046120
-0.388577 -0.326551 0.024426
-0.296833 0.348293 0.045316
-0.280945 0.346997 0.056753
-0.001824 -0.171795 -0.074785
-0.026085 0.108280 -0.046120
-0.417721 0.361838 0.102179
-0.459626 0.288956 0.140889
-0.592053 -0.200524 0.114329
-0.576947 0.108883 0.098839
-0.001824 -0.171795 -0.074785
0.050933 -0.000320 -0.077331
-0.051663 0.133477 -0.039277
-0.026085 0.108280 -0.046120
-0.521271 -0.243522 0.067985
-0.598786 -0.197522 0.113513
-0.576947 0.108883 0.098839
-0.424549 -0.318654 0.073771
-0.521271 -0.243522 0.067985
-0.532162 0.145212 0.070028
-0.520584 0.155971 0.072799
-0.280969 0.346999 0.056754
-0.240476 0.362414 0.080689
-0.241391 0.364470 0.070215
-0.459649 0.288974 0.140890
-0.461289 0.287945 0.130177
0.047534 -0.049417 -0.088412
0.051139 -0.031044 -0.077483
-0.012452 0.092949 -0.050384
-0.473554 -0.259739 0.086020
-0.450799 -0.273687 0.096026
-0.424535 -0.283797 0.091742
-0.593011 -0.089605 0.083941
-0.585439 -0.085806 0.091821
0.037902 -0.076790 -0.099808
0.046142 -0.042972 -0.093800
0.021632 -0.128326 -0.075597
-0.204389 -0.235108 -0.030679
-0.520608 0.155973 0.072800
-0.490071 -0.017283 0.074056
-0.278051 0.336367 0.059751
-0.598848 -0.197512 0.113514
-0.296895 0.348295 0.045317
-0.385530 0.372651 0.095845
-0.557954 -0.017491 0.133372
0.048182 0.022839 -0.073012
0.050910 -0.000303 -0.077330
0.022834 0.068824 -0.059656
-0.108087 0.216129 0.007361
-0.215261 0.357377 0.057705
-0.335061 -0.303526 -0.013205
-0.237519 -0.242007 -0.039219
-0.336492 -0.309286 -0.001420
-0.027177 0.105689 -0.061323
-0.606420 -0.177805 0.098172
-0.470254 0.263612 0.136827
-0.241601 0.354457 0.083714
-0.532186 0.145229 0.070027
0.033973 -0.060667 -0.102273
-0.443627 -0.287500 0.091887
0.033973 -0.060667 -0.102273
-0.027177 0.105689 -0.061323
-0.081861 0.176291 -0.026642
-0.026128 0.108275 -0.051435
-0.237519 -0.242007 -0.039219
-0.547998 -0.239042 0.086905
-0.569379 0.109571 0.105809
-0.388620 -0.326556 0.024427
-0.415914 -0.324872 0.072030
-0.597627 -0.194308 0.105005
-0.499818 0.216368 0.072726
-0.522782 0.159445 0.060874
-0.577008 0.108900 0.098840
-0.326268 -0.299160 -0.002376
-0.001847 -0.171785 -0.074786
-0.421674 -0.309517 0.089913
-0.597379 -0.190717 0.117780
-0.592076 -0.200515 0.114330
-0.260713 0.350866 0.059401
-0.026128 0.108275 -0.051435
-0.027177 0.105689 -0.061323
-0.589349 -0.084084 0.075165
-0.572297 0.115837 0.089894
-0.296895 0.348295 0.045317
-0.280969 0.346999 0.056754
-0.081861 0.176291 -0.026642
-0.081861 0.176291 -0.026642
-0.237519 -0.242007 -0.039219
-0.522782 0.159445 0.060874
-0.081861 0.176291 -0.026642
-0.027177 0.105689 -0.061323
0.032370 0.059153 -0.072607
-0.597627 -0.194308 0.105005
-0.606420 -0.177805 0.098172
-0.388620 -0.326556 0.024427
-0.335061 -0.303526 -0.013205
-0.597627 -0.194308 0.105005
-0.589349 -0.084084 0.075165
-0.237519 -0.242007 -0.039219
-0.027177 0.105689 -0.061323
0.033973 -0.060667 -0.102273
0.050910 -0.000303 -0.077330
0.046142 -0.042972 -0.093800
-0.237519 -0.242007 -0.039219
0.009902 -0.152734 -0.077430
-0.001847 -0.171785 -0.074786
-0.081861 0.176291 -0.026642
-0.042178 0.120885 -0.032893
-0.012499 0.092945 -0.050379
-0.026118 0.108278 -0.051432
-0.252367 0.358827 0.078110
-0.278117 0.336370 0.059756
-0.606448 -0.177809 0.098175
-0.609995 -0.162268 0.094246
0.033964 -0.060656 -0.102268
0.044607 -0.064829 -0.096866
0.037855 -0.076809 -0.099803
-0.472094 -0.267663 0.072707
-0.584742 -0.208252 0.104264
-0.592104 -0.200519 0.114330
0.009855 -0.152746 -0.077430
0.021604 -0.128322 -0.075594
-0.281016 0.346994 0.056757
-0.610148 -0.166544 0.104369
-0.585429 -0.085809 0.091824
-0.213267 -0.235536 -0.018211
-0.032221 -0.198611 -0.054732
-0.032755 -0.194648 -0.049430
0.046133 -0.042968 -0.093799
0.050901 -0.000322 -0.077325
0.051092 -0.031047 -0.077477
-0.385577 0.372640 0.095848
-0.337550 0.349871 0.062966
-0.509020 0.039255 0.073618
-0.415942 -0.324884 0.072035
-0.421664 -0.309506 0.089916
-0.470301 0.263607 0.136832
-0.400874 0.370464 0.101008
-0.421702 0.359094 0.094599
-0.417735 0.361836 0.102185
-0.546023 -0.233420 0.075268
-0.521342 -0.243538 0.067991
-0.081889 0.176302 -0.014850
-0.159975 0.292203 0.009298
-0.326296 -0.299149 -0.002371
-0.204417 -0.235105 -0.030676
0.034956 -0.103482 -0.081740
-0.240504 0.362403 0.080694
-0.215937 0.348679 0.072750
-0.520655 0.155961 0.072803
-0.575930 -0.219934 0.105294
-0.580889 -0.204453 0.111255
-0.499789 0.216356 0.072731
0.022825 0.068819 -0.059653
-0.532175 0.145204 0.070032
-0.529391 0.140718 0.076317
-0.027186 0.105686 -0.057174
-0.473544 -0.259736 0.086025
-0.450770 -0.273683 0.096029
-0.424563 -0.283802 0.091747
-0.215289 0.357365 0.057711
-0.568148 -0.222528 0.107340
-0.568186 -0.036681 0.125507
-0.557963 -0.017488 0.133375
-0.561434 -0.008130 0.134687
-0.241381 0.364474 0.070218
-0.472094 -0.267663 0.072707
-0.509325 0.033593 0.089459
-0.490099 -0.017278 0.074062
-0.592982 -0.089594 0.083942
-0.081889 0.176302 -0.014850
-0.565020 -0.011020 0.121078
-0.544192 -0.080073 0.070633
-0.337359 0.360570 0.049352
-0.459658 0.288970 0.140895
-0.415369 0.353760 0.110540
-0.577036 0.108874 0.098843
-0.572268 0.115833 0.089897
-0.237528 -0.242033 -0.027424
-0.335070 -0.303531 -0.013200
-0.569407 0.109575 0.105814
-0.566927 -0.007594 0.130481
-0.151507 0.057868 -0.086275
-0.443636 -0.287497 0.091890
-0.329615 0.021553 -0.005141
-0.335070 -0.303531 -0.013200
0.009855 -0.152746 -0.077430
0.020650 -0.126236 -0.081211
-0.290591 -0.270479 0.002603
-0.305430 -0.282936 0.000791
0.039953 0.040076 -0.076261
-0.070788 0.159926 -0.006677
-0.441195 -0.289240 0.082058
-0.388590 -0.326553 0.024432
-0.575930 -0.219934 0.105294
-0.546023 -0.233420 0.075268
-0.001856 -0.171805 -0.070635
-0.394045 0.364027 0.105809
-0.522791 0.159449 0.060877
-0.394122 0.372342 0.089215
0.032400 0.059163 -0.072599
0.039953 0.040076 -0.076261
0.050901 -0.000322 -0.077325
0.037855 -0.076809 -0.099803
-0.237528 -0.242033 -0.027424
-0.505778 0.129409 0.070714
-0.505778 0.129409 0.070714
-0.027186 0.105686 -0.057174
0.032400 0.059163 -0.072599
-0.051676 0.133490 -0.039273
-0.159975 0.292203 0.009298
-0.033823 -0.195170 -0.063048
-0.424639 -0.318655 0.073771
-0.082966 -0.222974 -0.202207
-0.211960 -0.235236 -0.214719
-0.212823 -0.238383 -0.222444
0.047544 -0.049410 -0.147008
0.044612 -0.064845 -0.164670
-0.212823 -0.238383 -0.222444
-0.211960 -0.235236 -0.214719
0.047544 -0.049410 -0.147008
-0.185157 -0.102315 -0.203561
-0.115181 0.191105 -0.164536
-0.218946 0.005674 -0.211381
-0.115591 0.228005 -0.180310
-0.026127 0.108280 -0.167607
0.047544 -0.049410 -0.147008
-0.116674 0.228357 -0.171632
-0.027171 0.105696 -0.172452
0.033978 -0.060666 -0.172395
-0.218746 -0.228546 -0.228414
-0.115181 0.191105 -0.164536
-0.218946 0.005674 -0.211381
-0.185157 -0.102315 -0.203561
0.047544 -0.049410 -0.147008
-0.012461 0.092945 -0.158071
0.047544 -0.049410 -0.147008
0.033978 -0.060666 -0.172395
0.047544 -0.049410 -0.147008
0.053195 -0.010641 -0.131444
0.047544 -0.049410 -0.147008
0.022839 0.068822 -0.142240
0.022839 0.068822 -0.142240
0.053195 -0.010641 -0.131444
-0.027171 0.105696 -0.172452
0.050234 -0.021396 -0.142316
0.009888 -0.152731 -0.173139
-0.215236 -0.234356 -0.228642
-0.218746 -0.228546 -0.228414
-0.082966 -0.222974 -0.202207
0.047544 -0.049410 -0.147008
0.034999 -0.103485 -0.160626
-0.215236 -0.234356 -0.228642
-0.212823 -0.238383 -0.222444
-0.211960 -0.235236 -0.214719
-0.012461 0.092945 -0.158071
-0.115181 0.191105 -0.164536
-0.219580 0.016532 -0.219392
-0.116674 0.228357 -0.171632
-0.115591 0.228005 -0.180310
-0.026127 0.108280 -0.167607
0.047544 -0.049410 -0.147008
0.033978 -0.060666 -0.172395
-0.219580 0.016532 -0.219392
-0.027171 0.105696 -0.172452
-0.218746 -0.228546 -0.228414
-0.185157 -0.102315 -0.203561
0.009888 -0.152731 -0.173139
0.047544 -0.049410 -0.147008
0.022839 0.068822 -0.142240
0.047544 -0.049410 -0.147008
0.022839 0.068822 -0.142240
0.050234 -0.021396 -0.142316
0.053195 -0.010641 -0.131444
-0.027171 0.105696 -0.172452
0.053195 -0.010641 -0.131444
0.050234 -0.021396 -0.142316
-0.115591 0.228005 -0.180310
0.009888 -0.152731 -0.173139
-0.082966 -0.222974 -0.202207
-0.218746 -0.228546 -0.228414
0.050234 -0.021396 -0.142316
-0.211977 -0.235239 -0.214776
-0.212034 -0.235368 -0.214947
-0.082983 -0.222975 -0.202264
-0.211977 -0.235239 -0.214776
-0.070766 0.159921 -0.155038
-0.108112 0.216121 -0.167645
-0.218963 0.005669 -0.211438
-0.185169 -0.102316 -0.203618
0.012899 0.081772 -0.155724
0.032350 0.059160 -0.155076
-0.027179 0.105692 -0.172528
-0.115193 0.191101 -0.164593
0.047527 -0.049413 -0.153493
0.044595 -0.064846 -0.164708
0.022832 0.068821 -0.148724
0.053178 -0.010639 -0.131520
0.033952 -0.060671 -0.172471
0.009871 -0.152734 -0.173177
0.032350 0.059160 -0.155076
-0.012478 0.092942 -0.158128
-0.115603 0.228003 -0.180386
0.033952 -0.060671 -0.172471
-0.219597 0.016529 -0.219430
-0.212845 -0.238389 -0.222481
0.009871 -0.152734 -0.173177
-0.185169 -0.102316 -0.203618
-0.218963 0.005669 -0.211438
-0.082983 -0.222975 -0.202264
-0.215253 -0.234362 -0.228680
-0.218762 -0.228549 -0.228471
-0.027179 0.105692 -0.172528
0.050226 -0.021399 -0.142373
-0.215253 -0.234362 -0.228680
-0.082978 -0.222971 -0.202270
-0.033816 -0.195177 -0.182739
-0.012472 0.092948 -0.158134
0.012905 0.081781 -0.155731
0.040299 -0.067776 -0.162369
0.044600 -0.064839 -0.164715
-0.070770 0.159926 -0.155044
-0.108097 0.216130 -0.167633
-0.033816 -0.195177 -0.182739
-0.032728 -0.194644 -0.170227
-0.001863 -0.171786 -0.174099
0.009882 -0.152730 -0.173183
-0.185168 -0.102314 -0.203625
-0.212033 -0.235364 -0.214954
-0.211967 -0.235231 -0.214783
-0.218757 -0.228544 -0.228477
-0.027173 0.105697 -0.172535
-0.211967 -0.235231 -0.214783
-0.117429 0.215935 -0.166584
-0.114229 0.194418 -0.168568
-0.219591 0.016534 -0.219437
-0.218957 0.005676 -0.211445
-0.181964 -0.102830 -0.215889
-0.027173 0.105697 -0.172535
0.032350 0.059162 -0.155083
0.022828 0.068825 -0.148731
0.053174 -0.010641 -0.131527
-0.212033 -0.235364 -0.214954
-0.212839 -0.238382 -0.222488
-0.215252 -0.234359 -0.228687
0.034982 -0.103482 -0.160690
-0.001863 -0.171786 -0.174099
-0.116680 0.228357 -0.171696
0.032350 0.059162 -0.155083
-0.082978 -0.222971 -0.202270
-0.215252 -0.234359 -0.228687
0.020677 -0.126219 -0.168854
-0.117429 0.215935 -0.166584
-0.114229 0.194418 -0.168568
-0.115193 0.191104 -0.164600
-0.115193 0.191104 -0.164600
-0.114229 0.194418 -0.168568
-0.114229 0.194418 -0.168568
-0.115603 0.228009 -0.180374
-0.115603 0.228009 -0.180374
-0.082966 -0.222974 -0.202207
-0.211960 -0.235236 -0.214719
-0.212823 -0.238383 -0.222444
0.034999 -0.103485 -0.160626
0.044612 -0.064845 -0.164670
-0.211960 -0.235236 -0.214719
0.047544 -0.049410 -0.147008
-0.185157 -0.102315 -0.203561
-0.219580 0.016532 -0.219392
-0.218946 0.005674 -0.211381
-0.026127 0.108280 -0.167607
0.033978 -0.060666 -0.172395
-0.116674 0.228357 -0.171632
-0.027171 0.105696 -0.172452
0.033978 -0.060666 -0.172395
-0.218746 -0.228546 -0.228414
-0.185157 -0.102315 -0.203561
-0.115181 0.191105 -0.164536
-0.218946 0.005674 -0.211381
-0.185157 -0.102315 -0.203561
0.047544 -0.049410 -0.147008
0.053195 -0.010641 -0.131444
-0.012461 0.092945 -0.158071
0.022839 0.068822 -0.142240
0.033978 -0.060666 -0.172395
0.047544 -0.049410 -0.147008
0.053195 -0.010641 -0.131444
0.047544 -0.049410 -0.147008
0.022839 0.068822 -0.142240
0.050234 -0.021396 -0.142316
0.022839 0.068822 -0.142240
0.050234 -0.021396 -0.142316
-0.115591 0.228005 -0.180310
0.050234 -0.021396 -0.142316
-0.211977 -0.235239 -0.214776
-0.218762 -0.228549 -0.228471
-0.212034 -0.235368 -0.214947
-0.082983 -0.222975 -0.202264
-0.211977 -0.235239 -0.214776
-0.212845 -0.238389 -0.222481
-0.070766 0.159921 -0.155038
-0.026135 0.108279 -0.167645
-0.108112 0.216121 -0.167645
-0.218963 0.005669 -0.211438
-0.181965 -0.102836 -0.215882
-0.185169 -0.102316 -0.203618
0.032350 0.059160 -0.155076
-0.116681 0.228352 -0.171689
0.047527 -0.049413 -0.153493
0.034982 -0.103494 -0.160702
0.044595 -0.064846 -0.164708
0.022832 0.068821 -0.148724
0.053178 -0.010639 -0.131520
0.033952 -0.060671 -0.172471
0.032350 0.059160 -0.155076
0.050226 -0.021399 -0.142373
-0.012478 0.092942 -0.158128
-0.115603 0.228003 -0.180386
-0.115193 0.191101 -0.164593
0.033952 -0.060671 -0.172471
-0.219597 0.016529 -0.219430
-0.115603 0.228003 -0.180386
0.009871 -0.152734 -0.173177
-0.212034 -0.235368 -0.214947
-0.185169 -0.102316 -0.203618
-0.218963 0.005669 -0.211438
-0.027179 0.105692 -0.172528
-0.115603 0.228003 -0.180386
-0.082978 -0.222971 -0.202270
-0.012472 0.092948 -0.158134
0.012905 0.081781 -0.155731
-0.026129 0.108282 -0.167652
0.040299 -0.067776 -0.162369
0.044600 -0.064839 -0.164715
-0.070770 0.159926 -0.155044
-0.108097 0.216130 -0.167633
0.009882 -0.152730 -0.173183
0.020677 -0.126219 -0.168854
-0.001863 -0.171786 -0.174099
0.009882 -0.152730 -0.173183
-0.217183 -0.032162 -0.200382
-0.117429 0.215935 -0.166584
-0.218757 -0.228544 -0.228477
-0.218075 -0.032229 -0.213123
0.033967 -0.060660 -0.172478
0.033967 -0.060660 -0.172478
-0.219591 0.016534 -0.219437
-0.218075 -0.032229 -0.213123
-0.185168 -0.102314 -0.203625
-0.181964 -0.102830 -0.215889
0.032350 0.059162 -0.155083
0.053174 -0.010641 -0.131527
-0.212033 -0.235364 -0.214954
-0.212839 -0.238382 -0.222488
-0.215252 -0.234359 -0.228687
-0.001863 -0.171786 -0.174099
-0.218957 0.005676 -0.211445
-0.116342 0.194862 -0.165153
-0.115193 0.191104 -0.164600
0.032350 0.059162 -0.155083
-0.181964 -0.102830 -0.215889
-0.218757 -0.228544 -0.228477
-0.219591 0.016534 -0.219437
-0.115603 0.228009 -0.180374
0.020677 -0.126219 -0.168854
-0.115193 0.191104 -0.164600
-0.114229 0.194418 -0.168568
-0.116466 0.222008 -0.169121
0.003686 -0.148467 -0.167465
0.021596 -0.128327 -0.163707
0.025821 -0.109299 -0.158100
0.041199 -0.044926 -0.149440
0.047541 -0.049413 -0.153427
0.030508 -0.063292 -0.162124
0.048213 0.022832 -0.141410
0.022836 0.068819 -0.148639
-0.026130 0.108277 -0.167579
-0.137090 0.119175 -0.171146
-0.043692 0.127667 -0.165805
-0.108108 0.216118 -0.167560
-0.176520 0.091478 -0.182380
-0.174956 0.107736 -0.176258
-0.188875 0.090999 -0.182838
-0.144357 0.141038 -0.179119
-0.143828 0.151347 -0.180702
-0.129232 0.173613 -0.176677
-0.157923 0.125832 -0.179786
-0.117430 0.215923 -0.166511
-0.116462 0.222000 -0.169029
-0.217185 -0.032168 -0.200309
-0.213065 -0.045298 -0.195789
0.036969 -0.093046 -0.158500
0.040307 -0.067786 -0.162296
-0.032716 -0.194651 -0.170135
-0.032210 -0.198632 -0.175037
-0.063214 -0.215279 -0.188350
-0.157804 -0.223421 -0.213546
-0.163259 -0.229341 -0.220222
-0.131006 -0.222870 -0.208587
0.012202 0.079326 -0.162792
-0.027175 0.105690 -0.172443
-0.199966 0.031826 -0.217704
-0.219593 0.016529 -0.219364
-0.106821 0.151803 -0.173149
0.050884 -0.000323 -0.138816
0.012903 0.081774 -0.155658
0.012202 0.079326 -0.162792
-0.027175 0.105690 -0.172443
-0.051703 0.133482 -0.171718
-0.215578 0.032171 -0.213012
-0.102515 0.207526 -0.174579
-0.115003 0.223290 -0.181999
-0.116687 0.228349 -0.171623
0.037875 -0.076796 -0.171547
0.020681 -0.126232 -0.168781
-0.057239 -0.212124 -0.192031
-0.082979 -0.222980 -0.202179
-0.082979 -0.222980 -0.202179
-0.096440 -0.227300 -0.200481
-0.124182 -0.228337 -0.211029
-0.203409 -0.186227 -0.227146
-0.207987 -0.197845 -0.227260
-0.206041 -0.065356 -0.209407
-0.181961 -0.102836 -0.215797
-0.181951 -0.113128 -0.217781
-0.183859 -0.120328 -0.219230
-0.214839 -0.234223 -0.228595
0.051122 -0.031050 -0.139026
0.053187 -0.010646 -0.131435
-0.116534 0.188986 -0.164833
-0.120420 0.184101 -0.168476
0.009876 -0.152739 -0.173111
-0.003867 -0.168405 -0.166893
-0.101352 -0.223957 -0.197487
-0.185165 -0.102323 -0.203533
-0.185437 -0.123917 -0.206527
-0.204377 -0.235105 -0.222511
-0.212836 -0.238388 -0.222416
-0.166487 -0.226847 -0.228710
0.050884 -0.000323 -0.138816
0.039926 0.040070 -0.151214
-0.081854 0.176295 -0.170307
-0.081854 0.176295 -0.170307
-0.102515 0.207526 -0.174579
-0.143409 0.140370 -0.186538
-0.192442 0.062849 -0.207138
-0.187526 0.089351 -0.197601
-0.119314 0.194005 -0.184326
-0.113420 0.204453 -0.182075
-0.115604 0.228001 -0.180301
0.033093 -0.100747 -0.167255
-0.057239 -0.212124 -0.192031
-0.214839 -0.234223 -0.228595
-0.215249 -0.234364 -0.228614
0.033965 -0.060669 -0.172386
0.039926 0.040070 -0.151214
-0.215249 -0.234364 -0.228614
-0.113640 0.207693 -0.182514
-0.115003 0.223290 -0.181999
-0.114212 0.214807 -0.182705
-0.116534 0.224000 -0.169811
-0.116687 0.228349 -0.171623
-0.116462 0.222000 -0.169029
-0.114226 0.194408 -0.168495
-0.116334 0.194854 -0.165062
-0.114226 0.194408 -0.168495
-0.116334 0.194854 -0.165062
-0.114226 0.194408 -0.168495
-0.128464 0.180697 -0.188121
-0.182304 0.098771 -0.179767
-0.174956 0.107736 -0.176258
-0.143409 0.140370 -0.186538
-0.187526 0.089351 -0.197601
-0.179019 0.098819 -0.196457
-0.144357 0.141038 -0.179119
-0.178017 0.099956 -0.196247
-0.210004 0.039398 -0.211162
-0.192442 0.062849 -0.207138
-0.218940 0.007085 -0.210552
-0.218959 0.005666 -0.211372
-0.218320 -0.024608 -0.213737
-0.218072 -0.032237 -0.213031
-0.206041 -0.065356 -0.209407
-0.185165 -0.102323 -0.203533
-0.210624 -0.057372 -0.210380
-0.181951 -0.113128 -0.217781
-0.185437 -0.123917 -0.206527
-0.183859 -0.120328 -0.219230
-0.196109 -0.163444 -0.211296
-0.199961 -0.191472 -0.214920
-0.194120 -0.178147 -0.213489
-0.204921 -0.205348 -0.213947
-0.212841 -0.225013 -0.214500
-0.213570 -0.237192 -0.218658
-0.215206 -0.234447 -0.228481
-0.212836 -0.238388 -0.222416
-0.215316 -0.234250 -0.228595
-0.215249 -0.234364 -0.228614
-0.143828 0.151347 -0.180702
-0.129232 0.173613 -0.176677
-0.520584 0.155971 0.072799
-0.569317 0.109576 0.105808
-0.415871 -0.324874 0.072029
-0.388577 -0.326551 0.024426
-0.001824 -0.171795 -0.074785
-0.081818 0.176296 -0.026643
-0.280945 0.346997 0.056753
-0.026085 0.108280 -0.046120
-0.051663 0.133477 -0.039277
-0.443547 -0.287495 0.091886
-0.424549 -0.318654 0.073771
-0.108063 0.216119 0.007360
-0.081818 0.176296 -0.026643
-0.215237 0.357368 0.057704
-0.012429 0.092939 -0.050385
-0.026085 0.108280 -0.046120
-0.051663 0.133477 -0.039277
-0.388577 -0.326551 0.024426
-0.296833 0.348293 0.045316
-0.280945 0.346997 0.056753
-0.459626 0.288956 0.140889
-0.598786 -0.197522 0.113513
-0.592053 -0.200524 0.114329
0.048244 0.022829 -0.073013
-0.001824 -0.171795 -0.074785
0.050933 -0.000320 -0.077331
0.032413 0.059166 -0.074883
-0.592053 -0.200524 0.114329
-0.598786 -0.197522 0.113513
-0.576947 0.108883 0.098839
-0.081818 0.176296 -0.026643
-0.521271 -0.243522 0.067985
-0.521271 -0.243522 0.067985
-0.532162 0.145212 0.070028
-0.547998 -0.239042 0.086905
-0.597627 -0.194308 0.105005
-0.280969 0.346999 0.056754
-0.240476 0.362414 0.080689
-0.241391 0.364470 0.070215
-0.459649 0.288974 0.140890
-0.461289 0.287945 0.130177
0.047534 -0.049417 -0.088412
-0.012452 0.092949 -0.050384
-0.473554 -0.259739 0.086020
-0.450799 -0.273687 0.096026
-0.424535 -0.283797 0.091742
-0.597379 -0.190717 0.117780
-0.585439 -0.085806 0.091821
0.037902 -0.076790 -0.099808
0.021632 -0.128326 -0.075597
-0.213296 -0.235525 -0.018217
-0.204389 -0.235108 -0.030679
-0.520608 0.155973 0.072800
-0.490071 -0.017283 0.074056
-0.278051 0.336367 0.059751
-0.592076 -0.200515 0.114330
-0.598848 -0.197512 0.113514
-0.296895 0.348295 0.045317
-0.421693 0.359098 0.094596
-0.557954 -0.017491 0.133372
0.048182 0.022839 -0.073012
0.050910 -0.000303 -0.077330
0.039943 0.040072 -0.076264
0.022834 0.068824 -0.059656
-0.108087 0.216129 0.007361
-0.335061 -0.303526 -0.013205
-0.336492 -0.309286 -0.001420
-0.470254 0.263612 0.136827
-0.504205 0.214118 0.086270
-0.237519 -0.242007 -0.039219
-0.001847 -0.171785 -0.074786
0.033973 -0.060667 -0.102273
-0.443627 -0.287500 0.091887
0.033973 -0.060667 -0.102273
-0.081861 0.176291 -0.026642
-0.051667 0.133487 -0.039276
-0.388620 -0.326556 0.024427
-0.415914 -0.324872 0.072030
-0.424630 -0.318651 0.073772
-0.521295 -0.243519 0.067986
-0.499818 0.216368 0.072726
-0.577008 0.108900 0.098840
-0.326268 -0.299160 -0.002376
-0.001847 -0.171785 -0.074786
-0.421674 -0.309517 0.089913
-0.597379 -0.190717 0.117780
-0.585439 -0.085806 0.091821
-0.260713 0.350866 0.059401
-0.026128 0.108275 -0.051435
-0.081861 0.176291 -0.026642
-0.027177 0.105689 -0.061323
-0.589349 -0.084084 0.075165
-0.572297 0.115837 0.089894
-0.215261 0.357377 0.057705
-0.296895 0.348295 0.045317
-0.081861 0.176291 -0.026642
-0.081861 0.176291 -0.026642
-0.051667 0.133487 -0.039276
-0.237519 -0.242007 -0.039219
-0.522782 0.159445 0.060874
-0.237519 -0.242007 -0.039219
-0.027177 0.105689 -0.061323
0.039943 0.040072 -0.076264
-0.081861 0.176291 -0.026642
-0.597627 -0.194308 0.105005
-0.589349 -0.084084 0.075165
-0.424630 -0.318651 0.073772
-0.335061 -0.303526 -0.013205
-0.521295 -0.243519 0.067986
-0.589349 -0.084084 0.075165
0.039943 0.040072 -0.076264
0.033973 -0.060667 -0.102273
0.037902 -0.076790 -0.099808
-0.237519 -0.242007 -0.039219
-0.027177 0.105689 -0.061323
-0.237519 -0.242007 -0.039219
-0.237519 -0.242007 -0.039219
0.009902 -0.152734 -0.077430
-0.027177 0.105689 -0.061323
-0.042178 0.120885 -0.032893
-0.012499 0.092945 -0.050379
-0.026118 0.108278 -0.051432
-0.278117 0.336370 0.059756
-0.241610 0.354460 0.083717
-0.606448 -0.177809 0.098175
0.033964 -0.060656 -0.102268
0.044607 -0.064829 -0.096866
-0.521342 -0.243538 0.067991
-0.584742 -0.208252 0.104264
-0.592104 -0.200519 0.114330
-0.597674 -0.194320 0.105008
0.009855 -0.152746 -0.077430
-0.281016 0.346994 0.056757
-0.260760 0.350854 0.059404
-0.296923 0.348291 0.045318
-0.610148 -0.166544 0.104369
-0.585429 -0.085809 0.091824
-0.213267 -0.235536 -0.018211
0.046133 -0.042968 -0.093799
0.050901 -0.000322 -0.077325
0.051092 -0.031047 -0.077477
-0.385577 0.372640 0.095848
-0.333620 0.360808 0.058869
-0.509020 0.039255 0.073618
-0.415942 -0.324884 0.072035
-0.421664 -0.309506 0.089916
-0.470301 0.263607 0.136832
-0.421702 0.359094 0.094599
-0.546023 -0.233420 0.075268
-0.521342 -0.243538 0.067991
-0.534541 -0.243092 0.073160
-0.081889 0.176302 -0.014850
-0.336558 -0.309297 -0.001417
-0.204417 -0.235105 -0.030676
0.020650 -0.126236 -0.081211
0.034956 -0.103482 -0.081740
-0.240504 0.362403 0.080694
-0.215937 0.348679 0.072750
0.047506 -0.049405 -0.088406
-0.520655 0.155961 0.072803
-0.505778 0.129409 0.070714
-0.443636 0.179163 0.080723
-0.575930 -0.219934 0.105294
-0.580889 -0.204453 0.111255
-0.461260 0.287957 0.130180
0.048193 0.022835 -0.073009
0.022825 0.068819 -0.059653
-0.313670 0.355742 0.055684
-0.532175 0.145204 0.070032
-0.529391 0.140718 0.076317
-0.051676 0.133490 -0.039273
-0.178439 0.100634 -0.036164
-0.473544 -0.259736 0.086025
-0.450770 -0.273683 0.096029
-0.424563 -0.283802 0.091747
-0.215289 0.357365 0.057711
-0.207392 0.351450 0.061096
-0.548006 -0.239039 0.086903
-0.568186 -0.036681 0.125507
-0.241381 0.364474 0.070218
-0.472094 -0.267663 0.072707
-0.592982 -0.089594 0.083942
-0.575282 -0.052967 0.117306
-0.108096 0.216133 0.007366
-0.081889 0.176302 -0.014850
-0.565020 -0.011020 0.121078
-0.459658 0.288970 0.140895
-0.453822 0.290847 0.143527
-0.415369 0.353760 0.110540
-0.572268 0.115833 0.089897
-0.569407 0.109575 0.105814
-0.566927 -0.007594 0.130481
0.011991 0.017873 -0.079561
-0.151507 0.057868 -0.086275
-0.598856 -0.197523 0.113520
-0.335070 -0.303531 -0.013200
0.009855 -0.152746 -0.077430
-0.290591 -0.270479 0.002603
-0.305430 -0.282936 0.000791
-0.242106 -0.246623 -0.009609
-0.546023 -0.233420 0.075268
-0.441195 -0.289240 0.082058
-0.424639 -0.318655 0.073771
-0.584742 -0.208252 0.104264
-0.597674 -0.194320 0.105008
-0.394045 0.364027 0.105809
-0.522791 0.159449 0.060877
-0.383021 -0.327566 0.037488
-0.175387 0.312066 0.023679
-0.429636 0.223553 0.090231
0.050901 -0.000322 -0.077325
0.046133 -0.042968 -0.093799
0.033964 -0.060656 -0.102268
-0.505778 0.129409 0.070714
-0.027186 0.105686 -0.057174
-0.051676 0.133490 -0.039273
-0.159975 0.292203 0.009298
-0.215289 0.357365 0.057711
-0.388590 -0.326553 0.024432
-0.001856 -0.171805 -0.070635
-0.290561 -0.270477 0.003269
-0.270059 -0.258519 0.001538
-0.336294 -0.261919 -0.004306
-0.568134 -0.222518 0.108008
0.021608 -0.128321 -0.074925
-0.359606 -0.317424 0.026528
-0.236112 0.058007 -0.016090
-0.549767 0.136125 0.082248
-0.545818 0.130677 0.092078
-0.505753 0.129401 0.066380
-0.443633 0.179163 0.081392
-0.175907 0.298328 0.026531
-0.187148 0.318388 0.035972
-0.190182 0.332224 0.039828
-0.215928 0.348672 0.073417
-0.228107 0.360187 0.079685
-0.258728 0.342868 0.075955
-0.280995 0.346998 0.057425
-0.298924 0.348798 0.053879
-0.265549 0.348888 0.073405
-0.429622 0.223547 0.090898
-0.313648 0.355736 0.056348
-0.444155 0.260356 0.129402
-0.504188 0.214112 0.086941
-0.484964 0.248694 0.111897
-0.400869 0.370479 0.101675
-0.393991 0.364037 0.106475
-0.385522 0.372653 0.096514
-0.532181 0.145224 0.070699
-0.474472 0.267408 0.131418
-0.453790 0.290861 0.144196
-0.435381 0.343834 0.115718
-0.574323 0.094085 0.107674
-0.565474 0.067366 0.109122
-0.509323 0.033600 0.090128
0.030518 -0.063286 -0.088311
0.048215 0.022836 -0.072341
0.022842 0.068821 -0.058985
-0.026123 0.108280 -0.050763
-0.067240 0.162078 -0.015759
-0.043677 0.127675 -0.036732
-0.108098 0.216126 0.008033
-0.176514 0.091483 -0.024377
-0.275662 -0.032312 -0.044115
0.034995 -0.103487 -0.081074
0.036977 -0.093042 -0.081314
0.040314 -0.067780 -0.091392
0.044608 -0.064844 -0.096198
-0.032207 -0.198628 -0.054064
-0.063205 -0.215272 -0.053144
-0.157797 -0.223413 -0.039435
-0.213287 -0.235524 -0.017545
-0.327157 -0.114281 -0.029325
-0.305424 -0.282947 0.001457
-0.319225 -0.298027 -0.008435
-0.326282 -0.299161 -0.001707
-0.334097 -0.299899 0.003358
-0.382996 -0.327551 0.038153
-0.421661 -0.309514 0.090586
-0.490086 -0.017282 0.074727
-0.580879 -0.204459 0.111922
-0.591358 -0.104710 0.089422
-0.575272 -0.052974 0.117973
-0.597380 -0.190720 0.118448
-0.592102 -0.200520 0.114998
-0.603803 -0.164740 0.111067
-0.596547 -0.125991 0.091252
-0.287997 -0.275597 -0.005486
-0.261606 -0.261569 -0.003712
-0.496649 -0.256435 0.076892
-0.472067 -0.267660 0.073375
-0.475425 -0.267654 0.081458
0.012214 0.079332 -0.067759
-0.027165 0.105696 -0.056506
-0.555128 0.129871 0.078208
-0.178441 0.100652 -0.035497
-0.572493 0.068199 0.093784
-0.296885 0.348291 0.045987
-0.175362 0.312075 0.024344
-0.159965 0.292205 0.009967
-0.159965 0.292205 0.009967
-0.264014 0.353460 0.064869
-0.241379 0.364474 0.070885
-0.429092 0.215846 0.067570
-0.480966 0.187073 0.067376
-0.337322 0.360576 0.050015
-0.369434 0.364457 0.066383
-0.394085 0.372330 0.089879
-0.366511 0.371755 0.073720
-0.514795 0.186473 0.074661
-0.536216 0.137440 0.063746
-0.453965 0.304373 0.129642
-0.444447 0.326275 0.127985
-0.441061 0.337362 0.110837
-0.126696 0.245378 0.001833
-0.564414 0.042294 0.103932
0.032363 0.059161 -0.071936
0.012912 0.081778 -0.059493
-0.051688 0.133486 -0.038604
-0.246006 0.066549 -0.025515
-0.109261 0.207032 -0.007071
-0.126696 0.245378 0.001833
0.020690 -0.126225 -0.080543
0.005331 -0.151781 -0.081926
-0.001848 -0.171788 -0.069967
-0.033805 -0.195179 -0.062383
-0.082969 -0.222973 -0.059267
-0.096438 -0.227296 -0.050720
-0.124170 -0.228331 -0.050476
-0.128282 -0.228819 -0.058473
-0.281376 -0.267220 -0.015994
-0.237521 -0.242015 -0.026759
-0.335078 -0.303533 -0.012536
-0.388612 -0.326555 0.025096
-0.358972 -0.321117 0.008349
-0.406117 -0.326090 0.048472
-0.472067 -0.267660 0.073375
-0.530456 -0.168719 0.070775
-0.546022 -0.233419 0.075932
-0.521326 -0.243516 0.068657
-0.520680 -0.006752 0.083938
-0.550956 -0.011384 0.116610
-0.572535 -0.218379 0.096365
-0.583431 -0.205438 0.097743
-0.595793 -0.123419 0.073181
-0.597637 -0.194309 0.105677
-0.605562 -0.141331 0.082604
-0.592990 -0.089609 0.084611
-0.360885 -0.322704 0.023945
-0.569360 0.109572 0.106479
-0.337538 0.349876 0.063632
-0.241615 0.354454 0.084385
-0.358171 0.358886 0.082474
-0.523383 0.160731 0.068362
0.009888 -0.152734 -0.076761
-0.242086 -0.246621 -0.008943
-0.430146 -0.289343 0.094973
-0.450777 -0.273676 0.096697
-0.585787 -0.070178 0.100844
-0.568156 -0.036667 0.126176
-0.566893 -0.007581 0.131150
-0.598836 -0.197520 0.114184
-0.565042 0.041167 0.116595
-0.564772 0.024916 0.120167
-0.564595 0.017367 0.115679
-0.424606 -0.318650 0.074441
-0.406117 -0.326090 0.048472
-0.522777 0.159441 0.061546
-0.483651 0.245331 0.103631
-0.478675 0.256683 0.108489
-0.570744 0.062213 0.103800
0.046132 -0.042969 -0.093130
0.050897 -0.000316 -0.076658
0.039935 0.040075 -0.075595
-0.081847 0.176300 -0.014181
-0.081847 0.176300 -0.014181
-0.102505 0.207531 -0.003530
0.020690 -0.126225 -0.080543
-0.281376 -0.267220 -0.015994
-0.424606 -0.318650 0.074441
-0.454326 -0.278492 0.081587
-0.606439 -0.177806 0.098844
-0.237521 -0.242015 -0.026759
0.039935 0.040075 -0.075595
117 144
745 746
2 4
35 50
765 834
134 135
132 133
116 131
726 749
649 650
743 744
759 760
755 761
31 32
33 64
678 679
688 700
68 74
74 102
26 27
647 667
19 21
61 62
0 16
754 762
646 664
703 742
740 741
15 28
651 652
695 696
763 764
194 237
715 716
266 267
279 280
412 413
309 326
658 659
303 305
508 509
348 350
269 276
839 858
339 354
382 400
817 838
683 710
665 666
737 738
17 18
669 670
78 118
228 230
664 666
71 88
370 378
171 173
11 12
94 95
106 107
145 146
56 57
274 275
419 420
9 20
43 45
663 677
205 234
72 74
766 804
281 282
798 799
290 291
310 327
472 473
320 323
868 918
416 438
767 829
49 52
154 176
188 189
830 862
697 728
333 338
368 384
77 119
328 335
331 353
260 279
300 312
407 425
373 378
689 701
395 396
474 500
84 101
703 704
48 52
441 451
311 312
488 494
834 855
443 445
259 261
406 408
376 383
506 507
90 112
752 753
450 466
42 60
63 64
724 725
789 852
210 226
222 227
490 505
454 457
314 315
316 317
70 89
330 352
345 355
295 313
324 325
79 85
170 214
96 97
141 149
14 29
24 25
693 701
40 41
231 250
105 111
67 89
142 143
750 751
267 278
413 424
415 422
449 451
470 471
712 723
692 693
731 732
756 757
875 900
206 256
100 127
909 918
213 252
13 18
275 292
344 345
465 468
747 748
54 60
434 435
436 437
52 53
108 109
125 152
699 705
5 6
44 46
179 217
686 704
363 367
332 347
793 810
217 218
386 387
288 289
687 695
337 359
460 461
7 8
169 215
806 807
983 991
489 506
493 495
713 714
346 358
377 394
384 385
202 246
253 254
496 497
452 458
136 137
941 965
836 859
84 112
0 1
803 854
178 243
835 852
905 907
219 245
140 141
711 722
225 239
841 864
680 681
872 908
446 448
480 481
271 287
791 853
483 490
491 510
12 16
36 37
157 194
34 55
675 679
709 734
155 199
822 854
198 244
29 30
671 672
93 99
698 714
3 10
47 63
916 917
98 113
361 362
949 950
710 735
657 658
945 967
946 960
216 255
797 816
964 1020
296 297
297 313
900 925
801 804
233 249
982 985
187 212
795 826
180 239
75 77
722 723
648 649
818 820
811 812
91 93
720 721
38 39
662 676
103 128
200 223
827 828
554 588
459 461
420 439
976 977
1024 1028
67 68
82 120
695 729
492 493
584 598
938 939
476 477
545 546
552 553
790 853
876 886
768 769
86 102
690 730
147 148
784 785
856 857
514 516
972 975
428 429
168 211
682 684
568 569
340 343
986 987
240 241
457 462
550 586
585 601
172 242
892 998
721 736
772 801
285 286
426 427
432 433
175 236
247 248
1018 1029
707 708
966 1020
203 229
860 861
655 656
718 724
549 590
362 371
369 392
970 971
242 257
543 565
463 464
268 270
957 959
455 456
366 391
409 410
523 527
486 502
539 578
1021 1022
88 124
779 780
163 238
871 922
920 933
808 823
273 277
302 304
418 423
556 587
588 589
540 541
541 564
984 988
58 59
653 654
978 980
951 952
365 391
403 404
80 81
520 574
888 896
914 915
83 110
238 258
847 848
874 995
1006 1009
781 840
191 224
614 644
981 1025
1011 1012
792 833
783 845
889 955
917 1001
953 954
544 579
955 1013
283 284
307 308
430 431
73 92
195 251
968 969
69 95
684 739
825 863
561 562
563 597
904 906
622 623
879 944
996 998
979 1012
890 895
942 961
854 862
372 397
870 910
1000 1023
232 233
777 800
167 192
515 577
591 592
203 204
76 77
819 820
560 596
898 899
182 220
685 713
929 931
973 974
608 609
512 513
186 187
773 846
153 155
961 1010
911 912
542 544
166 167
644 645
201 251
815 859
923 994
190 235
919 921
993 1004
522 524
1002 1003
691 730
181 205
947 948
956 1013
537 538
1008 1016
934 1001
527 532
940 956
547 548
877 878
517 519
935 937
114 121
221 243
866 867
902 1018
22 23
706 707
262 263
263 272
518 573
842 865
897 958
208 209
81 104
771 784
873 894
301 306
447 462
475 477
150 151
990 992
869 926
482 501
484 485
936 1026
924 1002
882 997
883 885
913 1017
161 174
927 932
573 574
379 380
398 399
580 581
629 632
786 804
637 638
487 503
887 943
45 51
660 661
962 1019
788 813
682 733
778 779
688 734
991 1027
138 139
770 776
129 130
15 16
928 1005
824 828
843 844
814 852
849 850
894 999
195 201
805 815
880 881
521 551
336 342
364 386
548 555
988 989
160 162
694 717
719 758
411 421
559 600
884 887
158 159
891 893
903 963
177 183
33 34
65 66
531 576
787 851
318 319
321 322
525 558
794 796
634 636
635 637
164 196
535 536
341 349
479 491
410 417
414 415
334 350
381 382
1014 1015
618 619
494 495
156 193
566 567
526 528
926 930
165 197
727 738
593 594
615 616
122 123
782 827
901 912
529 530
821 822
1 21
112 118
109 126
831 837
628 630
87 115
582 583
184 185
774 809
453 467
304 305
393 405
769 802
604 605
196 207
264 265
329 351
498 499
298 299
351 360
389 390
626 627
570 571
631 633
617 620
701 702
775 840
667 668
673 674
930 1007
575 576
603 605
356 357
293 294
832 833
533 534
478 479
401 402
511 512
557 595
606 607
610 611
612 613
639 641
503 504
624 625
619 621
572 599
598 602
374 375
378 388
440 442
444 469
640 643
642 643
