11515865743040272847 2236 1900
-0.075726 -0.686670 0.024262
-0.076646 0.686198 0.013657
0.073212 -0.688791 0.009907
0.062000 0.717737 0.019224
0.062000 0.717737 0.019224
-0.076646 0.686198 0.013657
-0.075726 -0.686670 0.024262
0.051603 0.283943 0.059664
0.073212 -0.688791 0.009907
0.062000 0.717737 0.019224
-0.075726 -0.686670 0.024262
-0.063101 -0.679132 0.001762
0.064480 0.676057 0.002175
0.062377 -0.679415 0.001705
-0.062669 0.679963 0.002230
0.050212 0.666053 0.036114
-0.048510 0.666287 0.036870
-0.047951 0.582684 0.036707
-0.060542 -0.679905 0.039005
0.062054 -0.679640 0.039327
0.062054 -0.679640 0.039327
-0.060542 -0.679905 0.039005
-0.063101 -0.679132 0.001762
0.064480 0.676057 0.002175
0.062377 -0.679415 0.001705
-0.062669 0.679963 0.002230
0.050212 0.666053 0.036114
-0.048510 0.666287 0.036870
-0.047951 0.582684 0.036707
-0.060542 -0.679905 0.039005
0.062054 -0.679640 0.039327
0.062054 -0.679640 0.039327
-0.060542 -0.679905 0.039005
-0.002704 -0.704093 0.048748
0.007012 -0.688033 0.065379
-0.033398 -0.684471 0.049393
-0.021796 -0.671122 0.066172
-0.034934 -0.686265 0.032692
-0.004269 -0.705949 0.032034
0.019471 -0.640153 0.072035
0.023101 -0.634655 0.075277
0.007010 -0.633295 0.072428
0.012262 -0.628092 0.075553
0.016894 -0.645321 0.060210
0.003225 -0.637669 0.060747
0.041538 -0.532107 0.008540
0.086607 -0.671171 0.019771
-0.034934 -0.686265 0.032692
-0.053044 -0.551755 0.019470
0.036670 -0.625061 0.072958
0.003221 -0.532794 0.065835
0.023676 -0.528545 0.063471
0.062164 -0.697699 0.024972
0.027927 -0.634056 0.074764
0.032027 -0.638594 0.070700
0.063692 -0.695847 0.041690
0.088175 -0.669373 0.036469
0.054042 -0.682193 0.060380
0.077422 -0.658800 0.055624
0.086607 -0.671171 0.019771
0.062164 -0.697699 0.024972
0.042261 -0.628917 0.068681
0.033271 -0.643287 0.058469
0.044488 -0.632545 0.056361
-0.049037 -0.548081 0.039664
-0.021796 -0.671122 0.066172
-0.038925 -0.543894 0.053665
-0.033398 -0.684471 0.049393
-0.000465 -0.533560 0.066261
-0.009572 -0.537445 0.052824
-0.006182 -0.535315 0.062797
-0.051617 -0.549150 0.036091
-0.034934 -0.686265 0.032692
0.070198 -0.523844 0.022014
0.062480 -0.523396 0.037816
0.028683 -0.528072 0.058768
0.024454 -0.528471 0.062740
0.030597 -0.529370 0.046219
0.028992 -0.528281 0.056745
0.069391 -0.526321 0.005321
0.070340 -0.524346 0.018132
0.003225 -0.637669 0.060747
-0.033350 -0.542720 0.053135
-0.021796 -0.671122 0.066172
-0.010214 -0.537848 0.050935
0.054042 -0.682193 0.060380
0.077422 -0.658800 0.055624
0.033271 -0.643287 0.058469
0.044488 -0.632545 0.056361
0.007012 -0.688033 0.065379
0.016894 -0.645321 0.060210
0.059775 -0.523390 0.042260
0.035773 -0.528309 0.045521
-0.004704 -0.383857 0.004405
0.034588 -0.207725 0.003263
0.052557 -0.378430 -0.001679
-0.053205 -0.226768 0.012609
-0.037949 -0.233309 0.064420
-0.009922 -0.385495 0.058382
-0.023012 -0.224575 0.062821
-0.019471 -0.386400 0.059396
-0.088750 -0.252461 0.033383
-0.066338 -0.390240 0.036288
-0.080335 -0.251115 0.044836
-0.072110 -0.390608 0.028530
-0.043630 -0.235425 0.060859
-0.023034 -0.386683 0.057251
-0.040012 -0.234077 0.063127
-0.025355 -0.386868 0.055854
-0.048113 -0.234440 0.048876
-0.027973 -0.386955 0.048625
-0.045255 -0.235068 0.056517
-0.029699 -0.387013 0.043858
-0.090961 -0.248845 0.016650
-0.073900 -0.390415 0.011758
-0.089539 -0.251170 0.027410
0.022432 -0.213185 0.040763
0.047356 -0.379515 0.026530
0.031086 -0.211558 0.026167
0.041910 -0.380214 0.035655
-0.014830 -0.219790 0.061945
0.006969 -0.383859 0.054965
-0.011823 -0.217242 0.058891
0.005025 -0.384078 0.056793
0.010686 -0.383348 0.047129
-0.010242 -0.215902 0.057285
0.010022 -0.383515 0.052095
-0.009438 -0.213039 0.048929
0.034607 -0.210896 0.020227
0.053182 -0.378569 0.007493
0.034593 -0.208604 0.007965
0.053049 -0.378747 0.015231
-0.075637 -0.250363 0.051228
-0.046441 -0.388593 0.045296
-0.057778 -0.240032 0.049702
-0.058843 -0.389762 0.046361
-0.009030 -0.211588 0.044693
0.011712 -0.383089 0.039458
0.012350 -0.212139 0.042021
0.024280 -0.381892 0.037881
-0.023012 -0.224575 0.062821
-0.027948 -0.220493 0.053986
-0.037949 -0.233309 0.064420
0.034607 -0.210896 0.020227
0.034593 -0.208604 0.007965
0.031086 -0.211558 0.026167
-0.009030 -0.211588 0.044693
0.012350 -0.212139 0.042021
-0.049427 -0.232461 0.039518
-0.048113 -0.234440 0.048876
0.022432 -0.213185 0.040763
-0.053205 -0.226768 0.012609
0.034588 -0.207725 0.003263
-0.009030 -0.211588 0.044693
-0.048113 -0.234440 0.048876
-0.045255 -0.235068 0.056517
-0.043630 -0.235425 0.060859
-0.040012 -0.234077 0.063127
-0.014830 -0.219790 0.061945
-0.011823 -0.217242 0.058891
-0.010242 -0.215902 0.057285
-0.009438 -0.213039 0.048929
-0.089539 -0.251170 0.027410
-0.090961 -0.248845 0.016650
-0.088750 -0.252461 0.033383
-0.080335 -0.251115 0.044836
-0.057778 -0.240032 0.049702
-0.075637 -0.250363 0.051228
-0.004704 -0.383857 0.004405
-0.073900 -0.390415 0.011758
-0.009922 -0.385495 0.058382
0.005025 -0.384078 0.056793
-0.066338 -0.390240 0.036288
-0.058843 -0.389762 0.046361
-0.023034 -0.386683 0.057251
-0.019471 -0.386400 0.059396
-0.027973 -0.386955 0.048625
-0.072110 -0.390608 0.028530
0.047356 -0.379515 0.026530
0.053049 -0.378747 0.015231
0.010022 -0.383515 0.052095
0.006969 -0.383859 0.054965
0.010686 -0.383348 0.047129
0.011712 -0.383089 0.039458
0.052557 -0.378430 -0.001679
0.053182 -0.378569 0.007493
-0.046441 -0.388593 0.045296
-0.029699 -0.387013 0.043858
0.024280 -0.381892 0.037881
0.041538 -0.532107 0.008540
0.069391 -0.526321 0.005321
0.086607 -0.671171 0.019771
-0.000465 -0.533560 0.066261
0.012262 -0.628092 0.075553
-0.049037 -0.548081 0.039664
-0.051617 -0.549150 0.036091
-0.005285 -0.535039 0.063340
-0.006182 -0.535315 0.062797
0.007010 -0.633295 0.072428
-0.009572 -0.537445 0.052824
-0.010214 -0.537848 0.050935
0.003225 -0.637669 0.060747
-0.053044 -0.551755 0.019470
0.062480 -0.523396 0.037816
0.059775 -0.523390 0.042260
0.077422 -0.658800 0.055624
0.024454 -0.528471 0.062740
0.023676 -0.528545 0.063471
0.036670 -0.625061 0.072958
0.028992 -0.528281 0.056745
0.028683 -0.528072 0.058768
0.042261 -0.628917 0.068681
0.070340 -0.524346 0.018132
0.070198 -0.523844 0.022014
0.088175 -0.669373 0.036469
-0.033350 -0.542720 0.053135
-0.038925 -0.543894 0.053665
-0.021796 -0.671122 0.066172
0.035773 -0.528309 0.045521
0.030597 -0.529370 0.046219
-0.090961 -0.248845 0.016650
-0.053205 -0.226768 0.012609
-0.023012 -0.224575 0.062821
-0.075637 -0.250363 0.051228
-0.037949 -0.233309 0.064420
-0.088750 -0.252461 0.033383
0.031086 -0.211558 0.026167
0.034607 -0.210896 0.020227
-0.011823 -0.217242 0.058891
-0.010242 -0.215902 0.057285
-0.009030 -0.211588 0.044693
0.034593 -0.208604 0.007965
0.034588 -0.207725 0.003263
-0.057778 -0.240032 0.049702
-0.048113 -0.234440 0.048876
0.022432 -0.213185 0.040763
0.048485 -0.586388 0.055499
0.064385 -0.584413 0.053809
0.044462 -0.584785 0.050579
0.066047 -0.582133 0.047994
0.066955 -0.603501 0.055685
0.051055 -0.605476 0.057376
0.069305 -0.606335 0.050373
0.047720 -0.608987 0.052958
-0.002429 -0.589295 0.068928
0.000830 -0.613496 0.071306
-0.009501 -0.591487 0.056316
-0.006243 -0.615688 0.058695
-0.002309 -0.610857 0.075726
-0.009338 -0.612976 0.063796
0.000830 -0.613496 0.071306
-0.006243 -0.615688 0.058695
-0.004879 -0.591769 0.073850
-0.002429 -0.589295 0.068928
-0.011908 -0.593888 0.061920
-0.009501 -0.591487 0.056316
-0.027808 -0.595862 0.063610
-0.031139 -0.594203 0.058325
-0.025238 -0.614951 0.065486
-0.027881 -0.618404 0.060704
0.047720 -0.608987 0.052958
0.043098 -0.608247 0.066813
0.044462 -0.584785 0.050579
0.039840 -0.584046 0.064434
0.043098 -0.608247 0.066813
0.046349 -0.604814 0.070554
0.039840 -0.584046 0.064434
0.043779 -0.585726 0.068677
0.038290 -0.586039 0.073016
0.034432 -0.584345 0.068801
0.037690 -0.608546 0.071180
0.040860 -0.605127 0.074893
0.006932 -0.612366 0.074450
0.003870 -0.609721 0.078825
0.034432 -0.584345 0.068801
0.037690 -0.608546 0.071180
0.003674 -0.588165 0.072071
0.001299 -0.590632 0.076949
0.006932 -0.612366 0.074450
0.003674 -0.588165 0.072071
0.003870 -0.609721 0.078825
0.001299 -0.590632 0.076949
-0.002309 -0.610857 0.075726
-0.004879 -0.591769 0.073850
0.046349 -0.604814 0.070554
0.043779 -0.585726 0.068677
0.040860 -0.605127 0.074893
0.038290 -0.586039 0.073016
-0.009338 -0.612976 0.063796
-0.011908 -0.593888 0.061920
-0.025238 -0.614951 0.065486
-0.027808 -0.595862 0.063610
-0.027881 -0.618404 0.060704
-0.025238 -0.614951 0.065486
-0.031139 -0.594203 0.058325
-0.027808 -0.595862 0.063610
0.051055 -0.605476 0.057376
0.048485 -0.586388 0.055499
0.066955 -0.603501 0.055685
0.064385 -0.584413 0.053809
0.069305 -0.606335 0.050373
0.066047 -0.582133 0.047994
0.066955 -0.603501 0.055685
0.064385 -0.584413 0.053809
0.034432 -0.584345 0.068801
0.037690 -0.608546 0.071180
0.029002 -0.438659 0.044803
0.044902 -0.436685 0.043112
0.024969 -0.436936 0.039932
0.046553 -0.434277 0.037346
0.047430 -0.455817 0.044546
0.031530 -0.457792 0.046236
0.049759 -0.458534 0.039163
0.028175 -0.461193 0.041749
-0.021881 -0.441750 0.058306
-0.018675 -0.466007 0.060124
-0.028994 -0.443637 0.045668
-0.025788 -0.467894 0.047486
-0.021795 -0.463462 0.064612
-0.028863 -0.465292 0.052656
-0.018675 -0.466007 0.060124
-0.025788 -0.467894 0.047486
-0.024323 -0.444330 0.063178
-0.021881 -0.441750 0.058306
-0.031392 -0.446159 0.051223
-0.028994 -0.443637 0.045668
-0.047291 -0.448134 0.052913
-0.050633 -0.446347 0.047677
-0.044763 -0.467266 0.054347
-0.047427 -0.470603 0.049495
0.028175 -0.461193 0.041749
0.023593 -0.460758 0.055631
0.024969 -0.436936 0.039932
0.020387 -0.436501 0.053813
0.023593 -0.460758 0.055631
0.026863 -0.457419 0.059439
0.020387 -0.436501 0.053813
0.024335 -0.438287 0.058006
0.018856 -0.438685 0.062352
0.014991 -0.436887 0.058188
0.018197 -0.461143 0.060005
0.021385 -0.457817 0.063786
-0.012561 -0.464963 0.063275
-0.015605 -0.462411 0.067718
0.014991 -0.436887 0.058188
0.018197 -0.461143 0.060005
-0.015767 -0.440706 0.061457
-0.018134 -0.443279 0.066285
-0.012561 -0.464963 0.063275
-0.015767 -0.440706 0.061457
-0.015605 -0.462411 0.067718
-0.018134 -0.443279 0.066285
-0.021795 -0.463462 0.064612
-0.024323 -0.444330 0.063178
0.026863 -0.457419 0.059439
0.024335 -0.438287 0.058006
0.021385 -0.457817 0.063786
0.018856 -0.438685 0.062352
-0.028863 -0.465292 0.052656
-0.031392 -0.446159 0.051223
-0.044763 -0.467266 0.054347
-0.047291 -0.448134 0.052913
-0.047427 -0.470603 0.049495
-0.044763 -0.467266 0.054347
-0.050633 -0.446347 0.047677
-0.047291 -0.448134 0.052913
0.031530 -0.457792 0.046236
0.029002 -0.438659 0.044803
0.047430 -0.455817 0.044546
0.044902 -0.436685 0.043112
0.049759 -0.458534 0.039163
0.046553 -0.434277 0.037346
0.047430 -0.455817 0.044546
0.044902 -0.436685 0.043112
0.010719 -0.289281 0.047320
0.026618 -0.287306 0.045630
0.006653 -0.287116 0.042657
0.028234 -0.284433 0.040070
0.028980 -0.306512 0.045410
0.013080 -0.308487 0.047100
0.031228 -0.308783 0.039791
0.009647 -0.311466 0.042378
-0.040052 -0.293070 0.061068
-0.037057 -0.317421 0.060789
-0.047310 -0.293818 0.048393
-0.044316 -0.318168 0.048114
-0.040107 -0.315238 0.065510
-0.047313 -0.315987 0.053520
-0.037057 -0.317421 0.060789
-0.044316 -0.318168 0.048114
-0.042469 -0.296032 0.065730
-0.040052 -0.293070 0.061068
-0.049675 -0.296781 0.053740
-0.065575 -0.298756 0.055431
-0.068952 -0.296502 0.050402
-0.063213 -0.317962 0.055211
-0.065958 -0.320852 0.050123
0.009647 -0.311466 0.042378
0.005211 -0.312171 0.056295
0.002216 -0.287821 0.056574
0.005211 -0.312171 0.056295
0.008551 -0.309196 0.060337
0.002216 -0.287821 0.056574
0.006189 -0.289990 0.060557
0.000752 -0.290708 0.064914
-0.000144 -0.312880 0.060680
0.003114 -0.309914 0.064694
-0.030902 -0.316700 0.063950
-0.033877 -0.314508 0.068626
-0.003138 -0.288530 0.060959
-0.000144 -0.312880 0.060680
-0.033897 -0.292350 0.064229
-0.036238 -0.295302 0.068846
-0.030902 -0.316700 0.063950
-0.033897 -0.292350 0.064229
-0.033877 -0.314508 0.068626
-0.036238 -0.295302 0.068846
-0.040107 -0.315238 0.065510
-0.042469 -0.296032 0.065730
0.008551 -0.309196 0.060337
0.006189 -0.289990 0.060557
0.003114 -0.309914 0.064694
0.000752 -0.290708 0.064914
-0.047313 -0.315987 0.053520
-0.049675 -0.296781 0.053740
-0.063213 -0.317962 0.055211
-0.065575 -0.298756 0.055431
-0.065958 -0.320852 0.050123
-0.063213 -0.317962 0.055211
-0.068952 -0.296502 0.050402
-0.065575 -0.298756 0.055431
0.013080 -0.308487 0.047100
0.010719 -0.289281 0.047320
0.028980 -0.306512 0.045410
0.026618 -0.287306 0.045630
0.031228 -0.308783 0.039791
0.028234 -0.284433 0.040070
0.028980 -0.306512 0.045410
0.026618 -0.287306 0.045630
0.056006 0.701201 0.019138
0.021380 0.689867 0.019544
0.060653 0.685236 0.037912
0.028523 0.676069 0.038330
0.021077 0.690087 0.002681
0.055690 0.701486 0.002254
0.060427 0.636829 0.050105
0.046642 0.633309 0.050292
0.062420 0.631013 0.054120
0.050282 0.627368 0.054276
0.059748 0.641101 0.037678
0.044589 0.637129 0.038000
-0.014769 0.518283 0.000508
0.135418 0.644422 -0.000091
0.075468 0.494400 -0.001481
0.021077 0.690087 0.002681
0.031589 0.524905 0.052984
0.073245 0.618197 0.053719
0.011520 0.530129 0.053177
0.118188 0.676525 0.000739
0.055690 0.701486 0.002254
0.066960 0.629199 0.054010
0.072240 0.632111 0.049819
0.075154 0.634948 0.037304
0.118469 0.676254 0.017624
0.104897 0.667566 0.036839
0.118188 0.676525 0.000739
0.135751 0.644190 0.016772
0.121864 0.638791 0.036068
0.135418 0.644422 -0.000091
0.079805 0.620065 0.049488
0.083407 0.621626 0.037059
-0.041919 0.531462 0.018076
-0.031234 0.533858 0.032635
0.005484 0.530304 0.049281
0.010470 0.530190 0.052586
0.000661 0.527199 0.036981
0.004637 0.529772 0.047159
-0.042560 0.530107 0.013773
-0.044439 0.526136 0.001161
0.135751 0.644190 0.016772
0.069868 0.508672 0.034861
0.076160 0.501760 0.019864
0.121864 0.638791 0.036068
0.039259 0.521625 0.049276
0.035325 0.523860 0.052743
0.040120 0.521195 0.048683
0.078019 0.499717 0.015433
0.135418 0.644422 -0.000091
0.076072 0.495658 0.002522
0.104897 0.667566 0.036839
0.075154 0.634948 0.037304
0.121864 0.638791 0.036068
0.083407 0.621626 0.037059
-0.028016 0.534580 0.037019
0.044589 0.637129 0.038000
0.028523 0.676069 0.038330
-0.004706 0.528580 0.036988
0.060653 0.685236 0.037912
0.059748 0.641101 0.037678
0.063847 0.510310 0.035120
0.041369 0.516425 0.036084
-0.044439 0.526136 0.001161
0.031589 0.524905 0.052984
-0.045921 0.237472 0.049194
0.035325 0.523860 0.052743
-0.060350 0.241757 0.050136
-0.104707 0.258181 0.033859
-0.031234 0.533858 0.032635
-0.112193 0.259654 0.021605
-0.028016 0.534580 0.037019
0.010470 0.530190 0.052586
-0.067684 0.247266 0.049414
0.011520 0.530129 0.053177
-0.071442 0.247772 0.047190
0.004637 0.529772 0.047159
-0.073588 0.248060 0.045920
0.005484 0.530304 0.049281
-0.077161 0.243120 0.038171
-0.116252 0.260453 0.014962
-0.042560 0.530107 0.013773
-0.117079 0.258306 0.003844
-0.041919 0.531462 0.018076
-0.006381 0.195600 0.011956
0.078019 0.499717 0.015433
-0.012408 0.202320 0.025494
0.076160 0.501760 0.019864
0.039259 0.521625 0.049276
-0.044331 0.235906 0.047982
0.040120 0.521195 0.048683
-0.041360 0.232982 0.045718
-0.041183 0.220826 0.032714
0.041369 0.516425 0.036084
-0.042355 0.223450 0.040920
0.041174 0.517255 0.038293
-0.007668 0.192354 -0.004946
0.075468 0.494400 -0.001481
-0.006761 0.194642 0.006971
0.076072 0.495658 0.002522
-0.004706 0.528580 0.036988
-0.095136 0.252583 0.033813
0.000661 0.527199 0.036981
-0.078474 0.242837 0.033734
0.063847 0.510310 0.035120
-0.032817 0.215843 0.032295
0.069868 0.508672 0.034861
-0.015039 0.205254 0.031405
-0.041183 0.220826 0.032714
-0.042355 0.223450 0.040920
-0.078474 0.242837 0.033734
-0.077161 0.243120 0.038171
-0.073588 0.248060 0.045920
-0.071442 0.247772 0.047190
-0.067684 0.247266 0.049414
-0.060350 0.241757 0.050136
-0.044331 0.235906 0.047982
-0.045921 0.237472 0.049194
-0.045322 0.199857 0.005824
-0.045300 0.201480 0.012742
-0.045264 0.204169 0.024203
-0.089920 0.243473 -0.002892
-0.045354 0.197507 -0.004194
-0.078474 0.242837 0.033734
-0.041183 0.220826 0.032714
-0.007668 0.192354 -0.004946
-0.006761 0.194642 0.006971
-0.006381 0.195600 0.011956
-0.012408 0.202320 0.025494
-0.015039 0.205254 0.031405
-0.032817 0.215843 0.032295
-0.095136 0.252583 0.033813
-0.104707 0.258181 0.033859
-0.112193 0.259654 0.021605
-0.116252 0.260453 0.014962
-0.117079 0.258306 0.003844
-0.117509 0.257190 -0.001941
-0.014769 0.518283 0.000508
-0.089920 0.243473 -0.002892
-0.045354 0.197507 -0.004194
-0.045354 0.197507 -0.004194
-0.007668 0.192354 -0.004946
-0.067684 0.247266 0.049414
-0.060350 0.241757 0.050136
-0.112193 0.259654 0.021605
-0.116252 0.260453 0.014962
-0.071442 0.247772 0.047190
-0.073588 0.248060 0.045920
-0.077161 0.243120 0.038171
-0.078474 0.242837 0.033734
-0.117509 0.257190 -0.001941
-0.015039 0.205254 0.031405
-0.012408 0.202320 0.025494
-0.045921 0.237472 0.049194
-0.044331 0.235906 0.047982
-0.041360 0.232982 0.045718
-0.042355 0.223450 0.040920
-0.006381 0.195600 0.011956
-0.006761 0.194642 0.006971
-0.104707 0.258181 0.033859
-0.041183 0.220826 0.032714
-0.117509 0.257190 -0.001941
0.073245 0.618197 0.053719
0.028523 0.676069 0.038330
0.050282 0.627368 0.054276
0.046642 0.633309 0.050292
0.021380 0.689867 0.019544
0.079805 0.620065 0.049488
0.083407 0.621626 0.037059
0.121864 0.638791 0.036068
0.032769 0.452167 0.039760
0.048298 0.447889 0.039415
0.030229 0.455613 0.034797
0.051330 0.449803 0.034038
0.043153 0.429234 0.039202
0.027625 0.433513 0.039547
0.044808 0.426152 0.033767
0.023706 0.431963 0.034526
-0.016527 0.468342 0.049208
-0.023049 0.444692 0.048937
-0.022474 0.470134 0.035968
-0.028997 0.446484 0.035697
-0.025403 0.447978 0.053410
-0.031358 0.449764 0.040857
-0.023049 0.444692 0.048937
-0.028997 0.446484 0.035697
-0.020259 0.466632 0.053624
-0.016527 0.468342 0.049208
-0.026214 0.468419 0.041071
-0.022474 0.470134 0.035968
-0.041742 0.472697 0.041416
-0.043586 0.475954 0.036147
-0.046887 0.454043 0.041202
-0.050109 0.452304 0.035875
0.023706 0.431963 0.034526
0.018232 0.433318 0.048020
0.030229 0.455613 0.034797
0.024755 0.456968 0.048291
0.018232 0.433318 0.048020
0.022119 0.434885 0.052354
0.024755 0.456968 0.048291
0.027263 0.453539 0.052568
0.021632 0.455047 0.056451
0.019201 0.458455 0.052209
0.012679 0.434804 0.051938
0.016488 0.436393 0.056237
-0.017361 0.443081 0.052605
-0.019639 0.446347 0.057040
0.019201 0.458455 0.052209
0.012679 0.434804 0.051938
-0.010839 0.466732 0.052876
-0.014494 0.465001 0.057254
-0.017361 0.443081 0.052605
-0.010839 0.466732 0.052876
-0.019639 0.446347 0.057040
-0.014494 0.465001 0.057254
-0.025403 0.447978 0.053410
-0.020259 0.466632 0.053624
0.022119 0.434885 0.052354
0.027263 0.453539 0.052568
0.016488 0.436393 0.056237
0.021632 0.455047 0.056451
-0.031358 0.449764 0.040857
-0.026214 0.468419 0.041071
-0.046887 0.454043 0.041202
-0.041742 0.472697 0.041416
-0.050109 0.452304 0.035875
-0.046887 0.454043 0.041202
-0.043586 0.475954 0.036147
-0.041742 0.472697 0.041416
0.027625 0.433513 0.039547
0.032769 0.452167 0.039760
0.043153 0.429234 0.039202
0.048298 0.447889 0.039415
0.044808 0.426152 0.033767
0.051330 0.449803 0.034038
0.043153 0.429234 0.039202
0.048298 0.447889 0.039415
0.082179 0.592161 0.041174
0.097137 0.586187 0.040811
0.080026 0.595858 0.036208
0.100352 0.587743 0.035424
0.089956 0.568218 0.040644
0.074998 0.574191 0.041007
0.091248 0.564960 0.035213
0.070922 0.573076 0.035997
0.034997 0.613718 0.050672
0.025893 0.590935 0.050461
0.020156 0.593351 0.037227
0.023927 0.594471 0.054931
0.018182 0.596883 0.042384
0.025893 0.590935 0.050461
0.020156 0.593351 0.037227
0.031108 0.612440 0.055098
0.034997 0.613718 0.050672
0.025363 0.614852 0.042551
0.029260 0.616133 0.037439
0.010405 0.620826 0.042914
0.008923 0.624258 0.037641
-0.000181 0.601475 0.037430
0.070922 0.573076 0.035997
0.065658 0.575054 0.049497
0.080026 0.595858 0.036208
0.074762 0.597837 0.049708
0.065658 0.575054 0.049497
0.069702 0.576189 0.053821
0.074762 0.597837 0.049708
0.071461 0.596289 0.057878
0.069415 0.599937 0.053632
0.060311 0.577154 0.053421
0.064281 0.578319 0.057711
0.031375 0.588711 0.054123
0.029482 0.592217 0.058555
0.069415 0.599937 0.053632
0.060311 0.577154 0.053421
0.040479 0.611493 0.054334
0.036662 0.610187 0.058721
0.031375 0.588711 0.054123
0.040479 0.611493 0.054334
0.029482 0.592217 0.058555
0.036662 0.610187 0.058721
0.023927 0.594471 0.054931
0.031108 0.612440 0.055098
0.069702 0.576189 0.053821
0.076883 0.594158 0.053988
0.064281 0.578319 0.057711
0.071461 0.596289 0.057878
0.018182 0.596883 0.042384
0.025363 0.614852 0.042551
0.003224 0.602857 0.042747
0.010405 0.620826 0.042914
-0.000181 0.601475 0.037430
0.003224 0.602857 0.042747
0.008923 0.624258 0.037641
0.010405 0.620826 0.042914
0.074998 0.574191 0.041007
0.082179 0.592161 0.041174
0.089956 0.568218 0.040644
0.097137 0.586187 0.040811
0.091248 0.564960 0.035213
0.100352 0.587743 0.035424
0.089956 0.568218 0.040644
0.097137 0.586187 0.040811
-0.007107 0.307574 0.038103
0.008422 0.303296 0.037758
-0.009647 0.311020 0.033140
0.011455 0.305209 0.032380
0.003277 0.284641 0.037544
-0.012251 0.288920 0.037889
0.004932 0.281559 0.032109
-0.016170 0.287369 0.032869
-0.056402 0.323749 0.047551
-0.062925 0.300098 0.047280
-0.062350 0.325541 0.034311
-0.068873 0.301890 0.034040
-0.065279 0.303385 0.051753
-0.071234 0.305171 0.039200
-0.062925 0.300098 0.047280
-0.068873 0.301890 0.034040
-0.060134 0.322039 0.051967
-0.056402 0.323749 0.047551
-0.066090 0.323825 0.039413
-0.062350 0.325541 0.034311
-0.081618 0.328104 0.039758
-0.083462 0.331361 0.034489
-0.086763 0.309450 0.039545
-0.089984 0.307711 0.034218
-0.016170 0.287369 0.032869
-0.021644 0.288724 0.046363
-0.009647 0.311020 0.033140
-0.015121 0.312375 0.046634
-0.021644 0.288724 0.046363
-0.017757 0.290292 0.050697
-0.015121 0.312375 0.046634
-0.012613 0.308946 0.050911
-0.018244 0.310454 0.054794
-0.020675 0.313862 0.050552
-0.027197 0.290211 0.050281
-0.023388 0.291800 0.054580
-0.057237 0.298488 0.050948
-0.059515 0.301754 0.055383
-0.020675 0.313862 0.050552
-0.027197 0.290211 0.050281
-0.050715 0.322139 0.051219
-0.054370 0.320408 0.055597
-0.057237 0.298488 0.050948
-0.050715 0.322139 0.051219
-0.059515 0.301754 0.055383
-0.054370 0.320408 0.055597
-0.065279 0.303385 0.051753
-0.060134 0.322039 0.051967
-0.017757 0.290292 0.050697
-0.012613 0.308946 0.050911
-0.023388 0.291800 0.054580
-0.018244 0.310454 0.054794
-0.071234 0.305171 0.039200
-0.066090 0.323825 0.039413
-0.086763 0.309450 0.039545
-0.081618 0.328104 0.039758
-0.089984 0.307711 0.034218
-0.086763 0.309450 0.039545
-0.083462 0.331361 0.034489
-0.081618 0.328104 0.039758
-0.012251 0.288920 0.037889
-0.007107 0.307574 0.038103
0.003277 0.284641 0.037544
0.008422 0.303296 0.037758
0.004932 0.281559 0.032109
0.011455 0.305209 0.032380
0.003277 0.284641 0.037544
0.008422 0.303296 0.037758
0.033658 -0.700002 0.000000
0.050268 -0.666631 0.036000
-0.050267 -0.666631 0.036000
-0.061577 -0.676578 0.000000
-0.033657 0.700002 0.000000
-0.061577 0.676578 0.000000
-0.050267 0.666631 0.036000
-0.061577 0.676578 0.000000
0.061577 0.676578 0.000000
0.061577 -0.676578 0.000000
-0.061577 -0.676578 0.000000
-0.033657 0.700002 0.000000
0.061577 0.676578 0.000000
0.033658 -0.700002 0.000000
0.061577 -0.676578 0.000000
0.050268 0.666631 0.036000
-0.050267 -0.666631 0.036000
-0.061577 -0.676578 0.000000
0.050268 -0.666631 0.036000
-0.050267 0.666631 0.036000
-0.050267 -0.666631 0.036000
0.050268 0.666631 0.036000
0.061577 0.676578 0.000000
0.050268 0.666631 0.036000
0.027340 -0.613293 0.036101
-0.027340 -0.588758 0.036101
0.049238 -0.588758 0.035810
0.049238 -0.613293 0.035810
0.018741 -0.610701 0.057606
0.027340 -0.613293 0.036101
0.049238 -0.613293 0.035810
0.049238 -0.588758 0.035810
0.018741 -0.610701 0.057606
-0.027340 -0.588758 0.036101
-0.027340 -0.588758 0.036101
0.027340 -0.013293 0.036101
-0.015583 -0.013293 0.053266
0.049238 0.011242 0.035810
-0.015583 0.011242 0.053266
0.027340 -0.013293 0.036101
0.049238 -0.013293 0.035810
-0.015583 -0.013293 0.053266
-0.015583 -0.013293 0.053266
-0.049238 0.011242 0.035810
-0.049238 -0.013293 0.035810
0.049238 0.011242 0.035810
-0.015583 0.011242 0.053266
0.049238 -0.013293 0.035810
0.027340 0.436707 0.036101
-0.015583 0.436707 0.053266
0.049238 0.461242 0.035810
-0.015583 0.461242 0.053266
0.027340 0.436707 0.036101
0.049238 0.436707 0.035810
-0.015583 0.436707 0.053266
-0.015583 0.436707 0.053266
-0.049238 0.461242 0.035810
-0.049238 0.436707 0.035810
0.049238 0.461242 0.035810
-0.015583 0.461242 0.053266
0.049238 0.436707 0.035810
0.027340 0.586707 0.036101
-0.015583 0.586707 0.053266
0.049238 0.611242 0.035810
-0.015583 0.611242 0.053266
0.027340 0.586707 0.036101
0.049238 0.586707 0.035810
-0.015583 0.586707 0.053266
-0.015583 0.586707 0.053266
-0.049238 0.611242 0.035810
-0.049238 0.586707 0.035810
0.049238 0.611242 0.035810
-0.015583 0.611242 0.053266
0.049238 0.586707 0.035810
0.027340 0.136707 0.036101
-0.015583 0.136707 0.053266
0.049238 0.161242 0.035810
-0.015583 0.161242 0.053266
0.027340 0.136707 0.036101
0.049238 0.136707 0.035810
-0.015583 0.136707 0.053266
-0.015583 0.136707 0.053266
-0.049238 0.161242 0.035810
-0.049238 0.136707 0.035810
0.049238 0.161242 0.035810
-0.015583 0.161242 0.053266
0.049238 0.136707 0.035810
0.027340 -0.463293 0.036101
-0.015583 -0.463293 0.053266
0.049238 -0.438758 0.035810
-0.015583 -0.438758 0.053266
0.027340 -0.463293 0.036101
0.049238 -0.463293 0.035810
-0.015583 -0.463293 0.053266
-0.015583 -0.463293 0.053266
-0.049238 -0.438758 0.035810
-0.049238 -0.463293 0.035810
0.049238 -0.438758 0.035810
-0.015583 -0.438758 0.053266
0.049238 -0.463293 0.035810
0.027340 0.286707 0.036101
-0.015583 0.286707 0.053266
0.049238 0.311242 0.035810
-0.015583 0.311242 0.053266
0.027340 0.286707 0.036101
0.049238 0.286707 0.035810
-0.015583 0.286707 0.053266
-0.015583 0.286707 0.053266
-0.049238 0.311242 0.035810
-0.049238 0.286707 0.035810
0.049238 0.311242 0.035810
-0.015583 0.311242 0.053266
0.049238 0.286707 0.035810
0.027340 -0.313293 0.036101
-0.015583 -0.313293 0.053266
0.049238 -0.288758 0.035810
-0.015583 -0.288758 0.053266
0.027340 -0.313293 0.036101
0.049238 -0.313293 0.035810
-0.015583 -0.313293 0.053266
-0.015583 -0.313293 0.053266
-0.049238 -0.288758 0.035810
-0.049238 -0.313293 0.035810
0.049238 -0.288758 0.035810
-0.015583 -0.288758 0.053266
0.049238 -0.313293 0.035810
0.027340 -0.163293 0.036101
-0.015583 -0.163293 0.053266
0.049238 -0.138758 0.035810
-0.015583 -0.138758 0.053266
0.027340 -0.163293 0.036101
0.049238 -0.163293 0.035810
-0.015583 -0.163293 0.053266
-0.015583 -0.163293 0.053266
-0.049238 -0.138758 0.035810
-0.049238 -0.163293 0.035810
0.049238 -0.138758 0.035810
-0.015583 -0.138758 0.053266
0.049238 -0.163293 0.035810
-0.033657 -0.700002 0.000000
-0.023827 -0.687061 0.036000
-0.061577 -0.676578 0.000000
-0.050267 -0.666631 0.036000
-0.033657 0.700002 0.000000
-0.061577 0.676578 0.000000
-0.050267 0.666631 0.036000
-0.061577 0.676578 0.000000
0.061577 0.676578 0.000000
0.061577 -0.676578 0.000000
-0.061577 -0.676578 0.000000
-0.033657 0.700002 0.000000
0.033658 0.700002 0.000000
0.023827 0.687061 0.036000
-0.033657 -0.700002 0.000000
0.033658 -0.700002 0.000000
0.033658 -0.700002 0.000000
0.061577 -0.676578 0.000000
0.050268 -0.666631 0.036000
0.061577 0.676578 0.000000
0.050268 0.666631 0.036000
-0.050267 -0.666631 0.036000
0.020905 -0.636431 0.036590
0.020905 0.636431 0.036590
-0.020905 -0.636431 0.036590
-0.020905 0.636431 0.036590
-0.061577 -0.676578 0.000000
0.061577 0.676578 0.000000
0.050268 0.666631 0.036000
0.023827 0.687061 0.036000
0.020905 0.636431 0.036590
0.050268 0.666631 0.036000
-0.050267 -0.666631 0.036000
-0.020905 -0.636431 0.036590
-0.020905 0.636431 0.036590
-0.050267 0.666631 0.036000
-0.023827 -0.687061 0.036000
0.050268 -0.666631 0.036000
0.020905 -0.636431 0.036590
0.050268 0.666631 0.036000
0.020905 0.636431 0.036590
0.015583 -0.588758 0.053266
-0.015583 -0.613293 0.053266
-0.027340 -0.588758 0.036101
-0.027340 -0.613293 0.036101
-0.049238 -0.613293 0.035810
-0.027340 -0.613293 0.036101
-0.015583 -0.613293 0.053266
-0.018741 -0.591350 0.057605
0.015583 -0.588758 0.053266
-0.027340 -0.588758 0.036101
0.027340 -0.613293 0.036101
0.015583 -0.613293 0.053266
0.027340 -0.588758 0.036101
0.015583 -0.588758 0.053266
0.027340 -0.613293 0.036101
0.049238 -0.613293 0.035810
0.015583 -0.613293 0.053266
0.027340 -0.588758 0.036101
0.049238 -0.613293 0.035810
0.018741 -0.591350 0.057605
0.015583 -0.613293 0.053266
0.027340 -0.588758 0.036101
-0.015583 -0.613293 0.053266
-0.018741 -0.591350 0.057605
-0.049238 -0.613293 0.035810
-0.027340 -0.588758 0.036101
0.015583 -0.613293 0.053266
0.018741 0.008651 0.057606
0.046708 0.008651 0.041164
0.027340 0.011242 0.036101
-0.015583 -0.013293 0.053266
-0.027340 -0.013293 0.036101
-0.015583 0.011242 0.053266
-0.018741 -0.010701 0.057606
-0.027340 -0.013293 0.036101
-0.015583 -0.013293 0.053266
0.027340 -0.013293 0.036101
0.015583 -0.013293 0.053266
0.027340 0.011242 0.036101
0.015583 0.011242 0.053266
0.027340 -0.013293 0.036101
0.018741 0.008651 0.057606
0.015583 -0.013293 0.053266
0.049238 -0.013293 0.035810
0.046708 0.008651 0.041164
-0.018741 -0.010701 0.057606
-0.015583 0.011242 0.053266
0.015583 -0.013293 0.053266
-0.015583 0.011242 0.053266
-0.015583 0.436707 0.053266
-0.015583 0.461242 0.053266
-0.018741 0.439299 0.057606
-0.027340 0.436707 0.036101
-0.015583 0.436707 0.053266
0.027340 0.436707 0.036101
0.015583 0.436707 0.053266
0.027340 0.461242 0.036101
0.015583 0.461242 0.053266
0.027340 0.461242 0.036101
0.015583 0.461242 0.053266
0.046708 0.458650 0.041164
0.027340 0.436707 0.036101
0.046708 0.458650 0.041164
0.015583 0.436707 0.053266
0.049238 0.436707 0.035810
0.046708 0.458650 0.041164
0.027340 0.436707 0.036101
-0.018741 0.439299 0.057606
-0.015583 0.461242 0.053266
0.015583 0.436707 0.053266
-0.015583 0.461242 0.053266
-0.015583 0.586707 0.053266
-0.027340 0.586707 0.036101
-0.015583 0.611242 0.053266
-0.018741 0.589299 0.057606
-0.027340 0.586707 0.036101
-0.015583 0.586707 0.053266
0.015583 0.586707 0.053266
0.015583 0.611242 0.053266
0.027340 0.611242 0.036101
0.027340 0.611242 0.036101
0.015583 0.611242 0.053266
0.046708 0.608651 0.041164
0.049238 0.586707 0.035810
0.046708 0.608651 0.041164
0.015583 0.586707 0.053266
-0.018741 0.589299 0.057606
0.015583 0.586707 0.053266
-0.015583 0.611242 0.053266
0.046708 0.608651 0.041164
0.015583 0.586707 0.053266
-0.015583 0.611242 0.053266
-0.015583 0.136707 0.053266
-0.027340 0.136707 0.036101
-0.015583 0.161242 0.053266
-0.018741 0.139299 0.057605
-0.027340 0.136707 0.036101
-0.015583 0.136707 0.053266
0.015583 0.136707 0.053266
0.015583 0.161242 0.053266
0.027340 0.161242 0.036101
0.027340 0.161242 0.036101
0.015583 0.161242 0.053266
0.046708 0.158651 0.041164
0.049238 0.136707 0.035810
0.046708 0.158651 0.041164
0.015583 0.136707 0.053266
-0.018741 0.139299 0.057605
0.015583 0.136707 0.053266
-0.015583 0.161242 0.053266
0.046708 0.158651 0.041164
0.015583 0.136707 0.053266
-0.015583 0.161242 0.053266
0.018741 -0.441349 0.057606
0.046708 -0.441349 0.041164
0.027340 -0.438758 0.036101
-0.015583 -0.463293 0.053266
-0.027340 -0.463293 0.036101
-0.015583 -0.438758 0.053266
-0.018741 -0.460701 0.057606
-0.027340 -0.463293 0.036101
-0.015583 -0.463293 0.053266
0.027340 -0.463293 0.036101
0.015583 -0.463293 0.053266
0.027340 -0.438758 0.036101
0.015583 -0.438758 0.053266
0.015583 -0.438758 0.053266
0.027340 -0.463293 0.036101
0.018741 -0.441349 0.057606
0.015583 -0.463293 0.053266
0.049238 -0.463293 0.035810
0.046708 -0.441349 0.041164
-0.018741 -0.460701 0.057606
-0.015583 -0.438758 0.053266
0.015583 -0.463293 0.053266
-0.015583 -0.438758 0.053266
-0.015583 0.286707 0.053266
-0.027340 0.286707 0.036101
-0.015583 0.311242 0.053266
-0.018741 0.289299 0.057606
-0.027340 0.286707 0.036101
-0.015583 0.286707 0.053266
0.015583 0.286707 0.053266
0.015583 0.311242 0.053266
0.027340 0.311242 0.036101
0.027340 0.311242 0.036101
0.015583 0.311242 0.053266
0.046708 0.308650 0.041164
0.049238 0.286707 0.035810
0.046708 0.308650 0.041164
0.015583 0.286707 0.053266
-0.018741 0.289299 0.057606
0.015583 0.286707 0.053266
-0.015583 0.311242 0.053266
0.046708 0.308650 0.041164
0.015583 0.286707 0.053266
-0.015583 0.311242 0.053266
0.018741 -0.291349 0.057606
0.046708 -0.291349 0.041164
0.027340 -0.288758 0.036101
-0.015583 -0.313293 0.053266
-0.027340 -0.313293 0.036101
-0.015583 -0.288758 0.053266
-0.018741 -0.310701 0.057606
-0.027340 -0.313293 0.036101
-0.015583 -0.313293 0.053266
0.027340 -0.313293 0.036101
0.015583 -0.313293 0.053266
0.027340 -0.288758 0.036101
0.015583 -0.288758 0.053266
0.015583 -0.288758 0.053266
0.027340 -0.313293 0.036101
0.018741 -0.291349 0.057606
0.015583 -0.313293 0.053266
0.049238 -0.313293 0.035810
0.046708 -0.291349 0.041164
-0.018741 -0.310701 0.057606
-0.015583 -0.288758 0.053266
0.015583 -0.313293 0.053266
-0.015583 -0.288758 0.053266
0.018741 -0.141349 0.057606
0.046708 -0.141349 0.041164
0.027340 -0.138758 0.036101
-0.015583 -0.163293 0.053266
-0.027340 -0.163293 0.036101
-0.015583 -0.138758 0.053266
-0.018741 -0.160701 0.057606
-0.027340 -0.163293 0.036101
-0.015583 -0.163293 0.053266
0.027340 -0.163293 0.036101
0.015583 -0.163293 0.053266
0.027340 -0.138758 0.036101
0.015583 -0.138758 0.053266
0.015583 -0.138758 0.053266
0.027340 -0.163293 0.036101
0.018741 -0.141349 0.057606
0.015583 -0.163293 0.053266
0.049238 -0.163293 0.035810
0.046708 -0.141349 0.041164
-0.018741 -0.160701 0.057606
-0.015583 -0.138758 0.053266
0.015583 -0.163293 0.053266
-0.015583 -0.138758 0.053266
-0.033638 -0.700000 0.016889
-0.023827 -0.687061 0.036000
-0.061593 -0.676631 0.016867
-0.050267 -0.666631 0.036000
-0.061577 -0.676578 0.000000
-0.033657 -0.700002 0.000000
-0.006361 -0.642133 0.048978
0.012366 -0.629620 0.053122
-0.017859 -0.633752 0.048978
-0.008297 -0.645742 0.036472
-0.020905 -0.636431 0.036590
-0.033638 0.700000 0.016889
-0.061593 0.676631 0.016867
-0.023827 0.687061 0.036000
-0.050267 0.666631 0.036000
-0.061577 0.676578 0.000000
-0.033657 0.700002 0.000000
-0.017859 0.633752 0.048978
0.012366 0.629620 0.053122
0.006362 0.642133 0.048978
-0.008297 0.645742 0.036472
-0.020905 0.636431 0.036590
-0.061577 0.676578 0.000000
0.061577 0.676578 0.000000
0.061577 -0.676578 0.000000
-0.061577 -0.676578 0.000000
0.033658 0.700002 0.000000
-0.033657 0.700002 0.000000
0.008297 0.645742 0.036472
0.033639 0.700000 0.016889
0.023827 0.687061 0.036000
-0.033657 -0.700002 0.000000
0.033658 -0.700002 0.000000
0.033639 -0.700000 0.016889
0.061593 -0.676631 0.016867
0.023827 -0.687061 0.036000
0.050268 -0.666631 0.036000
0.061577 -0.676578 0.000000
0.033658 -0.700002 0.000000
0.008297 -0.645742 0.036472
0.020905 -0.636431 0.036590
0.061593 0.676631 0.016867
0.050268 0.666631 0.036000
0.061577 0.676578 0.000000
0.017859 0.633752 0.048978
0.020905 0.636431 0.036590
-0.050267 -0.666631 0.036000
-0.061593 -0.676631 0.016867
-0.061593 0.000000 0.016867
-0.017859 0.000000 0.048978
-0.061577 -0.676578 0.000000
0.061593 0.000000 0.016867
0.050268 0.000000 0.036000
0.061593 0.676631 0.016867
0.050268 0.666631 0.036000
0.017859 0.000000 0.048978
0.023827 0.687061 0.036000
0.008297 0.645742 0.036472
0.050268 0.666631 0.036000
0.020905 0.636431 0.036590
-0.050267 0.000000 0.036000
-0.050267 -0.666631 0.036000
-0.020905 0.636431 0.036590
-0.020905 -0.636431 0.036590
0.023827 -0.687061 0.036000
0.050268 -0.666631 0.036000
0.008297 -0.645742 0.036472
0.020905 -0.636431 0.036590
-0.050267 0.666631 0.036000
-0.023827 0.687061 0.036000
-0.008297 0.645742 0.036472
-0.023827 -0.687061 0.036000
-0.008297 -0.645742 0.036472
0.050268 0.000000 0.036000
0.030598 -0.591350 0.041164
0.046708 -0.591350 0.041164
0.027340 -0.588758 0.036101
0.030598 -0.610701 0.041164
0.027340 -0.613293 0.036101
0.049238 -0.613293 0.035810
-0.015583 -0.588758 0.053266
-0.015583 -0.613293 0.053266
-0.027340 -0.588758 0.036101
-0.027340 -0.613293 0.036101
-0.030598 -0.610701 0.041164
-0.027340 -0.613293 0.036101
-0.015583 -0.613293 0.053266
-0.018741 -0.591350 0.057605
-0.015583 -0.588758 0.053266
-0.030598 -0.591350 0.041164
-0.027340 -0.588758 0.036101
-0.046709 -0.591350 0.041164
-0.049238 -0.613293 0.035810
0.027340 -0.613293 0.036101
0.015583 -0.613293 0.053266
0.027340 -0.588758 0.036101
0.015583 -0.588758 0.053266
0.015583 -0.613293 0.053266
0.015583 -0.588758 0.053266
0.018741 -0.591350 0.057605
0.030598 -0.610701 0.041164
0.018741 -0.591350 0.057605
0.015583 -0.613293 0.053266
-0.030598 -0.610701 0.041164
-0.030598 -0.591350 0.041164
-0.049238 -0.613293 0.035810
-0.046709 -0.591350 0.041164
0.030598 -0.591350 0.041164
0.049238 -0.613293 0.035810
0.046708 -0.591350 0.041164
-0.015583 -0.613293 0.053266
-0.018741 -0.591350 0.057605
0.015583 -0.588758 0.053266
0.030598 0.008651 0.041164
0.046708 0.008651 0.041164
0.027340 0.011242 0.036101
-0.015583 0.011242 0.053266
-0.015583 -0.013293 0.053266
-0.027340 0.011242 0.036101
-0.027340 -0.013293 0.036101
-0.018741 0.008651 0.057606
-0.015583 0.011242 0.053266
-0.030598 0.008651 0.041164
-0.027340 0.011242 0.036101
-0.046709 0.008651 0.041164
0.027340 -0.013293 0.036101
0.015583 -0.013293 0.053266
0.027340 0.011242 0.036101
0.015583 0.011242 0.053266
0.015583 0.011242 0.053266
0.018741 0.008651 0.057606
-0.027340 -0.013293 0.036101
-0.030598 0.008651 0.041164
-0.049238 -0.013293 0.035810
-0.046709 0.008651 0.041164
0.027340 -0.013293 0.036101
0.030598 0.008651 0.041164
0.015583 -0.013293 0.053266
0.018741 0.008651 0.057606
0.049238 -0.013293 0.035810
-0.015583 -0.013293 0.053266
-0.018741 0.008651 0.057606
0.030598 0.458650 0.041164
0.046708 0.458650 0.041164
0.027340 0.461242 0.036101
-0.015583 0.461242 0.053266
-0.015583 0.436707 0.053266
-0.027340 0.461242 0.036101
-0.027340 0.436707 0.036101
-0.018741 0.458650 0.057606
-0.015583 0.461242 0.053266
-0.030598 0.458650 0.041164
-0.046709 0.458650 0.041164
0.027340 0.436707 0.036101
0.015583 0.436707 0.053266
0.027340 0.461242 0.036101
0.015583 0.461242 0.053266
0.015583 0.461242 0.053266
0.018741 0.458650 0.057606
-0.027340 0.436707 0.036101
-0.030598 0.458650 0.041164
-0.049238 0.436707 0.035810
-0.046709 0.458650 0.041164
0.027340 0.436707 0.036101
0.030598 0.458650 0.041164
0.015583 0.436707 0.053266
0.018741 0.458650 0.057606
0.049238 0.436707 0.035810
0.046708 0.458650 0.041164
-0.015583 0.436707 0.053266
-0.018741 0.458650 0.057606
0.030598 0.608651 0.041164
0.046708 0.608651 0.041164
0.027340 0.611242 0.036101
-0.015583 0.611242 0.053266
-0.015583 0.586707 0.053266
-0.027340 0.611242 0.036101
-0.027340 0.586707 0.036101
-0.018741 0.608651 0.057606
-0.015583 0.611242 0.053266
-0.027340 0.611242 0.036101
-0.046709 0.608651 0.041164
0.027340 0.586707 0.036101
0.015583 0.586707 0.053266
0.027340 0.611242 0.036101
0.015583 0.611242 0.053266
0.015583 0.611242 0.053266
0.018741 0.608651 0.057606
-0.027340 0.586707 0.036101
-0.030598 0.608651 0.041164
-0.049238 0.586707 0.035810
-0.046709 0.608651 0.041164
0.027340 0.586707 0.036101
0.030598 0.608651 0.041164
0.015583 0.586707 0.053266
0.018741 0.608651 0.057606
0.049238 0.586707 0.035810
0.046708 0.608651 0.041164
-0.015583 0.586707 0.053266
-0.018741 0.608651 0.057606
0.030598 0.158651 0.041164
0.046708 0.158651 0.041164
0.027340 0.161242 0.036101
-0.015583 0.161242 0.053266
-0.015583 0.136707 0.053266
-0.027340 0.161242 0.036101
-0.027340 0.136707 0.036101
-0.018741 0.158651 0.057606
-0.015583 0.161242 0.053266
-0.030598 0.158651 0.041164
-0.027340 0.161242 0.036101
-0.046709 0.158651 0.041164
0.027340 0.136707 0.036101
0.015583 0.136707 0.053266
0.027340 0.161242 0.036101
0.015583 0.161242 0.053266
0.015583 0.161242 0.053266
0.018741 0.158651 0.057606
-0.027340 0.136707 0.036101
-0.030598 0.158651 0.041164
-0.049238 0.136707 0.035810
-0.046709 0.158651 0.041164
0.027340 0.136707 0.036101
0.030598 0.158651 0.041164
0.015583 0.136707 0.053266
0.018741 0.158651 0.057606
0.049238 0.136707 0.035810
-0.015583 0.136707 0.053266
-0.018741 0.158651 0.057606
0.030598 -0.441349 0.041164
0.046708 -0.441349 0.041164
0.027340 -0.438758 0.036101
-0.015583 -0.438758 0.053266
-0.015583 -0.463293 0.053266
-0.027340 -0.438758 0.036101
-0.027340 -0.463293 0.036101
-0.030598 -0.460701 0.041164
-0.027340 -0.463293 0.036101
-0.015583 -0.463293 0.053266
-0.018741 -0.441349 0.057606
-0.015583 -0.438758 0.053266
-0.030598 -0.441349 0.041164
-0.027340 -0.438758 0.036101
-0.046709 -0.441349 0.041164
-0.049238 -0.463293 0.035810
0.027340 -0.463293 0.036101
0.015583 -0.463293 0.053266
0.027340 -0.438758 0.036101
0.015583 -0.438758 0.053266
0.015583 -0.438758 0.053266
-0.030598 -0.460701 0.041164
-0.030598 -0.441349 0.041164
-0.049238 -0.463293 0.035810
-0.046709 -0.441349 0.041164
0.027340 -0.463293 0.036101
0.030598 -0.441349 0.041164
0.015583 -0.463293 0.053266
0.018741 -0.441349 0.057606
0.049238 -0.463293 0.035810
0.046708 -0.441349 0.041164
-0.015583 -0.463293 0.053266
-0.018741 -0.441349 0.057606
0.030598 0.308650 0.041164
0.046708 0.308650 0.041164
0.027340 0.311242 0.036101
-0.015583 0.311242 0.053266
-0.015583 0.286707 0.053266
-0.027340 0.311242 0.036101
-0.027340 0.286707 0.036101
-0.018741 0.308650 0.057606
-0.015583 0.311242 0.053266
-0.027340 0.311242 0.036101
-0.046709 0.308650 0.041164
0.027340 0.286707 0.036101
0.015583 0.286707 0.053266
0.027340 0.311242 0.036101
0.015583 0.311242 0.053266
0.015583 0.311242 0.053266
0.018741 0.308650 0.057606
-0.027340 0.286707 0.036101
-0.030598 0.308650 0.041164
-0.049238 0.286707 0.035810
-0.046709 0.308650 0.041164
0.027340 0.286707 0.036101
0.030598 0.308650 0.041164
0.015583 0.286707 0.053266
0.018741 0.308650 0.057606
0.049238 0.286707 0.035810
0.046708 0.308650 0.041164
-0.015583 0.286707 0.053266
-0.018741 0.308650 0.057606
0.030598 -0.291349 0.041164
0.046708 -0.291349 0.041164
0.027340 -0.288758 0.036101
-0.015583 -0.288758 0.053266
-0.015583 -0.313293 0.053266
-0.027340 -0.288758 0.036101
-0.027340 -0.313293 0.036101
-0.030598 -0.310701 0.041164
-0.027340 -0.313293 0.036101
-0.015583 -0.313293 0.053266
-0.018741 -0.291349 0.057606
-0.015583 -0.288758 0.053266
-0.030598 -0.291349 0.041164
-0.027340 -0.288758 0.036101
-0.046709 -0.291349 0.041164
-0.049238 -0.313293 0.035810
0.027340 -0.313293 0.036101
0.015583 -0.313293 0.053266
0.027340 -0.288758 0.036101
0.015583 -0.288758 0.053266
0.015583 -0.288758 0.053266
0.018741 -0.291349 0.057606
-0.030598 -0.310701 0.041164
-0.030598 -0.291349 0.041164
-0.049238 -0.313293 0.035810
-0.046709 -0.291349 0.041164
0.027340 -0.313293 0.036101
0.030598 -0.291349 0.041164
0.015583 -0.313293 0.053266
0.018741 -0.291349 0.057606
0.049238 -0.313293 0.035810
0.046708 -0.291349 0.041164
-0.015583 -0.313293 0.053266
-0.018741 -0.291349 0.057606
0.030598 -0.141349 0.041164
0.046708 -0.141349 0.041164
0.027340 -0.138758 0.036101
-0.015583 -0.138758 0.053266
-0.015583 -0.163293 0.053266
-0.027340 -0.138758 0.036101
-0.027340 -0.163293 0.036101
-0.018741 -0.141349 0.057606
-0.015583 -0.138758 0.053266
-0.030598 -0.141349 0.041164
-0.027340 -0.138758 0.036101
-0.046709 -0.141349 0.041164
0.027340 -0.163293 0.036101
0.015583 -0.163293 0.053266
0.027340 -0.138758 0.036101
0.015583 -0.138758 0.053266
0.015583 -0.138758 0.053266
-0.027340 -0.163293 0.036101
-0.030598 -0.141349 0.041164
-0.049238 -0.163293 0.035810
-0.046709 -0.141349 0.041164
0.027340 -0.163293 0.036101
0.030598 -0.141349 0.041164
0.015583 -0.163293 0.053266
0.018741 -0.141349 0.057606
0.049238 -0.163293 0.035810
0.046708 -0.141349 0.041164
-0.015583 -0.163293 0.053266
-0.018741 -0.141349 0.057606
-0.033638 -0.700000 0.016889
-0.023827 -0.687061 0.036000
-0.061593 -0.676631 0.016867
-0.050267 -0.666631 0.036000
-0.061577 -0.676578 0.000000
-0.033657 -0.700002 0.000000
-0.006361 -0.642133 0.048978
-0.002445 -0.637507 0.053122
-0.017859 -0.633752 0.048978
-0.012366 -0.629620 0.053122
-0.008297 -0.645742 0.036472
-0.020905 -0.636431 0.036590
-0.033638 0.700000 0.016889
-0.061593 0.676631 0.016867
-0.023827 0.687061 0.036000
-0.050267 0.666631 0.036000
-0.061577 0.676578 0.000000
-0.033657 0.700002 0.000000
-0.006361 0.642133 0.048978
-0.017859 0.633752 0.048978
-0.002445 0.637507 0.053122
-0.012366 0.629620 0.053122
-0.008297 0.645742 0.036472
-0.020905 0.636431 0.036590
-0.061577 0.000000 0.000000
-0.061577 0.676578 0.000000
0.061577 0.000000 0.000000
0.061577 0.676578 0.000000
-0.061577 -0.676578 0.000000
0.061577 -0.676578 0.000000
0.012366 0.000000 0.053122
0.012366 0.629620 0.053122
0.012366 -0.629620 0.053122
0.033658 0.700002 0.000000
-0.033657 0.700002 0.000000
0.002445 0.637507 0.053122
0.006362 0.642133 0.048978
0.008297 0.645742 0.036472
0.033639 0.700000 0.016889
0.023827 0.687061 0.036000
0.033658 0.700002 0.000000
-0.033657 -0.700002 0.000000
0.002445 -0.637507 0.053122
0.006362 -0.642133 0.048978
0.033639 -0.700000 0.016889
0.061593 -0.676631 0.016867
0.023827 -0.687061 0.036000
0.050268 -0.666631 0.036000
0.061577 -0.676578 0.000000
0.033658 -0.700002 0.000000
0.017859 -0.633752 0.048978
0.008297 -0.645742 0.036472
0.020905 -0.636431 0.036590
0.061593 0.676631 0.016867
0.050268 0.666631 0.036000
0.061577 0.676578 0.000000
0.017859 0.633752 0.048978
0.020905 0.636431 0.036590
-0.050267 -0.666631 0.036000
-0.050267 0.000000 0.036000
-0.061593 -0.676631 0.016867
-0.017859 0.000000 0.048978
-0.020905 0.000000 0.036590
-0.061577 -0.676578 0.000000
-0.061577 0.000000 0.000000
0.061593 0.000000 0.016867
0.061593 0.676631 0.016867
0.050268 0.666631 0.036000
0.017859 0.000000 0.048978
0.020905 0.000000 0.036590
0.061577 0.000000 0.000000
0.061577 0.676578 0.000000
0.023827 0.687061 0.036000
0.008297 0.645742 0.036472
0.050268 0.666631 0.036000
0.020905 0.636431 0.036590
-0.050267 0.000000 0.036000
-0.050267 -0.666631 0.036000
-0.020905 0.000000 0.036590
-0.020905 -0.636431 0.036590
0.023827 -0.687061 0.036000
0.050268 -0.666631 0.036000
0.008297 -0.645742 0.036472
0.020905 -0.636431 0.036590
-0.050267 0.666631 0.036000
-0.020905 0.636431 0.036590
-0.023827 0.687061 0.036000
-0.008297 0.645742 0.036472
-0.023827 -0.687061 0.036000
-0.008297 -0.645742 0.036472
0.050268 0.000000 0.036000
0.020905 0.000000 0.036590
0.030598 -0.591350 0.041164
0.046708 -0.591350 0.041164
0.027340 -0.588758 0.036101
0.049238 -0.588758 0.035810
0.046708 -0.610701 0.041164
0.030598 -0.610701 0.041164
0.049238 -0.613293 0.035810
0.027340 -0.613293 0.036101
-0.021414 -0.588758 0.049472
-0.021414 -0.613293 0.049472
-0.027340 -0.588758 0.036101
-0.027340 -0.613293 0.036101
-0.024652 -0.610701 0.053848
-0.030598 -0.610701 0.041164
-0.021414 -0.613293 0.049472
-0.027340 -0.613293 0.036101
-0.024652 -0.591349 0.053848
-0.021414 -0.588758 0.049472
-0.030598 -0.591350 0.041164
-0.027340 -0.588758 0.036101
-0.046709 -0.591350 0.041164
-0.049238 -0.588758 0.035810
-0.046709 -0.610701 0.041164
-0.049238 -0.613293 0.035810
0.027340 -0.613293 0.036101
0.021415 -0.613293 0.049472
0.027340 -0.588758 0.036101
0.021415 -0.588758 0.049472
0.021415 -0.613293 0.049472
0.024652 -0.610701 0.053848
0.021415 -0.588758 0.049472
0.024652 -0.591349 0.053848
0.018741 -0.591350 0.057605
0.015583 -0.588758 0.053266
0.015583 -0.613293 0.053266
0.018741 -0.610701 0.057606
-0.015583 -0.613293 0.053266
-0.018741 -0.610701 0.057606
0.015583 -0.588758 0.053266
0.015583 -0.613293 0.053266
-0.015583 -0.588758 0.053266
-0.018741 -0.591350 0.057605
-0.015583 -0.613293 0.053266
-0.015583 -0.588758 0.053266
-0.018741 -0.610701 0.057606
-0.018741 -0.591350 0.057605
-0.024652 -0.610701 0.053848
-0.024652 -0.591349 0.053848
0.024652 -0.610701 0.053848
0.024652 -0.591349 0.053848
0.018741 -0.610701 0.057606
0.018741 -0.591350 0.057605
-0.030598 -0.610701 0.041164
-0.030598 -0.591350 0.041164
-0.046709 -0.610701 0.041164
-0.046709 -0.591350 0.041164
-0.049238 -0.613293 0.035810
-0.046709 -0.610701 0.041164
-0.049238 -0.588758 0.035810
-0.046709 -0.591350 0.041164
0.030598 -0.610701 0.041164
0.030598 -0.591350 0.041164
0.046708 -0.610701 0.041164
0.046708 -0.591350 0.041164
0.049238 -0.613293 0.035810
0.049238 -0.588758 0.035810
0.046708 -0.610701 0.041164
0.046708 -0.591350 0.041164
0.015583 -0.588758 0.053266
0.015583 -0.613293 0.053266
0.030598 0.008651 0.041164
0.046708 0.008651 0.041164
0.027340 0.011242 0.036101
0.049238 0.011242 0.035810
0.046708 -0.010701 0.041164
0.030598 -0.010701 0.041164
0.049238 -0.013293 0.035810
0.027340 -0.013293 0.036101
-0.021414 0.011242 0.049472
-0.021414 -0.013293 0.049472
-0.027340 0.011242 0.036101
-0.027340 -0.013293 0.036101
-0.024652 -0.010701 0.053848
-0.030598 -0.010701 0.041164
-0.021414 -0.013293 0.049472
-0.027340 -0.013293 0.036101
-0.024652 0.008651 0.053848
-0.021414 0.011242 0.049472
-0.030598 0.008651 0.041164
-0.027340 0.011242 0.036101
-0.046709 0.008651 0.041164
-0.049238 0.011242 0.035810
-0.046709 -0.010701 0.041164
-0.049238 -0.013293 0.035810
0.027340 -0.013293 0.036101
0.021415 -0.013293 0.049472
0.027340 0.011242 0.036101
0.021415 0.011242 0.049472
0.021415 -0.013293 0.049472
0.024652 -0.010701 0.053848
0.021415 0.011242 0.049472
0.024652 0.008651 0.053848
0.018741 0.008651 0.057606
0.015583 0.011242 0.053266
0.015583 -0.013293 0.053266
0.018741 -0.010701 0.057606
-0.015583 -0.013293 0.053266
-0.018741 -0.010701 0.057606
0.015583 0.011242 0.053266
0.015583 -0.013293 0.053266
-0.015583 0.011242 0.053266
-0.015583 -0.013293 0.053266
-0.015583 0.011242 0.053266
-0.018741 -0.010701 0.057606
-0.018741 0.008651 0.057606
-0.024652 -0.010701 0.053848
-0.024652 0.008651 0.053848
0.024652 -0.010701 0.053848
0.024652 0.008651 0.053848
0.018741 -0.010701 0.057606
0.018741 0.008651 0.057606
-0.030598 -0.010701 0.041164
-0.030598 0.008651 0.041164
-0.046709 -0.010701 0.041164
-0.046709 0.008651 0.041164
-0.049238 -0.013293 0.035810
-0.046709 -0.010701 0.041164
-0.049238 0.011242 0.035810
-0.046709 0.008651 0.041164
0.030598 -0.010701 0.041164
0.030598 0.008651 0.041164
0.046708 -0.010701 0.041164
0.046708 0.008651 0.041164
0.049238 -0.013293 0.035810
0.049238 0.011242 0.035810
0.046708 -0.010701 0.041164
0.046708 0.008651 0.041164
0.030598 0.458650 0.041164
0.046708 0.458650 0.041164
0.027340 0.461242 0.036101
0.049238 0.461242 0.035810
0.046708 0.439299 0.041164
0.030598 0.439299 0.041164
0.049238 0.436707 0.035810
0.027340 0.436707 0.036101
-0.021414 0.461242 0.049472
-0.021414 0.436707 0.049472
-0.027340 0.461242 0.036101
-0.027340 0.436707 0.036101
-0.024652 0.439299 0.053848
-0.030598 0.439299 0.041164
-0.021414 0.436707 0.049472
-0.027340 0.436707 0.036101
-0.024652 0.458650 0.053848
-0.021414 0.461242 0.049472
-0.030598 0.458650 0.041164
-0.027340 0.461242 0.036101
-0.046709 0.458650 0.041164
-0.049238 0.461242 0.035810
-0.046709 0.439299 0.041164
-0.049238 0.436707 0.035810
0.027340 0.436707 0.036101
0.021415 0.436707 0.049472
0.027340 0.461242 0.036101
0.021415 0.461242 0.049472
0.021415 0.436707 0.049472
0.024652 0.439299 0.053848
0.021415 0.461242 0.049472
0.018741 0.458650 0.057606
0.015583 0.461242 0.053266
0.015583 0.436707 0.053266
0.018741 0.439299 0.057606
-0.015583 0.436707 0.053266
-0.018741 0.439299 0.057606
0.015583 0.461242 0.053266
0.015583 0.436707 0.053266
-0.015583 0.461242 0.053266
-0.018741 0.458650 0.057606
-0.015583 0.436707 0.053266
-0.015583 0.461242 0.053266
-0.018741 0.439299 0.057606
-0.018741 0.458650 0.057606
-0.024652 0.439299 0.053848
-0.024652 0.458650 0.053848
0.024652 0.439299 0.053848
0.024652 0.458650 0.053848
0.018741 0.439299 0.057606
0.018741 0.458650 0.057606
-0.030598 0.439299 0.041164
-0.030598 0.458650 0.041164
-0.046709 0.439299 0.041164
-0.046709 0.458650 0.041164
-0.049238 0.436707 0.035810
-0.046709 0.439299 0.041164
-0.049238 0.461242 0.035810
-0.046709 0.458650 0.041164
0.030598 0.439299 0.041164
0.030598 0.458650 0.041164
0.046708 0.439299 0.041164
0.046708 0.458650 0.041164
0.049238 0.436707 0.035810
0.049238 0.461242 0.035810
0.046708 0.439299 0.041164
0.046708 0.458650 0.041164
0.030598 0.608651 0.041164
0.046708 0.608651 0.041164
0.027340 0.611242 0.036101
0.049238 0.611242 0.035810
0.046708 0.589299 0.041164
0.030598 0.589299 0.041164
0.049238 0.586707 0.035810
0.027340 0.586707 0.036101
-0.021414 0.611242 0.049472
-0.021414 0.586707 0.049472
-0.027340 0.611242 0.036101
-0.027340 0.586707 0.036101
-0.024652 0.589299 0.053848
-0.030598 0.589299 0.041164
-0.021414 0.586707 0.049472
-0.027340 0.586707 0.036101
-0.024652 0.608650 0.053848
-0.021414 0.611242 0.049472
-0.030598 0.608651 0.041164
-0.046709 0.608651 0.041164
-0.049238 0.611242 0.035810
-0.046709 0.589299 0.041164
-0.049238 0.586707 0.035810
0.027340 0.586707 0.036101
0.021415 0.586707 0.049472
0.021415 0.611242 0.049472
0.021415 0.586707 0.049472
0.024652 0.589299 0.053848
0.021415 0.611242 0.049472
0.024652 0.608650 0.053848
0.018741 0.608651 0.057606
0.015583 0.586707 0.053266
0.018741 0.589299 0.057606
-0.015583 0.586707 0.053266
-0.018741 0.589299 0.057606
0.015583 0.611242 0.053266
0.015583 0.586707 0.053266
-0.015583 0.611242 0.053266
-0.018741 0.608651 0.057606
-0.015583 0.586707 0.053266
-0.015583 0.611242 0.053266
-0.018741 0.589299 0.057606
-0.018741 0.608651 0.057606
-0.024652 0.589299 0.053848
-0.024652 0.608650 0.053848
0.024652 0.589299 0.053848
0.024652 0.608650 0.053848
0.018741 0.589299 0.057606
0.018741 0.608651 0.057606
-0.030598 0.589299 0.041164
-0.030598 0.608651 0.041164
-0.046709 0.589299 0.041164
-0.046709 0.608651 0.041164
-0.049238 0.586707 0.035810
-0.046709 0.589299 0.041164
-0.049238 0.611242 0.035810
-0.046709 0.608651 0.041164
0.030598 0.589299 0.041164
0.030598 0.608651 0.041164
0.046708 0.589299 0.041164
0.046708 0.608651 0.041164
0.049238 0.586707 0.035810
0.049238 0.611242 0.035810
0.046708 0.589299 0.041164
0.046708 0.608651 0.041164
0.030598 0.158651 0.041164
0.046708 0.158651 0.041164
0.027340 0.161242 0.036101
0.049238 0.161242 0.035810
0.046708 0.139299 0.041164
0.030598 0.139299 0.041164
0.049238 0.136707 0.035810
0.027340 0.136707 0.036101
-0.021414 0.161242 0.049472
-0.021414 0.136707 0.049472
-0.027340 0.161242 0.036101
-0.027340 0.136707 0.036101
-0.024652 0.139299 0.053848
-0.030598 0.139299 0.041164
-0.021414 0.136707 0.049472
-0.027340 0.136707 0.036101
-0.024652 0.158651 0.053848
-0.021414 0.161242 0.049472
-0.030598 0.158651 0.041164
-0.027340 0.161242 0.036101
-0.046709 0.158651 0.041164
-0.049238 0.161242 0.035810
-0.046709 0.139299 0.041164
-0.049238 0.136707 0.035810
0.027340 0.136707 0.036101
0.021415 0.136707 0.049472
0.027340 0.161242 0.036101
0.021415 0.161242 0.049472
0.021415 0.136707 0.049472
0.024652 0.139299 0.053848
0.021415 0.161242 0.049472
0.024652 0.158651 0.053848
0.018741 0.158651 0.057606
0.015583 0.161242 0.053266
0.015583 0.136707 0.053266
0.018741 0.139299 0.057605
-0.015583 0.136707 0.053266
-0.018741 0.139299 0.057605
0.015583 0.161242 0.053266
0.015583 0.136707 0.053266
-0.015583 0.161242 0.053266
-0.015583 0.136707 0.053266
-0.015583 0.161242 0.053266
-0.018741 0.139299 0.057605
-0.018741 0.158651 0.057606
-0.024652 0.139299 0.053848
-0.024652 0.158651 0.053848
0.024652 0.139299 0.053848
0.024652 0.158651 0.053848
0.018741 0.139299 0.057605
0.018741 0.158651 0.057606
-0.030598 0.139299 0.041164
-0.030598 0.158651 0.041164
-0.046709 0.139299 0.041164
-0.046709 0.158651 0.041164
-0.049238 0.136707 0.035810
-0.046709 0.139299 0.041164
-0.049238 0.161242 0.035810
-0.046709 0.158651 0.041164
0.030598 0.139299 0.041164
0.030598 0.158651 0.041164
0.046708 0.139299 0.041164
0.046708 0.158651 0.041164
0.049238 0.136707 0.035810
0.049238 0.161242 0.035810
0.046708 0.139299 0.041164
0.046708 0.158651 0.041164
0.030598 -0.441349 0.041164
0.046708 -0.441349 0.041164
0.027340 -0.438758 0.036101
0.049238 -0.438758 0.035810
0.046708 -0.460701 0.041164
0.030598 -0.460701 0.041164
0.049238 -0.463293 0.035810
0.027340 -0.463293 0.036101
-0.021414 -0.438758 0.049471
-0.021414 -0.463293 0.049472
-0.027340 -0.463293 0.036101
-0.024652 -0.460701 0.053848
-0.030598 -0.460701 0.041164
-0.021414 -0.463293 0.049472
-0.027340 -0.463293 0.036101
-0.024652 -0.441349 0.053848
-0.021414 -0.438758 0.049471
-0.030598 -0.441349 0.041164
-0.027340 -0.438758 0.036101
-0.046709 -0.441349 0.041164
-0.049238 -0.438758 0.035810
-0.049238 -0.463293 0.035810
0.027340 -0.463293 0.036101
0.021415 -0.463293 0.049472
0.027340 -0.438758 0.036101
0.021415 -0.438758 0.049471
0.021415 -0.463293 0.049472
0.024652 -0.460701 0.053848
0.021415 -0.438758 0.049471
0.018741 -0.441349 0.057606
0.015583 -0.438758 0.053266
0.015583 -0.463293 0.053266
0.018741 -0.460701 0.057606
-0.015583 -0.463293 0.053266
-0.018741 -0.460701 0.057606
0.015583 -0.438758 0.053266
0.015583 -0.463293 0.053266
-0.015583 -0.438758 0.053266
-0.018741 -0.441349 0.057606
-0.015583 -0.463293 0.053266
-0.015583 -0.438758 0.053266
-0.018741 -0.460701 0.057606
-0.018741 -0.441349 0.057606
-0.024652 -0.460701 0.053848
-0.024652 -0.441349 0.053848
0.024652 -0.460701 0.053848
0.024652 -0.441349 0.053848
0.018741 -0.460701 0.057606
0.018741 -0.441349 0.057606
-0.030598 -0.460701 0.041164
-0.030598 -0.441349 0.041164
-0.046709 -0.460701 0.041164
-0.046709 -0.441349 0.041164
-0.049238 -0.463293 0.035810
-0.046709 -0.460701 0.041164
-0.049238 -0.438758 0.035810
-0.046709 -0.441349 0.041164
0.030598 -0.460701 0.041164
0.030598 -0.441349 0.041164
0.046708 -0.460701 0.041164
0.046708 -0.441349 0.041164
0.049238 -0.463293 0.035810
0.049238 -0.438758 0.035810
0.046708 -0.460701 0.041164
0.046708 -0.441349 0.041164
0.030598 0.308650 0.041164
0.046708 0.308650 0.041164
0.027340 0.311242 0.036101
0.049238 0.311242 0.035810
0.046708 0.289299 0.041164
0.030598 0.289299 0.041164
0.049238 0.286707 0.035810
0.027340 0.286707 0.036101
-0.021414 0.311242 0.049472
-0.021414 0.286707 0.049472
-0.027340 0.311242 0.036101
-0.027340 0.286707 0.036101
-0.024652 0.289299 0.053848
-0.030598 0.289299 0.041164
-0.021414 0.286707 0.049472
-0.027340 0.286707 0.036101
-0.024652 0.308650 0.053848
-0.021414 0.311242 0.049472
-0.030598 0.308650 0.041164
-0.046709 0.308650 0.041164
-0.049238 0.311242 0.035810
-0.046709 0.289299 0.041164
-0.049238 0.286707 0.035810
0.027340 0.286707 0.036101
0.021415 0.286707 0.049472
0.021415 0.311242 0.049472
0.021415 0.286707 0.049472
0.024652 0.289299 0.053848
0.021415 0.311242 0.049472
0.024652 0.308650 0.053848
0.018741 0.308650 0.057606
0.015583 0.286707 0.053266
0.018741 0.289299 0.057606
-0.015583 0.286707 0.053266
-0.018741 0.289299 0.057606
0.015583 0.311242 0.053266
0.015583 0.286707 0.053266
-0.015583 0.311242 0.053266
-0.018741 0.308650 0.057606
-0.015583 0.286707 0.053266
-0.015583 0.311242 0.053266
-0.018741 0.289299 0.057606
-0.018741 0.308650 0.057606
-0.024652 0.289299 0.053848
-0.024652 0.308650 0.053848
0.024652 0.289299 0.053848
0.024652 0.308650 0.053848
0.018741 0.289299 0.057606
0.018741 0.308650 0.057606
-0.030598 0.289299 0.041164
-0.030598 0.308650 0.041164
-0.046709 0.289299 0.041164
-0.046709 0.308650 0.041164
-0.049238 0.286707 0.035810
-0.046709 0.289299 0.041164
-0.049238 0.311242 0.035810
-0.046709 0.308650 0.041164
0.030598 0.289299 0.041164
0.030598 0.308650 0.041164
0.046708 0.289299 0.041164
0.046708 0.308650 0.041164
0.049238 0.286707 0.035810
0.049238 0.311242 0.035810
0.046708 0.289299 0.041164
0.046708 0.308650 0.041164
0.030598 -0.291349 0.041164
0.046708 -0.291349 0.041164
0.027340 -0.288758 0.036101
0.049238 -0.288758 0.035810
0.046708 -0.310701 0.041164
0.030598 -0.310701 0.041164
0.049238 -0.313293 0.035810
0.027340 -0.313293 0.036101
-0.021414 -0.288758 0.049471
-0.021414 -0.313293 0.049472
-0.027340 -0.288758 0.036101
-0.027340 -0.313293 0.036101
-0.024652 -0.310701 0.053848
-0.030598 -0.310701 0.041164
-0.021414 -0.313293 0.049472
-0.027340 -0.313293 0.036101
-0.024652 -0.291349 0.053848
-0.021414 -0.288758 0.049471
-0.030598 -0.291349 0.041164
-0.027340 -0.288758 0.036101
-0.046709 -0.291349 0.041164
-0.049238 -0.288758 0.035810
-0.046709 -0.310701 0.041164
-0.049238 -0.313293 0.035810
0.027340 -0.313293 0.036101
0.021415 -0.313293 0.049472
0.027340 -0.288758 0.036101
0.021415 -0.288758 0.049471
0.021415 -0.313293 0.049472
0.024652 -0.310701 0.053848
0.021415 -0.288758 0.049471
0.024652 -0.291349 0.053848
0.018741 -0.291349 0.057606
0.015583 -0.288758 0.053266
0.015583 -0.313293 0.053266
0.018741 -0.310701 0.057606
-0.015583 -0.313293 0.053266
-0.018741 -0.310701 0.057606
0.015583 -0.288758 0.053266
0.015583 -0.313293 0.053266
-0.015583 -0.288758 0.053266
-0.015583 -0.313293 0.053266
-0.015583 -0.288758 0.053266
-0.018741 -0.310701 0.057606
-0.018741 -0.291349 0.057606
-0.024652 -0.310701 0.053848
-0.024652 -0.291349 0.053848
0.024652 -0.310701 0.053848
0.024652 -0.291349 0.053848
0.018741 -0.310701 0.057606
0.018741 -0.291349 0.057606
-0.030598 -0.310701 0.041164
-0.030598 -0.291349 0.041164
-0.046709 -0.310701 0.041164
-0.046709 -0.291349 0.041164
-0.049238 -0.313293 0.035810
-0.046709 -0.310701 0.041164
-0.049238 -0.288758 0.035810
-0.046709 -0.291349 0.041164
0.030598 -0.310701 0.041164
0.030598 -0.291349 0.041164
0.046708 -0.310701 0.041164
0.046708 -0.291349 0.041164
0.049238 -0.313293 0.035810
0.049238 -0.288758 0.035810
0.046708 -0.310701 0.041164
0.046708 -0.291349 0.041164
0.030598 -0.141349 0.041164
0.046708 -0.141349 0.041164
0.027340 -0.138758 0.036101
0.049238 -0.138758 0.035810
0.046708 -0.160701 0.041164
0.030598 -0.160701 0.041164
0.049238 -0.163293 0.035810
0.027340 -0.163293 0.036101
-0.021414 -0.138758 0.049472
-0.021414 -0.163293 0.049472
-0.027340 -0.163293 0.036101
-0.024652 -0.160701 0.053848
-0.030598 -0.160701 0.041164
-0.021414 -0.163293 0.049472
-0.027340 -0.163293 0.036101
-0.024652 -0.141349 0.053848
-0.021414 -0.138758 0.049472
-0.030598 -0.141349 0.041164
-0.027340 -0.138758 0.036101
-0.046709 -0.141349 0.041164
-0.049238 -0.138758 0.035810
-0.049238 -0.163293 0.035810
0.027340 -0.163293 0.036101
0.021415 -0.163293 0.049472
0.027340 -0.138758 0.036101
0.021415 -0.138758 0.049472
0.021415 -0.163293 0.049472
0.024652 -0.160701 0.053848
0.021415 -0.138758 0.049472
0.018741 -0.141349 0.057606
0.015583 -0.138758 0.053266
0.015583 -0.163293 0.053266
0.018741 -0.160701 0.057606
-0.015583 -0.163293 0.053266
-0.018741 -0.160701 0.057606
0.015583 -0.138758 0.053266
0.015583 -0.163293 0.053266
-0.015583 -0.138758 0.053266
-0.018741 -0.141349 0.057606
-0.015583 -0.163293 0.053266
-0.015583 -0.138758 0.053266
-0.018741 -0.160701 0.057606
-0.018741 -0.141349 0.057606
-0.024652 -0.160701 0.053848
-0.024652 -0.141349 0.053848
0.024652 -0.160701 0.053848
0.024652 -0.141349 0.053848
0.018741 -0.160701 0.057606
0.018741 -0.141349 0.057606
-0.030598 -0.160701 0.041164
-0.030598 -0.141349 0.041164
-0.046709 -0.160701 0.041164
-0.046709 -0.141349 0.041164
-0.049238 -0.163293 0.035810
-0.046709 -0.160701 0.041164
-0.049238 -0.138758 0.035810
-0.046709 -0.141349 0.041164
0.030598 -0.160701 0.041164
0.030598 -0.141349 0.041164
0.046708 -0.160701 0.041164
0.046708 -0.141349 0.041164
0.049238 -0.163293 0.035810
0.049238 -0.138758 0.035810
0.046708 -0.160701 0.041164
0.046708 -0.141349 0.041164
4 6
8 9
0 1
5 6
11 14
23 24
814 826
816 819
817 818
823 831
953 974
955 958
956 957
1207 1242
1214 1217
15 19
26 30
26 31
810 832
815 825
827 830
828 829
966 976
980 983
981 982
986 988
1202 1213
1232 1237
1251 1259
17 18
28 29
28 32
1199 1210
6 7
7 10
7 8
1239 1240
1591 1611
1204 1240
1243 1245
1611 1612
1562 1610
1570 1574
1572 1575
1594 1616
1609 1610
1228 1244
1244 1246
1250 1265
1252 1260
1257 1265
1561 1605
1604 1605
1620 1636
1622 1630
1627 1636
1557 1608
1598 1615
1624 1625
1569 1608
1621 1637
1200 1241
1554 1607
1209 1241
1236 1247
1602 1614
1576 1578
1576 1577
451 578
575 577
486 595
522 523
480 589
544 545
453 579
534 535
524 525
488 596
499 543
542 543
485 593
528 529
476 586
502 505
484 591
503 504
483 592
526 527
475 587
540 541
474 584
510 513
457 580
515 516
496 539
538 539
493 597
506 509
472 582
507 508
471 583
518 521
478 588
501 599
451 454
454 575
136 137
183 230
440 477
519 604
94 95
124 127
185 231
440 471
521 604
138 139
138 188
128 131
179 227
117 118
178 226
121 122
181 228
120 123
93 96
168 221
48 169
98 99
170 222
487 488
487 537
71 177
104 195
64 172
102 194
479 486
479 523
66 173
45 168
133 215
479 481
442 472
97 100
175 224
109 112
187 234
107 174
111 176
105 108
493 495
509 601
84 187
112 200
69 176
110 199
108 197
0 2
106 196
133 134
186 233
79 184
95 190
68 175
100 192
50 170
56 73
213 214
56 80
212 214
80 185
129 212
92 188
189 191
59 79
190 191
78 182
124 209
73 179
131 213
75 180
126 210
76 181
51 171
123 207
117 203
119 204
113 114
169 220
1 3
4 5
542 607
132 135
173 223
480 482
103 172
101 104
177 225
64 67
67 194
58 74
203 205
86 91
67 195
47 48
72 202
82 83
216 217
12 14
11 13
22 24
18 19
20 21
29 30
494 538
815 821
492 500
531 606
533 606
514 603
446 473
469 485
528 605
469 483
88 92
88 218
448 474
510 602
512 602
63 77
88 219
61 75
210 211
61 78
455 456
456 484
504 600
904 908
891 895
917 921
852 856
943 947
878 882
44 69
200 201
810 811
827 829
196 198
41 70
197 198
15 16
809 812
817 820
49 76
206 208
49 51
207 208
42 50
42 68
192 193
94 96
16 17
984 985
954 961
977 983
834 835
840 842
907 908
920 921
855 856
946 947
881 882
948 964
952 960
1218 1219
1223 1224
1551 1595
1563 1586
1579 1580
444 465
1192 1225
1203 1221
33 55
439 463
849 850
851 856
854 855
859 860
862 863
864 869
867 868
877 882
885 886
888 889
890 895
893 894
898 899
914 915
916 921
919 920
924 925
927 928
929 934
932 933
942 947
1092 1101
1098 1099
1136 1145
1142 1143
1071 1080
1077 1078
833 834
838 843
841 842
558 561
813 815
809 810
1205 1222
1248 1261
1547 1592
1560 1585
1618 1632
34 57
989 991
997 998
848 850
857 858
870 871
874 876
883 884
887 889
896 897
900 902
913 915
922 923
935 936
939 941
146 148
153 154
864 865
890 891
942 943
877 878
903 904
929 930
145 146
151 163
220 221
840 841
1007 1008
1012 1013
546 548
987 988
970 972
971 973
978 982
981 986
1051 1052
1073 1074
14 16
25 27
960 961
948 949
810 823
821 824
831 832
965 966
967 968
975 976
814 815
950 951
969 974
12 15
23 26
560 563
578 579
1004 1005
1007 1009
1093 1095
1137 1139
851 853
852 855
865 868
877 879
878 881
903 905
904 907
916 918
917 920
930 933
942 944
943 946
993 995
24 30
836 837
406 408
415 421
404 412
773 782
271 273
280 286
268 277
281 287
1008 1012
1312 1322
1330 1333
1341 1350
1358 1362
1370 1379
1387 1391
1399 1409
1417 1420
1449 1453
1461 1470
1478 1482
1493 1504
1541 1545
1670 1679
1673 1675
1682 1688
1683 1689
1743 1745
1751 1757
1752 1758
1806 1815
1809 1811
1818 1824
1819 1825
1872 1880
1874 1876
1883 1889
1942 1944
1950 1956
1951 1957
2003 2012
2015 2021
2016 2022
2069 2077
2071 2073
2080 2086
2139 2141
2147 2153
2148 2154
2200 2209
2213 2219
705 714
718 724
341 343
350 356
776 778
785 791
338 347
351 357
643 645
652 658
640 649
653 659
11 18
22 29
452 458
465 468
443 444
454 459
813 814
818 822
952 953
955 959
957 963
958 962
960 967
964 965
1196 1197
1207 1208
1214 1219
1215 1218
1216 1224
1229 1230
1550 1551
1571 1580
1573 1579
1574 1587
1586 1601
1594 1595
37 38
46 52
59 60
1192 1194
1203 1204
1546 1548
439 440
33 35
1221 1233
1225 1226
1584 1599
463 466
1108 1123
1118 1121
1152 1167
1162 1165
1128 1144
1140 1141
1031 1034
1040 1058
1052 1056
1175 1190
1185 1188
1084 1100
1096 1097
1063 1079
1075 1076
1102 1124
1117 1122
1016 1037
1169 1191
1184 1189
1146 1168
1161 1166
1048 1049
1091 1092
1135 1136
1070 1071
85 86
34 36
83 89
441 442
495 497
961 968
977 979
1222 1234
1227 1228
1248 1250
1256 1257
1585 1600
1592 1593
1618 1620
1626 1627
949 951
1193 1195
1205 1206
1253 1263
1260 1261
1547 1549
1560 1561
1623 1634
1630 1632
489 491
1007 1010
909 911
896 898
844 846
935 937
870 872
1013 1014
1030 1033
1102 1103
1146 1147
1169 1170
990 991
1106 1107
1150 1151
1082 1083
1126 1127
1173 1174
1061 1062
1087 1089
1131 1133
1066 1068
1116 1117
1160 1161
1029 1030
1183 1184
707 709
774 781
642 644
647 650
405 407
410 413
646 651
990 1015
1009 1011
1019 1026
1021 1028
1024 1036
1038 1044
1039 1046
1042 1058
1048 1059
1060 1066
1081 1087
1083 1088
1105 1112
1107 1114
1115 1124
1127 1132
1149 1156
1151 1158
1159 1168
1172 1179
1174 1181
1182 1191
1272 1304
1280 1290
1294 1302
1309 1318
1329 1332
1337 1348
1342 1349
1366 1377
1367 1375
1371 1378
1386 1390
1396 1405
1416 1419
1424 1440
1432 1441
1457 1468
1458 1466
1462 1469
1477 1481
1487 1500
1494 1503
1511 1515
1520 1532
1525 1533
1671 1678
1681 1706
1741 1748
1742 1744
1746 1750
1747 1749
1807 1814
1812 1817
1873 1875
1878 1881
1940 1947
1941 1943
1945 1949
1946 1948
2004 2011
2005 2007
2009 2014
2070 2072
2075 2078
2137 2144
2138 2140
2142 2146
2143 2145
2201 2208
2202 2204
2206 2211
339 346
344 349
279 304
270 272
278 305
780 783
706 713
711 716
558 567
559 574
576 599
1116 1120
1160 1164
1050 1051
1054 1055
1183 1187
547 553
1209 1211
1225 1227
1590 1592
55 57
1192 1193
33 34
463 464
1221 1222
1584 1585
1203 1205
1558 1560
439 441
141 154
246 247
839 840
989 1015
991 992
999 1001
1000 1002
1272 1273
1274 1275
1285 1287
1646 1647
1648 1649
1662 1664
1676 1677
1680 1681
1706 1707
261 263
260 262
244 245
300 301
278 279
304 305
292 294
344 345
779 780
783 784
711 712
398 399
427 429
751 752
1982 1983
904 905
906 908
1111 1113
1112 1114
1424 1425
1426 1427
1437 1439
1996 1998
2009 2010
2013 2014
858 860
865 866
867 869
884 886
891 892
893 895
910 912
1038 1039
1044 1046
1087 1088
1125 1127
1131 1132
1337 1338
1339 1340
1345 1347
1395 1396
1404 1406
1405 1407
1457 1458
1459 1460
1466 1468
1783 1784
1785 1786
1799 1801
1812 1813
1816 1817
1915 1916
1917 1918
1931 1933
1932 1934
1962 1964
1970 1971
2049 2050
2063 2064
2074 2075
2078 2079
2092 2094
2100 2101
805 806
314 315
845 847
1019 1021
1026 1028
1308 1309
1317 1319
1318 1320
1716 1717
1718 1719
1732 1734
1733 1735
1763 1765
1771 1772
435 436
413 414
616 617
650 651
633 635
936 938
945 947
1178 1180
1179 1181
1522 1523
1529 1531
2179 2180
2193 2195
2206 2207
2210 2211
672 673
618 619
664 666
632 634
797 799
766 768
348 349
316 317
330 332
715 716
684 685
409 410
384 385
2112 2113
2129 2131
923 925
930 931
932 934
1155 1157
1156 1158
1486 1487
1499 1501
1500 1502
2114 2115
2128 2130
2159 2161
2167 2168
871 873
880 882
1066 1067
1366 1367
1368 1369
1375 1377
1852 1853
1866 1867
1877 1878
1881 1882
1895 1897
1903 1904
698 700
65 67
1194 1195
1238 1239
1548 1549
1604 1606
1226 1228
1591 1593
440 442
56 58
1204 1206
1559 1561
466 467
1245 1246
1612 1613
996 998
1012 1014
1022 1023
1040 1041
1063 1064
1198 1199
1446 1447
1327 1328
1351 1352
1355 1356
1380 1381
1384 1385
1414 1415
1471 1472
1475 1476
1534 1535
1538 1539
1450 1451
1513 1514
1032 1033
1053 1054
1072 1073
1093 1094
1137 1138
1359 1360
1388 1389
1479 1480
1542 1543
1507 1508
1300 1301
1325 1326
1382 1383
1412 1413
1473 1474
1452 1453
1515 1516
1332 1333
1361 1362
1419 1420
1544 1545
1117 1118
1161 1162
1448 1449
1511 1512
1030 1031
1329 1330
1184 1185
1357 1358
1416 1417
1540 1541
1056 1057
1075 1077
1121 1122
1302 1303
1034 1035
1188 1189
1293 1294
1140 1142
1165 1166
1096 1098
678 679
242 243
747 748
380 381
308 309
610 611
836 838
848 849
861 862
874 875
900 901
913 914
926 927
939 940
1029 1032
1116 1119
1160 1163
1183 1186
1270 1271
1327 1331
1355 1359
1414 1418
1446 1450
1509 1513
1538 1542
1640 1641
1644 1645
1710 1711
1714 1715
1777 1778
1848 1849
1909 1910
1913 1914
1976 1977
2045 2046
2106 2107
2110 2111
2173 2174
238 239
312 313
614 615
760 762
623 631
325 327
389 396
1277 1284
1323 1325
1351 1353
1410 1412
1429 1436
1534 1536
1657 1659
1723 1731
1727 1729
1794 1796
1857 1864
1922 1930
1926 1928
1988 1995
1992 1994
2054 2061
2119 2127
2123 2125
2185 2192
2189 2191
694 696
251 259
690 697
136 138
146 147
994 995
1019 1020
1023 1024
1060 1061
1064 1065
1081 1082
1085 1086
1105 1106
1109 1110
1125 1126
1129 1130
1149 1150
1153 1154
1172 1173
1176 1177
1273 1275
1280 1282
1308 1310
1309 1311
1313 1315
1323 1332
1338 1340
1366 1368
1371 1372
1380 1390
1395 1397
1396 1398
1400 1402
1410 1419
1425 1427
1432 1434
1457 1459
1462 1463
1471 1481
1486 1488
1487 1489
1491 1492
1520 1522
1521 1523
1525 1527
997 1006
1001 1002
1003 1005
1025 1026
1027 1028
1029 1031
1043 1044
1045 1046
1047 1048
1050 1052
1069 1070
1088 1089
1104 1115
1111 1112
1132 1133
1148 1159
1155 1156
1171 1182
1178 1179
1268 1290
1270 1289
1285 1286
1287 1288
1307 1321
1319 1320
1336 1349
1345 1346
1347 1348
1355 1357
1374 1375
1376 1377
1384 1386
1394 1408
1406 1407
1423 1441
1437 1438
1439 1440
1446 1448
1465 1466
1467 1468
1475 1477
1485 1503
1509 1511
1519 1533
1529 1530
1531 1532
1538 1540
1266 1291
1279 1281
1293 1299
1296 1303
1305 1322
1312 1314
1324 1333
1328 1330
1341 1343
1352 1362
1363 1379
1385 1387
1392 1409
1399 1401
1411 1420
1415 1417
1431 1433
1443 1453
1454 1470
1476 1478
1483 1504
1493 1495
1506 1516
1510 1512
1524 1526
1535 1545
1402 1403
1463 1464
1315 1316
1372 1373
1496 1497
1090 1092
1134 1136
1335 1336
1422 1423
1455 1456
1017 1018
1518 1519
1069 1071
1364 1365
1199 1232
1198 1231
1269 1271
1276 1284
1295 1297
1428 1436
1442 1444
1490 1498
1505 1507
1276 1278
1428 1430
1490 1492
1505 1515
1292 1294
1889 1890
1893 1894
1896 1898
1899 1900
1905 1906
721 722
725 726
733 734
350 351
356 357
723 724
795 796
798 800
419 420
437 438
425 426
428 430
785 786
787 788
793 794
1442 1443
1505 1506
1818 1819
1824 1825
1826 1827
1828 1829
1831 1833
1836 1837
2015 2016
2021 2022
2023 2024
2025 2026
2028 2030
2033 2034
2147 2148
2149 2150
2151 2152
2155 2156
2163 2164
2165 2166
2169 2170
2212 2213
2216 2217
2218 2219
2220 2221
2222 2223
2225 2227
2228 2229
2230 2231
1751 1752
1753 1754
1755 1756
1759 1760
1767 1768
1769 1770
1773 1774
668 669
670 671
674 675
656 657
654 655
658 659
665 667
431 432
417 418
727 728
730 732
791 792
735 736
739 740
360 361
363 365
358 359
368 369
421 422
1885 1886
1887 1888
2082 2083
2084 2085
2086 2087
2090 2091
2093 2095
2096 2097
2102 2103
1950 1951
1952 1953
1954 1955
1958 1959
1966 1967
1968 1969
1972 1973
717 718
293 295
296 297
298 299
302 303
1292 1299
1295 1296
1682 1683
1688 1689
1690 1691
1692 1693
1695 1697
1700 1701
284 285
282 283
286 287
539 541
561 569
140 142
116 118
145 150
1558 1563
463 465
55 60
1546 1551
1590 1595
1559 1562
1233 1235
1599 1601
1612 1617
479 487
1194 1196
1606 1609
1226 1229
35 37
67 72
449 462
490 498
43 62
1212 1220
1249 1262
1556 1597
1568 1583
1628 1635
565 566
759 761
794 796
754 763
387 395
423 425
254 256
289 291
249 258
288 290
693 695
725 727
1281 1283
1296 1298
1314 1316
1343 1344
1352 1354
1381 1383
1401 1403
1433 1435
1443 1445
1472 1474
1495 1497
1526 1528
1535 1537
1656 1658
1691 1693
1721 1730
1759 1761
1760 1762
1793 1795
1827 1829
1855 1863
1860 1861
1891 1893
1892 1894
1920 1929
1958 1960
1959 1961
1991 1993
2024 2026
2052 2060
2057 2058
2088 2090
2089 2091
2117 2126
2155 2157
2156 2158
2188 2190
2220 2222
324 326
359 361
621 630
660 662
626 628
661 663
392 393
424 426
802 804
374 375
432 434
745 746
801 803
378 379
431 433
236 237
240 241
296 298
612 613
668 670
1266 1267
1299 1301
1305 1306
1334 1335
1356 1360
1385 1389
1392 1393
1421 1422
1447 1451
1476 1480
1483 1484
1517 1518
1539 1543
1642 1643
1698 1700
1699 1701
1708 1709
1767 1769
1775 1776
1779 1780
1834 1836
1835 1837
1842 1843
1846 1847
1899 1901
1900 1902
1907 1908
1966 1968
1974 1975
1978 1979
2031 2033
2032 2034
2039 2040
2043 2044
2096 2098
2097 2099
2104 2105
2163 2165
2171 2172
2175 2176
2229 2231
310 311
366 368
367 369
608 609
676 677
734 736
81 90
1254 1262
1568 1569
1631 1633
1201 1202
1255 1264
1556 1557
1625 1635
449 450
494 498
87 88
1220 1237
1583 1603
1619 1621
1231 1232
1258 1259
1597 1598
1628 1629
490 492
503 505
553 555
250 251
244 246
253 255
1647 1649
1652 1653
1655 1657
1983 1984
1987 1988
2113 2115
388 389
315 317
320 321
1716 1718
1717 1719
1725 1727
1784 1786
1789 1790
1792 1794
1850 1852
1856 1857
1915 1917
1916 1918
1924 1926
2047 2049
2053 2054
2180 2181
2184 2185
2187 2189
749 751
750 752
755 756
616 618
625 627
622 623
692 694
685 686
689 690
381 400
397 398
1645 1666
1662 1663
1664 1665
1981 2000
1996 1997
238 266
313 334
330 331
1990 1992
2112 2114
2121 2123
382 384
323 325
743 771
767 768
1710 1738
1734 1735
1782 1803
1799 1800
1801 1802
1844 1870
1849 1868
1865 1866
1909 1937
1933 1934
2041 2067
2046 2065
2062 2063
2178 2197
2193 2194
2195 2196
683 702
698 699
610 638
748 769
765 766
678 704
700 701
376 402
1998 1999
2106 2134
2130 2131
332 333
570 571
101 103
164 165
39 41
1198 1200
445 446
54 61
1211 1236
1589 1596
461 469
241 265
236 267
285 297
379 401
419 431
374 403
420 432
1638 1669
1979 2001
2019 2031
2104 2135
2109 2133
2152 2164
1686 1698
1912 1936
306 337
354 366
1842 1871
1888 1900
1780 1804
1822 1834
1847 1869
1887 1899
741 772
790 802
613 637
608 639
657 669
282 288
390 392
252 254
386 387
417 423
681 703
721 733
1654 1656
1685 1691
1985 1986
2017 2023
2018 2024
2120 2122
2150 2156
1650 1651
1684 1690
1708 1739
1713 1737
1756 1768
1907 1938
1955 1967
2039 2068
2044 2066
2084 2096
2085 2097
2176 2198
2216 2228
789 801
318 319
352 358
322 324
353 359
687 688
719 725
654 660
624 626
1858 1860
1787 1788
1791 1793
1820 1826
1821 1827
1854 1855
1885 1891
720 726
1724 1726
1754 1760
1923 1925
1953 1959
2051 2052
2055 2057
2082 2088
2182 2183
2214 2220
2215 2221
757 759
788 794
753 754
787 793
445 449
461 462
1211 1220
1582 1583
1564 1568
54 62
1589 1597
1552 1556
39 43
1209 1213
1554 1557
1565 1569
446 450
469 470
41 44
1236 1237
1596 1598
1602 1603
39 54
1552 1589
1564 1582
1553 1555
1566 1567
447 448
1578 1588
456 460
128 130
143 144
534 536
563 564
557 558
518 520
149 166
113 115
162 163
569 570
593 594
138 235
147 150
515 517
549 550
543 598
562 568
140 158
552 553
580 581
125 127
160 161
530 532
546 547
109 111
165 167
571 572
556 557
566 567
589 590
757 782
786 788
1720 1745
1751 1753
2055 2077
2080 2082
2081 2083
2182 2205
2186 2209
2212 2214
2213 2215
687 710
717 719
691 714
718 720
1858 1880
1884 1886
1787 1811
1791 1815
1819 1821
1883 1885
620 645
652 654
415 417
1654 1679
1683 1685
1985 2008
1989 2012
2016 2018
2116 2141
2147 2149
1650 1675
1919 1944
1950 1952
390 412
416 418
322 347
351 353
318 343
248 273
280 282
770 776
789 791
1739 1740
1755 1757
1756 1758
1938 1939
1955 1957
2066 2071
2068 2069
2084 2086
2198 2203
2217 2219
639 640
657 659
656 658
703 708
722 724
772 773
1871 1872
1804 1809
1822 1824
1823 1825
1869 1874
1887 1889
355 357
335 341
354 356
1687 1689
2001 2006
2019 2021
2020 2022
2135 2136
2151 2153
2152 2154
1667 1673
1686 1688
1954 1956
267 268
285 287
403 404
401 406
419 421
284 286
336 339
1999 2009
2002 2004
2131 2142
2134 2137
399 409
701 711
704 706
766 780
769 775
635 646
638 641
1735 1746
1736 1742
1738 1741
1800 1813
1803 1808
1805 1807
1866 1878
1867 1877
1868 1873
1934 1945
1935 1941
1937 1940
2063 2075
2064 2074
2065 2070
2194 2207
2196 2206
2199 2201
263 274
266 269
633 647
636 642
699 712
331 345
334 340
1663 1677
1666 1672
1668 1671
1997 2010
2132 2138
261 275
264 270
398 410
400 405
314 349
382 414
391 411
1982 2014
2121 2144
684 716
685 715
689 709
617 650
749 784
758 781
1717 1749
1722 1744
1725 1748
1783 1817
1789 1810
1850 1882
1851 1881
1859 1879
1916 1948
1921 1943
1924 1947
2047 2079
2048 2078
2056 2076
2179 2211
2180 2210
2184 2204
755 777
616 651
625 648
320 342
383 413
244 279
253 276
1646 1681
1652 1674
1983 2013
1987 2007
2113 2145
2118 2140
245 278
226 227
1642 1644
1702 1704
435 437
310 312
370 372
300 302
1978 1980
2035 2037
2108 2110
1639 1641
1703 1705
2100 2102
1712 1714
677 679
738 740
672 674
1779 1781
1838 1840
2175 2177
2232 2234
745 747
805 807
1903 1905
1911 1913
680 682
737 739
742 744
806 808
1776 1778
1839 1841
1971 1973
1975 1977
2036 2038
2040 2042
307 309
371 373
375 377
1772 1774
2172 2174
2233 2235
1843 1845
2168 2170
395 396
1660 1661
1694 1695
328 329
362 363
2027 2028
2126 2127
2159 2160
258 259
292 293
763 764
1696 1697
729 730
2060 2061
1730 1731
1763 1764
1797 1798
1830 1831
2224 2225
256 257
630 631
664 665
1863 1864
1929 1930
1962 1963
393 394
1832 1833
1927 1928
1964 1965
1993 1994
2029 2030
2058 2059
1728 1729
1765 1766
2190 2191
2226 2227
799 800
1861 1862
2124 2125
2161 2162
695 696
731 732
628 629
364 365
115 225
573 574
447 460
40 53
1566 1581
144 152
231 232
527 529
155 156
548 549
586 587
127 230
153 161
105 107
156 157
511 513
551 552
159 160
228 229
142 157
554 555
591 592
584 585
