15315214404128425987 507 600
-0.173938 -0.107485 0.023657
0.066825 0.212836 0.018379
0.121278 -0.205335 0.002416
-0.173938 -0.107485 0.023657
0.067672 -0.095055 0.085109
0.066825 0.212836 0.018379
0.121278 -0.205335 0.002416
0.067672 -0.095055 0.085109
-0.173938 -0.107485 0.023657
0.067672 -0.095055 0.085109
0.113239 0.153013 0.061444
-0.105269 0.153013 0.061444
-0.105269 -0.151439 0.061444
0.113239 -0.151439 0.061444
-0.105269 0.153013 0.061444
0.113239 0.153013 0.061444
0.113239 0.153013 -0.000673
-0.105269 0.153013 -0.000673
0.113239 -0.151439 -0.000673
-0.105269 -0.151439 -0.000673
-0.105269 0.153013 -0.000673
0.113239 0.153013 -0.000673
0.113239 -0.151439 0.061444
-0.105269 -0.151439 0.061444
-0.105269 -0.151439 -0.000673
0.113239 -0.151439 -0.000673
0.113239 -0.151439 -0.000673
0.113239 0.153013 -0.000673
0.113239 -0.151439 0.061444
0.113239 0.153013 0.061444
-0.105269 0.153013 0.061444
-0.105269 -0.151439 -0.000673
-0.105269 -0.151439 0.061444
-0.105269 0.153013 -0.000673
-0.110786 -0.145943 0.038364
-0.110786 -0.145943 -0.000143
-0.097353 -0.159376 0.038364
-0.097353 -0.159376 -0.000143
-0.097353 -0.159376 0.038364
0.105742 -0.159376 0.038364
-0.097353 -0.145943 0.051797
0.105742 -0.145943 0.051797
-0.110786 0.147600 0.038364
-0.110786 -0.145943 0.038364
-0.097353 0.147600 0.051797
-0.097353 -0.145943 0.051797
0.105742 -0.159376 0.038364
0.105742 -0.159376 -0.000143
0.119175 -0.145943 0.038364
0.119175 -0.145943 -0.000143
0.105742 0.147600 0.051797
0.105742 -0.145943 0.051797
0.119175 0.147600 0.038364
0.119175 -0.145943 0.038364
-0.097353 0.161033 -0.000143
-0.110786 0.147600 0.038364
-0.097353 0.161033 0.038364
-0.110786 0.147600 -0.000143
0.105742 0.147600 0.051797
-0.097353 0.161033 0.038364
-0.097353 0.147600 0.051797
0.105742 0.161033 0.038364
0.119175 0.147600 0.038364
0.119175 0.147600 -0.000143
0.105742 0.161033 0.038364
0.105742 0.161033 -0.000143
-0.110786 -0.145943 -0.000143
-0.110786 0.147600 -0.000143
-0.097353 -0.145943 -0.013576
-0.097353 0.147600 -0.013576
0.105742 0.161033 -0.000143
-0.097353 0.147600 -0.013576
-0.097353 0.161033 -0.000143
0.105742 0.147600 -0.013576
0.105742 -0.145943 -0.013576
0.105742 0.147600 -0.013576
0.119175 -0.145943 -0.000143
0.119175 0.147600 -0.000143
-0.097353 -0.145943 -0.013576
0.105742 -0.145943 -0.013576
-0.097353 -0.159376 -0.000143
0.105742 -0.159376 -0.000143
0.105742 0.147600 0.051797
-0.097353 0.147600 0.051797
-0.097353 -0.145943 0.051797
0.105742 -0.145943 0.051797
-0.097353 0.161033 0.038364
0.105742 0.161033 0.038364
0.105742 0.161033 -0.000143
-0.097353 0.161033 -0.000143
0.105742 -0.145943 -0.013576
-0.097353 -0.145943 -0.013576
-0.097353 0.147600 -0.013576
0.105742 0.147600 -0.013576
0.105742 -0.159376 0.038364
-0.097353 -0.159376 0.038364
-0.097353 -0.159376 -0.000143
0.105742 -0.159376 -0.000143
0.119175 -0.145943 -0.000143
0.119175 0.147600 -0.000143
0.119175 -0.145943 0.038364
0.119175 0.147600 0.038364
-0.110786 0.147600 0.038364
-0.110786 -0.145943 -0.000143
-0.110786 -0.145943 0.038364
-0.110786 0.147600 -0.000143
-0.097353 -0.159376 0.038364
-0.097353 -0.145943 0.051797
-0.110786 -0.145943 0.038364
0.119175 -0.145943 0.038364
0.105742 -0.145943 0.051797
0.105742 -0.159376 0.038364
-0.110786 0.147600 0.038364
-0.097353 0.147600 0.051797
-0.097353 0.161033 0.038364
0.105742 0.161033 0.038364
0.105742 0.147600 0.051797
0.119175 0.147600 0.038364
-0.110786 0.147600 -0.000143
-0.097353 0.161033 -0.000143
-0.097353 0.147600 -0.013576
0.105742 0.147600 -0.013576
0.105742 0.161033 -0.000143
0.119175 0.147600 -0.000143
-0.110786 -0.145943 -0.000143
-0.097353 -0.145943 -0.013576
-0.097353 -0.159376 -0.000143
0.105742 -0.159376 -0.000143
0.105742 -0.145943 -0.013576
0.119175 -0.145943 -0.000143
0.113076 -0.134275 -0.002202
0.097726 -0.120774 0.046660
-0.075181 -0.166068 -0.002202
0.048699 -0.079784 0.047462
0.097726 0.000000 0.046660
0.048798 -0.051051 0.072776
0.040547 -0.021267 0.069899
0.048798 -0.051051 0.072776
0.040547 -0.021267 0.069899
-0.048798 -0.024785 0.072776
-0.040547 -0.054568 0.069899
0.048699 -0.079784 0.047462
-0.040547 -0.054568 0.069899
-0.097726 -0.120774 0.046660
-0.113076 -0.134275 -0.002202
-0.113076 0.134275 -0.002202
-0.097726 0.000000 0.046660
-0.097726 0.120774 0.046660
-0.048699 -0.079784 0.047462
-0.097726 -0.120774 0.046660
0.048699 -0.079784 0.047462
0.097726 -0.120774 0.046660
0.048699 -0.079784 0.047462
-0.040547 -0.054568 0.069899
-0.048699 -0.079784 0.047462
-0.048798 -0.024785 0.072776
-0.097726 0.000000 0.046660
-0.097726 0.120774 0.046660
0.097726 0.120774 0.046660
-0.075181 0.166068 -0.002202
0.113076 0.134275 -0.002202
0.113076 -0.134275 -0.002202
0.097726 0.000000 0.046660
0.097726 -0.120774 0.046660
0.048699 0.079784 0.047462
0.097726 0.120774 0.046660
-0.097726 0.120774 0.046660
0.097726 0.000000 0.046660
0.060623 0.054568 0.047381
0.040547 0.054568 0.069899
0.060623 0.054568 0.047381
0.060623 0.021267 0.047381
0.040547 0.054568 0.069899
0.060623 0.054568 0.047381
0.097726 0.000000 0.046660
-0.048699 0.079784 0.047462
0.040547 0.054568 0.069899
0.048699 0.079784 0.047462
0.060623 0.021267 0.047381
0.040547 -0.021267 0.069899
-0.040547 0.021267 0.069899
-0.075181 0.166068 -0.002202
-0.048699 0.079784 0.047462
-0.040547 0.021267 0.069899
0.060623 0.021267 0.047381
-0.048699 0.079784 0.047462
-0.097726 0.000000 0.046660
-0.048798 0.051051 0.072776
-0.048699 0.079784 0.047462
0.060623 0.021267 0.047381
-0.097726 0.000000 0.046660
-0.048798 -0.024785 0.072776
-0.040547 0.021267 0.069899
0.040547 -0.021267 0.069899
-0.048699 -0.079784 0.047462
-0.048699 0.079784 0.047462
0.048699 -0.079784 0.047462
-0.113076 -0.134275 -0.002202
-0.097726 -0.120774 0.046660
-0.097726 0.120774 0.046660
-0.097726 0.000000 0.046660
-0.048699 0.079784 0.047462
0.113076 0.134275 -0.002202
0.097726 0.120774 0.046660
0.097726 -0.120774 0.046660
0.048699 -0.079784 0.047462
0.048699 -0.079784 0.047462
-0.048699 0.079784 0.047462
0.075181 -0.166068 -0.002202
0.061839 -0.148504 0.046661
-0.075181 -0.166068 -0.002202
-0.061839 -0.148504 0.046661
0.113076 -0.134275 -0.002202
0.097726 -0.120774 0.046660
0.061839 -0.148504 0.046661
0.075181 -0.166068 -0.002202
0.097726 -0.120774 0.046660
0.048699 -0.079784 0.047462
0.061839 -0.148504 0.046661
-0.061839 -0.148504 0.046661
-0.036662 -0.092421 0.047301
0.060623 -0.054568 0.047381
0.097726 0.000000 0.046660
0.064637 -0.024785 0.050460
0.060623 -0.021267 0.047381
0.040547 -0.021267 0.069899
0.048798 -0.051051 0.072776
0.040547 -0.054568 0.069899
-0.048798 -0.024785 0.072776
-0.040547 -0.021267 0.069899
0.060623 -0.021267 0.047381
0.060623 -0.054568 0.047381
0.040547 -0.021267 0.069899
0.040547 -0.054568 0.069899
0.093774 -0.054568 0.046986
0.093774 -0.054568 0.046986
0.060623 -0.054568 0.047381
-0.040547 -0.054568 0.069899
-0.097726 -0.120774 0.046660
-0.113076 -0.134275 -0.002202
-0.113076 0.134275 -0.002202
-0.097726 0.000000 0.046660
-0.097726 0.120774 0.046660
-0.048699 -0.079784 0.047462
-0.097726 -0.120774 0.046660
-0.060623 -0.021267 0.047381
-0.093774 -0.021267 0.046986
-0.060623 -0.054568 0.047381
-0.060623 -0.021267 0.047381
-0.040547 -0.021267 0.069899
-0.060623 -0.054568 0.047381
-0.040547 -0.054568 0.069899
-0.093774 -0.054568 0.046986
-0.036662 -0.092421 0.047301
-0.040547 -0.054568 0.069899
-0.048699 -0.079784 0.047462
0.040547 -0.054568 0.069899
0.048699 -0.079784 0.047462
-0.093774 -0.021267 0.046986
-0.097726 0.000000 0.046660
-0.093774 -0.054568 0.046986
-0.060623 -0.054568 0.047381
-0.040547 -0.021267 0.069899
0.061839 0.148504 0.046661
0.097726 0.120774 0.046660
0.075181 0.166068 -0.002202
0.113076 0.134275 -0.002202
0.097726 0.000000 0.046660
0.048699 0.079784 0.047462
0.097726 0.120774 0.046660
0.036662 0.092421 0.047301
0.061839 0.148504 0.046661
0.060623 0.021267 0.047381
0.097726 0.000000 0.046660
0.048798 0.024785 0.072776
0.060623 0.054568 0.047381
0.040547 0.021267 0.069899
0.040547 0.054568 0.069899
0.060623 0.021267 0.047381
0.040547 0.021267 0.069899
0.060623 0.054568 0.047381
0.040547 0.054568 0.069899
0.093774 0.054568 0.046986
0.048699 0.079784 0.047462
0.036662 0.092421 0.047301
0.040547 0.054568 0.069899
-0.040547 0.054568 0.069899
-0.048699 0.079784 0.047462
0.093774 0.054568 0.046986
0.097726 0.000000 0.046660
0.060623 0.054568 0.047381
0.040547 0.021267 0.069899
0.040547 -0.021267 0.069899
-0.040547 0.021267 0.069899
-0.075181 0.166068 -0.002202
-0.061839 0.148504 0.046661
-0.075181 0.166068 -0.002202
-0.061839 0.148504 0.046661
-0.097726 0.120774 0.046660
-0.048699 0.079784 0.047462
-0.061839 0.148504 0.046661
-0.060623 0.021267 0.047381
-0.040547 0.021267 0.069899
-0.097726 0.000000 0.046660
-0.040547 0.054568 0.069899
-0.060623 0.054568 0.047381
-0.048798 0.051051 0.072776
-0.060623 0.021267 0.047381
-0.060623 0.054568 0.047381
-0.040547 0.021267 0.069899
-0.040547 0.054568 0.069899
-0.093774 0.054568 0.046986
-0.093774 0.054568 0.046986
-0.060623 0.054568 0.047381
0.060623 0.021267 0.047381
-0.060623 0.021267 0.047381
-0.060623 -0.021267 0.047381
0.060623 -0.021267 0.047381
0.097726 0.000000 0.046660
-0.113076 -0.134275 -0.002202
-0.097726 -0.120774 0.046660
0.113076 0.134275 -0.002202
0.097726 0.120774 0.046660
-0.075156 -0.166065 0.020722
0.075181 -0.166068 -0.002202
0.075156 -0.166065 0.020722
-0.075181 -0.166068 -0.002202
-0.061839 -0.148504 0.046661
0.061839 -0.148504 0.046661
0.075156 -0.166065 0.020722
0.113098 -0.134347 0.020692
0.097726 -0.120774 0.046660
0.061839 -0.148504 0.046661
0.075181 -0.166068 -0.002202
0.113076 -0.134275 -0.002202
0.097726 -0.120774 0.046660
0.036662 -0.092421 0.047301
0.061839 -0.148504 0.046661
0.048699 -0.079784 0.047462
-0.036662 -0.092421 0.047301
-0.061839 -0.148504 0.046661
0.093774 -0.021267 0.046986
0.060623 -0.021267 0.047381
0.064637 -0.024785 0.050460
0.090340 -0.024785 0.050459
0.064637 -0.051051 0.050460
0.093774 -0.054568 0.046986
0.090340 -0.051051 0.050459
0.060623 -0.054568 0.047381
0.045783 -0.021267 0.069899
0.048798 -0.024785 0.072776
0.045783 -0.054568 0.069899
0.048798 -0.051051 0.072776
-0.040547 -0.021267 0.069899
0.040547 -0.021267 0.069899
-0.048798 -0.024785 0.072776
0.040547 -0.054568 0.069899
0.045783 -0.054568 0.069899
0.045783 -0.021267 0.069899
0.060623 -0.021267 0.047381
0.060623 -0.054568 0.047381
-0.048798 -0.051051 0.072776
0.045791 -0.076147 0.064275
0.031076 -0.081244 0.069899
0.034814 -0.087524 0.064275
0.040547 -0.070540 0.069899
0.048699 -0.079784 0.047462
0.036662 -0.092421 0.047301
0.093774 -0.054568 0.046986
0.060623 -0.054568 0.047381
0.040547 -0.054568 0.069899
-0.040547 -0.054568 0.069899
0.040547 -0.054568 0.069899
0.040547 -0.021267 0.069899
-0.097726 -0.120774 0.046660
-0.113098 -0.134347 0.020692
-0.113098 0.134347 0.020692
-0.097726 0.000000 0.046660
-0.097726 0.120774 0.046660
-0.113076 -0.134275 -0.002202
-0.113098 -0.134347 0.020692
-0.113076 0.134275 -0.002202
-0.113076 -0.134275 -0.002202
-0.097726 -0.120774 0.046660
-0.048699 -0.079784 0.047462
-0.060623 -0.021267 0.047381
-0.093774 -0.021267 0.046986
-0.064637 -0.024785 0.050460
-0.090340 -0.024785 0.050459
-0.093774 -0.054568 0.046986
-0.064637 -0.051051 0.050460
-0.090340 -0.051051 0.050459
-0.060623 -0.054568 0.047381
-0.045783 -0.021267 0.069899
-0.045783 -0.054568 0.069899
-0.045783 -0.054568 0.069899
-0.060623 -0.021267 0.047381
-0.045783 -0.021267 0.069899
-0.060623 -0.054568 0.047381
-0.031076 -0.081244 0.069899
-0.045791 -0.076147 0.064275
-0.034814 -0.087524 0.064275
-0.040547 -0.070540 0.069899
-0.048699 -0.079784 0.047462
-0.036662 -0.092421 0.047301
-0.045791 0.076147 0.064275
-0.048699 0.079784 0.047462
-0.097726 0.000000 0.046660
-0.093774 -0.054568 0.046986
-0.093774 -0.021267 0.046986
-0.060623 -0.054568 0.047381
-0.040547 -0.054568 0.069899
-0.040547 -0.021267 0.069899
-0.040547 -0.021267 0.069899
-0.040547 -0.054568 0.069899
0.075156 0.166065 0.020722
0.097726 0.120774 0.046660
0.113098 0.134347 0.020692
0.061839 0.148504 0.046661
0.097726 0.000000 0.046660
0.113098 0.134347 0.020692
0.113076 0.134275 -0.002202
0.075181 0.166068 -0.002202
0.113076 0.134275 -0.002202
0.097726 0.120774 0.046660
0.036662 0.092421 0.047301
0.048699 0.079784 0.047462
0.061839 0.148504 0.046661
0.060623 0.021267 0.047381
0.093774 0.021267 0.046986
0.064637 0.024785 0.050460
0.090340 0.024785 0.050459
0.093774 0.054568 0.046986
0.064637 0.051051 0.050460
0.090340 0.051051 0.050459
0.060623 0.054568 0.047381
0.045783 0.021267 0.069899
0.048798 0.024785 0.072776
0.048798 0.051051 0.072776
0.045783 0.054568 0.069899
0.040547 0.054568 0.069899
0.045783 0.054568 0.069899
0.060623 0.021267 0.047381
0.045783 0.021267 0.069899
0.060623 0.054568 0.047381
0.045791 0.076147 0.064275
0.031076 0.081244 0.069899
0.040547 0.070540 0.069899
0.034814 0.087524 0.064275
0.048699 0.079784 0.047462
0.036662 0.092421 0.047301
-0.036662 0.092421 0.047301
-0.034814 0.087524 0.064275
-0.031076 0.081244 0.069899
0.093774 0.054568 0.046986
0.097726 0.000000 0.046660
0.093774 0.021267 0.046986
0.060623 0.054568 0.047381
-0.040547 0.070540 0.069899
0.040547 0.054568 0.069899
0.040547 0.021267 0.069899
-0.040547 0.021267 0.069899
0.040547 -0.021267 0.069899
0.040547 0.021267 0.069899
0.040547 0.021267 0.069899
0.040547 0.054568 0.069899
-0.075156 0.166065 0.020722
-0.075181 0.166068 -0.002202
-0.061839 0.148504 0.046661
-0.075156 0.166065 0.020722
-0.061839 0.148504 0.046661
-0.075181 0.166068 -0.002202
-0.036662 0.092421 0.047301
-0.097726 0.120774 0.046660
-0.048699 0.079784 0.047462
-0.061839 0.148504 0.046661
-0.064637 0.024785 0.050460
-0.090340 0.024785 0.050459
-0.093774 0.021267 0.046986
-0.060623 0.021267 0.047381
-0.093774 0.054568 0.046986
-0.064637 0.051051 0.050460
-0.060623 0.054568 0.047381
-0.090340 0.051051 0.050459
-0.045783 0.021267 0.069899
-0.048798 0.024785 0.072776
-0.045783 0.054568 0.069899
-0.048798 0.051051 0.072776
-0.040547 0.021267 0.069899
-0.040547 0.054568 0.069899
-0.045783 0.054568 0.069899
-0.045783 0.021267 0.069899
-0.060623 0.021267 0.047381
-0.060623 0.054568 0.047381
-0.093774 0.054568 0.046986
-0.060623 0.054568 0.047381
-0.040547 0.054568 0.069899
-0.040547 0.021267 0.069899
-0.040547 0.054568 0.069899
0.060623 0.021267 0.047381
-0.060623 0.021267 0.047381
-0.093774 0.021267 0.046986
-0.060623 -0.021267 0.047381
0.093774 -0.021267 0.046986
0.060623 -0.021267 0.047381
-0.097726 -0.120774 0.046660
0.097726 0.120774 0.046660
1 2
1 6
0 1
3 5
1 9
4 5
0 2
6 8
10 13
11 12
18 21
26 27
28 29
30 32
31 33
44 45
50 51
52 53
66 67
68 69
74 75
76 77
82 85
83 84
90 93
91 92
98 99
100 101
102 104
103 105
330 420
376 380
145 197
161 202
212 321
240 319
379 381
3 4
7 8
10 11
12 13
14 15
16 17
18 19
20 21
22 23
24 25
38 39
40 41
58 60
59 61
70 72
71 73
78 79
80 81
82 83
84 85
86 87
88 89
90 91
92 93
94 95
96 97
149 151
157 158
165 166
130 132
159 160
154 207
164 196
177 206
194 195
217 268
243 299
255 287
257 283
338 426
366 449
384 474
403 406
362 445
400 405
208 210
265 294
324 326
422 467
323 325
415 466
6 7
6 9
167 183
153 178
209 211
218 219
263 295
271 300
327 328
337 340
418 468
427 475
146 147
146 198
149 156
162 163
165 174
174 204
199 200
213 267
216 318
241 242
241 320
244 259
259 298
267 322
269 289
331 419
335 455
377 378
377 505
383 407
407 473
419 506
424 455
149 155
177 179
178 180
183 184
189 196
350 355
352 361
437 485
438 487
148 150
152 154
164 182
175 177
141 142
152 153
169 188
133 134
174 205
185 186
200 201
137 142
169 187
226 237
277 306
138 139
225 228
274 302
138 140
153 179
217 220
253 257
270 299
284 287
167 169
225 229
254 256
262 292
276 302
277 304
285 286
291 293
353 354
356 371
370 411
412 462
459 496
460 461
463 488
153 180
134 135
186 187
303 306
336 339
367 404
425 472
450 451
132 143
157 159
364 401
448 452
167 168
173 174
273 275
303 305
134 136
174 193
183 186
190 192
302 303
148 149
150 151
166 182
199 201
204 205
179 206
180 207
192 195
193 196
363 399
446 453
14 17
15 16
22 25
23 24
26 28
27 29
30 33
31 32
155 156
190 191
273 274
148 155
191 194
177 178
222 234
235 318
259 312
273 282
288 289
303 311
208 209
210 211
214 215
263 265
294 295
296 297
130 131
143 144
145 147
158 160
161 163
197 198
202 203
212 213
238 239
240 242
264 266
319 320
321 322
178 179
189 193
228 246
132 144
145 181
210 239
212 215
240 296
265 266
326 382
333 334
381 471
422 423
323 375
329 330
376 469
415 417
246 247
191 192
211 238
213 214
219 244
242 297
263 264
269 271
298 300
327 374
331 332
335 337
340 383
378 470
416 418
424 427
473 475
171 172
176 178
253 254
284 285
167 184
174 189
222 224
272 273
301 303
314 318
262 293
291 292
412 461
460 462
222 223
34 35
36 37
46 47
48 49
54 56
55 57
62 63
87 88
94 97
95 96
98 100
99 101
102 105
103 104
133 135
137 141
185 187
187 188
223 226
153 154
176 177
254 255
256 257
283 285
286 287
323 327
325 328
329 332
415 418
466 468
469 470
232 233
249 251
254 262
256 292
279 281
285 291
286 293
309 310
370 462
372 373
411 412
413 414
461 496
464 465
497 498
246 252
258 260
341 346
368 503
386 389
408 409
429 432
454 456
478 480
494 501
170 171
173 189
230 231
236 317
248 250
261 316
278 280
307 308
313 315
357 358
359 360
369 504
395 397
396 398
441 443
442 444
457 499
490 491
492 493
495 500
258 316
341 342
385 386
409 502
456 499
478 479
500 501
221 234
235 236
247 252
260 261
275 282
288 290
305 311
312 313
346 348
368 369
389 392
408 410
432 435
454 457
494 495
330 331
374 375
376 378
380 505
416 417
420 506
223 225
139 140
139 142
228 237
274 277
135 136
137 138
225 226
221 223
168 169
170 172
221 227
231 233
237 247
250 251
275 277
280 281
304 305
308 310
224 225
229 245
230 232
248 249
272 276
278 279
301 302
307 309
272 274
221 226
305 306
343 350
345 352
355 387
361 390
430 437
433 438
476 485
481 487
342 349
357 360
358 359
385 393
395 398
396 397
428 436
435 439
441 444
442 443
479 484
482 486
490 493
491 492
344 347
388 391
431 434
477 483
343 345
350 352
355 361
387 390
430 433
437 438
476 481
485 487
345 347
390 391
433 434
481 483
343 344
387 388
430 431
476 477
323 326
324 325
329 333
415 422
466 467
469 471
330 334
375 382
379 380
417 423
420 421
34 36
35 37
106 108
124 126
78 80
79 81
125 126
127 128
38 40
39 41
106 107
110 111
46 48
47 49
127 129
66 68
67 69
118 120
124 125
42 44
43 45
107 108
112 113
54 57
55 56
112 114
118 119
70 73
71 72
74 76
75 77
119 120
121 122
121 123
128 129
50 52
51 53
58 61
59 60
109 110
113 114
115 116
116 117
62 64
63 65
115 117
122 123
364 367
401 404
448 450
451 452
220 243
253 255
268 270
283 284
336 338
339 384
366 367
403 404
406 451
425 426
449 450
472 474
362 366
400 403
405 406
445 449
365 370
402 411
447 459
458 496
400 401
405 452
445 448
363 365
399 402
446 447
453 458
226 227
304 306
228 229
223 224
342 343
385 387
428 430
476 479
345 348
390 392
433 435
481 482
341 344
386 388
429 431
477 478
346 347
389 391
432 434
480 483
349 350
355 393
436 437
484 485
351 352
361 394
438 439
486 487
351 356
357 372
371 394
395 414
439 440
441 465
486 489
490 498
349 354
353 393
358 373
397 413
436 463
443 464
484 488
491 497
