17497497052656929091 2419 1900
0.080847 -1.161246 0.045192
-0.437267 -1.131319 0.012730
-0.034811 -1.114196 -0.002579
-0.428591 -0.619439 0.047023
-0.430532 0.329525 -0.007040
0.339219 0.667747 -0.007331
-0.274500 0.679341 0.009236
0.339219 0.667747 -0.007331
-0.445540 0.991432 -0.010208
0.357168 1.124076 -0.005629
0.439441 -0.646265 -0.000258
0.519569 -1.136448 -0.007377
-0.307899 0.694590 0.007656
-0.126836 1.094972 0.203382
0.339219 0.667747 -0.007331
0.519569 -1.136448 -0.007377
0.153120 -0.738092 0.249182
-0.034811 -1.114196 -0.002579
-0.445540 0.991432 -0.010208
0.339219 0.667747 -0.007331
-0.174443 0.141172 0.340268
-0.307899 0.694590 0.007656
-0.437267 -1.131319 0.012730
0.080847 -1.161246 0.045192
0.375234 -1.174285 0.015486
0.128706 -1.151290 -0.002625
0.461979 -1.154890 0.000330
-0.194344 -1.141944 0.024528
-0.381810 -1.109719 -0.002426
-0.040479 -1.100855 -0.002133
0.472754 -0.769057 0.002914
0.472767 -1.076426 0.013244
-0.297402 -0.749119 0.004550
-0.477014 -0.903388 0.004820
-0.415765 -0.726874 -0.001836
-0.463155 -0.849471 0.031367
-0.376891 -0.621959 0.003312
-0.322088 -0.613818 0.024986
-0.391346 -0.369621 0.023363
0.396161 -0.147073 0.008688
0.413788 -0.416349 0.006234
-0.455832 -0.053850 0.001628
-0.454021 0.193431 0.002783
0.136243 0.431920 0.000963
0.387923 0.117244 0.001163
-0.412414 0.320287 0.001250
0.275123 0.490735 -0.004871
0.214483 0.652555 -0.003080
0.294430 0.609194 -0.001632
-0.285984 0.549920 -0.001233
-0.279617 0.687037 0.004662
0.233237 0.612047 0.026658
-0.297306 0.631844 0.041457
-0.328250 0.627847 0.035160
-0.418626 0.830058 0.006741
-0.406035 0.899903 0.003507
0.357665 1.072410 0.004326
0.249151 1.139456 -0.003557
-0.365851 1.084377 0.009657
-0.253713 1.086570 -0.003912
0.009471 0.967617 -0.003623
0.020444 1.054042 0.012029
0.120657 1.101720 0.018758
0.258114 -1.169755 0.021565
-0.023475 -1.150138 0.042209
-0.323902 -0.647077 0.063433
-0.290692 -0.573353 0.016490
0.363331 -0.565301 0.010319
0.383939 -0.523309 0.061459
0.371664 -0.095802 0.054372
0.370244 -0.052065 0.013033
0.374527 0.287023 0.007033
-0.415515 0.433525 0.038307
0.230981 0.511622 0.025637
-0.415515 0.433525 0.038307
-0.359487 0.549789 0.001899
-0.324213 0.519010 0.024777
-0.242822 1.126835 0.028348
0.082149 1.165648 0.056029
-0.348937 1.135189 0.043018
-0.279160 1.171834 0.018845
0.260030 1.144776 0.062388
0.082474 -1.154479 0.037004
-0.404691 -1.107846 0.039952
-0.483180 -1.055881 0.028337
0.418669 -0.664542 0.012984
-0.454021 0.193431 0.002783
0.304768 0.525850 0.083051
0.230981 0.511622 0.025637
0.268344 0.602318 0.026720
-0.422310 0.696235 0.029790
0.473248 -1.164452 0.034594
-0.416717 -1.072458 0.111640
-0.138937 -0.979536 0.024384
-0.468427 -0.993929 0.009855
-0.333689 -0.761603 0.037777
0.387923 0.117244 0.001163
-0.392159 0.515807 0.087371
-0.415515 0.433525 0.038307
-0.324213 0.519010 0.024777
0.233237 0.612047 0.026658
0.233237 0.612047 0.026658
0.259625 0.622582 0.019998
0.233237 0.612047 0.026658
0.294430 0.609194 -0.001632
0.259625 0.622582 0.019998
0.345780 1.019851 0.016476
0.335560 0.671657 0.051273
0.297273 0.915369 0.020563
0.265917 1.067477 0.088260
0.005563 1.121562 0.117272
0.223580 -1.125154 0.039487
0.461979 -1.154890 0.000330
-0.194344 -1.141944 0.024528
-0.463155 -0.849471 0.031367
0.395061 -0.376623 0.017661
0.335560 0.671657 0.051273
0.268344 0.602318 0.026720
0.259625 0.622582 0.019998
0.179544 1.110734 0.131345
-0.079963 -0.957652 0.064476
0.322608 -0.867593 0.066867
-0.289080 -0.423603 0.087382
0.167269 0.218440 0.118569
0.204646 -0.086569 0.062076
0.290647 0.425297 0.035446
0.233237 0.612047 0.026658
0.199259 0.446668 0.062111
0.230981 0.511622 0.025637
0.304768 0.525850 0.083051
0.172199 0.828601 0.042921
0.188894 0.656458 0.027864
0.190105 0.964848 -0.007033
-0.361539 0.695502 0.063461
-0.393037 -0.617979 0.094743
0.287862 -0.396207 0.031957
0.371664 -0.095802 0.054372
-0.313675 0.347212 0.073523
-0.319633 -0.626925 0.076089
0.230981 0.511622 0.025637
-0.354682 0.585918 0.096323
-0.324213 0.519010 0.024777
-0.332956 0.661876 0.042019
-0.328250 0.627847 0.035160
-0.297306 0.631844 0.041457
-0.213705 0.882848 0.106073
0.040744 0.802428 0.077011
-0.374128 0.458902 0.102641
-0.023475 -1.150138 0.042209
-0.298771 0.470925 0.072192
-0.324213 0.519010 0.024777
-0.102552 1.066243 0.245439
-0.264068 1.132940 0.125084
-0.140875 1.036048 0.239148
0.222988 -0.744185 0.131248
0.335560 0.671657 0.051273
-0.119161 0.728672 0.210189
-0.354682 0.585918 0.096323
-0.056448 0.889313 0.155136
0.179544 1.110734 0.131345
-0.148000 -0.519475 0.282071
-0.266699 -0.591644 0.153581
-0.065143 0.983898 0.126392
0.030344 -0.782747 0.235987
0.178559 -0.728621 0.227934
-0.295417 -0.530862 0.108869
-0.319633 -0.626925 0.076089
-0.265946 -0.477629 0.075282
0.075489 0.399333 0.274242
0.058805 1.132032 0.121980
0.176889 -0.924905 0.186919
-0.215075 -0.144398 0.304054
-0.055452 1.077611 0.210911
-0.053415 0.590312 0.234624
-0.094527 -0.496309 0.319035
-0.063727 0.525195 0.261231
0.058054 0.354840 0.294811
0.007802 0.370585 0.285785
0.306068 -0.477670 -0.000835
0.230567 -0.622607 -0.002419
0.307761 -0.280651 -0.003962
0.213211 0.652971 0.006344
0.348848 1.018625 -0.001378
0.350122 0.688387 -0.004161
-0.321317 1.035419 -0.008202
-0.405796 0.900187 0.004447
0.375178 -1.172385 0.009548
0.212725 -1.149418 -0.003751
0.461342 -1.154395 0.001834
0.223564 -1.167591 0.008987
0.129659 -1.145358 0.008217
-0.202621 -1.139966 -0.003081
-0.109797 -1.132215 -0.000885
-0.067505 -1.147402 0.007029
-0.032605 -1.121646 0.010982
0.027844 -1.153249 0.017323
-0.125371 -1.003808 0.000995
0.459959 -0.801506 -0.002653
0.476553 -1.090242 0.002754
-0.465701 -0.971311 -0.004454
-0.389898 -0.776098 -0.001861
0.469670 -0.768727 0.007797
-0.297115 -0.749983 0.004672
-0.464209 -0.853414 0.010243
-0.414329 -0.726286 0.000269
0.281468 -0.665872 -0.000467
-0.372301 -0.624255 0.005726
-0.350350 -0.629283 0.011257
-0.293339 -0.640133 0.004685
-0.219271 -0.554575 0.001194
0.322232 -0.510774 0.017604
0.296747 -0.578290 0.004723
0.316374 -0.569885 0.018370
0.364734 -0.563243 -0.001699
0.351713 -0.612085 0.007144
0.398998 -0.375701 -0.002434
0.411601 -0.416474 0.009447
-0.254073 -0.417586 0.012006
-0.287378 -0.340982 0.001719
-0.430971 -0.189817 0.004289
0.382194 -0.155031 -0.000694
0.323432 -0.129503 0.015481
0.280937 -0.000770 0.001647
0.352499 -0.072297 0.003497
0.324005 0.007192 0.008776
0.375473 0.135224 -0.002961
0.273658 0.355192 -0.001596
0.387396 0.117515 0.012234
0.372516 0.007728 -0.000869
-0.447128 0.201152 0.009754
-0.330217 0.423483 -0.000177
-0.353899 0.406776 0.012479
0.265419 0.440045 0.004163
0.289809 0.414144 0.015038
0.229745 0.514533 0.025757
0.267314 0.491954 -0.001236
0.305263 0.482015 -0.001437
0.293834 0.609749 -0.002154
0.322066 0.560784 -0.002141
-0.287199 0.550851 -0.002757
0.248251 0.624907 0.019258
0.334905 0.645402 -0.001271
-0.294047 0.585467 0.016164
-0.382414 0.720728 -0.003616
-0.382138 0.696775 0.007495
-0.410647 0.688094 0.005342
-0.411154 0.805983 -0.001061
-0.373613 0.755198 0.013120
-0.378445 0.966759 0.000703
-0.366177 1.084416 0.011122
0.009756 0.967488 -0.001469
0.044315 1.068605 0.001004
0.021630 1.054243 0.011192
0.120792 1.100258 0.020429
-0.272191 1.143119 0.019804
-0.023182 -1.149448 0.047543
0.469670 -0.768727 0.007797
0.474078 -1.074225 0.017641
-0.477211 -1.004888 0.007618
-0.469631 -0.903587 0.014188
-0.322373 -0.648890 0.064108
0.331030 -0.659969 0.038006
0.418263 -0.663684 0.004393
-0.287298 -0.573520 0.019963
0.298458 -0.596478 0.028415
0.389590 -0.501421 0.023283
0.372214 -0.556691 0.041786
-0.296037 -0.470463 0.025364
-0.286711 -0.529174 0.035448
-0.322501 -0.502835 0.010246
-0.341884 -0.501066 0.016794
-0.368265 -0.408571 0.011494
0.332051 -0.469849 0.021780
-0.348844 -0.401921 0.011813
-0.354368 -0.339671 0.008537
0.342244 -0.435130 0.028538
0.369507 -0.097186 0.046712
0.369455 -0.051928 0.015223
-0.449755 0.193100 0.011169
0.369127 0.286386 0.009701
-0.415287 0.446979 0.023051
-0.405154 0.447865 0.019088
0.328974 0.447987 0.010741
0.263787 0.539791 0.018184
-0.335256 0.464893 0.042483
-0.358368 0.550273 0.004799
-0.349677 0.600992 0.005855
-0.324243 0.516835 0.023716
-0.336500 0.636673 0.029794
-0.292841 0.654733 0.018605
0.365224 0.628512 0.007541
-0.419977 0.695985 0.029053
-0.416407 0.830844 0.010092
0.375467 0.822842 0.015032
-0.400617 0.916247 0.017614
-0.230288 1.101732 0.011375
0.347907 1.067598 0.015557
-0.239995 1.132905 0.024223
-0.351601 1.132682 0.047964
-0.278463 1.172974 0.018362
0.199624 1.135114 0.015051
0.280810 1.155965 0.006558
0.402654 -1.161794 0.023291
0.461342 -1.154395 0.001834
0.110939 -1.149046 0.024847
-0.311739 -1.127945 0.018062
-0.478595 -1.053338 0.031264
-0.347095 -0.634493 0.035039
0.404761 -0.598419 0.018659
-0.373018 -0.611116 0.016210
-0.321681 -0.617327 0.024455
-0.320856 -0.566403 0.026699
0.332051 -0.469849 0.021780
-0.379117 -0.366232 0.022959
0.393495 -0.146791 0.014261
-0.436074 -0.180085 0.017519
-0.453195 0.032650 0.024267
0.315185 0.509786 0.018028
0.340236 0.562251 0.021622
0.244653 0.511331 0.021863
0.269149 0.601963 0.024043
-0.311934 0.656235 0.027351
-0.367916 1.026176 0.021052
-0.170629 1.087379 0.032367
-0.262637 1.150431 0.039342
0.257481 -1.169563 0.021425
-0.074021 -1.139654 0.033088
-0.364234 -1.110697 0.019318
0.473176 -1.163648 0.029590
-0.403882 -1.106925 0.040340
-0.243737 -1.133482 0.023410
-0.272640 -1.069130 0.018272
0.400007 -0.952538 0.006891
0.339684 -1.108589 0.009779
-0.295027 -1.017841 0.041274
-0.235145 -0.963263 0.027515
-0.432438 -0.998305 0.008720
0.277905 -1.071234 0.029447
0.400038 -0.885971 0.033019
0.457911 -0.749982 0.023897
-0.329880 -0.757052 0.031769
0.439471 -0.667040 0.021905
-0.321681 -0.617327 0.024455
0.333795 -0.618243 0.031554
-0.317401 -0.534324 0.024938
0.320051 -0.477725 0.028169
0.396812 -0.376305 0.024039
0.354475 0.371330 0.028113
0.229745 0.514533 0.025757
-0.305961 0.521766 0.021891
-0.324243 0.516835 0.023716
-0.391010 0.516246 0.087590
0.232437 0.611474 0.023072
0.301012 0.525845 0.083413
0.262210 0.613485 0.021401
-0.292905 0.628153 0.024156
0.247665 0.624277 0.021315
0.232437 0.611474 0.023072
0.259625 0.622582 0.019998
0.293834 0.609749 -0.002154
0.240851 0.900533 0.007081
0.203605 0.684910 0.013910
0.347245 1.019072 0.023141
0.363981 0.670289 0.035429
0.292851 0.882260 0.038323
0.196545 0.961053 0.009345
0.175181 0.924288 0.012482
0.287040 1.012044 0.007955
0.334767 1.080623 0.049406
-0.356951 1.119601 0.038068
0.333173 1.092285 0.053044
0.224754 -1.145393 0.030832
0.272495 -1.156723 0.036738
0.078052 -1.160676 0.041277
-0.193907 -1.129075 0.037153
-0.213923 -1.024868 0.030171
0.443419 -1.143884 0.048916
-0.414018 -1.020336 0.044157
-0.466931 -0.989306 0.023113
0.328279 -0.867478 0.076443
-0.459077 -0.850581 0.031247
0.413270 -0.639839 0.074951
0.422854 -0.673040 0.052047
0.332199 -0.639327 0.047446
-0.304205 -0.629687 0.032013
0.401958 -0.583563 0.055647
-0.330818 -0.530795 0.089700
-0.286848 -0.444482 0.055340
0.371520 0.099721 0.028355
-0.429351 0.193632 0.036773
0.349711 0.305809 0.034158
0.272332 0.287342 0.014398
0.332608 0.472322 0.029196
0.271987 0.475304 0.052404
0.233023 0.507002 0.027268
0.238458 0.482039 0.023259
0.233023 0.507002 0.027268
-0.299690 0.514180 0.039515
0.278170 0.583859 0.059837
-0.327113 0.522286 0.036575
0.259625 0.622582 0.019998
0.269149 0.601963 0.024043
0.315904 0.653095 0.046579
0.314038 0.730480 0.033000
0.296832 0.916390 0.034122
0.197035 1.006501 0.026555
0.006527 1.118890 0.117565
0.257453 1.138530 0.059710
-0.194283 -1.099105 0.040915
-0.005949 -1.011459 0.056698
-0.265062 -1.042818 0.058860
-0.452750 -1.041037 0.061052
-0.141441 -0.980817 0.023665
-0.087500 -0.961800 0.080936
-0.142116 -0.901124 0.027787
-0.085362 -0.909893 0.057047
0.331620 -0.834801 0.040707
0.328812 -0.714351 0.057072
-0.303468 -0.621431 0.051605
0.367142 -0.527338 0.047196
0.347990 -0.386018 0.024682
-0.349378 -0.368088 0.057668
0.329812 -0.282534 0.021507
-0.402204 -0.290594 0.040497
0.379523 -0.213729 0.031201
-0.387394 -0.001507 0.033034
-0.358596 -0.154308 0.031766
0.365470 0.005806 0.038387
0.243380 0.143806 0.054151
0.279847 0.159790 0.049186
0.287054 0.183221 0.029931
0.291280 0.425500 0.034724
0.201278 0.447382 0.062723
0.286255 0.524760 0.088222
-0.327113 0.522286 0.036575
-0.299690 0.514180 0.039515
-0.299278 0.633884 0.042651
-0.327471 0.628912 0.037140
0.220839 0.628630 0.041952
-0.299278 0.633884 0.042651
0.276444 0.661896 0.061729
0.185760 0.659427 0.029990
0.182433 0.755239 0.038921
0.066011 0.916038 0.047887
-0.342104 1.071842 0.032316
-0.349942 1.122115 0.067547
-0.075279 1.070088 0.157688
0.083938 1.161752 0.058401
0.295394 1.132053 0.053637
0.230681 -1.129202 0.057506
-0.381667 -1.053309 0.100515
-0.246562 -1.014798 0.064237
-0.194750 -0.919914 0.030728
0.373828 -0.696553 0.068408
-0.392045 -0.617117 0.087756
0.295293 -0.395159 0.041655
0.296512 -0.265524 0.036502
0.373410 -0.095895 0.056938
0.174980 0.406831 0.057244
-0.300170 0.524318 0.055532
-0.300170 0.524318 0.055532
0.157357 0.713365 0.044527
0.339515 0.677256 0.054820
0.168746 0.828706 0.043666
0.271026 1.004685 0.054266
-0.241744 1.160812 0.082147
-0.148075 -0.772653 0.084318
-0.290236 -0.729535 0.100095
-0.268619 -0.766015 0.058237
-0.317366 -0.712284 0.059370
-0.358245 -0.696094 0.081618
0.294709 -0.649713 0.075652
0.339475 -0.666434 0.075817
0.332112 -0.623250 0.041951
0.370876 -0.647630 0.059446
0.381579 -0.521419 0.069632
-0.357587 0.006664 0.051039
-0.376978 0.426262 0.076301
0.293894 0.460175 0.081178
-0.293268 0.470494 0.067584
0.208628 0.541707 0.067790
-0.354250 0.584996 0.092900
-0.327113 0.522286 0.036575
0.141859 0.549011 0.075769
-0.333128 0.661806 0.043277
-0.358919 0.693318 0.065375
-0.327471 0.628912 0.037140
0.150075 0.705044 0.063228
-0.387027 0.702269 0.053421
-0.311529 0.747335 0.044780
-0.239579 0.806609 0.088369
0.083755 0.897867 0.053359
-0.336304 0.822658 0.061313
0.299029 1.056750 0.076245
0.236542 1.091401 0.101099
-0.415386 -1.069669 0.104504
-0.466633 -1.077554 0.062908
-0.446684 -1.034650 0.093169
-0.209330 -0.736628 0.084067
0.331446 -0.614458 0.052665
0.312353 -0.520717 0.046492
0.361641 -0.528384 0.090822
0.325226 -0.477749 0.048010
0.181329 0.219052 0.135074
0.315245 0.436587 0.065024
0.305330 0.490299 0.076470
-0.372991 0.458446 0.103888
-0.384527 0.677974 0.075898
-0.073815 1.086960 0.214256
0.135320 -1.035797 0.065971
0.392845 -0.670766 0.073180
0.305321 -0.436167 0.073803
0.365005 -0.496993 0.088217
0.357510 -0.455154 0.059570
-0.291728 -0.310129 0.075871
-0.292392 -0.247243 0.076572
-0.340052 0.445505 0.079871
-0.268601 0.825437 0.068510
0.076324 0.847882 0.059559
0.034020 0.849428 0.065982
0.041696 0.802631 0.077468
0.011557 0.890336 0.099217
-0.222730 0.952297 0.126187
-0.285707 1.149023 0.104686
0.288184 1.101911 0.096053
0.135611 1.139348 0.111245
0.103815 -1.086754 0.082943
0.207316 -1.002085 0.125732
0.224478 -0.986177 0.091189
-0.344188 -0.663476 0.074715
0.234468 -0.400617 0.086288
-0.309804 0.347685 0.077879
0.143178 0.394615 0.104241
0.150183 0.481673 0.091225
-0.221490 0.506936 0.124877
0.108927 0.551926 0.113915
-0.255676 0.670721 0.091878
-0.001817 0.930791 0.077274
0.265175 1.065691 0.086392
0.156852 -0.987053 0.100890
0.002707 -0.967725 0.092943
-0.388178 -0.697488 0.084906
-0.358883 -0.664327 0.069290
-0.332365 -0.624421 0.069203
-0.362519 -0.630632 0.102960
-0.319427 -0.626920 0.076077
-0.338954 -0.638667 0.082194
-0.293036 -0.638665 0.110058
-0.310815 -0.595329 0.067517
-0.336365 -0.600687 0.084610
-0.310815 -0.595329 0.067517
-0.318693 -0.582795 0.093112
0.216717 -0.452756 0.095426
0.156139 0.177023 0.136401
-0.344797 0.409270 0.073912
-0.357837 0.660058 0.082436
0.003925 0.865762 0.094881
0.178491 1.108606 0.131182
-0.267155 1.129951 0.127709
-0.100127 1.057145 0.238023
-0.170042 1.078159 0.204549
0.225942 -0.742535 0.145685
-0.284639 -0.583744 0.097614
-0.326443 -0.530499 0.100942
-0.284639 -0.583744 0.097614
-0.280077 -0.564462 0.102182
-0.284033 -0.573504 0.088918
-0.297344 -0.529896 0.114167
-0.279538 -0.514387 0.089242
-0.291710 -0.531785 0.083945
-0.268447 -0.532549 0.083801
-0.267421 -0.476431 0.075450
-0.291521 -0.478026 0.072008
-0.326764 0.407051 0.095143
-0.309477 0.305848 0.148764
-0.369119 0.575972 0.099653
-0.221000 0.830127 0.154491
-0.215404 0.882841 0.110644
-0.014023 0.922100 0.112653
-0.057611 0.983991 0.137042
0.059927 1.131908 0.125362
-0.227038 1.132205 0.145953
-0.006040 -0.965896 0.112514
-0.268675 -0.590970 0.154033
-0.268044 -0.549077 0.112035
-0.278700 -0.553506 0.094358
-0.278700 -0.553506 0.094358
-0.268044 -0.549077 0.112035
-0.322093 -0.469982 0.100647
-0.292693 -0.449513 0.101444
0.143490 0.636054 0.129357
0.084507 0.505480 0.227475
0.046233 -0.940120 0.135781
0.084434 -0.232914 0.220338
0.163883 -0.120247 0.142688
0.057374 0.354867 0.294235
0.087245 -0.956979 0.168585
0.192426 -0.882878 0.159820
-0.280033 0.201939 0.154209
-0.224280 0.714257 0.128814
-0.005932 0.881604 0.135010
0.178491 1.108606 0.131182
0.178537 -0.924667 0.181759
0.004966 -0.917878 0.161207
-0.254472 -0.323454 0.159782
-0.138167 1.035256 0.228826
-0.203787 -0.408420 0.204077
-0.006941 0.762225 0.143792
-0.003143 1.055410 0.144042
0.006438 1.098430 0.142018
-0.197237 1.079733 0.194847
-0.064233 0.753674 0.181474
-0.226019 0.165324 0.280443
-0.046914 1.047612 0.145383
-0.003459 1.080847 0.146598
-0.054402 1.078115 0.212683
-0.239175 -0.604109 0.193909
-0.175434 0.934513 0.213701
0.128474 -0.898887 0.206904
-0.012679 0.581711 0.200821
-0.064521 0.701567 0.211359
-0.079848 0.926203 0.194513
-0.053689 0.891344 0.161244
0.063821 -0.907690 0.192597
-0.130578 0.729258 0.220178
-0.104524 0.371827 0.223874
0.096311 0.269882 0.246243
-0.009789 -0.095659 0.275575
-0.091732 0.901044 0.225858
-0.063727 0.525195 0.261231
-0.126632 0.943641 0.233205
-0.115295 -0.526411 0.308253
-0.125636 1.011644 0.243549
0.033229 -0.274790 0.262566
0.009286 0.395418 0.289146
0.005703 0.372888 0.287829
-0.112940 -0.525280 0.309604
-0.145392 -0.906815 0.023102
0.081143 -0.899018 0.206504
-0.330938 0.648870 0.040652
-0.071164 0.524143 0.260880
-0.348308 1.123338 0.070045
-0.314650 0.469104 0.055014
0.364979 -0.567210 -0.001855
0.369765 -0.497451 0.088019
0.468191 -0.769054 0.008885
-0.330938 0.648870 0.040652
-0.293706 0.655930 0.021555
-0.071164 0.524143 0.260880
0.272532 0.628672 0.014692
0.291742 0.874131 0.038376
0.230613 0.624055 0.023638
-0.337998 -0.619213 0.057898
-0.304648 -0.535314 0.023015
0.284056 0.526723 0.086827
0.252296 0.465463 0.031994
0.325511 0.098959 0.022481
-0.300906 -0.451756 0.094909
-0.450987 0.031022 0.025936
-0.326326 -0.525202 0.089576
-0.300906 -0.451756 0.094909
-0.304648 -0.535314 0.023015
-0.230338 0.165673 0.277909
0.058476 0.355430 0.292699
0.259264 -0.702683 0.103018
0.468191 -0.769054 0.008885
0.369765 -0.497451 0.088019
-0.300906 -0.451756 0.094909
-0.271864 -0.458388 0.061091
-0.337998 -0.619213 0.057898
-0.477608 -1.055323 0.030797
-0.252277 -1.144322 0.013933
0.226746 -0.622944 -0.002755
0.313625 -0.485698 0.045879
-0.393327 -0.620581 0.090071
-0.112940 -0.525280 0.309604
0.259264 -0.702683 0.103018
-0.073177 1.085557 0.216318
-0.388564 0.523875 0.090090
0.277463 1.156439 0.007044
0.291742 0.874131 0.038376
0.364392 0.625646 0.007461
-0.414887 0.445658 0.019346
-0.293706 0.655930 0.021555
0.468191 -0.769054 0.008885
0.317861 -0.645434 0.044056
0.029566 0.867746 0.060704
0.313625 -0.485698 0.045879
-0.277683 1.171198 0.012697
-0.304648 -0.535314 0.023015
-0.450987 0.031022 0.025936
-0.271864 -0.458388 0.061091
-0.450987 0.031022 0.025936
0.401248 -0.391987 0.021634
-0.414887 0.445658 0.019346
0.272532 0.628672 0.014692
0.364392 0.625646 0.007461
-0.073177 1.085557 0.216318
0.019555 1.051998 0.014511
-0.277683 1.171198 0.012697
-0.388564 0.523875 0.090090
-0.330938 0.648870 0.040652
0.453770 -1.155215 0.000797
-0.416786 0.828694 0.014334
-0.388564 0.523875 0.090090
-0.348308 1.123338 0.070045
-0.073177 1.085557 0.216318
0.277463 1.156439 0.007044
-0.393327 -0.620581 0.090071
-0.466813 -0.841301 0.027135
0.317861 -0.645434 0.044056
0.313625 -0.485698 0.045879
0.284056 0.526723 0.086827
0.272532 0.628672 0.014692
0.252296 0.465463 0.031994
-0.337998 -0.619213 0.057898
-0.337998 -0.619213 0.057898
-0.466813 -0.841301 0.027135
-0.073177 1.085557 0.216318
0.252296 0.465463 0.031994
-0.314650 0.469104 0.055014
-0.330938 0.648870 0.040652
-0.337998 -0.619213 0.057898
0.468191 -0.769054 0.008885
0.259264 -0.702683 0.103018
0.453770 -1.155215 0.000797
-0.477608 -1.055323 0.030797
0.226746 -0.622944 -0.002755
0.299944 -0.294339 -0.003172
0.364979 -0.567210 -0.001855
0.313625 -0.485698 0.045879
0.364979 -0.567210 -0.001855
-0.416786 0.828694 0.014334
-0.388564 0.523875 0.090090
-0.304648 -0.535314 0.023015
-0.393327 -0.620581 0.090071
-0.326326 -0.525202 0.089576
-0.304648 -0.535314 0.023015
0.364392 0.625646 0.007461
-0.348308 1.123338 0.070045
-0.277683 1.171198 0.012697
-0.416786 0.828694 0.014334
0.401248 -0.391987 0.021634
0.019555 1.051998 0.014511
0.317861 -0.645434 0.044056
-0.416786 0.828694 0.014334
-0.393327 -0.620581 0.090071
-0.146418 -0.524224 0.285865
-0.145392 -0.906815 0.023102
0.103727 -1.077240 0.087945
-0.337998 -0.619213 0.057898
-0.361544 -0.627807 0.103746
-0.330938 0.648870 0.040652
-0.292943 0.638519 0.046239
0.313625 -0.485698 0.045879
0.317861 -0.645434 0.044056
0.197920 0.435817 0.063115
0.230613 0.624055 0.023638
0.169923 0.828269 0.043010
0.364979 -0.567210 -0.001855
0.397672 -0.676696 0.072932
0.468191 -0.769054 0.008885
-0.330938 0.648870 0.040652
-0.274304 0.683722 0.003472
-0.292943 0.638519 0.046239
0.457691 -0.800876 -0.003065
0.317861 -0.645434 0.044056
0.369766 -0.661684 0.035499
0.325339 0.434936 0.061461
0.331972 0.640878 -0.000593
-0.395629 0.697464 0.005654
-0.389224 -0.777161 -0.001861
-0.419780 -0.724469 -0.000051
-0.337998 -0.619213 0.057898
-0.252010 -0.455772 0.103325
-0.302650 -0.616957 0.083547
-0.217708 -0.140128 0.299131
0.374715 0.822694 0.012704
0.337641 0.682943 0.056531
-0.313573 -0.417147 0.107779
-0.368336 -0.460589 0.034183
-0.317581 -0.570457 0.023049
0.058476 0.355430 0.292699
-0.051830 0.587882 0.238428
-0.097169 0.429442 0.241108
0.263308 1.061960 0.084687
0.349361 1.063735 0.016828
0.247904 1.134490 -0.002897
-0.337998 -0.619213 0.057898
0.350646 1.021909 0.022214
0.019555 1.051998 0.014511
-0.277683 1.171198 0.012697
-0.106824 1.052241 0.241366
0.256796 -1.171198 0.018387
0.373493 -1.171158 0.007083
0.377224 0.110029 0.025606
-0.400761 -0.759563 0.065661
-0.479125 -1.001662 0.010308
-0.258633 -1.039795 0.058452
-0.106824 1.052241 0.241366
-0.362358 1.087702 0.007526
-0.312792 0.372825 0.069776
0.007435 1.104601 0.136414
-0.416786 0.828694 0.014334
-0.409346 0.674848 0.047592
0.401248 -0.391987 0.021634
-0.289819 -0.730336 0.100071
-0.361544 -0.627807 0.103746
0.473024 -1.090970 -0.002662
0.468191 -0.769054 0.008885
0.479125 -1.075593 0.015707
0.027397 -0.562291 0.286653
0.337641 0.682943 0.056531
-0.192370 -1.133322 0.036024
0.373493 -1.171158 0.007083
0.472094 -1.164809 0.029696
0.479125 -1.075593 0.015707
-0.155786 -1.027992 0.018875
-0.091593 0.907707 0.225145
-0.091593 0.907707 0.225145
0.397672 -0.676696 0.072932
0.464385 -0.883744 0.023450
0.468191 -0.769054 0.008885
-0.466813 -0.841301 0.027135
-0.317581 -0.570457 0.023049
-0.337998 -0.619213 0.057898
0.297788 -0.656060 0.073674
-0.395629 0.697464 0.005654
-0.313573 -0.417147 0.107779
0.313625 -0.485698 0.045879
0.226746 -0.622944 -0.002755
0.329679 -0.591021 0.052194
-0.466813 -0.841301 0.027135
-0.368336 -0.460589 0.034183
-0.436019 -0.177599 0.017873
-0.271864 -0.458388 0.061091
-0.271864 -0.458388 0.061091
-0.387477 -1.051733 0.100753
0.338177 -0.440629 0.032913
0.235834 0.465489 0.025914
0.272532 0.628672 0.014692
-0.314650 0.469104 0.055014
-0.372871 0.457967 0.103434
0.317861 -0.645434 0.044056
-0.314650 0.469104 0.055014
-0.330136 0.417750 -0.000164
-0.310600 -1.132490 0.014056
-0.465446 -1.078448 0.064817
-0.422080 0.321118 0.032014
-0.440857 0.166028 -0.002654
-0.192370 -1.133322 0.036024
-0.310600 -1.132490 0.014056
-0.135107 0.730935 0.217471
-0.414887 0.445658 0.019346
-0.358919 0.544378 0.006005
-0.314650 0.469104 0.055014
-0.361544 -0.627807 0.103746
-0.466813 -0.841301 0.027135
0.235834 0.465489 0.025914
0.284056 0.526723 0.086827
-0.372871 0.457967 0.103434
-0.330136 0.417750 -0.000164
-0.314650 0.469104 0.055014
0.272532 0.628672 0.014692
0.329679 -0.591021 0.052194
0.338177 -0.440629 0.032913
0.313625 -0.485698 0.045879
-0.466813 -0.841301 0.027135
-0.358919 0.544378 0.006005
-0.372871 0.457967 0.103434
-0.409346 0.674848 0.047592
0.279916 0.440430 0.000085
0.325339 0.434936 0.061461
-0.368336 -0.460589 0.034183
-0.337998 -0.619213 0.057898
-0.368336 -0.460589 0.034183
-0.271864 -0.458388 0.061091
-0.213526 -0.553283 0.000340
0.235834 0.465489 0.025914
0.235834 0.465489 0.025914
-0.302650 -0.616957 0.083547
0.079890 -1.157151 0.045587
-0.416786 0.828694 0.014334
-0.395629 0.697464 0.005654
-0.385261 -1.104470 -0.000039
0.195855 0.968526 0.009305
-0.466813 -0.841301 0.027135
-0.436019 -0.177599 0.017873
-0.314650 0.469104 0.055014
-0.330938 0.648870 0.040652
-0.465446 -1.078448 0.064817
-0.385261 -1.104470 -0.000039
0.401248 -0.391987 0.021634
0.364979 -0.567210 -0.001855
0.364979 -0.567210 -0.001855
-0.330938 0.648870 0.040652
-0.274304 0.683722 0.003472
0.102919 -1.131054 -0.002256
0.079890 -1.157151 0.045587
-0.031782 -1.118738 0.012543
0.331972 0.640878 -0.000593
-0.277683 1.171198 0.012697
0.401248 -0.391987 0.021634
0.397672 -0.676696 0.072932
0.401248 -0.391987 0.021634
0.317861 -0.645434 0.044056
0.102919 -1.131054 -0.002256
-0.313573 -0.417147 0.107779
0.017768 0.514972 0.216369
0.058476 0.355430 0.292699
0.144619 0.642573 0.126876
-0.292684 -0.545122 0.053109
-0.321396 -0.529500 0.105197
-0.387291 -0.647200 0.090220
-0.359873 0.457685 0.056209
-0.330938 0.648870 0.040652
-0.362031 0.663784 0.084357
0.301433 0.491839 0.082379
0.252296 0.465463 0.031994
0.325339 0.434936 0.061461
-0.330938 0.648870 0.040652
-0.292943 0.638519 0.046239
-0.245265 0.767583 0.080251
0.297788 -0.656060 0.073674
0.344511 -0.641977 0.049019
0.317861 -0.645434 0.044056
0.335422 0.449127 0.013245
0.313625 -0.485698 0.045879
0.344511 -0.641977 0.049019
0.397672 -0.676696 0.072932
0.109246 0.555277 0.109340
0.194934 0.668466 0.013384
0.168118 0.774966 0.031801
0.337641 0.682943 0.056531
0.253089 0.788552 0.007562
-0.330938 0.648870 0.040652
-0.293706 0.655930 0.021555
0.457691 -0.800876 -0.003065
0.317861 -0.645434 0.044056
0.369766 -0.661684 0.035499
0.304062 0.651778 0.026952
0.230613 0.624055 0.023638
0.284056 0.526723 0.086827
0.272532 0.628672 0.014692
0.364392 0.625646 0.007461
-0.358919 0.544378 0.006005
-0.314650 0.469104 0.055014
-0.355394 0.456388 0.041325
0.397672 -0.676696 0.072932
0.336199 -0.841669 0.035011
-0.389224 -0.777161 -0.001861
-0.302650 -0.616957 0.083547
-0.310095 -0.676134 0.034793
0.185453 0.672214 -0.002061
0.228009 0.501753 0.027758
0.313995 -0.466310 0.019617
-0.357230 -0.681521 0.049262
-0.419780 -0.724469 -0.000051
0.117559 1.097761 0.020481
0.277463 1.156439 0.007044
0.304019 1.132509 -0.001122
0.350646 1.021909 0.022214
0.286918 1.016860 0.005406
0.374715 0.822694 0.012704
0.173849 0.366308 0.003366
0.252296 0.465463 0.031994
0.279916 0.440430 0.000085
-0.283996 0.558145 -0.002959
-0.330136 0.417750 -0.000164
-0.257951 -0.306373 -0.000778
0.317685 -0.030119 -0.004970
-0.114742 0.390495 0.211361
-0.223696 0.503739 0.124174
0.019555 1.051998 0.014511
-0.269197 1.090326 -0.003052
-0.152855 1.077078 0.059538
-0.243316 0.144513 0.263985
-0.146418 -0.524224 0.285865
-0.252010 -0.455772 0.103325
-0.302650 -0.616957 0.083547
0.473024 -1.090970 -0.002662
0.374715 0.822694 0.012704
0.364392 0.625646 0.007461
0.331972 0.640878 -0.000593
0.252296 0.465463 0.031994
0.167557 0.408312 0.057851
0.263769 0.271790 0.020897
-0.340105 -0.483389 0.098792
-0.368336 -0.460589 0.034183
-0.300906 -0.451756 0.094909
0.268799 -0.836788 0.146984
0.369665 -0.975174 0.007460
-0.297901 -0.649177 0.100472
-0.328119 -0.763616 0.025833
-0.378736 -0.366188 0.023249
-0.415288 -0.233021 0.000327
-0.324764 -0.408559 0.045064
-0.151541 -0.761777 0.087329
-0.261142 1.128118 0.131101
-0.318594 1.060613 0.038525
-0.176649 1.085055 0.194954
0.440981 -0.672394 0.019186
0.399180 -0.577137 0.063360
-0.388564 0.523875 0.090090
0.332879 1.092791 0.052594
0.304019 1.132509 -0.001122
0.277463 1.156439 0.007044
0.374715 0.822694 0.012704
-0.196591 -0.406105 0.212437
-0.300906 -0.451756 0.094909
0.320640 -0.392533 0.005466
0.389707 -0.423221 0.001803
0.338177 -0.440629 0.032913
0.479125 -1.075593 0.015707
0.331205 -1.115474 0.009490
-0.269197 1.090326 -0.003052
-0.241865 1.134212 0.024138
0.224477 -1.166311 0.005070
0.205023 0.109443 0.075663
0.386427 0.116559 0.013755
-0.073177 1.085557 0.216318
-0.042186 0.926906 0.177019
-0.026385 -0.943885 0.117381
0.081143 -0.899018 0.206504
0.032911 -0.796464 0.224004
-0.314650 0.469104 0.055014
-0.317050 0.472698 0.024011
-0.414887 0.445658 0.019346
-0.355394 0.456388 0.041325
-0.225689 -0.962437 0.028332
-0.467087 -0.992615 0.023362
-0.238166 -1.013343 0.061733
-0.466813 -0.841301 0.027135
-0.073177 1.085557 0.216318
0.041439 1.126073 0.025881
-0.201652 -1.140507 -0.002592
-0.142275 -1.152009 0.015343
-0.277683 1.171198 0.012697
-0.176649 1.085055 0.194954
-0.238159 1.159704 0.079018
-0.155786 -1.027992 0.018875
-0.310600 -1.132490 0.014056
-0.192370 -1.133322 0.036024
-0.310600 -1.132490 0.014056
-0.142275 -1.152009 0.015343
-0.348308 1.123338 0.070045
-0.277683 1.171198 0.012697
0.027397 -0.562291 0.286653
-0.247715 -0.421257 0.007618
-0.291260 -0.252408 0.075366
-0.217708 -0.140128 0.299131
-0.353447 0.205840 0.044363
-0.192370 -1.133322 0.036024
-0.106855 -1.066149 0.030329
0.228009 0.501753 0.027758
0.313625 -0.485698 0.045879
0.289566 -0.395241 0.042253
0.175344 -0.912488 0.189376
0.115232 -0.982370 0.115258
0.232359 -1.127378 0.058328
0.007435 1.104601 0.136414
-0.036424 -1.144936 0.050977
0.079890 -1.157151 0.045587
0.370052 -0.099022 0.057967
0.401248 -0.391987 0.021634
0.407083 -0.314232 0.005139
-0.466813 -0.841301 0.027135
-0.479125 -1.001662 0.010308
0.468191 -0.769054 0.008885
0.479125 -1.075593 0.015707
0.348687 0.647523 0.040661
0.304062 0.651778 0.026952
0.299173 0.918844 0.033054
-0.416786 0.828694 0.014334
-0.362358 1.087702 0.007526
-0.313616 0.746922 0.043053
0.442595 -1.138607 0.050375
0.472094 -1.164809 0.029696
0.479125 -1.075593 0.015707
-0.449920 0.189363 0.010748
-0.448037 -0.049711 0.008358
-0.134101 1.028883 0.231006
0.155567 0.930002 0.028568
0.195108 1.002683 0.022897
-0.271864 -0.458388 0.061091
0.335422 0.449127 0.013245
0.344121 0.360470 0.044185
0.386427 0.116559 0.013755
0.344121 0.360470 0.044185
0.349361 1.063735 0.016828
-0.341113 -0.506146 0.018597
-0.368336 -0.460589 0.034183
0.224477 -1.166311 0.005070
0.373493 -1.171158 0.007083
-0.036424 -1.144936 0.050977
0.104619 -1.146757 0.026923
-0.370397 -0.607296 0.017313
0.235745 1.087013 0.103970
0.178333 1.110083 0.128256
-0.145392 -0.906815 0.023102
0.188606 1.132381 0.026841
0.440981 -0.672394 0.019186
0.468191 -0.769054 0.008885
0.479125 -1.075593 0.015707
0.330729 -0.550744 0.002722
0.389707 -0.423221 0.001803
0.389419 -0.501646 0.022498
0.089886 1.161885 0.060042
-0.260579 -0.221070 0.192385
-0.340105 -0.483389 0.098792
0.086594 -1.001094 0.139799
-0.372871 0.457967 0.103434
-0.388564 0.523875 0.090090
0.317861 -0.645434 0.044056
-0.312792 0.372825 0.069776
-0.370397 -0.607296 0.017313
0.386427 0.116559 0.013755
-0.271864 -0.458388 0.061091
-0.314591 -0.583071 0.014970
-0.271864 -0.458388 0.061091
-0.292684 -0.545122 0.053109
-0.387477 -1.051733 0.100753
-0.397972 -1.029404 0.042782
0.252296 0.465463 0.031994
0.272532 0.628672 0.014692
0.266514 0.490821 -0.000825
-0.359873 0.457685 0.056209
-0.372871 0.457967 0.103434
0.354380 -0.070772 0.017731
-0.317050 0.472698 0.024011
-0.321144 -1.092342 0.038452
-0.414887 0.445658 0.019346
0.335422 0.449127 0.013245
0.279916 0.440430 0.000085
0.252296 0.465463 0.031994
-0.036424 -1.144936 0.050977
-0.031782 -1.118738 0.012543
-0.420406 0.695777 0.026706
0.364979 -0.567210 -0.001855
0.369766 -0.661684 0.035499
0.344511 -0.641977 0.049019
0.110540 -1.050159 0.055854
0.104619 -1.146757 0.026923
-0.415459 -1.075882 0.103212
-0.477608 -1.055323 0.030797
-0.414887 0.445658 0.019346
-0.447319 -1.036762 0.095035
0.472094 -1.164809 0.029696
0.453770 -1.155215 0.000797
-0.420406 0.695777 0.026706
0.349361 1.063735 0.016828
-0.310095 -0.676134 0.034793
-0.387291 -0.647200 0.090220
-0.400761 -0.759563 0.065661
0.041439 1.126073 0.025881
-0.378736 -0.366188 0.023249
0.019555 1.051998 0.014511
-0.337998 -0.619213 0.057898
0.378041 -0.510569 0.079088
0.364979 -0.567210 -0.001855
0.440981 -0.672394 0.019186
0.399180 -0.577137 0.063360
0.313995 -0.466310 0.019617
0.338177 -0.440629 0.032913
0.313625 -0.485698 0.045879
-0.479125 -1.001662 0.010308
-0.466813 -0.841301 0.027135
-0.448037 -0.049711 0.008358
-0.332362 0.443789 0.083626
-0.415459 -1.075882 0.103212
-0.477608 -1.055323 0.030797
-0.341113 -0.506146 0.018597
0.354380 -0.070772 0.017731
-0.271864 -0.458388 0.061091
0.374715 0.822694 0.012704
-0.370397 -0.607296 0.017313
0.313995 -0.466310 0.019617
0.364392 0.625646 0.007461
0.364392 0.625646 0.007461
0.311502 0.511583 0.014825
0.335422 0.449127 0.013245
-0.449920 0.189363 0.010748
0.317861 -0.645434 0.044056
-0.330938 0.648870 0.040652
-0.477608 -1.055323 0.030797
-0.370397 -0.607296 0.017313
0.115232 -0.982370 0.115258
-0.385261 -1.104470 -0.000039
0.407083 -0.314232 0.005139
0.330729 -0.550744 0.002722
-0.293706 0.655930 0.021555
0.117559 1.097761 0.020481
0.401248 -0.391987 0.021634
-0.361094 -0.642631 0.010507
-0.361094 -0.642631 0.010507
-0.302650 -0.616957 0.083547
0.325339 0.434936 0.061461
-0.314591 -0.583071 0.014970
0.348687 0.647523 0.040661
-0.420406 0.695777 0.026706
-0.271864 -0.458388 0.061091
0.389419 -0.501646 0.022498
0.401248 -0.391987 0.021634
-0.420406 0.695777 0.026706
0.080098 0.495736 0.233525
0.058476 0.355430 0.292699
0.032911 -0.796464 0.224004
0.171180 -0.120076 0.137284
-0.151541 -0.761777 0.087329
0.184438 -0.687168 0.200800
0.259264 -0.702683 0.103018
0.297788 -0.656060 0.073674
-0.292684 -0.545122 0.053109
-0.297675 -0.528185 0.113768
-0.361544 -0.627807 0.103746
0.340053 -0.665021 0.075366
-0.387291 -0.647200 0.090220
-0.356998 -0.698359 0.080612
-0.369442 -0.652136 0.067218
-0.350471 0.500493 0.089425
-0.330938 0.648870 0.040652
-0.362031 0.663784 0.084357
0.301433 0.491839 0.082379
0.290157 0.456370 0.079086
0.325339 0.434936 0.061461
-0.401207 0.581138 0.036753
-0.372871 0.582601 0.097936
-0.409346 0.674848 0.047592
-0.317204 -0.696342 0.061083
-0.330938 0.648870 0.040652
-0.292943 0.638519 0.046239
0.368722 -0.652479 0.055067
0.317861 -0.645434 0.044056
-0.400761 -0.759563 0.065661
-0.328119 -0.763616 0.025833
0.334934 -0.462251 0.047948
0.368722 -0.652479 0.055067
0.360625 -0.531667 0.090404
0.139905 0.559730 0.071091
0.194934 0.668466 0.013384
0.168118 0.774966 0.031801
-0.314650 0.469104 0.055014
-0.282368 0.548615 0.037624
-0.438243 -0.733426 0.029475
-0.466813 -0.841301 0.027135
-0.354873 -0.638730 0.038611
-0.328246 -0.616698 0.022849
0.403846 -0.600060 0.017216
0.399180 -0.577137 0.063360
0.440981 -0.672394 0.019186
0.272621 0.661272 0.060910
0.253089 0.788552 0.007562
-0.351950 0.668953 0.025870
-0.293706 0.655930 0.021555
-0.292943 0.638519 0.046239
0.317861 -0.645434 0.044056
0.369766 -0.661684 0.035499
0.304062 0.651778 0.026952
0.218369 0.639683 0.040386
0.274402 0.582824 0.057268
0.272532 0.628672 0.014692
0.252202 0.503741 0.029488
0.311502 0.511583 0.014825
0.364392 0.625646 0.007461
-0.347465 0.600846 0.006954
-0.331776 0.476620 0.043767
-0.355394 0.456388 0.041325
-0.422080 0.321118 0.032014
-0.436019 -0.177599 0.017873
0.386427 0.116559 0.013755
0.377224 0.110029 0.025606
0.377409 -0.035350 0.027392
-0.370397 -0.607296 0.017313
-0.414168 -0.672216 0.016303
0.276113 -0.668694 -0.002489
0.332662 -0.715740 0.053600
0.460095 -0.743658 0.023269
0.369766 -0.661684 0.035499
0.352503 -0.618690 0.008749
0.416939 -0.654261 0.004208
-0.389224 -0.777161 -0.001861
-0.302650 -0.616957 0.083547
-0.310095 -0.676134 0.034793
0.185453 0.672214 -0.002061
0.228009 0.501753 0.027758
0.314453 -0.509624 0.024065
0.326786 -0.607022 0.036906
-0.379901 0.720590 -0.003301
-0.357230 -0.681521 0.049262
-0.419780 -0.724469 -0.000051
-0.361094 -0.642631 0.010507
0.117559 1.097761 0.020481
0.304019 1.132509 -0.001122
0.350646 1.021909 0.022214
0.286918 1.016860 0.005406
0.311370 0.864044 0.006249
0.173849 0.366308 0.003366
0.235834 0.465489 0.025914
0.279916 0.440430 0.000085
-0.283996 0.558145 -0.002959
-0.389367 0.222095 -0.001334
-0.257951 -0.306373 -0.000778
0.317685 -0.030119 -0.004970
0.457691 -0.800876 -0.003065
-0.114742 0.390495 0.211361
-0.185966 0.646746 0.126264
0.019555 1.051998 0.014511
-0.220372 1.096855 0.005236
-0.152855 1.077078 0.059538
-0.002475 -1.008287 0.057634
0.103727 -1.077240 0.087945
-0.237506 -0.604109 0.195191
-0.253251 -0.511150 0.111127
-0.302650 -0.616957 0.083547
-0.359873 0.457685 0.056209
-0.361480 0.431166 0.079948
-0.411135 0.446605 0.039860
-0.372871 0.457967 0.103434
0.473024 -1.090970 -0.002662
0.066644 1.060717 0.081145
0.003621 0.917077 0.070635
0.195108 1.002683 0.022897
-0.125119 -0.467859 0.313409
0.374715 0.822694 0.012704
0.337641 0.682943 0.056531
0.331972 0.640878 -0.000593
0.207128 -1.120561 0.035525
0.162027 -1.030350 0.068668
0.126410 -1.111459 0.051598
0.021908 0.369691 0.294365
0.183126 0.551153 0.081872
0.288517 0.448549 0.038522
0.167557 0.408312 0.057851
-0.340105 -0.483389 0.098792
-0.368336 -0.460589 0.034183
-0.321396 -0.529500 0.105197
-0.324493 -0.472503 0.100183
0.336199 -0.841669 0.035011
0.180200 -0.725002 0.229464
-0.289819 -0.730336 0.100071
-0.357586 -0.327699 0.009031
-0.415288 -0.233021 0.000327
-0.283975 -0.330281 -0.003059
-0.324764 -0.408559 0.045064
-0.261142 1.128118 0.131101
-0.250045 1.066146 0.103600
0.397672 -0.676696 0.072932
0.410374 -0.640974 0.078070
0.440981 -0.672394 0.019186
0.399180 -0.577137 0.063360
-0.081134 -0.962133 0.085047
-0.089164 -0.915717 0.049963
-0.175438 -1.081546 0.046602
0.405062 -0.421648 0.031761
0.378041 -0.510569 0.079088
-0.401207 0.581138 0.036753
-0.358919 0.544378 0.006005
-0.388564 0.523875 0.090090
0.332879 1.092791 0.052594
0.277463 1.156439 0.007044
0.374715 0.822694 0.012704
0.027397 -0.562291 0.286653
-0.341113 -0.506146 0.018597
-0.196591 -0.406105 0.212437
-0.300906 -0.451756 0.094909
-0.252010 -0.455772 0.103325
0.396309 -0.377411 -0.003274
0.338177 -0.440629 0.032913
0.406519 -0.942170 0.006380
-0.362358 1.087702 0.007526
-0.269197 1.090326 -0.003052
-0.409657 0.801953 -0.002777
-0.241865 1.134212 0.024138
0.103058 -1.149567 0.011476
0.104619 -1.146757 0.026923
0.103058 -1.149567 0.011476
0.256796 -1.171198 0.018387
0.263769 0.271790 0.020897
0.270618 0.155352 0.054228
0.090482 0.294408 0.253728
-0.058636 1.045366 0.141543
-0.055029 1.076556 0.213379
-0.078839 1.016342 0.209062
0.024018 -0.904900 0.185170
-0.477608 -1.055323 0.030797
-0.385261 -1.104470 -0.000039
-0.465446 -1.078448 0.064817
-0.330136 0.417750 -0.000164
-0.314650 0.469104 0.055014
-0.317050 0.472698 0.024011
-0.414887 0.445658 0.019346
-0.355394 0.456388 0.041325
-0.397922 0.411841 0.009360
-0.225689 -0.962437 0.028332
-0.437243 -1.010870 0.008099
-0.238166 -1.013343 0.061733
-0.454927 -0.847217 0.032219
-0.073177 1.085557 0.216318
0.018722 1.123163 0.097709
-0.201652 -1.140507 -0.002592
-0.252277 -1.144322 0.013933
-0.112940 -0.525280 0.309604
0.003966 0.981029 -0.001264
-0.277683 1.171198 0.012697
-0.176649 1.085055 0.194954
-0.238159 1.159704 0.079018
-0.155786 -1.027992 0.018875
-0.272162 -1.052338 0.021580
-0.233689 -1.128760 0.026575
-0.192370 -1.133322 0.036024
-0.252277 -1.144322 0.013933
-0.348308 1.123338 0.070045
-0.295004 1.147378 0.078568
-0.278384 1.153251 0.036742
0.109246 0.555277 0.109340
-0.213526 -0.553283 0.000340
-0.217708 -0.140128 0.299131
-0.336770 -0.146790 0.059280
-0.342306 -0.370481 0.062421
-0.260579 -0.221070 0.192385
-0.051830 0.587882 0.238428
0.228009 0.501753 0.027758
0.230613 0.624055 0.023638
0.211673 0.549549 0.065462
0.197920 0.435817 0.063115
0.210726 0.469922 0.049907
0.311146 -0.441004 0.073072
0.405062 -0.421648 0.031761
0.289566 -0.395241 0.042253
0.183758 -0.434424 0.126972
0.175344 -0.912488 0.189376
0.115232 -0.982370 0.115258
0.331205 -1.115474 0.009490
0.225144 -0.998603 0.077319
0.232359 -1.127378 0.058328
0.007435 1.104601 0.136414
-0.277353 -0.517498 0.030419
-0.271864 -0.458388 0.061091
-0.247715 -0.421257 0.007618
0.164289 -0.188608 0.109911
-0.416786 0.828694 0.014334
-0.396905 0.752359 0.051534
-0.036424 -1.144936 0.050977
0.079890 -1.157151 0.045587
0.380347 -0.213774 0.030510
0.301275 -0.260338 0.033862
0.401248 -0.391987 0.021634
0.393208 -0.145839 0.014778
0.011576 0.886809 0.098507
0.084858 0.850574 0.056975
0.230613 0.624055 0.023638
-0.467087 -0.992615 0.023362
-0.466158 -0.860529 0.010847
-0.289041 -0.635679 0.002128
0.468191 -0.769054 0.008885
0.479125 -1.075593 0.015707
0.373493 -1.171158 0.007083
0.391603 -1.165088 0.017282
-0.312792 0.372825 0.069776
-0.332362 0.443789 0.083626
-0.123639 1.021740 0.244163
-0.137478 0.945512 0.236267
-0.084800 0.943931 0.192091
-0.134101 1.028883 0.231006
-0.378736 -0.366188 0.023249
-0.407054 -0.292915 0.030959
0.314559 0.609275 0.059665
0.314939 0.645252 0.051510
-0.218946 0.842166 0.158014
-0.252769 0.666859 0.095248
0.299173 0.918844 0.033054
-0.296677 0.904643 0.065146
-0.318594 1.060613 0.038525
-0.362874 1.030695 0.023495
-0.313616 0.746922 0.043053
0.442595 -1.138607 0.050375
0.472094 -1.164809 0.029696
0.479125 -1.075593 0.015707
-0.450987 0.031022 0.025936
-0.449920 0.189363 0.010748
-0.448037 -0.049711 0.008358
-0.012864 0.733309 0.160462
-0.135107 0.730935 0.217471
0.383292 -0.167903 -0.001814
0.407083 -0.314232 0.005139
0.057773 1.129616 0.125754
-0.042186 0.926906 0.177019
-0.066600 0.991482 0.131824
0.366504 0.292535 0.004985
0.344121 0.360470 0.044185
0.344121 0.360470 0.044185
0.349361 1.063735 0.016828
-0.354469 -0.398749 0.009817
-0.368336 -0.460589 0.034183
-0.378736 -0.366188 0.023249
-0.337080 -0.450577 0.075407
-0.131032 0.902179 0.205246
-0.018437 -1.152139 0.037562
0.079890 -1.157151 0.045587
0.252296 0.465463 0.031994
0.252296 0.465463 0.031994
0.298027 0.427260 0.019227
-0.393327 -0.620581 0.090071
-0.293823 0.582937 0.010329
-0.274304 0.683722 0.003472
0.235745 1.087013 0.103970
0.178333 1.110083 0.128256
0.365687 0.845233 0.024998
-0.145392 -0.906815 0.023102
0.288912 1.106680 0.095615
0.256444 1.139816 0.057816
0.188606 1.132381 0.026841
0.397672 -0.676696 0.072932
0.440981 -0.672394 0.019186
0.416939 -0.654261 0.004208
-0.370666 0.745883 0.016097
-0.409657 0.801953 -0.002777
-0.412390 0.689884 0.005952
-0.420406 0.695777 0.026706
-0.414168 -0.672216 0.016303
0.440098 -1.050211 0.006270
-0.337998 -0.619213 0.057898
0.330729 -0.550744 0.002722
0.389707 -0.423221 0.001803
0.389419 -0.501646 0.022498
0.009696 1.071213 0.144020
0.089886 1.161885 0.060042
-0.409346 0.674848 0.047592
-0.420406 0.695777 0.026706
-0.358475 1.117893 0.028558
-0.277683 1.171198 0.012697
-0.251924 -0.328964 0.158930
-0.313573 -0.417147 0.107779
-0.297819 -0.754524 0.005198
0.279916 0.440430 0.000085
0.335422 0.449127 0.013245
0.298027 0.427260 0.019227
-0.354873 -0.638730 0.038611
0.201300 -0.097360 0.065890
-0.153527 1.106986 0.085416
0.224523 -0.403944 0.091226
-0.174276 0.907678 0.205466
-0.091593 0.907707 0.225145
-0.230338 0.165673 0.277909
0.005236 0.757126 0.116496
0.313625 -0.485698 0.045879
0.329679 -0.591021 0.052194
-0.370397 -0.607296 0.017313
-0.317581 -0.570457 0.023049
0.313995 -0.466310 0.019617
-0.324493 -0.472503 0.100183
0.372827 0.011981 -0.001250
0.335422 0.449127 0.013245
0.366504 0.292535 0.004985
-0.289874 -0.467392 0.057330
-0.304648 -0.535314 0.023015
-0.289874 -0.467392 0.057330
0.169923 0.828269 0.043010
0.173828 0.855329 0.019114
-0.184789 1.104159 0.099313
0.176271 0.482553 0.059051
-0.387477 -1.051733 0.100753
-0.397972 -1.029404 0.042782
0.252202 0.503741 0.029488
0.272532 0.628672 0.014692
0.266514 0.490821 -0.000825
-0.258633 -1.039795 0.058452
-0.415459 -1.075882 0.103212
0.266134 1.006364 0.056907
0.263308 1.061960 0.084687
-0.359873 0.457685 0.056209
-0.361480 0.431166 0.079948
-0.353447 0.205840 0.044363
0.348687 0.647523 0.040661
0.348687 0.647523 0.040661
0.370052 -0.099022 0.057967
-0.317050 0.472698 0.024011
-0.411135 0.446605 0.039860
-0.310600 -1.132490 0.014056
-0.321144 -1.092342 0.038452
-0.402047 -1.107036 0.036621
-0.414887 0.445658 0.019346
-0.036424 -1.144936 0.050977
-0.066530 -1.149236 0.010686
-0.031782 -1.118738 0.012543
0.029566 0.867746 0.060704
-0.331776 0.476620 0.043767
0.364979 -0.567210 -0.001855
0.344511 -0.641977 0.049019
-0.106824 1.052241 0.241366
0.115536 -1.083147 0.071905
0.100271 -1.133930 0.053004
-0.447319 -1.036762 0.095035
-0.465446 -1.078448 0.064817
-0.422413 -1.048534 0.074074
-0.450746 -1.043123 0.055047
-0.479125 -1.001662 0.010308
0.472094 -1.164809 0.029696
0.349361 1.063735 0.016828
-0.314591 -0.583071 0.014970
-0.310095 -0.676134 0.034793
0.288517 0.448549 0.038522
0.314423 0.421617 0.056076
0.284056 0.526723 0.086827
-0.228749 1.131900 0.146249
-0.293706 0.655930 0.021555
0.041439 1.126073 0.025881
0.043642 1.071136 0.001730
0.041439 1.126073 0.025881
-0.407054 -0.292915 0.030959
-0.337998 -0.619213 0.057898
0.366174 -0.557210 0.034784
-0.345420 0.407392 0.014327
0.313995 -0.466310 0.019617
0.338177 -0.440629 0.032913
0.313625 -0.485698 0.045879
-0.466158 -0.860529 0.010847
-0.466813 -0.841301 0.027135
0.354380 -0.070772 0.017731
0.407083 -0.314232 0.005139
-0.362031 0.663784 0.084357
-0.448037 -0.049711 0.008358
-0.440857 0.166028 -0.002654
-0.412390 0.689884 0.005952
-0.420406 0.695777 0.026706
0.325339 0.434936 0.061461
-0.479125 -1.001662 0.010308
0.272532 0.628672 0.014692
-0.416786 0.828694 0.014334
-0.416786 0.828694 0.014334
0.344511 -0.641977 0.049019
0.344511 -0.641977 0.049019
-0.433436 -1.091089 0.084988
-0.415459 -1.075882 0.103212
-0.447319 -1.036762 0.095035
-0.309093 -0.466241 0.019794
-0.309093 -0.466241 0.019794
-0.289874 -0.467392 0.057330
0.252296 0.465463 0.031994
0.386427 0.116559 0.013755
0.377409 -0.035350 0.027392
-0.288099 0.454773 0.072563
-0.362358 1.087702 0.007526
-0.328246 -0.616698 0.022849
-0.370397 -0.607296 0.017313
-0.361094 -0.642631 0.010507
0.314453 -0.509624 0.024065
0.364392 0.625646 0.007461
0.331972 0.640878 -0.000593
0.364392 0.625646 0.007461
-0.449920 0.189363 0.010748
0.317861 -0.645434 0.044056
0.272532 0.628672 0.014692
-0.269197 1.090326 -0.003052
-0.361094 -0.642631 0.010507
-0.330938 0.648870 0.040652
-0.330938 0.648870 0.040652
-0.067164 -1.141028 0.032366
-0.438243 -0.733426 0.029475
-0.289874 -0.467392 0.057330
-0.331776 0.476620 0.043767
-0.271864 -0.458388 0.061091
-0.477608 -1.055323 0.030797
-0.385261 -1.104470 -0.000039
-0.337080 -0.450577 0.075407
0.389707 -0.423221 0.001803
0.411087 -0.412502 0.007719
0.411087 -0.412502 0.007719
-0.436019 -0.177599 0.017873
0.155567 0.930002 0.028568
0.313625 -0.485698 0.045879
0.326786 -0.607022 0.036906
0.235834 0.465489 0.025914
-0.387291 -0.647200 0.090220
-0.391682 -0.634286 0.038537
0.313995 -0.466310 0.019617
0.117559 1.097761 0.020481
0.407083 -0.314232 0.005139
0.405062 -0.421648 0.031761
0.411087 -0.412502 0.007719
0.407083 -0.314232 0.005139
-0.314650 0.469104 0.055014
-0.354873 -0.638730 0.038611
-0.302650 -0.616957 0.083547
-0.018437 -1.152139 0.037562
0.325339 0.434936 0.061461
-0.317581 -0.570457 0.023049
-0.341113 -0.506146 0.018597
-0.310600 -1.132490 0.014056
0.354380 -0.070772 0.017731
-0.412390 0.689884 0.005952
-0.351950 0.668953 0.025870
-0.369442 -0.652136 0.067218
0.080098 0.495736 0.233525
0.058476 0.355430 0.292699
0.144619 0.642573 0.126876
-0.232257 0.183255 0.258679
-0.243439 0.317140 0.181361
-0.151541 -0.761777 0.087329
0.148145 0.388485 0.095310
0.121361 0.218595 0.193664
0.180857 0.221156 0.135209
0.248523 -0.669609 0.136536
0.259264 -0.702683 0.103018
0.297788 -0.656060 0.073674
-0.292684 -0.545122 0.053109
-0.297675 -0.528185 0.113768
0.250622 -0.615563 0.101945
0.340053 -0.665021 0.075366
-0.387291 -0.647200 0.090220
-0.356998 -0.698359 0.080612
-0.369442 -0.652136 0.067218
-0.349341 0.583772 0.089695
-0.343322 0.620617 0.057169
-0.362031 0.663784 0.084357
0.301433 0.491839 0.082379
0.290157 0.456370 0.079086
0.325339 0.434936 0.061461
-0.393964 0.560344 0.066603
-0.372871 0.582601 0.097936
-0.398074 0.670643 0.055634
-0.317204 -0.696342 0.061083
0.332879 1.092791 0.052594
0.288912 1.106680 0.095615
0.301061 1.056983 0.075554
-0.330938 0.648870 0.040652
-0.292943 0.638519 0.046239
-0.245265 0.767583 0.080251
0.368722 -0.652479 0.055067
0.317861 -0.645434 0.044056
-0.343884 0.508715 0.057210
0.332777 0.472983 0.026688
0.340171 -0.520437 0.057334
0.368722 -0.652479 0.055067
0.360625 -0.531667 0.090404
-0.409564 -0.710682 0.065215
-0.391682 -0.634286 0.038537
-0.438243 -0.733426 0.029475
0.139905 0.559730 0.071091
0.190430 0.610284 0.038340
-0.299318 0.525558 0.051952
-0.282368 0.548615 0.037624
-0.390192 -0.702945 0.083565
-0.466813 -0.841301 0.027135
-0.281726 -0.522904 0.055318
-0.277353 -0.517498 0.030419
-0.300726 -0.613666 0.023782
-0.354873 -0.638730 0.038611
-0.328246 -0.616698 0.022849
0.403846 -0.600060 0.017216
0.399180 -0.577137 0.063360
0.194934 0.668466 0.013384
0.272621 0.661272 0.060910
0.244849 0.691888 0.022172
-0.351950 0.668953 0.025870
-0.293706 0.655930 0.021555
-0.292943 0.638519 0.046239
0.326954 -0.124438 0.036352
0.301275 -0.260338 0.033862
0.322192 -0.497454 0.029449
0.344511 -0.641977 0.049019
0.317861 -0.645434 0.044056
0.369766 -0.661684 0.035499
0.304062 0.651778 0.026952
0.218369 0.639683 0.040386
0.274402 0.582824 0.057268
0.272532 0.628672 0.014692
0.266102 0.552264 0.029162
0.301816 0.525046 0.082646
0.340939 0.564748 0.022713
-0.347465 0.600846 0.006954
-0.331776 0.476620 0.043767
-0.340010 0.526144 0.015850
-0.387824 -0.023067 0.032243
-0.434319 0.182866 0.035723
0.386427 0.116559 0.013755
0.365461 0.015993 0.036257
0.377409 -0.035350 0.027392
-0.370397 -0.607296 0.017313
-0.414168 -0.672216 0.016303
0.317373 -0.670141 0.024400
0.373962 -0.701405 0.066781
0.332662 -0.715740 0.053600
0.430878 -0.780975 0.019789
0.369766 -0.661684 0.035499
0.352503 -0.618690 0.008749
-0.389224 -0.777161 -0.001861
-0.302650 -0.616957 0.083547
-0.310095 -0.676134 0.034793
-0.192370 -1.133322 0.036024
-0.095286 -1.110131 0.021710
0.228009 0.501753 0.027758
0.293634 -0.574457 0.001384
0.314453 -0.509624 0.024065
0.325647 -0.567538 0.029894
-0.357230 -0.681521 0.049262
-0.419780 -0.724469 -0.000051
-0.361094 -0.642631 0.010507
0.266102 0.552264 0.029162
0.294027 0.612915 -0.000767
0.117559 1.097761 0.020481
0.205129 1.135623 0.013271
0.286918 1.016860 0.005406
0.311370 0.864044 0.006249
0.228938 0.403653 0.002201
0.209737 0.443277 0.026455
0.279916 0.440430 0.000085
-0.414887 0.445658 0.019346
-0.410522 0.319366 -0.000690
0.372827 0.011981 -0.001250
0.386427 0.116559 0.013755
0.224309 0.732026 0.000342
0.227137 0.658546 0.007057
0.266514 0.490821 -0.000825
0.322704 0.563812 -0.002529
0.170679 0.984884 -0.000994
-0.294379 0.740668 0.004110
-0.283996 0.558145 -0.002959
0.283895 0.030846 0.004124
0.299944 -0.294339 -0.003172
0.457691 -0.800876 -0.003065
0.019555 1.051998 0.014511
-0.220372 1.096855 0.005236
0.344121 0.360470 0.044185
0.313851 0.378463 0.028406
0.377224 0.110029 0.025606
0.067923 0.266788 0.266732
0.082232 0.042044 0.211236
-0.093092 0.242707 0.293576
0.039278 -0.964147 0.099924
0.086594 -1.001094 0.139799
-0.024501 -0.706244 0.238317
-0.302650 -0.616957 0.083547
-0.257951 -0.306373 -0.000778
-0.378736 -0.366188 0.023249
-0.372602 -0.346394 0.044275
-0.407054 -0.292915 0.030959
-0.359873 0.457685 0.056209
-0.350471 0.500493 0.089425
-0.361480 0.431166 0.079948
-0.412199 0.468008 0.052977
-0.381491 0.427781 0.074104
-0.243316 0.144513 0.263985
-0.308732 0.302934 0.152188
0.063239 0.913924 0.048150
0.195855 0.968526 0.009305
-0.131032 0.902179 0.205246
-0.174276 0.907678 0.205466
0.201300 -0.097360 0.065890
0.374715 0.822694 0.012704
0.362540 0.667959 0.037075
0.364392 0.625646 0.007461
0.347385 1.014604 -0.002426
0.352982 0.680551 -0.003127
-0.130252 -1.009847 0.001786
0.207128 -1.120561 0.035525
0.162027 -1.030350 0.068668
0.126410 -1.111459 0.051598
0.017768 0.514972 0.216369
-0.046042 0.875289 0.147846
-0.091593 0.907707 0.225145
-0.064309 0.866512 0.206435
0.183126 0.551153 0.081872
-0.340105 -0.483389 0.098792
-0.368336 -0.460589 0.034183
-0.326326 -0.525202 0.089576
-0.324493 -0.472503 0.100183
-0.309522 -0.458383 0.067558
0.278602 -0.810367 0.100935
0.293796 -0.847999 0.121233
0.370852 -0.887425 0.019367
0.464385 -0.883744 0.023450
0.021908 0.369691 0.294365
-0.097169 0.429442 0.241108
-0.254943 -0.715341 0.129165
-0.357586 -0.327699 0.009031
-0.415288 -0.233021 0.000327
-0.283975 -0.330281 -0.003059
-0.324764 -0.408559 0.045064
-0.193209 -0.581343 0.229560
-0.263914 -0.772960 0.045927
-0.280430 -0.820630 0.045926
-0.396905 0.752359 0.051534
-0.376574 0.859336 0.050185
-0.261142 1.128118 0.131101
-0.250045 1.066146 0.103600
-0.200302 1.081648 0.192369
0.397672 -0.676696 0.072932
0.440981 -0.672394 0.019186
0.399180 -0.577137 0.063360
-0.234247 -0.791134 0.067789
-0.081134 -0.962133 0.085047
-0.089164 -0.915717 0.049963
-0.175438 -1.081546 0.046602
0.411087 -0.412502 0.007719
0.405062 -0.421648 0.031761
0.378041 -0.510569 0.079088
-0.272162 -1.052338 0.021580
-0.261616 -1.096844 0.007101
-0.201878 -1.089191 0.015626
-0.401207 0.581138 0.036753
-0.358919 0.544378 0.006005
-0.388564 0.523875 0.090090
-0.395629 0.697464 0.005654
-0.351950 0.668953 0.025870
0.304019 1.132509 -0.001122
0.374715 0.822694 0.012704
0.183758 -0.434424 0.126972
0.186393 -0.504929 0.149704
-0.322118 -0.525967 0.029824
-0.366955 -0.407416 0.010677
-0.309093 -0.466241 0.019794
0.231339 0.866679 0.007221
0.195135 0.784536 0.033310
-0.196591 -0.406105 0.212437
-0.252010 -0.455772 0.103325
0.320640 -0.392533 0.005466
0.396309 -0.377411 -0.003274
0.309953 -0.195760 0.004447
0.383292 -0.167903 -0.001814
0.440098 -1.050211 0.006270
0.369665 -0.975174 0.007460
0.331205 -1.115474 0.009490
0.439794 -0.936987 0.031851
0.381483 -0.854384 0.034059
0.406519 -0.942170 0.006380
-0.362358 1.087702 0.007526
-0.321148 1.034482 -0.007732
-0.376114 0.964372 -0.001472
-0.243276 1.106812 0.020069
-0.241865 1.134212 0.024138
-0.152855 1.077078 0.059538
0.224477 -1.166311 0.005070
0.373493 -1.171158 0.007083
0.104619 -1.146757 0.026923
0.132413 -1.144864 0.007429
0.256796 -1.171198 0.018387
0.277047 0.184169 0.029693
0.359825 0.140860 0.030339
0.212235 0.232550 0.066287
-0.058636 1.045366 0.141543
-0.055029 1.076556 0.213379
-0.078839 1.016342 0.209062
0.024018 -0.904900 0.185170
0.032911 -0.796464 0.224004
-0.477608 -1.055323 0.030797
-0.465446 -1.078448 0.064817
-0.330136 0.417750 -0.000164
-0.314650 0.469104 0.055014
-0.317050 0.472698 0.024011
-0.355394 0.456388 0.041325
-0.225689 -0.962437 0.028332
-0.437243 -1.010870 0.008099
-0.073177 1.085557 0.216318
-0.004444 1.109519 0.107217
-0.052145 1.062454 0.119590
0.142672 1.106309 0.121500
-0.412199 0.468008 0.052977
-0.358978 0.509906 0.008374
-0.355394 0.456388 0.041325
-0.414887 0.445658 0.019346
-0.201652 -1.140507 -0.002592
-0.142275 -1.152009 0.015343
-0.277683 1.171198 0.012697
-0.176649 1.085055 0.194954
-0.238159 1.159704 0.079018
-0.233689 -1.128760 0.026575
-0.252277 -1.144322 0.013933
0.211538 1.073551 0.101322
-0.348308 1.123338 0.070045
-0.295004 1.147378 0.078568
-0.278384 1.153251 0.036742
0.089244 0.443733 0.188204
0.142926 0.442354 0.095029
-0.265258 0.332261 0.159585
0.164289 -0.188608 0.109911
0.024295 -0.279984 0.267754
0.336199 -0.841669 0.035011
-0.364011 -0.139197 0.028758
-0.251808 -0.187886 0.171751
0.043642 1.071136 0.001730
0.041439 1.126073 0.025881
0.205954 -0.591014 0.134580
0.081143 -0.899018 0.206504
0.039719 -0.935400 0.138768
-0.260579 -0.221070 0.192385
-0.234611 -0.186928 0.237402
-0.104043 -1.065802 0.019357
-0.031782 -1.118738 0.012543
-0.105065 -1.132594 -0.000323
-0.051830 0.587882 0.238428
0.178333 1.110083 0.128256
0.117559 1.097761 0.020481
0.136408 1.139070 0.110639
0.057773 1.129616 0.125754
0.228009 0.501753 0.027758
0.230613 0.624055 0.023638
0.211673 0.549549 0.065462
0.197920 0.435817 0.063115
0.210726 0.469922 0.049907
0.115232 -0.982370 0.115258
0.110540 -1.050159 0.055854
0.139008 -0.965656 0.116299
0.206424 -1.008614 0.122436
0.162460 -0.984124 0.102353
0.291742 0.874131 0.038376
0.271005 0.833538 0.016931
0.249641 0.892010 0.005950
0.243983 0.953207 0.023242
-0.135107 0.730935 0.217471
-0.124141 0.804773 0.215936
0.311146 -0.441004 0.073072
0.334934 -0.462251 0.047948
0.364889 -0.440179 0.053329
0.310968 -0.522077 0.046111
0.329679 -0.591021 0.052194
0.405062 -0.421648 0.031761
0.289566 -0.395241 0.042253
0.221001 -0.359877 0.126823
0.175344 -0.912488 0.189376
0.119828 -0.897527 0.209217
0.324632 -1.140379 0.031750
0.276890 -1.074089 0.028234
0.277757 -1.156171 0.035752
0.232359 -1.127378 0.058328
0.007435 1.104601 0.136414
0.018722 1.123163 0.097709
-0.273761 -0.470789 0.010396
-0.271864 -0.458388 0.061091
-0.247715 -0.421257 0.007618
-0.175122 -0.975050 0.038839
-0.209395 -1.027098 0.023838
-0.155786 -1.027992 0.018875
0.205023 0.109443 0.075663
0.262483 -0.564904 -0.001215
0.299407 -0.484861 -0.004949
-0.401633 0.908900 0.018544
-0.420406 0.695777 0.026706
0.180200 -0.725002 0.229464
0.268799 -0.836788 0.146984
0.175755 -0.790652 0.223741
0.183021 -0.848392 0.181074
0.244779 -0.833219 0.168724
0.027159 -1.151501 0.015383
0.103058 -1.149567 0.011476
0.079890 -1.157151 0.045587
-0.036424 -1.144936 0.050977
0.079890 -1.157151 0.045587
0.380347 -0.213774 0.030510
0.401248 -0.391987 0.021634
0.393208 -0.145839 0.014778
-0.047031 0.966764 0.184178
-0.042186 0.926906 0.177019
-0.024856 0.936632 0.116457
0.011576 0.886809 0.098507
-0.289819 -0.730336 0.100071
-0.328119 -0.763616 0.025833
-0.280534 0.626729 0.064873
-0.288099 0.454773 0.072563
-0.275929 0.486402 0.092236
0.185453 0.672214 -0.002061
0.230613 0.624055 0.023638
0.182668 -0.882138 0.171052
-0.467087 -0.992615 0.023362
-0.466158 -0.860529 0.010847
-0.004691 -0.148109 0.269705
0.468191 -0.769054 0.008885
0.479125 -1.075593 0.015707
0.373493 -1.171158 0.007083
0.391603 -1.165088 0.017282
-0.312792 0.372825 0.069776
-0.277209 0.199245 0.160212
-0.123639 1.021740 0.244163
-0.137478 0.945512 0.236267
-0.084800 0.943931 0.192091
-0.378736 -0.366188 0.023249
-0.407054 -0.292915 0.030959
-0.012132 1.036064 -0.002271
-0.269197 1.090326 -0.003052
0.314559 0.609275 0.059665
0.314939 0.645252 0.051510
0.173305 0.267375 0.113678
0.090482 0.294408 0.253728
0.212116 0.311268 0.091266
-0.450987 0.031022 0.025936
-0.436019 -0.177599 0.017873
-0.002475 -1.008287 0.057634
-0.134101 1.028883 0.231006
-0.204266 0.887634 0.126981
0.337641 0.682943 0.056531
0.311889 0.709538 0.032004
0.288168 0.775258 0.049415
-0.318594 1.060613 0.038525
-0.362874 1.030695 0.023495
-0.313616 0.746922 0.043053
0.272083 1.012096 0.016915
0.442595 -1.138607 0.050375
0.472094 -1.164809 0.029696
0.479125 -1.075593 0.015707
-0.449920 0.189363 0.010748
-0.225715 0.953415 0.123812
-0.327670 0.828331 0.063533
-0.154974 1.005976 0.195422
-0.012864 0.733309 0.160462
-0.093607 0.779142 0.218313
-0.111273 0.781330 0.227066
-0.079114 0.792724 0.219756
-0.133573 -0.953929 0.023386
-0.145392 -0.906815 0.023102
0.407083 -0.314232 0.005139
-0.385265 0.672898 0.078123
-0.356772 0.743879 0.042382
-0.398074 0.670643 0.055634
-0.351767 0.667237 0.051269
0.299173 0.918844 0.033054
-0.137981 -0.821193 0.060876
-0.075980 1.070962 0.167519
-0.158637 1.109830 0.101213
0.313386 -1.089509 0.013792
-0.217708 -0.140128 0.299131
-0.066600 0.991482 0.131824
0.354263 0.368160 0.029876
0.348159 0.308325 0.033215
0.346380 0.931264 0.023495
-0.341113 -0.506146 0.018597
-0.368336 -0.460589 0.034183
-0.342306 -0.370481 0.062421
-0.366395 -0.453438 0.051685
-0.223797 0.711529 0.128520
0.304019 1.132509 -0.001122
-0.018437 -1.152139 0.037562
0.084858 0.850574 0.056975
0.252296 0.465463 0.031994
0.235834 0.465489 0.025914
0.252296 0.465463 0.031994
0.169923 0.828269 0.043010
0.290524 0.501572 0.041099
0.298027 0.427260 0.019227
0.225144 -0.998603 0.077319
-0.321396 -0.529500 0.105197
-0.393327 -0.620581 0.090071
-0.293823 0.582937 0.010329
-0.274304 0.683722 0.003472
0.235745 1.087013 0.103970
0.167557 0.408312 0.057851
0.176271 0.482553 0.059051
0.166858 0.447851 0.080593
0.344667 0.767996 0.037199
-0.262696 0.831663 0.069946
-0.462336 -0.972422 -0.005605
-0.479125 -1.001662 0.010308
-0.466158 -0.860529 0.010847
0.256444 1.139816 0.057816
0.188606 1.132381 0.026841
-0.084817 1.003367 0.225678
0.267133 0.338611 -0.004058
0.422273 -0.673422 0.052182
0.460095 -0.743658 0.023269
0.440981 -0.672394 0.019186
-0.337080 -0.450577 0.075407
-0.409657 0.801953 -0.002777
-0.412390 0.689884 0.005952
-0.414168 -0.672216 0.016303
-0.370372 -0.623167 0.005937
0.468191 -0.769054 0.008885
-0.297901 -0.649177 0.100472
-0.337998 -0.619213 0.057898
0.330729 -0.550744 0.002722
0.389707 -0.423221 0.001803
0.371711 -0.537871 0.007721
0.144037 0.647374 0.053339
0.168118 0.774966 0.031801
0.009696 1.071213 0.144020
-0.026385 -0.943885 0.117381
0.195108 1.002683 0.022897
0.263308 1.061960 0.084687
-0.409346 0.674848 0.047592
-0.420406 0.695777 0.026706
0.440486 -1.159305 0.014114
0.263769 0.271790 0.020897
0.211472 0.361655 0.033187
-0.358475 1.117893 0.028558
-0.348903 1.134833 0.050974
-0.277683 1.171198 0.012697
-0.251924 -0.328964 0.158930
-0.313573 -0.417147 0.107779
-0.332362 0.443789 0.083626
0.279916 0.440430 0.000085
0.307334 0.481189 -0.000969
0.311502 0.511583 0.014825
0.317685 -0.030119 -0.004970
0.354380 -0.070772 0.017731
0.367200 -0.094169 0.004218
0.354380 -0.070772 0.017731
0.370052 -0.099022 0.057967
0.226746 -0.622944 -0.002755
0.296710 -0.596583 0.031434
0.296198 -0.640394 0.008744
-0.238166 -1.013343 0.061733
-0.354873 -0.638730 0.038611
0.218358 -0.311863 0.075875
0.184576 -0.312635 0.120669
0.103058 -1.149567 0.011476
-0.388564 0.523875 0.090090
0.290135 -0.374663 0.037719
0.224523 -0.403944 0.091226
0.288517 0.448549 0.038522
0.314423 0.421617 0.056076
0.253089 0.788552 0.007562
0.326786 -0.607022 0.036906
-0.370397 -0.607296 0.017313
0.313995 -0.466310 0.019617
0.313625 -0.485698 0.045879
0.206416 0.659620 0.041499
-0.324493 -0.472503 0.100183
-0.300906 -0.451756 0.094909
0.335422 0.449127 0.013245
0.366504 0.292535 0.004985
-0.289874 -0.467392 0.057330
-0.304648 -0.535314 0.023015
-0.289874 -0.467392 0.057330
0.173828 0.855329 0.019114
-0.454927 -0.847217 0.032219
-0.184789 1.104159 0.099313
-0.309522 -0.458383 0.067558
-0.415459 -1.075882 0.103212
-0.387477 -1.051733 0.100753
-0.397972 -1.029404 0.042782
0.272532 0.628672 0.014692
0.331972 0.640878 -0.000593
-0.258633 -1.039795 0.058452
0.266134 1.006364 0.056907
-0.030228 1.018010 0.141334
0.298894 -0.078442 0.006362
0.225953 -0.941872 0.100988
-0.359873 0.457685 0.056209
-0.345837 0.379015 0.073511
0.004946 0.874867 0.088317
0.003040 0.910498 0.097040
0.003621 0.917077 0.070635
0.397672 -0.676696 0.072932
0.348687 0.647523 0.040661
0.348687 0.647523 0.040661
0.314939 0.645252 0.051510
0.159368 -1.110581 0.001859
-0.314650 0.469104 0.055014
-0.317050 0.472698 0.024011
-0.411135 0.446605 0.039860
-0.344542 0.348779 0.050655
-0.310600 -1.132490 0.014056
-0.321144 -1.092342 0.038452
-0.364796 -1.109388 0.020033
0.359872 -0.193869 0.047408
-0.399720 0.898848 0.000046
-0.112771 1.072115 0.112145
-0.414887 0.445658 0.019346
-0.279693 1.109497 0.010072
0.369765 -0.497451 0.088019
-0.195821 0.134193 0.283050
0.252296 0.465463 0.031994
-0.036424 -1.144936 0.050977
-0.066530 -1.149236 0.010686
0.029566 0.867746 0.060704
0.343736 -0.003808 0.012808
-0.395629 0.697464 0.005654
-0.331776 0.476620 0.043767
0.364979 -0.567210 -0.001855
0.344511 -0.641977 0.049019
-0.106824 1.052241 0.241366
0.115536 -1.083147 0.071905
0.100271 -1.133930 0.053004
0.103727 -1.077240 0.087945
0.080389 -1.120177 0.039529
-0.447319 -1.036762 0.095035
-0.465446 -1.078448 0.064817
-0.422413 -1.048534 0.074074
-0.447319 -1.036762 0.095035
-0.450746 -1.043123 0.055047
-0.479125 -1.001662 0.010308
0.093090 1.118727 0.016633
0.214464 -0.987082 0.129275
0.085912 -0.956127 0.168731
-0.022610 -0.969977 0.109604
0.349361 1.063735 0.016828
0.272532 0.628672 0.014692
-0.314591 -0.583071 0.014970
-0.271397 -0.549485 0.074845
-0.310095 -0.676134 0.034793
0.288517 0.448549 0.038522
0.314423 0.421617 0.056076
0.252202 0.503741 0.029488
0.252202 0.503741 0.029488
-0.261130 1.138443 0.077322
-0.228749 1.131900 0.146249
-0.293706 0.655930 0.021555
-0.293823 0.582937 0.010329
-0.218591 -0.086367 0.293655
0.040701 1.145137 0.050627
-0.328035 -0.650138 0.095910
-0.282456 1.148586 0.107819
0.089886 1.161885 0.060042
-0.269197 1.090326 -0.003052
-0.279693 1.109497 0.010072
-0.417091 -0.218410 0.027174
-0.415288 -0.233021 0.000327
-0.400418 -0.291510 0.041460
0.019555 1.051998 0.014511
0.003966 0.981029 -0.001264
-0.220372 1.096855 0.005236
-0.337998 -0.619213 0.057898
-0.428437 -0.176326 0.000298
0.298045 0.806301 0.039066
0.366174 -0.557210 0.034784
-0.345420 0.407392 0.014327
-0.414317 0.218468 0.009274
0.366174 -0.557210 0.034784
0.313995 -0.466310 0.019617
0.338177 -0.440629 0.032913
0.313625 -0.485698 0.045879
0.322192 -0.497454 0.029449
-0.466813 -0.841301 0.027135
0.119558 0.612119 0.166075
0.393208 -0.145839 0.014778
0.407083 -0.314232 0.005139
-0.358809 0.688661 0.065831
-0.351767 0.667237 0.051269
-0.448037 -0.049711 0.008358
-0.409346 0.674848 0.047592
-0.420406 0.695777 0.026706
-0.354469 -0.398749 0.009817
0.325339 0.434936 0.061461
0.272532 0.628672 0.014692
0.344511 -0.641977 0.049019
-0.433436 -1.091089 0.084988
-0.415459 -1.075882 0.103212
-0.004362 0.888557 0.132616
-0.375872 -1.099954 0.054552
0.222242 -0.509940 0.117536
-0.309093 -0.466241 0.019794
0.311502 0.511583 0.014825
-0.289874 -0.467392 0.057330
0.222971 -0.462108 0.089071
0.252296 0.465463 0.031994
0.262497 -0.762110 0.102551
0.368781 -0.052819 0.014895
-0.362358 1.087702 0.007526
0.030006 1.083807 0.025503
-0.011400 1.066284 0.095902
0.362326 -0.940788 0.032482
0.330568 -0.881550 0.070505
0.132413 -1.144864 0.007429
-0.328246 -0.616698 0.022849
-0.370372 -0.623167 0.005937
-0.361094 -0.642631 0.010507
-0.337080 -0.450577 0.075407
-0.366395 -0.453438 0.051685
0.314453 -0.509624 0.024065
0.326473 -0.936060 0.043621
0.202563 0.376938 0.010018
0.422273 -0.673422 0.052182
0.364392 0.625646 0.007461
0.440981 -0.672394 0.019186
0.364392 0.625646 0.007461
-0.449920 0.189363 0.010748
0.272532 0.628672 0.014692
0.094348 -1.107464 0.030438
0.335422 0.449127 0.013245
0.411087 -0.412502 0.007719
0.389419 -0.501646 0.022498
-0.361094 -0.642631 0.010507
0.323591 -0.119132 0.018284
-0.330938 0.648870 0.040652
-0.330938 0.648870 0.040652
0.201065 1.111615 0.111765
-0.417302 -1.019542 0.043533
-0.067164 -1.141028 0.032366
-0.438243 -0.733426 0.029475
-0.289874 -0.467392 0.057330
-0.271864 -0.458388 0.061091
-0.385261 -1.104470 -0.000039
-0.368336 -0.460589 0.034183
0.389707 -0.423221 0.001803
-0.436019 -0.177599 0.017873
0.093090 1.118727 0.016633
0.178983 0.926193 0.007686
0.330729 -0.550744 0.002722
0.041439 1.126073 0.025881
0.277463 1.156439 0.007044
0.326786 -0.607022 0.036906
-0.361480 0.431166 0.079948
-0.381491 0.427781 0.074104
-0.391682 -0.634286 0.038537
0.277463 1.156439 0.007044
-0.341113 -0.506146 0.018597
-0.323748 -0.506504 0.010441
0.313995 -0.466310 0.019617
-0.362031 0.663784 0.084357
-0.385265 0.672898 0.078123
0.407083 -0.314232 0.005139
0.411087 -0.412502 0.007719
-0.314650 0.469104 0.055014
-0.354873 -0.638730 0.038611
-0.337998 -0.619213 0.057898
-0.302650 -0.616957 0.083547
-0.281726 -0.522904 0.055318
-0.018437 -1.152139 0.037562
0.030006 1.083807 0.025503
-0.317581 -0.570457 0.023049
-0.322118 -0.525967 0.029824
-0.341113 -0.506146 0.018597
-0.310600 -1.132490 0.014056
0.440486 -1.159305 0.014114
0.364889 -0.440179 0.053329
-0.411135 0.446605 0.039860
-0.414887 0.445658 0.019346
0.361551 -0.524610 0.046114
0.389419 -0.501646 0.022498
0.205129 1.135623 0.013271
-0.370397 -0.607296 0.017313
5 10
16 20
3 20
4 7
8 9
811 814
671 702
636 662
13 19
971 1081
641 678
704 705
656 687
658 734
689 690
2 11
15 17
814 826
690 691
0 1
22 23
3 22
1018 1056
657 658
667 692
724 725
848 887
130 168
638 702
10 15
13 21
146 177
636 637
637 675
144 153
639 641
1049 1051
642 692
650 718
9 14
153 173
1207 1379
834 877
692 694
757 789
706 707
640 686
1 2
8 13
13 18
1204 1557
990 1047
26 30
642 662
4 12
534 612
655 656
756 795
171 174
740 741
909 976
674 675
135 154
646 648
976 1168
1543 1641
624 625
6 8
1417 1572
647 648
909 986
636 669
776 828
795 871
849 887
778 789
1322 1416
1085 1087
1116 1180
1852 1853
977 1024
1329 1543
257 339
1080 1155
640 642
163 174
783 818
1420 1542
198 201
698 699
1206 1401
1338 1433
703 704
732 733
123 124
747 806
612 635
823 824
791 792
799 901
809 810
1068 1069
1102 1103
2066 2067
2098 2164
749 813
784 852
1873 2009
1378 1379
677 688
644 645
970 1188
748 796
1063 1064
636 667
1267 1478
765 830
765 808
937 980
1303 1318
423 425
903 904
197 198
132 162
686 718
771 877
679 680
115 136
684 727
68 154
96 124
1551 1553
728 729
707 743
1469 1541
1205 1414
61 77
144 145
1375 1456
216 314
39 40
77 151
802 885
1073 1074
1022 1052
782 783
650 738
680 681
1250 1470
1016 1033
71 87
790 792
1051 1127
1825 2121
1079 1131
1479 1581
2099 2255
520 619
715 717
121 164
297 508
278 280
227 347
252 295
1270 1489
1115 1166
111 170
1301 1415
807 886
856 857
35 134
114 134
1065 1128
1172 1188
1019 1088
1086 1087
41 86
293 296
42 72
86 98
1306 1307
1821 1822
787 790
1029 1030
670 671
682 683
777 786
1007 1089
1150 1174
1323 1598
1060 1083
160 167
599 617
708 709
930 932
1079 1080
1167 1181
1621 1650
2326 2363
664 665
723 724
978 1151
1329 1420
1872 1990
1826 1827
676 687
1338 1361
797 798
38 66
759 761
869 870
229 231
1049 1091
697 698
973 1033
1274 1303
197 205
820 821
952 1084
1208 1393
215 220
113 120
69 96
1216 1244
360 361
624 629
227 276
1463 1468
1847 2128
751 907
768 769
640 663
717 726
937 938
1418 1419
27 83
83 113
1250 1295
315 316
962 963
463 590
1022 1061
1270 1575
2084 2085
1848 2033
916 1111
1695 2135
1751 1912
2313 2314
950 951
297 560
721 745
961 963
2070 2071
182 293
684 685
1360 1647
1849 1851
1906 2360
1220 1314
152 153
1235 1236
816 821
27 28
90 97
1300 1612
1819 2035
1312 1600
1930 1964
1368 1432
2087 2088
55 58
456 457
1035 1187
1399 1663
1961 2379
817 846
1311 1401
995 1167
772 824
371 539
1112 1199
616 631
219 313
1129 1190
627 633
492 522
2036 2345
620 629
1441 1471
1062 1110
818 852
819 852
908 909
185 243
986 1018
720 721
855 895
888 889
1697 2058
938 955
1113 1176
892 893
1444 1446
2048 2049
201 261
1874 1879
484 490
1293 1507
1269 1488
1553 1639
1810 2217
380 541
1445 1575
63 82
110 151
25 29
252 446
1308 1397
657 722
416 561
779 781
536 576
1458 1572
130 131
1209 1211
1265 1656
1771 2372
2100 2101
175 177
373 409
249 294
1482 1496
846 847
93 113
366 442
985 986
1332 1377
1230 1241
958 959
1359 1676
1309 1443
2047 2086
44 71
1258 1425
1559 1589
978 979
672 673
108 109
1447 1484
2050 2109
2322 2323
1327 1430
1434 1457
1938 2122
839 840
1448 1481
531 598
1566 1567
591 595
279 282
1311 1339
487 535
1020 1021
930 985
1701 2082
917 944
713 714
1123 1124
1858 1872
2038 2039
910 932
789 885
2123 2147
792 802
799 802
346 424
1008 1009
874 875
316 389
835 880
666 710
1397 1559
426 476
842 848
1066 1067
1165 1166
1304 1329
651 719
391 458
2216 2217
710 711
754 755
1055 1113
410 495
927 928
1478 1479
1031 1121
2198 2226
571 606
997 1099
757 879
414 451
1843 2186
323 446
1907 1982
593 594
2103 2335
1042 1061
1059 1093
1350 1383
553 626
932 1082
425 426
2062 2138
1375 1376
156 173
1356 1623
1802 1803
1397 1398
169 172
1934 1936
180 221
1774 2084
1639 1640
1775 1777
1302 1483
1319 1321
87 107
1234 1396
1974 2058
831 838
864 865
186 189
1030 1032
1743 2063
777 778
933 981
259 306
1038 1039
1404 1405
953 983
1283 1325
1828 2258
185 247
1264 1266
767 809
1762 2066
304 325
967 968
1817 1947
2184 2215
758 885
700 701
2063 2222
993 1152
991 1014
772 773
450 451
942 1070
1289 1616
1796 2151
589 604
429 503
2057 2059
257 332
334 336
209 217
921 922
1726 1727
2064 2278
2150 2151
95 138
1050 1108
1416 1419
1104 1105
1522 1523
2167 2168
414 466
949 991
1694 1972
1693 2321
1871 2157
992 993
1296 1501
1124 1125
1811 1853
92 94
2286 2287
1757 1758
1373 1584
161 167
797 837
402 433
98 137
509 596
339 417
388 428
2003 2024
49 50
203 204
66 134
1808 2363
221 222
291 292
191 193
1732 1733
1976 2065
1238 1239
78 119
56 81
230 239
1351 1406
1892 2032
75 98
1072 1083
1275 1276
1230 1305
1158 1202
17 23
931 934
1239 1251
1440 1528
1518 1628
803 827
882 883
390 431
274 387
974 975
760 761
1363 1365
1914 1915
1829 1983
2170 2171
1138 1160
332 379
854 860
868 869
302 372
183 238
687 693
754 902
805 829
972 1168
2041 2234
406 508
964 965
192 196
1540 1545
247 289
772 867
957 1166
1268 1480
140 147
147 157
666 742
2310 2326
576 617
957 1115
806 825
528 597
56 57
1406 1408
225 228
1260 1261
1563 1564
500 552
1432 1520
1800 1815
933 941
911 1193
1544 1585
43 88
1060 1107
1975 2201
1299 1504
1817 2142
1337 1368
1178 1179
1262 1263
2189 2362
74 76
1454 1514
1409 1657
712 713
942 943
1854 1989
1226 1317
137 149
1506 1676
1991 1992
1373 1497
40 68
58 80
1017 1095
1092 1142
1919 2233
1098 1107
1991 2300
119 169
159 169
898 899
941 1054
1995 1996
1991 1994
763 770
1023 1110
184 254
780 781
1922 2096
32 65
1237 1347
287 288
32 34
544 567
326 374
850 851
1041 1052
1042 1043
46 48
1738 1973
1268 1609
1075 1149
280 285
2120 2239
1453 1533
45 72
1296 1297
800 901
1369 1403
1926 1963
204 307
28 84
199 203
1213 1214
1773 1978
79 152
245 246
506 575
24 63
793 794
1376 1456
52 99
1718 2327
2139 2140
1862 1973
204 207
1225 1624
1900 2037
218 387
659 746
735 736
1865 2140
1930 2117
573 574
1152 1153
2023 2069
821 822
969 1048
1833 2029
1752 2091
1130 1143
106 108
1033 1060
556 607
288 399
133 157
785 789
2017 2018
998 1038
853 854
1901 1960
643 644
67 85
945 1183
1389 1503
2246 2295
243 289
1212 1245
1419 1531
2149 2151
1920 1925
1160 1161
1248 1249
1348 1349
1040 1052
2114 2311
2160 2161
87 125
34 36
796 832
1032 1153
1036 1135
1044 1061
481 485
1617 1658
2320 2376
975 1016
81 119
1487 1525
1372 1539
798 817
1427 1680
1677 1678
1707 2337
1201 1202
660 661
1264 1623
1004 1097
202 208
1431 1590
122 165
1886 2268
1114 1127
1321 1569
454 563
53 141
1384 1385
1662 1663
1882 1883
1003 1145
239 284
1233 1396
1770 1903
1831 1944
1439 1538
1053 1061
711 731
729 730
866 893
256 341
250 251
538 557
1812 2229
1344 1411
1551 1639
847 884
890 891
391 430
64 82
82 148
1326 1327
1855 1856
1320 1449
507 575
1802 2123
109 119
125 139
912 1197
766 830
1474 1620
2179 2180
352 396
1426 1427
165 166
1506 1511
1353 1354
1276 1512
1557 1669
2007 2208
2019 2280
276 427
477 531
347 392
1448 1486
1436 1438
1760 2385
1381 1435
1941 2025
739 740
2200 2204
445 558
962 1072
2094 2148
755 894
255 373
820 826
935 1137
1183 1203
1382 1486
258 259
1953 1955
1700 2082
828 873
1460 1462
2072 2074
814 815
936 967
1289 1290
244 286
1097 1100
1505 1511
2143 2153
1923 1924
768 858
872 878
1141 1142
2066 2361
2158 2164
664 710
676 744
580 608
1789 1790
1819 1916
1294 1358
1722 1802
126 128
138 161
833 835
875 876
206 263
89 155
116 117
920 1075
1725 2094
262 383
158 162
1930 2223
1285 1286
1646 1671
858 859
1497 1498
2045 2130
2047 2405
97 98
39 70
1342 1438
1877 2029
1402 1607
1619 1666
2398 2399
1753 2208
73 89
1884 1886
2040 2042
1458 1570
2070 2235
1744 1746
1393 1508
1951 2108
1143 1144
1169 1170
125 127
537 579
801 841
801 844
1194 1195
652 653
1023 1057
412 415
440 441
2194 2252
499 500
2083 2179
1992 2417
1464 1493
1834 2380
967 1026
1776 1825
1916 2035
285 351
1266 1356
83 84
853 860
1127 1131
432 480
1331 1424
1345 1472
1885 2092
388 427
73 129
1932 2350
812 863
1340 1343
1875 1878
1090 1173
1119 1171
404 464
1006 1100
2108 2115
1830 2271
1055 1056
2005 2008
261 262
749 881
1310 1443
1912 1913
1210 1215
1719 2397
367 368
1366 1367
1943 2173
36 134
1524 1667
1894 2416
2367 2368
489 517
695 696
1335 1548
59 80
2054 2131
945 1003
1356 1357
1901 1902
240 241
951 956
1281 1288
298 324
33 94
31 91
1069 1147
1077 1078
1455 1597
1476 1477
2097 2098
956 957
1795 1796
2000 2001
1964 2268
992 1152
1987 1988
1758 2252
1908 1982
911 1117
517 577
1380 1435
1937 1939
373 526
60 61
2034 2035
654 655
235 238
1413 1529
1076 1093
267 273
413 582
2093 2181
518 521
1765 2290
253 300
1958 1960
491 521
338 416
1705 1748
226 232
2011 2014
422 424
1404 1604
2111 2112
375 412
1152 1185
1282 1533
1242 1576
1741 2246
1447 1689
1020 1081
918 919
1292 1491
214 262
217 218
187 190
421 514
340 467
302 333
62 78
403 440
1213 1554
1706 2218
1712 1838
1969 1971
752 804
870 889
1015 1037
1370 1403
1530 1653
2152 2175
50 53
1579 1580
2195 2196
1492 1635
1911 2329
1428 1540
2017 2205
2055 2165
1240 1558
2190 2192
1291 1606
1608 1676
605 610
1702 1704
313 423
2379 2410
127 139
238 290
596 618
1013 1076
1475 1477
2096 2098
559 560
1107 1191
1526 1676
511 530
1948 2313
179 211
927 1189
1104 1164
209 268
1188 1192
1446 1484
2049 2109
263 269
578 579
1100 1191
1511 1676
1992 2153
1355 1357
1000 1081
1918 2370
405 464
1494 1609
2075 2076
2020 2281
1956 1968
1088 1196
1489 1625
1490 1685
1441 1527
1882 2176
1432 1457
1737 1742
1940 1941
1223 1261
1272 1273
1778 1779
198 328
1154 1156
1306 1608
1766 1767
1408 1578
1966 2249
1212 1554
1705 2218
1485 1525
205 343
1844 2238
1893 1966
2051 2053
2030 2198
447 525
2348 2349
979 1151
1313 1600
1787 1788
1984 2282
308 341
844 845
861 862
1387 1388
1947 1948
1228 1234
1861 2106
1927 2078
2155 2358
1423 1560
1997 2145
1962 2261
481 555
2285 2353
1010 1011
281 284
1770 1772
1211 1546
1704 2015
1801 2392
2387 2417
1398 1608
443 537
436 536
1814 2362
1824 2206
1316 1317
360 365
1413 1653
224 277
333 337
1332 1560
2009 2010
1259 1467
331 375
996 1173
2306 2307
1002 1159
987 988
1091 1109
1106 1138
1524 1587
1755 2141
523 581
1347 1348
1384 1592
1405 1604
1045 1074
1798 1799
2021 2069
1862 2145
1993 2300
1682 1683
1787 2199
1122 1146
1562 1592
290 318
149 150
306 497
2090 2091
994 996
2221 2384
2014 2015
1278 1522
1785 2167
465 581
769 812
1875 2329
1902 1957
1222 1262
54 55
1223 1603
468 498
1271 1575
1777 2194
531 554
1515 1516
2060 2061
1219 1315
736 737
305 331
1939 2081
1472 1529
185 292
271 274
1818 2190
1014 1093
2052 2335
1818 2263
1928 2253
483 533
309 311
1343 1637
1878 2340
1437 1438
242 289
1555 1636
2219 2338
1034 1107
479 482
2044 2244
929 1001
948 1101
1512 1513
1823 2207
630 632
2073 2074
1218 1228
1752 2089
2144 2180
1983 2281
1362 1548
1921 2357
1933 2411
2068 2178
262 308
2293 2299
362 368
450 497
231 284
2191 2263
1880 2056
1979 1986
924 948
928 929
1341 1465
1836 2304
1876 2076
494 557
603 623
103 104
1703 1704
2225 2336
2257 2412
1243 1273
1519 1658
1737 1779
2162 2376
57 81
540 592
1252 1517
1690 1691
1809 2344
385 475
441 487
1261 1601
2172 2232
2116 2254
1698 2115
1931 2254
84 94
1457 1475
344 386
567 588
1891 2173
398 433
378 411
1571 1577
544 551
2378 2404
1395 1407
1897 2198
433 478
2101 2148
913 1157
917 919
1715 1717
579 613
753 896
1941 1942
295 323
1789 1967
2001 2365
442 487
395 432
947 1145
1027 1028
1807 1950
1724 2231
1936 2024
1746 1788
2030 2031
674 716
1030 1184
1699 2146
1942 2051
781 788
1706 1866
2006 2007
621 630
595 634
1035 1036
464 493
1358 1509
1804 1806
514 515
582 592
330 408
283 320
441 461
1011 1012
1105 1163
1523 1614
1765 1766
840 900
1325 1627
1564 1648
2229 2331
1568 1569
1803 2114
1429 1540
1985 1986
2273 2374
444 445
1451 1595
1963 2256
2183 2302
1341 1668
1876 2382
33 35
602 618
1835 2305
1763 1850
1769 2339
1791 1805
1461 1541
1898 2249
950 957
1280 1289
1786 1796
1221 1227
1527 1620
1096 1197
1118 1175
756 878
265 266
551 567
1365 1659
1915 2377
217 387
1372 1405
377 497
1860 2073
1816 2142
2121 2122
1759 2385
2167 2319
999 1074
611 620
1606 1607
1980 1981
407 524
1865 1909
1723 2152
1400 1688
1410 1578
1967 2249
1870 1977
195 255
335 452
1793 1794
1473 1642
881 906
897 898
249 322
1411 1412
564 583
1881 1890
1721 2298
2192 2322
1965 1971
1740 2245
2243 2364
1394 1595
1896 2416
2205 2341
1118 1120
458 532
431 478
469 529
1132 1133
1534 1535
248 294
1157 1193
46 73
46 88
392 505
1384 1596
1626 1662
1945 2278
1359 1510
519 521
1994 2025
1256 1514
1277 1279
1853 2360
1806 2133
471 473
239 350
1752 1753
1856 2001
2009 2105
525 601
559 615
284 287
1590 1591
393 431
212 214
496 497
420 455
2027 2029
1903 1904
263 342
2154 2268
1942 2268
1215 1275
1708 1782
915 916
1229 1620
49 99
1968 2175
1952 2227
628 630
200 204
1352 1409
600 622
1334 1362
2124 2125
305 327
1247 1278
1749 1785
938 939
1139 1182
1255 1256
1277 1651
1761 1762
1288 1290
2236 2389
301 448
613 614
1466 1573
2079 2241
1386 1592
1946 2273
2274 2276
319 393
1749 2266
2003 2004
1699 1973
340 469
2119 2296
1834 2126
47 51
47 100
1953 2268
1730 1837
1673 1674
1709 1736
1502 1674
2140 2391
1593 1594
1981 2279
2383 2386
865 866
1614 1615
2317 2318
2297 2300
1016 1046
1509 1569
240 359
1231 1232
559 632
2011 2212
363 402
750 751
1534 1565
1813 2187
566 567
168 176
474 499
1739 2213
233 282
1899 1966
37 66
1850 1851
1575 1689
2193 2194
235 348
285 286
1925 2348
213 214
919 926
265 475
1567 1592
2225 2273
1953 2116
1745 2027
544 545
1868 2343
2043 2130
368 493
1728 1781
1009 1109
1582 1583
2260 2261
1767 2290
1798 2291
1711 2298
2250 2251
912 987
1333 1335
1822 2301
2078 2308
804 827
367 464
1895 2412
2013 2016
151 153
2187 2188
2233 2370
965 966
2187 2259
133 142
1841 2413
1768 2136
473 474
914 1111
1126 1127
1358 1598
1722 2283
181 352
432 458
365 405
2107 2108
495 497
1328 1374
1857 1934
1716 2289
438 441
2249 2250
1349 1611
1750 2315
1889 2312
1713 2325
1783 2157
1477 1520
1920 2098
296 370
2087 2102
1307 1372
1555 1687
194 255
940 1198
1257 1574
1094 1136
1135 1136
1988 2260
774 836
978 1200
1365 1661
1915 2378
1917 2381
1971 2292
1218 1521
1610 1692
508 559
1859 2335
453 472
1583 1584
2085 2303
1287 1517
1731 2339
1845 2384
1425 1499
1999 2132
1594 1632
2407 2408
1954 2347
667 668
989 1117
327 329
2188 2366
946 947
1266 1681
1388 1391
1959 2400
1910 2075
213 266
545 547
1076 1077
1846 1860
2089 2090
1398 1435
2025 2026
1217 1228
1710 1721
2070 2248
1795 2199
954 965
984 1054
2338 2394
1125 1134
1497 1584
773 880
775 825
1832 2166
2402 2403
1501 1552
1535 1536
2137 2216
1718 2203
1246 1654
1748 2369
1496 1541
193 194
1793 2211
2356 2395
516 573
1792 1794
1618 1640
2143 2373
649 651
1450 1627
1996 2284
48 102
104 105
1945 1946
317 392
506 516
944 1070
982 1198
365 366
2277 2374
935 936
1556 1636
1635 1637
2220 2338
2022 2118
1058 1110
1110 1186
1830 2000
270 344
1231 1512
1733 1887
1761 2197
527 528
1952 2374
548 564
291 488
381 382
306 411
1998 2144
2288 2289
1126 1168
1459 1570
1407 1566
1897 2230
178 210
502 513
943 1071
1257 1652
1763 2364
2095 2231
1934 2365
1696 1842
328 376
1739 1764
2275 2334
1331 1499
1601 1638
2132 2206
2288 2342
1840 2414
565 567
1547 1674
2210 2391
1324 1574
428 429
1794 2209
472 474
1255 1286
1729 2388
1593 1632
762 764
1229 1230
1254 1655
1756 2371
1780 2197
2077 2306
48 89
1390 1392
1364 1532
2185 2215
1011 1192
1866 1867
2214 2224
1929 2301
336 378
1253 1504
1104 1138
1522 1587
1346 1347
2266 2315
1888 2359
2156 2158
2127 2159
2354 2355
235 319
955 1012
1367 1549
1613 1614
2316 2317
2054 2335
2237 2262
1869 2039
2012 2013
1315 1317
485 555
826 843
826 905
923 925
923 1113
1704 1729
91 112
1215 1231
1708 1728
232 233
1644 1645
1284 1297
1421 1672
1791 2133
1599 1643
2285 2351
381 510
1121 1143
1561 1567
2225 2226
2001 2269
1529 1642
2181 2345
237 320
272 275
1845 2174
983 1177
1648 1649
959 960
1005 1006
1905 2387
2129 2392
353 505
89 101
1442 1657
2046 2375
1314 1660
1570 1586
1837 2265
567 585
478 504
2235 2389
260 418
1820 2066
1147 1148
1467 1573
2080 2241
1734 2257
1336 1664
1495 1550
2159 2214
236 317
1821 2406
2306 2346
567 584
2136 2339
1970 2292
142 143
361 441
542 546
1460 1589
2312 2415
1714 2325
2113 2396
1781 2240
1139 1140
1784 2267
210 345
299 324
364 404
1594 1634
2275 2276
551 562
567 568
2091 2311
470 542
321 355
254 297
437 484
207 310
1249 1279
1395 1566
212 264
1715 1768
1330 1423
2002 2004
570 584
1162 1164
1545 1675
2212 2395
1656 1691
1754 2371
1904 2372
1371 1629
1516 1628
307 310
453 510
545 549
1887 2359
311 344
1245 1610
1747 2309
2401 2402
178 345
363 462
406 609
2047 2270
371 449
1235 1670
501 512
2169 2266
1427 1446
2016 2049
2176 2177
2327 2328
188 328
303 328
1025 1026
1948 1949
2245 2246
208 384
549 550
2324 2396
320 356
356 401
1799 2228
2165 2298
369 445
266 419
921 1190
1230 1605
1253 1254
1726 2294
1935 2202
321 439
1632 1633
2333 2334
1909 2393
2408 2409
550 551
1709 1711
1298 1501
1806 2137
1374 1591
436 486
437 439
1290 1537
223 277
1622 1650
357 438
1735 1742
2270 2272
1763 2243
419 475
1232 1630
1588 1651
2238 2239
289 355
1236 1631
1728 2332
1678 1679
1720 2397
2110 2112
1258 1422
1764 1996
394 395
349 434
2301 2302
190 304
1244 1452
2151 2320
1850 2242
1665 1666
571 572
2003 2280
1867 2218
2224 2377
1442 1684
569 570
400 401
117 118
254 324
298 445
1969 2182
1797 2163
2352 2353
568 570
1241 1586
461 487
2227 2374
384 418
1839 1841
2389 2390
584 586
585 587
240 357
2219 2408
1577 1581
2247 2255
609 614
2028 2340
356 357
2104 2106
2163 2418
2394 2409
1863 1866
349 350
1864 2355
397 460
435 459
2161 2264
240 354
1224 1602
1717 2289
2207 2330
1297 1500
2133 2134
1374 1375
312 345
529 542
1599 1686
543 545
2112 2176
350 434
564 566
386 563
354 358
234 396
348 394
