3328490122246495289 1200 600
0.175157 -0.220840 0.003531
0.583114 -0.232953 0.016039
-0.422349 -0.203003 -0.000487
-0.257600 -0.203167 -0.000149
-0.577137 -0.219160 0.012178
0.600204 0.168333 0.020869
0.590716 0.114618 0.011110
0.451926 0.214636 0.011138
-0.600330 -0.198085 0.011885
0.291683 0.220108 0.085128
0.576269 0.213720 0.157728
0.451777 0.212346 0.158033
0.590997 0.099885 0.121670
-0.578094 0.100315 0.129516
0.565805 0.099919 0.130075
-0.576888 0.108980 0.169607
0.296403 0.205320 0.166326
-0.564060 0.141249 0.150742
-0.556875 0.143153 0.168668
0.564461 0.202620 0.168500
-0.183614 -0.205543 0.001014
0.576973 -0.194268 -0.000748
-0.597775 0.112911 0.005243
0.569515 -0.214471 0.005314
-0.497015 -0.213378 0.004110
-0.171638 -0.203909 0.033185
-0.577837 0.105906 0.003481
0.592444 0.156006 0.009644
0.414607 0.220256 0.011909
-0.508840 -0.219316 0.011395
0.114705 -0.217189 0.036646
0.600204 0.168333 0.020869
0.451926 0.214636 0.011138
-0.127821 -0.217104 0.037393
0.245958 -0.212890 0.063563
-0.214017 -0.220100 0.067758
-0.413883 0.204481 0.081581
0.115204 -0.204287 0.047453
-0.106087 -0.203596 0.053486
-0.258983 -0.214388 0.062999
-0.568561 0.220105 0.156807
-0.261554 -0.224836 0.081087
0.274220 -0.225076 0.076497
0.218014 -0.227312 0.080791
-0.201875 -0.225738 0.076082
0.499683 -0.222886 0.106079
0.244919 -0.227429 0.081216
-0.226962 -0.220307 0.096913
-0.417942 0.220269 0.089721
0.587700 -0.095169 0.089184
0.575003 -0.095401 0.090712
0.295913 0.217486 0.127423
0.487186 -0.223723 0.114511
-0.214271 -0.222634 0.105914
0.404834 -0.220186 0.122345
-0.460349 -0.223417 0.123483
-0.588679 0.213480 0.157322
-0.464327 -0.217025 0.126700
-0.500870 0.212448 0.157052
0.414741 -0.220125 0.131362
-0.200812 -0.225644 0.140450
-0.418230 0.217513 0.127675
0.300026 0.204504 0.134814
0.405559 0.204550 0.134890
-0.440392 -0.225536 0.140192
-0.185728 -0.219951 0.152356
0.296403 0.205320 0.166326
-0.444358 0.227254 0.139972
-0.452906 -0.219653 0.156300
0.209371 -0.213438 0.163924
0.253257 -0.213644 0.161025
0.404971 0.204150 0.161988
0.287914 0.220459 0.155972
-0.597859 0.164271 0.154231
0.550049 0.146590 0.149532
-0.588570 0.165873 0.167402
0.550787 0.162446 0.154868
-0.508630 0.213710 0.162207
-0.473985 -0.168495 0.168144
-0.525793 -0.168024 0.168190
0.300857 -0.168360 0.168153
0.512634 0.156046 0.178257
0.465371 0.168275 0.168166
0.512835 0.168525 0.168137
0.512203 -0.155686 0.178152
0.301534 -0.155970 0.178248
-0.150422 -0.205482 0.066097
-0.150476 -0.205473 0.082201
0.259501 -0.226788 0.100086
0.259510 -0.226783 0.078328
0.191284 0.220212 0.071333
0.191283 0.227208 0.078175
0.191283 -0.226783 0.100072
0.191287 -0.219789 0.107071
-0.215250 0.227208 0.078175
-0.215264 0.227217 0.100094
-0.270819 0.227208 0.078175
-0.283465 0.227208 0.078175
-0.509956 0.213276 0.107102
-0.509976 0.214509 0.004199
0.517071 -0.147513 0.078397
0.517071 0.146938 0.078397
-0.144794 -0.218191 0.065390
-0.144790 -0.206299 0.065383
0.139126 -0.206299 0.078855
0.133503 -0.206299 0.078855
-0.159959 -0.205468 0.082166
-0.163864 -0.205472 0.082169
-0.591280 0.081066 0.078855
-0.591280 0.086690 0.078851
-0.579379 -0.086296 0.065371
-0.579388 -0.086264 0.078852
-0.578561 0.081070 0.082169
-0.592696 0.077171 0.082171
0.297833 0.157080 0.168139
0.299766 0.157066 0.177768
0.430441 0.220212 0.142801
0.443098 0.220212 0.142801
0.443096 -0.212836 0.163936
0.443113 -0.212847 0.107042
-0.202593 0.220212 0.142801
-0.202593 0.227208 0.139332
-0.202598 -0.219787 0.142798
-0.215250 -0.219787 0.142801
-0.215264 -0.212846 0.107045
-0.270803 -0.212845 0.107040
-0.525956 -0.157645 0.177768
-0.475395 -0.160059 0.176775
0.557223 -0.143469 -0.000000
0.577861 -0.143490 -0.000032
0.588807 -0.197189 0.011938
0.590365 -0.179583 0.011980
0.565307 -0.108674 0.086185
0.565320 -0.094863 0.091889
0.511312 0.220212 0.107067
0.511307 0.227212 0.100081
-0.441753 0.220215 0.107077
-0.283403 0.220215 0.107074
-0.509960 -0.214404 0.107101
-0.509968 -0.226788 0.100083
0.191287 -0.219789 0.107071
0.203952 -0.214398 0.107089
-0.300931 -0.214389 0.004200
-0.300928 -0.219787 0.012002
-0.461273 0.218300 0.104837
-0.503122 0.212977 0.107051
-0.578557 0.090591 0.079512
-0.578557 0.096212 0.079513
0.214164 -0.224039 0.116365
0.220027 -0.216774 0.112198
0.498646 -0.212852 0.107030
0.511312 -0.219787 0.107067
0.272110 0.220216 0.107057
0.259495 0.211918 0.107041
-0.522616 0.220216 0.107058
-0.568939 0.220252 0.107042
-0.283424 -0.219790 0.107060
-0.270803 -0.212845 0.107040
0.588743 -0.197165 0.107067
0.590346 -0.187048 0.107066
0.405766 0.203965 0.124284
0.409754 0.220212 0.125245
0.546177 0.162226 0.148649
0.546203 0.162074 0.168134
0.191288 -0.219790 0.107058
0.191289 -0.219787 0.142798
0.019214 0.157066 0.177768
0.020039 -0.160059 0.176775
0.557223 -0.173815 0.064518
0.557223 -0.149250 0.064518
0.478994 -0.214389 0.072390
0.458733 -0.214389 0.071384
0.406421 0.203965 0.089850
0.410432 0.220213 0.088842
0.414290 -0.203540 0.081981
0.414283 -0.203546 -0.000006
-0.509960 -0.214404 0.107101
-0.454418 -0.214398 0.107089
-0.117328 -0.219787 0.089856
-0.117331 -0.203540 0.089850
-0.243037 0.147214 0.078397
-0.528380 0.146938 0.078397
0.577861 0.143915 -0.000032
0.586317 0.114063 0.004154
0.577873 0.180015 -0.000044
0.590365 0.180008 0.011979
-0.270820 0.214509 0.004199
-0.300931 0.214509 0.004199
-0.466219 -0.203539 0.000000
-0.498170 -0.203540 0.000000
-0.140911 -0.206299 0.078855
-0.135282 -0.206299 0.078846
-0.144794 -0.218191 0.065390
-0.144812 -0.218191 0.078855
0.129643 -0.205473 0.082201
0.133503 -0.217460 0.080802
-0.578557 -0.095787 0.082166
-0.590551 -0.095787 0.080804
-0.579388 -0.076746 0.065397
-0.579388 -0.076739 0.078855
-0.578557 0.077164 0.082166
-0.589227 0.077168 0.082160
-0.468253 -0.221642 0.074931
-0.468249 -0.214390 0.074934
0.245666 -0.214390 0.074934
0.245663 -0.221642 0.074931
0.243453 -0.219543 0.113445
0.243465 -0.216742 0.098457
0.459129 -0.219465 0.098450
0.459120 -0.217003 0.117834
-0.464641 -0.216777 0.120596
-0.464620 -0.216772 0.143522
0.259510 0.227208 0.139332
0.272156 0.227208 0.139332
0.288972 -0.203544 0.168140
0.413631 -0.203545 0.168140
0.540993 -0.148975 0.148752
0.540993 -0.148975 0.168134
0.498668 0.211907 0.163935
0.443098 0.211907 0.163935
-0.270820 0.211907 0.163935
-0.270819 0.220212 0.155622
-0.424940 -0.203545 0.168140
-0.454405 -0.212836 0.163936
-0.589149 0.114089 0.168138
-0.601655 0.114084 0.155622
0.231666 0.194334 0.107067
0.561378 0.193900 0.107067
-0.601653 -0.112917 0.134232
-0.601655 -0.094881 0.122218
-0.300259 0.220213 0.155617
-0.304145 0.220213 0.125221
-0.576629 0.102751 0.123729
-0.576629 0.113305 0.134283
-0.576618 -0.094875 0.122230
-0.576605 -0.112908 0.134250
-0.528380 -0.146512 0.113406
-0.528380 -0.146512 0.130069
0.556942 0.176315 0.064311
0.557200 0.180039 0.000006
0.486861 -0.214389 0.004200
0.485809 -0.214389 0.068456
0.223621 -0.203540 0.072387
0.215752 -0.203540 0.064518
0.289622 0.203965 0.081981
0.289622 0.203965 0.000002
-0.474086 -0.203540 0.072387
-0.466217 -0.203540 0.064518
-0.601650 0.113414 0.079875
-0.576378 0.113711 0.079872
-0.135282 -0.206299 0.078846
-0.135289 -0.206299 0.045553
0.123971 -0.218336 0.071960
0.123986 -0.205468 0.066120
-0.578561 -0.086258 0.082170
-0.578562 -0.076779 0.082201
-0.591423 0.086699 0.071957
-0.592696 0.090583 0.082171
0.458868 -0.216887 0.086083
0.456904 -0.214445 0.104187
0.459182 -0.216774 0.112198
0.482586 -0.216763 0.112205
-0.257267 -0.212842 0.146854
-0.260610 -0.216757 0.143531
0.564248 -0.187904 0.113406
0.560952 -0.193357 0.113406
0.430444 0.220212 0.107061
0.272110 0.220216 0.107057
0.443104 -0.219787 0.155621
0.413623 -0.219805 0.155641
0.590344 -0.094883 0.122199
0.590346 -0.112888 0.134264
-0.283465 0.227208 0.139332
-0.283465 0.227208 0.113909
-0.270819 0.220212 0.155622
-0.270819 0.220212 0.142801
-0.441754 -0.219790 0.107058
-0.421064 -0.219787 0.125228
-0.231022 -0.216895 0.086090
-0.231033 -0.216878 0.074931
0.132689 0.157079 0.168139
0.132674 -0.157656 0.168144
-0.143998 0.157079 0.168139
-0.145931 0.157066 0.177768
-0.498170 -0.203540 0.064518
-0.497136 -0.214389 0.068512
-0.304768 -0.219787 0.088946
-0.421744 -0.219788 0.088844
-0.578561 -0.099693 0.082169
-0.592696 -0.095794 0.082171
-0.215249 -0.212836 0.163936
-0.215264 -0.212846 0.107045
0.498648 0.213275 0.107101
0.498655 0.227216 0.100090
0.098153 -0.203540 0.081981
0.098221 -0.203577 0.071294
0.090469 -0.219909 0.063381
-0.109450 -0.219789 0.071331
-0.215250 -0.219787 0.071333
-0.215256 -0.219787 0.011999
0.565328 -0.177541 0.056955
0.584226 -0.177583 0.053173
0.222059 -0.220011 0.071516
0.249022 -0.220009 0.077005
0.453484 -0.220005 0.077006
0.455751 -0.218170 0.072554
-0.499292 -0.218182 0.089318
-0.497132 -0.218198 0.072540
0.112979 -0.216843 0.006636
0.127145 -0.218237 0.016605
0.558194 -0.154909 0.061298
0.547997 -0.154909 0.054485
0.547926 -0.168143 0.009981
0.538762 -0.168162 0.032247
0.565322 0.177947 0.056898
0.570247 0.168562 0.063807
0.592449 0.168581 0.010033
0.582251 0.168583 0.003162
0.560952 0.193781 0.113406
-0.243037 0.194334 0.113406
-0.589842 -0.062635 0.036713
-0.591280 -0.071117 0.045556
0.577833 -0.143469 -0.000000
0.557223 -0.143469 -0.000000
0.563914 -0.190394 0.111151
0.410356 -0.219788 0.088795
-0.578557 -0.102422 0.063021
-0.576629 -0.064482 0.063021
0.590346 -0.094863 0.122244
0.565320 -0.113659 0.168134
-0.474301 0.157039 0.168134
-0.525955 0.157039 0.177734
-0.576629 -0.112880 0.079851
-0.576629 -0.113659 -0.000001
0.565756 -0.143469 -0.000000
0.557223 -0.143469 -0.000000
0.115529 -0.208027 0.036646
0.123979 -0.206299 0.078855
-0.468251 -0.214389 0.074933
-0.496127 -0.214389 0.074933
0.565320 0.114084 0.168134
0.565320 0.102751 0.123729
-0.576629 0.114084 0.168134
-0.576629 -0.113659 0.168134
-0.576629 0.114084 0.168134
-0.576629 0.102751 0.123729
-0.300931 0.203965 0.000002
0.203943 0.214509 0.004200
-0.576629 -0.112880 0.079851
-0.576629 -0.113659 -0.000001
0.259510 0.227208 0.113909
0.288968 0.203965 0.168134
-0.108407 -0.203540 0.067398
-0.185787 -0.203540 -0.000000
0.475987 -0.220005 0.110493
0.485804 -0.218170 0.072554
0.547997 0.155334 0.010033
0.570223 0.168581 0.063691
0.449958 0.212063 0.087726
0.449958 0.212979 0.107036
0.203941 -0.212834 0.163934
0.203941 -0.212837 0.107067
0.590346 -0.187048 0.107067
0.590346 -0.176705 0.063744
0.443098 -0.214389 0.107067
0.259511 -0.214389 0.107067
-0.425599 0.203965 0.081981
-0.425597 0.203965 0.000002
-0.231331 -0.216711 0.098488
-0.254743 -0.219500 0.098488
-0.454407 -0.212837 0.107067
-0.270820 -0.212834 0.107067
-0.557526 0.136788 0.168134
-0.601655 0.167463 0.148742
-0.572261 -0.193356 0.095060
-0.243039 -0.193909 0.111151
-0.600052 -0.197165 0.012001
-0.597613 -0.113659 0.004199
0.517071 -0.147513 0.078397
-0.528379 -0.147513 0.078397
-0.185787 -0.203540 -0.000000
-0.227063 -0.203539 0.000000
-0.597613 -0.113659 0.004199
-0.600052 -0.197165 0.012001
-0.166594 -0.205468 0.084837
-0.128654 -0.205468 0.084837
0.132703 0.157039 0.168134
0.184357 0.157039 0.177734
0.498667 0.203964 0.168134
0.443098 0.211907 0.163935
-0.424944 -0.203540 0.168134
-0.421009 -0.219787 0.125338
0.560952 -0.193357 0.107067
-0.575557 -0.187904 0.107067
-0.576629 0.095288 0.122244
-0.576629 -0.094863 0.122244
-0.215252 0.214509 0.004200
-0.202593 0.220212 0.071333
-0.522622 0.220212 0.107067
-0.509976 0.220212 0.071333
0.560952 0.193781 0.095060
-0.572261 0.193781 0.095060
0.488445 -0.216762 0.143507
0.456651 -0.212834 0.146843
0.405766 -0.203540 0.124284
0.292901 -0.219788 0.125338
-0.454407 0.211907 0.107067
-0.308144 0.203965 0.124284
-0.229097 -0.214389 0.104146
-0.229097 -0.214389 0.074933
0.152552 -0.219584 0.082166
0.133503 -0.205468 0.082166
-0.215250 -0.214389 0.107067
-0.227063 -0.203539 0.000000
0.220125 -0.218162 0.074673
0.218769 -0.218170 0.103588
-0.493688 -0.218162 0.074673
-0.495044 -0.220005 0.103588
0.565322 0.145967 0.056898
0.547997 0.168581 0.054485
-0.585334 -0.062666 0.038116
-0.591300 0.063091 0.033095
-0.163861 -0.205468 0.082166
-0.150435 -0.219584 0.082166
0.443098 -0.226783 0.100072
0.443098 -0.219787 0.071333
-0.454407 -0.226783 0.100072
-0.441750 -0.219787 0.071333
-0.150435 -0.218191 0.078855
-0.150435 -0.206299 0.065414
-0.578557 -0.080641 0.066114
-0.578557 -0.076739 0.082166
-0.589553 0.060534 0.006699
-0.493895 -0.220567 0.119308
-0.493895 -0.216924 0.117799
-0.283447 -0.219788 0.142801
-0.283428 -0.219787 0.107067
-0.222112 0.215189 0.107305
-0.222112 0.215189 0.122196
0.590346 0.113305 0.079851
0.590346 0.095288 0.091889
0.590346 -0.112880 0.079851
0.590346 -0.094863 0.091889
0.259510 0.227208 0.100072
0.259511 0.213259 0.107067
-0.601655 0.187473 0.107067
-0.601655 -0.187048 0.107067
-0.421665 0.220213 0.088795
-0.417730 0.203965 0.089850
-0.592673 0.081066 0.082166
-0.578557 0.077164 0.066114
0.560952 0.193781 0.107067
-0.572261 0.193781 0.113406
-0.283428 0.220212 0.107067
-0.270819 0.227208 0.113909
0.443098 -0.226783 0.114062
0.443098 -0.212837 0.107067
0.582610 0.195806 0.163934
0.584093 0.206717 0.155620
0.546217 -0.161587 0.148752
0.590346 -0.167038 0.148742
-0.589142 -0.130912 0.168134
-0.557526 -0.136363 0.168134
0.557223 0.144281 0.060183
0.590346 0.146784 0.063744
0.259511 -0.214389 0.107067
0.215752 -0.203540 0.064518
0.290676 -0.219787 0.085915
0.289622 -0.203540 0.081981
-0.467272 -0.214389 0.068453
-0.466219 -0.203539 0.000000
-0.425597 0.203965 0.000002
-0.417730 0.203965 0.089850
0.590346 0.143849 0.012000
0.557223 0.143894 -0.000000
-0.300931 0.220212 0.011999
-0.270820 0.214509 0.004199
-0.144812 -0.206299 0.078855
-0.150435 -0.206299 0.065414
0.133503 -0.218191 0.065414
0.123979 -0.218191 0.078855
-0.581116 0.065118 0.007209
-0.589553 -0.072990 0.011137
-0.591280 -0.071117 0.045556
0.482586 -0.220567 0.119308
0.482586 -0.219500 0.098488
0.259511 0.211907 0.107067
0.259511 0.211907 0.163935
0.577833 -0.130912 0.168134
0.546217 -0.136363 0.168134
0.577833 0.167463 0.168134
0.582610 0.195806 0.163934
-0.061121 -0.203540 0.168134
-0.061120 -0.219787 0.155621
-0.589142 0.167463 0.168134
-0.557526 0.162012 0.168134
0.564248 -0.187904 0.113406
0.560952 -0.193357 0.107067
-0.424944 0.203965 0.168134
-0.424944 0.220212 0.155622
-0.601655 0.095288 0.122244
-0.601655 0.113305 0.134283
-0.068988 -0.203540 0.124284
-0.065053 -0.219788 0.125338
-0.215250 0.211907 0.107067
-0.215250 0.211907 0.163935
0.486861 -0.214389 0.004200
0.486862 -0.203540 0.000000
0.565320 -0.112880 0.079851
0.565320 -0.113659 -0.000001
-0.270820 0.213259 0.107067
-0.215250 0.213262 0.107067
-0.129718 -0.215855 0.038064
-0.126838 -0.206279 0.033095
-0.135288 -0.205468 0.066114
-0.131386 -0.205468 0.066114
-0.578557 0.096212 0.066114
-0.592673 0.100114 0.082166
-0.257264 -0.212834 0.146843
-0.260601 -0.224026 0.116370
0.413635 0.220212 0.155622
0.409700 0.220212 0.125338
0.498668 -0.212834 0.163934
0.498667 -0.219787 0.142801
-0.215250 0.227208 0.113909
-0.215250 0.227208 0.139332
-0.509977 0.211907 0.163935
-0.509977 0.211907 0.107067
0.245664 -0.216877 0.104146
0.217788 -0.216877 0.104146
-0.259013 -0.214389 0.004200
-0.270819 -0.219787 0.071333
-0.592673 -0.095787 0.082166
-0.578557 -0.099689 0.066114
-0.509977 -0.212834 0.107067
-0.509977 -0.212834 0.163934
-0.105527 -0.203539 0.064518
-0.117331 -0.203540 0.089850
-0.215250 -0.214389 0.107067
-0.227061 -0.214389 0.004200
0.547997 0.168581 0.054485
0.565322 0.177947 0.056898
0.482379 -0.220005 0.089285
0.485804 -0.218170 0.072554
-0.581116 -0.072990 0.011137
-0.589553 -0.072990 0.011137
0.565322 0.177947 0.056898
0.584180 0.177947 0.053147
-0.126838 -0.206279 0.033095
-0.129718 -0.215855 0.038064
-0.578557 -0.090165 0.082166
-0.592673 -0.086263 0.082166
-0.578557 -0.067215 0.082166
-0.578557 -0.071117 0.066114
0.430441 0.220212 0.071333
0.430440 0.227208 0.078175
0.443098 -0.226783 0.078328
0.430440 -0.226783 0.078328
0.511312 -0.226783 0.100072
0.511312 -0.219787 0.107067
-0.522622 0.227208 0.078175
-0.509976 0.227208 0.078175
-0.454407 -0.226783 0.078328
-0.441749 -0.226783 0.078328
-0.522622 -0.219787 0.071333
-0.522622 -0.226783 0.078328
-0.503114 0.212063 0.087726
-0.503114 0.215189 0.107952
0.129602 -0.206299 0.078855
0.123979 -0.206299 0.078855
0.120077 -0.219584 0.082166
0.123979 -0.218310 0.071972
-0.579388 0.086688 0.065414
-0.579388 0.086688 0.078855
-0.579388 -0.090165 0.078855
-0.591280 -0.086263 0.065414
0.482586 -0.216924 0.117799
0.459174 -0.216924 0.117799
0.514646 -0.157618 0.177734
0.516566 -0.157618 0.168134
0.191283 -0.226783 0.139332
0.203941 -0.226783 0.139332
0.511312 -0.226783 0.139332
0.498667 -0.226783 0.139332
-0.509976 0.220212 0.142801
-0.522622 0.220212 0.142801
-0.454407 -0.212834 0.163934
-0.509977 -0.212834 0.163934
0.517071 -0.146513 0.113406
0.517071 -0.146513 0.130069
-0.144012 -0.157618 0.168134
-0.145932 -0.157618 0.177734
0.557210 -0.179595 -0.000000
0.557223 -0.179595 0.058737
0.590346 -0.176705 0.063744
0.590346 -0.179595 0.058737
0.590346 -0.112880 0.079851
0.590346 -0.094863 0.091889
0.511312 0.220212 0.107067
0.498667 0.220212 0.107067
0.191284 0.220212 0.107067
0.191283 0.227208 0.100072
-0.572261 -0.193356 0.111151
-0.522622 -0.219787 0.107067
0.259510 -0.226783 0.100072
0.272156 -0.226783 0.100072
-0.304865 0.220212 0.088795
-0.300931 0.203965 0.081981
-0.263958 0.212979 0.107036
-0.263958 0.218314 0.104826
0.219722 -0.227208 0.080500
0.219722 -0.216877 0.074933
0.488445 -0.219855 0.112199
0.488445 -0.212834 0.112199
0.590346 0.187473 0.107067
0.576850 0.213960 0.107067
-0.202593 0.220212 0.107067
-0.215250 0.220212 0.107067
-0.601655 -0.187048 0.107067
-0.600052 -0.197165 0.107067
0.443098 -0.226783 0.114062
0.430440 -0.226783 0.114062
0.590346 -0.130912 0.148742
0.590346 -0.130912 0.155621
0.405766 0.203965 0.124284
0.409700 0.220212 0.125338
0.546217 0.162012 0.148752
0.540993 0.149400 0.148752
0.053744 -0.219788 0.125338
0.170544 -0.219787 0.125338
0.019212 0.157039 0.177734
0.019212 -0.157618 0.177734
0.557223 -0.173815 0.064518
0.557223 -0.179595 0.058737
0.443098 -0.214389 0.107067
0.443099 -0.214389 0.004200
0.293556 0.220212 0.088795
0.410356 0.220213 0.088795
-0.576629 0.114084 0.071333
-0.576629 0.109077 0.086177
-0.509977 -0.214389 0.107067
-0.454407 -0.214389 0.107067
-0.177918 -0.203540 0.089850
-0.177918 -0.219787 0.089850
0.590346 -0.143469 0.012000
0.577833 -0.143469 -0.000000
0.567357 0.213472 0.004201
0.577833 0.180020 -0.000000
0.247705 -0.203540 0.000000
0.247704 -0.214389 0.004200
-0.227063 -0.203539 0.000000
-0.259014 -0.203540 0.000000
-0.454408 -0.214389 0.004200
-0.466217 -0.214389 0.004200
-0.159959 -0.208027 0.034865
-0.124735 -0.212245 0.005228
-0.159959 -0.216463 0.034865
-0.137161 -0.216463 0.011137
0.139126 -0.216134 0.082166
0.143028 -0.205468 0.082166
-0.589223 -0.076739 0.082166
-0.590549 -0.071117 0.080802
-0.589553 0.096212 0.034865
-0.591298 0.079543 0.021441
-0.229097 -0.221641 0.074933
-0.229097 -0.214389 0.074933
-0.468251 -0.216877 0.086067
-0.470184 -0.227208 0.080500
-0.496127 -0.216877 0.086067
-0.496127 -0.216877 0.104146
0.456942 -0.216877 0.086067
0.456942 -0.216877 0.104146
0.243432 -0.216762 0.112199
0.243432 -0.224026 0.116370
-0.231331 -0.222077 0.115664
-0.231331 -0.216924 0.117799
0.134623 0.157039 0.177734
0.184357 0.157039 0.177734
0.565320 0.114084 0.168134
0.577833 0.114084 0.168134
0.590346 -0.167038 0.148742
0.590346 -0.167038 0.155621
0.577833 0.167463 0.168134
0.590346 0.167463 0.155621
0.557485 -0.212834 0.163934
0.498668 -0.212834 0.163934
-0.061121 -0.203540 0.168134
-0.185787 -0.203540 0.168134
-0.424944 0.220212 0.155622
-0.454413 0.220212 0.155622
-0.557526 0.136788 0.168134
-0.589142 0.131337 0.168134
0.565320 -0.113659 0.168134
0.565320 -0.112880 0.134283
-0.601655 -0.167038 0.148742
-0.601655 -0.130912 0.148742
-0.424944 0.220212 0.155622
-0.421009 0.220212 0.125338
-0.424944 -0.219787 0.155621
-0.421009 -0.219787 0.125338
-0.552302 0.149400 0.148752
-0.557526 0.136788 0.148752
-0.185787 -0.203540 0.132153
-0.181853 -0.219787 0.125338
0.557210 0.180020 -0.000000
0.557223 0.175823 0.064131
0.203947 0.220212 0.011999
0.203941 0.220212 0.071333
0.203943 0.214509 0.004200
0.259511 0.214509 0.004199
0.565320 -0.112880 0.079851
0.590346 -0.112880 0.079851
-0.522622 -0.219787 0.071333
-0.522622 -0.219787 0.107067
-0.601655 0.114084 0.011999
-0.597613 0.114084 0.004199
-0.159959 -0.208027 0.034865
-0.159959 -0.216463 0.034865
0.139126 -0.219584 0.082166
0.143028 -0.218310 0.071972
-0.592673 -0.086263 0.082166
-0.591399 -0.086263 0.071972
-0.579388 -0.071117 0.078855
-0.591280 -0.071117 0.078855
-0.592673 0.081066 0.082166
-0.591399 0.081066 0.071972
0.220020 -0.216762 0.112199
0.243432 -0.216762 0.112199
0.453315 -0.216762 0.120541
0.459174 -0.216762 0.112199
-0.464624 -0.224026 0.116370
-0.464624 -0.212834 0.112199
0.272119 0.220212 0.107067
0.272156 0.227208 0.113909
0.443098 0.211907 0.163935
0.443098 0.211907 0.107067
0.272119 -0.219787 0.107067
0.272138 -0.219788 0.142801
0.057679 -0.203540 0.124284
0.166609 -0.203540 0.124284
-0.522622 0.227208 0.113909
-0.522622 0.227208 0.139332
-0.509976 0.220212 0.142801
-0.509976 0.227208 0.139332
-0.522622 -0.219787 0.142801
-0.522622 -0.219787 0.107067
0.243731 -0.216877 0.074933
0.219722 -0.216877 0.074933
0.019212 -0.157618 0.177734
0.019212 0.157039 0.177734
0.272099 -0.219787 0.107067
0.272108 -0.219787 0.071333
-0.466217 -0.214389 0.004200
-0.467272 -0.214389 0.068453
0.120077 -0.205468 0.082166
0.120077 -0.219584 0.082166
-0.578557 0.081066 0.066114
-0.591399 0.081066 0.071972
-0.454407 -0.212834 0.163934
-0.454407 -0.212837 0.107067
0.498668 -0.214389 0.004200
0.498667 -0.219787 0.011999
0.203947 -0.219787 0.011999
0.174478 -0.219787 0.011999
-0.454407 0.213262 0.107067
-0.454407 0.220212 0.107067
0.443098 -0.212837 0.107067
0.443098 -0.219787 0.107067
0.565322 0.145967 0.056898
0.584180 0.145967 0.053147
0.456338 -0.220005 0.089285
0.453484 -0.220005 0.077006
-0.225882 -0.218170 0.089285
-0.225741 -0.220005 0.077006
-0.159959 -0.208027 0.034865
-0.137161 -0.208027 0.011137
0.565322 -0.145542 0.056898
0.570223 -0.154909 0.063691
0.570223 -0.168156 0.000827
0.547997 -0.168156 0.010033
-0.133609 -0.212245 0.007256
-0.124735 -0.212245 0.005228
0.599262 0.168581 0.020231
0.599262 0.168581 0.044287
0.545584 0.177947 0.027358
0.549335 0.177947 0.046216
-0.579388 -0.071117 0.045556
-0.579369 -0.062666 0.033095
-0.150435 -0.205468 0.082166
-0.578557 0.090590 0.082166
-0.150435 -0.219584 0.082166
-0.592673 0.077164 0.076735
-0.578557 0.090590 0.066114
0.498667 0.227208 0.078175
0.511312 0.227208 0.078175
0.191284 -0.219787 0.071333
0.191283 -0.226783 0.078328
0.430440 -0.219787 0.107067
0.430440 -0.226783 0.100072
-0.283465 0.227208 0.078175
-0.283465 0.227208 0.100072
-0.202593 0.227208 0.100072
-0.202593 0.227208 0.078175
-0.215250 -0.226783 0.078328
-0.202593 -0.226783 0.078328
0.449958 0.215189 0.101701
0.491803 0.215189 0.101701
-0.263958 0.215189 0.087726
-0.263958 0.212063 0.087726
-0.144812 -0.218191 0.078855
-0.144812 -0.206299 0.078855
0.133503 -0.218191 0.078855
0.133503 -0.206299 0.078855
0.117345 -0.205468 0.063021
0.117345 -0.203540 0.063021
-0.166594 -0.203540 0.063021
-0.166594 -0.205468 0.063021
-0.578557 -0.064482 0.063021
-0.578557 -0.064482 0.084837
-0.582053 -0.080641 0.066114
-0.578557 -0.080641 0.066114
-0.591280 0.090590 0.078855
-0.591280 0.090590 0.065414
-0.579388 -0.086263 0.065414
-0.591280 -0.086263 0.065414
-0.578557 0.090590 0.082166
-0.592673 0.090590 0.082166
0.217788 -0.214389 0.104146
0.245664 -0.214389 0.104146
0.482586 -0.216711 0.098488
0.459174 -0.216711 0.098488
-0.496418 -0.216762 0.146843
-0.467960 -0.216762 0.146843
0.514646 0.158959 0.168134
0.514646 0.158959 0.175814
0.191283 -0.226783 0.114062
0.203941 -0.226783 0.114062
0.511312 -0.226783 0.139332
0.498667 -0.226783 0.139332
-0.509976 0.220212 0.142801
-0.522622 0.220212 0.142801
-0.454407 -0.212834 0.163934
-0.509977 -0.212834 0.163934
0.517071 -0.146513 0.113406
0.517071 -0.146513 0.130069
-0.195666 -0.159537 0.168134
-0.195666 -0.159537 0.175814
0.252649 0.212063 0.122196
0.252649 0.215189 0.122196
-0.263958 0.215189 0.107305
-0.222112 0.215189 0.107305
0.577833 -0.179595 -0.000000
0.557210 -0.179595 -0.000000
0.590346 0.149675 0.064518
0.590346 0.146784 0.063744
0.576850 -0.213535 0.012001
0.576850 -0.213535 0.107067
0.106022 -0.203540 0.089850
0.166609 -0.203540 0.089850
0.560952 -0.193356 0.111151
0.511312 -0.219787 0.107067
0.443098 0.220212 0.107067
0.443098 0.227208 0.100072
-0.270819 0.227208 0.100072
-0.270819 0.220212 0.107067
-0.522622 -0.219787 0.107067
-0.509976 -0.219787 0.107067
0.272099 -0.219787 0.107067
0.272156 -0.226783 0.100072
-0.417730 0.203965 0.089850
-0.425599 0.203965 0.081981
-0.304865 -0.219787 0.088795
-0.308800 -0.203540 0.089850
0.491803 0.212979 0.107036
0.449958 0.212979 0.107036
-0.135288 -0.217460 0.080802
-0.135288 -0.216134 0.079513
-0.589223 -0.086263 0.079513
-0.589223 -0.080641 0.079513
-0.591399 0.077164 0.071972
0.219722 -0.227208 0.080500
0.219722 -0.221641 0.074933
0.249292 -0.212834 0.143507
0.249292 -0.216762 0.143507
-0.231331 -0.219500 0.113432
-0.254743 -0.219500 0.113432
0.567723 -0.218185 0.107067
0.576850 -0.213535 0.107067
0.272119 0.220212 0.107067
0.259510 0.220212 0.107067
-0.270819 0.227208 0.113909
-0.270819 0.220212 0.107067
-0.270820 -0.212834 0.107067
-0.270819 -0.219787 0.107067
0.191284 -0.219787 0.107067
0.203941 -0.219787 0.107067
0.590346 0.109077 0.127956
0.590346 0.113305 0.134283
0.413635 0.203965 0.132153
0.412580 0.220212 0.128219
0.288968 -0.212834 0.163934
0.288967 -0.219787 0.155621
0.546217 0.136788 0.168134
0.540993 0.149400 0.168134
0.166609 -0.219787 0.124284
0.166609 -0.203540 0.124284
0.174478 -0.219787 0.155621
0.203947 -0.219787 0.155621
-0.601655 0.167463 0.148742
-0.601655 0.131337 0.148742
-0.476221 -0.157618 0.177734
-0.525955 -0.157618 0.177734
0.557223 -0.179595 0.058737
0.557223 -0.173815 0.064518
0.564248 0.188329 0.095060
0.564248 0.188329 0.111151
0.443099 -0.214389 0.004200
0.454908 -0.214389 0.004200
0.094218 -0.203539 0.064518
0.094218 -0.219787 0.064518
0.289622 0.203965 0.081981
0.290676 0.220212 0.085915
0.410356 -0.219788 0.088795
0.413236 -0.219788 0.085915
-0.595402 0.206717 0.012001
-0.600052 0.197590 0.012001
-0.454407 -0.214389 0.107067
-0.454408 -0.214389 0.004200
-0.109462 -0.203540 0.071333
-0.109462 -0.203540 0.081981
-0.308800 -0.203540 0.089850
-0.417730 -0.203540 0.089850
-0.528380 0.146938 0.078397
-0.528379 -0.147513 0.078397
0.584756 -0.196006 0.004201
0.586304 -0.186970 0.004200
0.557606 0.220212 0.012001
0.498667 0.220212 0.011999
0.203947 -0.219787 0.011999
0.174478 -0.219787 0.011999
-0.300931 -0.214389 0.004200
-0.300931 -0.219787 0.012000
-0.589142 0.114084 -0.000001
-0.597613 0.114084 0.004199
0.491803 0.217399 0.107036
0.449958 0.217399 0.107036
-0.150435 -0.206299 0.078855
-0.150435 -0.206299 0.065414
0.123979 -0.206299 0.045556
0.123979 -0.206299 0.065414
-0.140472 -0.216463 0.014363
-0.137161 -0.216463 0.011137
0.117345 -0.203540 0.063021
0.117345 -0.205468 0.063021
0.148650 -0.205468 0.079513
0.143028 -0.205468 0.079513
-0.135288 -0.205468 0.082166
-0.140911 -0.205468 0.082166
-0.590549 -0.090165 0.080802
-0.590549 -0.095787 0.080802
-0.579379 0.096212 0.038533
-0.579388 0.096212 0.065414
-0.579388 -0.086263 0.078855
-0.579388 -0.080641 0.078855
-0.589553 -0.072990 0.011137
-0.589553 -0.076301 0.014363
-0.589223 0.096212 0.082166
-0.590549 0.096212 0.080802
-0.229097 -0.214389 0.104146
-0.229097 -0.216877 0.104146
-0.256973 -0.221641 0.074933
-0.256973 -0.227208 0.080500
-0.496127 -0.214389 0.074933
-0.468251 -0.214389 0.074933
0.217788 -0.221641 0.086067
0.217788 -0.227208 0.080500
0.245664 -0.221641 0.086067
0.245664 -0.227208 0.080500
0.456942 -0.221641 0.074933
0.458875 -0.221641 0.074933
0.243434 -0.220567 0.119308
0.220022 -0.220567 0.119308
0.214432 -0.218170 0.077006
0.216700 -0.218170 0.072554
0.459174 -0.219500 0.113432
0.459174 -0.222077 0.115664
-0.225470 -0.212834 0.143507
-0.225470 -0.216762 0.143507
-0.230078 -0.220005 0.103588
-0.225882 -0.220005 0.089285
-0.470483 -0.216711 0.098488
-0.470483 -0.219500 0.098488
0.349501 0.157039 0.177734
0.349501 0.158959 0.175814
0.203941 0.227208 0.126621
0.203941 0.227208 0.139332
0.590346 0.114084 0.142801
0.590346 0.114084 0.155622
0.584166 0.131337 0.163934
0.577833 0.131337 0.168134
0.546217 -0.136363 0.148752
0.546217 -0.136363 0.168134
0.590346 0.167463 0.155621
0.590346 0.187473 0.155621
0.557485 -0.212834 0.163934
0.557606 -0.219787 0.155621
-0.215250 0.211907 0.163935
-0.270820 0.211907 0.163935
-0.215250 -0.212834 0.163934
-0.215256 -0.219787 0.155621
-0.601655 0.187473 0.155621
-0.601655 0.167463 0.155621
-0.589218 -0.186807 0.168134
-0.589142 -0.167038 0.168134
0.565320 -0.112880 0.134283
0.565320 -0.113659 0.142801
-0.270819 0.227208 0.126621
-0.270819 0.227208 0.113909
-0.601655 0.114084 0.155622
-0.601655 0.131337 0.155621
-0.423889 0.220212 0.128219
-0.424944 0.220212 0.132153
-0.300275 -0.203540 0.132153
-0.300275 -0.219788 0.132153
-0.595398 -0.113659 0.163935
-0.601655 -0.113659 0.155621
-0.557526 0.136788 0.168134
-0.557526 0.136788 0.148752
-0.601655 -0.130912 0.148742
-0.601655 -0.167038 0.148742
-0.177918 -0.219787 0.124284
-0.181853 -0.219787 0.125338
0.231728 0.148214 0.130069
-0.243037 0.148214 0.130069
0.588246 0.179246 0.061628
0.590346 0.179246 0.061628
0.511312 -0.219787 0.071333
0.511312 -0.219787 0.107067
0.458843 -0.214389 0.071333
0.455963 -0.214389 0.068453
0.216806 -0.214389 0.068453
0.219686 -0.214389 0.071333
0.590346 0.114084 0.011999
0.586304 0.114084 0.004199
-0.522622 0.220212 0.071333
-0.509976 0.220212 0.071333
-0.234930 -0.203540 0.072387
-0.227061 -0.203540 0.064518
-0.601655 0.109077 0.086177
-0.601655 0.102751 0.090405
-0.243037 -0.193909 0.095060
-0.572261 -0.193356 0.095060
0.123979 -0.218191 0.045556
0.121356 -0.218198 0.039553
0.152552 -0.219584 0.082166
0.152552 -0.219584 0.076735
0.143028 -0.218310 0.071972
0.143028 -0.213726 0.067388
-0.163861 -0.208963 0.066114
-0.163861 -0.205468 0.066114
-0.592673 -0.090165 0.076735
-0.592673 -0.090165 0.082166
-0.582053 -0.071117 0.066114
-0.578557 -0.071117 0.066114
-0.579388 0.071542 0.078855
-0.579388 0.071542 0.065414
-0.592673 0.086688 0.076735
-0.591399 0.086688 0.071972
-0.592673 0.100114 0.076735
-0.592673 0.100114 0.082166
-0.468251 -0.216877 0.086067
-0.468251 -0.216877 0.104146
0.220020 -0.219855 0.120541
0.214161 -0.219855 0.120541
0.246753 -0.218170 0.072554
0.246753 -0.220005 0.072554
0.459174 -0.219855 0.120541
0.453315 -0.219855 0.120541
0.485804 -0.218170 0.072554
0.485804 -0.220005 0.072554
-0.225470 -0.224026 0.116370
-0.231329 -0.224026 0.116370
-0.258062 -0.220005 0.072554
-0.260329 -0.220005 0.077006
-0.464624 -0.224026 0.116370
-0.470483 -0.224026 0.116370
-0.499381 -0.218170 0.077006
-0.497113 -0.218170 0.072554
0.498667 0.220212 0.155622
0.557606 0.220212 0.155621
0.272129 0.220213 0.124934
0.272138 0.220213 0.142801
0.511312 0.227208 0.126621
0.511312 0.227208 0.113909
0.557606 -0.219787 0.107067
0.567723 -0.218185 0.107067
0.174478 -0.203540 0.132153
0.166609 -0.203540 0.124284
-0.215250 0.227208 0.126621
-0.215250 0.227208 0.113909
-0.454413 0.220212 0.155622
-0.424944 0.220212 0.155622
-0.509977 0.211907 0.163935
-0.509977 0.211907 0.135501
-0.421009 -0.219787 0.125338
-0.417075 -0.219787 0.124284
-0.061121 -0.203540 0.168134
-0.061119 -0.203540 0.132153
0.351421 0.157039 0.175814
0.351421 -0.157618 0.175814
0.516566 0.157039 0.168134
0.514646 0.158959 0.168134
0.464912 0.157039 0.177734
0.462992 0.157039 0.175814
0.134623 -0.159537 0.175814
0.132703 -0.157618 0.175814
-0.030521 0.157039 0.177734
-0.032441 0.157039 0.175814
-0.362730 0.157039 0.168134
-0.362730 0.157039 0.175814
-0.311077 0.157039 0.177734
-0.309157 0.157039 0.175814
-0.476221 -0.159537 0.175814
-0.474301 -0.157618 0.175814
-0.195666 -0.157618 0.177734
-0.195666 0.157039 0.177734
0.443098 -0.219787 0.071333
0.430441 -0.219787 0.071333
-0.425599 0.220213 0.081981
-0.425598 0.220213 0.011999
-0.466217 -0.203540 0.064518
-0.466219 -0.203539 0.000000
-0.509977 -0.214389 0.107067
-0.509977 -0.214389 0.004200
-0.578557 -0.067215 0.082166
-0.592673 -0.067215 0.082166
-0.578557 0.081066 0.082166
-0.592673 0.081066 0.082166
-0.270819 -0.219787 0.107067
-0.270819 -0.226783 0.114062
0.259511 -0.214389 0.004200
0.259511 -0.214389 0.107067
0.098153 -0.203540 0.081981
0.098153 -0.203540 0.071333
-0.184733 -0.219787 0.085915
-0.185787 -0.219787 0.081981
-0.454407 0.220212 0.071333
-0.454407 0.227208 0.078175
0.443098 -0.219787 0.142801
0.443098 -0.226783 0.139332
0.575124 0.145967 0.007620
0.591111 0.145967 0.018302
0.220125 -0.218162 0.089285
0.217286 -0.218162 0.089285
0.482379 -0.220005 0.089285
0.482379 -0.220005 0.074673
-0.231434 -0.220005 0.089285
-0.228595 -0.220005 0.089285
-0.254636 -0.218162 0.089285
-0.254636 -0.218162 0.074673
-0.469130 -0.218170 0.103588
-0.464934 -0.218170 0.089285
0.491803 0.212979 0.107036
0.491803 0.212063 0.104826
-0.222112 0.218314 0.104826
-0.222112 0.217399 0.107036
-0.133609 -0.212245 0.007256
-0.137161 -0.216463 0.011137
-0.581116 0.096212 0.034865
-0.585334 0.096212 0.033346
-0.589553 -0.064693 0.007209
-0.585334 -0.065112 0.005742
0.590346 0.177130 0.063744
0.590346 0.179246 0.061628
0.565322 -0.145542 0.056898
0.584180 -0.145542 0.053147
0.599262 -0.168156 0.044287
0.592449 -0.168156 0.054485
0.582251 -0.168156 0.003220
0.575124 -0.177522 0.007620
0.541184 -0.168156 0.020231
0.538791 -0.168156 0.032259
-0.128865 -0.216463 0.007209
-0.124281 -0.216463 0.006699
0.570223 0.155334 0.063691
0.558194 0.155334 0.061298
0.584180 0.177947 0.053147
0.594862 0.177947 0.037160
0.591111 0.177947 0.018302
0.575124 0.177947 0.007620
0.541184 0.155334 0.020231
0.541184 0.168581 0.020231
-0.243037 0.194334 0.113406
-0.572261 0.193781 0.113406
-0.076886 -0.212245 0.038175
-0.126838 -0.212245 0.038116
0.118409 -0.208635 0.038064
0.115529 -0.212245 0.038116
-0.585334 0.063091 0.038116
-0.585334 -0.062666 0.038116
392 393
451 452
400 401
378 379
318 319
346 347
1032 1033
0 1
445 446
226 227
374 375
1050 1051
1192 1193
166 167
280 281
630 631
748 749
1108 1109
1124 1125
81 84
100 101
932 933
180 181
30 33
342 343
37 38
296 297
394 395
370 371
364 365
2 3
136 137
266 267
324 325
406 407
7 11
420 421
1198 1199
686 687
214 215
286 287
628 629
636 637
404 405
738 739
930 931
66 71
412 413
62 63
538 539
98 99
926 927
634 635
1132 1133
1140 1141
352 353
855 856
471 472
376 377
382 383
9 16
174 175
244 245
366 367
332 333
348 349
508 509
1128 1129
469 470
396 397
530 531
350 351
1130 1131
238 239
704 705
240 241
752 753
465 466
857 858
356 357
298 299
706 707
936 937
1088 1089
684 685
592 593
372 373
118 119
290 291
486 487
504 505
526 527
734 735
360 361
758 759
534 535
859 860
602 603
388 389
586 587
640 641
841 842
510 511
1006 1007
218 219
708 709
328 329
176 177
124 125
5 6
386 387
330 331
78 79
126 127
1194 1195
676 677
910 911
82 83
154 155
654 655
390 391
340 341
344 345
362 363
459 460
69 70
336 337
144 145
849 850
805 806
873 874
944 945
380 381
13 15
354 355
326 327
384 385
398 399
28 32
694 695
908 909
1028 1029
1106 1107
34 43
164 165
736 737
435 436
750 751
744 745
712 713
1036 1037
646 647
473 474
482 483
20 25
692 693
463 464
250 251
656 657
774 775
518 519
402 403
426 427
488 489
494 495
690 691
461 462
188 189
650 651
475 476
4 8
182 183
222 223
230 231
520 521
696 697
698 699
61 67
186 187
51 72
42 46
614 615
424 425
268 269
688 689
1100 1101
762 763
938 939
906 907
408 409
490 491
416 417
414 415
418 419
831 832
1102 1103
536 537
338 339
972 973
528 529
827 828
276 277
302 303
960 961
12 14
272 273
524 525
740 741
248 249
710 711
168 169
312 313
778 779
782 783
746 747
410 411
368 369
726 727
576 577
829 830
884 885
980 981
260 261
210 211
21 23
522 523
94 95
799 800
801 802
817 818
88 89
532 533
449 450
516 517
270 271
234 235
228 229
439 440
500 501
441 442
596 597
662 663
64 68
22 26
40 56
39 41
484 485
128 129
851 852
322 323
492 493
498 499
566 567
170 171
60 65
1002 1003
1010 1011
948 949
540 541
1012 1013
208 209
162 163
422 423
10 19
17 18
216 217
1000 1001
1026 1027
358 359
300 301
768 769
1174 1175
546 547
1188 1189
1150 1151
1186 1187
784 785
27 31
258 259
574 575
36 48
668 669
670 671
1070 1071
606 607
702 703
428 429
1090 1091
682 683
224 225
130 131
308 309
184 185
644 645
1018 1019
542 543
306 307
172 173
160 161
502 503
447 448
898 899
467 468
920 921
624 625
871 872
74 76
236 237
588 589
843 844
430 431
552 553
479 480
1022 1023
178 179
642 643
904 905
918 919
73 75
86 87
914 915
789 792
80 85
453 454
35 44
47 53
638 639
292 293
443 444
455 456
206 207
24 29
152 153
45 52
786 787
132 133
232 233
988 989
1160 1161
437 438
288 289
112 113
550 551
1154 1155
1158 1159
477 478
150 151
156 157
138 139
252 253
754 755
788 790
825 826
1134 1135
1136 1137
756 757
457 458
140 141
700 701
902 903
626 627
110 111
192 193
198 199
572 573
821 822
946 947
1064 1065
54 59
1190 1191
274 275
996 997
49 50
994 995
1016 1017
1092 1093
1098 1099
194 195
556 557
620 621
562 563
580 581
835 836
803 804
116 117
1126 1127
616 617
894 895
314 315
122 123
96 97
212 213
604 605
560 561
582 583
584 585
598 599
793 794
837 838
839 840
865 866
1044 1045
888 889
770 771
776 777
1178 1179
678 679
772 773
320 321
316 317
1184 1185
1180 1181
1176 1177
310 311
196 197
730 731
666 667
102 103
809 810
811 812
722 723
823 824
652 653
916 917
220 221
610 611
506 507
648 649
284 285
658 659
512 513
548 549
278 279
246 247
869 870
242 243
1046 1047
1096 1097
256 257
570 571
718 719
1004 1005
1008 1009
900 901
294 295
200 201
928 929
1142 1143
1024 1025
720 721
724 725
886 887
618 619
924 925
1094 1095
158 159
148 149
728 729
92 93
795 796
867 868
1138 1139
600 601
558 559
797 798
861 862
863 864
564 565
134 135
114 115
282 283
578 579
590 591
554 555
90 91
732 733
890 891
1146 1147
432 481
142 143
940 941
760 761
254 255
942 943
58 77
934 935
780 781
496 497
714 715
1042 1043
1014 1015
334 335
544 545
716 717
672 673
55 57
632 633
912 913
880 881
970 971
974 975
976 977
120 121
1148 1149
742 743
833 834
845 846
1118 1119
1048 1049
896 897
998 999
202 203
204 205
664 665
612 613
892 893
766 767
764 765
680 681
622 623
1166 1167
1052 1053
1056 1057
264 265
262 263
660 661
1084 1085
1076 1077
1072 1073
1080 1081
594 595
608 609
190 191
108 109
104 105
958 959
962 963
568 569
877 878
954 955
956 957
146 147
674 675
1054 1055
1060 1061
1068 1069
304 305
1082 1083
1086 1087
982 983
791 879
1066 1067
950 951
964 965
1196 1197
1182 1183
1170 1171
1168 1169
1040 1041
1030 1031
1144 1145
1020 1021
922 923
1038 1039
1104 1105
433 434
882 883
986 987
106 107
514 515
1058 1059
819 820
1062 1063
984 985
807 808
847 848
853 854
1172 1173
1156 1157
1152 1153
990 991
992 993
1110 1111
1112 1113
1120 1121
1116 1117
1114 1115
1122 1123
968 969
1162 1163
1164 1165
1034 1035
978 979
813 814
815 816
952 953
966 967
875 876
1074 1075
1078 1079
