13833391832925713920 182 150
-0.008000 0.002056 0.000000
-0.010000 0.002056 0.000000
-0.010000 0.000056 0.000000
-0.008000 0.000056 0.000000
-0.006000 0.002056 0.000000
-0.006000 0.000056 0.000000
-0.004000 0.002056 0.000000
-0.004000 0.000056 0.000000
-0.002000 0.000056 0.000000
0.000000 0.002056 0.000000
0.000000 0.000056 0.000000
0.002000 0.002056 0.000000
0.002000 0.000056 0.000000
0.004000 0.002056 0.000000
0.004000 0.000056 0.000000
0.006000 0.002056 0.000000
0.006000 0.000056 0.000000
0.008000 0.000056 0.000000
0.010000 0.002056 0.000000
0.010000 0.000056 0.000000
-0.008000 0.004056 0.000000
-0.010000 0.004056 0.000000
-0.004000 0.004056 0.000000
-0.002000 0.004056 0.000000
0.000000 0.004056 0.000000
0.006000 0.004056 0.000000
0.010000 0.004056 0.000000
-0.008000 0.006056 0.000000
-0.010000 0.006056 0.000000
-0.002000 0.006056 0.000000
0.000000 0.006056 0.000000
0.002000 0.006056 0.000000
0.006000 0.006056 0.000000
0.008000 0.006056 0.000000
0.010000 0.006056 0.000000
-0.010000 0.008056 0.000000
-0.006000 0.008056 0.000000
0.000000 0.008056 0.000000
0.002000 0.008056 0.000000
0.004000 0.008056 0.000000
0.008000 0.008056 0.000000
0.010000 0.008056 0.000000
-0.008000 0.010056 0.000000
-0.010000 0.010056 0.000000
-0.006000 0.010056 0.000000
-0.004000 0.010056 0.000000
0.002000 0.010056 0.000000
0.004000 0.010056 0.000000
0.006000 0.010056 0.000000
0.010000 0.010056 0.000000
-0.010000 0.012056 0.000000
-0.004000 0.012056 0.000000
-0.002000 0.012056 0.000000
0.004000 0.012056 0.000000
0.006000 0.012056 0.000000
0.008000 0.012056 0.000000
0.010000 0.012056 0.000000
-0.008000 0.014056 0.000000
-0.010000 0.014056 0.000000
-0.006000 0.014056 0.000000
-0.002000 0.014056 0.000000
0.000000 0.014056 0.000000
0.006000 0.014056 0.000000
0.008000 0.014056 0.000000
0.010000 0.014056 0.000000
-0.008000 0.016056 0.000000
-0.010000 0.016056 0.000000
-0.004000 0.016056 0.000000
0.000000 0.016056 0.000000
0.002000 0.016056 0.000000
0.008000 0.016056 0.000000
0.010000 0.016056 0.000000
-0.008000 0.018056 0.000000
-0.010000 0.018056 0.000000
-0.006000 0.018056 0.000000
-0.004000 0.018056 0.000000
-0.002000 0.018056 0.000000
0.002000 0.018056 0.000000
0.004000 0.018056 0.000000
0.010000 0.018056 0.000000
-0.008000 0.020056 0.000000
-0.010000 0.020056 0.000000
-0.006000 0.020056 0.000000
-0.004000 0.020056 0.000000
-0.002000 0.020056 0.000000
0.000000 0.020056 0.000000
0.002000 0.020056 0.000000
0.004000 0.020056 0.000000
0.006000 0.020056 0.000000
0.008000 0.020056 0.000000
0.010000 0.020056 0.000000
-0.000000 0.002056 0.010000
-0.000000 0.000056 0.010000
-0.000000 0.002056 0.008000
-0.000000 0.000056 0.008000
-0.000000 0.002056 0.006000
-0.000000 0.000056 0.006000
-0.000000 0.002056 0.004000
-0.000000 0.000056 0.004000
-0.000000 0.000056 0.002000
0.000000 0.002056 0.000000
0.000000 0.000056 0.000000
0.000000 0.002056 -0.002000
0.000000 0.000056 -0.002000
0.000000 0.002056 -0.004000
0.000000 0.000056 -0.004000
0.000000 0.002056 -0.006000
0.000000 0.000056 -0.006000
0.000000 0.000056 -0.008000
0.000000 0.002056 -0.010000
0.000000 0.000056 -0.010000
-0.000000 0.004056 0.010000
-0.000000 0.004056 0.008000
-0.000000 0.004056 0.004000
-0.000000 0.004056 0.002000
0.000000 0.004056 0.000000
0.000000 0.004056 -0.006000
0.000000 0.004056 -0.010000
-0.000000 0.006056 0.010000
-0.000000 0.006056 0.008000
-0.000000 0.006056 0.002000
0.000000 0.006056 0.000000
0.000000 0.006056 -0.002000
0.000000 0.006056 -0.006000
0.000000 0.006056 -0.008000
0.000000 0.006056 -0.010000
-0.000000 0.008056 0.010000
-0.000000 0.008056 0.008000
-0.000000 0.008056 0.006000
0.000000 0.008056 0.000000
0.000000 0.008056 -0.002000
0.000000 0.008056 -0.004000
0.000000 0.008056 -0.008000
0.000000 0.008056 -0.010000
-0.000000 0.010056 0.010000
-0.000000 0.010056 0.006000
-0.000000 0.010056 0.004000
0.000000 0.010056 -0.002000
0.000000 0.010056 -0.004000
0.000000 0.010056 -0.006000
0.000000 0.010056 -0.010000
-0.000000 0.012056 0.010000
-0.000000 0.012056 0.008000
-0.000000 0.012056 0.004000
-0.000000 0.012056 0.002000
0.000000 0.012056 -0.004000
0.000000 0.012056 -0.006000
0.000000 0.012056 -0.008000
0.000000 0.012056 -0.010000
-0.000000 0.014056 0.010000
-0.000000 0.014056 0.006000
-0.000000 0.014056 0.002000
0.000000 0.014056 0.000000
0.000000 0.014056 -0.006000
0.000000 0.014056 -0.008000
0.000000 0.014056 -0.010000
-0.000000 0.016056 0.010000
-0.000000 0.016056 0.008000
-0.000000 0.016056 0.006000
-0.000000 0.016056 0.004000
0.000000 0.016056 0.000000
0.000000 0.016056 -0.002000
0.000000 0.016056 -0.008000
0.000000 0.016056 -0.010000
-0.000000 0.018056 0.010000
-0.000000 0.018056 0.006000
-0.000000 0.018056 0.004000
-0.000000 0.018056 0.002000
0.000000 0.018056 -0.002000
0.000000 0.018056 -0.004000
0.000000 0.018056 -0.010000
-0.000000 0.020056 0.010000
-0.000000 0.020056 0.008000
-0.000000 0.020056 0.006000
-0.000000 0.020056 0.004000
-0.000000 0.020056 0.002000
0.000000 0.020056 0.000000
0.000000 0.020056 -0.002000
0.000000 0.020056 -0.004000
0.000000 0.020056 -0.006000
0.000000 0.020056 -0.008000
0.000000 0.020056 -0.010000
115 122
24 31
131 139
139 147
150 159
39 48
48 55
59 67
159 167
67 76
134 142
142 150
27 36
97 114
6 23
103 104
12 13
122 131
147 155
31 39
50 57
55 64
167 176
76 85
21 28
25 32
26 34
111 118
116 123
117 125
94 96
96 98
100 102
101 103
105 107
107 108
129 130
145 146
153 154
157 158
165 166
172 173
173 174
176 177
178 179
179 180
3 5
5 7
9 11
10 12
14 16
16 17
35 43
36 44
37 38
41 49
42 44
43 50
45 51
49 56
53 54
58 66
61 68
62 63
64 71
65 72
66 73
69 77
71 79
74 75
80 82
82 83
85 86
87 88
88 89
126 134
128 135
133 140
134 141
136 143
140 148
149 156
152 160
155 163
156 164
161 168
163 170
98 99
99 101
113 114
120 121
174 175
175 176
7 8
8 10
22 23
29 30
83 84
84 85
1 2
4 5
18 19
91 92
95 96
109 110
1 21
15 25
18 26
91 111
106 116
109 117
91 93
92 94
103 105
108 110
111 112
137 138
162 163
171 172
177 178
180 181
0 1
2 3
12 14
17 19
20 21
28 35
33 40
34 41
46 47
50 58
52 60
56 64
70 71
80 81
86 87
89 90
118 126
119 127
124 132
125 133
141 149
144 151
148 155
73 81
78 87
79 90
164 171
169 178
170 181
