12212082067639476472 1977 1900
0.314074 0.236259 1.593330
-0.314074 0.236259 1.593330
-0.314074 -0.230669 1.593330
0.314074 -0.230669 1.593330
0.314074 0.236259 1.593330
0.314074 0.236259 1.120853
-0.314074 0.236259 1.593330
-0.314074 0.236259 1.120853
0.314074 -0.230669 1.120853
-0.314074 -0.230669 1.120853
-0.314074 0.236259 1.120853
0.314074 0.236259 1.120853
0.314074 -0.230669 1.593330
-0.314074 -0.230669 1.593330
-0.314074 -0.230669 1.120853
0.314074 -0.230669 1.120853
0.314074 0.236259 1.593330
0.314074 -0.230669 1.593330
0.314074 0.236259 1.120853
0.314074 -0.230669 1.120853
-0.314074 0.236259 1.593330
-0.314074 -0.230669 1.120853
-0.314074 -0.230669 1.593330
-0.314074 0.236259 1.120853
0.000000 0.179041 1.235455
0.000000 0.177134 1.213879
0.000000 0.185870 1.253270
0.033221 0.182967 1.252908
0.000000 0.180300 1.251946
0.032619 0.177758 1.250809
0.061947 0.178172 1.252791
0.061198 0.172774 1.251464
0.088577 0.172022 1.253144
0.087230 0.165890 1.251820
0.103022 0.159793 1.251415
0.107178 0.166204 1.252227
0.000000 0.173948 1.185670
0.000000 0.171348 1.167320
0.125576 0.138201 1.226936
0.109227 0.153683 1.237151
0.112692 0.154756 1.237951
0.126919 0.139967 1.229059
0.113233 0.152623 1.247482
0.118361 0.155491 1.246583
0.129882 0.136678 1.236487
0.132060 0.139805 1.237025
0.108419 0.156702 1.249767
0.112739 0.162779 1.250556
0.147870 0.114854 1.225729
0.120122 0.155757 1.273719
0.112500 0.159169 1.282447
0.092055 0.165271 1.281760
0.000000 0.178022 1.281030
0.032083 0.175702 1.281432
0.064794 0.171009 1.281221
0.048037 0.187545 1.362293
0.025797 0.190925 1.362293
0.063971 0.184416 1.338833
0.000000 0.192672 1.337395
0.000000 0.192203 1.362293
0.000000 0.200491 1.365418
0.025607 0.205937 1.369278
0.000000 0.206044 1.369547
0.047939 0.199092 1.364701
0.048561 0.205830 1.369242
0.070803 0.197113 1.343018
0.066682 0.191643 1.340291
0.091268 0.187358 1.315886
0.000000 0.186563 1.307751
0.086505 0.174939 1.309369
0.037270 0.185677 1.299515
0.000000 0.187756 1.299393
0.095447 0.173627 1.299938
0.000000 0.180184 1.282516
0.032463 0.178490 1.282558
0.091643 0.167718 1.283867
0.065013 0.173633 1.282955
0.117705 0.167891 1.284811
0.120122 0.155757 1.273719
0.112500 0.159169 1.282447
0.126959 0.159036 1.275644
0.109979 0.161858 1.284417
0.103687 0.166486 1.291780
0.102452 0.180262 1.301177
0.110235 0.174335 1.292529
0.095447 0.173627 1.299938
0.000000 0.192203 1.362293
0.025797 0.190925 1.362293
0.048037 0.187545 1.362293
0.063971 0.184416 1.338833
0.086505 0.174939 1.309369
0.000000 0.132221 1.501984
0.000000 0.113842 1.520328
0.000000 0.183364 1.429067
0.000000 0.196813 1.400445
0.000000 0.167833 1.456008
0.000000 0.205828 1.378310
0.000000 0.205550 1.374104
0.047819 0.204905 1.374498
0.045871 0.205727 1.378382
0.055399 0.195518 1.398887
0.064385 0.182031 1.427728
0.072654 0.166496 1.454744
0.088016 0.130315 1.501188
0.096809 0.105391 1.525795
0.103263 0.079407 1.548854
0.050805 0.089607 1.540553
0.074761 0.084930 1.544255
0.000000 0.098716 1.534499
0.000000 0.094786 1.535845
0.027745 0.092224 1.537954
0.000000 0.150677 1.480273
0.080363 0.149520 1.478801
0.000000 -0.182818 1.284683
0.041719 -0.174916 1.287690
0.042049 -0.181853 1.284952
0.000000 -0.175217 1.287690
0.109979 0.161858 1.284417
0.103687 0.166486 1.291780
0.065653 0.178837 1.425325
0.073953 0.163480 1.452294
0.081673 0.146597 1.476187
0.089423 0.127387 1.498407
0.056735 0.192105 1.396517
0.098200 0.102372 1.522627
0.104742 0.076446 1.545292
0.128756 0.140020 1.375837
0.121544 0.152173 1.356331
0.140263 0.122736 1.388672
0.154250 0.102995 1.392905
0.000000 0.205638 1.372466
0.048085 0.205275 1.372623
0.049785 0.201575 1.373569
0.119573 0.157454 1.332803
0.123351 0.155016 1.308874
0.181242 0.067991 1.374331
0.196739 0.047481 1.366081
0.190394 0.058085 1.354366
0.188645 0.055506 1.382543
0.204798 0.037799 1.352670
0.194794 0.055595 1.331003
0.203717 0.042891 1.330784
0.208132 0.037995 1.354085
0.207085 0.043500 1.330784
0.208928 0.040863 1.330330
0.209983 0.034739 1.356169
0.201380 0.044985 1.370207
0.199613 0.048191 1.367670
0.192091 0.056284 1.383565
0.193676 0.060921 1.307688
0.202472 0.046793 1.317406
0.200255 0.052067 1.303761
0.206098 0.047486 1.316804
0.204068 0.052717 1.303194
0.164819 0.112498 1.258872
0.174191 0.100365 1.256993
0.164857 0.112649 1.255315
0.173886 0.100556 1.260166
0.182979 0.087995 1.261276
0.182220 0.088751 1.264432
0.190660 0.076473 1.268239
0.189647 0.077764 1.271090
0.197225 0.066152 1.277890
0.195800 0.067809 1.280281
0.202191 0.057388 1.289284
0.200395 0.059440 1.291350
0.205659 0.050240 1.302331
0.207688 0.044520 1.316207
0.170656 0.098741 1.261596
0.161864 0.110509 1.260063
0.178840 0.087288 1.265465
0.186060 0.076602 1.271737
0.192237 0.066794 1.280663
0.197266 0.058420 1.291651
0.187039 0.073202 1.287881
0.175705 0.090494 1.274616
0.161372 0.110142 1.270052
0.119497 0.166221 1.287724
0.128178 0.157248 1.278557
0.135892 0.149026 1.266553
0.136916 0.147445 1.269599
0.145255 0.137843 1.260086
0.145881 0.136703 1.263124
0.155008 0.125597 1.256458
0.155331 0.124931 1.259575
0.118761 0.161844 1.288080
0.125863 0.154465 1.279458
0.134357 0.144785 1.270697
0.143075 0.134357 1.264308
0.152424 0.122703 1.260903
0.146328 0.129214 1.275096
0.132992 0.144935 1.288840
0.052198 0.205124 1.367895
0.053612 0.204305 1.369720
0.072900 0.195989 1.344837
0.093362 0.186281 1.318023
0.104537 0.179189 1.303573
0.111845 0.173316 1.295367
0.092371 0.182711 1.319002
0.103947 0.176302 1.304232
0.110737 0.170542 1.296861
0.053076 0.200550 1.370015
0.071998 0.192357 1.345510
0.167346 0.061793 1.510970
0.158761 0.107398 1.252194
0.168472 0.094351 1.254551
0.148369 0.121062 1.253257
0.128934 0.145413 1.263515
0.137977 0.134246 1.256523
0.191022 0.060494 1.275283
0.196549 0.051482 1.286798
0.184050 0.071051 1.265356
0.177095 0.081417 1.259035
0.200436 0.044279 1.300329
0.202911 0.038544 1.314424
0.203713 0.034518 1.329404
0.204903 0.028367 1.354128
0.183150 0.059559 1.442407
0.185397 0.059544 1.421608
0.181643 0.062013 1.441992
0.183730 0.062344 1.421656
0.186966 0.060690 1.400953
0.181798 0.058220 1.463993
0.180297 0.060475 1.464321
0.181296 0.055032 1.485401
0.179775 0.057588 1.486266
0.175484 0.056940 1.485893
0.176223 0.059888 1.463804
0.177801 0.061370 1.441192
0.179920 0.061721 1.420354
0.183605 0.059933 1.399119
0.168602 0.083775 1.387875
0.073851 0.080000 1.541607
0.000000 0.088028 1.534178
0.099246 0.072364 1.548437
0.101259 0.076328 1.546359
0.195703 0.052738 1.243709
0.177095 0.081417 1.259035
0.184050 0.071051 1.265356
0.175629 0.083855 1.233487
0.168472 0.094351 1.254551
0.163468 0.101961 1.227728
0.158761 0.107398 1.252194
0.191022 0.060494 1.275283
0.196549 0.051482 1.286798
0.208413 0.027266 1.251980
0.212576 0.020590 1.270967
0.200436 0.044279 1.300329
0.220385 0.006563 1.311408
0.203713 0.034518 1.329404
0.225562 -0.000544 1.332984
0.204903 0.028367 1.354128
0.215932 0.013521 1.289929
0.202911 0.038544 1.314424
0.230486 -0.002397 1.325894
0.226652 0.003293 1.307526
0.220385 0.006563 1.311408
0.225562 -0.000544 1.332984
0.234524 -0.021505 1.320008
0.229522 -0.022811 1.326833
0.209038 -0.001840 1.246416
0.216441 0.019253 1.256572
0.217493 -0.003952 1.251542
0.208413 0.027266 1.251980
0.236896 -0.047059 1.313779
0.208276 -0.034381 1.242879
0.216683 -0.036519 1.247816
0.213616 -0.142977 1.341458
0.202189 -0.161436 1.366376
0.223339 -0.120727 1.323990
0.230812 -0.096210 1.314590
0.235461 -0.071703 1.311578
0.210873 -0.066718 1.246446
0.201046 -0.096425 1.248519
0.202070 -0.065542 1.241705
0.192286 -0.093879 1.243764
0.169938 -0.148992 1.261351
0.146169 -0.168889 1.272925
0.161339 -0.145264 1.257398
0.137769 -0.164316 1.269105
0.178075 -0.121956 1.249127
0.187364 -0.124610 1.253503
0.211440 -0.135181 1.346863
0.219395 -0.115781 1.331757
0.225939 -0.094247 1.322819
0.230661 -0.071185 1.319335
0.201471 -0.152155 1.370658
0.190703 -0.176876 1.396153
0.185727 -0.174324 1.412762
0.129706 -0.179474 1.280920
0.117914 -0.175676 1.279361
0.173795 -0.181425 1.374635
0.219630 0.014118 1.272865
0.215932 0.013521 1.289929
0.222819 0.008983 1.289158
0.212576 0.020590 1.270967
0.140285 -0.182907 1.307876
0.156957 -0.182638 1.340079
0.185371 -0.182212 1.416651
0.171661 -0.186601 1.376227
0.185727 -0.174324 1.412762
0.173795 -0.181425 1.374635
0.117914 -0.175676 1.279361
0.140285 -0.182907 1.307876
0.117121 -0.182337 1.279773
0.136357 -0.187219 1.310084
0.154213 -0.187906 1.343070
0.156957 -0.182638 1.340079
0.090267 -0.187843 1.279826
0.181812 -0.112236 1.572799
0.182171 -0.084537 1.580952
0.182454 -0.054678 1.577715
0.181248 -0.021419 1.565667
0.178609 0.012272 1.549008
0.175002 0.038108 1.531356
0.179829 -0.025802 1.556610
0.182052 -0.057846 1.567351
0.182105 -0.083794 1.569904
0.182407 -0.107188 1.562193
0.183144 -0.129794 1.547550
0.182963 -0.134875 1.557929
0.178409 0.005653 1.537292
0.177662 0.030818 1.515518
0.179163 0.030671 1.514915
0.180696 0.005865 1.535940
0.182405 -0.025485 1.554922
0.184223 -0.058179 1.566203
0.185012 -0.083812 1.568710
0.186417 -0.128953 1.546824
0.185490 -0.106693 1.560919
0.185165 -0.105573 1.557647
0.185528 -0.127161 1.543049
0.171129 -0.185280 1.440630
0.169939 -0.173859 1.438375
0.169939 -0.173859 1.438375
0.181248 -0.166287 1.413144
0.196992 -0.146987 1.371439
0.217704 -0.003788 1.335160
0.225313 -0.024636 1.328652
0.228246 -0.049058 1.323273
0.226212 -0.071424 1.321830
0.221868 -0.093463 1.324973
0.215269 -0.112915 1.333410
0.207150 -0.131829 1.348875
0.109953 -0.142568 1.584541
0.147045 -0.142648 1.572361
0.110554 -0.134375 1.585795
0.149091 -0.135469 1.573961
0.180840 -0.141678 1.560633
0.182963 -0.134875 1.557929
0.170592 -0.154377 1.544625
0.163974 -0.166814 1.524290
0.161338 -0.176100 1.503033
0.149091 -0.135469 1.573961
0.110554 -0.134375 1.585795
0.163518 -0.182745 1.474319
0.162752 -0.155433 1.515593
0.167281 -0.144495 1.532813
0.159744 -0.163909 1.496392
0.162560 -0.170828 1.471524
0.067336 -0.191336 1.280187
0.173983 -0.127099 1.544812
0.173983 -0.127099 1.544812
0.182798 0.038703 1.463593
0.182892 0.041035 1.442396
0.181500 0.034862 1.477976
0.181969 0.020752 1.499738
0.180772 -0.002374 1.520980
0.182758 0.000801 1.527323
0.179734 -0.032820 1.539844
0.183752 -0.029962 1.545532
0.184739 -0.060860 1.555594
0.181445 -0.061904 1.548196
0.182627 -0.081975 1.546920
0.182082 -0.097964 1.543431
0.179583 -0.116482 1.533012
0.178672 -0.120128 1.540449
0.184393 0.039910 1.421605
0.189649 0.037362 1.406793
0.196780 0.032921 1.392048
0.203599 0.027652 1.380343
0.230215 -0.072395 1.341667
0.232482 -0.050090 1.332732
0.231973 -0.051416 1.343549
0.231428 -0.072387 1.330822
0.228783 -0.031922 1.346935
0.229661 -0.027427 1.337400
0.220490 -0.014773 1.353659
0.220036 -0.008763 1.344177
0.210227 -0.121256 1.363010
0.199853 -0.134919 1.378306
0.220108 -0.105695 1.352027
0.227071 -0.088868 1.344933
0.226833 -0.092021 1.334279
0.185012 -0.150134 1.411401
0.175255 -0.165388 1.439438
0.177944 -0.155311 1.439793
0.167909 -0.157807 1.493518
0.169536 -0.163547 1.469940
0.168964 -0.147873 1.489184
0.171775 -0.153515 1.466980
0.172377 -0.131986 1.518713
0.169366 -0.150052 1.510128
0.169408 -0.141352 1.503916
0.173053 -0.139628 1.525997
0.174946 -0.121569 1.527372
0.175707 -0.125399 1.535848
0.174946 -0.121569 1.527372
0.175707 -0.125399 1.535848
0.210043 0.018688 1.368383
0.210448 0.024703 1.361144
0.217704 -0.003788 1.335160
0.210043 0.018688 1.368383
0.210448 0.024703 1.361144
0.217704 -0.003788 1.335160
0.204903 0.028367 1.354128
0.225313 -0.024636 1.328652
0.228246 -0.049058 1.323273
0.226212 -0.071424 1.321830
0.221868 -0.093463 1.324973
0.215269 -0.112915 1.333410
0.207150 -0.131829 1.348875
0.196992 -0.146987 1.371439
0.181248 -0.166287 1.413144
0.169939 -0.173859 1.438375
0.162560 -0.170828 1.471524
0.159744 -0.163909 1.496392
0.162752 -0.155433 1.515593
0.167281 -0.144495 1.532813
0.173983 -0.127099 1.544812
0.157341 0.025865 1.459819
0.158777 0.025729 1.441305
0.156619 0.023476 1.473203
0.157272 0.012390 1.493405
0.157891 -0.008835 1.512424
0.158353 -0.033888 1.527331
0.158564 -0.063362 1.535505
0.158280 -0.080944 1.534831
0.157734 -0.093775 1.530447
0.152741 -0.106944 1.523303
0.161513 0.025267 1.423132
0.163797 0.022888 1.407904
0.170969 0.021198 1.394650
0.177863 0.013842 1.382106
0.209092 -0.052281 1.350080
0.207334 -0.071858 1.349913
0.205902 -0.034018 1.353955
0.197609 -0.017543 1.360229
0.187346 -0.116680 1.367800
0.176972 -0.129083 1.381789
0.197227 -0.101861 1.358499
0.204190 -0.086395 1.352542
0.162131 -0.139545 1.414438
0.149957 -0.141584 1.439826
0.142941 -0.132980 1.483814
0.143455 -0.139137 1.463945
0.149496 -0.118965 1.507682
0.146527 -0.126571 1.496113
0.152065 -0.111410 1.516384
0.152065 -0.111410 1.516384
0.184674 0.006189 1.373942
0.184674 0.006189 1.373942
0.157341 0.025865 1.459819
0.158777 0.025729 1.441305
0.156619 0.023476 1.473203
0.157272 0.012390 1.493405
0.157891 -0.008835 1.512424
0.158353 -0.033888 1.527331
0.158564 -0.063362 1.535505
0.158280 -0.080944 1.534831
0.157734 -0.093775 1.530447
0.152741 -0.106944 1.523303
0.161513 0.025267 1.423132
0.163797 0.022888 1.407904
0.170969 0.021198 1.394650
0.177863 0.013842 1.382106
0.209092 -0.052281 1.350080
0.207334 -0.071858 1.349913
0.205902 -0.034018 1.353955
0.197609 -0.017543 1.360229
0.187346 -0.116680 1.367800
0.176972 -0.129083 1.381789
0.197227 -0.101861 1.358499
0.204190 -0.086395 1.352542
0.162131 -0.139545 1.414438
0.149957 -0.141584 1.439826
0.143455 -0.139137 1.463945
0.142941 -0.132980 1.483814
0.146527 -0.126571 1.496113
0.149496 -0.118965 1.507682
0.152065 -0.111410 1.516384
0.184674 0.006189 1.373942
0.034534 -0.162600 1.283960
0.050843 -0.191793 1.280871
0.042049 -0.181853 1.284952
0.041719 -0.174916 1.287690
0.062575 -0.159589 1.282982
0.104747 -0.152724 1.283099
0.035607 -0.162485 1.283010
0.052720 -0.193098 1.280544
0.112767 -0.167577 1.280268
0.171305 -0.115416 1.252175
0.183855 -0.088881 1.247065
0.155260 -0.137732 1.260219
0.132171 -0.155917 1.272146
0.112767 -0.167577 1.280268
0.198380 -0.032802 1.245468
0.199402 -0.000106 1.248710
0.192652 -0.063654 1.244911
0.190657 0.049050 1.244637
0.170173 0.081141 1.233526
0.203515 0.027617 1.251992
0.203515 0.027617 1.251992
0.158461 0.098157 1.228050
0.154809 0.113661 1.224151
0.149923 0.110803 1.224236
0.128934 0.145413 1.263515
0.137977 0.134246 1.256523
0.116089 0.131111 1.170975
0.125020 0.119242 1.189686
0.111844 0.126764 1.172702
0.129062 0.123755 1.188580
0.139854 0.110349 1.214344
0.144021 0.114619 1.212553
0.145824 0.107467 1.223907
0.149923 0.110803 1.224236
0.096484 0.142701 1.158582
0.102485 0.132794 1.162878
0.093682 0.138149 1.159652
0.105986 0.135983 1.161469
0.000000 0.169609 1.163042
0.024014 0.162977 1.164238
0.000000 0.164668 1.164047
0.024869 0.166642 1.162657
0.047700 0.161756 1.161632
0.047220 0.158357 1.163013
0.065843 0.156584 1.160334
0.064317 0.152563 1.161604
0.078924 0.145829 1.160653
0.081462 0.150306 1.159385
0.151592 0.117773 1.225973
0.154809 0.113661 1.224151
0.158761 0.107398 1.252194
0.148369 0.121062 1.253257
0.092860 0.057523 1.526156
0.072836 0.062799 1.520400
0.050381 0.067333 1.517120
0.027473 0.069292 1.514583
0.000000 0.070617 1.514271
0.096608 0.055573 1.528573
0.103315 0.069408 1.549904
0.086488 -0.074762 1.587489
0.087762 -0.075211 1.597799
0.090412 -0.050300 1.584561
0.054129 -0.207959 1.443411
0.104849 -0.044451 1.602687
0.099050 -0.079637 1.605429
0.106353 -0.044329 1.603172
0.090197 -0.108357 1.600009
0.082213 -0.132431 1.590957
0.080919 -0.132399 1.590761
0.082213 -0.132431 1.590957
0.081714 -0.141116 1.591764
0.083329 -0.141601 1.592402
0.080919 -0.132399 1.590761
0.107990 -0.010354 1.593172
0.109472 -0.010225 1.593671
0.109097 0.027114 1.576656
0.110575 0.027264 1.577187
0.108356 0.053513 1.560650
0.109844 0.053733 1.561207
0.106411 0.063109 1.554173
0.107924 0.063525 1.554614
0.103881 0.071599 1.549417
0.054850 -0.196436 1.506004
0.053035 -0.179754 1.542774
0.051612 -0.178935 1.543026
0.064183 -0.166706 1.561448
0.063099 -0.165590 1.562059
0.074664 -0.151981 1.580268
0.073350 -0.151115 1.580186
0.053597 -0.203692 1.472992
0.042680 -0.189854 1.312358
0.042527 -0.182739 1.285467
0.042867 -0.194746 1.343350
0.042679 -0.198330 1.377032
0.043045 -0.198863 1.412508
0.076688 -0.108353 1.587387
0.059649 -0.138977 1.566517
0.043917 -0.170355 1.538377
0.043671 -0.186761 1.498915
0.043091 -0.192057 1.470049
0.042885 -0.196152 1.439983
0.096486 0.018490 1.553961
0.093574 -0.017073 1.571685
0.099596 0.044110 1.539514
0.098723 0.053606 1.532070
0.076688 -0.108353 1.587387
0.042527 -0.182739 1.285467
0.033525 -0.192291 1.285520
0.034303 -0.192648 1.286214
0.000000 -0.193764 1.285554
0.033230 -0.193189 1.286252
0.000000 -0.194604 1.286262
0.033392 -0.101610 1.629857
0.034562 -0.101349 1.629562
0.036109 -0.074802 1.587004
0.033392 -0.101610 1.629857
0.034562 -0.101349 1.629562
0.037298 -0.074769 1.587055
0.076688 -0.108353 1.587387
0.087762 -0.075211 1.597799
0.059649 -0.138977 1.566517
0.043917 -0.170355 1.538377
0.043671 -0.186761 1.498915
0.043091 -0.192057 1.470049
0.042885 -0.196152 1.439983
0.043045 -0.198863 1.412508
0.042679 -0.198330 1.377032
0.042867 -0.194746 1.343350
0.042680 -0.189854 1.312358
0.000000 -0.207727 1.346234
0.000000 -0.201768 1.314468
0.000000 -0.210805 1.380691
0.000000 -0.211764 1.417374
0.000000 -0.209133 1.445714
0.000000 -0.204634 1.476398
0.000000 -0.198587 1.506129
0.000000 -0.180219 1.547804
0.000000 -0.156409 1.586493
0.000000 -0.132513 1.610814
0.000000 -0.101953 1.629165
0.000000 -0.101953 1.629165
0.000000 -0.076802 1.584170
0.087762 -0.075211 1.597799
0.086488 -0.074762 1.587489
0.192053 0.084182 1.296920
0.196881 0.076394 1.314386
0.197846 0.073502 1.313307
0.191425 0.086545 1.298861
0.197712 0.071929 1.332762
0.198732 0.068821 1.332609
0.182035 0.100739 1.288566
0.170141 0.116780 1.285046
0.157650 0.132306 1.288860
0.144468 0.146494 1.297700
0.146575 0.145057 1.299510
0.136236 0.154990 1.314421
0.138678 0.153106 1.315401
0.132609 0.157128 1.333964
0.135215 0.155120 1.334035
0.136655 0.150748 1.352412
0.134054 0.152556 1.353265
0.142679 0.140669 1.367679
0.140284 0.141928 1.369389
0.152244 0.126494 1.377634
0.163838 0.110391 1.380931
0.175750 0.094747 1.377122
0.186285 0.081909 1.366702
0.193972 0.073872 1.351142
0.194780 0.070824 1.351914
0.191425 0.086545 1.298861
0.196881 0.076394 1.314386
0.182035 0.100739 1.288566
0.170141 0.116780 1.285046
0.157650 0.132306 1.288860
0.146575 0.145057 1.299510
0.138678 0.153106 1.315401
0.135215 0.155120 1.334035
0.136655 0.150748 1.352412
0.142679 0.140669 1.367679
0.152244 0.126494 1.377634
0.163838 0.110391 1.380931
0.175750 0.094747 1.377122
0.186285 0.081909 1.366702
0.193972 0.073872 1.351142
0.197712 0.071929 1.332762
0.000000 0.179041 1.235455
0.000000 0.177134 1.213879
0.000000 0.180300 1.251946
-0.032619 0.177758 1.250809
-0.033221 0.182967 1.252908
0.000000 0.185870 1.253270
-0.061198 0.172774 1.251464
-0.061947 0.178172 1.252791
-0.088577 0.172022 1.253144
-0.087230 0.165890 1.251820
-0.103022 0.159793 1.251415
-0.107178 0.166204 1.252227
0.000000 0.173948 1.185670
0.000000 0.171348 1.167320
-0.125576 0.138201 1.226936
-0.109227 0.153683 1.237151
-0.112692 0.154756 1.237951
-0.126919 0.139967 1.229059
-0.118361 0.155491 1.246583
-0.113233 0.152623 1.247482
-0.129882 0.136678 1.236487
-0.132060 0.139805 1.237025
-0.108419 0.156702 1.249767
-0.112739 0.162779 1.250556
-0.147870 0.114854 1.225729
-0.120122 0.155757 1.273719
-0.112500 0.159169 1.282447
-0.092055 0.165271 1.281760
-0.032083 0.175702 1.281432
0.000000 0.178022 1.281030
-0.064794 0.171009 1.281221
-0.048037 0.187545 1.362293
-0.025797 0.190925 1.362293
-0.063971 0.184416 1.338833
0.000000 0.192203 1.362293
0.000000 0.192672 1.337395
0.000000 0.200491 1.365418
-0.025607 0.205937 1.369278
0.000000 0.206044 1.369547
-0.047939 0.199092 1.364701
-0.048561 0.205830 1.369242
-0.070803 0.197113 1.343018
-0.091268 0.187358 1.315886
-0.066682 0.191643 1.340291
0.000000 0.186563 1.307751
-0.086505 0.174939 1.309369
0.000000 0.187756 1.299393
-0.095447 0.173627 1.299938
0.000000 0.180184 1.282516
-0.032463 0.178490 1.282558
-0.091643 0.167718 1.283867
-0.065013 0.173633 1.282955
-0.117705 0.167891 1.284811
-0.120122 0.155757 1.273719
-0.126959 0.159036 1.275644
-0.112500 0.159169 1.282447
-0.109979 0.161858 1.284417
-0.103687 0.166486 1.291780
-0.102452 0.180262 1.301177
-0.095447 0.173627 1.299938
-0.110235 0.174335 1.292529
0.000000 0.192203 1.362293
-0.025797 0.190925 1.362293
-0.048037 0.187545 1.362293
-0.063971 0.184416 1.338833
-0.086505 0.174939 1.309369
0.000000 0.113842 1.520328
0.000000 0.132221 1.501984
0.000000 0.183364 1.429067
0.000000 0.196813 1.400445
0.000000 0.167833 1.456008
0.000000 0.205828 1.378310
0.000000 0.205550 1.374104
-0.045871 0.205727 1.378382
-0.047819 0.204905 1.374498
-0.055399 0.195518 1.398887
-0.064385 0.182031 1.427728
-0.072654 0.166496 1.454744
-0.088016 0.130315 1.501188
-0.096809 0.105391 1.525795
-0.099298 0.083694 1.547798
-0.103263 0.079407 1.548854
-0.050805 0.089607 1.540553
-0.074761 0.084930 1.544255
-0.027745 0.092224 1.537954
0.000000 0.094786 1.535845
0.000000 0.098716 1.534499
0.000000 0.150677 1.480273
-0.080363 0.149520 1.478801
0.000000 -0.182818 1.284683
-0.041719 -0.174916 1.287690
0.000000 -0.175217 1.287690
-0.042049 -0.181853 1.284952
-0.109979 0.161858 1.284417
-0.103687 0.166486 1.291780
-0.065653 0.178837 1.425325
-0.073953 0.163480 1.452294
-0.081673 0.146597 1.476187
-0.089423 0.127387 1.498407
-0.056735 0.192105 1.396517
-0.098200 0.102372 1.522627
-0.104742 0.076446 1.545292
-0.128756 0.140020 1.375837
-0.121544 0.152173 1.356331
-0.140263 0.122736 1.388672
-0.154250 0.102995 1.392905
0.000000 0.205638 1.372466
-0.048085 0.205275 1.372623
-0.049785 0.201575 1.373569
-0.119573 0.157454 1.332803
-0.123351 0.155016 1.308874
-0.181242 0.067991 1.374331
-0.190394 0.058085 1.354366
-0.196739 0.047481 1.366081
-0.188645 0.055506 1.382543
-0.204798 0.037799 1.352670
-0.194794 0.055595 1.331003
-0.203717 0.042891 1.330784
-0.207085 0.043500 1.330784
-0.208132 0.037995 1.354085
-0.208928 0.040863 1.330330
-0.209983 0.034739 1.356169
-0.201380 0.044985 1.370207
-0.199613 0.048191 1.367670
-0.192091 0.056284 1.383565
-0.202472 0.046793 1.317406
-0.193676 0.060921 1.307688
-0.200255 0.052067 1.303761
-0.206098 0.047486 1.316804
-0.204068 0.052717 1.303194
-0.164819 0.112498 1.258872
-0.174191 0.100365 1.256993
-0.173886 0.100556 1.260166
-0.164857 0.112649 1.255315
-0.182979 0.087995 1.261276
-0.182220 0.088751 1.264432
-0.190660 0.076473 1.268239
-0.189647 0.077764 1.271090
-0.197225 0.066152 1.277890
-0.195800 0.067809 1.280281
-0.202191 0.057388 1.289284
-0.205659 0.050240 1.302331
-0.207688 0.044520 1.316207
-0.170656 0.098741 1.261596
-0.161864 0.110509 1.260063
-0.178840 0.087288 1.265465
-0.186060 0.076602 1.271737
-0.192237 0.066794 1.280663
-0.197266 0.058420 1.291651
-0.187039 0.073202 1.287881
-0.175705 0.090494 1.274616
-0.161372 0.110142 1.270052
-0.128178 0.157248 1.278557
-0.119497 0.166221 1.287724
-0.136916 0.147445 1.269599
-0.135892 0.149026 1.266553
-0.145881 0.136703 1.263124
-0.145255 0.137843 1.260086
-0.155008 0.125597 1.256458
-0.155330 0.124931 1.259575
-0.118761 0.161844 1.288080
-0.125863 0.154465 1.279458
-0.134357 0.144785 1.270697
-0.143075 0.134357 1.264308
-0.152424 0.122703 1.260903
-0.146328 0.129214 1.275096
-0.132992 0.144935 1.288840
-0.052198 0.205124 1.367895
-0.072900 0.195989 1.344837
-0.053612 0.204305 1.369720
-0.093362 0.186281 1.318023
-0.104537 0.179189 1.303573
-0.111845 0.173316 1.295367
-0.092371 0.182711 1.319002
-0.103947 0.176302 1.304232
-0.110737 0.170542 1.296861
-0.053076 0.200550 1.370015
-0.071998 0.192357 1.345510
-0.167346 0.061793 1.510970
-0.158761 0.107398 1.252194
-0.168472 0.094351 1.254551
-0.148369 0.121062 1.253257
-0.128934 0.145413 1.263515
-0.137977 0.134246 1.256523
-0.191022 0.060494 1.275283
-0.196549 0.051482 1.286798
-0.184050 0.071051 1.265356
-0.177095 0.081417 1.259035
-0.200436 0.044279 1.300329
-0.202911 0.038544 1.314424
-0.203713 0.034518 1.329404
-0.204903 0.028367 1.354128
-0.185397 0.059544 1.421608
-0.183150 0.059559 1.442407
-0.181642 0.062013 1.441992
-0.183730 0.062344 1.421656
-0.186966 0.060690 1.400953
-0.180297 0.060475 1.464321
-0.181798 0.058220 1.463993
-0.181296 0.055032 1.485401
-0.179775 0.057588 1.486266
-0.175484 0.056940 1.485893
-0.176223 0.059888 1.463804
-0.177801 0.061370 1.441192
-0.179920 0.061721 1.420354
-0.183605 0.059933 1.399119
-0.168602 0.083775 1.387875
-0.073851 0.080000 1.541607
0.000000 0.088028 1.534178
-0.099246 0.072364 1.548437
-0.101259 0.076328 1.546359
-0.195703 0.052738 1.243709
-0.177095 0.081417 1.259035
-0.175629 0.083855 1.233487
-0.184050 0.071051 1.265356
-0.168472 0.094351 1.254551
-0.163468 0.101961 1.227728
-0.158761 0.107398 1.252194
-0.191022 0.060494 1.275283
-0.208413 0.027266 1.251980
-0.196549 0.051482 1.286798
-0.212576 0.020590 1.270967
-0.200436 0.044279 1.300329
-0.220385 0.006563 1.311408
-0.225562 -0.000544 1.332984
-0.203713 0.034518 1.329404
-0.204903 0.028367 1.354128
-0.202911 0.038544 1.314424
-0.215932 0.013521 1.289929
-0.230486 -0.002397 1.325894
-0.220385 0.006563 1.311408
-0.226652 0.003293 1.307526
-0.225562 -0.000544 1.332984
-0.229522 -0.022811 1.326833
-0.234524 -0.021505 1.320008
-0.209038 -0.001840 1.246416
-0.216441 0.019253 1.256572
-0.208413 0.027266 1.251980
-0.217493 -0.003952 1.251542
-0.236896 -0.047059 1.313779
-0.208276 -0.034381 1.242879
-0.216683 -0.036519 1.247816
-0.213616 -0.142977 1.341458
-0.202189 -0.161436 1.366376
-0.223339 -0.120727 1.323990
-0.230812 -0.096210 1.314590
-0.235461 -0.071703 1.311578
-0.201046 -0.096425 1.248519
-0.202070 -0.065542 1.241705
-0.192286 -0.093879 1.243764
-0.210873 -0.066718 1.246446
-0.146168 -0.168889 1.272925
-0.169938 -0.148992 1.261351
-0.161339 -0.145264 1.257398
-0.137769 -0.164316 1.269105
-0.178075 -0.121956 1.249127
-0.187364 -0.124610 1.253503
-0.211440 -0.135181 1.346863
-0.219395 -0.115781 1.331757
-0.225939 -0.094247 1.322819
-0.230661 -0.071185 1.319335
-0.201471 -0.152155 1.370658
-0.190703 -0.176876 1.396153
-0.185727 -0.174324 1.412762
-0.129706 -0.179474 1.280920
-0.117914 -0.175676 1.279361
-0.173795 -0.181425 1.374635
-0.215932 0.013521 1.289929
-0.219630 0.014118 1.272865
-0.222819 0.008983 1.289158
-0.212576 0.020590 1.270967
-0.140285 -0.182907 1.307876
-0.156957 -0.182638 1.340079
-0.171661 -0.186601 1.376227
-0.185371 -0.182212 1.416651
-0.185727 -0.174324 1.412762
-0.173795 -0.181425 1.374635
-0.140285 -0.182907 1.307876
-0.117121 -0.182337 1.279773
-0.136357 -0.187219 1.310084
-0.117914 -0.175676 1.279361
-0.154213 -0.187906 1.343070
-0.156957 -0.182638 1.340079
-0.090267 -0.187843 1.279826
-0.181812 -0.112236 1.572799
-0.182171 -0.084537 1.580952
-0.182454 -0.054678 1.577715
-0.181248 -0.021419 1.565667
-0.178609 0.012272 1.549008
-0.175002 0.038108 1.531356
-0.179829 -0.025802 1.556610
-0.182052 -0.057846 1.567351
-0.182105 -0.083794 1.569904
-0.182407 -0.107188 1.562193
-0.182963 -0.134875 1.557929
-0.183144 -0.129794 1.547550
-0.178409 0.005653 1.537292
-0.177662 0.030818 1.515518
-0.179163 0.030671 1.514915
-0.180696 0.005865 1.535940
-0.182405 -0.025485 1.554922
-0.184223 -0.058179 1.566203
-0.185012 -0.083812 1.568710
-0.186417 -0.128953 1.546824
-0.185490 -0.106693 1.560919
-0.185165 -0.105573 1.557647
-0.185528 -0.127161 1.543049
-0.171129 -0.185280 1.440630
-0.169939 -0.173859 1.438375
-0.169939 -0.173859 1.438375
-0.181248 -0.166287 1.413144
-0.196992 -0.146987 1.371439
-0.217704 -0.003788 1.335160
-0.225313 -0.024636 1.328652
-0.228246 -0.049058 1.323273
-0.226212 -0.071424 1.321830
-0.221868 -0.093463 1.324973
-0.215269 -0.112915 1.333410
-0.207150 -0.131829 1.348875
-0.147045 -0.142648 1.572361
-0.110554 -0.134375 1.585795
-0.149091 -0.135469 1.573961
-0.109953 -0.142568 1.584541
-0.182963 -0.134875 1.557929
-0.180839 -0.141678 1.560633
-0.170592 -0.154377 1.544625
-0.163974 -0.166814 1.524290
-0.161338 -0.176100 1.503033
-0.149091 -0.135469 1.573961
-0.110554 -0.134375 1.585795
-0.163518 -0.182745 1.474319
-0.167281 -0.144495 1.532813
-0.162752 -0.155433 1.515593
-0.159744 -0.163909 1.496392
-0.162560 -0.170828 1.471524
-0.067336 -0.191336 1.280187
-0.173983 -0.127099 1.544812
-0.173983 -0.127099 1.544812
-0.182892 0.041035 1.442396
-0.182798 0.038703 1.463593
-0.181500 0.034862 1.477976
-0.181969 0.020752 1.499738
-0.182553 0.024340 1.506601
-0.180772 -0.002374 1.520980
-0.182758 0.000801 1.527323
-0.179734 -0.032820 1.539844
-0.183752 -0.029962 1.545532
-0.184739 -0.060860 1.555594
-0.181445 -0.061904 1.548196
-0.182627 -0.081975 1.546920
-0.182082 -0.097964 1.543431
-0.178672 -0.120128 1.540449
-0.179583 -0.116482 1.533012
-0.184393 0.039910 1.421605
-0.189649 0.037362 1.406793
-0.196780 0.032921 1.392048
-0.203599 0.027652 1.380343
-0.230215 -0.072395 1.341667
-0.231973 -0.051416 1.343549
-0.232482 -0.050090 1.332732
-0.231428 -0.072387 1.330822
-0.228783 -0.031922 1.346935
-0.229661 -0.027427 1.337400
-0.220490 -0.014773 1.353659
-0.220036 -0.008763 1.344177
-0.210227 -0.121256 1.363010
-0.199853 -0.134919 1.378306
-0.220108 -0.105695 1.352027
-0.227071 -0.088868 1.344933
-0.226833 -0.092021 1.334279
-0.185012 -0.150134 1.411401
-0.175255 -0.165388 1.439438
-0.177944 -0.155311 1.439793
-0.168964 -0.147873 1.489184
-0.171775 -0.153515 1.466980
-0.169536 -0.163547 1.469940
-0.167909 -0.157807 1.493518
-0.172377 -0.131986 1.518713
-0.169408 -0.141352 1.503916
-0.169366 -0.150052 1.510128
-0.173053 -0.139628 1.525997
-0.174946 -0.121569 1.527372
-0.175707 -0.125399 1.535848
-0.174946 -0.121569 1.527372
-0.175707 -0.125399 1.535848
-0.210448 0.024703 1.361144
-0.210043 0.018688 1.368383
-0.217704 -0.003788 1.335160
-0.210043 0.018688 1.368383
-0.210448 0.024703 1.361144
-0.204903 0.028367 1.354128
-0.217704 -0.003788 1.335160
-0.225313 -0.024636 1.328652
-0.228246 -0.049058 1.323273
-0.226212 -0.071424 1.321830
-0.221868 -0.093463 1.324973
-0.215269 -0.112915 1.333410
-0.207150 -0.131829 1.348875
-0.196992 -0.146987 1.371439
-0.181248 -0.166287 1.413144
-0.169939 -0.173859 1.438375
-0.162560 -0.170828 1.471524
-0.159744 -0.163909 1.496392
-0.162752 -0.155433 1.515593
-0.167281 -0.144495 1.532813
-0.173983 -0.127099 1.544812
-0.157341 0.025865 1.459819
-0.158777 0.025729 1.441305
-0.156619 0.023476 1.473203
-0.157272 0.012390 1.493405
-0.157891 -0.008835 1.512424
-0.158353 -0.033888 1.527331
-0.158564 -0.063362 1.535505
-0.158280 -0.080944 1.534831
-0.157734 -0.093775 1.530447
-0.152741 -0.106944 1.523303
-0.161512 0.025267 1.423132
-0.163797 0.022888 1.407904
-0.170969 0.021198 1.394650
-0.177863 0.013842 1.382106
-0.209092 -0.052281 1.350080
-0.207334 -0.071858 1.349913
-0.205902 -0.034018 1.353955
-0.197609 -0.017543 1.360229
-0.187346 -0.116680 1.367800
-0.176972 -0.129083 1.381789
-0.197227 -0.101861 1.358499
-0.204190 -0.086395 1.352542
-0.162131 -0.139545 1.414438
-0.149957 -0.141584 1.439826
-0.142941 -0.132980 1.483814
-0.143455 -0.139137 1.463945
-0.149496 -0.118965 1.507682
-0.146527 -0.126571 1.496113
-0.152065 -0.111410 1.516384
-0.152065 -0.111410 1.516384
-0.184674 0.006189 1.373942
-0.184674 0.006189 1.373942
-0.157341 0.025865 1.459819
-0.158777 0.025729 1.441305
-0.156619 0.023476 1.473203
-0.157272 0.012390 1.493405
-0.157891 -0.008835 1.512424
-0.158353 -0.033888 1.527331
-0.158564 -0.063362 1.535505
-0.158280 -0.080944 1.534831
-0.157734 -0.093775 1.530447
-0.152741 -0.106944 1.523303
-0.161512 0.025267 1.423132
-0.163797 0.022888 1.407904
-0.170969 0.021198 1.394650
-0.177863 0.013842 1.382106
-0.209092 -0.052281 1.350080
-0.207334 -0.071858 1.349913
-0.205902 -0.034018 1.353955
-0.197609 -0.017543 1.360229
-0.187346 -0.116680 1.367800
-0.176972 -0.129083 1.381789
-0.197227 -0.101861 1.358499
-0.204190 -0.086395 1.352542
-0.162131 -0.139545 1.414438
-0.149957 -0.141584 1.439826
-0.143455 -0.139137 1.463945
-0.142941 -0.132980 1.483814
-0.146527 -0.126571 1.496113
-0.149496 -0.118965 1.507682
-0.152065 -0.111410 1.516384
-0.184674 0.006189 1.373942
-0.050843 -0.191793 1.280871
-0.034534 -0.162600 1.283960
-0.042049 -0.181853 1.284952
-0.041719 -0.174916 1.287690
-0.062575 -0.159589 1.282982
-0.104747 -0.152724 1.283099
-0.052720 -0.193098 1.280544
-0.035606 -0.162485 1.283010
-0.112767 -0.167577 1.280268
-0.171305 -0.115416 1.252175
-0.183855 -0.088881 1.247065
-0.155260 -0.137732 1.260219
-0.132171 -0.155917 1.272146
-0.112767 -0.167577 1.280268
-0.198380 -0.032802 1.245468
-0.199402 -0.000106 1.248710
-0.192652 -0.063654 1.244911
-0.190657 0.049050 1.244637
-0.170173 0.081141 1.233526
-0.203515 0.027617 1.251992
-0.203515 0.027617 1.251992
-0.158461 0.098157 1.228050
-0.154809 0.113661 1.224151
-0.149923 0.110803 1.224236
-0.128934 0.145413 1.263515
-0.137977 0.134246 1.256523
-0.116089 0.131111 1.170975
-0.125020 0.119242 1.189686
-0.129062 0.123755 1.188580
-0.111844 0.126764 1.172702
-0.139854 0.110349 1.214344
-0.144021 0.114619 1.212553
-0.145824 0.107467 1.223907
-0.149923 0.110803 1.224236
-0.096484 0.142701 1.158582
-0.102485 0.132794 1.162878
-0.105986 0.135983 1.161469
-0.093682 0.138149 1.159652
-0.024014 0.162977 1.164238
0.000000 0.169609 1.163042
0.000000 0.164668 1.164047
-0.024869 0.166642 1.162657
-0.047700 0.161756 1.161632
-0.047220 0.158357 1.163013
-0.065843 0.156584 1.160334
-0.064317 0.152563 1.161604
-0.078924 0.145829 1.160653
-0.081462 0.150306 1.159385
-0.151592 0.117773 1.225973
-0.154809 0.113661 1.224151
-0.158761 0.107398 1.252194
-0.148369 0.121062 1.253257
-0.092860 0.057523 1.526156
-0.072836 0.062799 1.520400
-0.050381 0.067333 1.517120
-0.027473 0.069292 1.514583
0.000000 0.070617 1.514271
-0.096608 0.055573 1.528573
-0.103315 0.069408 1.549904
-0.086488 -0.074762 1.587489
-0.090412 -0.050300 1.584561
-0.087762 -0.075211 1.597799
-0.054129 -0.207959 1.443411
-0.104849 -0.044451 1.602687
-0.099050 -0.079637 1.605429
-0.106353 -0.044329 1.603172
-0.090197 -0.108357 1.600009
-0.082213 -0.132431 1.590957
-0.080919 -0.132399 1.590761
-0.082213 -0.132431 1.590957
-0.081714 -0.141116 1.591764
-0.080919 -0.132399 1.590761
-0.083329 -0.141601 1.592402
-0.107990 -0.010354 1.593172
-0.109472 -0.010225 1.593671
-0.110574 0.027264 1.577187
-0.109097 0.027114 1.576656
-0.109844 0.053733 1.561207
-0.108356 0.053513 1.560650
-0.107924 0.063525 1.554614
-0.106411 0.063109 1.554173
-0.103881 0.071599 1.549417
-0.054850 -0.196436 1.506004
-0.051612 -0.178935 1.543026
-0.053035 -0.179754 1.542774
-0.063099 -0.165590 1.562059
-0.064183 -0.166706 1.561448
-0.074664 -0.151981 1.580268
-0.073350 -0.151115 1.580186
-0.053597 -0.203692 1.472992
-0.042680 -0.189854 1.312358
-0.042527 -0.182739 1.285467
-0.042867 -0.194746 1.343350
-0.042679 -0.198330 1.377032
-0.043045 -0.198863 1.412508
-0.076688 -0.108353 1.587387
-0.043917 -0.170355 1.538377
-0.059649 -0.138977 1.566517
-0.043671 -0.186761 1.498915
-0.043091 -0.192057 1.470049
-0.042885 -0.196152 1.439983
-0.093574 -0.017073 1.571685
-0.096486 0.018490 1.553961
-0.099596 0.044110 1.539514
-0.098723 0.053606 1.532070
-0.076688 -0.108353 1.587387
-0.034303 -0.192648 1.286214
-0.042527 -0.182739 1.285467
0.000000 -0.193764 1.285554
-0.033230 -0.193189 1.286252
0.000000 -0.194604 1.286262
-0.034562 -0.101349 1.629562
-0.033392 -0.101610 1.629857
-0.033392 -0.101610 1.629857
-0.036109 -0.074802 1.587004
-0.034562 -0.101349 1.629562
-0.037298 -0.074769 1.587055
-0.076688 -0.108353 1.587387
-0.087762 -0.075211 1.597799
-0.059649 -0.138977 1.566517
-0.043917 -0.170355 1.538377
-0.043671 -0.186761 1.498915
-0.043091 -0.192057 1.470049
-0.042885 -0.196152 1.439983
-0.043045 -0.198863 1.412508
-0.042679 -0.198330 1.377032
-0.042867 -0.194746 1.343350
-0.042680 -0.189854 1.312358
0.000000 -0.201768 1.314468
0.000000 -0.207727 1.346234
0.000000 -0.210805 1.380691
0.000000 -0.211764 1.417374
0.000000 -0.209133 1.445714
0.000000 -0.204634 1.476398
0.000000 -0.198587 1.506129
0.000000 -0.180219 1.547804
0.000000 -0.156409 1.586493
0.000000 -0.132513 1.610814
0.000000 -0.101953 1.629165
0.000000 -0.101953 1.629165
0.000000 -0.076802 1.584170
-0.087762 -0.075211 1.597799
-0.086488 -0.074762 1.587489
-0.196881 0.076394 1.314386
-0.192053 0.084182 1.296920
-0.197846 0.073502 1.313307
-0.191425 0.086545 1.298861
-0.197712 0.071929 1.332762
-0.198732 0.068821 1.332609
-0.182035 0.100739 1.288566
-0.170141 0.116780 1.285046
-0.157650 0.132306 1.288860
-0.144468 0.146494 1.297700
-0.146575 0.145057 1.299510
-0.136236 0.154990 1.314421
-0.138678 0.153106 1.315401
-0.132609 0.157128 1.333964
-0.135215 0.155120 1.334035
-0.134054 0.152556 1.353265
-0.136655 0.150748 1.352412
-0.142679 0.140669 1.367679
-0.140284 0.141928 1.369389
-0.152244 0.126494 1.377634
-0.163838 0.110391 1.380931
-0.175750 0.094747 1.377122
-0.186285 0.081909 1.366702
-0.193972 0.073872 1.351142
-0.194780 0.070824 1.351914
-0.191425 0.086545 1.298861
-0.196881 0.076394 1.314386
-0.182035 0.100739 1.288566
-0.170141 0.116780 1.285046
-0.157650 0.132306 1.288860
-0.146575 0.145057 1.299510
-0.138678 0.153106 1.315401
-0.135215 0.155120 1.334035
-0.136655 0.150748 1.352412
-0.142679 0.140669 1.367679
-0.152244 0.126494 1.377634
-0.163838 0.110391 1.380931
-0.175750 0.094747 1.377122
-0.186285 0.081909 1.366702
-0.193972 0.073872 1.351142
-0.197712 0.071929 1.332762
-0.107476 0.027174 1.620304
-0.105524 0.023984 1.619335
-0.105657 0.027127 1.620193
-0.107888 0.022598 1.619655
-0.099685 0.055154 1.607803
-0.104321 0.044623 1.613370
-0.102337 0.042342 1.613593
-0.101593 0.057892 1.607652
-0.099685 0.055154 1.607803
-0.102337 0.042342 1.613593
-0.097234 0.070215 1.601307
-0.092884 0.085467 1.598697
-0.098832 0.073342 1.601000
-0.097234 0.070215 1.601307
-0.093867 0.089076 1.598441
-0.092884 0.085467 1.598697
-0.080272 0.101972 1.594193
-0.080272 0.101972 1.594193
-0.080975 0.105806 1.593798
-0.106191 0.034204 1.617775
-0.104254 0.032416 1.617986
-0.105657 0.027127 1.620193
-0.105524 0.023984 1.619335
-0.104254 0.032416 1.617986
-0.119396 0.033378 1.613554
-0.119911 0.028734 1.612814
-0.119864 0.019476 1.605126
-0.120153 0.041436 1.609766
-0.120435 0.035011 1.611794
-0.118086 0.052888 1.604744
-0.114974 0.068727 1.597364
-0.110491 0.087248 1.588900
-0.101109 0.106522 1.583679
-0.085852 0.124600 1.578308
-0.085161 0.123022 1.581713
-0.067305 0.138682 1.575596
-0.064122 0.120724 1.587876
-0.046842 0.150545 1.570227
-0.047191 0.152134 1.566304
-0.086167 0.122968 1.573474
-0.101364 0.104807 1.579206
-0.119550 0.010999 1.597542
-0.105341 0.006374 1.603696
-0.107624 0.005058 1.604410
-0.107256 0.005234 1.600613
-0.105520 0.005927 1.600998
-0.119164 0.011266 1.593752
-0.120455 0.013618 1.592407
-0.120072 0.018506 1.587722
-0.118846 0.028669 1.579467
-0.115823 0.042746 1.568449
-0.116578 0.045851 1.570783
-0.116739 0.026546 1.579701
-0.100543 0.076681 1.545324
-0.112144 0.060549 1.555599
-0.101501 0.080080 1.544991
-0.110138 0.057404 1.555917
-0.081054 0.076761 1.549022
-0.085493 0.093408 1.536060
-0.094217 0.061295 1.557802
-0.086813 0.097365 1.535261
-0.113877 0.040241 1.568776
-0.099690 0.044949 1.567498
-0.102161 0.030529 1.578753
-0.104486 0.018766 1.587790
-0.106212 0.009939 1.595058
-0.102512 0.018445 1.590063
-0.104286 0.009891 1.596942
-0.104286 0.009891 1.596942
-0.102512 0.018445 1.590063
-0.105520 0.005927 1.600998
-0.105341 0.006374 1.603696
-0.100220 0.029963 1.581543
-0.100220 0.029963 1.581543
-0.000004 0.106869 1.536817
-0.022903 0.103156 1.533015
-0.000004 0.105088 1.531419
-0.044788 0.099178 1.533515
-0.023093 0.104837 1.528842
-0.022903 0.103156 1.533015
-0.044410 0.097510 1.537598
-0.000004 0.105088 1.531419
-0.000004 0.106787 1.527208
-0.080347 0.075134 1.552745
-0.063694 0.088117 1.544392
-0.044410 0.097510 1.537598
-0.097972 0.043999 1.570699
-0.093160 0.059830 1.561326
-0.093160 0.059830 1.561326
-0.097972 0.043999 1.570699
-0.080347 0.075134 1.552745
-0.068403 0.110817 1.526257
-0.087024 0.099709 1.537278
-0.069838 0.115881 1.528313
-0.047750 0.121282 1.518426
-0.024516 0.127332 1.513698
-0.000004 0.129659 1.511116
-0.000004 0.133734 1.515603
-0.064230 0.089761 1.540478
-0.063694 0.088117 1.544392
-0.044189 0.127566 1.583493
-0.022644 0.134310 1.580334
-0.044560 0.131782 1.583213
-0.022644 0.134310 1.580334
-0.022836 0.138687 1.580092
-0.044189 0.127566 1.583493
-0.063549 0.116686 1.588271
-0.063549 0.116686 1.588271
-0.023958 0.157753 1.566681
-0.000004 0.161801 1.561287
-0.024168 0.159490 1.562610
-0.000004 0.160072 1.565394
-0.000004 0.141115 1.579234
-0.000004 0.132342 1.575546
-0.000004 0.136698 1.579458
-0.000004 0.136698 1.579458
-0.000004 0.160352 1.555742
-0.000004 0.134889 1.515456
-0.024112 0.132253 1.517650
-0.047482 0.126023 1.522691
-0.065002 0.120511 1.530349
-0.062831 0.125449 1.530156
-0.064009 0.134794 1.544377
-0.024245 0.157511 1.555891
-0.062903 0.142981 1.556799
-0.065113 0.140808 1.561242
-0.068848 0.127654 1.547224
-0.072409 0.115505 1.533135
-0.072539 0.135660 1.563820
-0.076939 0.133834 1.561602
-0.076743 0.125870 1.548015
-0.076823 0.116702 1.535409
-0.090918 0.104274 1.541770
-0.104416 0.088476 1.550063
-0.112085 0.089636 1.577719
-0.113355 0.081394 1.568198
-0.113516 0.073735 1.557928
-0.112439 0.068756 1.558015
-0.121192 0.031745 1.597904
-0.121290 0.041254 1.604918
-0.119354 0.034369 1.581033
-0.120519 0.025016 1.589699
-0.122977 0.028679 1.589604
-0.122100 0.038012 1.582572
-0.123688 0.035203 1.595853
-0.123534 0.042441 1.601561
-0.114492 0.062268 1.562650
-0.113946 0.072853 1.572821
-0.117421 0.061477 1.566459
-0.120318 0.048875 1.574625
-0.120113 0.064383 1.591134
-0.117034 0.077005 1.584113
-0.113887 0.080436 1.584834
-0.122356 0.052724 1.597112
0.107467 0.027174 1.620304
0.105515 0.023984 1.619335
0.107879 0.022598 1.619655
0.105648 0.027127 1.620193
0.105333 0.006374 1.603696
0.107615 0.005058 1.604410
0.119902 0.028734 1.612814
0.119387 0.033378 1.613554
0.106182 0.034204 1.617775
0.104312 0.044623 1.613370
0.099676 0.055154 1.607803
0.102328 0.042342 1.613593
0.101584 0.057892 1.607652
0.102328 0.042342 1.613593
0.099676 0.055154 1.607803
0.097226 0.070215 1.601307
0.098823 0.073342 1.601000
0.092875 0.085467 1.598697
0.097226 0.070215 1.601307
0.093858 0.089076 1.598441
0.092875 0.085467 1.598697
0.080263 0.101972 1.594193
0.080263 0.101972 1.594193
0.080966 0.105806 1.593798
0.104245 0.032416 1.617986
0.105648 0.027127 1.620193
0.104245 0.032416 1.617986
0.105515 0.023984 1.619335
0.105333 0.006374 1.603696
0.119855 0.019476 1.605126
0.120426 0.035011 1.611794
0.120144 0.041436 1.609766
0.118518 0.051769 1.603046
0.118078 0.052888 1.604744
0.115633 0.067676 1.595504
0.114966 0.068727 1.597364
0.110483 0.087248 1.588900
0.101100 0.106522 1.583679
0.085153 0.123022 1.581713
0.085843 0.124600 1.578308
0.067296 0.138682 1.575596
0.064113 0.120724 1.587876
0.044551 0.131782 1.583213
0.046834 0.150545 1.570227
0.047183 0.152134 1.566304
0.086158 0.122968 1.573474
0.101356 0.104807 1.579206
0.119542 0.010999 1.597542
0.107247 0.005234 1.600613
0.105511 0.005927 1.600998
0.119155 0.011266 1.593752
0.120446 0.013618 1.592407
0.118302 0.016515 1.587961
0.120063 0.018506 1.587722
0.118837 0.028669 1.579467
0.115814 0.042746 1.568449
0.116569 0.045851 1.570783
0.116730 0.026546 1.579701
0.104477 0.018766 1.587790
0.106203 0.009939 1.595058
0.102153 0.030529 1.578753
0.113868 0.040241 1.568776
0.099681 0.044949 1.567498
0.110129 0.057404 1.555917
0.094208 0.061295 1.557802
0.100534 0.076681 1.545324
0.112135 0.060549 1.555599
0.101492 0.080080 1.544991
0.085484 0.093408 1.536060
0.086804 0.097365 1.535261
0.081045 0.076761 1.549022
0.104277 0.009891 1.596942
0.102503 0.018445 1.590063
0.104277 0.009891 1.596942
0.102503 0.018445 1.590063
0.105511 0.005927 1.600998
0.100211 0.029963 1.581543
0.100211 0.029963 1.581543
-0.000004 0.132342 1.575546
-0.000004 0.106869 1.536817
0.022895 0.103156 1.533015
-0.000004 0.105088 1.531419
0.044779 0.099178 1.533515
0.022895 0.103156 1.533015
0.044401 0.097510 1.537598
0.080338 0.075134 1.552745
0.063685 0.088117 1.544392
0.044401 0.097510 1.537598
0.093151 0.059830 1.561326
0.097963 0.043999 1.570699
0.093151 0.059830 1.561326
0.097963 0.043999 1.570699
0.080338 0.075134 1.552745
0.069829 0.115881 1.528313
0.087015 0.099709 1.537278
0.068394 0.110817 1.526257
0.047741 0.121282 1.518426
0.048235 0.125582 1.521110
0.024507 0.127332 1.513698
0.024689 0.131748 1.516882
0.064221 0.089761 1.540478
0.063685 0.088117 1.544392
0.044180 0.127566 1.583493
0.022635 0.134310 1.580334
0.022635 0.134310 1.580334
0.044180 0.127566 1.583493
0.022828 0.138687 1.580092
0.023949 0.157753 1.566681
0.063541 0.116686 1.588271
0.063541 0.116686 1.588271
0.024159 0.159490 1.562610
-0.000004 0.136698 1.579458
0.024103 0.132253 1.517650
0.047474 0.126023 1.522691
0.062822 0.125449 1.530156
0.064993 0.120511 1.530349
0.024236 0.157511 1.555891
0.065104 0.140808 1.561242
0.062894 0.142981 1.556799
0.068839 0.127654 1.547224
0.072401 0.115505 1.533135
0.072530 0.135660 1.563820
0.076930 0.133834 1.561602
0.076734 0.125870 1.548015
0.076814 0.116702 1.535409
0.090909 0.104274 1.541770
0.104407 0.088476 1.550063
0.111416 0.087214 1.581756
0.112076 0.089636 1.577719
0.113346 0.081394 1.568198
0.113507 0.073735 1.557928
0.121183 0.031745 1.597904
0.121281 0.041254 1.604918
0.122092 0.038012 1.582572
0.122968 0.028679 1.589604
0.119346 0.034369 1.581033
0.120510 0.025016 1.589699
0.123679 0.035203 1.595853
0.123525 0.042441 1.601561
0.114483 0.062268 1.562650
0.113937 0.072853 1.572821
0.117412 0.061477 1.566459
0.120309 0.048875 1.574625
0.120104 0.064383 1.591134
0.117025 0.077005 1.584113
0.113878 0.080436 1.584834
0.122347 0.052724 1.597112
-0.098765 0.021120 1.564288
-0.098380 -0.000589 1.563049
-0.095588 -0.029325 1.564610
-0.085984 -0.059840 1.568384
-0.087507 -0.072245 1.569348
-0.098932 -0.042047 1.564890
-0.103744 -0.012338 1.562472
-0.104166 0.011862 1.563591
-0.099117 0.032023 1.565873
-0.096320 0.042832 1.573860
-0.101187 0.043082 1.575522
-0.103807 0.027708 1.566434
-0.093712 0.052093 1.585158
-0.103744 -0.012338 1.562472
-0.104166 0.011862 1.563591
-0.093199 0.029653 1.612265
-0.097300 0.045012 1.613192
-0.099572 0.019522 1.619017
-0.091929 0.051525 1.608749
-0.097062 0.057791 1.609673
-0.092610 0.060755 1.607479
-0.096018 -0.004637 1.619683
-0.102672 -0.019164 1.628327
-0.094267 -0.046217 1.630700
-0.096142 -0.059216 1.639975
-0.079521 -0.079755 1.641336
-0.079173 -0.089400 1.650680
-0.092511 0.059576 1.597619
-0.103002 0.049348 1.611797
-0.107432 0.039243 1.612915
-0.104044 0.034762 1.616425
-0.109126 0.025189 1.616772
-0.097300 0.045012 1.613192
-0.097062 0.057791 1.609673
-0.097497 0.059608 1.598891
-0.111931 -0.005094 1.624144
-0.111273 -0.046580 1.634960
-0.106505 0.006496 1.623751
-0.109500 0.019172 1.568148
-0.113055 0.010479 1.570282
-0.113601 -0.003994 1.569411
-0.111925 -0.030083 1.570658
-0.103527 -0.061152 1.574643
-0.090631 -0.090990 1.579720
-0.103807 0.027708 1.566434
-0.101187 0.043082 1.575522
-0.098636 0.052298 1.586619
-0.098636 0.052298 1.586619
-0.097497 0.059608 1.598891
-0.108152 -0.034716 1.634069
-0.096873 -0.072054 1.645283
-0.097446 -0.081555 1.645233
-0.079570 -0.099280 1.655605
-0.080388 -0.106581 1.654701
-0.094639 -0.089037 1.612373
-0.098932 -0.042047 1.564890
-0.087507 -0.072245 1.569348
-0.078201 -0.115399 1.583401
-0.076644 -0.109079 1.577394
-0.066832 -0.134857 1.585317
-0.065106 -0.128732 1.579048
-0.052836 -0.144626 1.580263
-0.099572 0.019522 1.619017
-0.062076 -0.101775 1.651281
-0.049697 -0.118724 1.657353
-0.067433 -0.132985 1.624807
-0.079772 -0.113735 1.619472
-0.042348 -0.161228 1.588480
-0.000004 -0.142592 1.674720
-0.017973 -0.133035 1.665799
-0.019593 -0.140185 1.674907
-0.000004 -0.136734 1.666442
-0.043016 -0.158682 1.632401
-0.040902 -0.165635 1.608959
-0.041343 -0.162617 1.633322
-0.042524 -0.161596 1.608407
-0.074579 -0.098925 1.573691
-0.072983 -0.088138 1.573063
-0.062554 -0.119269 1.575937
-0.060314 -0.109917 1.576619
-0.047838 -0.125939 1.578928
-0.050288 -0.135106 1.577397
-0.050288 -0.135106 1.577397
-0.062554 -0.119269 1.575937
-0.033880 -0.137828 1.580931
-0.036073 -0.147240 1.578956
-0.074579 -0.098925 1.573691
-0.102672 -0.019164 1.628327
-0.096142 -0.059216 1.639975
-0.079173 -0.089400 1.650680
-0.063866 -0.108625 1.661659
-0.063866 -0.108625 1.661659
-0.051434 -0.124415 1.664426
-0.034795 -0.127757 1.663096
-0.036547 -0.134221 1.671569
-0.021112 -0.149081 1.676859
-0.000004 -0.142592 1.674720
-0.019593 -0.140185 1.674907
-0.000004 -0.151351 1.677640
-0.067287 -0.124622 1.662525
-0.053334 -0.132238 1.670066
-0.055367 -0.139211 1.668309
-0.039040 -0.142727 1.674345
-0.043080 -0.147590 1.671522
-0.022086 -0.156501 1.675018
-0.036547 -0.134221 1.671569
-0.051434 -0.124415 1.664426
-0.083126 -0.113726 1.634706
-0.072201 -0.133617 1.641597
-0.046670 -0.157677 1.634987
-0.048581 -0.155491 1.649044
-0.047854 -0.150411 1.661838
-0.038310 -0.157069 1.581800
-0.040778 -0.165376 1.597178
-0.020592 -0.165321 1.583320
-0.000004 -0.168281 1.583934
-0.047064 -0.158324 1.626214
-0.055373 -0.148902 1.629329
-0.041763 -0.159163 1.649498
-0.043471 -0.155335 1.648366
-0.000004 -0.148304 1.583321
-0.017730 -0.145575 1.582698
-0.019177 -0.155232 1.580480
-0.000004 -0.158068 1.581058
-0.019177 -0.155232 1.580480
-0.036073 -0.147240 1.578956
-0.000004 -0.158068 1.581058
-0.000004 -0.158838 1.675784
-0.041614 -0.154431 1.664611
0.098756 0.021120 1.564288
0.098371 -0.000589 1.563049
0.095579 -0.029325 1.564610
0.085975 -0.059840 1.568384
0.098923 -0.042047 1.564890
0.087498 -0.072245 1.569348
0.103735 -0.012338 1.562472
0.104157 0.011862 1.563591
0.099108 0.032023 1.565873
0.096311 0.042832 1.573860
0.101178 0.043082 1.575522
0.103798 0.027708 1.566434
0.093703 0.052093 1.585158
0.103735 -0.012338 1.562472
0.104157 0.011862 1.563591
0.097291 0.045012 1.613192
0.093190 0.029653 1.612265
0.099564 0.019522 1.619017
0.091920 0.051525 1.608749
0.097054 0.057791 1.609673
0.092601 0.060755 1.607479
0.096009 -0.004637 1.619683
0.102663 -0.019164 1.628327
0.096133 -0.059216 1.639975
0.094259 -0.046217 1.630700
0.079164 -0.089400 1.650680
0.079512 -0.079755 1.641336
0.092502 0.059576 1.597619
0.102993 0.049348 1.611797
0.107424 0.039243 1.612915
0.104035 0.034762 1.616425
0.109117 0.025189 1.616772
0.097291 0.045012 1.613192
0.097054 0.057791 1.609673
0.097488 0.059608 1.598891
0.111922 -0.005094 1.624144
0.111264 -0.046580 1.634960
0.106497 0.006496 1.623751
0.109491 0.019172 1.568148
0.113046 0.010479 1.570282
0.113593 -0.003994 1.569411
0.111916 -0.030083 1.570658
0.103518 -0.061152 1.574643
0.090623 -0.090990 1.579720
0.103798 0.027708 1.566434
0.101178 0.043082 1.575522
0.098627 0.052298 1.586619
0.098627 0.052298 1.586619
0.097488 0.059608 1.598891
0.108143 -0.034716 1.634069
0.097437 -0.081555 1.645233
0.096864 -0.072054 1.645283
0.079561 -0.099280 1.655605
0.080379 -0.106581 1.654701
0.094631 -0.089037 1.612373
0.098923 -0.042047 1.564890
0.087498 -0.072245 1.569348
0.078192 -0.115399 1.583401
0.076635 -0.109079 1.577394
0.066823 -0.134857 1.585317
0.065097 -0.128732 1.579048
0.052828 -0.144626 1.580263
0.099564 0.019522 1.619017
0.062067 -0.101775 1.651281
0.049688 -0.118724 1.657353
0.079763 -0.113735 1.619472
0.067424 -0.132985 1.624807
0.042339 -0.161228 1.588480
0.019584 -0.140185 1.674907
0.017964 -0.133035 1.665799
0.043008 -0.158682 1.632401
0.040893 -0.165635 1.608959
0.042515 -0.161596 1.608407
0.041335 -0.162617 1.633322
0.072974 -0.088138 1.573063
0.074570 -0.098925 1.573691
0.060305 -0.109917 1.576619
0.062545 -0.119269 1.575937
0.047829 -0.125939 1.578928
0.050279 -0.135106 1.577397
0.050279 -0.135106 1.577397
0.062545 -0.119269 1.575937
0.033871 -0.137828 1.580931
0.036064 -0.147240 1.578956
0.074570 -0.098925 1.573691
0.102663 -0.019164 1.628327
0.096133 -0.059216 1.639975
0.079164 -0.089400 1.650680
0.063857 -0.108625 1.661659
0.063857 -0.108625 1.661659
0.065385 -0.117762 1.664030
0.051425 -0.124415 1.664426
0.034787 -0.127757 1.663096
0.036538 -0.134221 1.671569
0.021103 -0.149081 1.676859
0.019584 -0.140185 1.674907
0.067278 -0.124622 1.662525
0.053325 -0.132238 1.670066
0.055358 -0.139211 1.668309
0.043071 -0.147590 1.671522
0.022077 -0.156501 1.675018
0.036538 -0.134221 1.671569
0.051425 -0.124415 1.664426
0.083117 -0.113726 1.634706
0.072192 -0.133617 1.641597
0.046661 -0.157677 1.634987
0.048572 -0.155491 1.649044
0.047845 -0.150411 1.661838
0.038301 -0.157069 1.581800
0.040769 -0.165376 1.597178
0.020583 -0.165321 1.583320
0.055364 -0.148902 1.629329
0.047055 -0.158324 1.626214
0.041754 -0.159163 1.649498
0.043462 -0.155335 1.648366
0.017722 -0.145575 1.582698
0.019168 -0.155232 1.580480
0.019168 -0.155232 1.580480
0.036064 -0.147240 1.578956
0.041605 -0.154431 1.664611
0.174879 -0.054941 1.583947
0.172368 -0.049086 1.582868
0.170800 -0.050244 1.579485
0.173270 -0.056099 1.580592
0.116021 -0.043057 1.600589
0.111726 -0.049268 1.599839
0.114907 -0.044023 1.596964
0.112835 -0.048323 1.603461
0.122211 -0.041158 1.607801
0.171937 -0.046151 1.591742
0.175558 0.011732 1.554357
0.172581 0.011677 1.551098
0.174355 0.013106 1.554273
0.173782 0.010304 1.551181
0.173967 0.011827 1.562462
0.172762 0.012218 1.563862
0.177919 -0.014385 1.585665
0.176900 -0.013818 1.587111
0.119299 0.024664 1.582570
0.120132 0.023569 1.583898
0.118254 0.023897 1.583685
0.122730 -0.006681 1.606676
0.124522 -0.006556 1.607085
0.111792 0.026244 1.578621
0.113017 0.027178 1.577643
0.121621 -0.045769 1.613354
0.121761 -0.044782 1.617089
0.120007 -0.044948 1.616407
0.174157 -0.050870 1.596200
0.176995 -0.050405 1.597466
0.176092 -0.049874 1.599089
0.121573 -0.043165 1.618166
0.177137 -0.048328 1.599633
0.119831 -0.043252 1.617723
0.109106 -0.047993 1.604387
0.108020 -0.046524 1.604648
0.179244 -0.054194 1.582090
0.178220 -0.048770 1.598268
0.177960 -0.055336 1.582797
0.106947 -0.047454 1.601006
0.108099 -0.048867 1.600973
0.110494 0.024850 1.575200
0.111720 0.025784 1.574221
0.176401 -0.056449 1.579612
0.177596 -0.055368 1.578755
0.111203 -0.010770 1.594442
0.110018 -0.011931 1.590910
0.176116 -0.022247 1.566102
0.177828 -0.020944 1.569357
-0.174879 -0.054941 1.583947
-0.170800 -0.050244 1.579485
-0.172368 -0.049086 1.582868
-0.173270 -0.056099 1.580592
-0.116021 -0.043057 1.600589
-0.114907 -0.044023 1.596964
-0.111726 -0.049268 1.599839
-0.112835 -0.048323 1.603461
-0.122211 -0.041158 1.607801
-0.171937 -0.046151 1.591742
-0.172581 0.011677 1.551098
-0.175558 0.011732 1.554357
-0.174355 0.013106 1.554273
-0.173782 0.010304 1.551181
-0.173967 0.011827 1.562462
-0.172762 0.012218 1.563862
-0.177919 -0.014385 1.585665
-0.176900 -0.013818 1.587111
-0.119299 0.024664 1.582570
-0.120132 0.023569 1.583898
-0.122730 -0.006681 1.606676
-0.118254 0.023897 1.583685
-0.124522 -0.006556 1.607085
-0.113017 0.027178 1.577643
-0.111792 0.026244 1.578621
-0.121621 -0.045769 1.613354
-0.120007 -0.044948 1.616407
-0.121761 -0.044782 1.617089
-0.174157 -0.050870 1.596200
-0.176092 -0.049874 1.599089
-0.176995 -0.050405 1.597466
-0.121573 -0.043165 1.618166
-0.177137 -0.048328 1.599633
-0.119831 -0.043252 1.617723
-0.109106 -0.047993 1.604387
-0.108020 -0.046524 1.604648
-0.179244 -0.054194 1.582090
-0.177960 -0.055336 1.582797
-0.178220 -0.048770 1.598268
-0.106947 -0.047454 1.601006
-0.108099 -0.048867 1.600973
-0.110494 0.024850 1.575200
-0.111720 0.025784 1.574221
-0.177596 -0.055368 1.578755
-0.176401 -0.056449 1.579612
-0.111203 -0.010770 1.594442
-0.110018 -0.011931 1.590910
-0.176116 -0.022247 1.566102
-0.177828 -0.020944 1.569357
0 1
2 3
4 6
5 7
8 9
10 11
14 15
4 5
6 7
12 15
13 14
16 18
17 19
20 23
21 22
0 3
1 2
8 11
9 10
16 17
18 19
20 22
21 23
605 611
608 634
1256 1263
1260 1286
1938 1970
1890 1921
1929 1933
1881 1885
1910 1911
1959 1960
1955 1957
1905 1909
1953 1956
1904 1907
1887 1888
1936 1937
609 634
632 633
1284 1285
286 288
938 940
1261 1287
335 336
422 423
987 988
1075 1076
1403 1442
1561 1562
627 628
1279 1280
628 629
1280 1281
612 613
1241 1242
1264 1265
1780 1783
1651 1653
950 951
298 299
1794 1795
1665 1666
589 590
613 614
1241 1243
1265 1266
496 497
1796 1808
1667 1679
1717 1718
1844 1845
250 251
901 903
566 568
1219 1220
565 567
1218 1221
1242 1250
1262 1264
588 597
610 612
1679 1680
1808 1810
288 291
300 301
940 943
574 575
1227 1229
997 998
346 347
353 354
1902 1924
1952 1973
1920 1925
1969 1974
1647 1652
1776 1781
1246 1247
593 594
509 510
1162 1163
226 322
878 974
903 1064
1067 1068
251 411
390 394
1043 1047
225 323
877 975
996 999
344 345
1666 1681
1795 1809
1041 1066
388 413
1899 1900
1948 1949
943 949
953 959
291 297
888 890
236 239
1901 1910
1950 1959
1900 1912
1948 1961
57 69
89 90
710 722
741 742
1947 1950
1898 1901
1783 1785
1653 1655
387 412
1040 1065
312 313
964 965
305 306
956 958
299 306
950 958
320 353
347 349
971 1005
998 1000
449 452
481 484
1102 1105
1134 1137
70 71
1918 1925
1967 1974
302 303
942 948
954 957
315 321
967 973
1896 1911
1945 1960
623 624
1275 1276
324 325
976 977
1944 1966
1895 1916
552 587
610 611
1206 1240
1262 1263
303 304
954 955
606 633
1259 1285
296 297
303 307
948 949
954 959
1782 1784
1845 1846
1654 1656
1718 1719
556 557
1209 1210
103 104
755 756
1889 1927
1939 1976
775 777
122 124
1892 1926
1941 1975
367 369
1020 1022
553 594
1205 1246
368 370
1021 1023
630 631
1282 1283
557 566
1210 1219
555 565
1208 1218
585 586
617 618
1238 1239
1269 1270
920 939
963 964
718 719
65 67
104 105
1893 1895
1942 1944
1775 1780
1645 1651
1894 1896
1943 1945
194 195
845 847
124 125
777 778
347 348
998 1001
198 202
850 854
977 978
325 326
332 355
1274 1275
629 630
1281 1282
424 425
985 1011
1077 1078
1237 1238
1270 1271
584 585
618 619
1810 1811
1680 1682
315 316
967 968
599 601
1257 1283
1258 1284
604 631
607 632
26 27
681 682
973 974
1254 1255
602 603
493 498
1145 1152
928 929
276 277
752 753
100 101
267 268
53 54
705 707
119 123
772 776
74 76
726 728
1672 1673
1801 1802
506 507
1159 1160
262 266
915 918
912 917
679 680
28 29
1763 1764
1814 1815
1634 1635
1685 1686
845 846
975 976
323 324
370 371
1023 1024
73 74
725 726
278 279
621 622
101 102
753 754
1761 1762
1632 1633
203 314
855 966
705 706
772 773
119 120
65 192
718 844
853 854
201 202
926 932
275 280
265 274
917 925
1681 1683
1809 1812
924 933
273 281
503 504
1156 1157
63 66
716 720
93 94
745 746
965 966
313 314
1633 1707
1762 1833
45 540
698 1193
366 367
1159 1161
506 508
1235 1237
1271 1272
582 584
619 620
1019 1021
924 927
272 273
1661 1665
1790 1794
93 95
745 747
395 398
1048 1052
625 626
1277 1278
276 281
929 933
568 570
1220 1222
934 938
282 286
567 569
1221 1223
266 272
918 927
435 436
467 468
1088 1089
1120 1121
103 112
755 765
102 112
754 765
121 122
774 775
591 592
615 616
1244 1245
1267 1268
626 627
1278 1279
447 461
479 491
1100 1114
1132 1144
369 372
1022 1025
58 68
712 721
44 48
697 701
120 121
773 774
1772 1814
1635 1636
1643 1685
1172 1175
519 522
288 334
300 333
940 986
952 985
274 275
925 926
310 311
962 963
1686 1716
1764 1834
1815 1843
919 921
267 269
554 581
1207 1234
278 280
930 932
1785 1822
1655 1693
501 502
1154 1155
747 764
394 396
1047 1049
521 523
1173 1176
1813 1824
1684 1696
236 245
888 896
260 263
912 914
593 595
1247 1248
352 355
1004 1007
105 107
758 760
1243 1244
1266 1267
590 591
614 615
1660 1667
1789 1796
289 296
941 948
434 435
466 467
1087 1088
1119 1120
27 30
681 684
603 622
1255 1273
988 995
1074 1075
336 343
421 422
29 31
680 683
541 542
894 1167
1194 1195
1631 1632
1760 1761
309 310
961 962
346 561
997 1214
1006 1212
26 52
682 706
1063 1113
1065 1114
409 460
412 461
334 335
423 424
986 987
1076 1077
1154 1156
501 503
708 710
740 741
55 57
88 89
433 434
465 466
1086 1087
1118 1119
91 111
744 764
624 625
1276 1277
25 36
678 689
452 453
484 485
1105 1106
1137 1138
507 512
1160 1165
232 235
884 887
298 332
951 984
761 762
109 110
1049 1051
396 400
51 54
704 707
582 583
598 620
1235 1236
1252 1272
344 563
999 1217
287 291
939 943
1802 1816
1673 1687
586 592
616 617
1268 1269
547 548
955 960
304 308
232 234
884 886
1211 1213
558 560
405 458
407 459
1058 1111
1060 1112
30 32
269 270
921 922
75 76
727 728
98 100
751 752
496 498
1149 1152
309 320
318 319
970 972
31 33
683 686
1784 1847
1846 1848
1656 1720
1719 1721
502 508
1155 1161
144 145
233 548
885 1201
258 264
328 329
980 981
1646 1647
1662 1692
1774 1776
1791 1821
1799 1800
1670 1671
1231 1232
577 579
316 317
968 969
330 331
982 983
509 511
91 92
743 744
358 359
425 426
1010 1011
1017 1018
365 366
576 578
1228 1230
282 283
934 935
56 59
86 87
709 711
738 739
123 132
776 785
326 327
978 979
342 343
420 421
994 995
1073 1074
714 715
61 62
215 216
249 251
867 868
902 903
1833 1835
1707 1709
575 577
1229 1231
578 580
1230 1233
1421 1422
1576 1577
338 339
416 417
990 991
1069 1070
270 271
922 923
1106 1108
1138 1139
453 455
485 486
931 942
530 533
1184 1186
551 553
1204 1205
58 59
711 712
176 190
828 842
916 923
264 271
190 191
1424 1425
1425 1581
175 176
827 828
1002 1003
350 351
38 39
691 692
1595 1596
1580 1582
106 107
759 760
1384 1389
1550 1552
560 587
564 597
1213 1240
1216 1250
317 318
969 970
174 175
826 827
128 129
781 782
1830 1832
1703 1704
1363 1364
1521 1523
1552 1578
1389 1420
129 231
782 883
1423 1424
1579 1581
1367 1439
1527 1593
1578 1579
1420 1423
1733 1749
1858 1873
134 191
787 843
779 781
1445 1452
1445 1599
1368 1369
1528 1529
1446 1595
1446 1447
786 787
133 134
135 231
1382 1387
1548 1551
397 398
1052 1053
1438 1439
1438 1593
1361 1362
1520 1522
1523 1526
1364 1366
1526 1590
1366 1437
1426 1595
1426 1447
149 174
803 826
1636 1637
1643 1644
1765 1766
1772 1773
283 284
935 936
127 133
780 786
327 329
979 981
1829 1831
1437 1440
1440 1590
135 137
788 789
126 127
531 532
1183 1185
504 505
1157 1158
1546 1548
1382 1385
146 410
799 1062
795 796
142 143
793 803
140 149
789 793
137 140
94 96
284 285
936 937
913 915
261 262
1834 1836
1706 1708
1713 1716
1737 1738
1862 1863
1183 1188
531 535
1812 1855
1683 1729
1510 1511
1330 1371
1351 1400
1695 1696
1824 1825
982 1028
330 376
909 910
257 259
146 216
799 868
533 534
106 110
759 761
351 352
1003 1004
382 386
1036 1039
248 250
256 257
900 901
907 909
1347 1365
1506 1524
1485 1488
1332 1372
1407 1411
308 360
960 1012
1198 1199
545 546
546 547
1199 1200
989 990
1068 1069
337 338
414 416
399 400
1050 1051
1858 1859
1733 1734
518 521
1171 1173
1085 1086
1117 1118
432 433
1345 1436
1346 1435
1505 1591
1404 1405
1408 1410
1410 1566
1563 1564
248 252
256 293
900 905
907 944
1431 1433
1525 1589
389 390
1441 1589
1433 1441
714 717
1524 1525
1365 1431
1553 1583
1386 1427
1406 1407
348 350
1001 1002
1817 1819
1688 1690
1429 1430
1432 1434
1585 1586
1587 1588
1430 1443
1432 1444
1444 1587
1586 1594
519 520
1172 1174
1585 1592
1588 1591
1429 1436
227 228
879 880
1568 1569
1575 1584
1412 1413
1419 1428
1563 1570
1566 1567
1404 1414
1408 1409
1406 1427
1565 1583
340 341
418 419
992 993
1071 1072
1687 1689
1816 1818
239 241
890 893
339 340
417 418
991 992
1070 1071
1409 1428
1413 1414
1567 1584
1569 1570
139 141
792 794
708 709
739 740
55 56
87 88
219 223
871 874
382 384
1036 1037
1608 1609
1461 1462
226 227
878 879
1538 1549
1379 1383
1757 1859
1734 1757
341 342
419 420
993 994
1072 1073
1645 1648
1775 1777
357 361
428 429
1008 1013
1081 1082
874 877
223 225
1386 1388
1547 1553
1519 1520
1360 1361
1421 1456
1385 1390
1544 1546
1759 1760
1630 1631
1568 1571
1573 1575
1412 1416
1417 1419
217 222
870 875
677 678
222 224
875 876
881 882
1343 1347
1502 1506
544 545
1197 1198
1042 1044
374 375
1027 1029
1133 1134
448 449
480 481
510 513
1163 1166
50 51
703 704
363 364
1015 1016
1500 1505
1503 1504
1340 1346
1725 1728
1728 1853
356 358
1009 1010
1079 1080
277 289
928 941
381 383
1034 1035
220 221
872 873
1368 1457
1528 1604
228 229
217 218
869 870
356 357
427 428
1008 1009
1080 1081
364 377
1015 1030
1359 1360
1744 1745
1745 1869
1107 1108
454 455
486 487
92 108
743 763
1146 1147
492 494
896 898
914 947
245 246
263 295
246 252
293 295
898 905
944 947
645 647
1297 1299
1695 1747
1825 1870
384 393
1037 1046
219 220
871 872
1835 1837
1709 1710
1529 1610
636 638
1289 1290
254 258
906 911
1303 1306
652 654
643 644
664 665
1295 1296
1316 1317
1720 1722
1721 1736
1847 1850
1848 1861
642 643
663 664
1294 1295
1315 1316
385 387
1038 1040
372 373
1025 1026
1819 1820
1690 1691
655 656
671 672
1307 1308
1323 1324
480 482
1101 1103
1133 1135
1708 1711
1712 1713
1836 1838
1839 1840
383 385
1035 1038
656 657
672 673
1308 1309
1324 1325
790 791
647 649
644 646
665 666
1296 1298
1317 1318
1697 1705
1826 1831
1596 1598
1448 1449
1291 1294
639 642
661 663
649 652
1301 1303
638 641
1290 1293
850 851
198 199
641 660
1293 1312
67 83
719 735
1305 1307
1322 1323
653 655
670 671
1849 1856
1545 1547
1698 1700
1726 1727
1698 1827
1726 1854
1855 1857
1729 1731
444 445
1097 1098
1129 1130
255 294
908 946
906 908
254 255
657 658
673 674
1309 1310
1867 1869
1742 1744
847 848
195 196
391 392
1044 1045
32 35
685 688
1298 1300
1318 1319
646 648
666 667
446 447
478 479
1099 1100
1131 1132
798 799
145 146
1754 1756
1753 1875
1756 1876
147 148
800 801
1056 1057
661 662
1313 1314
651 653
669 670
1304 1305
1321 1322
1722 1724
1735 1736
1850 1852
1860 1861
1691 1742
1820 1867
658 659
1310 1311
1326 1327
667 668
1300 1302
1319 1320
1462 1465
1609 1613
1415 1416
1417 1418
1571 1572
1573 1574
796 800
142 147
650 651
668 669
1302 1304
1320 1321
1602 1603
1455 1456
1097 1099
1129 1131
444 446
476 478
1288 1292
1314 1328
637 640
534 536
1187 1189
640 659
675 676
1292 1311
1327 1328
1711 1715
1712 1755
1838 1842
1839 1877
1842 1875
1715 1752
1754 1755
801 873
148 221
430 431
462 463
1083 1084
1115 1116
36 37
689 690
71 73
723 725
1391 1392
1543 1545
1837 1841
1539 1622
1380 1475
136 139
790 792
397 402
1053 1056
431 440
463 472
1084 1093
1699 1701
1701 1828
1823 1851
1694 1723
1827 1852
1854 1860
1700 1724
1727 1735
1730 1732
563 579
1217 1232
1378 1379
1537 1538
1188 1190
1640 1641
1674 1675
1769 1770
1803 1804
1714 1751
1841 1874
1103 1104
1135 1136
450 451
482 483
1750 1751
1750 1874
1912 1914
1961 1963
138 230
791 882
1401 1418
1559 1574
1560 1572
1515 1517
1828 1851
1699 1723
1054 1055
401 403
1381 1390
1358 1359
1516 1518
971 1014
1000 1013
320 362
349 361
436 437
468 469
1089 1090
1121 1122
287 288
939 940
1057 1061
404 408
562 580
1215 1233
913 945
261 292
292 294
945 946
204 206
542 543
856 858
1195 1196
1150 1153
517 543
858 860
1170 1196
1915 1916
1964 1966
1034 1045
381 392
1336 1341
1495 1499
49 516
78 207
702 1169
730 859
378 379
686 687
1189 1192
536 539
526 539
1179 1192
1499 1502
1341 1343
528 538
1182 1191
1497 1498
1333 1342
1337 1339
1704 1748
1832 1872
24 28
677 679
1954 1962
1906 1913
204 205
240 242
856 857
373 374
1026 1027
1702 1749
810 835
156 183
1033 1063
380 409
731 832
80 179
205 212
237 240
889 892
399 403
1050 1055
1190 1191
537 538
1766 1770
1637 1641
442 443
474 475
1095 1096
1127 1128
209 211
238 243
861 863
891 895
1339 1344
1340 1342
1498 1503
1500 1501
181 183
834 835
1829 1870
1702 1747
207 208
516 517
859 860
1169 1170
179 181
832 834
377 378
1030 1031
178 180
829 831
1748 1758
1872 1878
210 213
244 247
862 865
897 899
470 471
1091 1092
1123 1124
155 158
808 811
1605 1606
1458 1459
77 80
729 731
1166 1168
807 836
154 184
209 210
243 244
861 862
895 897
1606 1607
1459 1460
1093 1094
1125 1126
440 441
472 473
160 162
813 815
186 187
838 839
214 215
249 253
866 867
902 904
155 156
808 810
182 184
833 836
1908 1917
1958 1965
811 813
158 160
177 178
169 189
821 841
213 214
247 253
865 866
899 904
180 182
831 833
188 189
840 841
1477 1478
1624 1625
817 818
1731 1733
1857 1858
162 164
815 817
441 442
473 474
1094 1095
1126 1127
166 167
818 819
445 451
477 483
1098 1104
1130 1136
157 159
809 812
807 809
839 840
187 188
1541 1543
1392 1393
1531 1533
1373 1375
1370 1372
1488 1530
241 514
893 1167
1016 1017
363 365
1451 1453
161 163
814 816
520 527
1174 1180
1768 1771
1639 1642
159 161
812 814
150 151
802 804
168 169
820 821
1479 1480
1626 1627
492 495
1146 1148
185 200
837 852
360 499
1012 1151
152 153
805 806
1492 1495
518 529
1171 1181
172 173
824 825
1475 1476
1622 1623
1659 1661
1788 1790
1769 1806
1804 1805
1640 1677
1675 1676
797 819
171 172
823 824
163 165
820 822
168 170
1642 1657
1771 1786
143 152
795 805
1032 1033
1555 1559
1557 1560
1395 1401
1398 1402
1798 1799
1669 1670
1864 1865
1739 1740
170 171
822 823
1793 1805
1664 1676
1107 1110
1140 1141
454 457
487 488
1493 1494
1496 1497
1333 1335
1337 1338
1476 1481
1623 1628
456 457
1109 1110
1141 1142
153 165
151 173
804 825
863 864
889 891
211 212
237 238
794 802
141 150
493 494
1145 1147
401 407
1865 1866
1740 1741
1638 1639
1767 1768
523 525
1176 1178
82 85
724 771
430 432
462 464
1083 1085
1115 1117
1616 1625
1472 1478
437 438
469 470
1122 1123
1886 1904
1935 1953
185 186
837 838
1626 1629
1479 1482
1774 1778
1791 1792
1646 1649
1662 1663
1536 1537
1377 1378
443 460
475 491
1096 1113
1535 1540
69 72
85 90
722 724
736 742
735 737
830 849
1879 1907
1928 1956
598 600
1251 1252
1464 1465
1612 1613
1618 1619
1469 1470
1514 1516
1356 1358
1611 1612
1463 1464
729 737
77 84
289 290
196 197
848 849
331 406
983 1059
261 263
913 914
1248 1249
595 596
702 703
730 732
49 50
78 79
1489 1512
1354 1355
526 529
1179 1181
1614 1615
1467 1468
1109 1112
1142 1143
456 459
489 490
63 88
716 740
1703 1743
1830 1868
1223 1225
569 571
1616 1617
1471 1472
522 524
1393 1394
1541 1542
199 200
851 852
319 320
971 972
1491 1492
1334 1348
1512 1530
1355 1370
1621 1629
1474 1482
1733 1741
1858 1866
39 42
692 696
1395 1396
1397 1398
1556 1557
1787 1788
1658 1659
1630 1638
1759 1767
1335 1349
1338 1352
1494 1507
1496 1509
113 601
766 1253
1649 1678
1778 1807
527 528
1180 1182
81 82
117 118
733 734
770 771
1467 1470
1614 1619
691 697
38 44
1658 1663
1787 1792
1224 1226
572 573
551 552
634 635
1204 1206
1286 1287
40 43
43 47
695 700
1650 1678
1779 1807
1779 1786
1650 1657
1858 1878
1826 1868
1697 1743
1932 1936
1883 1887
868 1062
216 410
413 415
942 1158
957 1153
290 505
302 500
1668 1669
1797 1798
694 698
41 45
409 410
412 413
1062 1063
1065 1066
1930 1937
1880 1888
1214 1217
1777 1779
1648 1650
1058 1059
1060 1061
405 406
407 408
1014 1059
1061 1082
362 406
408 429
1620 1621
1471 1473
1617 1620
1029 1058
375 405
60 86
906 909
254 257
562 564
1215 1216
298 300
951 952
257 337
909 989
1899 1902
1949 1952
68 71
721 723
798 868
145 216
1946 1951
1897 1903
1092 1111
1124 1143
439 458
471 490
1889 1893
1939 1942
1203 1225
113 116
766 768
348 349
1000 1001
376 406
1028 1059
767 769
1147 1148
114 115
494 495
1702 1746
1829 1871
1531 1542
1373 1394
1936 1953
1887 1904
109 233
762 885
60 62
713 715
1937 1956
1888 1907
1376 1377
1534 1536
1884 1885
1933 1934
1513 1514
1356 1357
35 47
688 700
955 957
302 304
42 46
696 699
1881 1882
1929 1931
687 699
34 46
1638 1641
1767 1770
131 193
784 846
132 193
785 846
695 696
757 758
1486 1507
1508 1509
1331 1349
1350 1352
1442 1443
1561 1594
1374 1396
1397 1399
1532 1554
1556 1558
1649 1650
1778 1779
26 28
679 682
1403 1405
1562 1564
1167 1168
1178 1194
514 515
525 541
1193 1194
540 541
1453 1454
1600 1601
1449 1450
1597 1598
1177 1178
1604 1605
1457 1458
234 550
886 1203
1456 1460
1603 1607
1465 1466
530 532
1184 1185
132 201
785 853
245 511
263 512
896 1164
914 1165
1475 1477
544 549
1197 1202
758 778
105 125
48 525
701 1178
1610 1611
1353 1354
1489 1490
1480 1481
1627 1628
1483 1485
1329 1332
37 530
690 1184
1702 1739
1829 1864
549 596
1202 1249
105 235
758 887
750 751
98 99
1617 1619
1470 1471
225 226
877 878
980 983
328 331
96 97
748 749
1468 1474
1615 1621
131 132
784 785
50 117
79 81
732 733
108 109
762 763
64 192
717 844
1951 1970
1903 1921
1902 1920
1952 1969
1932 1933
1883 1885
1890 1891
1938 1940
1914 1918
1963 1967
1889 1892
1939 1941
1880 1881
1929 1930
1884 1886
1934 1935
1964 1971
1915 1923
1879 1882
1928 1931
44 45
697 698
1370 1375
1488 1531
1372 1373
1917 1922
1965 1972
39 40
692 693
1913 1919
1962 1968
778 887
125 235
792 796
139 142
319 328
1882 1922
1931 1972
1330 1331
1350 1351
1484 1486
1508 1510
38 41
691 694
1375 1376
1533 1534
62 130
715 783
1330 1332
1484 1485
1371 1374
1399 1400
1487 1532
1511 1558
1371 1372
1487 1488
52 73
706 725
1145 1151
493 499
1908 1909
1957 1958
98 131
751 784
1531 1532
1373 1374
1905 1906
1954 1955
1889 1891
1939 1940
1920 1921
1969 1970
1890 1892
1938 1941
1922 1923
1971 1972
1918 1919
1967 1968
1329 1331
1483 1486
562 563
1215 1217
1959 1961
1910 1912
97 130
749 783
1146 1152
492 498
1214 1216
559 560
561 564
604 605
607 608
1256 1257
1258 1260
600 602
1251 1254
606 609
1259 1261
115 598
494 583
769 1252
1147 1236
1253 1255
