2642431071307078260 1199 600
-11.266485 -0.071297 -0.091691
10.671272 0.033310 0.143271
-0.527603 3.978122 15.132001
-1.303982 1.188959 14.428105
-11.064806 -0.470375 5.819433
-9.731690 0.177389 7.443407
-3.905155 -2.488330 2.948665
-5.811420 -2.013059 2.801161
9.591684 -1.822787 2.645560
10.030081 -1.771855 2.535163
7.419710 -1.337834 15.290548
7.699024 -1.211025 15.185007
-3.341054 -2.505994 19.260456
-3.167459 -2.634875 19.169157
-1.252707 0.190709 20.942865
-1.212337 0.000347 21.199133
1.671746 -3.712556 18.048212
1.974974 -3.500314 18.097240
6.418137 -0.245356 16.035019
6.261950 -0.110512 16.014505
-4.691392 -1.554064 18.625128
-3.032592 -2.549344 19.489584
-6.280899 -1.284630 3.250394
-8.114202 -0.913729 3.790896
0.128556 2.157871 8.324930
-0.413850 2.084924 6.619704
-5.082612 0.000480 12.803005
-5.398045 -0.000021 12.426773
6.133862 -0.099726 15.301879
7.177884 -0.299177 15.265920
8.575850 0.488241 15.969506
9.055140 1.243238 16.380144
1.850810 -0.361374 17.528505
2.501995 1.735298 17.101789
3.292315 2.183053 16.592377
3.648951 1.727428 16.537378
-1.286238 1.846205 17.847620
-0.965230 2.178542 17.895718
-0.866056 -2.240528 17.756779
-0.847808 -2.452365 16.972509
-3.664867 3.514264 0.068601
-2.808068 3.851057 0.064895
-10.759273 0.693741 4.325790
-10.467455 0.790416 3.031730
1.306228 -5.499996 13.568816
1.902937 -5.477174 12.853201
10.244388 -0.000000 3.943135
10.227656 0.265147 3.936564
-5.103148 0.000004 15.228069
-4.456420 0.000004 15.088476
7.237970 1.181547 15.599615
7.388552 1.133791 15.531965
-3.741477 -2.288188 18.086132
-5.614664 -0.491061 18.760849
-5.616158 0.443121 18.879498
-5.615834 0.232648 18.852768
0.092186 -1.440444 16.123894
0.032509 -1.849910 16.184998
-0.926131 0.799469 18.135632
-0.676706 0.822026 17.774567
3.389380 0.217655 16.940165
3.147202 0.282822 16.856216
1.668413 -0.656025 16.488583
2.378546 -0.548131 16.425293
-1.155057 -0.502553 19.759163
-1.067662 -0.557844 19.381269
1.258427 -2.800363 17.519459
1.054279 -2.754828 16.888741
4.359832 0.056679 17.058622
3.752970 0.254250 16.669880
6.313649 0.824453 22.124123
6.438354 0.919388 22.108711
-2.086579 -1.628537 18.941631
-2.203576 -1.548889 19.104116
-5.003245 0.658552 19.780710
-5.054390 0.857227 19.764267
-10.241013 -0.502153 5.178008
-10.901149 -0.422587 5.874029
-9.583108 -0.461038 7.279362
-9.742113 -0.593943 4.771727
-0.194886 -2.102357 7.166581
-0.410902 -2.080617 6.617299
-9.528278 0.192129 7.292313
-6.998167 0.398263 13.820524
-9.447109 0.314958 7.222514
-7.019706 0.000002 13.796062
-4.383718 -0.070291 6.850760
-4.903943 -0.159353 7.424620
-4.345928 -0.123783 6.881174
-4.959366 -0.096636 7.364951
-3.647676 0.228544 5.939628
-4.400966 0.184315 6.771760
-4.388899 0.437060 12.703191
-4.751072 0.353822 12.949341
8.802730 -0.675450 15.269545
9.199437 -0.564251 15.555535
8.286425 1.661473 17.123112
8.716430 1.330103 17.238871
6.610840 0.041668 15.244816
7.229893 -0.079675 15.248398
5.543881 -0.069726 15.142613
5.815900 -0.007357 15.290009
-0.749813 -3.928171 16.909908
-0.812698 -3.627803 16.889277
2.896577 -2.753335 15.920430
3.037018 -2.895382 16.113846
-1.813050 -3.199525 17.339859
-1.895847 -3.269200 17.049925
-4.031099 0.342981 22.903727
-3.890088 0.283931 22.752970
-4.282331 0.355939 23.031534
-4.247894 0.394630 23.128462
-1.078884 2.320877 17.044275
-1.077681 2.503581 17.037415
-2.794382 1.661537 17.101971
-2.818926 1.941363 17.141689
-0.748280 -1.915381 16.921059
-0.677186 -2.022556 16.900856
-3.163033 1.182025 17.619011
-2.283203 1.355909 17.764519
-0.153746 -0.007320 27.392363
0.038236 2.789720 23.188660
-5.479092 -0.972283 16.972023
-1.668050 1.772730 17.660282
-0.119379 2.132031 43.386971
-2.969964 -0.431113 50.480743
0.467412 -0.154938 115.573669
0.490333 0.029195 125.660568
-5.050136 -0.040636 14.291653
-2.309699 0.022864 12.437248
-4.266131 0.901898 5.765167
-6.499671 0.749580 5.533951
2.999903 1.010914 21.228325
4.464392 0.866967 19.767563
1.187651 -2.170978 100.891670
3.744085 -2.085968 101.616997
6.034200 1.556944 105.626396
4.549515 2.050650 102.222244
5.984934 0.000053 67.910225
7.090561 0.323399 67.818817
-3.000988 0.549772 31.139248
-2.028293 0.670951 32.086788
4.578823 -4.322219 3.749542
3.851194 -4.380697 7.971607
2.839636 4.649775 0.042656
-4.269884 2.826551 0.039810
-0.265280 -2.644335 88.853142
-0.050318 -2.591371 91.253586
-0.995967 -3.921047 82.949265
-1.151194 -3.865668 81.846878
7.018836 -0.000600 64.036446
6.893869 0.498879 64.008949
-4.814284 -0.694845 28.252472
-4.787236 -1.190168 26.205521
5.967130 1.628283 33.668579
6.972949 0.932524 33.745903
-3.480299 -0.896745 69.532112
-3.435992 -0.934624 78.274910
0.639499 -3.539648 64.586456
-1.019213 -2.624821 64.722824
-3.555733 0.000051 53.708080
-2.731974 1.325207 85.762321
-1.363962 2.966108 85.742439
-3.658772 0.000051 56.507946
-3.079302 0.000053 80.190231
-3.094179 0.000161 79.597748
0.326771 -1.086888 120.891190
0.364333 -0.971036 113.989098
6.621903 0.701306 107.242188
3.079521 3.092745 99.364037
4.472803 2.251530 100.826508
6.605021 0.001024 107.280716
-3.317855 0.525827 9.277493
-3.867376 0.341072 7.994411
-2.881608 -0.408670 35.107590
-3.349560 -0.434213 35.725292
-0.166588 0.010507 107.677795
-0.782757 0.287923 107.951965
-6.203381 -0.808024 15.404911
-5.393874 -0.956769 15.384335
-2.389882 -1.889318 11.479656
-2.640390 -1.823503 11.988377
-2.781169 1.006261 12.147308
-2.418028 1.008423 11.462959
-3.055122 1.885013 7.014294
-3.478533 1.784364 6.595657
-6.486537 0.732425 5.869011
-5.600968 0.840566 5.788540
4.319053 -2.367390 20.815674
4.655712 -2.180015 20.508766
3.290277 -2.862586 22.319061
4.108632 -2.493961 21.014423
1.239135 2.986739 28.083557
1.624128 2.865137 28.663528
3.471488 2.812975 21.883083
3.290277 2.862477 22.319061
5.451077 -0.407479 106.922310
5.417050 -0.000031 106.853973
5.408072 -0.408869 106.863602
5.354367 -0.577042 106.912163
5.820837 1.228957 106.948196
-2.193954 1.369773 105.702240
5.821519 1.319709 106.893059
-2.090228 1.485508 104.942909
-2.090228 1.485508 104.942909
-2.193954 1.369773 105.702240
6.714747 -0.249922 68.216743
6.805529 -0.252380 68.440247
5.141889 0.586467 73.493324
6.021986 0.470162 74.101631
-1.108623 -0.000052 36.663025
-1.917038 -0.000052 37.778725
-1.540056 -0.724914 34.907158
-1.747216 -0.701028 35.591286
-0.725906 2.305897 32.554790
-0.610350 2.397872 33.016373
-1.748356 -4.149584 0.212719
-2.585799 -3.881922 0.212303
-6.837206 -1.186551 15.930954
-6.844187 -0.677168 15.559410
-2.027939 -3.971646 16.819576
-2.084848 -4.270053 16.135593
1.815128 -4.856711 0.210289
3.703775 -4.905014 0.212646
-1.228759 -0.000057 5.169956
2.125723 3.703210 31.821066
-2.052560 -0.000057 4.364643
0.566820 4.117374 30.328854
6.912707 -0.000053 31.516644
6.811960 -0.000053 31.376310
3.206251 -3.870543 82.162941
7.213853 -0.370259 75.415619
2.463201 -4.066349 82.900673
7.144094 -0.714059 75.388718
-0.943799 -3.645240 90.831795
-0.948226 -3.586771 91.507301
6.968135 -0.921367 64.443382
6.951298 -0.896297 64.180145
4.960760 1.864623 67.591713
5.904891 1.389994 67.263016
2.315470 3.890427 81.426003
1.955460 3.933451 81.686028
0.139802 1.565312 91.259933
-0.897624 3.840312 84.335609
-0.956905 3.933314 82.944710
0.269566 -0.000043 91.304565
1.745051 -3.857507 31.755384
2.622372 -3.580057 32.432774
-2.733461 -0.000053 30.131260
-4.088503 -0.000053 29.457952
3.086198 -3.227786 32.607384
1.805057 -3.716657 31.669800
3.334347 3.059522 36.866478
3.016559 3.154602 37.284466
3.016559 3.154602 37.284466
2.805796 3.200897 37.800983
0.763831 3.914155 30.542410
0.516414 4.043683 30.406559
-3.280012 -0.953095 59.630207
-2.785432 -1.263823 60.132694
-3.454208 -1.098171 49.815514
-3.511204 -0.000050 49.860298
0.534037 -1.939488 83.758018
-4.646698 -0.539015 90.365448
-4.672266 -0.401766 90.103470
0.148410 -2.702045 83.758018
-3.474405 -1.427550 91.437668
-2.930949 -1.694978 91.487770
-1.217873 3.261585 89.682755
-1.090357 3.921073 81.712280
1.472504 3.894823 81.745430
-3.943078 1.100982 58.160091
-3.529236 1.034322 56.383041
-3.154297 0.851490 83.741806
-0.545315 2.879008 89.682755
6.779894 0.910223 58.643009
-3.091078 1.049919 83.756416
6.707763 1.057179 58.643055
-3.829498 -0.000049 58.644733
-4.098898 -0.000049 58.105530
4.992640 -1.791271 101.108017
-0.176527 -1.036374 125.456131
6.112663 -1.268320 102.751831
5.374974 -1.706910 101.677094
-1.559316 -1.056947 125.247772
0.357126 -1.005527 125.328094
6.088038 -1.028905 102.079124
-1.684919 -0.948907 125.220764
-0.810468 0.452705 147.956955
-5.146893 1.923509 99.342545
-5.110932 1.806147 99.129456
-5.050261 2.161936 99.316452
6.374976 0.431171 102.280670
-0.936920 0.463306 147.631363
-4.807860 2.334434 99.290100
6.482936 0.318138 102.373497
-4.338561 -0.179850 12.904495
-3.717373 -0.331220 12.381035
-3.990425 0.425485 12.703094
-3.923106 0.222384 14.006512
-3.830703 0.297647 13.959007
-4.322497 0.344372 12.949295
3.799510 0.813245 27.806604
4.589737 0.679923 28.520184
2.883741 -0.922055 26.395611
2.547008 -0.930823 25.441658
-3.129760 -0.270734 33.315521
-3.031964 -0.404879 34.374256
-2.240246 -0.168226 32.017254
-2.246619 -0.000053 31.998653
-3.111216 0.146119 32.584759
-3.087498 -0.000053 32.557705
4.880935 0.341100 71.260170
4.910481 0.342792 71.017609
4.682348 -0.142297 73.134941
5.257934 -0.108696 72.804878
0.406384 0.168843 103.012695
0.226981 0.219022 103.072678
-0.279602 -0.257791 103.355881
-0.617573 -0.429898 103.735466
-2.097338 -0.844718 115.147209
-1.775757 -0.820171 114.723976
-1.809938 0.778488 125.247772
-1.722846 0.779495 125.352005
0.814471 0.711834 111.545906
0.889278 0.775368 111.432526
-2.479681 -0.300319 103.523407
-1.914575 0.000017 102.243454
-2.692919 -0.299569 103.914436
-1.538313 0.000017 101.934662
-2.566782 1.322246 102.963135
-2.257992 1.360461 102.586876
-3.487957 0.959551 106.625244
-3.393208 0.915009 107.101578
1.951429 0.300206 110.534454
1.948610 0.000018 110.500626
6.082559 0.531358 90.790375
0.739726 3.277191 89.047318
0.531711 3.415771 89.122078
6.063526 0.730060 91.079063
0.531711 3.415771 89.122078
0.739726 3.277191 89.047318
0.501323 1.621018 91.511337
0.128217 1.998827 91.561417
7.064932 0.205337 102.630142
7.079200 0.000002 102.629219
-2.800274 1.211727 85.509407
-3.145900 -0.929906 60.132694
-3.685229 -0.701268 59.630207
-3.563718 -0.000000 64.434837
-3.560290 -0.000000 64.629196
-3.478237 0.000002 84.004128
-3.466177 -0.492787 84.016411
-3.536746 0.559859 59.584850
-3.445712 0.637456 61.232582
-3.988547 0.000000 68.901108
-3.953047 0.000000 69.029007
-2.672411 1.045172 85.512657
-0.062864 2.294938 60.917553
0.030058 2.320127 60.078362
7.835091 1.744901 11.908868
8.707232 1.013923 12.745820
0.563551 -4.199194 17.723166
2.609521 -3.658910 16.992907
1.684710 -2.399243 16.113634
0.051985 -1.865047 16.140316
6.398327 -0.645967 17.926727
6.278384 -1.263819 17.943693
-5.253407 0.555396 19.569998
-4.482456 1.541480 19.862690
-2.057315 0.864587 10.768351
-2.483713 1.056024 8.106987
-3.218412 0.626723 10.455008
-3.296790 0.587379 8.822113
10.030576 2.665731 18.759459
9.957527 3.284052 18.624786
-1.904809 -3.274738 17.062010
-0.857337 -2.619125 18.017557
-4.279310 1.294496 21.026857
-3.790900 1.568016 19.900343
3.058366 -4.884552 0.034631
-2.824162 -3.898167 0.038453
-3.074136 -1.520560 14.602376
-5.611873 -1.908569 15.627588
-6.620950 0.004725 18.054005
-7.788754 -0.004297 17.598751
0.158597 -3.514498 16.546261
0.856069 -3.432306 16.295235
-0.993377 0.746445 17.100412
-1.144870 0.498833 16.840374
2.377060 -0.548135 16.413525
3.444885 -0.318678 16.566130
1.424332 -2.870853 18.137787
0.974034 -2.020290 17.601646
-3.305302 -0.982800 17.680447
-2.587436 -1.559179 18.439453
-5.051589 0.856887 19.761675
-5.397943 0.314659 19.269964
-0.457775 -1.932029 11.857122
-1.349887 -1.809951 13.129910
-2.097907 -0.801322 11.705042
-3.267990 -0.589884 13.288651
-3.125364 0.527272 9.497861
-3.453158 0.480851 11.142081
10.324157 -1.358796 16.079489
10.915047 -2.167704 15.659999
9.837015 1.262195 18.699160
10.467259 1.855580 19.034155
5.605555 1.438157 16.977533
5.387943 1.579378 16.453949
-4.189370 0.152540 23.254147
-4.265282 -0.034269 23.023067
-4.047523 -0.295189 22.787973
-3.928611 -0.117550 22.150763
0.714609 3.566674 17.338737
0.676587 3.029764 17.485235
-8.309436 -1.106357 3.831758
-7.620278 -1.208045 3.559065
-0.165306 -0.000008 11.118367
8.829391 -0.664924 14.758115
8.821488 -0.000329 14.817579
-0.777541 -0.000004 12.291598
-1.537701 4.364376 16.531857
-1.661246 4.697402 15.827177
-1.864478 -3.289004 17.306599
-1.467363 -3.459049 17.148554
2.257043 3.098270 16.235626
1.834602 3.251548 16.401821
-1.261639 1.170358 14.441718
-1.548058 -0.007175 14.840253
3.301576 0.174864 17.449236
3.422264 -0.002180 17.460609
2.327492 -3.278023 18.079193
1.804961 -1.699928 18.334097
0.610935 -1.770099 15.852716
1.969090 -0.928032 15.852716
4.337070 0.720723 13.623915
4.261101 0.801295 13.401202
-2.278025 -1.565596 19.056334
-2.203576 -1.548889 19.104116
-4.477559 1.548728 19.860521
-4.575275 1.351566 19.574224
-0.624440 -2.005315 6.055795
-2.474551 -2.115970 8.525087
-0.410089 -2.082722 6.616676
-2.697822 -2.075700 7.978879
-5.736339 1.159706 13.818141
-6.335849 1.011947 13.885475
-3.846430 1.596360 3.567157
-2.739926 1.763800 4.049595
-4.962067 0.101000 7.365470
-4.299783 0.349091 8.007222
7.169657 -0.284484 15.057739
8.341387 -0.343749 15.162301
10.915851 -2.167572 15.662098
11.025494 -2.249743 15.828128
5.636409 -0.029288 14.710277
5.706793 -0.104125 14.950390
2.212246 0.332448 17.490702
2.503537 1.734329 17.099924
-1.319127 -3.012287 18.277433
-0.836832 -2.739838 18.380346
-2.796897 1.746802 18.907101
-1.951733 2.909794 18.394617
-2.762542 2.643666 24.552414
-2.779000 2.877383 24.431534
-3.775338 -0.456889 19.069420
-3.232566 -0.558280 18.741701
-0.682107 2.820031 18.386938
-0.216650 3.252306 18.252583
-2.831656 -0.000000 4.017924
-2.283616 -0.000000 4.374860
5.544932 4.884501 0.218992
5.776483 4.765729 0.219454
10.224740 0.600793 3.804739
10.224275 1.750855 2.501194
9.306910 0.311057 12.902834
9.269085 0.347396 13.028257
-6.270562 -2.406532 17.303440
-7.632537 -1.695473 17.553768
2.888176 2.770864 17.317791
2.657691 2.880052 17.410250
8.544797 -0.718760 14.875251
8.158558 -0.469374 13.697455
1.717002 -0.645592 16.664186
1.774052 -0.330569 16.840565
1.664634 0.677788 16.467550
-2.635412 0.747543 18.917843
2.050071 0.621948 16.419767
-2.737313 0.692569 19.464346
0.068217 -0.699003 17.551172
0.362535 -0.686893 17.345970
-0.431678 -0.913233 15.867678
0.054987 -0.901470 15.627411
1.258427 -2.800363 17.519459
1.054279 -2.754828 16.888741
6.388047 -1.373808 15.534529
6.484380 -0.885833 15.513342
5.388961 1.569120 14.542505
6.087812 0.878448 15.104816
-3.163341 -2.729409 17.704697
-3.377231 -2.571811 17.402637
-3.472096 -0.298525 18.284847
-3.536069 -0.161785 18.232643
-4.575554 -1.093517 19.650227
-4.648914 -0.889473 19.002491
-9.561497 0.000001 7.317928
-5.307373 -1.084519 15.310764
-4.698271 -1.187463 15.178895
-9.608654 0.000001 7.312130
-2.672568 1.036511 11.464179
-8.998986 0.000001 4.285340
-9.742113 0.000001 4.771727
-2.908119 0.964980 11.973541
-3.399299 0.958710 12.606047
-2.371789 -0.760702 12.126530
-2.113522 -0.788923 11.695688
-2.245496 0.699884 7.537404
-2.454130 0.622256 7.149119
-5.369158 0.134356 12.407957
-5.400621 0.000002 12.412311
7.169397 -0.285781 15.060280
7.946946 -0.355934 15.079702
7.166518 1.453201 16.796404
7.449217 1.423966 16.963928
6.610840 0.041683 15.244818
7.229890 -0.079677 15.248406
5.706793 -0.104125 14.950390
5.905233 -0.058920 15.056019
-0.386547 -3.244680 17.424829
-0.201680 -3.063242 17.844740
3.142096 -2.598670 15.986979
3.271489 -2.766176 16.378479
5.485768 1.444780 16.382282
5.387943 1.579378 16.453949
4.359772 2.032119 15.231601
4.409857 1.922980 14.699369
-0.948635 3.358790 17.520458
-0.915865 3.330116 17.308378
-0.821651 2.576977 17.526945
-0.831715 2.710698 17.269875
-2.460060 1.606940 17.799168
-2.471670 1.591717 17.545778
-0.845407 -1.710559 17.580360
-0.779789 -1.807636 17.370556
-4.088192 1.029728 18.086807
-3.745548 1.135063 17.989376
9.884991 1.916700 0.068634
9.202254 2.079710 0.068636
-11.096521 0.445092 5.645673
-10.989081 0.170311 5.863168
4.659735 2.445887 16.643028
4.119243 2.634189 16.855122
10.485388 -0.000002 0.068636
10.485388 -1.906173 0.068636
0.345294 -4.051914 17.777290
-0.181457 -4.096501 17.968060
-7.500558 1.220301 15.929462
-7.500983 0.695584 15.559411
3.704475 2.806230 17.019800
3.372716 2.949517 17.151918
-0.924037 3.615630 18.779963
-1.175657 3.511297 18.865292
2.003178 -1.015965 14.840253
2.069118 0.224198 14.441718
-1.630630 -1.425815 16.085712
1.682117 -2.366854 16.085712
-0.822356 0.639674 18.700237
2.050067 0.621878 16.419769
-0.621665 0.668531 18.362993
2.377670 0.569889 16.404184
2.073336 -0.401053 16.773304
2.378952 -0.352814 16.758049
-1.003515 -0.486157 18.996666
-2.786273 -0.421338 20.991583
-2.781170 -0.348431 21.204767
-0.868955 -0.522079 18.669821
1.800926 -1.705172 18.328917
1.766697 -1.701621 18.237749
6.298645 -1.390403 15.540046
6.176086 -1.426762 15.510570
5.414001 -0.299633 17.581991
6.401573 -0.647561 17.908609
-2.973016 -1.329719 18.056063
-2.587080 -1.557054 18.440399
-2.299156 -1.060773 19.165150
-2.365817 -1.051621 19.153103
-5.308048 0.164625 19.309271
-5.399620 0.317388 19.271135
-3.928671 -1.581313 13.017700
-2.287215 -0.981548 9.674876
-3.619285 -1.660943 12.764844
0.112945 -2.107373 8.914623
0.068032 -2.115752 8.320884
-2.339800 -0.974734 10.478908
-4.433440 1.507120 3.411790
-2.916835 1.873184 11.988379
-2.644435 1.941054 11.479316
-5.038874 1.424329 3.310638
-7.297394 0.784257 13.818712
-7.260121 0.845324 13.819647
-4.563898 -0.181446 7.067153
-4.726051 -0.246425 7.559496
-4.612433 -0.099466 7.029217
-4.383741 -0.070297 6.850760
-4.901664 -0.173363 7.406932
-4.394475 0.000000 6.842547
-3.795054 0.554387 10.677822
-3.709375 0.572123 10.395455
-3.795054 0.554387 10.677822
-3.913175 0.530154 10.941187
5.434648 -0.551339 14.476351
5.507275 -0.447455 14.453156
10.007077 -2.194782 18.377144
10.050231 -2.260603 18.448338
7.762621 1.327905 17.098768
8.114305 1.145254 17.181673
11.700992 -2.357355 15.665614
11.781989 -2.367186 15.712104
9.054569 1.392356 16.747055
9.158643 1.688466 16.973482
5.113433 0.276363 14.503933
5.202773 0.404159 14.475401
9.992112 1.021894 18.399506
10.031647 1.122592 18.505959
0.057331 -2.745305 18.500601
0.177511 -2.608385 18.522038
2.524250 2.052964 17.470119
2.583849 2.264820 17.367300
3.114130 -2.975460 16.311867
3.196524 -3.026364 16.489435
4.759922 -0.416188 17.919621
4.796478 -0.249045 17.955959
-2.034071 -2.780387 17.362602
-1.912369 -2.694500 17.603571
1.755167 -0.223599 17.055189
2.019531 0.085815 16.941122
4.479370 1.429144 15.319808
4.463730 1.357493 15.087417
-2.178659 1.913675 18.443241
-1.968355 2.200215 18.320772
-3.766905 0.088397 22.649946
-3.678772 0.142416 22.396585
-0.963579 2.173756 17.892084
-0.911785 2.279908 17.817663
-3.944811 1.686028 20.871037
-3.846834 1.741373 20.622856
-3.048504 1.681100 17.407417
-3.043411 1.829655 17.406773
-1.611616 -0.938764 18.231134
-1.396360 -1.109720 18.158537
-3.427313 0.945857 17.575003
-3.252655 1.012041 17.560513
0.768179 3.334893 17.622763
0.928545 3.333798 17.575108
-2.228062 1.964045 17.968304
-2.050817 2.051238 18.026737
0.872921 2.999301 16.577347
0.876684 2.985802 16.299309
4.817309 -2.329126 20.441103
2.905145 -0.996829 25.225615
1.148565 -2.320122 100.805847
-2.146951 -0.002850 101.820030
3.238903 2.166879 71.435410
3.544022 0.000284 72.930038
0.721882 -0.002018 26.027016
3.126267 0.006113 29.677999
7.051179 0.048592 17.587566
4.622855 1.557482 17.993822
6.101198 1.752030 64.089943
4.762773 2.606224 64.231277
-4.731669 -1.052498 40.192974
-5.446407 -0.021581 39.912624
-0.554208 -3.264370 67.071442
-3.156607 -1.658692 67.325630
3.303044 0.000921 36.973408
3.413458 -3.469791 37.113110
2.987914 3.711524 79.095169
2.997465 3.871991 80.299942
3.150761 2.843527 58.640045
7.208858 1.030083 58.634247
-1.102127 -2.922799 95.970993
-1.206991 -2.982039 94.496338
6.253083 0.943200 101.831726
7.230590 0.088177 102.336761
-3.491333 0.199548 33.003212
-1.934246 0.532271 32.895462
-2.816999 -0.000886 12.863588
-1.784526 -0.958414 10.433172
-7.363278 0.671477 15.342529
-7.060417 0.792257 13.811821
0.135664 3.441968 23.301731
0.470772 3.373849 26.871368
-2.705665 -0.001399 104.323174
-2.933960 0.000395 106.526894
6.287809 -1.155838 74.133141
7.369096 -0.365817 74.403076
-5.164239 -0.458137 30.893515
-5.082007 -0.001842 30.479256
4.903780 -2.354319 33.343792
2.170990 -3.868921 31.945343
-5.151391 -1.073901 25.621902
-5.204992 0.000997 25.715454
0.159074 0.000519 10.758006
-0.114039 1.692720 11.131239
-1.136909 -3.213377 89.653580
-0.955381 -3.070777 91.524666
7.207148 0.917641 76.949051
6.671208 1.305189 96.880318
5.883225 1.024191 91.233910
7.404782 0.864838 75.386993
0.145813 -4.186415 29.858580
-1.762152 -3.240507 25.799009
-0.604991 -0.000159 34.737614
-0.738659 1.503818 35.206532
-1.451215 -3.246682 45.323784
-1.565047 -2.981019 46.751492
-3.057216 -0.755891 89.918663
-4.743567 -0.469094 89.926865
-3.366725 -0.000882 83.797516
-3.288551 -1.049548 83.749481
-1.564937 2.981639 46.751518
-2.139738 2.443604 46.751343
3.062285 1.403108 74.373489
2.999368 0.000012 73.945877
6.804947 -1.098195 103.608055
6.739098 -0.478941 102.271759
1.485868 -4.275017 96.041924
2.033795 -3.758420 97.337303
-2.838906 0.001192 104.061844
-3.117663 0.000203 106.712029
-2.881775 -0.706487 8.695951
-2.727149 -0.615445 9.811623
6.280289 -0.365604 27.557981
6.942663 0.014826 28.145258
5.007632 -0.012655 69.430824
6.890735 -0.003132 68.408020
-0.692006 -0.444432 103.731750
-0.322252 -0.287597 103.354668
-2.239285 -2.075544 10.316766
-2.814542 -1.872614 11.990782
-9.135408 0.313582 7.223681
-8.279542 0.434985 6.460151
5.610277 -0.828681 19.279480
7.288082 -0.620784 17.238766
7.307715 0.000014 17.247841
3.862357 -0.989731 20.415638
5.806169 1.290979 31.333445
5.096547 1.710267 31.155863
-3.233118 0.000018 107.106537
-2.709151 0.000011 108.469780
-1.751202 1.792284 103.662994
4.660300 0.669830 103.916832
3.358133 0.670276 102.568214
-2.231730 1.643226 104.704956
3.989958 0.616187 71.388077
4.257818 0.571001 72.595467
-5.082159 0.000005 30.525936
-5.081337 0.000011 30.906507
-1.033533 2.321811 32.151428
-1.529594 2.153669 31.429743
2.403217 0.000003 19.688824
4.315842 0.000003 18.366299
7.132884 -0.537574 31.500381
4.817548 -1.517052 30.852743
-5.281602 0.858832 25.621622
10.266520 1.876420 0.218566
-5.214798 0.000108 25.725206
10.140238 1.905280 0.068378
3.501565 -2.541216 78.623390
5.899719 -1.935941 64.177383
7.308050 -0.932529 64.177513
3.336405 -2.718870 80.516998
6.071996 0.001217 84.766167
2.681413 4.017305 81.098846
6.048890 0.006997 85.662903
2.766891 3.842531 80.560448
4.048638 2.529290 74.100006
3.232895 2.807575 71.810249
1.211834 -3.625373 35.504429
0.623583 -3.243738 35.867558
-5.025957 1.702354 40.859932
3.218193 3.315587 32.607124
-4.982811 1.784437 41.057137
1.866883 3.817576 31.669739
-1.427924 -2.707042 66.972458
-2.239663 -2.164243 66.478729
-1.006160 -3.356382 44.800823
-1.188635 -3.223324 44.922165
7.348404 -0.753181 64.195518
-3.278099 -1.063123 83.754257
-3.175545 -1.295542 81.509499
7.363837 0.000058 64.186485
-3.798283 0.000009 53.708046
0.866451 3.391078 57.073250
-2.551656 0.952649 87.738823
-2.038009 1.381515 87.859047
1.420728 3.347078 58.642509
-1.308081 3.885098 81.942673
-1.192953 4.053973 81.718513
-3.807558 0.000009 54.117096
-5.014532 -1.665796 105.499786
-5.067060 -2.067531 102.551018
6.229968 -0.853918 101.810776
2.535297 -3.649726 98.229965
3.294267 -3.147538 99.278023
4.667879 -1.810439 100.568253
-5.474115 1.980922 99.333084
0.636227 4.425313 93.248962
1.018224 4.449129 94.687218
-5.045267 2.164883 99.021362
-3.367501 -0.573810 11.133813
-3.939921 -0.442406 11.971569
-4.200861 0.291890 6.827494
-3.722437 0.458875 7.257044
2.991764 -0.627443 22.116608
3.718657 -0.342991 20.961424
-3.444940 -0.225669 33.056412
-3.662961 0.001101 32.683254
-2.705848 0.424637 33.353020
-3.189753 0.130470 32.718536
6.166768 -0.320711 69.704910
5.481655 -0.404348 70.469543
-0.066908 0.000024 101.810463
0.337041 -0.000063 102.731598
-0.039236 0.000002 10.705322
-9.402037 -0.648950 4.798208
-9.879584 -0.557081 5.200932
0.159846 0.000002 9.501969
-4.601550 0.894595 6.072539
-5.340476 0.876718 5.851130
-2.136129 1.784060 4.335154
-2.642519 1.769053 4.034008
-9.011414 0.275620 7.080486
-8.278774 0.433277 6.461465
6.501467 -1.416611 19.678625
7.099579 -1.024835 19.493481
6.854464 -0.647825 19.567837
6.885508 -0.593544 19.544348
2.659521 1.027202 22.219818
3.188767 1.034605 21.267569
-3.254471 -1.623495 105.178612
-2.721176 -1.840125 103.548889
2.889189 -0.506105 101.650864
2.080363 -0.423416 101.377937
1.491409 -0.845287 109.886818
1.922992 -0.848389 109.909897
-0.062812 0.000018 110.195442
-1.210278 0.000018 109.556358
5.692713 0.503467 106.117813
1.911859 0.779796 109.843864
1.922992 0.848425 109.909897
5.670314 0.504224 105.412888
7.084206 -0.214900 68.235237
7.044827 -0.255054 68.219849
7.044827 0.255076 68.219849
6.712792 0.282661 68.268646
-3.489725 -0.566190 36.870880
-2.780129 -0.660465 36.202839
-4.439305 -0.410282 30.626301
-5.063576 -0.334421 30.519264
-2.558390 0.729210 35.823944
-2.780276 0.660367 36.202652
-1.203333 -3.922347 27.670904
-1.583731 -3.730564 26.891542
5.362380 -4.885855 0.219567
10.265455 -1.875786 0.219136
10.208598 -2.011968 0.219445
3.869456 -5.038742 0.212649
4.028159 4.527864 7.986388
-9.303056 1.538919 0.218005
4.243454 4.485352 6.927075
1.972334 2.395439 20.108065
-6.804743 2.405423 0.217765
2.871340 2.118060 19.297777
3.459056 -2.165435 71.277069
2.926125 -2.661751 71.665260
2.889109 -2.687625 70.414604
3.485776 -2.135911 70.827744
4.708139 -1.739869 74.114929
-0.423385 -1.330337 92.616562
-0.645567 -2.307254 92.628914
5.309584 -1.537844 74.517136
6.821573 1.949300 79.913490
6.592697 1.363553 80.975082
0.185611 0.000013 81.874649
4.461369 2.195210 68.062035
3.739494 2.515316 68.838142
0.201483 1.953611 81.891502
-1.290299 3.957998 81.772339
-1.325528 3.918451 81.805260
-4.160158 -0.810914 39.812786
-3.109333 -1.393154 39.617439
-3.614054 -1.972443 25.720289
-5.172098 -0.990886 25.796684
-2.468977 -2.041002 47.508865
-2.701225 -1.799492 48.063484
3.529987 3.681436 36.807903
-1.688684 1.556720 31.008156
3.193739 3.821858 37.276089
-1.001707 1.562152 31.990334
-3.686191 0.957037 49.948017
-3.436598 1.408942 49.460625
-1.417221 -3.653420 83.758095
-1.297964 -3.716569 83.758018
0.684794 -1.903523 81.945610
0.926211 -1.000899 81.946228
-1.422919 -3.660241 79.907562
-1.723359 -2.278745 87.713562
-1.485091 -2.916400 87.712471
-1.420009 -3.540372 79.058479
6.305955 -1.597217 46.752083
6.388446 -1.448895 46.752083
6.668503 0.000007 44.885406
7.251690 0.000007 42.843441
-1.427896 2.707026 66.972458
-2.243722 2.169893 66.477425
-1.186131 4.028085 81.712280
-4.074655 0.000010 58.644733
-1.256860 3.352598 91.496979
-3.954480 1.091215 58.646393
3.089175 0.000013 78.654793
1.007872 4.038766 81.642509
-1.422128 3.302141 91.495178
3.092122 0.000013 79.130905
-1.300672 -2.198616 98.097336
1.260670 -0.909993 111.604256
1.511979 -0.887117 111.611534
2.387106 -2.915459 100.085358
-5.301523 -2.055985 99.077530
-5.361994 -2.220933 99.316452
1.339754 -3.007883 99.957283
-1.445801 -2.148424 98.607780
-1.836924 -1.123079 124.494141
-1.798293 -1.074784 123.899826
-2.555009 2.645454 101.715736
-3.146668 2.503987 102.457916
-2.768407 0.000016 107.607590
-3.027415 0.000046 106.704834
5.632614 0.000017 104.399033
4.414191 1.827895 102.289062
5.961932 0.000017 105.748512
3.755924 1.948119 101.798470
-3.061937 -0.643384 9.832911
-3.133946 -0.615673 10.451870
-3.782529 0.531114 10.941531
-3.927712 0.478064 11.160585
4.742284 0.609677 25.094225
5.269390 0.578746 26.154869
4.936013 -0.403219 22.944160
6.814220 -0.088345 28.094719
6.899644 -0.067342 27.825808
4.670938 -0.539387 23.819361
-3.317083 -0.150488 32.584568
-3.191232 -0.128508 32.720848
-2.801200 0.258295 33.148392
-2.656937 0.391631 34.138390
5.389139 0.191834 72.113098
5.356839 0.278853 71.929321
5.508372 -0.111601 72.804878
5.440173 -0.223184 72.674538
-0.892308 0.287770 107.448067
-1.175720 0.384601 106.966621
-0.733626 -0.070286 108.041611
-0.780841 -0.132382 107.986298
-6.489635 -0.923330 13.875210
-6.125369 -1.010950 13.888611
-4.558189 -0.886785 5.814224
-0.966645 -2.008305 5.606152
-3.839628 -0.913195 6.186054
-0.656753 -2.049267 6.097145
-2.847983 0.000000 14.475437
-2.339788 0.000000 14.127224
-6.757986 0.375130 14.068989
-9.293909 0.189376 7.053646
-4.167951 1.676318 6.329792
-6.757986 0.000000 14.068943
-9.197093 0.198712 7.236252
-3.849141 1.752608 6.537838
7.652122 -0.605935 29.372629
4.438081 -1.910679 17.888897
3.786932 -2.145013 18.223240
7.651996 0.000000 29.372597
5.224958 2.096870 20.222897
5.635968 1.877550 19.994961
3.441167 2.943068 22.322948
3.269639 3.029956 22.752045
1.678445 2.939472 28.660601
1.272023 3.065344 28.082270
5.209345 -1.219170 106.869766
-0.228057 -2.126695 101.298584
5.217881 -1.310120 106.818703
0.222381 -2.143203 101.157288
5.897283 0.000000 104.277695
6.033922 0.000000 104.743484
6.167575 -1.542573 105.668709
6.171685 -1.386642 106.210175
-0.826024 0.878284 109.035202
-1.112931 0.911784 108.791832
5.209345 1.219170 106.869766
5.176836 0.623840 106.840431
-0.821273 1.839055 102.750832
1.894426 0.418940 110.448685
-1.108687 1.806743 102.994675
1.894426 0.000000 110.448685
6.314692 -0.486123 74.101631
6.947132 -0.406151 74.301727
5.368313 -0.578120 69.372284
5.027326 -0.621996 69.817284
6.777074 0.814292 74.291405
6.294707 1.133735 74.115341
4.975496 0.443946 69.168816
5.487998 0.439017 68.788040
-1.673595 0.000000 33.274414
-5.020632 -0.329058 37.858173
-4.441984 -0.437300 37.709503
-1.602058 0.000000 33.626778
-5.112848 0.000000 30.911865
-5.178085 0.000000 30.855785
-5.021873 0.343378 37.444942
-4.455125 0.466452 37.306072
-0.697085 2.460075 35.342278
-0.846389 2.400310 35.792931
-5.600792 -1.278004 18.545727
-5.336649 -1.180276 19.013790
-4.935318 0.000000 15.224934
7.827401 0.000000 11.210644
7.924796 0.000000 8.490719
-4.310540 0.000000 15.085663
-10.534467 0.000000 0.068634
-10.534467 -0.996007 0.068634
8.418637 0.980276 14.705639
8.493896 0.947510 14.198673
0.932661 4.887725 0.215191
0.093967 4.743402 0.214684
10.221762 1.893486 0.126644
1.974584 2.396065 20.110332
2.403180 2.269418 19.688782
10.139794 1.906171 0.068634
0.311878 -4.771280 87.889587
5.467858 -0.838326 100.869347
4.288417 -3.305798 94.827217
3.862010 -1.996230 69.806023
3.668173 -2.075487 70.262108
4.599092 -1.334196 85.950226
0.423197 -4.784283 88.716209
3.633607 -3.667464 94.264999
4.912188 -1.195920 85.779381
5.987598 -0.006571 85.710381
6.046616 -0.006571 85.660637
5.657148 -0.900412 101.482056
2.918808 3.154025 73.086113
3.161011 3.152329 73.845688
4.247167 2.424834 64.315971
0.928608 4.730444 90.219345
1.575768 4.641018 91.595009
3.837961 2.581564 64.553368
2.912449 3.004601 67.992867
2.960510 3.039036 66.844833
-0.705329 2.266144 92.563133
-0.488734 1.306748 92.551865
2.728640 -3.673686 32.431747
2.402968 -3.793751 32.216995
-1.664016 -3.368299 26.269249
-0.262454 -3.800372 43.307423
2.560354 -4.002183 38.412411
-1.772085 -3.218643 25.859697
0.286906 -3.912659 42.321453
2.929234 -3.903393 37.782269
-1.585917 3.759507 26.860182
-1.664016 3.368299 26.269249
3.005760 3.774843 37.851192
-1.412489 3.868312 27.275499
6.246989 0.000000 33.534405
3.266008 3.675339 37.347385
-1.772085 3.218643 25.859697
7.288940 0.000000 33.644363
-1.485410 -2.916547 87.712471
-1.723375 -2.278768 87.713562
-0.094141 -3.407910 64.603584
0.648429 -3.701363 64.585228
3.035578 -1.471562 69.887947
3.062285 -1.403096 74.373489
-5.049522 -0.725110 90.997040
-4.877159 -0.320179 89.847885
0.779707 -3.761092 63.852585
0.872495 -3.787285 62.838863
7.198508 0.000000 59.181355
7.311800 0.000000 59.572594
-4.953537 -0.607761 90.626678
-4.884671 0.000000 89.845490
5.143670 0.000000 35.956730
5.230318 0.000000 35.945374
-1.426224 3.275897 89.682755
-1.320601 3.350594 89.682755
-0.589864 3.353469 82.019737
5.057230 2.125063 44.768173
3.791832 2.683159 42.847347
-0.528292 3.240824 67.073433
-0.250452 3.312735 66.571152
0.780600 0.000000 89.682755
0.779725 0.000000 89.804344
0.192555 2.790573 91.561424
0.553363 2.263113 91.511345
-1.295329 3.868083 81.940475
-0.630231 3.409014 43.900135
-1.184995 3.224423 44.924248
-0.214428 -0.631937 147.569611
1.883828 -0.513612 110.613396
-1.984392 -0.712834 108.815422
-1.027020 0.000000 96.331604
-1.785641 -0.668690 109.024246
-1.926399 -0.996018 124.506210
1.908738 0.000000 110.596085
-1.949090 -0.990370 124.153824
-0.796543 0.000000 94.424667
-0.110782 -0.444805 148.918686
-0.178704 -0.449350 148.961655
-0.200911 -0.687591 144.991074
6.475049 1.495738 104.638863
6.525133 1.516893 105.263626
0.271966 1.145169 120.892502
-3.650493 2.064811 100.046455
-1.270596 2.435214 98.711349
-1.115775 2.532825 98.160736
1.091712 2.098757 92.759872
0.255267 1.056125 116.900604
1.005571 1.072134 111.445503
-3.327753 2.069761 100.060509
1.306927 1.054156 111.459419
1.091727 0.000000 92.759972
-3.936878 -0.386752 13.835846
-3.572677 -0.483636 13.574146
-3.684146 -0.529442 10.673954
-3.601818 -0.547197 10.393639
-3.242610 -0.593842 10.794193
-3.135045 -0.613008 10.451473
-4.205148 0.000000 14.036961
-4.165189 0.204026 14.018848
-3.389068 0.587166 11.124290
-3.784383 0.413955 7.723186
-4.008368 0.351498 7.463810
-3.260585 0.613654 10.789463
-2.980966 0.559130 10.862812
-3.128190 0.530052 11.219212
5.386394 0.535567 26.969326
2.780667 -0.000000 25.895428
2.996342 -0.000000 26.398836
5.113146 0.582305 26.717499
5.663145 0.383281 27.229548
5.361401 0.439083 26.991703
4.173900 -0.686859 24.813967
5.968901 0.000000 26.757217
5.476003 0.000000 26.349548
3.017462 -0.637137 22.131214
4.237897 -0.698896 25.166601
3.239787 -0.554615 21.721889
6.201482 0.000000 26.918371
5.708362 0.000000 26.557480
-3.204897 -0.141952 32.727001
-3.811521 -0.466350 36.233261
-5.044245 -0.046448 36.506565
-5.005557 -0.060943 36.697613
-3.584157 -0.501894 36.063892
-3.089921 -0.196246 32.965946
-3.456856 -0.000000 33.059826
-3.350175 -0.000000 33.316372
-3.720975 0.335267 35.903954
-2.876600 0.328416 32.899891
-3.541176 0.360040 35.746319
-3.125603 0.052814 32.476635
-3.130935 -0.000000 32.468105
-2.781862 0.375487 33.139221
5.690971 0.000000 72.709602
4.698959 0.549760 69.963493
4.849596 0.539317 69.707283
5.678840 0.084648 72.688187
7.091250 -0.000000 69.344551
7.078063 0.070437 69.349266
5.577286 -0.385210 70.284012
4.497141 -0.546374 70.516174
4.425893 -0.531032 70.856880
5.943964 0.000000 72.568741
5.473803 -0.392193 70.463348
5.808951 0.000000 72.309250
5.422339 -0.460056 69.070145
5.223717 -0.486053 69.236931
-0.621917 0.110781 107.833008
-1.504587 0.439088 105.808067
-1.513142 0.455813 105.492790
-1.061366 0.482993 105.330254
-1.021625 0.483272 105.119446
-0.571950 0.053660 107.890312
-0.793272 -0.238679 108.032768
-0.951613 -0.000000 104.882088
-1.720043 -0.503062 105.456322
-1.695611 -0.511359 105.139389
-0.848619 -0.000000 104.634743
-0.861287 -0.306746 107.945976
0 1
126 127
156 157
124 125
144 145
166 167
380 381
708 709
659 660
120 121
122 123
711 712
1081 1082
679 680
665 666
142 143
661 662
1121 1126
136 137
691 692
675 676
565 566
699 700
128 129
673 674
2 3
801 802
667 668
687 688
160 163
382 383
1026 1027
370 371
52 53
729 730
134 135
663 664
870 873
763 764
1107 1118
269 270
777 778
146 147
1096 1097
761 762
790 791
130 131
362 363
32 33
693 694
803 806
4 5
225 227
917 922
169 170
735 736
161 162
913 914
20 21
152 153
1125 1130
743 746
132 133
400 401
6 7
885 888
22 23
77 78
1110 1115
769 772
553 554
158 159
222 223
705 706
752 753
893 894
271 272
24 25
739 740
703 704
474 475
770 771
841 842
782 784
364 365
717 718
432 433
402 403
794 797
250 251
353 354
280 286
372 373
434 435
685 686
669 670
190 191
713 714
707 710
242 245
689 690
376 377
398 399
478 479
462 463
1054 1055
248 249
865 868
727 728
808 809
458 459
681 682
725 726
723 724
749 750
715 716
360 361
172 173
243 244
815 816
683 684
939 941
804 805
210 211
282 283
695 696
140 141
42 43
418 421
847 848
563 564
368 369
671 672
428 429
482 483
378 379
384 385
876 877
872 874
755 756
883 884
154 155
825 828
448 449
891 892
677 678
898 900
394 395
947 948
1105 1106
452 453
751 754
138 139
741 742
224 226
1057 1058
246 247
1064 1067
498 499
731 732
90 91
148 149
886 887
238 239
390 391
392 393
260 261
918 920
581 582
915 916
785 786
839 840
404 405
869 871
701 702
208 209
302 303
306 307
230 232
28 29
928 931
719 720
1073 1076
821 822
811 812
1085 1086
304 305
955 956
823 824
880 881
1029 1030
30 31
1059 1060
857 858
833 834
733 734
935 936
450 451
937 938
1041 1046
905 906
44 45
406 407
949 952
40 41
118 119
773 775
186 187
759 760
863 864
511 512
216 217
1095 1104
765 767
843 844
907 910
262 265
1033 1034
819 820
358 359
747 748
1039 1045
940 942
296 297
178 179
38 39
396 397
967 969
590 594
513 514
1079 1080
1051 1052
779 780
422 423
721 722
521 522
174 175
201 204
203 205
182 183
268 274
347 348
829 830
258 259
980 981
789 792
879 882
220 221
416 417
68 69
386 387
835 836
1065 1068
176 177
62 63
987 988
212 213
901 902
192 193
849 852
547 548
168 171
504 505
1077 1078
908 909
795 796
234 235
412 413
1005 1006
419 420
66 67
494 495
314 315
813 814
48 49
470 471
76 79
468 469
895 896
1040 1050
466 467
557 558
1102 1103
1025 1028
1011 1012
859 860
374 375
507 508
826 827
525 526
98 99
218 219
366 367
1119 1120
943 944
697 698
744 745
446 447
595 598
971 972
1036 1037
551 552
266 267
1014 1015
979 982
442 444
1009 1010
184 185
278 279
933 934
999 1000
1019 1020
592 593
897 899
164 165
443 445
80 81
583 584
831 832
408 409
968 970
596 597
34 35
1123 1124
1098 1099
1071 1074
774 776
180 181
961 962
510 513
995 996
460 461
1007 1008
555 556
807 810
254 255
487 489
414 415
96 97
737 738
281 285
1146 1147
1023 1024
535 536
492 493
318 319
252 253
342 343
925 932
320 321
983 984
150 151
1108 1113
1031 1032
515 516
1042 1043
94 95
1053 1056
496 497
529 530
351 352
188 189
26 27
330 331
817 818
332 333
327 329
993 994
214 215
426 427
1021 1022
921 924
194 195
1154 1156
990 992
985 986
36 37
1069 1072
424 425
1131 1132
8 9
875 878
1063 1066
1070 1075
517 518
240 241
92 93
326 328
531 532
861 862
58 59
845 846
635 636
298 301
1002 1004
56 57
793 800
197 198
1061 1062
589 591
1087 1088
615 616
500 501
1083 1089
83 85
567 569
486 488
64 65
388 389
975 978
1149 1150
619 620
1143 1144
559 560
1044 1047
757 758
1001 1003
997 998
639 640
973 976
965 966
1145 1148
16 17
545 546
549 550
484 485
440 441
1135 1136
1139 1142
1013 1016
490 491
1151 1155
573 576
1112 1114
231 233
336 339
288 293
1180 1181
1140 1141
855 856
568 570
523 524
10 11
1122 1128
14 15
1084 1090
1195 1196
1188 1189
100 101
1153 1158
256 257
571 572
106 107
102 103
410 411
798 799
1127 1129
334 335
291 294
1174 1175
263 264
929 930
607 608
1133 1134
1182 1184
1109 1111
539 540
609 610
1160 1163
561 562
649 650
114 115
633 634
1152 1157
950 951
657 658
104 105
1165 1166
641 642
645 646
480 481
1159 1164
945 946
1194 1197
46 47
236 237
60 61
464 465
1168 1172
456 457
337 338
340 341
1185 1186
472 473
787 788
541 542
926 927
436 437
289 290
312 313
602 605
637 638
627 628
206 207
1167 1169
543 544
12 13
527 528
574 575
781 783
537 538
72 73
454 455
108 109
430 431
1190 1191
54 55
346 357
273 276
1137 1138
18 19
1179 1183
974 977
655 656
957 958
344 345
74 75
629 630
766 768
316 317
196 199
1161 1162
349 350
651 652
953 954
959 960
625 626
112 113
587 588
292 295
533 534
631 632
919 923
228 229
50 51
911 912
308 309
284 287
653 654
275 277
82 84
502 503
621 622
70 71
623 624
310 311
324 325
647 648
866 867
643 644
519 520
476 477
322 323
903 904
355 356
579 580
116 117
1193 1198
1093 1094
611 612
299 300
1100 1101
110 111
200 202
613 614
989 991
87 89
601 603
1035 1038
577 578
850 851
963 964
1187 1192
617 618
438 439
1173 1176
1091 1092
1017 1018
1116 1117
1048 1049
86 88
1177 1178
604 606
599 600
585 586
837 838
889 890
853 854
1170 1171
506 509
