15375025916128511995 1176 600
-0.732885 -0.044665 3.167682
-0.495728 -0.056084 3.162825
-0.000820 0.006752 3.138238
-0.495728 -0.056084 3.162825
0.709039 -0.049301 3.167071
0.948467 0.009350 3.172009
-0.495728 -0.042362 3.162825
-0.736155 -0.036799 3.167749
-0.491100 -0.047928 -3.578192
-0.495728 -0.042362 3.162825
0.704232 -0.039664 3.166973
0.492741 -0.047888 3.162611
-1.057173 -0.011295 3.177621
-1.057173 0.026333 3.177621
1.057269 0.026333 3.292789
1.057269 0.026333 3.177621
-1.057173 -0.007678 3.281775
-1.057173 0.026333 3.177621
-0.044803 0.022125 3.257788
0.027769 -0.030723 3.257787
0.029916 0.048854 3.428415
-0.048322 0.023323 3.428415
0.906641 -0.044449 3.398604
0.906641 -0.002622 3.398604
-0.995918 -0.023536 3.518699
-0.907645 -0.002622 3.398604
-0.907645 -0.002622 3.398604
0.906641 -0.002622 3.398604
-0.000820 0.006752 3.138238
-0.495728 -0.056084 3.162825
0.709039 -0.049301 3.167071
0.948467 0.009350 3.172009
-0.495728 -0.042362 3.162825
-0.736155 -0.036799 3.167749
-0.491100 -0.047928 -3.578192
-0.495728 -0.042362 3.162825
0.704232 -0.039664 3.166973
0.492741 -0.047888 3.162611
-1.057173 -0.041689 3.270761
-1.057173 0.026333 3.177621
1.057269 0.026333 3.177621
1.057269 -0.011295 3.177621
-1.057173 -0.041689 3.270761
-1.057173 -0.011295 3.177621
-1.057173 0.026333 3.292789
-1.057173 0.026333 3.177621
-0.044803 0.022125 3.257788
0.027769 -0.030723 3.257787
0.029916 0.048854 3.390018
-0.048322 0.023323 3.390018
-0.549182 -0.044449 3.338555
-0.549182 -0.002622 3.338555
-0.907645 -0.044449 3.398604
-0.593318 -0.044449 3.398604
-0.218805 -0.002622 3.338555
0.210899 -0.002622 3.338555
-0.242638 -0.002622 3.398604
-0.242638 -0.044449 3.398604
0.994915 -0.044449 3.518699
-0.995918 -0.044449 3.518699
0.906641 -0.044449 3.398604
0.994915 -0.002622 3.518699
0.593416 -0.002622 3.398604
0.906641 -0.002622 3.398604
0.258416 -0.044449 3.338555
0.258416 -0.002622 3.338555
0.210899 -0.044449 3.338555
0.210899 -0.002622 3.338555
0.239086 -0.002622 3.398604
0.210899 -0.002622 3.338555
0.906641 -0.044449 3.398604
0.994915 -0.044449 3.518699
0.283660 -0.044449 3.398604
0.593416 -0.044449 3.398604
-0.278867 -0.002622 3.398604
-0.593318 -0.002622 3.398604
-0.286691 -0.044449 3.398604
-0.259374 -0.044449 3.338555
-0.732885 -0.044665 3.167682
-0.491100 -0.050517 -3.578192
-0.495728 -0.056084 3.162825
0.978419 0.012115 -3.581258
0.948467 0.009350 3.172009
-0.950398 0.020433 3.172137
-0.741305 -0.036198 -3.580409
-0.491100 -0.047928 -3.578192
-0.491100 -0.047928 -3.578192
-0.001155 0.011115 -3.575185
0.978419 0.017792 -3.581258
0.717844 -0.042836 -3.579896
-1.057173 0.026333 3.292789
-1.057173 0.026333 3.177621
-1.057173 -0.011295 3.177621
-0.947117 -0.009871 3.181810
-0.947117 -0.038007 3.268205
-0.947117 0.024908 3.288600
0.947214 -0.009871 3.181810
0.947214 0.024908 3.181810
-0.947117 -0.038007 3.268205
0.947214 -0.038007 3.268205
-0.947117 0.024908 3.181810
0.947214 0.024908 3.181810
0.947214 0.024908 3.181810
1.057269 0.026333 3.177621
0.947214 -0.038007 3.268205
0.947214 0.024908 3.288600
-0.895229 0.007518 3.310237
-0.868561 0.007518 3.310237
-0.895229 -0.032019 3.136706
-0.868561 -0.032019 3.136706
-0.895229 -0.058829 3.243888
-0.895229 -0.032019 3.136706
-0.868561 -0.058829 3.243888
-0.868561 -0.032019 3.136706
-0.895229 0.047056 3.136706
-0.895229 -0.032019 3.136706
0.869799 -0.058829 3.243888
0.894186 -0.058829 3.243888
0.869799 -0.032019 3.136706
0.894186 -0.032019 3.136706
0.894186 0.073867 3.243888
0.894186 0.047056 3.136706
0.869799 0.007518 3.310237
0.869799 0.073867 3.243888
0.894186 0.047056 3.136706
0.894186 0.073867 3.243888
0.029916 -0.033816 3.390018
-0.048322 0.023323 3.390018
0.029916 0.048854 3.390018
0.027769 0.045759 3.257788
-0.995918 -0.002622 3.518699
-0.907645 -0.044449 3.398604
-0.907645 -0.044449 3.398604
-0.907645 -0.002622 3.398604
-0.549182 -0.044449 3.338555
-0.259374 -0.002622 3.338555
-0.242638 -0.002622 3.398604
-0.218805 -0.002622 3.338555
0.593416 -0.044449 3.398604
0.549279 -0.044449 3.338555
0.994915 -0.002622 3.518699
0.906641 -0.044449 3.398604
0.549279 -0.002622 3.338555
0.593416 -0.002622 3.398604
0.549279 -0.044449 3.338555
0.258416 -0.002622 3.338555
-0.549182 -0.044449 3.338555
-0.593318 -0.044449 3.398604
0.210899 -0.002622 3.338555
-0.218805 -0.002622 3.338555
-0.995918 -0.044449 3.518699
-0.907645 -0.044449 3.398604
0.283660 -0.044449 3.398604
0.258416 -0.044449 3.338555
0.906641 -0.044449 3.398604
-0.907645 -0.044449 3.398604
-0.259374 -0.002622 3.338555
-0.259374 -0.044449 3.338555
0.322798 -0.043224 -3.581255
0.913189 -0.022408 -3.582247
-0.968953 0.017415 -0.777638
-0.899750 -0.025212 -3.581424
0.825546 -0.049405 1.496467
0.745032 -0.055395 0.642060
0.246371 -0.034305 -0.668929
-0.166198 -0.010088 -0.668677
-0.166148 -0.020503 0.647099
0.745032 -0.055395 0.642060
0.825546 -0.049405 1.496467
-0.825156 -0.051802 1.497054
0.825546 -0.049405 1.496467
0.827437 -0.044861 -1.381268
-0.577918 -0.065578 -0.674286
-0.824290 -0.057876 0.640504
-0.824290 -0.057876 0.640504
0.246259 -0.028651 0.650759
-1.066218 -0.042840 3.235199
-1.057324 -0.028469 3.284595
-1.057337 0.065771 3.216361
-0.948135 0.065854 3.235886
-1.057324 -0.028469 3.284595
-0.956762 -0.050854 3.216313
0.000014 -0.049261 3.267057
0.000034 0.000190 3.171466
-0.948487 0.025724 3.291186
-0.948135 0.065854 3.235886
-1.057337 0.065771 3.216361
-1.066196 0.037128 3.194678
-0.948875 -0.012013 3.179944
-0.948790 -0.040262 3.269507
-0.948487 0.025724 3.291186
1.066278 0.057857 3.235205
1.057332 0.043591 3.284471
1.066299 -0.042830 3.235205
1.057392 -0.028479 3.284305
0.956734 0.065841 3.216308
0.948932 -0.039814 3.270508
0.956992 -0.050689 3.253963
0.948126 -0.039647 3.201964
0.948245 -0.007346 3.178004
0.000067 0.027430 3.292913
0.949351 0.057168 3.268902
0.948245 -0.007346 3.178004
0.948126 -0.039647 3.201964
0.956734 0.065841 3.216308
-0.897104 -0.018073 3.305387
-0.897031 0.032982 3.305297
-0.866769 0.047079 3.136686
-0.866669 0.007380 3.110147
-0.866669 0.007380 3.110147
-0.866644 -0.059020 3.243965
-0.866769 0.047079 3.136686
-0.866669 0.007380 3.110147
-0.897041 0.073897 3.243888
-0.897104 -0.018073 3.305387
0.866718 -0.059049 3.244005
0.897133 0.074007 3.243973
0.866867 0.047079 3.136686
0.897191 0.023944 3.113444
0.866767 0.007380 3.110147
0.897101 -0.032130 3.136592
0.866718 -0.059049 3.244005
0.866701 0.033096 3.305527
0.866701 0.033096 3.305527
0.866792 0.073991 3.243954
0.897133 0.074007 3.243973
0.897191 0.023944 3.113444
0.981817 0.034871 -3.581484
0.825601 -0.022706 -3.581971
-0.165406 0.013826 -1.373214
-0.769448 -0.045638 -1.377408
-0.972161 0.005586 -3.584327
0.328098 -0.020769 -1.374985
0.245684 -0.008473 1.516770
0.828610 -0.035251 1.502862
0.828610 -0.016729 -1.381847
-0.243630 -0.018633 -3.582223
0.041466 -0.022900 3.390258
-0.015634 0.056477 3.390124
-0.041318 -0.023000 3.390252
0.041466 -0.022900 3.390258
0.040403 0.020973 3.299375
0.013037 -0.032969 3.299404
-0.041318 -0.023000 3.390252
-0.045057 0.022423 3.297464
-0.041318 -0.023000 3.390252
-0.015634 0.056477 3.390124
-0.014494 -0.037519 3.257641
0.040403 0.020973 3.299375
-0.549182 0.003375 3.334497
-0.549247 -0.050814 3.334366
-0.593318 0.003375 3.397251
-0.912493 0.003375 3.397251
0.000049 0.003375 3.334601
-0.218761 0.003375 3.334616
0.000049 -0.054336 3.523779
-0.254339 0.003375 3.334497
-0.277971 0.003375 3.397795
-0.218849 -0.050676 3.334422
-0.242638 -0.050447 3.397252
0.000049 0.003375 3.522757
-1.000767 0.003375 3.522757
0.000049 -0.052627 3.334352
0.549340 -0.050840 3.334361
0.254390 -0.050690 3.334457
0.593416 -0.050447 3.397252
0.549340 -0.050840 3.334361
0.593416 0.003375 3.397251
0.593416 -0.050447 3.397252
0.593416 0.003375 3.397251
0.549279 0.003375 3.334497
0.549279 0.003375 3.334497
0.549340 -0.050840 3.334361
0.225905 -0.070724 3.421627
0.278269 -0.050447 3.397252
0.000049 0.003375 3.522757
0.000049 0.003375 3.334601
0.000049 -0.054336 3.523779
-0.953659 -0.070709 3.498211
0.000049 -0.052627 3.334352
-0.218849 -0.050676 3.334422
-0.593318 -0.050447 3.397252
-0.580641 -0.070717 3.421665
-0.278172 -0.050447 3.397252
-0.313662 -0.070593 3.421712
-0.218849 -0.050676 3.334422
-0.225775 -0.070673 3.421687
0.549340 -0.050840 3.334361
0.593416 -0.050447 3.397252
1.000864 -0.050447 3.522757
0.900063 -0.070742 3.421379
-0.912578 -0.050856 3.397089
-0.953659 -0.070709 3.498211
-0.731997 -0.002398 -3.583633
0.323587 -0.052461 -3.576946
0.826561 -0.039146 -3.581879
0.408561 -0.060098 -1.375711
0.324658 -0.049935 -1.375007
-0.823918 -0.032398 -1.379624
-0.823918 -0.032398 -1.379624
-0.821655 -0.031163 -3.582120
-0.821655 -0.031163 -3.582120
0.745472 -0.045140 0.642062
0.408105 -0.058087 0.648492
0.745472 -0.045140 0.642062
0.746940 -0.046904 -0.675441
0.409163 -0.058566 -0.671010
0.247381 -0.022591 -0.668957
-0.578519 -0.062024 -0.674255
-0.745698 -0.046910 -0.675853
-0.580545 -0.063262 2.147501
-0.747334 -0.051107 2.132100
0.949663 0.011550 3.172025
0.969215 0.013895 1.247878
0.745442 -0.058793 2.131944
0.244250 -0.043621 2.144824
-0.820490 -0.038153 3.157899
-0.825267 -0.034428 1.497299
0.244250 -0.043621 2.144824
0.083864 -0.000009 2.153635
0.974088 0.012537 -0.674955
0.978444 0.008199 -3.581258
-0.247058 -0.024443 -1.376243
-0.578383 -0.068030 -1.377456
0.083864 -0.000009 2.153635
0.084958 0.001442 0.650713
-1.066181 0.037126 3.194681
-1.066211 0.023081 3.282880
-1.057313 -0.028292 3.284458
-1.057313 -0.028292 3.284458
-1.057257 -0.050599 3.253877
-1.066185 -0.008054 3.187556
-0.956870 0.026173 3.177193
-0.956944 0.057127 3.199656
-1.057317 0.065708 3.216523
-1.057342 0.043515 3.284478
-1.057313 -0.028292 3.284458
-0.956828 -0.011647 3.293152
-0.956759 -0.050827 3.216325
-0.948122 -0.050390 3.234323
0.000034 0.000190 3.171466
0.000031 -0.049233 3.267061
-0.948664 0.025656 3.290965
-0.948259 0.065755 3.235768
-0.948362 -0.011163 3.180077
-0.948362 -0.011163 3.180077
-0.949409 -0.021925 3.275630
-0.949409 0.048040 3.264578
-0.948259 0.065755 3.235768
-0.949411 0.023015 3.187671
-0.949411 0.023015 3.187671
-0.949409 0.048040 3.264578
1.066294 -0.008046 3.187544
1.066267 0.057853 3.235205
1.066268 0.048253 3.264637
1.057291 -0.028297 3.284234
1.057297 -0.050366 3.253910
1.066278 -0.033219 3.205769
1.057333 0.043360 3.185843
0.956901 0.065566 3.215944
1.057295 0.065403 3.253910
1.057287 0.043337 3.284235
1.057297 0.007519 3.295823
1.057291 -0.028297 3.284234
1.057291 -0.028297 3.284234
1.057297 -0.050366 3.253910
0.956769 -0.028314 3.185428
0.948127 -0.039651 3.201967
0.948127 -0.039658 3.268445
0.948782 0.055055 3.269708
0.948273 -0.009534 3.179825
0.948273 -0.009534 3.179825
0.949504 0.055160 3.219760
0.949506 0.023006 3.187681
0.949506 0.023006 3.187681
0.949506 0.036962 3.275651
0.949504 -0.040146 3.219778
0.949504 -0.040146 3.219778
-0.866736 -0.058892 3.243916
-0.897132 -0.059016 3.244000
-0.866701 0.007523 3.310362
-0.866707 0.054504 3.290887
-0.897034 0.047070 3.136693
-0.866742 0.007491 3.110243
-0.866740 -0.032052 3.136668
-0.897024 0.073867 3.243888
-0.866736 -0.058892 3.243916
-0.866763 0.047064 3.136697
-0.866738 -0.039550 3.290926
-0.866707 0.054504 3.290887
-0.866743 0.073907 3.243902
-0.897024 0.073867 3.243888
-0.897053 0.023912 3.113496
-0.897034 0.047070 3.136693
0.897145 -0.053829 3.269319
0.866761 0.033133 3.305359
0.897132 0.047070 3.136693
0.897150 0.023912 3.113496
0.897154 -0.008879 3.113490
0.897132 -0.032046 3.136676
0.897122 -0.058829 3.243888
0.866792 0.073991 3.243954
0.866860 0.047064 3.136697
0.866801 -0.039489 3.290888
0.866833 0.007496 3.310290
0.866761 0.033133 3.305359
0.897145 -0.053829 3.269319
0.897091 0.073955 3.243935
0.897221 -0.017894 3.305363
0.407100 -0.030948 -3.577803
0.577451 -0.036585 -3.579885
0.083279 0.033293 -3.577843
0.978046 0.034601 -3.581309
-0.243271 -0.006456 -3.580197
-0.969835 0.037083 0.031306
0.974234 0.034251 -0.167640
0.828819 -0.016632 -1.381809
-0.824162 -0.010273 1.497056
0.324875 -0.034429 -1.375004
-0.824272 -0.010071 -1.379544
-0.824162 -0.010273 1.497056
-0.952337 0.039349 3.171460
-0.408769 -0.036217 1.508047
-0.580828 -0.039210 1.510436
0.870937 0.018513 3.165304
0.949604 0.034273 3.172025
-0.820520 -0.018402 3.158333
0.825048 -0.014162 2.540862
0.824572 -0.015793 3.155909
-0.166376 -0.017728 0.647111
-0.048452 0.023366 3.390080
0.040080 0.020604 3.397594
0.015856 0.056192 3.390091
0.051049 0.007587 3.390082
0.041267 -0.022987 3.390208
-0.041186 -0.022971 3.390232
-0.051211 0.007772 3.305731
-0.048452 0.023366 3.390080
-0.015734 0.056204 3.390034
0.015856 0.056192 3.390091
0.041329 0.037580 3.305875
-0.015705 -0.041331 3.305849
-0.041186 -0.022971 3.390232
-0.051211 0.007772 3.305731
-0.044846 0.022174 3.297591
0.039968 0.020525 3.299496
0.013021 0.047537 3.299495
-0.012923 0.047538 3.299490
-0.044846 0.022174 3.297591
0.047281 0.007496 3.297611
0.039966 -0.005484 3.299496
-0.044846 0.022174 3.297591
-0.044845 -0.007197 3.297591
0.027806 0.045896 3.257738
-0.047270 0.007649 3.257683
-1.000767 -0.050447 3.522757
-1.000767 0.003375 3.522757
0.000049 -0.050447 3.334497
0.000049 0.003375 3.334497
-0.593318 0.003375 3.397251
-0.254339 -0.050447 3.334497
-0.549182 -0.050447 3.334497
-0.242638 -0.050447 3.397252
-0.242638 0.003375 3.397251
-0.218805 0.003375 3.334497
-0.242638 0.003375 3.397251
-0.912493 0.003375 3.397251
0.225847 -0.070541 3.421730
0.202014 -0.070541 3.358976
-1.000767 -0.050447 3.522757
-1.000767 0.003375 3.522757
0.912590 0.003375 3.397251
1.000864 0.003375 3.522757
0.000049 -0.050447 3.334497
0.218902 -0.050447 3.334497
0.278269 0.003375 3.397251
0.254436 -0.050447 3.334497
0.278269 -0.050447 3.397252
0.218902 -0.050447 3.334497
0.242735 -0.050447 3.397252
0.242735 0.003375 3.397251
1.000864 0.003375 3.522757
0.912590 0.003375 3.397251
-0.580608 -0.070541 3.421730
-0.536472 -0.070541 3.358976
0.000049 0.003375 3.522757
1.000864 0.003375 3.522757
-0.254339 -0.050447 3.334497
-0.278172 -0.050447 3.397252
-0.225750 -0.070541 3.421730
-0.313652 -0.070541 3.421730
-0.218805 -0.050447 3.334497
-0.201917 -0.070541 3.358976
0.218902 -0.050447 3.334497
0.000049 -0.050447 3.334497
0.242735 -0.050447 3.397252
0.225847 -0.070541 3.421730
0.254436 -0.050447 3.334497
0.549279 -0.050447 3.334497
0.536569 -0.070541 3.358976
0.580706 -0.070541 3.421730
0.953721 -0.070541 3.498277
0.899881 -0.070541 3.421730
0.953721 -0.070541 3.498277
0.000049 -0.070541 3.498277
-1.000767 -0.050447 3.522757
-0.953624 -0.070541 3.498277
0.977536 0.008988 -3.183364
0.825933 -0.030359 -3.183627
0.825933 -0.030359 -3.183627
0.825617 -0.030126 -3.581560
0.978419 0.007932 -3.581258
0.825617 -0.030126 -3.581560
-0.322886 -0.046684 -3.576695
-0.822697 -0.030556 -3.183553
-0.406049 -0.056666 -3.577495
-0.575819 -0.061166 -3.579294
-0.246631 -0.029779 -1.376312
-0.824067 -0.033087 -1.379625
-0.824067 -0.033087 -1.379625
-0.408877 -0.055441 -1.377445
0.579077 -0.056466 -0.672607
0.972086 0.012863 0.441030
0.825358 -0.031474 1.050456
0.828439 -0.032645 -1.381813
0.746802 -0.044694 -0.675427
0.000873 0.001082 -0.666498
-0.167280 -0.012948 -0.668654
-0.408950 -0.054655 -0.670388
-0.823247 -0.028559 0.640539
-0.823429 -0.028725 -0.777562
-0.578569 -0.061349 -0.674255
0.492883 -0.053437 0.647460
0.408206 -0.054032 0.648478
0.000274 -0.000696 0.648465
-0.166944 -0.014280 0.647087
-0.967621 0.015489 1.244780
-0.968137 0.016374 0.237668
-0.747334 -0.051107 2.132100
-0.747436 -0.049294 1.503493
-0.824157 -0.032845 2.124244
-0.001260 0.001138 2.154193
-0.167857 -0.017238 2.141057
0.882081 -0.004831 2.343363
0.968905 0.014557 1.247870
0.896154 -0.009860 1.500132
0.746551 -0.049721 1.503001
0.823793 -0.032557 1.497314
-0.664427 -0.063217 3.168207
-0.820389 -0.035989 3.157520
-0.820389 -0.035989 3.157520
-0.413577 -0.055167 3.167263
0.326614 -0.050112 3.170308
-0.247602 -0.036245 3.161028
0.825031 -0.037202 2.540948
0.824840 -0.038446 2.956468
0.661995 -0.062541 3.168074
0.577997 -0.052748 3.166583
0.083277 -0.005538 3.146657
0.247296 -0.027549 -0.668968
-0.408877 -0.055441 -1.377445
-0.578820 -0.063897 -1.377456
-0.824370 -0.030708 1.497349
-0.824315 -0.030127 1.255780
-0.824315 -0.030127 1.255780
-1.066169 0.055393 3.219736
-1.066171 0.057854 3.235205
-1.066180 0.023087 3.282856
-1.066180 -0.008049 3.282856
-1.066180 -0.033219 3.264641
-1.057199 -0.050370 3.253910
-1.066173 -0.008048 3.187561
-1.057186 0.007508 3.174615
-0.957008 0.056863 3.199595
-1.057183 0.065381 3.216521
-1.057199 0.043327 3.284220
-0.957005 0.043334 3.284312
-0.957007 -0.011300 3.292937
-0.957027 -0.050405 3.216517
-1.057199 -0.050365 3.216501
-0.957059 0.007508 3.174619
-0.957059 0.026352 3.177596
-0.947222 0.007583 3.178859
-0.947324 -0.049157 3.235205
-0.947323 -0.038331 3.268441
-0.947324 -0.009995 3.288985
0.000048 0.024834 3.291785
0.000049 0.062331 3.253324
0.000049 0.062982 3.215907
-0.947222 0.007583 3.178859
0.000049 0.007357 3.174394
-0.949409 -0.040119 3.250645
-0.949409 -0.021925 3.275630
-0.949410 0.007517 3.285169
-0.949409 0.048043 3.205838
-0.949410 0.022999 3.187685
-0.949410 0.007517 3.285169
-0.949410 0.022999 3.282724
-0.949410 0.007518 3.185244
1.066271 0.023086 3.187558
1.066268 0.048253 3.205774
1.057295 0.065403 3.253910
1.057295 0.043326 3.284220
1.066278 -0.033219 3.264641
1.066280 -0.042822 3.235205
1.057296 -0.028288 3.186189
1.057296 0.007518 3.174587
0.957110 0.065448 3.216436
0.957143 0.043326 3.284219
1.057295 0.043326 3.284220
0.957156 0.007529 3.295794
0.957110 -0.050410 3.253975
0.957150 -0.050346 3.216502
1.057296 -0.050366 3.216501
1.057296 -0.028288 3.186189
1.057296 0.007518 3.174587
0.947319 -0.009995 3.181635
0.947214 0.007518 3.179063
0.947424 -0.038333 3.201964
0.000048 -0.039877 3.270843
0.947420 -0.038331 3.268441
0.947420 0.025032 3.288983
0.000049 0.062982 3.215907
0.947450 0.053422 3.201945
0.949507 0.007518 3.185244
0.949507 -0.007959 3.187689
0.949506 0.036962 3.275627
0.949507 0.007518 3.285174
0.949504 0.055157 3.250644
0.949504 0.055157 3.219765
0.949504 0.055157 3.219765
0.949504 0.055157 3.250644
0.949507 0.007518 3.285174
0.949506 -0.021923 3.194784
0.949507 -0.007959 3.187689
0.949506 -0.021923 3.194784
-0.897024 -0.039397 3.290802
-0.897024 -0.017871 3.305184
-0.866766 0.054435 3.290802
-0.866766 0.068816 3.269276
-0.866763 0.047064 3.136697
-0.866762 0.023901 3.113542
-0.897056 -0.008879 3.113490
-0.897039 -0.032039 3.136685
-0.866766 -0.053778 3.269276
-0.866766 0.007518 3.310237
-0.866766 0.032909 3.305184
-0.866766 -0.032019 3.136706
-0.866766 -0.058829 3.243888
-0.897024 -0.053778 3.269276
-0.897024 -0.058829 3.243888
-0.897024 0.032909 3.305184
-0.897024 0.007518 3.310237
0.897122 -0.039397 3.290802
0.897122 -0.017871 3.305184
0.866863 0.054435 3.290802
0.866863 0.068816 3.269276
0.897132 0.047070 3.136693
0.897150 0.023912 3.113496
0.897154 -0.008879 3.113490
0.897137 -0.032039 3.136685
0.866860 0.047064 3.136697
0.866863 0.054435 3.290802
0.866863 0.068816 3.269276
0.866863 0.073867 3.243888
0.897122 -0.039397 3.290802
0.897122 -0.058829 3.243888
0.897137 -0.032039 3.136685
0.897122 0.007518 3.310237
0.897122 -0.017871 3.305184
0.577216 -0.032599 -3.579860
0.407214 -0.031042 -3.577797
-0.242866 -0.009031 -3.576526
-0.406105 -0.033555 -3.577570
-0.823675 -0.006535 -1.379601
0.828374 -0.009485 -1.381814
0.825301 -0.008286 1.050457
0.324863 -0.024552 -1.375002
-0.745812 -0.024801 -1.381276
-0.824186 -0.007079 0.237443
-0.578592 -0.039302 -1.377451
0.083571 0.018471 1.512925
-0.001046 0.024070 1.512059
-0.824190 -0.006823 1.255780
-0.824710 -0.010721 1.497337
-0.409262 -0.033124 1.508224
-0.580493 -0.039865 1.510561
-0.001046 0.024070 1.512059
-0.167076 0.006184 1.509668
0.823709 -0.009556 1.497316
-0.664339 -0.038644 3.168130
-0.745688 -0.024138 3.164855
-0.413679 -0.033355 3.167226
-0.247606 -0.013429 3.161016
0.949643 0.033750 3.172025
0.871226 0.017315 3.165311
-0.168508 0.004176 3.157213
-0.000838 0.023075 3.138306
0.324863 -0.024552 -1.375002
0.746220 -0.021058 -1.378798
0.246416 -0.005276 -1.375922
0.246416 -0.005276 -1.375922
0.325438 -0.047422 -0.668663
0.409423 -0.053167 -0.670999
0.579077 -0.056466 -0.672607
-0.033989 0.032385 3.397579
-0.015697 0.056156 3.390054
0.015755 0.056116 3.390029
0.041208 0.037587 3.390034
0.040074 -0.005558 3.397580
0.041209 -0.022550 3.390034
0.015756 -0.041079 3.390029
-0.015658 -0.041078 3.390029
-0.041113 0.037589 3.305917
0.015748 0.056107 3.305926
0.015755 0.056116 3.390029
0.050954 0.007519 3.390034
0.041209 -0.022550 3.390034
0.015755 -0.041077 3.305921
0.015756 -0.041079 3.390029
-0.041094 -0.022538 3.305926
-0.041169 -0.022556 3.390059
-0.050848 0.007521 3.305921
-0.048452 0.023366 3.390080
0.024715 -0.026518 3.299495
0.039966 -0.005484 3.299496
-0.039865 0.020520 3.299496
-0.039865 0.020520 3.299496
-0.041918 0.007518 3.299496
-0.027681 0.045772 3.297577
-0.012919 0.047533 3.299495
0.027776 0.045767 3.297575
0.044909 0.022131 3.297573
0.038215 -0.020274 3.297577
0.039966 -0.005484 3.299496
0.024715 -0.026518 3.299495
0.039966 -0.005484 3.299496
-0.044817 -0.007092 3.297577
-0.039866 -0.005483 3.299496
-0.041918 0.007518 3.299496
-0.039866 -0.005483 3.299496
-0.027687 0.045824 3.257788
-0.047138 0.007529 3.257788
-1.000767 -0.050447 3.522757
-1.000767 0.003375 3.522757
0.000049 -0.050447 3.334497
0.000049 0.003375 3.334497
-0.593318 0.003375 3.397251
-0.254339 -0.050447 3.334497
-0.549182 -0.050447 3.334497
-0.242638 -0.050447 3.397252
-0.242638 0.003375 3.397251
-0.218805 0.003375 3.334497
-0.242638 0.003375 3.397251
-0.912493 0.003375 3.397251
0.313750 -0.070541 3.421730
0.289917 -0.070541 3.358976
0.000049 0.003375 3.522757
-1.000767 0.003375 3.522757
0.912590 -0.050447 3.397252
1.000864 -0.050447 3.522757
0.000049 -0.050447 3.334497
0.000049 0.003375 3.334497
0.278269 0.003375 3.397251
0.254436 0.003375 3.334497
0.254436 0.003375 3.334497
0.278269 0.003375 3.397251
0.218902 -0.050447 3.334497
0.218902 0.003375 3.334497
0.000049 0.003375 3.334497
0.218902 0.003375 3.334497
-0.580608 -0.070541 3.421730
-0.899783 -0.070541 3.421730
1.000864 -0.050447 3.522757
1.000864 0.003375 3.522757
-0.254339 -0.050447 3.334497
-0.549182 -0.050447 3.334497
-0.242638 -0.050447 3.397252
-0.278172 -0.050447 3.397252
-0.218805 -0.050447 3.334497
0.000049 -0.050447 3.334497
0.218902 -0.050447 3.334497
0.202014 -0.070541 3.358976
0.242735 -0.050447 3.397252
0.278269 -0.050447 3.397252
0.278269 -0.050447 3.397252
0.313750 -0.070541 3.421730
0.593416 -0.050447 3.397252
0.580706 -0.070541 3.421730
1.000864 -0.050447 3.522757
0.912590 -0.050447 3.397252
0.953721 -0.070541 3.498277
0.000049 -0.070541 3.498277
-1.000767 -0.050447 3.522757
-0.953624 -0.070541 3.498277
0.977530 0.002433 -3.183364
0.825934 -0.036838 -3.183627
0.577183 -0.061350 -3.579572
0.407217 -0.060839 -3.577808
0.825617 -0.036597 -3.581560
0.978419 0.001460 -3.581258
0.825617 -0.036597 -3.581560
0.745670 -0.051402 -3.581014
0.165911 -0.019563 -3.575036
0.247278 -0.032157 -3.575683
-0.967424 0.008835 -2.984960
-0.895933 -0.014817 -2.983967
0.828341 -0.038632 -1.381813
-0.326105 -0.051080 -1.374267
-0.898706 -0.015045 -1.581498
-0.967466 0.010242 -2.183736
-0.896685 -0.014678 -2.585323
-0.408993 -0.061264 -1.377444
0.903543 -0.019312 0.436825
0.903981 -0.019206 0.034626
0.903981 -0.019206 0.034626
0.579008 -0.062562 -0.672605
0.409425 -0.060137 -0.670997
0.829099 -0.039031 -0.774818
0.746117 -0.050663 0.235143
0.746713 -0.049934 -0.675426
0.246441 -0.037124 0.650744
0.085371 -0.011439 -0.667996
-0.408955 -0.061057 -0.670388
-0.744983 -0.051828 0.640815
-0.745738 -0.053614 0.035473
-0.900387 -0.016706 0.035111
-0.745638 -0.053001 -0.675853
-0.578571 -0.067822 -0.674255
0.745268 -0.050905 0.848682
0.577485 -0.061633 0.646527
0.662122 -0.058987 0.642831
0.825233 -0.037354 1.050456
0.745280 -0.050445 0.642071
0.246441 -0.037124 0.650744
0.167525 -0.021365 0.648260
0.167525 -0.021365 0.648260
-0.967590 0.008995 1.244780
-0.898139 -0.014905 0.844163
-0.892793 -0.013429 1.920564
-0.965323 0.008901 1.731758
-0.896945 -0.014689 1.499364
-0.580775 -0.064936 2.147520
-0.665658 -0.066895 2.140926
-0.824007 -0.038860 2.124258
-0.964205 0.007998 2.153945
-0.001161 -0.006694 2.154193
-0.085507 -0.012192 2.145518
0.964789 0.008609 1.520470
0.823864 -0.039257 1.497314
0.745562 -0.056807 1.921722
0.823220 -0.041042 2.119694
0.745404 -0.057946 2.132071
0.494593 -0.059294 2.141474
0.409464 -0.061625 2.148914
-0.824158 -0.040512 2.330573
-0.959163 0.006544 2.775938
-0.822666 -0.041884 2.946581
-0.950458 0.004268 3.172138
-0.877355 -0.011808 2.991925
0.164567 -0.025100 2.149360
0.083793 -0.011771 2.153695
0.958443 0.007184 2.562558
0.825160 -0.042701 2.323830
0.825015 -0.043606 2.540948
0.825160 -0.042701 2.323830
0.953505 0.005592 3.001568
0.824863 -0.044967 2.956468
0.823719 -0.044140 2.748831
-0.820264 -0.042386 3.157396
-0.874188 -0.012706 3.165130
-0.874188 -0.012706 3.165130
-0.820264 -0.042386 3.157396
-0.085886 -0.012998 3.145976
-0.000820 -0.006468 3.138238
0.871265 -0.012130 3.165311
0.824458 -0.044930 3.155296
0.324827 -0.054083 -1.375002
0.000790 -0.006310 -1.372700
-0.578571 -0.067822 -0.674255
-0.899667 -0.015720 -1.181031
0.904530 -0.018975 -0.774887
0.746168 -0.049643 -1.378798
0.828341 -0.038632 -1.381813
0.168539 -0.020440 -0.669707
0.968394 0.007346 1.247866
0.824951 -0.038436 1.253217
-1.066169 0.023085 3.187561
-1.066167 0.037119 3.194685
-1.057173 0.056727 3.199649
-1.057173 0.065343 3.216521
-1.066167 0.048251 3.264637
-1.066167 0.037119 3.275724
-1.057173 0.007518 3.295761
-1.057173 -0.011295 3.292790
-1.066167 -0.040354 3.250674
-1.066167 -0.042814 3.235205
-1.057173 -0.041689 3.199649
-1.057173 -0.028251 3.186242
-1.057173 0.043289 3.186242
-1.057173 0.065343 3.253890
-1.057173 0.056727 3.270761
-0.957072 0.007518 3.295761
-0.957072 -0.011295 3.292790
-1.057173 -0.041689 3.270761
-1.057173 -0.050305 3.253890
-1.057173 -0.041689 3.199649
-1.057173 -0.028251 3.186242
-0.957072 0.026333 3.177621
-1.057173 0.026333 3.177621
-1.057173 0.026333 3.177621
-0.947117 0.007518 3.179063
0.000049 0.007580 3.178871
0.000049 -0.025720 3.189665
0.000049 -0.009871 3.181810
-0.947117 -0.046000 3.252554
-0.947117 -0.038007 3.268205
0.000049 0.007456 3.291541
0.000049 0.025027 3.288764
-0.947117 0.061036 3.252554
-0.947117 0.063792 3.235205
-0.947117 0.040594 3.189784
-0.947117 0.024908 3.181810
-0.949409 -0.021920 3.194788
-0.949409 -0.032999 3.205842
-0.949410 -0.007959 3.282720
-0.949410 0.007518 3.285165
-0.949409 0.055149 3.219769
-0.949409 0.048037 3.205842
-0.949409 0.055149 3.219769
-0.949407 0.057600 3.235205
-0.949410 -0.007959 3.282720
-0.949409 -0.021920 3.275622
-0.949409 -0.021920 3.194788
-0.949410 -0.007959 3.187689
1.057269 0.043289 3.186242
1.057269 0.056727 3.199649
1.066264 0.055392 3.250674
1.066264 0.048251 3.264637
1.057269 0.026333 3.292789
1.057269 0.007518 3.295761
1.066264 -0.033213 3.264637
1.066264 -0.040354 3.250674
1.057269 -0.050305 3.216521
1.057269 -0.041689 3.199649
0.957169 0.043289 3.186242
0.957169 0.056727 3.199649
1.057269 0.065343 3.216521
1.057269 0.068310 3.235205
1.057269 0.043289 3.284168
1.057269 0.026333 3.292789
0.957169 -0.028251 3.284168
0.957169 -0.041689 3.270761
0.957163 -0.050319 3.216521
0.957169 -0.041689 3.199649
1.057269 -0.011295 3.177621
1.057269 0.007518 3.174649
0.947214 -0.009871 3.181810
0.000049 -0.009871 3.181810
0.947214 -0.025557 3.189784
0.947214 -0.038007 3.202206
0.000049 -0.046164 3.217737
0.000049 -0.048947 3.235268
0.000049 -0.025619 3.280818
0.000049 0.007456 3.291541
0.947214 0.053044 3.268205
0.947214 0.061036 3.252554
0.947214 0.053044 3.202206
0.947214 0.040594 3.189784
0.949507 0.007518 3.185244
0.949507 -0.007959 3.187689
0.949506 -0.032999 3.264569
0.949506 -0.021920 3.275622
0.949504 0.055149 3.250641
0.949504 0.057600 3.235205
0.949506 0.036958 3.194788
0.949506 0.048037 3.205842
0.949507 0.022997 3.282720
0.949507 0.007518 3.285165
0.949504 -0.040111 3.219769
0.949506 -0.032999 3.205842
-0.897024 -0.053778 3.269276
-0.897024 -0.039397 3.290802
-0.866766 0.032909 3.305184
-0.866766 0.054435 3.290802
-0.866766 0.047056 3.136706
-0.866766 0.023895 3.113546
-0.897024 0.023895 3.113546
-0.897024 -0.022742 3.122822
-0.897024 -0.032019 3.136706
-0.866766 0.073867 3.243888
-0.866766 -0.039397 3.290802
-0.866766 -0.017871 3.305184
-0.866766 0.023895 3.113546
-0.866766 0.007518 3.110287
-0.897024 0.073867 3.243888
-0.897024 0.007518 3.110287
-0.897024 0.023895 3.113546
-0.897024 0.047056 3.136706
0.866863 -0.053778 3.269276
0.866863 -0.039397 3.290802
0.897122 -0.017871 3.305184
0.897122 0.007518 3.310237
0.866863 0.068816 3.269276
0.866863 0.037780 3.122822
0.866863 0.023895 3.113546
0.897122 0.007518 3.110287
0.897122 -0.008857 3.113546
0.866863 0.073867 3.243888
0.866863 -0.053778 3.269276
0.866863 -0.039397 3.290802
0.866863 0.032909 3.305184
0.866863 0.054435 3.290802
0.866863 -0.022742 3.122822
0.866863 -0.032019 3.136706
0.897122 -0.058829 3.243888
0.897122 -0.032019 3.136706
0.897122 0.068816 3.269276
0.897122 0.054435 3.290802
0.825924 -0.008108 -3.183627
0.900911 0.012322 -3.581938
0.825617 -0.007905 -3.581560
-0.169018 0.011724 -3.575413
-0.242787 -0.009919 -3.576091
-0.575800 -0.039010 -3.579298
-0.822664 -0.008290 -3.183559
-0.821566 -0.008028 -3.581972
-0.406248 -0.032987 -3.577495
0.975759 0.032988 -1.982476
0.826878 -0.009059 -2.384988
0.828171 -0.010336 0.034618
0.828171 -0.010336 0.034618
-0.823462 -0.006505 -1.379619
0.083481 0.017606 1.512922
-0.823766 -0.007097 1.049107
-0.824329 -0.007960 1.255779
-0.747378 -0.026135 1.503491
-0.824394 -0.008570 1.497349
-0.580191 -0.037593 1.510583
-0.665138 -0.035539 1.509764
0.325586 -0.025414 1.517937
0.493710 -0.033899 1.515455
0.961095 0.037686 1.936074
0.960303 0.036872 2.152322
0.821962 -0.010951 1.917542
0.823859 -0.010546 1.497314
-0.822670 -0.013207 2.946581
0.825015 -0.014911 2.540948
0.823719 -0.015446 2.748831
0.824863 -0.016273 2.956468
-0.820264 -0.013692 3.157396
-0.874188 0.015988 3.165130
-0.820264 -0.013692 3.157396
-0.168486 0.003290 3.157140
-0.247673 -0.013425 3.160954
0.824458 -0.016236 3.155296
0.828360 -0.010036 -1.381813
0.975063 0.033780 -1.582674
0.828360 -0.010036 -1.381813
0.746166 -0.020932 -1.378798
0.663157 -0.030233 -1.378224
0.746166 -0.020932 -1.378798
-0.246549 -0.007158 -1.376321
-0.166861 0.008427 -1.373410
0.085381 0.017590 -1.374935
0.168548 0.008609 -1.372980
-0.745768 -0.025141 -1.381276
0.746549 -0.027393 1.503005
0.579097 -0.035160 1.514649
0.165069 0.005137 1.514389
-0.326882 -0.025567 1.509067
-0.409282 -0.033214 1.508227
-0.166811 -0.020872 -1.373410
-0.083972 -0.010844 -1.373036
0.408896 -0.059915 -1.375879
-0.326004 -0.051202 0.649949
-0.245876 -0.037060 0.649615
-0.408955 -0.061057 -0.670388
-0.024673 0.041733 3.397572
-0.012946 0.047732 3.397572
0.024771 0.041733 3.397572
0.034084 0.032383 3.397572
0.050916 0.007518 3.390018
0.048419 -0.008285 3.390018
0.013043 -0.032694 3.397572
0.000049 -0.034761 3.397572
-0.033987 -0.017345 3.397572
-0.039973 -0.005557 3.397573
-0.029818 0.048854 3.305932
-0.015646 0.056100 3.305929
0.015743 0.056100 3.390021
0.029916 0.048854 3.390018
0.050916 0.007518 3.390018
0.048419 -0.008285 3.390018
0.015743 -0.041062 3.305929
0.015743 -0.041062 3.390021
-0.041093 -0.022537 3.305926
-0.050826 0.007516 3.305929
-0.048322 0.023323 3.305932
-0.048322 0.023323 3.390018
-0.012918 -0.032490 3.299495
0.000049 -0.034550 3.299495
0.039962 0.020520 3.299496
0.033999 0.032249 3.299496
-0.033901 0.032249 3.299496
-0.039865 0.020520 3.299496
-0.038104 0.035303 3.297569
-0.027671 0.045759 3.297569
0.000049 0.049586 3.299495
0.013015 0.047528 3.299495
0.039962 0.020520 3.299496
0.042015 0.007518 3.299496
0.027769 -0.030723 3.297569
0.014622 -0.037437 3.297569
-0.012918 -0.032490 3.299495
-0.024616 -0.026516 3.299495
-0.047112 0.007518 3.297569
-0.041918 0.007518 3.299496
-0.038106 -0.020267 3.257788
-0.014526 -0.037442 3.257786
0.000049 0.054794 3.257788
-0.027674 0.045764 3.257788
-0.912493 -0.050447 3.397252
-0.956630 -0.050447 3.460002
-0.593318 -0.050447 3.397252
-0.912493 -0.050447 3.397252
-0.254339 0.003375 3.334497
-0.278172 0.003375 3.397251
0.936705 -0.070541 3.474086
-0.278172 0.003375 3.397251
-0.278172 -0.050447 3.397252
-0.218805 -0.050447 3.334497
-0.218805 0.003375 3.334497
-0.912493 0.003375 3.397251
-1.000767 0.003375 3.522757
0.899881 -0.070541 3.421730
0.536569 -0.070541 3.358976
0.289917 -0.070541 3.358976
0.593416 -0.050447 3.397252
0.549279 -0.050447 3.334497
0.593416 0.003375 3.397251
0.912590 0.003375 3.397251
0.218902 -0.050447 3.334497
0.218902 0.003375 3.334497
0.254436 0.003375 3.334497
0.254436 -0.050447 3.334497
0.242735 -0.050447 3.397252
0.242735 0.003375 3.397251
0.242735 -0.050447 3.397252
0.242735 0.003375 3.397251
-0.313652 -0.070541 3.421730
0.000049 -0.070541 3.358976
-0.201917 -0.070541 3.358976
-0.289819 -0.070541 3.358976
-0.549182 -0.050447 3.334497
-0.593318 -0.050447 3.397252
-0.289819 -0.070541 3.358976
-0.313652 -0.070541 3.421730
-0.218805 -0.050447 3.334497
-0.201917 -0.070541 3.358976
-0.201917 -0.070541 3.358976
0.000049 -0.050447 3.334497
0.218902 -0.050447 3.334497
0.242735 -0.050447 3.397252
0.225847 -0.070541 3.421730
0.313750 -0.070541 3.421730
0.549279 -0.050447 3.334497
0.536569 -0.070541 3.358976
0.912590 -0.050447 3.397252
0.593416 -0.050447 3.397252
0.936705 -0.070541 3.474086
0.953721 -0.070541 3.498277
0.000049 -0.050447 3.522757
-0.953624 -0.070541 3.498277
-0.956630 -0.050447 3.460002
-0.912493 -0.050447 3.397252
81 82
8 9
34 35
79 80
412 415
414 421
320 321
170 171
419 420
160 161
523 524
230 231
298 300
299 301
58 59
312 313
98 99
100 101
26 27
154 155
514 518
417 426
316 317
674 679
1030 1056
1031 1058
172 173
304 305
540 550
536 537
260 261
757 758
485 486
1172 1173
277 278
503 504
791 792
200 201
339 341
622 623
619 620
589 590
911 912
957 958
819 820
162 163
167 168
169 174
543 545
815 881
826 838
522 544
805 810
1019 1029
538 539
845 856
529 564
427 428
807 818
824 825
519 530
158 159
233 234
416 418
294 295
314 318
232 235
2 3
28 29
229 232
86 87
236 293
837 840
676 689
862 866
54 55
148 149
839 841
1044 1045
554 555
164 165
166 175
813 814
809 880
1028 1057
806 811
1025 1026
796 799
508 510
509 512
507 511
795 800
856 858
302 303
322 323
411 413
771 772
251 252
459 466
747 754
1140 1141
1124 1125
1168 1169
74 75
52 53
62 63
72 73
263 264
497 498
460 461
748 749
775 776
144 145
134 135
848 885
88 89
325 429
84 85
552 558
1136 1137
4 5
30 31
849 886
683 684
562 563
6 7
32 33
0 1
78 83
279 280
779 780
473 474
493 494
769 770
253 254
864 865
1042 1043
10 11
36 37
1046 1050
857 869
850 852
1047 1048
867 868
1034 1035
829 833
844 855
1160 1161
851 863
832 886
1151 1152
1049 1055
255 262
275 276
859 870
422 423
685 686
409 410
560 561
670 671
797 798
515 516
528 531
823 828
879 1077
696 697
703 704
1024 1027
816 817
402 405
526 527
1040 1041
521 525
541 542
1067 1068
310 311
678 680
308 309
534 535
827 879
692 693
551 553
687 688
227 228
315 324
318 319
306 307
672 673
517 520
548 549
60 61
140 141
130 131
387 389
471 472
481 482
1133 1134
759 760
789 790
24 25
209 210
70 71
150 151
289 290
225 226
128 129
406 407
180 181
195 196
38 39
14 15
44 45
90 91
215 220
216 217
291 292
178 179
221 222
213 214
666 667
407 408
382 385
391 393
661 664
985 990
995 998
120 121
124 125
647 648
1015 1016
110 111
112 113
92 93
102 103
16 17
182 183
340 341
358 359
243 244
336 337
573 574
575 576
578 579
608 609
612 613
908 909
42 43
237 238
126 127
122 123
501 502
247 248
441 442
285 286
18 19
46 47
1164 1165
489 490
436 437
713 723
873 874
853 854
842 843
1038 1039
846 847
878 1073
681 682
830 831
532 533
556 557
296 297
877 1074
453 454
720 721
718 719
714 715
1094 1095
1098 1099
513 515
1064 1065
822 884
808 812
1060 1061
245 246
1072 1073
202 204
675 699
1058 1059
882 883
239 240
1070 1071
690 691
1033 1069
803 804
20 21
48 49
860 861
1075 1076
801 802
1062 1063
1053 1054
677 701
698 700
559 702
821 836
834 835
424 425
694 695
1032 1066
546 547
1036 1037
114 115
1020 1021
1022 1023
265 266
287 288
1154 1155
1138 1139
269 270
483 484
499 500
1122 1123
1174 1175
146 147
138 139
142 143
223 224
395 401
334 335
189 190
588 590
196 203
184 185
256 257
258 259
476 477
478 479
487 488
1162 1163
464 465
467 468
752 753
755 756
763 764
765 766
1126 1127
1150 1153
1156 1157
68 69
94 95
104 105
76 77
152 153
136 137
343 350
1128 1135
871 872
1051 1052
273 274
241 242
875 876
505 506
793 794
338 345
271 272
249 250
197 203
455 456
469 470
743 744
773 774
267 268
462 463
750 751
1129 1130
1146 1147
1148 1149
457 458
745 746
761 762
767 768
1131 1132
1142 1143
1144 1145
181 188
586 587
176 177
327 328
191 192
193 194
205 206
380 381
389 390
386 388
403 404
368 376
207 208
211 212
283 284
383 384
785 786
430 435
326 331
372 373
431 432
741 742
448 454
22 23
56 57
132 133
50 51
64 65
66 67
156 157
198 199
332 333
329 330
362 363
605 606
614 615
12 13
40 41
355 356
364 365
360 361
601 602
611 612
186 187
491 492
781 782
1158 1159
495 496
475 480
777 778
783 784
344 349
584 585
583 584
218 219
96 97
963 964
342 351
281 282
1166 1167
787 788
347 348
370 374
659 660
642 643
392 393
396 397
657 658
398 399
640 641
433 434
716 717
438 439
1096 1097
707 708
711 712
567 568
352 357
599 600
603 604
353 354
594 595
705 706
591 592
626 628
630 631
378 379
986 987
1170 1171
451 452
731 732
1118 1119
1120 1121
106 107
108 109
724 725
735 736
446 447
394 400
645 646
651 652
981 982
999 1000
1009 1010
636 637
653 654
665 669
983 984
991 992
1011 1012
638 639
655 656
662 663
1017 1018
668 669
1001 1002
1003 1008
644 648
649 650
116 117
118 119
571 572
569 570
577 593
337 346
366 371
580 581
369 375
939 940
955 956
893 894
902 903
899 910
949 950
951 952
897 898
906 907
935 936
945 946
953 954
889 890
943 944
900 901
904 905
947 948
709 710
440 445
722 726
621 632
618 633
367 377
917 918
961 962
443 444
616 617
913 914
921 922
959 960
967 968
915 916
965 966
919 920
993 994
996 997
988 989
1013 1014
1004 1005
1006 1007
1082 1083
1092 1093
1090 1091
1088 1089
887 888
891 892
937 938
941 942
596 597
977 978
624 625
969 970
925 926
565 566
634 635
895 896
933 934
931 932
975 976
923 924
971 972
979 980
927 928
929 930
973 974
449 450
733 734
729 730
1106 1107
1112 1113
359 372
607 629
1086 1087
1080 1081
1078 1079
727 728
1110 1111
739 740
1084 1085
1104 1105
1102 1103
1114 1115
1100 1101
1108 1109
610 627
582 598
737 738
1116 1117
