2987964038624375438 1164 600
-0.345932 -2.899931 -0.116606
0.347125 -0.064436 -0.115573
0.346761 -2.894433 -0.114764
0.084354 -0.075899 3.370244
0.347125 -0.064436 -0.115573
0.058638 -1.536283 3.470558
-0.052174 -1.429193 3.491985
0.044028 -1.306731 3.466610
-0.052174 -1.429193 3.491985
-0.057305 -1.407112 3.678792
-0.080637 -1.515209 3.657695
0.405125 -0.113123 -0.115573
0.404687 -2.843721 -0.114764
0.337286 -0.129814 0.140009
0.389306 -0.123309 0.099763
-0.385768 -0.466389 0.141179
-0.428872 -0.569087 0.572275
-0.207638 -2.832920 2.301256
-0.396698 -2.485169 0.572877
-0.427785 -2.358953 0.673787
-0.385606 -0.583652 0.664401
-0.418235 -0.561237 0.670842
-0.375970 -0.131314 1.132751
-0.427785 -2.358953 0.673787
0.355301 -2.831215 1.525439
-0.414924 -0.559084 1.167827
0.427514 -2.879278 1.164232
0.419658 -0.109609 1.159156
-0.452776 -0.117956 1.159899
0.397961 -0.092556 1.467298
0.339885 -1.912419 1.555105
-0.413887 -1.998016 1.572023
-0.421591 -2.848625 1.570913
0.367988 -1.877019 1.663420
0.369203 -1.073292 1.665467
0.176293 -0.112175 2.286346
0.091171 -2.846833 2.854507
-0.144630 -2.837185 2.708228
0.061312 -2.885860 3.473573
0.057757 -1.533273 3.470558
-0.054603 -0.105780 3.453897
0.040165 -1.311784 3.466610
-0.075673 -1.429945 3.491985
-0.109946 -1.512940 3.657695
-0.081851 -1.408638 3.678792
0.057757 -1.533273 3.470558
-0.421907 -2.940885 -0.127910
-0.430199 -0.062244 -0.125437
0.419870 -2.191955 0.013058
-0.396870 -2.918020 0.087978
-0.418859 -2.928603 0.088859
-0.421544 -0.845629 0.008789
-0.370718 -2.156058 0.029562
0.371381 -2.157327 0.031287
-0.369211 -0.882728 0.032601
-0.419437 -0.802079 0.089994
-0.420908 -2.237360 0.089451
0.371107 -0.880488 0.031900
-0.420293 -0.068389 0.090708
0.385365 -2.220153 0.086597
0.470438 -2.263756 0.056611
-0.352543 -0.066042 0.105401
0.418909 -0.805082 0.090882
-0.381320 -2.544340 0.097891
-0.366389 -1.002964 0.204536
-0.355416 -0.102810 0.131923
-0.364273 -2.494166 0.159534
0.358238 -0.458414 0.144381
0.357490 -0.099014 0.129467
-0.404034 -2.385170 0.177859
-0.380213 -0.560329 0.160273
-0.418971 -2.189631 0.175975
-0.413205 -0.850258 0.174058
-0.413185 -2.428826 0.175408
-0.362647 -2.492008 0.567497
-0.419970 -2.422525 0.566108
-0.412074 -0.532028 0.569633
0.419906 -0.570249 0.567242
0.419060 -2.425061 0.567150
0.361377 -2.488231 0.567405
-0.196021 -2.925499 2.304200
0.384441 -2.385791 0.587584
0.360188 -2.498126 0.662971
0.384314 -0.572831 0.588119
-0.386780 -0.570298 0.643233
0.420402 -0.570031 0.663384
-0.411031 -0.532641 0.664504
0.418743 -2.427206 0.663370
0.360010 -2.501815 1.070384
0.418274 -2.425387 1.069449
-0.417989 -2.426569 1.069320
-0.411493 -0.538487 1.070412
0.365177 -2.922896 1.141037
0.372080 -2.911310 1.518393
0.361395 -2.540951 1.130853
-0.454579 -0.065724 1.368858
-0.372328 -2.906755 1.519720
0.392846 -0.083356 1.154063
0.443883 -2.926891 1.157894
-0.446590 -0.065487 1.156114
0.453557 -2.072668 1.169083
0.449314 -1.004652 1.177120
0.430592 -2.035170 1.180271
-0.416985 -2.034280 1.204233
0.431406 -0.839074 1.258998
0.444438 -0.849391 1.260506
-0.418138 -2.169188 1.258807
0.453488 -0.068722 1.367404
0.453557 -0.803784 1.367359
-0.363705 -0.060009 1.518398
-0.367866 -0.058029 1.514831
0.358291 -0.058916 1.563299
0.367848 -0.075112 1.516748
0.370806 -2.063305 1.538772
-0.394840 -0.101520 1.564240
-0.386100 -2.909252 1.562216
0.381774 -2.907272 1.558676
0.386755 -2.894552 1.564780
0.364046 -1.953720 1.556257
0.407683 -2.035721 1.560502
-0.410968 -2.036031 1.561655
-0.366926 -1.036878 1.554579
-0.394119 -0.951278 1.567241
-0.419829 -0.081761 1.561503
-0.385861 -0.086140 1.559345
-0.196896 -0.062556 2.323457
-0.414154 -2.944037 1.569391
0.415617 -2.935854 1.570402
0.356004 -2.050064 1.590314
0.388796 -2.046013 1.564995
-0.393976 -1.917524 1.658414
0.395316 -1.916582 1.660394
-0.331872 -1.964832 1.584801
-0.361244 -0.938425 1.590317
-0.394119 -0.951278 1.567241
-0.419075 -0.934674 1.562091
-0.393221 -1.081365 1.657957
-0.356508 -1.919059 1.650241
-0.129270 -2.922650 2.714056
0.127863 -2.932850 2.712907
0.127499 -0.055459 2.712557
-0.130544 -2.899315 2.715370
-0.120590 -0.062513 2.863962
-0.143425 -2.938424 2.738504
-0.145199 -0.043577 2.740345
-0.111352 -0.065970 3.384279
-0.115055 -1.128963 3.379427
0.041702 -2.911903 3.463982
-0.110783 -2.926628 3.379637
0.113331 -1.834792 3.379384
0.107803 -1.362581 3.405669
-0.044333 -0.064090 3.457258
-0.090071 -1.095638 3.474468
-0.034505 -1.048932 3.462434
-0.096907 -1.632260 3.454922
-0.120189 -1.481092 3.456599
0.084366 -1.104218 3.478021
0.040699 -0.070584 3.463195
0.096942 -1.831031 3.469299
0.074671 -1.554351 3.477789
-0.000459 -1.495342 3.520647
0.050548 -1.401970 3.512363
-0.004355 -1.438939 3.508581
0.054518 -1.328670 3.476723
-0.096248 -1.534666 3.667189
0.062632 -1.425605 3.680154
0.071968 -1.528828 3.686677
0.094528 -1.424096 3.679368
-0.095462 -1.427722 3.678297
-0.000000 -0.019494 1.164873
0.438644 -1.225427 1.550802
0.438644 0.000477 1.511161
0.498637 -2.820138 0.552528
0.236841 0.000477 2.301644
0.236841 -2.997849 2.301644
0.236841 0.000477 2.301644
0.236841 -2.997849 2.301644
0.456708 -2.997876 1.151162
0.438643 -2.997890 1.511160
0.134440 -1.363324 3.411909
-0.134440 -1.363324 3.411909
0.000000 0.000477 3.494449
-0.000000 -2.982214 1.164872
0.503354 0.000477 -0.255840
0.000000 0.000477 -0.255840
-0.000000 -0.019494 1.164873
-0.536127 0.000477 1.151208
-0.498637 -0.181569 0.552529
-0.438644 -1.708914 1.550802
-0.438643 -2.997890 1.511160
-0.536127 0.000477 1.151208
-0.536127 -2.997910 1.151207
-0.456708 -2.997876 1.151162
-0.536127 -2.997910 1.151207
-0.503354 -2.998341 -0.255840
-0.000000 -2.997843 -0.255840
-0.000000 -0.019494 1.164873
-0.452968 -1.845493 -0.009454
0.503354 -1.856686 -0.028963
0.144122 -2.997839 2.860502
0.172210 -2.997844 2.760182
0.536127 0.000477 1.151208
0.456708 -2.997876 1.151162
0.456708 -2.997876 1.151162
0.503354 0.000477 -0.255840
0.498637 -0.181569 0.552529
0.438644 -1.708914 1.550802
0.438644 0.000477 1.511161
0.236841 0.000477 2.301644
-0.000000 -2.997776 2.757907
0.438643 -2.997890 1.511160
0.536127 -2.997910 1.151207
0.438643 -2.997890 1.511160
0.236841 -2.997849 2.301644
0.456708 -2.997876 1.151162
0.498637 -2.820138 0.552528
0.498656 -1.856686 0.150437
0.498637 -2.820138 0.552528
0.456708 -2.997876 1.151162
-0.000000 -2.982214 1.164872
-0.000000 -2.997843 -0.255840
0.503354 0.000477 -0.255840
-0.000000 -2.997843 -0.255840
-0.236841 0.000477 2.301644
-0.438644 -1.225427 1.550802
-0.536127 0.000477 1.151208
-0.498637 -2.982214 1.159701
-0.438643 -2.997890 1.511160
-0.438644 -1.708914 1.550802
-0.438644 -1.708914 1.550802
-0.438644 -1.225427 1.550802
-0.236841 0.000477 2.301644
-0.236841 -2.997849 2.301644
-0.000000 -2.982214 1.164872
-0.000000 -2.997776 2.757907
-0.503354 -2.998341 -0.255840
-0.456708 -2.997876 1.151162
-0.498622 -1.783186 0.250844
-0.498637 -2.820138 0.552528
0.000000 0.000477 3.494449
-0.000000 -2.982214 1.164872
-0.536127 -2.997910 1.151207
-0.456708 -2.997876 1.151162
-0.503354 -2.998341 -0.255840
0.000000 0.000477 -0.255840
-0.503354 -2.998341 -0.255840
0.503354 -2.998341 -0.255840
0.137385 0.000477 3.410051
0.146835 0.000477 2.860502
0.236841 0.000477 2.301644
0.438644 0.000477 1.511161
0.536127 0.000477 1.363543
0.000000 0.000477 1.511161
0.456708 -0.139131 1.143212
0.456708 -0.181569 0.652170
0.498637 -2.982214 1.159701
0.456708 -2.997876 1.151162
0.438644 -1.708914 1.550802
0.495256 -1.225427 1.565981
0.148557 -2.997838 2.757907
0.236841 -2.997849 2.301644
0.536127 -1.764092 1.162530
-0.000000 -2.997686 1.151182
0.134440 -1.363324 3.411909
0.134440 -1.621644 3.411908
0.039664 -1.512794 3.473198
0.001295 -1.512794 3.484617
0.498679 -1.082200 0.150472
0.498622 -1.783186 0.250844
0.503354 -1.082200 -0.028963
0.498679 -1.082200 0.150472
0.452515 -2.012764 0.114451
0.452620 -2.014534 0.050801
0.452620 -2.014534 0.050801
-0.000000 -2.997776 2.757907
0.452677 0.000477 0.050784
0.000000 0.000477 1.151208
-0.000000 -2.997817 3.494448
0.000000 0.000477 1.511161
0.000000 0.000477 2.757907
-0.438644 0.000477 1.511161
-0.236841 0.000477 2.301644
-0.456708 -0.139131 1.143212
-0.456708 -0.181569 0.552529
-0.498888 -1.848126 1.419933
-0.536127 -1.764092 1.162530
-0.236841 -2.997849 2.301644
-0.461224 -1.655588 1.663024
-0.236841 0.000477 2.301644
-0.498888 -1.848126 1.419933
-0.438643 -2.997890 1.511160
-0.236841 0.000477 2.301644
-0.536127 0.000477 1.363543
-0.536127 0.000477 1.151208
-0.000000 -2.997776 2.757907
-0.144122 -2.997839 2.860502
-0.438643 -2.997890 1.511160
-0.000000 -2.997686 1.151182
-0.000000 -2.997686 1.151182
-0.536127 -2.997910 1.151207
-0.076907 -1.472173 3.718778
-0.001295 -1.512794 3.484617
-0.076907 -1.472173 3.718778
-0.039664 -1.472173 3.473198
-0.451860 -1.857018 0.121015
-0.498679 -1.082200 0.150472
-0.498622 -1.783186 0.250844
-0.452592 -1.099901 -0.009434
-0.498679 -1.082200 0.150472
-0.503354 -2.998440 0.050891
-0.000000 -2.997686 1.151182
-0.503354 0.000477 -0.255840
-0.503354 -2.998341 -0.255840
-0.503354 0.000477 -0.255840
-0.452677 0.000477 0.050784
-0.503354 -2.998341 -0.255840
-0.000000 -2.998440 0.050891
0.503354 -2.998341 -0.255840
0.503354 -2.998440 0.050891
-0.503354 0.000477 -0.255840
0.503354 -1.856686 -0.028963
0.144122 -2.997839 2.860502
0.172210 -2.997844 2.760182
0.536127 -2.997910 1.151207
0.456708 -2.997876 1.151162
0.452677 0.000477 0.050784
0.431134 -0.181569 0.126879
0.503354 -2.998440 0.050891
0.452620 -2.014534 0.050801
0.431134 -0.181569 0.126879
0.456708 -0.139131 1.143212
0.431134 -0.181569 0.126879
0.536127 0.000477 1.151208
0.438644 -1.708914 1.550802
0.438643 -2.997890 1.511160
0.146835 0.000477 2.860502
0.148557 -2.997838 2.757907
0.498888 -1.848126 1.419933
-0.000000 -2.997893 1.566186
0.438643 -2.997890 1.511160
-0.000000 -2.997686 1.151182
0.498637 -2.982214 1.159701
0.456708 -2.997876 1.151162
0.431134 -2.820138 0.126878
0.498656 -1.856686 0.150437
0.431134 -2.820138 0.126878
0.456708 -0.181569 0.652170
0.456708 -2.820138 0.552528
0.452515 -2.012764 0.114451
0.498679 -1.082200 0.150472
0.451860 -1.857018 0.121015
0.134440 -1.363324 3.411909
-0.000000 -1.621644 3.509341
-0.000000 -2.998440 0.050891
-0.000000 -2.997686 1.151182
0.503354 0.000477 -0.255840
0.503354 -2.998341 -0.255840
0.000000 0.000477 3.494449
-0.137385 -2.997869 3.410051
-0.137385 0.000477 3.410051
-0.438644 -1.708914 1.550802
-0.461224 -1.655588 1.663024
-0.438644 0.000477 1.511161
-0.536127 0.000477 1.363543
-0.456708 -2.997876 1.151162
-0.536127 0.000477 1.151208
-0.456708 -0.139131 1.143212
-0.456708 -0.181569 0.552529
-0.438643 -2.997890 1.511160
-0.438644 -1.708914 1.550802
-0.461224 -1.655588 1.663024
-0.498888 -1.848126 1.419933
-0.438643 -2.997890 1.511160
-0.236841 -2.997849 2.301644
-0.431134 -2.820138 0.126878
-0.456708 -2.862576 1.143212
-0.431134 -2.820138 0.126878
-0.456708 -2.997876 1.151162
-0.498679 -1.082200 0.150472
-0.498622 -1.783186 0.250844
-0.503354 -2.998440 0.050891
-0.000000 -2.997686 1.151182
-0.536127 -2.997910 1.151207
-0.137385 -2.997869 3.410051
-0.144122 -2.997839 2.860502
-0.503354 -2.998341 -0.255840
-0.000000 -2.997843 -0.255840
-0.000000 -2.997843 -0.255840
0.503354 -2.998341 -0.255840
-0.503354 -2.998341 -0.255840
0.503354 -2.998440 0.050891
-0.000000 -2.997817 3.494448
0.000000 0.000477 1.511161
0.146835 0.000477 2.860502
0.148557 0.000477 2.757907
0.495151 0.000477 1.565947
0.236841 0.000477 2.301644
0.438644 -1.708914 1.550802
0.399677 -1.655589 1.659050
0.461224 -1.655588 1.663024
0.399677 -1.708914 1.606876
0.399677 -1.225427 1.606876
0.495256 -1.225427 1.565981
0.453137 -1.856684 -0.028629
0.452459 -1.856686 0.050787
0.438644 0.000477 1.511161
0.495151 0.000477 1.565947
0.456708 -2.997876 1.151162
0.456708 0.000477 1.151208
0.000000 0.000477 1.363543
0.536127 0.000477 1.363543
0.438644 0.000477 1.511161
0.498637 -2.820138 0.652170
0.456708 -0.181569 0.652170
0.503354 0.000477 0.050892
0.452677 0.000477 0.050784
0.456708 -2.862576 1.143212
0.456708 -0.139131 1.143212
0.498656 -1.856686 0.150437
0.498637 -2.820138 0.150437
0.503354 -2.998440 0.050891
0.536127 -1.848126 1.363543
0.498888 -1.848126 1.419933
0.431134 -0.181569 0.126879
0.452672 -0.180509 0.050788
0.498622 -1.783186 0.250844
0.450703 -1.783839 0.250854
0.438644 0.000477 1.511161
0.438644 -1.225427 1.550802
0.148557 -2.997838 2.757907
0.236841 -2.997849 2.301644
0.536127 -2.997910 1.151207
0.536127 0.000477 1.151208
0.438643 -2.997890 1.511160
-0.000000 -2.997698 1.363543
-0.000000 -2.997893 1.566186
0.536127 -2.997922 1.363543
0.431134 -2.820138 0.126878
0.431134 -2.820138 1.089688
0.536127 -2.997910 1.151207
0.108551 -1.621644 3.509341
-0.000000 -1.363324 3.411909
0.134440 -1.363324 3.411909
0.039664 -1.512794 3.473198
0.001295 -1.512794 3.484617
0.498637 -1.157480 0.250608
0.498679 -1.082200 0.150472
0.431134 -2.820138 0.126878
0.452515 -2.012764 0.114451
0.456708 -0.181569 0.552529
0.498622 -1.783186 0.250844
0.498637 -1.157480 0.250608
0.451510 -1.857396 0.162121
0.431134 -0.181569 0.126879
0.451121 -1.082199 0.161917
0.452515 -2.012764 0.114451
0.452620 -2.014534 0.050801
0.108551 -1.363324 3.509341
0.000000 0.000477 3.494449
-0.000000 -2.997776 2.757907
0.503354 0.000477 -0.255840
-0.000000 -2.997843 -0.255840
-0.137385 0.000477 3.410051
-0.148557 0.000477 2.757907
-0.236841 0.000477 2.301644
-0.148557 -2.997838 2.757907
-0.148557 0.000477 2.757907
-0.461192 -1.278751 1.663013
-0.399677 -1.278752 1.659050
-0.438644 -1.225427 1.550802
-0.495256 -1.225427 1.565981
-0.503354 -1.082200 -0.028963
-0.503354 -1.856686 -0.028963
-0.495256 -1.225427 1.565981
-0.495151 0.000477 1.565947
-0.536127 0.000477 1.151208
-0.456708 0.000477 1.151208
-0.536127 0.000477 1.363543
-0.536127 -1.086215 1.363543
0.000000 0.000477 0.050892
-0.452677 0.000477 0.050784
-0.456708 -0.181569 0.652170
-0.503354 0.000477 0.050892
-0.503354 -1.082200 0.050892
-0.431134 -0.181569 1.089688
-0.498637 -0.181569 0.652170
-0.498888 -1.848126 1.419933
-0.536127 -1.086215 1.244090
-0.498888 -1.086215 1.419933
-0.431134 -0.181569 0.126879
-0.431134 -0.181569 1.089688
-0.461224 -1.655588 1.663024
-0.495297 -1.708915 1.565994
-0.438644 -1.708914 1.550802
-0.438643 -2.997890 1.511160
-0.536127 -2.997922 1.363543
-0.438643 -2.997890 1.511160
-0.536127 -1.086215 1.244090
-0.536127 -2.997922 1.363543
-0.536127 -2.997910 1.151207
-0.148557 -2.997838 2.757907
-0.236841 -2.997849 2.301644
-0.438643 -2.997890 1.511160
-0.000000 -2.997893 1.566186
-0.000000 -2.997686 1.151182
-0.498637 -2.982214 1.159701
-0.431134 -2.820138 0.126878
-0.456708 -2.820138 0.552528
-0.452575 -2.862576 0.063885
-0.452593 -2.997814 0.050790
-0.108551 -1.621644 3.509341
-0.134440 -1.621644 3.411908
-0.000000 -1.363324 3.411909
-0.108551 -1.363324 3.509341
-0.115276 -1.512794 3.707359
-0.039664 -1.512794 3.473198
-0.039664 -1.472173 3.473198
-0.039664 -1.512794 3.473198
-0.498622 -1.783186 0.250844
-0.451510 -1.857396 0.162121
-0.456708 -0.181569 0.552529
-0.498637 -0.181569 0.150437
-0.498637 -2.820138 0.150437
-0.456708 -2.820138 0.552528
-0.451121 -1.082199 0.161917
-0.498637 -1.157480 0.250608
-0.431134 -0.181569 0.126879
-0.451121 -1.082199 0.161917
-0.452968 -1.845493 -0.009454
-0.451860 -1.857018 0.121015
-0.108551 -1.363324 3.509341
-0.108551 -1.621644 3.509341
-0.000000 -2.997776 2.757907
-0.000000 -2.997817 3.494448
-0.503354 0.000477 -0.255840
-0.503354 -2.998341 -0.255840
-0.503354 0.000477 -0.255840
-0.503354 0.000477 0.050892
-0.503354 -2.998341 -0.255840
-0.000000 -2.998440 0.050891
-0.503354 -1.856686 -0.028963
-0.503354 -1.082200 -0.028963
0.503354 0.000477 -0.255840
0.000000 0.000477 3.494449
0.137385 0.000477 3.410051
0.144122 -2.997839 2.860502
0.172210 -2.997844 2.760182
0.148557 -2.997838 2.757907
0.399677 -1.708914 1.606876
0.495297 -1.708915 1.565994
0.461192 -1.278751 1.663013
0.399677 -1.278752 1.659050
0.503354 -1.856686 -0.028963
0.503354 -1.082200 -0.028963
0.503354 -1.082200 0.050892
0.452069 -1.082289 0.050808
0.438644 -1.225427 1.550802
0.438644 0.000477 1.511161
0.536127 -2.997910 1.151207
0.456708 -2.997876 1.151162
0.498637 -2.820138 1.050527
0.498637 -0.181569 0.150437
0.451121 -1.082199 0.161917
0.456708 -2.820138 0.652170
0.536127 0.000477 1.151208
0.498637 -2.982214 1.159701
0.498637 -0.181569 1.050528
0.431134 -0.181569 1.089688
0.503354 -1.856686 0.050892
0.498888 -1.086215 1.419933
0.536127 -1.086215 1.244090
0.498637 -0.181569 0.150437
0.431134 -0.181569 0.126879
0.456708 0.000477 1.151208
0.456708 -0.139131 1.143212
0.495297 -1.708915 1.565994
0.495151 -2.997916 1.565946
-0.000000 -2.997686 1.151182
0.498637 -2.982214 1.159701
0.431134 -2.820138 0.126878
0.456708 -2.820138 0.552528
0.456708 -2.997876 1.151162
0.452593 -2.997814 0.050790
0.134440 -1.621644 3.411908
-0.000000 -1.363324 3.411909
-0.000000 -1.363324 3.509341
0.115276 -1.512794 3.707359
0.076907 -1.472173 3.718778
0.498622 -1.783186 0.250844
0.498656 -1.856686 0.150437
0.431134 -2.820138 0.126878
0.452515 -2.012764 0.114451
0.498637 -1.157480 0.250608
0.456708 -2.820138 0.552528
0.498622 -1.783186 0.250844
0.452515 -2.012764 0.114451
0.452575 -2.862576 0.063885
0.451860 -1.857018 0.121015
-0.000000 -1.363324 3.509341
0.137385 0.000477 3.410051
-0.000000 -2.998440 0.050891
-0.000000 -2.997686 1.151182
-0.000000 -2.997817 3.494448
0.000000 0.000477 1.151208
0.503354 0.000477 -0.255840
0.503354 -2.998341 -0.255840
0.000000 0.000477 3.494449
-0.495256 -1.225427 1.565981
-0.495151 0.000477 1.565947
-0.399677 -1.278752 1.659050
-0.438644 -1.225427 1.550802
-0.452968 -1.845493 -0.009454
-0.503354 -1.856686 0.050892
-0.438644 0.000477 1.511161
-0.495256 -1.225427 1.565981
-0.456708 -2.997876 1.151162
-0.536127 0.000477 1.151208
-0.438644 0.000477 1.511161
-0.498637 -0.181569 0.150437
-0.451121 -1.082199 0.161917
-0.456708 -2.820138 0.652170
-0.456708 -2.997876 1.151162
-0.456708 -2.862576 1.143212
-0.498637 -0.181569 1.050528
-0.498637 -2.820138 0.652170
-0.431134 -2.820138 0.126878
-0.498637 -2.820138 0.150437
-0.536127 -1.848126 1.244090
-0.431134 -0.181569 0.126879
-0.456708 -0.181569 0.552529
-0.456708 0.000477 1.151208
-0.452677 0.000477 0.050784
-0.452672 -0.180509 0.050788
-0.431134 -0.181569 0.126879
-0.536127 -1.848126 1.363543
-0.536127 -2.997922 1.363543
-0.498888 -1.848126 1.419933
-0.536127 -1.170249 1.162530
-0.498637 -2.820138 0.150437
-0.456708 -2.820138 0.552528
-0.456708 -2.997876 1.151162
-0.431134 -2.820138 1.089688
-0.000000 -1.363324 3.411909
-0.108551 -1.363324 3.509341
-0.115276 -1.512794 3.707359
-0.039664 -1.472173 3.473198
-0.452620 -2.014534 0.050801
-0.452593 -2.997814 0.050790
-0.000000 -2.997686 1.151182
-0.456708 -2.997876 1.151162
-0.137385 -2.997869 3.410051
-0.000000 -2.997817 3.494448
-0.456708 0.000477 1.151208
0.000000 0.000477 0.050892
-0.452677 0.000477 0.050784
-0.000000 -2.998440 0.050891
-0.000000 -2.997843 -0.255840
0.503354 -1.856686 0.050892
0.503354 -2.998440 0.050891
0.503354 -2.998341 -0.255840
0.047590 -2.997837 3.494448
0.000000 0.000477 2.301644
0.236841 0.000477 2.301644
0.438644 0.000477 1.566187
0.161038 -2.997844 2.862777
0.146835 0.000477 2.860502
0.148557 -2.997838 2.757907
0.495151 0.000477 1.565947
0.236841 0.000477 2.301644
0.399677 -1.708914 1.550802
0.399677 -1.225427 1.550802
0.399677 -1.708914 1.550802
0.399677 -1.708914 1.606876
0.399677 -1.708914 1.606876
0.399677 -1.655589 1.659050
0.438644 -1.225427 1.550802
0.438644 -1.225427 1.572478
0.503354 -1.856686 0.050892
0.453137 -1.856684 -0.028629
0.495256 -1.225427 1.565981
0.438644 0.000477 1.566187
0.000000 0.000477 1.511161
0.438644 0.000477 1.511161
0.000000 0.000477 1.363543
0.000000 0.000477 1.511161
0.438644 0.000477 1.566187
0.438644 0.000477 1.511161
0.498637 -2.820138 0.552528
0.452507 -0.181570 0.150451
0.452484 -1.021006 0.150469
0.498637 -2.820138 0.652170
0.451224 -1.082200 0.149903
0.452484 -1.021006 0.150469
0.456708 0.000477 1.151208
0.456708 -2.997876 1.151162
0.452672 -0.180509 0.050788
0.498637 -0.181569 0.652170
0.452460 -1.856686 0.150442
0.498637 -2.820138 0.150437
0.503354 -2.998440 0.050891
0.536127 -1.764092 1.162530
0.498888 -1.086215 1.419933
0.496167 -1.086215 1.419933
0.496167 -1.086215 1.244090
0.496167 -1.086215 1.244090
0.536127 -1.848126 1.363543
0.456708 -0.181569 0.652170
0.456708 -0.181569 0.552529
0.452655 0.000477 0.063879
0.452652 -0.139132 0.063883
0.431134 -0.139131 0.063997
0.431134 -0.181569 0.126879
0.456708 -0.139131 1.143212
0.498622 -1.783186 0.250844
0.450703 -1.783839 0.250854
0.438644 -1.708914 1.550802
0.438644 0.000477 1.511161
0.498888 -1.848126 1.419933
0.536127 -1.848126 1.363543
0.236841 0.000477 2.301644
0.236841 -2.997849 2.301644
0.047590 0.000477 3.494449
0.000000 0.000477 3.494449
0.536127 -2.997910 1.151207
0.536127 0.000477 1.151208
-0.000000 -2.997750 2.301644
-0.000000 -2.997776 2.757907
0.438643 -2.997893 1.566186
0.438643 -2.997890 1.511160
-0.000000 -2.997706 1.511160
0.536127 -2.997922 1.363543
0.452593 -2.997814 0.050790
-0.000000 -2.997814 0.050789
0.456708 -2.820138 0.652170
0.452575 -2.862576 0.063885
0.452571 -2.997815 0.063884
0.431134 -2.820138 1.089688
0.431134 -2.862576 1.143212
0.456708 -2.862576 1.143212
0.456708 -2.997876 1.143212
0.536127 -2.997910 1.151207
0.134440 -1.363324 3.411909
0.134440 -1.621644 3.411908
0.108551 -1.363324 3.509341
0.134440 -1.363324 3.411909
0.112690 -1.474578 3.456029
0.138486 -1.475937 3.456571
0.138486 -1.475937 3.474966
0.112690 -1.488888 3.489282
0.138486 -1.522076 3.474966
0.144877 -1.518205 3.458115
0.138486 -1.508562 3.443564
0.144877 -1.479809 3.458115
0.144877 -1.479809 3.473423
0.144877 -1.491054 3.484246
0.144877 -1.518204 3.473423
0.138486 -1.522076 3.456570
0.112690 -1.509125 3.442256
0.001295 -1.512794 3.484617
0.001295 -1.472173 3.484617
0.039664 -1.512794 3.473198
0.039664 -1.472173 3.473198
0.115276 -1.472173 3.707359
0.076907 -1.512794 3.718778
0.115276 -1.512794 3.707359
0.450703 -1.783839 0.250854
0.451510 -1.857396 0.162121
0.498597 -1.082202 0.161767
0.498637 -0.181569 0.552529
0.498656 -1.856686 0.150437
0.498637 -2.820138 0.150437
0.498637 -0.181569 0.552529
0.498622 -1.783186 0.250844
0.498597 -1.082202 0.161767
0.451224 -1.082200 0.149903
0.450703 -1.783839 0.250854
0.451510 -1.857396 0.162121
0.452753 -1.096961 -0.028477
0.452459 -1.856686 0.050787
0.452515 -2.012764 0.114451
0.451467 -1.082200 0.121422
0.452069 -1.082289 0.050808
0.453132 -1.847432 -0.028628
0.452459 -1.856686 0.050787
-0.000000 -1.621644 3.509341
0.431134 -2.997805 0.063996
0.431134 -2.997866 1.143212
0.000000 0.000477 0.050892
0.000000 0.000477 1.151208
-0.137385 0.000477 3.410051
-0.137385 -2.997869 3.410051
0.000000 0.000477 2.301644
0.000000 0.000477 1.566187
-0.438644 0.000477 1.566187
-0.161038 0.000476 2.862778
-0.172210 0.000476 2.760182
-0.148557 0.000477 2.757907
-0.495151 0.000477 1.565947
-0.399677 -1.708914 1.550802
-0.399677 -1.708914 1.606876
-0.438644 -1.708914 1.572478
-0.461192 -1.278751 1.663013
-0.479710 -1.225426 1.610256
-0.452753 -1.096961 -0.028477
-0.503354 -1.856686 0.050892
-0.452459 -1.856686 0.050787
-0.495256 -1.225427 1.565981
-0.495151 0.000477 1.565947
-0.456708 -2.997876 1.151162
-0.456708 0.000477 1.151208
-0.438644 0.000477 1.566187
-0.438644 0.000477 1.511161
-0.536127 0.000477 1.363543
-0.536127 -1.086215 1.363543
-0.456708 -0.181569 0.552529
-0.498637 -0.019494 1.162530
-0.000000 -0.019494 1.164873
-0.498637 -0.181569 1.050528
-0.498637 -0.181569 0.652170
-0.452484 -1.021006 0.150469
-0.498679 -1.082200 0.150472
-0.456708 0.000477 1.151208
-0.498637 -2.982214 1.159701
-0.503354 0.000477 0.050892
-0.456708 -2.820138 1.089688
-0.452460 -1.856686 0.150442
-0.452433 -2.820137 0.150438
-0.503354 -2.998440 0.050891
-0.452593 -2.997814 0.050790
-0.438644 -1.708914 1.550802
-0.399677 -1.708914 1.550802
-0.496167 -1.848126 1.419933
-0.496167 -1.086215 1.419933
-0.496167 -1.848126 1.419933
-0.496167 -1.086215 1.244090
-0.496167 -1.764092 1.162530
-0.496167 -1.848126 1.244090
-0.536127 -1.848126 1.244090
-0.536127 -1.848126 1.363543
-0.431134 -0.181569 1.089688
-0.431134 -0.181569 0.126879
-0.431134 -0.139131 0.063997
-0.452546 -0.181570 0.126723
-0.456708 -0.139131 1.143212
-0.450403 -1.157551 0.250843
-0.498637 -1.157480 0.250608
-0.479752 -1.708913 1.610270
-0.236841 0.000477 2.301644
-0.438644 -1.708914 1.550802
-0.498888 -1.848126 1.419933
-0.498888 -1.086215 1.419933
-0.236841 0.000477 2.301644
-0.148557 0.000477 2.757907
-0.047590 0.000477 3.494449
-0.047590 -2.997837 3.494448
-0.536127 0.000477 1.151208
-0.536127 -2.997910 1.151207
-0.000000 -2.997750 2.301644
-0.148557 -2.997838 2.757907
-0.438643 -2.997893 1.566186
-0.000000 -2.997893 1.566186
-0.000000 -2.997706 1.511160
-0.456708 -2.997876 1.151162
-0.000000 -2.997686 1.151182
-0.000000 -2.998440 0.050891
-0.503354 -2.998440 0.050891
-0.431134 -2.820138 0.126878
-0.431134 -2.862576 0.063996
-0.452575 -2.862576 0.063885
-0.456708 -2.862576 1.143212
-0.431134 -2.862576 1.143212
-0.456708 -2.862576 1.143212
-0.456708 -2.997876 1.143212
-0.000000 -1.621644 3.411908
-0.134440 -1.363324 3.411909
-0.112690 -1.488888 3.442256
-0.138486 -1.489451 3.443564
-0.112690 -1.474578 3.456029
-0.138486 -1.508562 3.487973
-0.138486 -1.522076 3.474966
-0.138486 -1.522076 3.474966
-0.112690 -1.509125 3.442256
-0.138486 -1.508562 3.443564
-0.144877 -1.518205 3.458115
-0.144877 -1.506959 3.484246
-0.112690 -1.523436 3.456029
-0.112690 -1.523436 3.475508
-0.138486 -1.522076 3.456570
-0.001295 -1.512794 3.484617
-0.115276 -1.512794 3.707359
-0.039664 -1.512794 3.473198
-0.076907 -1.472173 3.718778
-0.001295 -1.472173 3.484617
-0.451121 -1.082199 0.161917
-0.498637 -1.157480 0.250608
-0.452515 -2.012764 0.114451
-0.452472 -2.820137 0.126714
-0.498637 -0.181569 0.211605
-0.498637 -0.181569 0.150437
-0.498634 -1.855975 0.161576
-0.498637 -2.820138 0.211605
-0.498637 -0.181569 0.552529
-0.451224 -1.082200 0.149903
-0.498679 -1.082200 0.150472
-0.450703 -1.783839 0.250854
-0.452069 -1.082289 0.050808
-0.452459 -1.856686 0.050787
-0.452515 -2.012764 0.114451
-0.452633 -0.992680 0.060716
-0.452069 -1.082289 0.050808
-0.452592 -1.099901 -0.009434
-0.453132 -1.847432 -0.028628
-0.452459 -1.856686 0.050787
-0.451860 -1.857018 0.121015
-0.451510 -1.857396 0.162121
-0.146835 0.000477 2.860502
-0.000000 -2.997817 3.494448
-0.144122 -2.997839 2.860502
-0.503354 0.000477 -0.255840
-0.503354 0.000477 -0.255840
-0.503354 -2.998341 -0.255840
-0.503354 -2.998440 0.050891
-0.503354 -1.856686 -0.028963
0.503354 0.000477 -0.255840
0.047590 0.000477 3.494449
0.137385 -2.997869 3.410051
0.144122 -2.997839 2.860502
0.495151 0.000477 1.565947
0.161038 -2.997844 2.862777
0.146835 0.000477 2.860502
0.172210 -2.997844 2.760182
0.461192 -1.278751 1.663013
0.399677 -1.655589 1.659050
0.479752 -1.708913 1.610270
0.495297 -1.708915 1.565994
0.399677 -1.278752 1.659050
0.399677 -1.225427 1.606876
0.503354 -1.082200 -0.028963
0.452745 -1.082285 -0.028474
0.503354 -1.082200 0.050892
0.452745 -1.082285 -0.028474
0.495297 -1.708915 1.565994
0.438643 -2.997893 1.566186
0.438644 0.000477 1.511161
0.536127 0.000477 1.363543
0.000000 0.000477 1.151208
0.498637 -0.181569 0.552529
0.498637 -2.820138 1.050527
0.452507 -0.181570 0.150451
0.452484 -1.021006 0.150469
0.456708 0.000477 1.151208
0.498637 -2.982214 1.159701
0.452069 -1.082289 0.050808
0.456708 -0.181569 1.050528
0.456708 -0.181569 1.089688
0.456708 -2.862576 1.143212
0.456708 -0.139131 1.143212
0.498637 -2.820138 0.652170
0.498656 -1.856686 0.150437
0.498637 -2.820138 0.150437
0.503354 -1.856686 0.050892
0.536127 -1.170249 1.162530
0.496167 -1.170249 1.162530
0.496167 -1.086215 1.244090
0.496167 -1.086215 1.419933
0.536127 -1.086215 1.244090
0.536127 -1.848126 1.244090
0.498637 -0.181569 0.150437
0.452507 -0.181570 0.150451
0.456708 -0.181569 1.089688
0.456708 -0.181569 1.050528
0.431134 0.000477 1.143212
0.431134 -0.181569 1.089688
0.452546 -0.181570 0.126723
0.452652 -0.139132 0.063883
0.431134 -0.139131 1.143212
0.438644 -1.708914 1.550802
0.438643 -2.997890 1.511160
0.438643 -2.997890 1.511160
0.498637 -2.982214 1.159701
0.536127 0.000477 1.151208
0.148557 -2.997838 2.757907
0.172210 -2.997648 2.760182
0.536127 -2.997910 1.151207
0.498637 -2.982214 1.162530
0.498637 -2.820138 0.150437
0.498637 -2.820138 0.211605
0.456708 -2.820138 0.552528
0.431134 -2.820138 0.126878
0.456708 -2.820138 0.552528
0.431134 -2.997866 1.143212
0.431134 -2.997805 0.063996
0.452575 -2.862576 0.063885
0.431134 -2.862576 0.063996
-0.000000 -1.363324 3.411909
-0.000000 -1.363324 3.509341
0.112690 -1.474578 3.475508
0.112690 -1.509125 3.489282
0.144877 -1.491054 3.447291
0.144877 -1.518204 3.473423
0.144877 -1.518205 3.458115
0.115276 -1.512794 3.707359
0.450403 -1.157551 0.250843
0.451121 -1.082199 0.161917
0.451860 -1.857018 0.121015
0.452460 -1.856686 0.150442
0.498637 -0.181569 0.552529
0.498597 -1.082202 0.161767
0.498634 -1.855975 0.161576
0.498637 -2.820138 0.552528
0.498637 -0.181569 0.552529
0.498622 -1.783186 0.250844
0.498597 -1.082202 0.161767
0.451224 -1.082200 0.149903
0.452672 -0.180509 0.050788
0.452652 -0.139132 0.063883
0.452546 -0.181570 0.126723
0.452507 -0.181570 0.150451
0.452459 -1.856686 0.050787
0.451860 -1.857018 0.121015
0.452515 -2.012764 0.114451
0.452575 -2.862576 0.063885
0.452484 -1.021006 0.150469
0.451467 -1.082200 0.121422
0.452459 -1.856686 0.050787
0.453137 -1.856684 -0.028629
0.451860 -1.857018 0.121015
-0.000000 -1.363324 3.509341
-0.000000 -2.997814 0.050789
0.452593 -2.997814 0.050790
0.452571 -2.997815 0.063884
0.431134 -2.997805 0.063996
-0.000000 -2.997686 1.151182
0.431134 -2.997866 1.143212
0.000000 0.000477 1.151208
0.431134 0.000477 0.063997
0.452655 0.000477 0.063879
0.431134 0.000477 0.063997
0.452677 0.000477 0.050784
0.503354 0.000477 -0.255840
0.503354 -2.998341 -0.255840
-0.495151 0.000477 1.565947
-0.161038 -2.997844 2.862777
-0.146835 0.000477 2.860502
-0.161038 0.000476 2.862778
-0.399677 -1.655589 1.659050
-0.461224 -1.655588 1.663024
-0.399677 -1.225427 1.550802
-0.399677 -1.708914 1.550802
-0.495297 -1.708915 1.565994
-0.438644 -1.708914 1.572478
-0.479752 -1.708913 1.610270
-0.399677 -1.225427 1.606876
-0.399677 -1.278752 1.659050
-0.503354 -1.856686 -0.028963
-0.452745 -1.082285 -0.028474
-0.452753 -1.096961 -0.028477
-0.452745 -1.082285 -0.028474
-0.452069 -1.082289 0.050808
-0.438643 -2.997893 1.566186
-0.495151 -2.997916 1.565946
-0.498888 -1.086215 1.419933
-0.438644 0.000477 1.511161
-0.498637 -0.181569 0.552529
0.000000 0.000477 1.151208
-0.536127 0.000477 1.151208
-0.498637 -0.181569 0.150437
-0.452507 -0.181570 0.150451
-0.452677 0.000477 0.050784
-0.456708 -2.862576 1.143212
-0.456708 -2.997876 1.143212
-0.456708 -0.139131 1.143212
-0.456708 -2.862576 1.143212
-0.456708 -2.820138 1.050527
-0.452460 -1.856686 0.150442
-0.498637 -2.820138 0.150437
-0.498888 -1.848126 1.419933
-0.536127 -1.086215 1.244090
-0.498888 -1.848126 1.419933
-0.496167 -1.848126 1.419933
-0.498637 -0.181569 0.211605
-0.498637 -0.181569 0.552529
-0.456708 -0.181569 0.552529
-0.431134 -0.181569 0.126879
-0.456708 -0.181569 1.089688
-0.431134 -0.139131 1.143212
-0.431134 -0.181569 1.089688
-0.431134 -0.139131 0.063997
-0.431134 -0.139131 0.063997
-0.452652 -0.139132 0.063883
-0.456708 -0.181569 1.089688
-0.495297 -1.708915 1.565994
-0.495151 -2.997916 1.565946
-0.438643 -2.997890 1.511160
-0.536127 -1.848126 1.363543
-0.536127 -2.997922 1.363543
-0.000000 -2.997750 2.301644
-0.148557 -2.997838 2.757907
-0.000000 -2.997893 1.566186
-0.438643 -2.997890 1.511160
-0.000000 -2.997686 1.151182
-0.498637 -2.982214 1.162530
-0.498637 -2.820138 0.211605
-0.452433 -2.820137 0.150438
-0.452433 -2.820137 0.150438
-0.452472 -2.820137 0.126714
-0.498637 -2.820138 1.050527
-0.498637 -2.820138 0.652170
-0.431134 -2.997805 0.063996
-0.431134 -2.997866 1.143212
-0.452571 -2.997815 0.063884
-0.452472 -2.820137 0.126714
-0.431134 -2.862576 0.063996
-0.000000 -1.621644 3.509341
-0.108551 -1.363324 3.509341
-0.000000 -1.363324 3.411909
-0.134440 -1.363324 3.411909
-0.112690 -1.474578 3.475508
-0.112690 -1.523436 3.475508
-0.144877 -1.518204 3.473423
-0.144877 -1.491054 3.484246
-0.144877 -1.479809 3.458115
-0.144877 -1.491054 3.447291
-0.076907 -1.512794 3.718778
-0.498622 -1.783186 0.250844
-0.450703 -1.783839 0.250854
-0.452575 -2.862576 0.063885
-0.452472 -2.820137 0.126714
-0.498637 -0.181569 0.211605
-0.498597 -1.082202 0.161767
-0.498656 -1.856686 0.150437
-0.498637 -2.820138 0.211605
-0.498637 -2.820138 0.552528
-0.451224 -1.082200 0.149903
-0.498597 -1.082202 0.161767
-0.452672 -0.180509 0.050788
-0.452652 -0.139132 0.063883
-0.452753 -1.096961 -0.028477
-0.452672 -0.180509 0.050788
-0.452069 -1.082289 0.050808
-0.452575 -2.862576 0.063885
-0.452515 -2.012764 0.114451
-0.451224 -1.082200 0.149903
-0.452484 -1.021006 0.150469
-0.137385 0.000477 3.410051
-0.047590 0.000477 3.494449
-0.456708 -2.997876 1.151162
-0.431134 -2.997866 1.143212
-0.000000 -2.997686 1.151182
-0.456708 -2.997876 1.151162
-0.000000 -2.997686 1.151182
-0.431134 -2.997866 1.143212
-0.000000 -2.997817 3.494448
-0.144122 -2.997839 2.860502
-0.456708 0.000477 1.151208
-0.452677 0.000477 0.050784
-0.452655 0.000477 0.063879
0.000000 0.000477 -0.255840
0.000000 0.000477 -0.255840
-0.503354 -2.998341 -0.255840
-0.000000 -2.997843 -0.255840
-0.503354 -2.998440 0.050891
-0.503354 -1.856686 0.050892
0.503354 0.000477 0.050892
1 3
3 4
544 545
208 209
221 222
460 461
335 336
201 202
364 365
615 616
311 312
319 389
355 356
534 535
542 659
604 605
1039 1040
190 191
431 432
723 724
855 856
686 978
664 665
928 929
407 408
693 694
808 809
358 359
789 790
173 174
175 176
231 232
291 373
719 720
794 1042
465 466
660 924
853 854
277 357
391 543
821 822
950 951
225 226
564 565
979 980
143 144
139 140
26 27
11 12
416 417
955 956
1071 1072
346 347
687 946
901 1132
413 563
481 620
485 624
696 957
169 181
185 239
90 91
85 87
77 78
617 636
81 83
16 19
288 370
206 207
715 716
771 772
1010 1011
233 234
286 287
223 224
196 244
182 220
235 236
242 243
38 39
941 942
188 189
227 228
333 334
368 369
493 494
848 1093
976 977
575 576
1091 1092
52 54
278 279
613 614
679 680
170 171
427 428
556 557
473 474
607 608
806 807
309 310
40 41
274 338
275 276
197 245
198 246
289 290
371 372
634 635
1094 1095
304 380
320 390
420 568
657 658
699 960
1161 1162
630 631
581 582
787 788
353 354
600 601
1061 1062
477 478
812 813
482 483
593 594
237 238
785 786
990 991
1108 1109
145 146
331 332
216 217
1008 1009
342 343
376 377
449 592
329 330
374 375
327 328
646 647
767 768
1006 1007
344 345
899 900
1130 1131
697 698
1074 1075
418 419
769 770
958 959
825 826
437 438
489 490
24 30
1128 1129
561 562
618 619
695 952
1138 1139
453 454
526 527
119 127
98 100
595 596
1020 1021
1140 1141
31 32
114 122
29 35
688 689
948 949
130 136
204 205
249 250
280 281
212 213
447 448
590 591
895 896
33 34
123 125
37 38
124 125
395 396
667 668
797 847
349 350
471 472
540 541
552 553
80 126
831 832
849 850
1054 1056
17 32
777 782
911 1137
459 602
532 533
791 792
107 108
55 58
156 158
267 268
305 306
378 379
0 2
50 56
916 917
1152 1153
186 187
172 203
214 215
450 451
36 38
700 961
282 283
366 367
315 316
538 539
944 945
262 339
296 297
251 252
247 248
915 1144
383 384
925 926
240 241
1064 1065
298 299
381 382
387 388
194 195
385 386
1159 1160
183 184
918 1157
919 1158
864 865
1100 1101
340 341
577 578
504 505
815 816
253 254
257 258
229 230
669 670
1047 1048
857 858
1096 1097
149 150
463 464
851 852
259 260
429 430
500 501
433 434
218 219
648 649
862 863
1148 1149
603 652
1034 1154
725 726
479 480
653 654
731 732
1028 1029
15 16
25 28
502 503
1098 1099
728 729
681 682
1032 1033
1150 1151
506 507
579 580
987 988
628 629
1082 1083
70 76
97 111
82 88
87 89
522 523
638 639
520 521
817 818
412 560
690 947
1106 1107
73 75
92 94
931 932
49 63
210 211
177 178
67 68
1080 1081
313 314
351 352
655 656
317 318
920 921
536 537
923 1163
44 45
261 337
284 285
179 180
263 264
741 742
530 531
784 1027
644 645
300 301
302 303
888 1123
891 892
761 762
514 515
760 1001
889 890
71 73
661 662
159 163
46 50
47 58
95 99
436 439
498 499
730 740
292 293
434 435
325 326
69 71
640 641
971 972
42 43
8 9
160 166
486 627
487 488
569 570
269 270
135 136
294 295
362 363
410 411
495 496
101 105
703 964
147 148
161 165
778 779
906 907
307 308
18 23
64 72
133 136
458 599
462 606
650 651
7 8
128 131
5 6
120 130
154 155
392 409
683 684
512 513
642 643
103 106
573 574
708 709
508 509
621 622
738 739
871 872
1069 1070
734 735
868 1110
441 442
1115 1116
528 529
162 163
142 144
609 610
397 398
360 361
524 525
893 894
445 446
518 519
588 589
1144 1145
705 966
837 838
66 69
497 637
962 963
835 836
1002 1003
104 108
491 492
765 766
775 776
904 914
9 10
113 118
457 598
164 168
57 62
199 200
321 322
548 549
401 402
393 394
440 583
510 511
743 744
874 1114
59 60
733 989
706 707
399 400
873 1113
584 585
994 995
118 129
939 940
677 678
121 134
908 909
74 75
78 79
151 157
132 137
22 28
922 1162
403 404
1024 1025
475 476
192 193
323 324
558 559
611 612
1057 1058
423 424
632 633
405 406
841 842
1111 1112
484 623
566 567
801 802
819 820
1102 1103
866 867
710 711
840 1087
973 974
1126 1127
935 936
1052 1053
673 674
152 153
571 572
625 626
780 781
783 1026
912 913
1018 1019
51 54
736 737
843 1090
1085 1086
1022 1023
421 422
717 718
13 14
271 272
273 348
455 456
905 910
48 53
1045 1046
467 468
550 551
691 692
1142 1143
985 986
897 898
469 470
586 587
1049 1050
663 927
793 1041
1059 1060
671 672
798 799
800 1051
860 861
727 728
859 1099
685 943
810 811
554 555
804 805
827 828
414 415
823 1068
937 938
111 112
84 86
773 774
1012 1013
1133 1134
844 845
425 426
713 714
1124 1125
721 722
902 903
846 1091
933 934
967 968
1066 1067
255 256
61 65
100 102
96 115
1014 1015
1135 1136
983 984
814 1063
93 116
452 597
516 517
758 759
20 21
265 266
443 444
763 764
704 965
834 1077
824 1073
953 954
969 970
829 830
165 167
1004 1005
1146 1147
745 746
879 1118
747 996
751 757
875 876
881 882
712 975
839 1084
869 870
1037 1038
981 982
546 547
666 930
795 796
1016 1017
1104 1105
138 141
675 676
1035 1036
1088 1089
992 993
1030 1031
748 997
877 1117
885 886
884 1120
752 998
1121 1122
753 754
999 1000
116 117
803 1055
1043 1044
1155 1156
750 756
883 887
749 755
880 1119
878 884
109 110
701 702
833 1076
1078 1079
