8374885877894426397 2786 1900
0.167706 0.163144 1.828597
-0.081667 0.163144 1.898526
-0.081667 -0.099664 1.898526
0.167706 -0.099664 1.828597
0.081667 0.163144 1.521775
-0.081667 0.163144 1.898526
0.167706 0.163144 1.828597
-0.167706 0.163144 1.591704
0.081667 -0.099664 1.521775
-0.167706 -0.099664 1.591704
-0.167706 0.163144 1.591704
0.081667 0.163144 1.521775
-0.081667 -0.099664 1.898526
0.081667 -0.099664 1.521775
-0.167706 -0.099664 1.591704
0.167706 0.163144 1.828597
0.167706 -0.099664 1.828597
0.081667 -0.099664 1.521775
-0.081667 0.163144 1.898526
-0.167706 -0.099664 1.591704
-0.081667 -0.099664 1.898526
-0.167706 0.163144 1.591704
-0.051903 0.139229 1.644020
-0.064415 0.158427 1.631110
-0.068226 0.155935 1.632201
-0.048092 0.141721 1.642929
-0.060596 0.160408 1.629254
-0.044274 0.143702 1.641073
-0.056919 0.161800 1.626704
-0.040596 0.145094 1.638523
-0.037203 0.145843 1.635375
-0.050547 0.162627 1.619935
-0.034225 0.145920 1.631754
-0.031779 0.145320 1.627799
-0.048101 0.162026 1.615980
-0.048101 0.162026 1.615980
-0.029960 0.144068 1.623663
-0.046282 0.160775 1.611844
-0.031779 0.145320 1.627799
-0.045160 0.158919 1.607687
-0.045160 0.158919 1.607687
-0.028454 0.139825 1.615492
-0.044776 0.156532 1.603673
-0.028837 0.142213 1.619507
-0.045148 0.153706 1.599956
-0.028825 0.137000 1.611775
-0.046257 0.150555 1.596679
-0.029934 0.133848 1.608498
-0.031739 0.130490 1.605787
-0.034165 0.127056 1.603744
-0.053443 0.140385 1.590628
-0.037120 0.123679 1.602447
-0.040490 0.120488 1.601946
-0.056812 0.137195 1.590127
-0.056812 0.137195 1.590127
-0.044144 0.117604 1.602256
-0.060467 0.134311 1.590437
-0.040490 0.120488 1.601946
-0.060467 0.134311 1.590437
-0.047941 0.115137 1.603363
-0.064263 0.131843 1.591544
-0.044144 0.117604 1.602256
-0.064263 0.131843 1.591544
-0.051737 0.113183 1.605227
-0.068059 0.129889 1.593408
-0.047941 0.115137 1.603363
-0.055388 0.111811 1.607772
-0.071710 0.128517 1.595953
-0.075077 0.127781 1.599085
-0.061708 0.111003 1.614501
-0.078030 0.127709 1.602682
-0.080460 0.128303 1.606609
-0.064137 0.111597 1.618428
-0.082273 0.129540 1.610714
-0.083399 0.131374 1.614844
-0.067077 0.114668 1.626663
-0.083399 0.131374 1.614844
-0.067077 0.114668 1.626663
-0.067473 0.117028 1.630658
-0.067124 0.119828 1.634369
-0.083447 0.136534 1.622550
-0.083447 0.136534 1.622550
-0.066042 0.122960 1.637651
-0.082364 0.139666 1.625832
-0.067124 0.119828 1.634369
-0.064266 0.126304 1.640378
-0.080588 0.143010 1.628560
-0.078185 0.146439 1.630627
-0.058924 0.133117 1.643771
-0.075247 0.149824 1.631952
-0.055562 0.136323 1.644303
-0.071884 0.153029 1.632484
-0.055562 0.136323 1.644303
-0.071884 0.153029 1.632484
0.068314 0.156407 1.633496
0.070416 0.158688 1.631793
0.064289 0.159046 1.632340
0.060256 0.161145 1.630374
0.056372 0.162621 1.627675
0.052788 0.163417 1.624345
0.049643 0.163502 1.620515
0.051804 0.165735 1.618823
0.047059 0.162870 1.616332
0.049229 0.165106 1.614655
0.047311 0.163792 1.610297
0.043952 0.159588 1.607564
0.046123 0.161843 1.605917
0.043547 0.157064 1.603319
0.043939 0.154077 1.599390
0.046091 0.156360 1.597758
0.045110 0.150743 1.595927
0.047248 0.153037 1.594291
0.049138 0.149492 1.591418
0.051688 0.145861 1.589249
0.054800 0.142284 1.587865
0.058355 0.138897 1.587322
0.060116 0.133552 1.589340
0.062216 0.135833 1.587638
0.064126 0.130939 1.590513
0.066234 0.133207 1.588804
0.070255 0.131122 1.590771
0.071991 0.127414 1.595181
0.074125 0.129657 1.593469
0.075547 0.126632 1.598494
0.078666 0.126553 1.602299
0.080827 0.128786 1.600608
0.083402 0.129414 1.604776
0.081232 0.127178 1.606453
0.083147 0.128484 1.610794
0.085320 0.130728 1.609134
0.084337 0.130421 1.615160
0.086508 0.132677 1.613514
0.086920 0.135187 1.617748
0.084756 0.132917 1.619384
0.084388 0.135877 1.623306
0.086540 0.138161 1.621674
0.083245 0.139190 1.626775
0.085383 0.141484 1.625139
0.083493 0.145029 1.628013
0.080943 0.148661 1.630183
0.075729 0.149938 1.633239
0.077831 0.152238 1.631567
0.072178 0.153330 1.633799
0.074276 0.155623 1.632110
0.071549 0.160296 1.620816
0.066296 0.163028 1.618212
0.061651 0.164071 1.613835
0.058319 0.163265 1.608349
0.056809 0.160734 1.602592
0.057350 0.156863 1.597439
0.059860 0.152241 1.593676
0.063956 0.147572 1.591873
0.069015 0.143566 1.592307
0.074268 0.140834 1.594911
0.078913 0.139791 1.599289
0.082245 0.140597 1.604774
0.083754 0.143128 1.610530
0.083214 0.146999 1.615684
0.080704 0.151621 1.619447
0.076608 0.156291 1.621249
0.064281 0.158241 1.631136
0.068075 0.155753 1.632226
0.064289 0.159046 1.632340
0.068314 0.156407 1.633496
0.060480 0.160219 1.629284
0.064281 0.158241 1.631136
0.064289 0.159046 1.632340
0.056819 0.161610 1.626740
0.060480 0.160219 1.629284
0.056372 0.162621 1.627675
0.060256 0.161145 1.630374
0.056819 0.161610 1.626740
0.052788 0.163417 1.624345
0.053441 0.162360 1.623601
0.056372 0.162621 1.627675
0.053441 0.162360 1.623601
0.049643 0.163502 1.620515
0.050477 0.162440 1.619991
0.052788 0.163417 1.624345
0.049643 0.163502 1.620515
0.048041 0.161844 1.616048
0.047059 0.162870 1.616332
0.047059 0.162870 1.616332
0.046231 0.160599 1.611926
0.048041 0.161844 1.616048
0.045138 0.161548 1.611958
0.045113 0.158751 1.607784
0.046231 0.160599 1.611926
0.043952 0.159588 1.607564
0.043952 0.159588 1.607564
0.044731 0.156372 1.603784
0.043547 0.157064 1.603319
0.043547 0.157064 1.603319
0.045101 0.153556 1.600080
0.044731 0.156372 1.603784
0.043939 0.154077 1.599390
0.046204 0.150414 1.596816
0.045101 0.153556 1.600080
0.045110 0.150743 1.595927
0.048000 0.147066 1.594116
0.045110 0.150743 1.595927
0.047015 0.147190 1.593062
0.046204 0.150414 1.596816
0.050415 0.143641 1.592083
0.047015 0.147190 1.593062
0.049577 0.143557 1.590905
0.048000 0.147066 1.594116
0.050415 0.143641 1.592083
0.052698 0.139983 1.589536
0.049577 0.143557 1.590905
0.053356 0.140273 1.590793
0.056257 0.136605 1.589009
0.056711 0.137089 1.590296
0.056711 0.137089 1.590296
0.060116 0.133552 1.589340
0.060348 0.134212 1.590607
0.056257 0.136605 1.589009
0.060348 0.134212 1.590607
0.064126 0.130939 1.590513
0.060116 0.133552 1.589340
0.064126 0.130939 1.590513
0.068135 0.128868 1.592487
0.067906 0.129797 1.593574
0.068135 0.128868 1.592487
0.071991 0.127414 1.595181
0.067906 0.129797 1.593574
0.071540 0.128426 1.596113
0.074892 0.127689 1.599236
0.071540 0.128426 1.596113
0.075547 0.126632 1.598494
0.071991 0.127414 1.595181
0.077832 0.127614 1.602823
0.074892 0.127689 1.599236
0.078666 0.126553 1.602299
0.075547 0.126632 1.598494
0.080250 0.128203 1.606737
0.078666 0.126553 1.602299
0.077832 0.127614 1.602823
0.082055 0.129434 1.610829
0.081232 0.127178 1.606453
0.083147 0.128484 1.610794
0.080250 0.128203 1.606737
0.083177 0.131261 1.614944
0.083147 0.128484 1.610794
0.084337 0.130421 1.615160
0.082055 0.129434 1.610829
0.083572 0.133613 1.618925
0.084337 0.130421 1.615160
0.083177 0.131261 1.614944
0.083225 0.136403 1.622622
0.084756 0.132917 1.619384
0.084388 0.135877 1.623306
0.082148 0.139525 1.625891
0.084388 0.135877 1.623306
0.083245 0.139190 1.626775
0.083225 0.136403 1.622622
0.083245 0.139190 1.626775
0.080380 0.142860 1.628608
0.082148 0.139525 1.625891
0.081370 0.142728 1.629657
0.081370 0.142728 1.629657
0.077988 0.146279 1.630666
0.080380 0.142860 1.628608
0.078832 0.146356 1.631840
0.075729 0.149938 1.633239
0.077988 0.146279 1.630666
0.075064 0.149655 1.631984
0.075729 0.149938 1.633239
0.072178 0.153330 1.633799
0.075064 0.149655 1.631984
0.071717 0.152853 1.632511
0.068075 0.155753 1.632226
0.071717 0.152853 1.632511
0.068314 0.156407 1.633496
0.072178 0.153330 1.633799
0.051903 0.139229 1.644020
0.068226 0.155935 1.632201
0.064415 0.158427 1.631110
0.048092 0.141721 1.642929
0.048092 0.141721 1.642929
0.060596 0.160408 1.629254
0.044274 0.143702 1.641073
0.056919 0.161800 1.626704
0.040596 0.145094 1.638523
0.037203 0.145843 1.635375
0.034225 0.145920 1.631754
0.031779 0.145320 1.627799
0.048101 0.162026 1.615980
0.048101 0.162026 1.615980
0.029960 0.144068 1.623663
0.046282 0.160775 1.611844
0.028837 0.142213 1.619507
0.045160 0.158919 1.607687
0.045160 0.158919 1.607687
0.028454 0.139825 1.615492
0.028837 0.142213 1.619507
0.045148 0.153706 1.599956
0.028825 0.137000 1.611775
0.046257 0.150555 1.596679
0.029934 0.133848 1.608498
0.048061 0.147196 1.593968
0.031739 0.130490 1.605787
0.034165 0.127056 1.603744
0.053443 0.140385 1.590628
0.037120 0.123679 1.602447
0.040490 0.120488 1.601946
0.056812 0.137195 1.590127
0.056812 0.137195 1.590127
0.044144 0.117604 1.602256
0.060467 0.134311 1.590437
0.060467 0.134311 1.590437
0.047941 0.115137 1.603363
0.044144 0.117604 1.602256
0.064263 0.131843 1.591544
0.051737 0.113183 1.605227
0.047941 0.115137 1.603363
0.068059 0.129889 1.593408
0.055388 0.111811 1.607772
0.071710 0.128517 1.595953
0.058755 0.111075 1.610904
0.075077 0.127781 1.599085
0.078030 0.127709 1.602682
0.080460 0.128303 1.606609
0.082273 0.129540 1.610714
0.083399 0.131374 1.614844
0.067077 0.114668 1.626663
0.067077 0.114668 1.626663
0.083399 0.131374 1.614844
0.083796 0.133734 1.618839
0.067473 0.117028 1.630658
0.067124 0.119828 1.634369
0.083447 0.136534 1.622550
0.066042 0.122960 1.637651
0.067124 0.119828 1.634369
0.082364 0.139666 1.625832
0.064266 0.126304 1.640378
0.080588 0.143010 1.628560
0.061863 0.129733 1.642446
0.078185 0.146439 1.630627
0.075247 0.149824 1.631952
0.071884 0.153029 1.632484
0.055562 0.136323 1.644303
0.055562 0.136323 1.644303
0.071884 0.153029 1.632484
-0.048550 0.136850 1.650494
-0.046786 0.143607 1.646008
-0.051340 0.140720 1.647470
-0.044198 0.139697 1.649205
-0.042556 0.145644 1.643898
-0.039730 0.141971 1.647008
-0.035388 0.143600 1.644364
-0.034768 0.148133 1.637322
-0.031359 0.148189 1.633200
-0.022958 0.142925 1.620693
-0.022729 0.139786 1.616355
-0.026564 0.137920 1.611274
-0.023366 0.135452 1.612399
-0.027597 0.134514 1.607933
-0.024434 0.130905 1.609261
-0.026795 0.128261 1.607034
-0.032347 0.127257 1.602712
-0.029693 0.124348 1.604352
-0.035698 0.123386 1.601210
-0.039235 0.120239 1.600675
-0.043367 0.116928 1.600948
-0.047528 0.114178 1.602080
-0.051449 0.112095 1.603911
-0.052859 0.107349 1.608048
-0.055296 0.110518 1.606513
-0.056798 0.106327 1.611523
-0.060251 0.106090 1.615512
-0.062311 0.109316 1.613613
-0.065292 0.109798 1.618207
-0.063237 0.106689 1.619973
-0.065535 0.108119 1.624640
-0.066967 0.110185 1.629358
-0.069323 0.115718 1.632356
-0.067547 0.113097 1.634299
-0.068976 0.118810 1.636371
-0.067643 0.122559 1.640456
-0.064799 0.118501 1.643228
-0.062719 0.122315 1.646394
-0.065653 0.126238 1.643410
-0.059655 0.126173 1.648944
-0.056235 0.130124 1.650389
-0.052829 0.133444 1.650862
-0.061922 0.112174 1.613477
-0.064741 0.112664 1.617800
-0.066856 0.124410 1.637966
-0.068160 0.120697 1.634103
-0.030188 0.145493 1.623161
-0.029479 0.143315 1.618782
-0.032839 0.131664 1.605593
-0.044173 0.145475 1.640573
-0.040361 0.146901 1.637941
-0.068512 0.118017 1.630627
-0.056091 0.137970 1.644537
-0.059678 0.134570 1.643991
-0.030991 0.135081 1.608324
-0.031804 0.146860 1.627341
-0.058926 0.112478 1.610120
-0.062604 0.131180 1.642687
-0.052183 0.140923 1.643947
-0.041213 0.121950 1.601817
-0.033925 0.147570 1.631135
-0.029743 0.138272 1.611499
-0.067947 0.115661 1.626337
-0.048071 0.143569 1.642687
-0.055631 0.113346 1.607218
-0.029202 0.141106 1.615108
-0.038095 0.124961 1.602325
-0.065087 0.127698 1.640610
-0.052067 0.114766 1.604830
-0.037152 0.147468 1.634870
-0.068314 0.156407 1.633496
-0.066397 0.161314 1.630628
-0.064289 0.159046 1.632340
-0.062376 0.163399 1.628659
-0.060256 0.161145 1.630374
-0.056372 0.162621 1.627675
-0.054936 0.165653 1.622641
-0.052788 0.163417 1.624345
-0.051804 0.165735 1.618823
-0.049643 0.163502 1.620515
-0.047059 0.162870 1.616332
-0.049229 0.165106 1.614655
-0.047311 0.163792 1.610297
-0.043952 0.159588 1.607564
-0.046123 0.161843 1.605917
-0.043547 0.157064 1.603319
-0.046091 0.156360 1.597758
-0.043939 0.154077 1.599390
-0.047248 0.153037 1.594291
-0.045110 0.150743 1.595927
-0.047015 0.147190 1.593062
-0.051688 0.145861 1.589249
-0.049577 0.143557 1.590905
-0.054800 0.142284 1.587865
-0.058355 0.138897 1.587322
-0.060116 0.133552 1.589340
-0.062216 0.135833 1.587638
-0.064126 0.130939 1.590513
-0.066234 0.133207 1.588804
-0.070255 0.131122 1.590771
-0.071991 0.127414 1.595181
-0.074125 0.129657 1.593469
-0.075547 0.126632 1.598494
-0.078666 0.126553 1.602299
-0.080827 0.128786 1.600608
-0.083402 0.129414 1.604776
-0.081232 0.127178 1.606453
-0.083147 0.128484 1.610794
-0.086508 0.132677 1.613514
-0.084337 0.130421 1.615160
-0.086920 0.135187 1.617748
-0.084388 0.135877 1.623306
-0.086540 0.138161 1.621674
-0.083245 0.139190 1.626775
-0.085383 0.141484 1.625139
-0.083493 0.145029 1.628013
-0.080943 0.148661 1.630183
-0.075729 0.149938 1.633239
-0.077831 0.152238 1.631567
-0.072178 0.153330 1.633799
-0.071549 0.160296 1.620816
-0.066296 0.163028 1.618212
-0.061651 0.164071 1.613835
-0.058319 0.163265 1.608349
-0.056809 0.160734 1.602592
-0.057350 0.156863 1.597439
-0.059860 0.152241 1.593676
-0.063956 0.147572 1.591873
-0.069015 0.143566 1.592307
-0.074268 0.140834 1.594911
-0.078913 0.139791 1.599289
-0.082245 0.140597 1.604774
-0.083754 0.143128 1.610530
-0.083214 0.146999 1.615684
-0.080704 0.151621 1.619447
-0.076608 0.156291 1.621249
-0.014690 0.152452 1.629141
-0.018367 0.147505 1.620929
-0.018613 0.151392 1.630010
-0.018014 0.143569 1.612754
-0.013950 0.154612 1.634217
-0.017644 0.153962 1.636600
-0.012046 0.156245 1.638208
-0.015525 0.155565 1.640979
-0.010018 0.158423 1.649163
-0.005845 0.159005 1.648176
-0.008757 0.158668 1.652244
-0.003687 0.159334 1.650066
-0.008578 0.158284 1.656929
-0.003293 0.157991 1.648508
0.000000 0.157988 1.648584
-0.004681 0.157851 1.647363
-0.010843 0.154977 1.637851
-0.008558 0.157188 1.672870
-0.010023 0.155967 1.676001
-0.012667 0.153823 1.680637
-0.011872 0.151640 1.688792
-0.005220 0.151907 1.691837
0.000000 0.151863 1.692554
-0.019995 0.147217 1.683741
-0.020098 0.144663 1.621192
-0.020364 0.146516 1.625766
-0.013136 0.151441 1.629217
-0.013034 0.147565 1.620523
-0.012665 0.143158 1.612128
-0.017850 0.140550 1.607567
-0.017826 0.136048 1.600953
-0.013454 0.136012 1.599623
-0.022576 0.131350 1.607051
0.000000 0.158530 1.643506
-0.005035 0.158263 1.642875
-0.009753 0.155910 1.636745
-0.011228 0.154470 1.633699
-0.011876 0.152317 1.628969
-0.011853 0.147802 1.620261
-0.009874 0.153596 1.633233
-0.008660 0.154727 1.636174
-0.007446 0.135699 1.599015
0.000000 0.135726 1.598821
-0.012959 0.131647 1.601441
-0.006998 0.131505 1.600732
0.000000 0.131369 1.600578
-0.017376 0.131496 1.603158
-0.018015 0.147664 1.667112
-0.018668 0.147339 1.671698
-0.020579 0.146121 1.678012
-0.022557 0.144811 1.683273
-0.020612 0.148110 1.646346
-0.019664 0.147983 1.650140
-0.031986 0.142375 1.645798
-0.025852 0.144439 1.647624
-0.025942 0.126206 1.604468
-0.028495 0.122694 1.603036
-0.048287 0.106731 1.605255
-0.052320 0.105359 1.607772
-0.022919 0.129610 1.605356
-0.017716 0.130144 1.601490
-0.013453 0.129283 1.599332
0.000000 0.129595 1.597386
-0.010876 0.078064 1.593929
-0.000267 0.076770 1.593801
-0.008205 0.070375 1.593975
0.000254 0.070590 1.593122
-0.007604 0.066881 1.596677
0.000154 0.067410 1.595814
-0.017679 0.066273 1.597720
-0.018231 0.069262 1.595752
-0.020022 0.074674 1.598225
-0.019720 0.077473 1.596182
-0.027069 0.112815 1.603232
-0.029494 0.090434 1.603767
-0.027838 0.076425 1.600620
-0.029982 0.096334 1.604131
-0.031644 0.103330 1.603916
-0.027769 0.064396 1.600858
-0.037550 0.063085 1.603852
-0.048468 0.063186 1.604250
-0.053862 0.073537 1.612789
-0.055224 0.078922 1.616043
-0.053099 0.067597 1.608761
-0.050344 0.069833 1.604382
-0.052084 0.064242 1.605491
-0.044907 0.100822 1.608266
-0.049673 0.099205 1.610901
-0.058645 0.091716 1.619310
-0.055615 0.088075 1.615578
-0.059541 0.086975 1.622316
-0.057291 0.083720 1.619155
-0.064492 0.119388 1.647940
-0.060342 0.119043 1.647740
-0.054704 0.121221 1.648826
-0.064997 0.114351 1.649849
-0.062277 0.089899 1.627183
-0.064645 0.091945 1.631785
-0.066053 0.094153 1.637381
-0.067314 0.097370 1.642771
-0.067334 0.100073 1.647092
-0.066258 0.105447 1.654373
-0.065551 0.109209 1.651209
0.048550 0.136850 1.650494
0.051340 0.140720 1.647470
0.046786 0.143607 1.646008
0.042556 0.145644 1.643898
0.039730 0.141971 1.647008
0.035388 0.143600 1.644364
0.038503 0.147324 1.640770
0.034768 0.148133 1.637322
0.023484 0.144917 1.625106
0.022958 0.142925 1.620693
0.022729 0.139786 1.616355
0.026564 0.137920 1.611274
0.027597 0.134514 1.607933
0.024434 0.130905 1.609261
0.029597 0.130968 1.604997
0.026795 0.128261 1.607034
0.029693 0.124348 1.604352
0.035698 0.123386 1.601210
0.032816 0.120488 1.602904
0.039235 0.120239 1.600675
0.043367 0.116928 1.600948
0.045135 0.110794 1.603771
0.049075 0.108853 1.605557
0.051449 0.112095 1.603911
0.052859 0.107349 1.608048
0.055296 0.110518 1.606513
0.059134 0.109612 1.609908
0.060251 0.106090 1.615512
0.062311 0.109316 1.613613
0.063237 0.106689 1.619973
0.065535 0.108119 1.624640
0.067457 0.110971 1.623011
0.066967 0.110185 1.629358
0.068793 0.113001 1.627642
0.069323 0.115718 1.632356
0.067547 0.113097 1.634299
0.068976 0.118810 1.636371
0.067003 0.116098 1.638676
0.067643 0.122559 1.640456
0.065653 0.126238 1.643410
0.059655 0.126173 1.648944
0.062909 0.130113 1.645743
0.056235 0.130124 1.650389
0.059654 0.133833 1.647116
0.052829 0.133444 1.650862
0.055429 0.137659 1.647801
0.061922 0.112174 1.613477
0.064741 0.112664 1.617800
0.066856 0.124410 1.637966
0.030188 0.145493 1.623161
0.029479 0.143315 1.618782
0.032839 0.131664 1.605593
0.035100 0.128362 1.603595
0.044173 0.145475 1.640573
0.040361 0.146901 1.637941
0.056091 0.137970 1.644537
0.059678 0.134570 1.643991
0.030991 0.135081 1.608324
0.031804 0.146860 1.627341
0.058926 0.112478 1.610120
0.062604 0.131180 1.642687
0.052183 0.140923 1.643947
0.041213 0.121950 1.601817
0.044840 0.119025 1.602081
0.029743 0.138272 1.611499
0.067947 0.115661 1.626337
0.055631 0.113346 1.607218
0.029202 0.141106 1.615108
0.038095 0.124961 1.602325
0.065087 0.127698 1.640610
0.066538 0.113834 1.621814
0.048512 0.116588 1.603088
0.052067 0.114766 1.604830
0.037152 0.147468 1.634870
0.014690 0.152452 1.629141
0.018367 0.147505 1.620929
0.014434 0.148411 1.620261
0.018613 0.151392 1.630010
0.018014 0.143569 1.612754
0.014136 0.144313 1.612288
0.013950 0.154612 1.634217
0.017644 0.153962 1.636600
0.015525 0.155565 1.640979
0.005845 0.159005 1.648176
0.010018 0.158423 1.649163
0.003687 0.159334 1.650066
0.008757 0.158668 1.652244
0.008578 0.158284 1.656929
0.003293 0.157991 1.648508
0.004681 0.157851 1.647363
0.010843 0.154977 1.637851
0.008558 0.157188 1.672870
0.010023 0.155967 1.676001
0.012667 0.153823 1.680637
0.011872 0.151640 1.688792
0.005220 0.151907 1.691837
0.015888 0.151247 1.684870
0.019995 0.147217 1.683741
0.020655 0.147672 1.630462
0.020364 0.146516 1.625766
0.012541 0.153222 1.634068
0.013136 0.151441 1.629217
0.013034 0.147565 1.620523
0.017850 0.140550 1.607567
0.013474 0.142011 1.608435
0.017826 0.136048 1.600953
0.013454 0.136012 1.599623
0.022576 0.131350 1.607051
0.003667 0.158539 1.643541
0.005035 0.158263 1.642875
0.009753 0.155910 1.636745
0.011228 0.154470 1.633699
0.011876 0.152317 1.628969
0.010396 0.147386 1.620506
0.010475 0.151500 1.629107
0.007446 0.135699 1.599015
0.012959 0.131647 1.601441
0.006998 0.131505 1.600732
0.017376 0.131496 1.603158
0.018015 0.147664 1.667112
0.018668 0.147339 1.671698
0.020579 0.146121 1.678012
0.022557 0.144811 1.683273
0.020612 0.148110 1.646346
0.025852 0.144439 1.647624
0.025942 0.126206 1.604468
0.028495 0.122694 1.603036
0.068339 0.111147 1.635118
0.048287 0.106731 1.605255
0.052320 0.105359 1.607772
0.022919 0.129610 1.605356
0.007774 0.129598 1.598202
0.011311 0.076559 1.595371
0.009629 0.070255 1.593682
0.008506 0.066767 1.596594
0.017395 0.065785 1.598545
0.018711 0.069365 1.596848
0.020117 0.075551 1.597627
0.018264 0.120700 1.603771
0.022073 0.118038 1.603664
0.025034 0.108599 1.602163
0.029074 0.091807 1.604119
0.025729 0.077952 1.601207
0.031095 0.090600 1.603137
0.028595 0.077650 1.600396
0.029982 0.096334 1.604131
0.032304 0.096341 1.604119
0.034167 0.060920 1.605769
0.040793 0.056627 1.610235
0.050141 0.067302 1.617193
0.046353 0.059142 1.613913
0.043864 0.056636 1.612402
0.058139 0.086076 1.623159
0.055555 0.081114 1.620751
0.067752 0.114164 1.639755
0.065116 0.116471 1.644456
0.066620 0.109029 1.641797
0.065826 0.112270 1.648991
0.060744 0.089227 1.626874
0.062879 0.091596 1.630401
0.065314 0.094657 1.635835
0.066995 0.097678 1.641862
0.067678 0.099717 1.646643
0.066381 0.107128 1.650352
0.068278 0.102167 1.654339
-0.065902 0.098802 1.647813
-0.065754 0.096147 1.643504
-0.062834 0.091000 1.632945
-0.064249 0.093278 1.638435
-0.057767 0.085986 1.623774
-0.060830 0.089344 1.628426
-0.053227 0.078293 1.617977
-0.055504 0.083129 1.621212
-0.051511 0.063734 1.608604
-0.052012 0.067441 1.611208
-0.064656 0.104625 1.654770
-0.048331 0.062806 1.608059
-0.036899 0.062894 1.607714
-0.016900 0.065989 1.601715
-0.027197 0.064595 1.604490
-0.007600 0.067142 1.600622
0.000193 0.067602 1.600118
0.007025 0.067219 1.600127
0.016016 0.065998 1.602330
0.024873 0.063960 1.606124
0.032561 0.060653 1.609586
0.039531 0.056760 1.613533
0.042779 0.056711 1.615553
0.045536 0.058970 1.615632
0.049288 0.067182 1.618617
0.054429 0.080116 1.622620
0.056933 0.084990 1.625014
0.059270 0.087972 1.627878
0.061080 0.090192 1.631059
0.063363 0.093633 1.636818
0.065461 0.096447 1.642575
0.066072 0.098367 1.647217
0.066879 0.101202 1.654500
-0.040448 0.081130 1.611812
-0.036899 0.062894 1.607714
-0.035154 0.079150 1.609797
-0.026917 0.079322 1.608177
-0.016900 0.065989 1.601715
-0.016595 0.080340 1.607298
-0.027197 0.064595 1.604490
-0.007600 0.067142 1.600622
-0.007669 0.081226 1.606931
0.000193 0.067602 1.600118
-0.000160 0.081612 1.606771
0.006359 0.081439 1.606845
0.007025 0.067219 1.600127
0.015446 0.080942 1.607422
0.016016 0.065998 1.602330
0.025009 0.079268 1.609654
0.031402 0.075775 1.613769
0.032561 0.060653 1.609586
0.038406 0.072007 1.616460
0.039531 0.056760 1.613533
-0.052012 0.067441 1.611208
-0.052427 0.072744 1.615000
-0.043247 0.082156 1.614438
-0.051511 0.063734 1.608604
0.045536 0.058970 1.615632
0.049288 0.067182 1.618617
0.042779 0.056711 1.615553
0.054429 0.080116 1.622620
0.056933 0.084990 1.625014
0.059270 0.087972 1.627878
0.054045 0.090194 1.629161
0.061080 0.090192 1.631059
0.055936 0.093665 1.632316
0.057681 0.096571 1.636238
0.065461 0.096447 1.642575
0.058975 0.099194 1.640244
0.060048 0.101932 1.643981
0.066072 0.098367 1.647217
0.066879 0.101202 1.654500
0.060702 0.105289 1.650675
-0.062674 0.098606 1.642094
-0.063210 0.101264 1.646570
-0.065902 0.098802 1.647813
-0.065754 0.096147 1.643504
-0.064656 0.104625 1.654770
-0.062921 0.106591 1.653112
-0.064249 0.093278 1.638435
-0.062834 0.091000 1.632945
-0.059946 0.094826 1.631684
-0.057785 0.091908 1.628366
-0.060830 0.089344 1.628426
-0.053130 0.085838 1.621406
-0.057767 0.085986 1.623774
-0.055504 0.083129 1.621212
-0.053227 0.078293 1.617977
-0.046978 0.082777 1.616946
-0.064289 0.159046 1.632340
-0.068314 0.156407 1.633496
-0.068075 0.155753 1.632226
-0.064281 0.158241 1.631136
-0.060480 0.160219 1.629284
-0.060256 0.161145 1.630374
-0.064289 0.159046 1.632340
-0.060480 0.160219 1.629284
-0.056819 0.161610 1.626740
-0.056372 0.162621 1.627675
-0.060256 0.161145 1.630374
-0.056819 0.161610 1.626740
-0.053441 0.162360 1.623601
-0.052788 0.163417 1.624345
-0.056372 0.162621 1.627675
-0.053441 0.162360 1.623601
-0.049643 0.163502 1.620515
-0.052788 0.163417 1.624345
-0.048041 0.161844 1.616048
-0.049643 0.163502 1.620515
-0.050477 0.162440 1.619991
-0.046231 0.160599 1.611926
-0.047059 0.162870 1.616332
-0.048041 0.161844 1.616048
-0.045138 0.161548 1.611958
-0.045113 0.158751 1.607784
-0.045138 0.161548 1.611958
-0.043952 0.159588 1.607564
-0.044731 0.156372 1.603784
-0.043952 0.159588 1.607564
-0.045113 0.158751 1.607784
-0.043547 0.157064 1.603319
-0.045101 0.153556 1.600080
-0.043939 0.154077 1.599390
-0.044731 0.156372 1.603784
-0.043939 0.154077 1.599390
-0.046204 0.150414 1.596816
-0.045110 0.150743 1.595927
-0.045101 0.153556 1.600080
-0.045110 0.150743 1.595927
-0.048000 0.147066 1.594116
-0.047015 0.147190 1.593062
-0.046204 0.150414 1.596816
-0.047015 0.147190 1.593062
-0.050415 0.143641 1.592083
-0.048000 0.147066 1.594116
-0.050415 0.143641 1.592083
-0.053356 0.140273 1.590793
-0.052698 0.139983 1.589536
-0.049577 0.143557 1.590905
-0.053356 0.140273 1.590793
-0.056711 0.137089 1.590296
-0.056257 0.136605 1.589009
-0.052698 0.139983 1.589536
-0.056711 0.137089 1.590296
-0.060116 0.133552 1.589340
-0.056257 0.136605 1.589009
-0.060348 0.134212 1.590607
-0.064127 0.131749 1.591714
-0.064126 0.130939 1.590513
-0.068135 0.128868 1.592487
-0.064127 0.131749 1.591714
-0.067906 0.129797 1.593574
-0.064126 0.130939 1.590513
-0.067906 0.129797 1.593574
-0.071991 0.127414 1.595181
-0.068135 0.128868 1.592487
-0.071540 0.128426 1.596113
-0.071540 0.128426 1.596113
-0.075547 0.126632 1.598494
-0.071991 0.127414 1.595181
-0.074892 0.127689 1.599236
-0.078666 0.126553 1.602299
-0.075547 0.126632 1.598494
-0.077832 0.127614 1.602823
-0.078666 0.126553 1.602299
-0.080250 0.128203 1.606737
-0.081232 0.127178 1.606453
-0.077832 0.127614 1.602823
-0.081232 0.127178 1.606453
-0.082055 0.129434 1.610829
-0.083147 0.128484 1.610794
-0.080250 0.128203 1.606737
-0.083177 0.131261 1.614944
-0.083147 0.128484 1.610794
-0.084337 0.130421 1.615160
-0.083572 0.133613 1.618925
-0.084337 0.130421 1.615160
-0.083177 0.131261 1.614944
-0.083225 0.136403 1.622622
-0.084756 0.132917 1.619384
-0.083572 0.133613 1.618925
-0.084388 0.135877 1.623306
-0.082148 0.139525 1.625891
-0.084388 0.135877 1.623306
-0.083245 0.139190 1.626775
-0.080380 0.142860 1.628608
-0.083245 0.139190 1.626775
-0.082148 0.139525 1.625891
-0.077988 0.146279 1.630666
-0.081370 0.142728 1.629657
-0.080380 0.142860 1.628608
-0.078832 0.146356 1.631840
-0.077988 0.146279 1.630666
-0.075729 0.149938 1.633239
-0.078832 0.146356 1.631840
-0.075064 0.149655 1.631984
-0.075064 0.149655 1.631984
-0.072178 0.153330 1.633799
-0.075729 0.149938 1.633239
-0.071717 0.152853 1.632511
-0.068314 0.156407 1.633496
-0.071717 0.152853 1.632511
-0.068075 0.155753 1.632226
0.059288 0.114821 1.696070
0.052509 0.123511 1.691220
0.000000 0.138790 1.769583
0.000000 0.142588 1.757694
0.013299 0.141873 1.757516
0.025728 0.139651 1.757095
0.036746 0.135837 1.756542
0.047142 0.130462 1.755730
0.000000 0.149085 1.725270
0.000000 0.152682 1.714027
0.057536 0.123722 1.754522
0.012940 0.141035 1.753600
0.000000 0.141728 1.753779
0.031567 0.141032 1.733152
0.020888 0.144113 1.734115
0.067954 0.115899 1.736454
0.070867 0.109317 1.746936
0.000000 0.146108 1.734372
0.000000 0.143388 1.736872
0.073542 0.108060 1.743553
0.061966 0.112275 1.744721
0.059001 0.114871 1.745191
0.056841 0.118482 1.738973
0.020008 0.134383 1.740187
0.011047 0.136044 1.748427
0.000000 0.136720 1.748683
0.047199 0.124633 1.737723
0.053061 0.121341 1.737564
0.052157 0.119924 1.746016
0.042891 0.125549 1.746957
0.000000 0.136378 1.740394
0.010326 0.135832 1.740453
0.022073 0.134048 1.748092
0.033542 0.130201 1.747576
0.086916 0.075024 1.773471
0.084471 0.082306 1.779202
0.038400 0.119418 1.799204
0.025663 0.123208 1.800602
0.012140 0.125387 1.801295
0.078548 0.091796 1.785164
0.070211 0.101321 1.790498
0.060877 0.108535 1.794144
0.089406 0.062425 1.733532
0.089220 0.064063 1.761208
0.089651 0.062175 1.742059
0.089531 0.062931 1.752470
0.088660 0.066041 1.765092
0.087857 0.060537 1.750718
0.086418 0.059645 1.723096
0.085376 0.062139 1.718900
0.030099 0.144639 1.704086
0.041971 0.132446 1.688437
0.040151 0.135175 1.692172
0.038007 0.138112 1.696675
0.000000 0.151617 1.708812
0.087297 0.058603 1.728816
0.035435 0.140959 1.700781
0.088353 0.062407 1.761468
0.085857 0.073984 1.774961
0.087671 0.064687 1.765894
0.083663 0.081303 1.780308
0.048177 0.120546 1.685550
0.044858 0.124996 1.684388
0.064276 0.097538 1.696746
0.055337 0.110748 1.690050
0.028826 0.143591 1.702602
0.022909 0.146704 1.704744
0.042725 0.128014 1.684764
0.015618 0.149009 1.706335
0.008269 0.150266 1.706977
0.071181 0.086896 1.702671
0.000000 0.150762 1.707019
0.033817 0.139657 1.699254
0.078073 0.074636 1.709248
0.038683 0.134178 1.690836
0.036508 0.136935 1.695502
0.082324 0.065889 1.714351
0.084082 0.061632 1.717905
0.083795 0.061132 1.713913
0.087422 0.059157 1.699401
0.084281 0.060316 1.708641
0.091895 0.059350 1.690154
0.083220 0.080798 1.667838
0.088809 0.070761 1.675843
0.072675 0.100241 1.652860
0.092310 0.063865 1.681574
0.092925 0.060310 1.686944
0.070397 0.107317 1.647765
0.093014 0.061920 1.683887
0.037322 0.146236 1.645107
0.042742 0.143615 1.648695
0.054299 0.135919 1.651541
0.048873 0.139938 1.650820
0.059503 0.131134 1.650646
0.069357 0.114694 1.642335
0.066933 0.121089 1.645373
0.063572 0.126292 1.648621
0.032908 0.147787 1.640738
0.030462 0.148495 1.639059
0.025248 0.150140 1.641142
0.021589 0.151646 1.644345
0.018974 0.153497 1.649077
0.018063 0.154342 1.652237
0.018207 0.154430 1.669371
0.018065 0.154552 1.658212
0.017762 0.154170 1.680213
0.016004 0.154301 1.685552
0.012304 0.154717 1.689387
0.007481 0.154931 1.691630
0.000000 0.153742 1.696757
0.000000 0.155008 1.692298
0.000000 0.152194 1.701981
0.016902 0.153919 1.651830
0.017962 0.152795 1.648224
0.016135 0.152450 1.651850
0.017186 0.151339 1.648134
0.006809 0.152830 1.689085
0.000000 0.154517 1.690659
0.007109 0.154523 1.689964
0.011543 0.152489 1.686980
0.011714 0.154312 1.687854
0.028739 0.148003 1.637839
0.023613 0.147798 1.640332
0.024200 0.149483 1.640264
0.028372 0.146250 1.638065
0.016235 0.153976 1.679619
0.016688 0.154249 1.669134
0.015349 0.152229 1.679037
0.015825 0.152535 1.668854
0.014732 0.153973 1.684507
0.020348 0.150934 1.643357
0.019602 0.149347 1.643321
0.015850 0.152698 1.658155
0.030656 0.147371 1.637915
0.030059 0.145594 1.638150
0.028947 0.148911 1.639005
0.032402 0.144611 1.640130
0.033292 0.146734 1.639837
0.036958 0.143125 1.643785
0.037877 0.145263 1.644031
0.042087 0.140815 1.646830
0.047528 0.137577 1.648706
0.049033 0.139368 1.649375
0.052675 0.133892 1.649278
0.053929 0.135590 1.649966
0.058877 0.131055 1.649184
0.057625 0.129410 1.648482
0.061019 0.125213 1.646871
0.062758 0.126299 1.647260
0.064062 0.120500 1.644172
0.065873 0.121377 1.644247
0.068887 0.116476 1.641917
0.067918 0.116429 1.640997
0.067349 0.114083 1.640957
0.068714 0.114295 1.641110
0.066528 0.115901 1.641214
0.069768 0.106453 1.646524
0.071006 0.098520 1.651553
0.072597 0.099514 1.651750
0.075699 0.089723 1.658314
0.081721 0.079069 1.666502
0.083045 0.080086 1.666662
0.087228 0.069294 1.674265
0.088508 0.069936 1.674633
0.091888 0.063005 1.680457
0.091247 0.060470 1.682474
0.092677 0.060892 1.682916
0.091024 0.058650 1.685696
0.089733 0.057901 1.689150
0.086985 0.057934 1.699362
0.085552 0.057729 1.699076
0.083648 0.059107 1.708761
0.082375 0.058745 1.708360
0.082378 0.061459 1.722256
0.081672 0.059671 1.714251
0.083345 0.060917 1.719790
0.064650 0.101747 1.660032
0.071006 0.098520 1.651553
0.075699 0.089723 1.658314
0.081721 0.079069 1.666502
0.074293 0.082491 1.674846
0.087228 0.069294 1.674265
0.079946 0.072775 1.681565
0.062145 0.109443 1.653948
0.067349 0.114083 1.640957
0.062716 0.114858 1.648529
0.064062 0.120500 1.644172
0.066528 0.115901 1.641214
0.090496 0.062509 1.680132
0.083763 0.064874 1.688605
0.091247 0.060470 1.682474
0.091024 0.058650 1.685696
0.089733 0.057901 1.689150
0.080748 0.065587 1.694837
0.078084 0.066222 1.703581
0.082375 0.058745 1.708360
0.077311 0.067401 1.710392
0.081672 0.059671 1.714251
0.082378 0.061459 1.722256
0.016135 0.152450 1.651850
0.019500 0.143256 1.652683
0.017186 0.151339 1.648134
0.006473 0.146968 1.694074
0.000000 0.152754 1.689854
0.006809 0.152830 1.689085
0.000000 0.147028 1.694886
0.011543 0.152489 1.686980
0.014386 0.145483 1.692075
0.028372 0.146250 1.638065
0.023680 0.141657 1.645540
0.023613 0.147798 1.640332
0.015349 0.152229 1.679037
0.018754 0.144078 1.670216
0.018926 0.143822 1.680713
0.015825 0.152535 1.668854
0.017474 0.144446 1.687831
0.019602 0.149347 1.643321
0.021421 0.142124 1.648422
0.015850 0.152698 1.658155
0.018607 0.144045 1.660924
0.030059 0.145594 1.638150
0.032402 0.144611 1.640130
0.034268 0.141127 1.648724
0.036958 0.143125 1.643785
0.042087 0.140815 1.646830
0.039852 0.137666 1.651397
0.045278 0.133717 1.652882
0.047528 0.137577 1.648706
0.052675 0.133892 1.649278
0.050281 0.129645 1.653188
0.054848 0.124935 1.652698
0.058425 0.120560 1.651496
0.085130 0.059040 1.722912
0.085776 0.057853 1.728727
0.000000 0.138790 1.769583
0.000000 0.132389 1.787068
0.000000 0.142588 1.757694
-0.013299 0.141873 1.757516
-0.025728 0.139651 1.757095
-0.036746 0.135837 1.756542
-0.047142 0.130462 1.755730
0.000000 0.149085 1.725270
0.000000 0.152682 1.714027
-0.062520 0.120698 1.735750
-0.056526 0.126013 1.733690
-0.012940 0.141035 1.753600
0.000000 0.141728 1.753779
-0.020888 0.144113 1.734115
-0.010383 0.145721 1.734346
-0.025036 0.138847 1.753177
-0.035762 0.135038 1.752628
-0.070867 0.109317 1.746936
0.000000 0.143388 1.736872
0.000000 0.146108 1.734372
-0.061966 0.112275 1.744721
-0.059001 0.114871 1.745191
-0.056841 0.118482 1.738973
-0.030861 0.131571 1.739494
-0.020008 0.134383 1.740187
-0.011047 0.136044 1.748427
0.000000 0.136720 1.748683
-0.047199 0.124633 1.737723
-0.052157 0.119924 1.746016
-0.042891 0.125549 1.746957
0.000000 0.136378 1.740394
-0.010326 0.135832 1.740453
-0.039947 0.128058 1.738666
-0.022073 0.134048 1.748092
-0.033542 0.130201 1.747576
-0.086916 0.075024 1.773471
-0.084471 0.082306 1.779202
-0.038400 0.119418 1.799204
-0.012140 0.125387 1.801295
0.000000 0.126218 1.801064
-0.078548 0.091796 1.785164
-0.070211 0.101321 1.790498
-0.060877 0.108535 1.794144
-0.049683 0.114603 1.797133
-0.089220 0.064063 1.761208
-0.089531 0.062931 1.752470
-0.088660 0.066041 1.765092
-0.087857 0.060537 1.750718
-0.087879 0.058694 1.738187
-0.086418 0.059645 1.723096
-0.030099 0.144639 1.704086
-0.040151 0.135175 1.692172
-0.038007 0.138112 1.696675
0.000000 0.151617 1.708812
-0.087297 0.058603 1.728816
-0.035435 0.140959 1.700781
-0.085857 0.073984 1.774961
-0.087671 0.064687 1.765894
-0.083663 0.081303 1.780308
-0.044858 0.124996 1.684388
-0.048177 0.120546 1.685550
-0.055337 0.110748 1.690050
-0.064276 0.097538 1.696746
-0.028826 0.143591 1.702602
-0.022909 0.146704 1.704744
-0.042725 0.128014 1.684764
-0.008269 0.150266 1.706977
-0.071181 0.086896 1.702671
0.000000 0.150762 1.707019
-0.033817 0.139657 1.699254
-0.078073 0.074636 1.709248
-0.038683 0.134178 1.690836
-0.040758 0.131064 1.686919
-0.036508 0.136935 1.695502
-0.082324 0.065889 1.714351
-0.084082 0.061632 1.717905
-0.083795 0.061132 1.713913
-0.087422 0.059157 1.699401
-0.084281 0.060316 1.708641
-0.091895 0.059350 1.690154
-0.083220 0.080798 1.667838
-0.077088 0.091443 1.659699
-0.088809 0.070761 1.675843
-0.072675 0.100241 1.652860
-0.092310 0.063865 1.681574
-0.070397 0.107317 1.647765
-0.093014 0.061920 1.683887
-0.037322 0.146236 1.645107
-0.042742 0.143615 1.648695
-0.054299 0.135919 1.651541
-0.048873 0.139938 1.650820
-0.059503 0.131134 1.650646
-0.069357 0.114694 1.642335
-0.066933 0.121089 1.645373
-0.063572 0.126292 1.648621
-0.032908 0.147787 1.640738
-0.030462 0.148495 1.639059
-0.021589 0.151646 1.644345
-0.025248 0.150140 1.641142
-0.018974 0.153497 1.649077
-0.018063 0.154342 1.652237
-0.018207 0.154430 1.669371
-0.018065 0.154552 1.658212
-0.017762 0.154170 1.680213
-0.016004 0.154301 1.685552
-0.012304 0.154717 1.689387
-0.007481 0.154931 1.691630
0.000000 0.153742 1.696757
0.000000 0.155008 1.692298
0.000000 0.152194 1.701981
-0.016135 0.152450 1.651850
-0.017962 0.152795 1.648224
-0.016902 0.153919 1.651830
-0.006809 0.152830 1.689085
0.000000 0.154517 1.690659
0.000000 0.152754 1.689854
-0.007109 0.154523 1.689964
-0.011543 0.152489 1.686980
-0.011714 0.154312 1.687854
-0.028739 0.148003 1.637839
-0.023613 0.147798 1.640332
-0.028372 0.146250 1.638065
-0.024200 0.149483 1.640264
-0.015349 0.152229 1.679037
-0.016688 0.154249 1.669134
-0.016235 0.153976 1.679619
-0.014732 0.153973 1.684507
-0.014060 0.152224 1.683892
-0.020348 0.150934 1.643357
-0.015850 0.152698 1.658155
-0.016661 0.154337 1.658197
-0.030656 0.147371 1.637915
-0.030059 0.145594 1.638150
-0.032402 0.144611 1.640130
-0.036958 0.143125 1.643785
-0.042087 0.140815 1.646830
-0.043098 0.142931 1.647355
-0.047528 0.137577 1.648706
-0.049033 0.139368 1.649375
-0.053929 0.135590 1.649966
-0.058877 0.131055 1.649184
-0.057625 0.129410 1.648482
-0.062758 0.126299 1.647260
-0.061019 0.125213 1.646871
-0.064062 0.120500 1.644172
-0.065873 0.121377 1.644247
-0.068887 0.116476 1.641917
-0.067918 0.116429 1.640997
-0.067349 0.114083 1.640957
-0.068714 0.114295 1.641110
-0.066528 0.115901 1.641214
-0.068228 0.105956 1.646143
-0.069768 0.106453 1.646524
-0.072597 0.099514 1.651750
-0.071006 0.098520 1.651553
-0.077089 0.090710 1.658579
-0.075699 0.089723 1.658314
-0.083045 0.080086 1.666662
-0.081721 0.079069 1.666502
-0.087228 0.069294 1.674265
-0.090496 0.062509 1.680132
-0.091247 0.060470 1.682474
-0.091024 0.058650 1.685696
-0.089733 0.057901 1.689150
-0.091572 0.058106 1.689830
-0.085552 0.057729 1.699076
-0.086985 0.057934 1.699362
-0.083648 0.059107 1.708761
-0.081672 0.059671 1.714251
-0.082378 0.061459 1.722256
-0.083345 0.060917 1.719790
-0.083328 0.060110 1.714203
0.000000 0.155008 1.692298
0.000000 0.154517 1.690659
-0.064650 0.101747 1.660032
-0.075699 0.089723 1.658314
-0.071006 0.098520 1.651553
-0.081721 0.079069 1.666502
-0.087228 0.069294 1.674265
-0.079946 0.072775 1.681565
-0.068228 0.105956 1.646143
-0.062145 0.109443 1.653948
-0.062716 0.114858 1.648529
-0.064062 0.120500 1.644172
-0.090496 0.062509 1.680132
-0.083763 0.064874 1.688605
-0.091247 0.060470 1.682474
-0.091024 0.058650 1.685696
-0.089733 0.057901 1.689150
-0.080748 0.065587 1.694837
-0.085552 0.057729 1.699076
-0.078084 0.066222 1.703581
-0.077311 0.067401 1.710392
-0.081672 0.059671 1.714251
-0.078252 0.069060 1.717295
-0.082378 0.061459 1.722256
-0.016135 0.152450 1.651850
-0.019500 0.143256 1.652683
-0.017186 0.151339 1.648134
-0.018803 0.143822 1.656702
-0.006473 0.146968 1.694074
0.000000 0.152754 1.689854
0.000000 0.147028 1.694886
-0.006809 0.152830 1.689085
-0.014386 0.145483 1.692075
-0.011543 0.152489 1.686980
-0.028372 0.146250 1.638065
-0.023680 0.141657 1.645540
-0.023613 0.147798 1.640332
-0.015349 0.152229 1.679037
-0.018754 0.144078 1.670216
-0.015825 0.152535 1.668854
-0.018926 0.143822 1.680713
-0.017474 0.144446 1.687831
-0.019602 0.149347 1.643321
-0.021421 0.142124 1.648422
-0.015850 0.152698 1.658155
-0.018607 0.144045 1.660924
-0.030059 0.145594 1.638150
-0.032402 0.144611 1.640130
-0.036958 0.143125 1.643785
-0.042087 0.140815 1.646830
-0.045278 0.133717 1.652882
-0.047528 0.137577 1.648706
-0.052675 0.133892 1.649278
-0.050281 0.129645 1.653188
-0.057625 0.129410 1.648482
-0.054848 0.124935 1.652698
-0.061019 0.125213 1.646871
-0.058425 0.120560 1.651496
-0.085130 0.059040 1.722912
-0.085776 0.057853 1.728727
0.081900 0.043312 1.662870
0.086834 0.061914 1.680293
0.087213 0.038980 1.673637
0.082865 0.066075 1.669320
0.080769 0.039689 1.662468
0.085261 0.032922 1.673628
0.080512 0.032588 1.661002
0.085111 0.026738 1.671674
0.078050 0.029145 1.659788
0.082666 0.023247 1.669664
0.080505 0.070883 1.671428
0.083648 0.065967 1.682222
0.080146 0.074364 1.684520
0.078518 0.076720 1.672957
0.076029 0.080668 1.675169
0.074143 0.081513 1.676933
0.075725 0.078033 1.685589
0.073925 0.084029 1.679480
0.070870 0.090912 1.670944
0.068235 0.097208 1.664714
0.073425 0.081348 1.665230
0.075075 0.080509 1.666659
0.078106 0.070946 1.666305
0.074390 0.073404 1.662703
0.083217 0.069681 1.664982
0.077229 0.044037 1.657034
0.073949 0.047949 1.646477
0.079965 0.073862 1.653588
0.070222 0.050988 1.638900
0.076107 0.076936 1.646009
0.064726 0.055224 1.630959
0.070560 0.080465 1.638337
0.060744 0.057130 1.627710
0.066302 0.082912 1.635401
0.060105 0.067118 1.625116
0.062930 0.077957 1.628894
0.072357 0.075682 1.655550
0.069632 0.078394 1.649875
0.066659 0.082070 1.642130
0.064763 0.083632 1.637901
0.063255 0.082129 1.633378
0.056288 0.086577 1.625604
0.059909 0.078092 1.628070
0.046190 0.092867 1.617472
0.035620 0.097787 1.616904
0.040297 0.095496 1.615126
0.034356 0.096343 1.615554
0.046403 0.117440 1.640504
0.042062 0.113289 1.632425
0.037015 0.107882 1.623420
0.032110 0.099960 1.615070
0.050258 0.119897 1.646678
0.055015 0.119051 1.652038
0.052755 0.120098 1.650325
0.069245 0.046195 1.647657
0.065413 0.049096 1.640704
0.060722 0.052750 1.632763
0.057700 0.055807 1.628360
0.070903 0.044357 1.653494
0.075393 0.043182 1.657656
0.070730 0.040391 1.652047
0.071418 0.035845 1.652645
0.073591 0.029985 1.655627
0.076719 0.025922 1.661637
0.077970 0.022444 1.667949
0.079489 0.044342 1.662412
0.080193 0.066371 1.668747
0.079314 0.066624 1.665803
0.076746 0.045233 1.659557
0.079367 0.013506 1.664900
0.078548 0.021045 1.674803
0.079067 0.010457 1.659936
0.076434 0.009897 1.652205
0.074821 0.012025 1.649139
0.077926 0.009408 1.655949
0.070550 0.016619 1.643590
0.065653 0.022505 1.638523
0.061067 0.028381 1.634226
0.056610 0.034706 1.629021
0.050379 0.041318 1.622805
0.030042 0.072026 1.609444
0.056820 0.067562 1.625172
0.037574 0.074056 1.609265
0.033969 0.075240 1.608211
0.028593 0.076235 1.608780
0.027015 0.081982 1.608459
0.042009 0.049729 1.616568
0.027270 0.069023 1.608074
0.024721 0.074790 1.606726
0.023087 0.080061 1.606215
0.024223 0.085951 1.607281
0.027239 0.091645 1.609624
0.085958 0.060040 1.684095
0.087573 0.038076 1.677805
0.087188 0.056144 1.695545
0.090414 0.033592 1.689987
0.087297 0.054760 1.704380
0.088806 0.029772 1.703978
0.085745 0.053490 1.715586
0.087544 0.028729 1.714018
0.089850 0.051824 1.735524
0.087545 0.027937 1.736477
0.085198 0.028249 1.726524
0.090185 0.054282 1.729809
0.084427 0.058465 1.695115
0.083206 0.061713 1.684651
0.077998 0.069712 1.716146
0.080093 0.068875 1.728369
0.086814 0.068480 1.732351
0.074932 0.075536 1.695243
0.072662 0.075334 1.707271
0.076462 0.077078 1.687865
0.073178 0.073116 1.721769
0.073115 0.074730 1.716094
0.089515 0.031168 1.690496
0.093161 0.021008 1.692075
0.084903 0.035358 1.676231
0.096585 0.017965 1.704321
0.090235 0.014345 1.732456
0.084869 0.020659 1.674224
0.092917 0.015982 1.691022
0.098174 0.012098 1.712989
0.097941 0.013084 1.703428
0.094833 0.009375 1.727147
0.082736 0.018593 1.677431
0.089103 0.014258 1.691054
0.094288 0.011264 1.704125
0.094111 0.009635 1.713327
0.091369 0.006874 1.725772
0.076397 0.012679 1.666088
0.075657 0.022944 1.678924
0.075367 0.008202 1.656938
0.073830 0.008875 1.652821
0.071758 0.010743 1.649674
0.067380 0.015520 1.644132
0.062529 0.021773 1.638841
0.058190 0.027461 1.634228
0.053393 0.033340 1.629310
0.047345 0.039725 1.623275
0.039698 0.048216 1.616690
0.031250 0.057986 1.611942
0.024166 0.067785 1.608730
0.021503 0.073695 1.607463
0.020279 0.080127 1.606872
0.021181 0.086331 1.607630
0.024373 0.092789 1.610029
0.029410 0.100800 1.615877
0.034058 0.108430 1.624365
0.038421 0.114553 1.633257
0.042550 0.118784 1.641165
0.046542 0.120638 1.647524
0.049838 0.120262 1.651789
0.053381 0.118836 1.654279
0.057638 0.114947 1.657192
0.062349 0.105374 1.661506
0.066415 0.097274 1.666602
0.068631 0.091747 1.672371
0.071583 0.084362 1.680887
0.071482 0.074849 1.689824
0.071398 0.074696 1.694833
0.069300 0.074581 1.706851
0.069393 0.074265 1.715679
0.069934 0.072964 1.721417
0.073042 0.014773 1.666318
0.071563 0.025477 1.678569
0.072326 0.011507 1.661191
0.072057 0.010110 1.658612
0.070268 0.010333 1.654627
0.068998 0.011414 1.652493
0.064624 0.016443 1.647219
0.059657 0.022497 1.642710
0.055062 0.028467 1.638370
0.050683 0.034614 1.633097
0.044999 0.040978 1.627199
0.037488 0.048661 1.620630
0.029105 0.058631 1.615469
0.022661 0.068498 1.611686
0.020094 0.074392 1.610540
0.018908 0.080265 1.610223
0.019565 0.085712 1.611006
0.022369 0.091945 1.613485
0.028764 0.101276 1.620708
0.032276 0.106807 1.626607
0.036798 0.112967 1.636255
0.041073 0.117406 1.643934
0.044543 0.119118 1.648899
0.047774 0.118662 1.652646
0.051138 0.117082 1.655415
0.054914 0.112808 1.658192
0.059449 0.103885 1.662206
0.062910 0.096016 1.667367
0.065014 0.090737 1.672652
0.053507 0.076565 1.642617
0.029105 0.058631 1.615469
0.037488 0.048661 1.620630
0.046692 0.086771 1.636358
0.044999 0.040978 1.627199
0.057638 0.051726 1.652619
0.050683 0.034614 1.633097
0.059970 0.043244 1.656088
0.063097 0.035422 1.661483
0.059657 0.022497 1.642710
0.064624 0.016443 1.647219
0.066277 0.031859 1.668863
0.069938 0.029336 1.674432
0.068998 0.011414 1.652493
0.070268 0.010333 1.654627
0.072057 0.010110 1.658612
0.073042 0.014773 1.666318
0.071563 0.025477 1.678569
0.022661 0.068498 1.611686
0.038982 0.092561 1.630888
0.034438 0.095960 1.626789
0.020094 0.074392 1.610540
0.018908 0.080265 1.610223
0.019565 0.085712 1.611006
0.081186 0.018984 1.691504
0.088570 0.013832 1.705290
0.087664 0.011685 1.714700
0.073178 0.073116 1.721769
0.086814 0.068480 1.732351
0.080093 0.068875 1.728369
-0.073408 0.048915 1.651814
-0.087585 0.039515 1.673592
-0.089620 0.036207 1.682954
-0.090316 0.029626 1.724662
-0.090032 0.057138 1.733561
-0.105332 0.013192 1.724070
-0.113173 0.007083 1.736033
-0.106784 0.012305 1.737680
-0.112165 0.007636 1.724085
-0.111376 0.006244 1.711829
-0.104636 0.011624 1.710022
-0.112028 0.004416 1.724128
-0.111156 0.003443 1.712232
-0.105416 -0.047878 1.737858
-0.112807 -0.042084 1.736648
-0.105482 -0.048426 1.725620
-0.111961 -0.042318 1.725220
-0.110833 -0.042007 1.712502
-0.104505 -0.047856 1.712423
-0.113393 -0.038811 1.744759
-0.113349 0.004384 1.744739
-0.110642 -0.039819 1.712888
-0.111504 -0.040272 1.725157
-0.112271 -0.039675 1.736574
-0.114000 -0.001850 1.751353
-0.113743 -0.004018 1.749117
-0.113942 -0.010035 1.751965
-0.112774 -0.036891 1.742985
-0.113794 -0.024919 1.752119
-0.113346 -0.032157 1.748129
-0.113968 -0.033491 1.750416
-0.114347 -0.025852 1.754828
-0.107221 -0.037298 1.754673
-0.107922 -0.027901 1.760031
-0.107212 0.001474 1.755327
-0.108062 -0.007460 1.760110
-0.114393 -0.009220 1.754994
-0.114015 -0.017051 1.753219
-0.114511 -0.017004 1.756319
-0.109629 -0.026146 1.696904
-0.109734 -0.031995 1.700142
-0.109916 -0.010947 1.696778
-0.110140 -0.004438 1.700183
-0.110642 0.000694 1.705873
-0.109708 -0.026753 1.695095
-0.109885 -0.033452 1.698854
-0.109885 -0.009978 1.694549
-0.110318 -0.002735 1.698478
-0.109763 -0.018644 1.695665
-0.110127 -0.036656 1.705288
-0.110231 -0.038425 1.704217
-0.103605 -0.044169 1.702389
-0.102773 -0.038069 1.694909
-0.102772 -0.029043 1.689785
-0.102593 -0.018806 1.687731
-0.102763 -0.008525 1.689199
-0.103073 -0.000207 1.693357
-0.103823 0.007385 1.700964
-0.098261 0.011447 1.709108
-0.098061 -0.000839 1.692945
-0.097230 -0.009308 1.689098
-0.096541 -0.019465 1.687998
-0.096751 -0.029723 1.690095
-0.097191 -0.038348 1.695301
-0.098141 -0.044628 1.702613
-0.098502 -0.048154 1.712743
-0.098398 -0.048611 1.726693
-0.097765 -0.047630 1.739196
-0.097296 -0.043341 1.748674
-0.098304 -0.036969 1.755730
-0.099253 -0.027929 1.760895
-0.099746 -0.017678 1.762768
-0.099636 -0.007427 1.761110
-0.098988 0.001469 1.756319
-0.097630 0.009085 1.747780
-0.096092 0.013088 1.737131
-0.095841 0.013985 1.723510
-0.094848 -0.007212 1.683623
-0.095532 0.000973 1.687897
-0.094811 -0.016487 1.681761
-0.095235 -0.023245 1.682475
-0.094866 -0.032152 1.685541
-0.094592 -0.041450 1.691310
-0.092264 -0.047032 1.698667
-0.096897 0.011678 1.699675
-0.097629 0.013767 1.703178
-0.095337 0.016718 1.723999
-0.088955 -0.014757 1.677546
-0.088679 -0.005159 1.679517
-0.085686 -0.014432 1.670136
-0.085198 0.000184 1.672120
-0.087887 0.001698 1.682305
-0.087049 -0.032799 1.681891
-0.088778 -0.023401 1.678163
-0.084580 -0.042981 1.688653
-0.082210 -0.046319 1.680505
-0.087123 0.009566 1.687387
-0.084241 0.011953 1.675647
-0.079398 0.000900 1.668763
-0.079203 0.012938 1.671382
-0.079530 -0.014604 1.667373
-0.078992 -0.029647 1.669610
-0.076661 -0.045677 1.677355
-0.083270 0.017238 1.678894
-0.086343 0.013454 1.690061
-0.086672 0.020458 1.677983
-0.092615 0.016098 1.689560
-0.079193 0.018812 1.674068
-0.077763 -0.051253 1.686838
-0.039731 0.051515 1.617379
-0.048490 0.043521 1.624725
-0.055659 0.033994 1.635188
-0.068925 0.039160 1.651813
-0.061452 0.025015 1.647262
-0.074686 0.034176 1.654272
-0.077412 0.030451 1.658116
-0.069922 0.031706 1.653695
-0.065400 0.020817 1.654191
-0.072095 0.027584 1.659270
-0.074473 0.023593 1.667722
-0.072005 0.015557 1.668513
-0.084442 0.023148 1.671417
-0.081109 0.032634 1.661390
-0.085279 0.028476 1.670445
-0.073940 0.017467 1.671977
-0.078622 0.077491 1.673668
-0.074051 0.077416 1.686622
-0.075097 0.075699 1.694584
-0.076454 0.073533 1.703875
-0.076376 0.072915 1.715471
-0.077528 0.070243 1.726010
-0.073246 0.081754 1.664497
-0.065720 0.103318 1.659594
-0.069319 0.095594 1.665816
-0.070932 0.090873 1.671266
-0.072057 0.085783 1.677883
-0.031490 0.060208 1.611531
-0.025921 0.069873 1.607417
-0.029598 0.058616 1.612494
-0.021065 0.068717 1.611730
-0.026721 0.059418 1.615303
-0.023287 0.068880 1.608491
-0.037634 0.049279 1.618276
-0.045479 0.041261 1.625986
-0.052464 0.032823 1.635915
-0.058891 0.024235 1.647633
-0.056275 0.024148 1.649616
-0.062522 0.020189 1.654521
-0.059993 0.020763 1.657727
-0.065517 0.017147 1.660841
-0.068636 0.014679 1.668513
-0.046410 0.093153 1.611724
-0.050023 0.102156 1.620544
-0.054681 0.109933 1.631399
-0.061710 0.109823 1.657007
-0.059116 0.119903 1.650692
-0.056816 0.116168 1.642320
-0.070230 -0.014178 1.668702
-0.070037 -0.029032 1.671288
-0.069018 -0.042254 1.676835
-0.071757 0.014479 1.672698
-0.067185 0.016250 1.678477
-0.066949 -0.047060 1.682093
-0.062121 -0.044818 1.684027
-0.063489 -0.066319 1.677552
-0.056705 -0.075015 1.675684
-0.048793 -0.082905 1.675894
-0.043112 -0.076723 1.677559
-0.035828 -0.083925 1.677939
-0.040516 -0.090603 1.675584
-0.029012 -0.090595 1.679503
-0.031698 -0.097020 1.677522
-0.074130 -0.058939 1.681224
-0.068600 -0.069592 1.679932
-0.060599 -0.078302 1.679783
-0.044804 -0.095012 1.679668
-0.034961 -0.102555 1.679805
-0.054780 -0.054920 1.682784
-0.041784 -0.068317 1.682463
-0.032268 -0.078175 1.683683
-0.025021 -0.083225 1.685336
-0.054982 -0.088683 1.686982
-0.063158 -0.080484 1.685554
-0.046357 -0.096374 1.687297
-0.037271 -0.105010 1.686522
-0.070986 -0.070825 1.684482
-0.075353 -0.059726 1.684252
-0.084398 -0.053048 1.693637
-0.082438 -0.046245 1.693392
-0.091119 -0.052593 1.696743
-0.089008 -0.059438 1.694399
-0.085416 -0.058968 1.690083
-0.079232 -0.061400 1.683876
-0.087107 -0.066970 1.692768
-0.078107 -0.074541 1.686115
-0.068818 -0.085155 1.687165
-0.059655 -0.093251 1.688516
-0.051468 -0.101187 1.688558
-0.041104 -0.109668 1.688456
-0.064973 -0.096486 1.695361
-0.045052 -0.113401 1.695220
-0.055300 -0.105271 1.695467
-0.032847 -0.121256 1.694412
-0.031463 -0.117133 1.687513
-0.023015 -0.120612 1.689138
-0.021933 -0.127385 1.695220
-0.029970 -0.111613 1.685253
-0.023839 -0.115968 1.683075
-0.009298 -0.093916 1.664578
-0.000000 -0.100100 1.663877
-0.000000 -0.093422 1.663301
-0.000000 -0.085786 1.666650
0.000000 -0.078831 1.672964
0.000000 -0.074772 1.682636
-0.007093 -0.075290 1.683928
-0.014870 -0.076661 1.686368
-0.019798 -0.078052 1.689812
-0.024524 -0.078730 1.691652
-0.031631 -0.074868 1.692002
-0.039646 -0.066879 1.689887
-0.052662 -0.053633 1.688988
-0.060421 -0.043151 1.689375
-0.061436 -0.039079 1.688428
-0.061913 -0.028597 1.685577
-0.061681 -0.016190 1.683889
-0.062071 -0.001718 1.685100
-0.063950 0.016343 1.687345
-0.015360 -0.127044 1.689430
-0.018705 -0.123605 1.685424
-0.019377 -0.119636 1.680407
-0.019071 -0.115948 1.676079
-0.016300 -0.111894 1.671170
-0.011604 -0.109170 1.667748
-0.006816 -0.107381 1.665664
-0.000000 -0.106611 1.664696
-0.010808 -0.129656 1.692526
-0.013547 -0.129828 1.697721
-0.006709 -0.131563 1.699757
-0.000000 -0.130964 1.699790
-0.000000 -0.131741 1.695085
-0.029285 0.087413 1.609899
-0.034107 0.095060 1.614712
-0.039164 0.103357 1.622790
-0.044317 0.110680 1.633141
-0.048447 0.114868 1.641294
-0.048436 0.120581 1.647187
-0.040964 0.114502 1.632702
-0.044344 0.118515 1.640085
-0.035616 0.107343 1.622316
-0.029613 0.099171 1.614076
-0.024701 0.090946 1.608791
-0.021758 0.083290 1.606648
-0.022762 0.077396 1.606261
-0.020284 0.076201 1.607831
-0.019384 0.083236 1.608550
-0.022237 0.090833 1.610149
-0.027323 0.099020 1.615610
-0.032906 0.107233 1.623598
-0.037951 0.114349 1.633641
-0.000000 -0.119486 1.680299
-0.021065 0.068717 1.611730
-0.023287 0.068880 1.608491
-0.020284 0.076201 1.607831
-0.021065 0.068717 1.611730
-0.041186 0.089194 1.641933
-0.026721 0.059418 1.615303
-0.037198 0.097537 1.637198
-0.046884 0.078969 1.648759
-0.034782 0.049417 1.621275
-0.041827 0.041955 1.630378
-0.052358 0.070109 1.658094
-0.058096 0.059781 1.667958
-0.049084 0.033023 1.638827
-0.056275 0.024148 1.649616
-0.063614 0.049627 1.680815
-0.059993 0.020763 1.657727
-0.062694 0.017549 1.663974
-0.067568 0.041832 1.694406
-0.066953 0.015495 1.671459
-0.063950 0.016343 1.687345
-0.067185 0.016250 1.678477
-0.067882 0.022733 1.704532
0.000000 -0.074772 1.682636
-0.007093 -0.075290 1.683928
0.000000 -0.081984 1.710744
-0.014870 -0.076661 1.686368
-0.019798 -0.078052 1.689812
-0.024524 -0.078730 1.691652
-0.031631 -0.074868 1.692002
-0.042419 -0.069167 1.715782
-0.039646 -0.066879 1.689887
-0.053864 -0.055374 1.714302
-0.052662 -0.053633 1.688988
-0.060421 -0.043151 1.689375
-0.061436 -0.039079 1.688428
-0.064386 -0.019994 1.709717
-0.061913 -0.028597 1.685577
-0.061681 -0.016190 1.683889
-0.065523 0.001639 1.707483
-0.020284 0.076201 1.607831
-0.035851 0.103873 1.634060
0.105332 0.013192 1.724070
0.113173 0.007083 1.736033
0.112165 0.007636 1.724085
0.111376 0.006244 1.711829
0.104636 0.011624 1.710022
0.112028 0.004416 1.724128
0.112822 0.004208 1.735141
0.105416 -0.047878 1.737858
0.105482 -0.048426 1.725620
0.112807 -0.042084 1.736648
0.111961 -0.042318 1.725220
0.110833 -0.042007 1.712502
0.104505 -0.047856 1.712423
0.113393 -0.038811 1.744759
0.106626 -0.043684 1.747388
0.107310 0.008347 1.747400
0.111504 -0.040272 1.725157
0.110642 -0.039819 1.712888
0.113401 0.001338 1.743295
0.114000 -0.001850 1.751353
0.113743 -0.004018 1.749117
0.113942 -0.010035 1.751965
0.113794 -0.024919 1.752119
0.113346 -0.032157 1.748129
0.114347 -0.025852 1.754828
0.107221 -0.037298 1.754673
0.107922 -0.027901 1.760031
0.107212 0.001474 1.755327
0.108062 -0.007460 1.760110
0.114393 -0.009220 1.754994
0.114015 -0.017051 1.753219
0.114511 -0.017004 1.756319
0.108182 -0.017683 1.761798
0.109629 -0.026146 1.696904
0.109734 -0.031995 1.700142
0.109916 -0.010947 1.696778
0.110848 0.003031 1.704674
0.109708 -0.026753 1.695095
0.109885 -0.033452 1.698854
0.109885 -0.009978 1.694549
0.110318 -0.002735 1.698478
0.109763 -0.018644 1.695665
0.109734 -0.018726 1.693617
0.110127 -0.036656 1.705288
0.110231 -0.038425 1.704217
0.103605 -0.044169 1.702389
0.102773 -0.038069 1.694909
0.102772 -0.029043 1.689785
0.102593 -0.018806 1.687731
0.102763 -0.008525 1.689199
0.103073 -0.000207 1.693357
0.103823 0.007385 1.700964
0.098258 0.011259 1.709127
0.098265 0.006921 1.700288
0.098061 -0.000839 1.692945
0.097230 -0.009308 1.689098
0.096541 -0.019465 1.687998
0.096751 -0.029723 1.690095
0.097191 -0.038348 1.695301
0.098141 -0.044628 1.702613
0.098502 -0.048154 1.712743
0.098398 -0.048611 1.726693
0.097765 -0.047630 1.739196
0.097296 -0.043341 1.748674
0.098304 -0.036969 1.755730
0.099253 -0.027929 1.760895
0.099746 -0.017678 1.762768
0.099636 -0.007427 1.761110
0.098988 0.001469 1.756319
0.097630 0.009085 1.747780
0.096092 0.013088 1.737131
0.095841 0.013985 1.723510
0.094848 -0.007212 1.683623
0.094811 -0.016487 1.681761
0.095235 -0.023245 1.682475
0.094866 -0.032152 1.685541
0.094592 -0.041450 1.691310
0.092264 -0.047032 1.698667
0.095575 0.011678 1.699675
0.096533 0.013615 1.703193
0.087509 0.018803 1.710362
0.095311 0.016718 1.723999
0.088955 -0.014757 1.677546
0.088679 -0.005159 1.679517
0.085686 -0.014432 1.670136
0.087887 0.001698 1.682305
0.087049 -0.032799 1.681891
0.088778 -0.023401 1.678163
0.084872 -0.030136 1.672589
0.082210 -0.046319 1.680505
0.087123 0.009566 1.687387
0.079398 0.000900 1.668763
0.079203 0.012938 1.671382
0.079530 -0.014604 1.667373
0.078992 -0.029647 1.669610
0.076661 -0.045677 1.677355
0.083270 0.017238 1.678894
0.086343 0.013454 1.690061
0.083859 0.020816 1.677943
0.088846 0.015642 1.689610
0.094845 0.014920 1.698710
0.079193 0.018812 1.674068
0.077763 -0.051253 1.686838
0.086188 0.022155 1.701783
0.083159 0.024668 1.692040
0.083087 0.023496 1.676139
0.071789 0.024757 1.674591
0.078671 0.029272 1.680588
0.077759 0.033798 1.674403
0.070230 -0.014178 1.668702
0.069993 0.001320 1.670174
0.070037 -0.029032 1.671288
0.069018 -0.042254 1.676835
0.071757 0.014479 1.672698
0.071789 0.024757 1.674591
0.068118 0.027870 1.679536
0.072321 -0.049023 1.682501
0.066949 -0.047060 1.682093
0.062121 -0.044818 1.684027
0.071789 0.024757 1.674591
0.063263 -0.054352 1.678988
0.057247 -0.062022 1.677585
0.056705 -0.075015 1.675684
0.048793 -0.082905 1.675894
0.043112 -0.076723 1.677559
0.035828 -0.083925 1.677939
0.040516 -0.090603 1.675584
0.029012 -0.090595 1.679503
0.031698 -0.097020 1.677522
0.074130 -0.058939 1.681224
0.068600 -0.069592 1.679932
0.060599 -0.078302 1.679783
0.052671 -0.086938 1.680038
0.044804 -0.095012 1.679668
0.054780 -0.054920 1.682784
0.041784 -0.068317 1.682463
0.032268 -0.078175 1.683683
0.025021 -0.083225 1.685336
0.054982 -0.088683 1.686982
0.046357 -0.096374 1.687297
0.037271 -0.105010 1.686522
0.075353 -0.059726 1.684252
0.082438 -0.046245 1.693392
0.084398 -0.053048 1.693637
0.079729 -0.055422 1.687861
0.091119 -0.052593 1.696743
0.095816 -0.051686 1.712539
0.094637 -0.050481 1.704826
0.089008 -0.059438 1.694399
0.087107 -0.066970 1.692768
0.080875 -0.077407 1.692241
0.059655 -0.093251 1.688516
0.051468 -0.101187 1.688558
0.041104 -0.109668 1.688456
0.072866 -0.087346 1.693819
0.064973 -0.096486 1.695361
0.055300 -0.105271 1.695467
0.045052 -0.113401 1.695220
0.032847 -0.121256 1.694412
0.031463 -0.117133 1.687513
0.021933 -0.127385 1.695220
0.023015 -0.120612 1.689138
0.029970 -0.111613 1.685253
0.023839 -0.115968 1.683075
0.017418 -0.126438 1.694525
-0.000000 -0.100100 1.663877
-0.000000 -0.093422 1.663301
0.025503 -0.091907 1.674321
-0.000000 -0.085786 1.666650
0.000000 -0.078831 1.672964
0.000000 -0.074772 1.682636
0.007093 -0.075290 1.683928
0.014870 -0.076661 1.686368
0.019798 -0.078049 1.689815
0.024524 -0.078726 1.691655
0.031631 -0.074868 1.692002
0.039646 -0.066879 1.689887
0.052662 -0.053633 1.688988
0.060421 -0.043151 1.689375
0.061436 -0.039079 1.688428
0.061913 -0.028597 1.685577
0.061681 -0.016190 1.683889
0.062071 -0.001718 1.685100
0.063950 0.016343 1.687345
0.015359 -0.127044 1.689430
0.018705 -0.123605 1.685424
0.019377 -0.119636 1.680407
0.019071 -0.115948 1.676079
0.016300 -0.111894 1.671170
0.011604 -0.109170 1.667748
0.006816 -0.107381 1.665664
-0.000000 -0.106611 1.664696
0.010808 -0.129656 1.692526
0.013547 -0.129828 1.697721
0.006709 -0.131563 1.699757
0.005023 -0.131354 1.694644
-0.000000 -0.130964 1.699790
-0.000000 -0.131741 1.695085
-0.000000 -0.119486 1.680299
0.067568 0.041832 1.694406
0.068118 0.027870 1.679536
0.067882 0.022733 1.704532
0.063950 0.016343 1.687345
0.000000 -0.074772 1.682636
0.000000 -0.081984 1.710744
0.007093 -0.075290 1.683928
0.014870 -0.076661 1.686368
0.016170 -0.083431 1.714063
0.019798 -0.078049 1.689815
0.024524 -0.078726 1.691655
0.024957 -0.082979 1.716773
0.031631 -0.074868 1.692002
0.033651 -0.078037 1.717289
0.042419 -0.069167 1.715782
0.039646 -0.066879 1.689887
0.053864 -0.055374 1.714302
0.052662 -0.053633 1.688988
0.062119 -0.040690 1.713193
0.060421 -0.043151 1.689375
0.061436 -0.039079 1.688428
0.064386 -0.019994 1.709717
0.061913 -0.028597 1.685577
0.061681 -0.016190 1.683889
0.065523 0.001639 1.707483
0.062071 -0.001718 1.685100
0.087817 0.052914 1.719661
0.087961 0.028051 1.717360
0.088656 0.027477 1.723766
0.087908 0.054705 1.712885
0.088999 0.056122 1.707528
0.088963 0.029123 1.707101
0.088431 0.028505 1.712294
0.092303 0.055802 1.700887
0.092902 0.055711 1.695302
0.095697 0.054184 1.688329
0.100362 0.028713 1.687266
0.102090 0.052173 1.680232
0.089949 0.028051 1.717360
0.089805 0.052914 1.719661
0.090644 0.027477 1.723766
0.089544 0.050200 1.729961
0.089693 0.026607 1.733413
0.090419 0.028505 1.712294
0.090951 0.029123 1.707101
0.091904 0.030299 1.701145
0.096067 0.030151 1.694894
0.097684 0.054184 1.688329
0.102349 0.028713 1.687266
0.104078 0.052173 1.680232
0.088656 0.027477 1.723766
0.088939 0.027198 1.717276
0.089634 0.026624 1.723689
0.087961 0.028051 1.717360
0.087817 0.052914 1.719661
0.088886 0.055547 1.713032
0.087908 0.054705 1.712885
0.087706 0.026607 1.733413
0.088683 0.026018 1.734035
0.087706 0.026607 1.733413
0.088534 0.050771 1.730600
0.087556 0.050200 1.729961
0.088683 0.026018 1.734035
0.088534 0.050771 1.730600
0.087556 0.050200 1.729961
0.088431 0.028505 1.712294
0.088963 0.029123 1.707101
0.089409 0.027652 1.712206
0.089941 0.028276 1.706967
0.089977 0.056974 1.707617
0.092303 0.055802 1.700887
0.088999 0.056122 1.707528
0.093281 0.056659 1.700861
0.089916 0.030299 1.701145
0.090894 0.029446 1.701067
0.092902 0.055711 1.695302
0.093880 0.056561 1.695200
0.094079 0.030151 1.694894
0.095697 0.054184 1.688329
0.096674 0.055018 1.688133
0.100362 0.028713 1.687266
0.103068 0.052599 1.679489
0.102090 0.052173 1.680232
0.100362 0.028713 1.687266
0.101340 0.027981 1.686821
0.102090 0.052173 1.680232
0.103068 0.052599 1.679489
0.090951 0.029123 1.707101
0.091904 0.030299 1.701145
0.096067 0.030151 1.694894
0.102349 0.028713 1.687266
0.104078 0.052173 1.680232
0.097684 0.054184 1.688329
0.104078 0.052173 1.680232
0.094890 0.055711 1.695302
0.094290 0.055802 1.700887
0.090987 0.056122 1.707528
0.089805 0.052914 1.719661
0.089895 0.054705 1.712885
0.089693 0.026607 1.733413
0.089544 0.050200 1.729961
0.090644 0.027477 1.723766
0.089949 0.028051 1.717360
0.071620 -0.054736 1.712301
-0.000000 0.001312 1.749672
0.084194 -0.030180 1.709837
0.052035 -0.074223 1.714257
0.027356 -0.086734 1.715513
-0.000000 -0.091045 1.715946
-0.027356 -0.086734 1.715513
-0.052035 -0.074223 1.714257
-0.071621 -0.054736 1.712301
-0.084194 -0.030180 1.709837
-0.088527 -0.002961 1.707105
-0.084194 0.024259 1.704373
-0.071621 0.043141 1.688578
-0.051613 0.078206 1.660257
-0.026934 0.096121 1.639485
0.000422 0.112286 1.629953
0.027779 0.096121 1.639485
0.052457 0.078206 1.660257
0.070659 0.038134 1.701997
-0.051585 0.055939 1.631194
-0.066143 0.020874 1.659516
-0.026896 0.076631 1.607427
0.000460 0.092796 1.597895
0.027817 0.076631 1.607427
0.052485 0.055939 1.631194
0.072471 0.021619 1.666942
0.102749 0.017407 1.711239
0.096599 0.026169 1.725086
0.105948 0.015276 1.714315
0.100555 0.010875 1.765758
0.097454 0.018192 1.785906
0.095303 0.013701 1.813639
0.097454 0.018192 1.785906
0.100782 0.001216 1.771286
0.100555 0.010875 1.765758
0.095303 0.013701 1.813639
0.038787 0.093980 1.859002
0.042243 0.105771 1.846813
0.026752 0.096151 1.861022
0.042243 0.105771 1.846813
0.038787 0.093980 1.859002
0.045692 0.113381 1.832431
0.045692 0.113381 1.832431
0.046973 0.119846 1.815602
0.047235 0.125765 1.795950
0.088351 0.105712 1.765296
0.081780 0.119035 1.768806
0.092946 0.093958 1.760595
0.094407 0.085104 1.755535
0.095091 0.079653 1.750610
0.095010 0.076359 1.742862
0.094807 0.071301 1.730575
0.094429 0.066244 1.721024
0.092929 0.041301 1.710933
0.093508 0.028623 1.710389
0.099063 0.024515 1.742100
0.113161 0.010312 1.746006
0.110882 0.013947 1.735027
0.108086 0.015098 1.721607
0.115496 -0.003574 1.758883
0.100782 0.001216 1.771286
0.101114 -0.008335 1.773627
0.115722 -0.011537 1.761316
0.101069 -0.020380 1.774980
0.101114 -0.008335 1.773627
0.116041 -0.020012 1.761246
0.115854 -0.027886 1.759950
0.097561 -0.035566 1.784456
0.097561 -0.035566 1.784456
0.100786 -0.031578 1.773432
0.115648 -0.035425 1.756677
0.114669 -0.041753 1.751240
0.113434 -0.046751 1.743989
0.111688 -0.049765 1.734524
0.108665 -0.051101 1.723660
0.105105 -0.050380 1.716564
0.099439 -0.050362 1.710530
0.096580 -0.050132 1.706640
0.096329 -0.049995 1.701525
0.088738 -0.095708 1.681730
0.079595 -0.108066 1.679811
0.068507 -0.117723 1.679395
0.094569 -0.045900 1.801196
0.089584 -0.055811 1.818738
0.089584 -0.055811 1.818738
0.094569 -0.045900 1.801196
0.091455 -0.040796 1.826220
0.092326 -0.024436 1.831414
0.092335 -0.007273 1.833962
0.092326 -0.024436 1.831414
0.091283 0.010105 1.835488
0.026752 0.096151 1.861022
0.013757 0.098371 1.861802
0.000000 0.099617 1.862031
0.000000 0.080040 1.871367
0.000000 0.099617 1.862031
0.000000 0.115115 1.849186
0.000000 0.125379 1.833472
0.000000 0.131394 1.816018
0.046973 0.119846 1.815602
0.047235 0.125765 1.795950
0.016608 0.144869 1.786098
0.031855 0.141784 1.785797
0.042201 0.138081 1.785512
0.058830 0.142388 1.773368
0.045457 0.149131 1.774333
0.042201 0.138081 1.785512
0.071367 0.132342 1.771461
0.033150 0.153285 1.775177
0.018034 0.156456 1.775490
0.016608 0.144869 1.786098
0.031855 0.141784 1.785797
0.000000 0.157812 1.775865
0.000000 0.147634 1.786118
0.000000 0.136289 1.796910
0.000000 0.060541 1.877464
0.000000 0.041971 1.881471
0.000000 0.023523 1.883997
0.000000 0.004544 1.885486
0.000000 -0.015290 1.885266
0.000000 -0.036289 1.882746
0.000000 -0.058442 1.876988
0.000000 -0.080883 1.867126
0.000000 -0.100539 1.851287
0.000000 -0.114485 1.830382
0.000000 -0.122438 1.808065
0.000000 -0.126393 1.786955
0.000000 -0.127145 1.766800
0.000000 -0.125920 1.748530
0.000000 -0.125013 1.732284
0.000000 -0.126478 1.716243
0.000000 -0.129074 1.710585
0.000000 -0.139695 1.697296
0.010315 -0.138851 1.696233
0.022151 -0.137889 1.691880
0.029700 -0.136205 1.688162
0.038420 -0.133304 1.682550
0.046289 -0.129850 1.680168
0.056952 -0.125153 1.679828
0.091455 -0.040796 1.826220
0.097925 -0.051415 1.697126
0.093302 0.054475 1.713010
0.093970 0.061108 1.716047
0.094675 0.024766 1.710531
0.099407 -0.062098 1.689693
0.099384 -0.055552 1.692987
0.102415 0.015774 1.710632
0.105602 0.013639 1.713632
0.103878 0.012271 1.714149
0.100824 0.014481 1.711201
0.087685 -0.094409 1.679250
0.094679 -0.083206 1.682008
0.088857 -0.095501 1.680075
0.091799 0.066934 1.720874
0.092826 0.061496 1.715629
0.091333 0.061487 1.715838
0.017619 0.154847 1.773279
0.109391 0.011059 1.734656
0.108133 0.013595 1.721516
0.111020 0.012341 1.734602
0.106531 0.012412 1.722053
0.092465 0.080322 1.749931
0.091900 0.085468 1.754387
0.057718 0.141032 1.771103
0.044821 0.147907 1.771971
0.045257 0.148832 1.773086
0.058538 0.142081 1.772126
0.105364 -0.048724 1.716354
0.107789 -0.048271 1.723888
0.109028 -0.049490 1.723399
0.104159 -0.047565 1.716937
0.114527 -0.027098 1.757469
0.116219 -0.019874 1.759591
0.116046 -0.027411 1.758366
0.114612 -0.019767 1.758436
0.090655 0.054519 1.712678
0.092146 0.054686 1.712536
0.113036 0.001912 1.752077
0.113283 0.008894 1.745142
0.114769 0.002791 1.752869
0.067567 -0.116337 1.676965
0.056824 -0.125130 1.678163
0.055952 -0.123688 1.677472
0.068468 -0.117684 1.677725
0.112419 -0.044182 1.742924
0.114970 -0.040556 1.750112
0.113786 -0.045328 1.743185
0.090256 0.041288 1.710638
0.091751 0.041303 1.710447
0.096379 -0.048491 1.706431
0.098265 -0.047687 1.711213
0.099440 -0.048718 1.710346
0.094813 -0.047524 1.706688
0.096008 -0.047974 1.701126
0.094344 -0.047262 1.700724
0.078589 -0.106723 1.677373
0.079646 -0.107956 1.678146
0.090948 0.028013 1.710050
0.092363 0.028406 1.709923
0.113968 -0.004761 1.756233
0.115660 -0.004218 1.757346
0.114249 -0.011979 1.758416
0.090560 0.093936 1.759129
0.086274 0.105260 1.763507
0.099611 -0.061309 1.687959
0.098042 -0.054132 1.690527
0.099456 -0.054550 1.691641
0.098250 -0.060649 1.686808
0.110729 -0.046988 1.734106
0.045976 -0.129887 1.678342
0.044955 -0.128528 1.677582
0.096218 -0.049543 1.695364
0.096812 -0.070630 1.683221
0.098116 -0.071499 1.684256
0.115880 -0.034545 1.755281
0.036871 -0.132030 1.680047
0.028895 -0.136397 1.686502
0.028065 -0.134908 1.685691
0.037766 -0.133465 1.680828
0.009911 -0.138820 1.694623
0.020871 -0.136443 1.689267
0.021474 -0.137975 1.690157
0.009580 -0.137231 1.693915
0.000000 -0.139615 1.695642
0.000000 -0.137988 1.694937
0.000000 0.157488 1.774610
0.000000 0.156529 1.773458
0.092756 0.022553 1.709777
0.093895 0.023620 1.709813
0.068493 0.129598 1.769220
0.078405 0.116988 1.766860
0.100446 0.011778 1.715487
0.089850 0.060725 1.717151
0.090300 0.066359 1.721831
0.032193 0.149937 1.772546
0.017347 0.153046 1.772851
0.090650 0.071015 1.730547
0.090315 0.084852 1.754658
0.090854 0.079646 1.750329
0.089197 0.053700 1.713937
0.088831 0.041243 1.712038
0.095371 -0.047519 1.713623
0.091344 -0.047568 1.707651
0.090831 0.076524 1.743117
0.084764 0.104477 1.763565
0.088999 0.093338 1.759343
0.000000 0.154792 1.773024
0.091445 0.022123 1.711061
0.093468 0.017136 1.756920
0.095021 -0.001738 1.769666
0.082707 -0.061471 1.699721
0.079707 -0.070584 1.698526
0.058802 0.111590 1.786435
0.068483 0.101061 1.784557
0.077168 0.089497 1.780007
0.082709 0.080961 1.774326
0.085727 0.070113 1.767384
0.088095 0.058714 1.753505
0.088587 0.049068 1.737544
0.088886 0.037574 1.734423
0.092718 0.022302 1.738428
0.095098 -0.010913 1.771892
0.095562 -0.021668 1.771080
0.094479 -0.038724 1.765862
0.094811 -0.030475 1.769921
0.092552 -0.051466 1.751651
0.094143 -0.045538 1.759470
0.088807 -0.058243 1.733866
0.090940 -0.055291 1.744682
0.093545 -0.050071 1.719129
0.086120 -0.059046 1.724170
0.082568 -0.059686 1.710769
0.087367 -0.050840 1.709834
0.058272 -0.100860 1.693892
0.066924 -0.092157 1.695294
0.016676 0.129783 1.788707
0.030397 0.126632 1.788440
0.000000 0.148099 1.776857
0.000000 0.130577 1.789436
0.010626 -0.121092 1.709436
0.046727 -0.107701 1.694815
0.033967 -0.113762 1.699086
0.022654 -0.118832 1.704283
0.090986 0.020319 1.715180
-0.102749 0.017407 1.711239
-0.096599 0.026169 1.725086
-0.100555 0.010875 1.765758
-0.100013 0.019427 1.755950
-0.097454 0.018192 1.785906
-0.095303 0.013701 1.813639
-0.100782 0.001216 1.771286
-0.100555 0.010875 1.765758
-0.095303 0.013701 1.813639
-0.038787 0.093980 1.859002
-0.042243 0.105771 1.846813
-0.042243 0.105771 1.846813
-0.038787 0.093980 1.859002
-0.026752 0.096151 1.861022
-0.045692 0.113381 1.832431
-0.045692 0.113381 1.832431
-0.046973 0.119846 1.815602
-0.047235 0.125765 1.795950
-0.088351 0.105712 1.765296
-0.092946 0.093958 1.760595
-0.094407 0.085104 1.755535
-0.095091 0.079653 1.750610
-0.094807 0.071301 1.730575
-0.095010 0.076359 1.742862
-0.094429 0.066244 1.721024
-0.092929 0.041301 1.710933
-0.093508 0.028623 1.710389
-0.099063 0.024515 1.742100
-0.113161 0.010312 1.746006
-0.110882 0.013947 1.735027
-0.108086 0.015098 1.721607
-0.114638 0.003841 1.754159
-0.115496 -0.003574 1.758883
-0.115722 -0.011537 1.761316
-0.101114 -0.008335 1.773627
-0.101069 -0.020380 1.774980
-0.101114 -0.008335 1.773627
-0.101069 -0.020380 1.774980
-0.116041 -0.020012 1.761246
-0.115854 -0.027886 1.759950
-0.100786 -0.031578 1.773432
-0.097561 -0.035566 1.784456
-0.100786 -0.031578 1.773432
-0.097561 -0.035566 1.784456
-0.114669 -0.041753 1.751240
-0.113434 -0.046751 1.743989
-0.111688 -0.049765 1.734524
-0.108665 -0.051101 1.723660
-0.105105 -0.050380 1.716564
-0.090818 -0.059049 1.709778
-0.099439 -0.050362 1.710530
-0.096329 -0.049995 1.701525
-0.096580 -0.050132 1.706640
-0.088738 -0.095708 1.681730
-0.094562 -0.083463 1.683858
-0.079595 -0.108066 1.679811
-0.068507 -0.117723 1.679395
-0.094569 -0.045900 1.801196
-0.089584 -0.055811 1.818738
-0.091455 -0.040796 1.826220
-0.094569 -0.045900 1.801196
-0.092326 -0.024436 1.831414
-0.092335 -0.007273 1.833962
-0.092326 -0.024436 1.831414
-0.092335 -0.007273 1.833962
-0.091283 0.010105 1.835488
-0.026752 0.096151 1.861022
-0.013757 0.098371 1.861802
0.000000 0.099617 1.862031
0.000000 0.080040 1.871367
0.000000 0.099617 1.862031
-0.013757 0.098371 1.861802
0.000000 0.125379 1.833472
0.000000 0.131394 1.816018
-0.046973 0.119846 1.815602
-0.047235 0.125765 1.795950
-0.016608 0.144869 1.786098
-0.031855 0.141784 1.785797
-0.042201 0.138081 1.785512
-0.058830 0.142388 1.773368
-0.042201 0.138081 1.785512
-0.071367 0.132342 1.771461
-0.031855 0.141784 1.785797
-0.016608 0.144869 1.786098
-0.033150 0.153285 1.775177
-0.018034 0.156456 1.775490
0.000000 0.147634 1.786118
0.000000 0.157812 1.775865
0.000000 0.136289 1.796910
0.000000 0.147634 1.786118
0.000000 0.060541 1.877464
0.000000 0.041971 1.881471
0.000000 0.023523 1.883997
0.000000 0.004544 1.885486
0.000000 -0.015290 1.885266
0.000000 -0.036289 1.882746
0.000000 -0.058442 1.876988
0.000000 -0.080883 1.867126
0.000000 -0.100539 1.851287
0.000000 -0.114485 1.830382
0.000000 -0.122438 1.808065
0.000000 -0.126393 1.786955
0.000000 -0.127145 1.766800
0.000000 -0.125920 1.748530
0.000000 -0.125013 1.732284
0.000000 -0.126478 1.716243
0.000000 -0.129074 1.710585
0.000000 -0.139695 1.697296
-0.010315 -0.138851 1.696233
-0.022151 -0.137889 1.691880
-0.029700 -0.136205 1.688162
-0.038420 -0.133304 1.682550
-0.046289 -0.129850 1.680168
-0.091455 -0.040796 1.826220
-0.097925 -0.051415 1.697126
-0.093970 0.061108 1.716047
-0.094675 0.024766 1.710531
-0.097997 -0.071908 1.686067
-0.099407 -0.062098 1.689693
-0.099384 -0.055552 1.692987
-0.100824 0.014481 1.711201
-0.103878 0.012271 1.714149
-0.102415 0.015774 1.710632
-0.087685 -0.094409 1.679250
-0.094679 -0.083206 1.682008
-0.093383 -0.082330 1.680961
-0.088857 -0.095501 1.680075
-0.092826 0.061496 1.715629
-0.091799 0.066934 1.720874
-0.032761 0.152036 1.772768
-0.017959 0.156147 1.774233
-0.106531 0.012412 1.722053
-0.109391 0.011059 1.734656
-0.108133 0.013595 1.721516
-0.111020 0.012341 1.734602
-0.092165 0.071926 1.730259
-0.092465 0.080322 1.749931
-0.091900 0.085468 1.754387
-0.057718 0.141032 1.771103
-0.045257 0.148832 1.773086
-0.044821 0.147907 1.771971
-0.058538 0.142081 1.772126
-0.107789 -0.048271 1.723888
-0.105364 -0.048724 1.716354
-0.109028 -0.049490 1.723399
-0.104159 -0.047565 1.716937
-0.116046 -0.027411 1.758366
-0.116219 -0.019874 1.759591
-0.114527 -0.027098 1.757469
-0.092146 0.054686 1.712536
-0.090655 0.054519 1.712678
-0.114769 0.002791 1.752869
-0.113036 0.001912 1.752077
-0.067567 -0.116337 1.676965
-0.056824 -0.125130 1.678163
-0.068468 -0.117684 1.677725
-0.112419 -0.044182 1.742924
-0.114970 -0.040556 1.750112
-0.113569 -0.039581 1.749555
-0.113786 -0.045328 1.743185
-0.091751 0.041303 1.710447
-0.090256 0.041288 1.710638
-0.098265 -0.047687 1.711213
-0.096379 -0.048491 1.706431
-0.099440 -0.048718 1.710346
-0.096008 -0.047974 1.701126
-0.094344 -0.047262 1.700724
-0.079646 -0.107956 1.678146
-0.078589 -0.106723 1.677373
-0.092363 0.028406 1.709923
-0.090948 0.028013 1.710050
-0.115909 -0.011769 1.759673
-0.113968 -0.004761 1.756233
-0.114249 -0.011979 1.758416
-0.115660 -0.004218 1.757346
-0.092376 0.077146 1.742626
-0.069885 0.131151 1.769291
-0.086274 0.105260 1.763507
-0.090560 0.093936 1.759129
-0.099611 -0.061309 1.687959
-0.098042 -0.054132 1.690527
-0.098250 -0.060649 1.686808
-0.099456 -0.054550 1.691641
-0.112051 -0.048211 1.734030
-0.110729 -0.046988 1.734106
-0.044955 -0.128528 1.677582
-0.096218 -0.049543 1.695364
-0.097749 -0.049984 1.696338
-0.098116 -0.071499 1.684256
-0.114386 -0.033888 1.754532
-0.115880 -0.034545 1.755281
-0.036871 -0.132030 1.680047
-0.028895 -0.136397 1.686502
-0.028065 -0.134908 1.685691
-0.020871 -0.136443 1.689267
-0.009911 -0.138820 1.694623
-0.021474 -0.137975 1.690157
-0.009580 -0.137231 1.693915
0.000000 -0.137988 1.694937
0.000000 0.157488 1.774610
0.000000 0.156529 1.773458
-0.092756 0.022553 1.709777
-0.093895 0.023620 1.709813
-0.068493 0.129598 1.769220
-0.078405 0.116988 1.766860
-0.100446 0.011778 1.715487
-0.090300 0.066359 1.721831
-0.089850 0.060725 1.717151
-0.032193 0.149937 1.772546
-0.017347 0.153046 1.772851
-0.090650 0.071015 1.730547
-0.090315 0.084852 1.754658
-0.090854 0.079646 1.750329
-0.056502 0.139243 1.770961
-0.043961 0.145875 1.771811
-0.089197 0.053700 1.713937
-0.088831 0.041243 1.712038
-0.090320 0.027187 1.711749
-0.090831 0.076524 1.743117
-0.084764 0.104477 1.763565
-0.088999 0.093338 1.759343
0.000000 -0.134135 1.696368
0.000000 0.154792 1.773024
-0.091445 0.022123 1.711061
-0.093468 0.017136 1.756920
-0.093667 0.009589 1.765991
-0.095021 -0.001738 1.769666
-0.079707 -0.070584 1.698526
-0.074009 -0.082667 1.695751
-0.058802 0.111590 1.786435
-0.068483 0.101061 1.784557
-0.077168 0.089497 1.780007
-0.082709 0.080961 1.774326
-0.085727 0.070113 1.767384
-0.088095 0.058714 1.753505
-0.088587 0.049068 1.737544
-0.088886 0.037574 1.734423
-0.092718 0.022302 1.738428
-0.095098 -0.010913 1.771892
-0.095562 -0.021668 1.771080
-0.094479 -0.038724 1.765862
-0.094811 -0.030475 1.769921
-0.092552 -0.051466 1.751651
-0.094143 -0.045538 1.759470
-0.088807 -0.058243 1.733866
-0.090940 -0.055291 1.744682
-0.093545 -0.050071 1.719129
-0.082568 -0.059686 1.710769
-0.087367 -0.050840 1.709834
-0.058272 -0.100860 1.693892
-0.066924 -0.092157 1.695294
-0.016676 0.129783 1.788707
-0.030397 0.126632 1.788440
-0.046505 0.119985 1.787889
0.000000 0.148099 1.776857
0.000000 0.130577 1.789436
-0.010626 -0.121092 1.709436
-0.046727 -0.107701 1.694815
-0.033967 -0.113762 1.699086
-0.022654 -0.118832 1.704283
16 17
12 14
18 21
0 3
9 10
15 16
18 20
19 21
4 7
8 9
10 11
13 14
0 1
2 3
5 6
2243 2253
2259 2260
2266 2267
2261 2262
1938 1939
2260 2267
2254 2262
2258 2259
2255 2256
2263 2264
2264 2265
2257 2258
1921 1923
1642 1643
2272 2277
2530 2534
2251 2252
2246 2247
2242 2244
2250 2251
2245 2246
2248 2249
2253 2254
1515 1519
1916 1918
33 34
35 38
286 287
40 43
293 295
74 75
76 77
324 325
326 327
55 56
90 91
308 309
310 312
340 341
79 80
81 84
331 333
277 278
59 60
62 65
313 315
52 53
54 57
305 306
2364 2365
2623 2624
2365 2366
2199 2201
2175 2176
2219 2221
2180 2181
2198 2200
2238 2239
2625 2626
1417 1420
1482 1483
2362 2363
2621 2622
2273 2332
2531 2591
1484 1485
1934 1937
2160 2163
2594 2595
2271 2272
2274 2276
2528 2530
2139 2141
2519 2520
2780 2781
2367 2368
2626 2627
1920 1937
2620 2621
2583 2584
2542 2543
2336 2357
2595 2616
1873 1898
2337 2338
2309 2324
2310 2327
2567 2583
2569 2586
2360 2361
2340 2356
2599 2614
2490 2502
2750 2763
2137 2138
1536 1537
2359 2360
2618 2619
2357 2358
2616 2617
2338 2339
2074 2075
1185 1186
1858 1859
1929 1931
2598 2599
2369 2370
2628 2629
2122 2123
2142 2164
2028 2029
1790 1879
2498 2499
2759 2760
2283 2341
2284 2285
2540 2600
2656 2725
1928 1930
2153 2155
1740 1741
1636 1637
2398 2468
2330 2332
2477 2488
2735 2748
2778 2779
2329 2330
2587 2588
2589 2590
2278 2279
2281 2282
2535 2536
2537 2538
1246 1247
2269 2297
2527 2553
1517 1525
2331 2381
2585 2587
2589 2639
2288 2349
2286 2348
2342 2345
2543 2606
2601 2604
2155 2157
2325 2381
2326 2328
2584 2639
2602 2615
1754 1760
2517 2520
2493 2513
2753 2773
2536 2541
2144 2147
1633 1634
1546 1547
1580 1581
1625 1626
2011 2020
2370 2371
2501 2502
2471 2472
2346 2349
2605 2607
1913 1916
2630 2631
492 497
799 807
2024 2028
1783 1784
1749 1750
2664 2702
1911 1912
2614 2615
1541 1542
2652 2693
1737 1739
2343 2344
2352 2353
2608 2609
1021 1024
1252 1255
2321 2322
2579 2581
2729 2739
2350 2351
2610 2611
2392 2437
2649 2694
1909 1910
1186 1224
732 736
2033 2034
2476 2477
2495 2496
2756 2757
1796 1797
2049 2051
2407 2408
2665 2667
1992 2011
2425 2438
2681 2693
1697 1715
1520 1525
1538 1540
2529 2553
1782 1783
1728 1729
2522 2523
2783 2784
2527 2642
1265 1266
1110 1111
1129 1130
1341 1343
1360 1362
2322 2323
2581 2582
2405 2406
2679 2694
1340 1342
1839 1841
2140 2142
1863 1864
2354 2355
2612 2613
1518 1535
2494 2495
2755 2756
2472 2486
2730 2745
1458 1460
1723 1743
1797 1798
1547 1633
1904 1907
1940 1944
1833 1834
2517 2518
2777 2778
1112 1114
1610 1611
1033 1034
1014 1021
1906 1909
2000 2001
1748 1749
2512 2513
1642 1725
2423 2425
2680 2681
2334 2335
2596 2597
1609 1612
2299 2300
2555 2556
1817 1818
2422 2424
2323 2380
2393 2394
990 991
1225 1226
2579 2580
2478 2485
2736 2744
1744 1745
1907 1908
1644 1646
988 989
2038 2039
1885 1887
1714 1715
1111 1113
1130 1132
1343 1344
1362 1363
2753 2754
1781 1782
1514 1531
2418 2430
2675 2686
2050 2053
726 727
2287 2289
2544 2545
2649 2651
2400 2401
2659 2660
2018 2037
2523 2524
2661 2701
1597 1598
1496 1503
2676 2687
2092 2093
1836 1837
987 988
954 955
2429 2439
2687 2696
1896 1897
2292 2293
2548 2549
1510 1512
2521 2524
2782 2785
1948 1952
2758 2759
2333 2334
2592 2593
1555 1556
2044 2047
1241 1242
1790 1791
1131 1133
2096 2097
1227 1228
1532 1534
1838 1840
1931 1932
2117 2118
2156 2158
1544 1545
2347 2350
2399 2402
2657 2658
962 963
1012 1015
2444 2445
2703 2704
2090 2094
2655 2666
1655 1656
1950 1951
1792 1795
1516 1519
2295 2296
2551 2552
1777 1780
1221 1225
1232 1233
2634 2635
2486 2487
2745 2746
1880 1881
955 956
1188 1189
2481 2482
2741 2742
1590 1591
1441 1444
2079 2080
1822 1823
1705 1706
2001 2002
1802 1816
2058 2074
1841 1844
2098 2100
1935 1936
2120 2121
2161 2162
1557 1558
953 954
1821 1824
2734 2740
1731 1733
958 961
1222 1228
1523 1524
2721 2722
985 997
2393 2455
2650 2714
1814 1815
2278 2333
2280 2282
2538 2539
1425 1426
1592 1593
1610 1627
1647 1648
1942 1943
2515 2516
2775 2776
991 992
1563 1564
1729 1736
2031 2032
1599 1600
1660 1661
1956 1957
1834 1835
1196 1200
1652 1654
1947 1948
1526 1527
2720 2723
1837 1842
1576 1577
2036 2037
2094 2095
1223 1224
2089 2090
2566 2567
1509 1511
2560 2563
983 984
1811 1812
1108 1110
1128 1129
951 952
2424 2452
1338 1340
1645 1647
1941 1942
1266 1268
1650 1651
966 970
1824 1825
2500 2501
2761 2762
1429 1430
1775 1776
1812 1813
2070 2071
1192 1193
2750 2751
2298 2299
1190 1191
1442 1443
672 673
495 496
544 715
956 957
1820 1821
2496 2497
1465 1466
1573 1574
2388 2470
2648 2728
2078 2079
1712 1713
1927 1929
2115 2116
2151 2154
1570 1571
2391 2469
2646 2727
2009 2010
2045 2046
1653 1655
1778 1779
1764 1770
759 760
2509 2510
2770 2771
2091 2092
1200 1201
1513 1515
1434 1435
1459 1498
2401 2420
2305 2311
2561 2568
1805 1808
2072 2073
1794 1884
1133 1140
1364 1370
1208 1209
1210 1218
2511 2514
2772 2774
1803 1804
2017 2082
2062 2063
1286 1287
964 965
2271 2302
2532 2533
1562 1563
1612 1628
1894 1895
2066 2068
975 976
2575 2578
1467 1508
1945 1946
1521 1522
2218 2225
1495 1496
2344 2345
2603 2604
2606 2608
1024 1027
2268 2385
2526 2642
1720 1721
2015 2016
2446 2455
1888 1889
1309 1315
1768 1769
2039 2040
998 1008
979 980
1861 1862
1054 1056
1286 1288
2457 2459
2717 2719
1671 1672
2293 2294
1761 1762
2764 2765
1605 1606
1695 1696
1119 1121
1348 1350
1373 1375
761 762
1639 1751
1703 1704
549 558
1657 1690
1952 1985
2410 2450
2449 2454
1079 1083
1165 1169
1396 1401
1993 1994
2178 2180
2193 2203
2654 2661
1198 1199
1349 1351
2643 2644
553 557
1771 1772
1445 1447
2554 2557
2174 2176
2186 2188
2217 2224
2231 2232
1163 1164
1395 1397
1076 1077
1955 1967
1851 1852
1700 1701
1996 1997
1214 1219
1524 1529
2004 2005
2053 2059
1692 1693
1987 1988
995 996
1709 1710
1706 1707
2002 2003
784 786
2374 2375
2633 2634
1903 1905
1693 1694
2006 2007
1986 1987
1966 1972
1589 1590
1613 1615
782 787
981 982
1215 1216
558 559
2545 2546
1798 1802
2052 2058
1030 1032
1262 1264
487 488
665 667
2026 2027
1806 1807
2064 2065
545 550
1879 1880
1995 1996
1518 1519
2067 2077
1078 1079
1162 1165
1394 1396
1747 1811
2042 2069
713 721
1673 1674
1967 1968
1640 1641
1127 1134
1359 1366
1711 1712
2007 2008
2773 2774
1446 1448
2314 2315
2571 2572
1464 1465
1882 1883
1120 1122
1351 1352
1649 1696
1944 1991
2150 2152
722 723
1616 1617
2461 2465
2185 2187
2216 2222
2228 2229
794 796
2507 2508
2080 2102
1205 1207
2475 2478
481 482
658 660
1565 1566
1121 1123
2060 2061
766 767
1992 1993
1600 1601
2275 2306
2302 2303
2532 2562
1262 1263
517 518
1726 1727
2022 2023
2404 2444
2663 2704
974 982
1209 1216
2737 2746
2685 2709
2179 2181
1954 1965
1634 1635
1690 1691
1702 1703
1998 1999
2492 2493
2464 2466
2723 2724
1114 1115
716 719
1757 1758
967 971
1202 1205
1766 1767
1034 1036
1267 1269
1538 1539
1336 1339
1361 1365
1105 1107
1334 1337
1220 1221
959 968
1192 1204
732 733
1707 1708
1344 1345
1363 1369
1785 1787
696 697
1721 1722
1551 1552
506 507
684 685
2041 2046
2041 2054
771 772
805 806
507 508
1747 1827
2042 2082
1432 1433
1716 1718
2012 2013
1614 1616
1794 1795
2491 2503
2752 2764
1800 1865
1918 1919
785 788
2014 2015
2426 2450
2682 2710
1847 1849
1730 1735
2025 2030
2108 2109
1233 1239
2505 2508
2766 2769
1543 1544
1698 1699
793 795
1009 1011
2020 2043
1989 1990
2451 2460
1163 1170
1716 1717
1435 1436
1270 1277
2029 2042
1144 1145
1374 1376
823 825
717 718
2711 2717
543 552
1107 1109
1645 1659
1157 1158
580 581
1659 1663
1844 1875
1454 1455
730 731
2085 2087
688 690
1553 1554
1618 1619
1752 1756
1035 1038
1818 1819
2076 2077
1964 1971
1443 1445
659 662
2378 2379
2637 2638
2504 2506
2765 2767
768 769
798 800
2099 2103
2570 2571
1527 1530
1450 1452
1577 1578
1669 1670
1229 1230
1979 1982
1617 1620
1653 1658
1949 1953
1433 1434
1746 1799
1587 1588
1726 1732
1946 1958
2068 2107
1788 1789
1493 1494
2376 2377
2635 2636
1431 1438
972 979
1206 1213
993 995
1550 1551
545 546
1585 1586
2427 2428
2304 2307
2559 2564
1976 1980
1902 1938
1884 1886
1471 1472
822 826
2409 2433
2669 2690
1773 1774
2458 2463
2718 2722
548 717
2312 2313
783 784
797 799
1490 1492
796 797
2421 2442
2677 2700
551 555
2647 2657
1849 1850
2106 2108
819 820
2301 2304
2558 2559
976 981
1211 1215
1385 1389
1572 1573
1251 1253
2389 2400
1962 1963
2317 2318
1194 1195
1853 1854
1922 1924
1685 1686
1660 1688
1957 1983
1776 1891
1148 1149
1353 1354
1378 1380
1663 1675
1959 1969
2308 2312
2412 2432
2671 2688
1765 1766
832 836
2459 2462
1977 1982
2682 2684
1124 1184
1354 1416
2768 2771
2673 2697
745 747
1856 1857
1926 1927
514 515
1212 1217
1771 1793
738 739
686 688
2307 2308
2564 2565
2427 2456
2683 2716
2409 2411
2669 2670
2316 2317
2573 2574
1667 1676
1962 1970
1780 1892
1900 1901
1829 1832
2088 2089
1958 1960
2419 2441
2678 2698
1826 1829
2083 2088
2697 2700
1479 1480
1675 1677
1969 1971
2086 2087
2668 2671
1943 1976
2480 2485
2738 2744
779 780
1203 1215
2102 2103
1845 1846
547 548
763 764
788 790
1637 1638
542 714
1017 1019
2416 2443
1658 1669
1680 1687
1975 1981
1440 1453
2415 2456
2672 2716
2077 2114
1607 1608
2733 2741
1751 1755
1367 1414
2047 2048
2488 2519
2748 2780
2446 2448
2705 2708
1683 1684
1134 1136
1366 1367
2397 2417
1843 1846
2101 2103
1681 1682
2173 2174
2214 2217
2414 2415
1786 1788
1386 1387
1973 1981
2270 2300
2441 2443
2698 2699
1828 1829
1914 1915
789 791
817 820
2184 2185
2212 2216
2227 2228
1291 1293
1291 1357
2396 2418
2653 2675
2706 2707
1019 1020
1758 1763
1273 1275
521 522
2017 2087
2023 2025
2395 2397
2169 2172
2209 2210
2234 2235
2674 2715
2413 2416
2290 2291
2546 2547
1875 1876
2474 2475
2732 2733
2386 2387
2644 2645
2383 2384
1684 1689
1978 1984
500 501
1397 1398
1001 1007
1235 1240
1809 1810
2110 2111
2143 2145
561 563
1321 1323
2483 2484
1016 1023
1248 1254
2550 2641
1377 1379
963 976
1197 1211
1068 1069
1299 1301
1301 1358
482 485
1892 1893
1961 1970
1274 1276
1620 1621
2081 2084
1173 1176
776 777
720 725
1917 1919
1248 1249
1481 1487
1666 1668
2165 2168
2236 2237
1040 1041
1272 1273
1662 1666
383 574
524 525
525 700
1628 1629
1278 1279
1145 1147
1376 1377
1679 1688
1974 1983
743 744
1651 1682
2127 2128
2130 2131
2447 2453
2706 2712
2055 2059
1460 1462
1154 1155
1298 1300
764 765
2403 2404
2662 2663
1810 1815
1718 1719
2479 2480
1042 1043
2708 2713
1095 1096
1324 1325
2134 2136
1876 1877
977 978
1409 1411
528 529
703 704
2105 2106
742 743
1678 1679
1664 1665
1044 1047
1276 1279
1558 1559
1091 1092
1175 1178
1320 1322
1406 1408
1180 1181
1410 1412
1848 1873
1099 1101
1327 1330
801 802
1627 1630
531 534
706 707
1153 1156
791 792
1742 1746
2036 2041
752 753
831 833
539 540
512 526
1422 1424
2190 2191
2166 2167
2189 2192
2240 2241
144 145
464 465
156 157
476 477
146 147
466 467
158 159
478 479
150 151
470 471
151 152
471 472
145 146
465 466
148 149
468 469
153 154
473 474
155 156
475 476
1738 1746
2032 2041
1177 1180
1407 1410
1504 1505
2125 2126
1870 1871
1734 1741
2029 2035
1040 1048
578 579
1697 1724
1089 1091
1319 1320
1405 1406
2132 2135
1297 1315
1088 1090
1419 1422
1092 1094
1178 1179
1427 1430
1604 1605
1471 1475
1150 1169
1295 1314
1560 1561
570 576
1866 1867
754 755
834 835
1475 1476
1368 1413
2372 2373
2631 2632
738 740
1093 1095
1323 1324
577 578
2112 2113
2146 2148
1854 1855
1924 1925
1473 1474
2183 2184
2226 2227
1733 1827
2436 2453
2692 2712
827 828
1866 1874
2124 2132
1506 1507
2207 2213
1046 1102
562 571
2104 2133
511 521
689 698
2382 2387
2640 2645
568 569
1172 1174
1318 1319
1404 1405
749 751
824 827
1753 1754
523 524
699 700
1123 1125
1146 1148
483 509
661 686
1594 1595
1630 1631
1100 1106
1137 1138
1329 1335
1722 1828
1890 1891
773 774
808 809
1053 1055
1183 1184
1501 1502
564 565
726 729
554 556
676 679
1234 1239
679 680
1025 1026
1486 1488
1259 1260
1528 1575
1236 1237
1181 1182
1412 1414
704 705
375 377
2439 2469
1420 1427
498 499
1066 1082
1152 1167
626 628
1260 1415
2056 2057
1064 1081
1439 1440
1448 1450
1051 1052
1282 1284
2194 2208
378 379
619 621
1868 1869
2432 2434
2211 2215
1426 1536
566 567
1244 1245
1801 1802
2168 2169
2195 2210
1829 1830
1097 1098
1326 1328
677 679
356 358
1056 1057
1004 1007
2172 2173
2233 2234
345 346
584 585
480 484
657 663
710 737
359 361
598 599
1352 1356
1595 1596
1631 1632
735 741
1487 1541
1871 1872
2129 2130
388 389
1418 1428
371 372
1073 1075
1305 1306
1391 1393
583 627
2691 2713
347 349
616 617
1060 1062
1292 1294
383 384
623 625
1256 1257
572 575
1567 1568
370 373
610 612
1754 1761
373 374
612 613
586 589
380 381
1254 1258
353 354
592 593
344 347
1029 1031
1304 1307
367 369
1158 1166
1389 1398
351 352
740 746
575 582
374 375
613 615
1289 1290
2431 2435
587 588
349 350
360 362
618 620
1058 1059
960 1005
2206 2207
363 364
602 603
622 624
369 370
501 502
502 678
2170 2171
2182 2183
2204 2205
1022 1062
694 695
1161 1167
1393 1399
2743 2749
821 822
614 616
1789 1799
1497 1500
750 753
828 831
608 609
683 684
1067 1070
1155 1157
1298 1302
1388 1390
813 814
386 387
599 601
1074 1081
1307 1313
589 590
345 348
585 586
624 626
485 487
664 665
621 622
379 382
2113 2114
2148 2149
1925 1926
364 365
1076 1080
1310 1311
2190 2206
2166 2171
2177 2182
2192 2204
1282 1283
376 378
648 653
1069 1071
748 749
778 779
815 818
811 813
2135 2137
402 407
2440 2470
2695 2728
1008 1010
1308 1312
595 597
1419 1533
1575 1576
1456 1457
999 1000
2689 2690
638 639
1002 1003
1602 1603
2019 2040
814 816
100 102
179 181
423 424
99 100
176 178
853 854
98 99
419 421
850 851
859 861
185 188
863 864
105 107
189 191
427 429
97 98
169 170
418 419
96 97
416 418
842 843
107 108
429 431
868 870
94 96
414 416
837 838
94 142
273 274
414 463
537 538
711 712
108 110
195 198
431 433
200 201
433 434
876 878
973 978
504 505
140 142
461 463
945 946
204 205
434 436
390 391
632 633
263 264
941 942
138 139
459 460
120 122
443 445
115 117
438 440
129 131
114 115
437 438
132 135
454 456
101 103
422 425
111 112
104 106
426 428
109 111
430 432
415 417
125 126
448 449
117 119
440 442
452 454
139 141
460 462
113 114
435 437
420 422
103 104
425 426
95 143
135 137
456 458
137 138
458 459
112 113
119 120
442 443
208 209
404 413
937 939
889 890
396 402
638 644
256 259
214 216
892 893
134 136
455 457
931 932
116 118
218 219
439 441
250 251
927 929
395 406
220 221
897 900
130 133
223 224
902 903
243 244
451 453
921 922
121 123
444 446
906 907
124 127
447 450
127 128
239 240
450 451
916 918
123 124
233 234
446 447
829 830
366 368
606 608
2320 2382
2577 2640
609 611
355 357
594 595
591 592
540 541
393 394
636 637
681 682
2318 2319
2576 2578
1547 1581
393 407
1151 1168
1382 1400
365 366
1735 1743
384 385
605 607
1877 1878
362 363
600 602
401 411
643 652
774 775
809 810
392 398
699 701
604 605
484 486
1424 1426
635 651
490 492
669 670
30 32
284 285
285 286
31 34
29 30
283 284
288 290
36 38
289 291
37 39
290 292
27 29
281 283
40 42
26 28
280 282
294 295
25 27
279 281
632 641
41 45
294 297
23 24
24 93
276 343
22 92
275 342
44 46
296 298
45 47
298 300
47 48
299 301
339 340
88 90
48 49
301 302
87 89
338 339
855 857
175 177
848 849
183 184
858 860
640 647
49 51
302 304
335 337
167 168
86 87
336 338
865 867
164 165
840 841
50 53
303 306
645 646
193 194
869 871
83 86
82 85
332 335
307 309
397 401
331 334
271 272
949 950
59 61
311 312
58 60
78 79
329 330
199 202
877 879
313 316
881 882
77 78
327 328
64 67
63 66
314 317
265 266
940 943
73 74
323 324
67 68
318 320
317 319
321 322
69 72
71 73
322 323
68 70
320 321
261 262
936 938
210 212
887 888
257 258
933 935
213 215
721 722
252 255
894 895
926 928
527 528
702 703
246 248
923 925
225 226
901 904
235 237
238 241
917 919
231 232
908 911
1477 1478
1060 1061
405 409
647 650
724 728
631 652
535 536
708 709
510 511
1568 1569
756 757
801 804
630 653
803 836
662 687
646 654
2489 2525
1071 1080
1303 1311
408 412
1439 1484
386 400
629 642
637 656
642 649
634 635
1050 1086
1548 1549
1468 1470
399 404
1423 1425
389 395
994 997
1229 1231
1623 1624
403 410
654 655
1759 1799
1860 1861
1932 1933
2118 2119
2158 2159
391 409
810 812
1488 1491
381 573
1825 1831
1384 1402
1250 1257
358 359
596 598
572 573
1382 1384
2724 2747
1489 1491
1126 1183
1355 1415
1028 1029
1260 1261
2296 2385
2552 2642
1065 1066
1150 1152
1381 1383
1187 1197
781 803
971 972
560 565
1499 1500
1778 1780
1899 1900
1063 1064
1296 1297
531 532
350 533
769 770
1417 1421
1118 1119
1142 1143
1347 1348
1450 1457
2390 2473
2647 2731
1013 1018
1244 1250
1116 1118
1141 1142
1346 1347
1371 1372
968 969
1160 1168
1392 1400
515 516
693 694
513 691
497 498
674 675
805 807
503 530
1032 1037
1037 1039
1284 1285
1449 1474
519 520
756 759
1115 1117
734 770
1451 1498
493 494
1529 1579
1085 1087
1317 1318
1139 1141
1345 1346
1369 1371
1885 1897
1452 1459
1476 1485
1269 1271
1280 1281
1469 1470
1582 1583
489 491
666 668
2011 2021
1584 1585
1622 1623
1124 1126
1461 1463
1437 1438
1332 1334
1028 1126
2388 2391
1442 1476
1072 1084
1104 1106
1135 1138
1333 1335
1238 1253
1045 1102
1084 1085
1316 1317
2469 2489
2727 2749
581 758
1159 1171
1306 1317
1391 1403
493 495
671 672
2465 2466
1357 1358
747 780
1006 1184
1239 1416
986 1011
1221 1243
2319 2431
2374 2465
1049 1086
691 692
2467 2468
2725 2726
161 163
838 839
948 950
263 265
936 939
268 270
272 274
945 947
260 262
167 169
171 174
845 846
844 847
160 162
165 166
840 843
267 269
944 946
252 254
930 932
934 935
242 244
247 248
920 922
924 925
249 251
253 255
926 929
243 245
917 918
172 173
849 850
852 854
176 177
856 857
227 229
232 234
908 910
180 181
182 184
859 860
913 914
236 237
909 911
912 915
190 191
192 194
868 871
228 230
905 907
185 187
186 188
862 864
866 867
203 205
207 209
883 886
221 222
223 225
897 899
195 197
872 875
196 198
873 874
884 885
204 206
877 878
880 882
214 215
217 219
895 896
898 900
211 212
888 889
891 893
1104 1105
1102 1103
1331 1332
2201 2238
2220 2230
2225 2232
2222 2223
2196 2197
2198 2201
2220 2221
2224 2225
2202 2203
2354 2467
