5271605558021576190 909 600
0.064415 -0.086738 0.432671
0.063134 -0.085511 0.442766
0.254815 -0.077428 0.403585
0.253636 -0.077810 0.397739
0.252838 -0.080036 0.404810
0.262590 -0.086986 0.456156
0.265130 -0.081558 0.461681
0.262312 -0.083709 0.464054
0.075960 -0.082805 0.395811
0.077999 -0.081124 0.393088
0.256806 -0.081148 0.404586
0.259313 -0.081352 0.405655
0.261051 -0.078667 0.405084
0.256000 -0.068336 0.403213
0.261099 -0.067983 0.405033
0.257158 -0.043004 0.403990
0.250286 -0.021984 0.402260
0.137954 -0.019601 0.209715
0.160009 -0.002902 0.206680
0.140060 -0.022534 0.207693
0.115386 -0.054637 0.235526
0.124708 -0.046769 0.222441
0.118736 -0.057535 0.234895
0.076012 -0.078170 0.392445
0.073274 -0.078713 0.394793
0.074445 -0.067111 0.393466
0.186868 0.002584 0.206333
0.187348 -0.000540 0.202550
0.106867 -0.067424 0.261478
0.214055 -0.006049 0.209511
0.249870 -0.082757 0.408367
0.205455 0.030459 0.462107
0.180579 0.039497 0.460179
0.253495 -0.016039 0.463382
0.242116 0.006287 0.461984
0.181953 0.039925 0.398937
0.205885 0.032414 0.401241
0.204646 0.028326 0.396330
0.117931 0.009613 0.389845
0.103207 -0.007296 0.389683
0.112075 0.013015 0.390596
0.091062 -0.012227 0.390951
0.134355 0.027674 0.390781
0.157567 0.034765 0.392061
0.158496 0.028675 0.391673
0.136826 0.022086 0.390556
0.180931 0.028935 0.393210
0.202204 0.022374 0.395067
0.224380 0.015340 0.398332
0.242913 0.001074 0.405570
0.239571 -0.002034 0.400282
0.226679 0.019098 0.403382
0.090874 -0.082857 0.344891
0.095400 -0.086812 0.319140
0.101457 -0.088134 0.289943
0.108506 -0.072844 0.258660
0.118453 -0.080740 0.264176
0.185486 -0.007423 0.203564
0.212293 -0.008431 0.205442
0.177697 0.046364 0.455058
0.151837 0.046734 0.452568
0.154450 0.040157 0.458137
0.092868 -0.027182 0.390479
0.220487 0.010215 0.397071
0.236396 -0.027522 0.218280
0.235652 -0.031846 0.215256
0.253498 -0.085217 0.334403
0.253286 -0.082895 0.356736
0.128322 0.032349 0.455878
0.125980 0.039563 0.450715
0.233491 -0.033961 0.215521
0.224791 0.025111 0.460213
0.202815 0.038792 0.458032
0.098705 -0.088154 0.346630
0.247602 -0.057320 0.237599
0.253066 -0.080565 0.264853
0.253674 -0.086729 0.281509
0.104978 0.018308 0.453986
0.108483 0.017621 0.395547
0.086397 -0.009969 0.396518
0.073790 -0.043868 0.398154
0.078243 -0.045716 0.392249
0.082469 -0.063572 0.392099
0.100806 0.023322 0.448588
0.083163 -0.075940 0.392205
0.082706 -0.079174 0.393659
0.070091 -0.079188 0.400438
0.071681 -0.083083 0.400990
0.083800 -0.078971 0.391930
0.072799 -0.086960 0.445585
0.091851 -0.083296 0.391785
0.244608 -0.086705 0.273607
0.078091 -0.004708 0.447434
0.065359 -0.040124 0.446808
0.068934 -0.084766 0.410251
0.264889 -0.067920 0.411713
0.264932 -0.079603 0.411735
0.066653 -0.086697 0.421180
0.061615 -0.069527 0.447020
0.062389 -0.058008 0.446927
0.070603 -0.079805 0.451034
0.061530 -0.079500 0.446959
0.262629 -0.074755 0.466014
0.262606 -0.082612 0.411781
0.263022 -0.084998 0.421632
0.234656 -0.005858 0.398988
0.263023 -0.087451 0.432838
0.260983 -0.041591 0.409890
0.254015 -0.019824 0.407744
0.260082 -0.039621 0.464364
0.262680 -0.063439 0.465574
0.254419 -0.083402 0.464493
0.249561 -0.082326 0.466464
0.240772 -0.080957 0.400184
0.243846 -0.085259 0.377517
0.244874 -0.082944 0.400096
0.239932 -0.083246 0.377555
0.241418 -0.085746 0.422499
0.240963 -0.083052 0.408835
0.245554 -0.087480 0.421144
0.245096 -0.085054 0.408714
0.242468 -0.043903 0.466642
0.088971 -0.088426 0.424494
0.094327 -0.083373 0.400285
0.080233 -0.076403 0.453882
0.082913 -0.085665 0.446304
0.096006 -0.081327 0.392274
0.098993 -0.083736 0.370594
0.080533 -0.063629 0.453837
0.245061 -0.069624 0.467212
0.202374 -0.015058 0.208239
0.183833 -0.010468 0.206798
0.205554 -0.012784 0.205069
0.245061 -0.069624 0.467212
0.242468 -0.043903 0.466642
0.164669 -0.015090 0.208453
0.183833 -0.010468 0.206798
0.227454 -0.034911 0.212323
0.146321 -0.026682 0.228963
0.133352 -0.032381 0.266876
0.208772 -0.015198 0.262884
0.201386 -0.013742 0.223852
0.094743 -0.085576 0.369809
0.098993 -0.083736 0.370594
0.202374 -0.015058 0.208239
0.243940 -0.085477 0.458800
0.240963 -0.083052 0.408835
0.083269 -0.044431 0.453685
0.080533 -0.063629 0.453837
0.091029 -0.019621 0.453694
0.150717 0.022105 0.437967
0.158323 0.009352 0.357464
0.240772 -0.080957 0.400184
0.239932 -0.083246 0.377555
0.207325 0.009836 0.442745
0.206416 -0.001336 0.361322
0.199572 0.021867 0.461567
0.181119 0.029062 0.459922
0.235413 -0.019163 0.465529
0.220365 0.005197 0.463755
0.147758 -0.028377 0.213355
0.164669 -0.015090 0.208453
0.243000 -0.086702 0.448186
0.243940 -0.085477 0.458800
0.245670 -0.082243 0.466540
0.082913 -0.085665 0.446304
0.078575 -0.086655 0.445995
0.085269 -0.087891 0.437254
0.110261 0.007842 0.454382
0.091029 -0.019621 0.453694
0.110261 0.007842 0.454382
0.132614 0.022997 0.456102
0.122355 -0.079835 0.265961
0.116321 -0.087907 0.287121
0.122355 -0.079835 0.265961
0.163881 0.030097 0.458555
0.136626 -0.046700 0.227023
0.243672 -0.090108 0.288962
0.243532 -0.090481 0.316076
0.239627 -0.088442 0.315976
0.239311 -0.087511 0.334979
0.240357 -0.075345 0.257181
0.241032 -0.083690 0.270654
0.224898 -0.035559 0.215171
0.238770 -0.056584 0.234453
0.234491 -0.054860 0.236793
0.234491 -0.054860 0.236793
0.129037 -0.065589 0.245632
0.125258 -0.065848 0.242849
0.136626 -0.046700 0.227023
0.129037 -0.065589 0.245632
0.240357 -0.075345 0.257181
0.241032 -0.083690 0.270654
0.239668 -0.088168 0.289092
0.239668 -0.088168 0.289092
0.076731 -0.082487 0.452494
0.079922 -0.082464 0.453182
0.082913 -0.085665 0.446304
0.238953 -0.086457 0.356484
0.094327 -0.083373 0.400285
0.088971 -0.088426 0.424494
0.089942 -0.085704 0.400826
0.080233 -0.076403 0.453882
0.083269 -0.044431 0.453685
0.110395 -0.088865 0.312044
0.238953 -0.086457 0.356484
0.181119 0.029062 0.459922
0.239627 -0.088442 0.315976
0.245670 -0.082243 0.466540
0.102485 -0.086188 0.346288
0.239311 -0.087511 0.334979
0.163881 0.030097 0.458555
0.085269 -0.087891 0.437254
0.243000 -0.086702 0.448186
0.246054 -0.090132 0.434730
0.177526 -0.013271 0.108304
0.162835 -0.019945 0.105978
0.174927 -0.004032 0.107873
0.157432 -0.011806 0.105454
0.229024 -0.013143 0.108388
0.243941 -0.029384 0.105800
0.179044 -0.022246 0.148238
0.191979 -0.021050 0.149062
0.193553 -0.005700 0.106796
0.208986 -0.013931 0.109550
0.193345 -0.011699 0.109451
0.144289 -0.030469 0.099344
0.159544 -0.014943 0.103198
0.204380 -0.022736 0.149034
0.215430 -0.028611 0.147876
0.176047 -0.007498 0.105595
0.141846 -0.027255 0.101696
0.228891 -0.039080 0.150787
0.225678 -0.041229 0.145413
0.218047 -0.025660 0.153133
0.222551 -0.019362 0.149551
0.208143 -0.011960 0.150452
0.220563 -0.022127 0.153017
0.231936 -0.035659 0.150815
0.191982 -0.012576 0.153882
0.161821 -0.021039 0.151048
0.176411 -0.014254 0.152984
0.155345 -0.039647 0.143431
0.166989 -0.027921 0.146372
0.177618 -0.018304 0.153307
0.164180 -0.024697 0.151405
0.223264 -0.020986 0.108366
0.236731 -0.036218 0.105511
0.159544 -0.014943 0.103198
0.176047 -0.007498 0.105595
0.210873 -0.008245 0.106981
0.193553 -0.005700 0.106796
0.241651 -0.032464 0.103188
0.227000 -0.016173 0.105930
0.191899 -0.016897 0.154154
0.218047 -0.025660 0.153133
0.228891 -0.039080 0.150787
0.177618 -0.018304 0.153307
0.164180 -0.024697 0.151405
0.151697 -0.037228 0.148453
0.253771 -0.045822 0.105542
0.251177 -0.052102 0.108283
0.251387 -0.049079 0.102929
0.253635 -0.048875 0.110872
0.251239 -0.040561 0.104358
0.248923 -0.043813 0.101733
0.248750 -0.050050 0.125104
0.245923 -0.053464 0.123606
0.244299 -0.051200 0.108477
0.241989 -0.043986 0.103749
0.244401 -0.048867 0.104502
0.248923 -0.043813 0.101733
0.251387 -0.049079 0.102929
0.251177 -0.052102 0.108283
0.240344 -0.054173 0.139811
0.232157 -0.051386 0.141671
0.234869 -0.053158 0.136490
0.237170 -0.051963 0.145523
0.228785 -0.046901 0.144668
0.236586 -0.043623 0.149166
0.240393 -0.048492 0.145798
0.245923 -0.053464 0.123606
0.239256 -0.051898 0.122398
0.233457 -0.047114 0.148974
0.240344 -0.054173 0.139811
0.237170 -0.051963 0.145523
0.134965 -0.038887 0.099571
0.132342 -0.044267 0.100693
0.132034 -0.047081 0.105899
0.137757 -0.051828 0.119588
0.134955 -0.048266 0.120726
0.141535 -0.047395 0.100714
0.143965 -0.042498 0.100007
0.141321 -0.049517 0.104616
0.134888 -0.047676 0.098365
0.134634 -0.050452 0.103580
0.138388 -0.048801 0.137529
0.140391 -0.046987 0.142285
0.148785 -0.050187 0.139175
0.145976 -0.046886 0.145450
0.143404 -0.050606 0.142401
0.151076 -0.046857 0.141758
0.141456 -0.052374 0.137651
0.137757 -0.051828 0.119588
0.144462 -0.050217 0.119212
0.151697 -0.037228 0.148453
0.141456 -0.052374 0.137651
0.145976 -0.046886 0.145450
0.143404 -0.050606 0.142401
0.191899 -0.016897 0.154154
0.205620 -0.018887 0.154193
0.241651 -0.032464 0.103188
0.151342 0.066379 0.052521
0.140291 0.059190 0.040943
0.134817 0.036654 0.021865
0.139447 0.050754 0.025418
0.138153 0.037405 0.018046
0.136198 0.049106 0.029220
0.153885 0.067850 0.047940
0.137978 -0.005400 0.026942
0.137981 0.006806 0.021055
0.144112 -0.006460 0.026319
0.144330 0.037223 0.016906
0.222981 0.068720 0.049310
0.199474 0.072920 0.056901
0.199549 0.069742 0.051354
0.145616 0.050372 0.023876
0.242633 0.065561 0.043104
0.246675 0.067826 0.048334
0.172487 0.002284 0.103953
0.154850 -0.006150 0.096858
0.174031 -0.002627 0.103032
0.142704 -0.007014 0.087897
0.223329 0.002149 0.104107
0.240022 -0.006446 0.096761
0.242428 -0.001583 0.097964
0.221898 -0.002748 0.103057
0.198490 0.003455 0.106100
0.198509 -0.001512 0.105073
0.173943 0.071721 0.054710
0.159011 0.065501 0.043230
0.176453 0.068687 0.049303
0.198602 -0.005138 0.099863
0.219836 -0.006259 0.097907
0.199349 0.071704 0.061871
0.172488 0.070473 0.059592
0.262122 -0.027331 0.059409
0.269214 -0.023480 0.049349
0.264609 -0.022075 0.061878
0.266675 -0.028742 0.046847
0.248366 0.066057 0.053012
0.262879 0.058753 0.041789
0.273387 0.022035 0.017557
0.275823 0.022905 0.021924
0.274780 0.036484 0.023320
0.261176 0.060917 0.037264
0.270965 0.048700 0.030418
0.159838 -0.009438 0.092653
0.176409 -0.006271 0.097993
0.152069 -0.013949 0.084365
0.253157 -0.007535 0.087931
0.235712 -0.009450 0.092205
0.139635 -0.014355 0.075267
0.137460 -0.021706 0.061239
0.267896 0.023206 0.014591
0.267966 0.037405 0.016476
0.272094 -0.013932 0.038583
0.264833 0.050312 0.023054
0.244991 -0.014403 0.083048
0.251028 -0.021203 0.070891
0.149642 0.059830 0.033959
0.142765 -0.019538 0.073640
0.140581 -0.026947 0.059422
0.271149 -0.005155 0.027775
0.273901 -0.001025 0.030862
0.266720 0.008028 0.018602
0.272601 0.007147 0.021850
0.138876 -0.028611 0.046206
0.146577 -0.027608 0.058701
0.144862 -0.029252 0.045375
0.148843 -0.020446 0.072622
0.261051 -0.029565 0.044658
0.265381 -0.006815 0.026046
0.134692 -0.001349 0.029369
0.134897 -0.013996 0.037008
0.138126 -0.019459 0.035364
0.263785 -0.020991 0.034475
0.259181 -0.014940 0.075353
0.177088 -0.006068 0.094772
0.161354 0.023673 0.064804
0.161392 -0.009113 0.089803
0.241200 0.062771 0.041942
0.222301 0.065708 0.048122
0.242633 0.065561 0.043104
0.256485 0.059786 0.033323
0.264967 0.023046 0.014738
0.151476 -0.019716 0.071484
0.149350 -0.026168 0.057994
0.219197 -0.006007 0.094667
0.234348 -0.009042 0.089222
0.264983 0.036609 0.016516
0.148380 0.049049 0.024136
0.147187 0.036276 0.017818
0.144330 0.037223 0.016906
0.145616 0.050372 0.023876
0.243089 -0.013844 0.080460
0.260916 -0.019847 0.034091
0.253896 -0.026790 0.056074
0.258256 -0.028256 0.043912
0.267896 0.023206 0.014591
0.176409 -0.006271 0.097993
0.159838 -0.009438 0.092653
0.222981 0.068720 0.049310
0.159011 0.065501 0.043230
0.149642 0.059830 0.033959
0.160585 0.062724 0.042366
0.264833 0.050312 0.023054
0.198602 -0.005138 0.099863
0.219836 -0.006259 0.097907
0.144141 0.008016 0.019000
0.146979 0.008134 0.019851
0.266720 0.008028 0.018602
0.154329 -0.013432 0.082129
0.148843 -0.020446 0.072622
0.146921 -0.006019 0.026679
0.147040 -0.019481 0.035046
0.251028 -0.021203 0.070891
0.244991 -0.014403 0.083048
0.147724 -0.027876 0.045231
0.256492 -0.028181 0.057345
0.265381 -0.006815 0.026046
0.263785 -0.020991 0.034475
0.144862 -0.029252 0.045375
0.144178 -0.020667 0.034828
0.235712 -0.009450 0.092205
0.199549 0.069742 0.051354
0.199537 0.066634 0.050161
0.176453 0.068687 0.049303
0.177137 0.065664 0.048174
0.261051 -0.029565 0.044658
0.144178 -0.020667 0.034828
0.146577 -0.027608 0.058701
0.240701 -0.097831 0.424297
0.241469 -0.116836 0.423981
0.236011 -0.115579 0.424296
0.246367 -0.098466 0.423982
0.102732 -0.166951 0.421824
0.094885 -0.150118 0.421044
0.089946 -0.152782 0.420685
0.236134 -0.115613 0.455104
0.233501 -0.133823 0.454791
0.241591 -0.116869 0.454789
0.075362 -0.116966 0.448411
0.082412 -0.135710 0.419246
0.079744 -0.136059 0.449920
0.079661 -0.116745 0.417893
0.087854 -0.133846 0.419817
0.085282 -0.115592 0.418722
0.080632 -0.096787 0.416913
0.086234 -0.096196 0.417991
0.080861 -0.115866 0.449249
0.087854 -0.133846 0.419817
0.085282 -0.115592 0.418722
0.085045 -0.134245 0.450498
0.093488 -0.150649 0.451845
0.106750 -0.163502 0.422080
0.106135 -0.164154 0.452956
0.139873 -0.178343 0.423514
0.157926 -0.183840 0.423693
0.157965 -0.179100 0.423962
0.121984 -0.173865 0.453797
0.139873 -0.178343 0.423514
0.122301 -0.173147 0.422886
0.139691 -0.179029 0.454430
0.157867 -0.179672 0.454861
0.175263 -0.175719 0.424220
0.175233 -0.176134 0.455089
0.191244 -0.168974 0.455165
0.205553 -0.158666 0.424340
0.191216 -0.168713 0.424327
0.205623 -0.158820 0.455159
0.218120 -0.146257 0.455125
0.218021 -0.146165 0.424314
0.228455 -0.131795 0.455107
0.228340 -0.131740 0.424298
0.236011 -0.115579 0.424296
0.236134 -0.115613 0.455104
0.240828 -0.097849 0.455104
0.240701 -0.097831 0.424297
0.074840 -0.096918 0.447256
0.119511 -0.177264 0.422649
0.119210 -0.177976 0.453543
0.138256 -0.183593 0.454160
0.157820 -0.184401 0.454569
0.176549 -0.180307 0.423925
0.176515 -0.180706 0.454773
0.193714 -0.172881 0.424012
0.209105 -0.162234 0.424019
0.222433 -0.149003 0.423996
0.233387 -0.133769 0.423983
0.246493 -0.098483 0.454789
0.085045 -0.134245 0.450498
0.080861 -0.115866 0.449249
0.080374 -0.096359 0.448340
0.086234 -0.096196 0.417991
0.106135 -0.164154 0.452956
0.122301 -0.173147 0.422886
0.121984 -0.173865 0.453797
0.139691 -0.179029 0.454430
0.157867 -0.179672 0.454861
0.175263 -0.175719 0.424220
0.191216 -0.168713 0.424327
0.205553 -0.158666 0.424340
0.205623 -0.158820 0.455159
0.218021 -0.146165 0.424314
0.218120 -0.146257 0.455125
0.228340 -0.131740 0.424298
0.240828 -0.097849 0.455104
0.249899 -0.077705 0.454797
0.244234 -0.077071 0.455112
0.244234 -0.077071 0.455112
0.244107 -0.077053 0.424304
0.249772 -0.077688 0.423989
0.081721 -0.079306 0.416097
0.081463 -0.078879 0.447525
0.087323 -0.078715 0.417175
0.081463 -0.078879 0.447525
0.075929 -0.079437 0.446440
0.235001 -0.116612 0.326742
0.243279 -0.099013 0.326426
0.239787 -0.117824 0.326426
0.238321 -0.098377 0.326742
0.115647 -0.168341 0.326542
0.106061 -0.153154 0.326559
0.119125 -0.165089 0.326997
0.110276 -0.150676 0.327098
0.235106 -0.116640 0.357550
0.233604 -0.135576 0.357237
0.229160 -0.133621 0.357553
0.096364 -0.115830 0.356772
0.101150 -0.135247 0.326420
0.100029 -0.115711 0.326252
0.105793 -0.133545 0.327130
0.104857 -0.114686 0.327171
0.101512 -0.095458 0.326165
0.106369 -0.094960 0.327284
0.101082 -0.114857 0.357685
0.105793 -0.133545 0.327130
0.104857 -0.114686 0.327171
0.109074 -0.151159 0.357845
0.119125 -0.165089 0.326997
0.110276 -0.150676 0.327098
0.118553 -0.165714 0.357785
0.147486 -0.181934 0.326850
0.164420 -0.187918 0.326475
0.146196 -0.186322 0.326440
0.164454 -0.183335 0.326865
0.131867 -0.175798 0.326885
0.131521 -0.176497 0.357682
0.147245 -0.182603 0.357649
0.147486 -0.181934 0.326850
0.164454 -0.183335 0.326865
0.164295 -0.183889 0.357667
0.181078 -0.180548 0.357673
0.181156 -0.180148 0.326869
0.209761 -0.162400 0.357613
0.196507 -0.172900 0.326847
0.209713 -0.162256 0.326806
0.220652 -0.149004 0.357572
0.229160 -0.133621 0.357553
0.235106 -0.116640 0.357550
0.238429 -0.098393 0.357550
0.235001 -0.116612 0.326742
0.238321 -0.098377 0.326742
0.096496 -0.095494 0.356513
0.104968 -0.153606 0.357309
0.115141 -0.168952 0.357332
0.129069 -0.180412 0.357255
0.129394 -0.179720 0.326457
0.145958 -0.186983 0.357239
0.182263 -0.185001 0.357303
0.182336 -0.184618 0.326499
0.164264 -0.188460 0.357277
0.198782 -0.176983 0.326497
0.212904 -0.165745 0.326472
0.224485 -0.151677 0.326443
0.233506 -0.135529 0.326429
0.224567 -0.151755 0.357251
0.103410 -0.133863 0.357783
0.101082 -0.114857 0.357685
0.101294 -0.095027 0.357630
0.101294 -0.095027 0.357630
0.106369 -0.094960 0.327284
0.118553 -0.165714 0.357785
0.109074 -0.151159 0.357845
0.131521 -0.176497 0.357682
0.147245 -0.182603 0.357649
0.164295 -0.183889 0.357667
0.181156 -0.180148 0.326869
0.196507 -0.172900 0.326847
0.209713 -0.162256 0.326806
0.196503 -0.173149 0.357653
0.209761 -0.162400 0.357613
0.220571 -0.148922 0.326765
0.220652 -0.149004 0.357572
0.229063 -0.133574 0.326745
0.238429 -0.098393 0.357550
0.245523 -0.078502 0.357238
0.240565 -0.077867 0.357553
0.245415 -0.078487 0.326430
0.240457 -0.077851 0.326745
0.102559 -0.078188 0.326007
0.107416 -0.077689 0.327126
0.102341 -0.077756 0.357471
0.102341 -0.077756 0.357471
0.097542 -0.078223 0.356354
0.144314 -0.067635 0.134491
0.136100 -0.090211 0.105117
0.140402 -0.090109 0.135083
0.139843 -0.067659 0.104953
0.139127 -0.111821 0.134889
0.141974 -0.109005 0.104026
0.142235 -0.088398 0.104061
0.142148 -0.131528 0.134124
0.140136 -0.131281 0.103564
0.150850 -0.147321 0.133159
0.149998 -0.146855 0.102437
0.236409 -0.068323 0.136776
0.241065 -0.086606 0.136050
0.242183 -0.068904 0.138199
0.145679 -0.066758 0.103545
0.155634 -0.143149 0.133295
0.147930 -0.127958 0.133967
0.154790 -0.142543 0.102611
0.244155 -0.103226 0.134874
0.249933 -0.105601 0.135471
0.146310 -0.088400 0.133857
0.146310 -0.088400 0.133857
0.141974 -0.109005 0.104026
0.142235 -0.088398 0.104061
0.145203 -0.109150 0.134195
0.145679 -0.066758 0.103545
0.182241 -0.160438 0.132430
0.167436 -0.153427 0.101834
0.182357 -0.159899 0.101594
0.145957 -0.127556 0.103489
0.147930 -0.127958 0.133967
0.154790 -0.142543 0.102611
0.214950 -0.155491 0.132513
0.198557 -0.160832 0.101671
0.198486 -0.161177 0.132507
0.215047 -0.155342 0.101703
0.229287 -0.145260 0.132579
0.240588 -0.132883 0.102265
0.239136 -0.132691 0.132946
0.243985 -0.118558 0.133711
0.249308 -0.103651 0.104698
0.247028 -0.118896 0.103205
0.244155 -0.103226 0.134874
0.241065 -0.086606 0.136050
0.236409 -0.068323 0.136776
0.245496 -0.068598 0.107430
0.164223 -0.158585 0.132404
0.164100 -0.158039 0.101600
0.180581 -0.164660 0.101367
0.216309 -0.160120 0.132305
0.198345 -0.165617 0.101465
0.216379 -0.160007 0.101511
0.198279 -0.165918 0.132287
0.232155 -0.149623 0.132413
0.244645 -0.136823 0.102202
0.243359 -0.136614 0.132889
0.249234 -0.121818 0.133893
0.254872 -0.106017 0.105266
0.252049 -0.122156 0.103368
0.254142 -0.088429 0.107325
0.251188 -0.069164 0.108836
0.145203 -0.109150 0.134195
0.167436 -0.153427 0.101834
0.182357 -0.159899 0.101594
0.167547 -0.154082 0.132627
0.182241 -0.160438 0.132430
0.198557 -0.160832 0.101671
0.198486 -0.161177 0.132507
0.214950 -0.155491 0.132513
0.240588 -0.132883 0.102265
0.247028 -0.118896 0.103205
0.249308 -0.103651 0.104698
0.229287 -0.145260 0.132579
0.239136 -0.132691 0.132946
0.248394 -0.087013 0.106291
0.245496 -0.068598 0.107430
0.235925 -0.045273 0.139100
0.230218 -0.045611 0.137364
0.230218 -0.045611 0.137364
0.240886 -0.045566 0.108554
0.246510 -0.045226 0.110268
0.148526 -0.046922 0.134096
0.154131 -0.046757 0.132529
0.144054 -0.046982 0.104558
0.154131 -0.046757 0.132529
0.149955 -0.046807 0.103140
0.149955 -0.046807 0.103140
0.202632 -0.027707 0.149896
0.191617 -0.023883 0.149458
0.180919 -0.023926 0.149120
0.174143 -0.026552 0.148968
0.203095 -0.027064 0.148474
0.209827 -0.032593 0.150246
0.179382 -0.017164 0.150490
0.192447 -0.017052 0.150943
0.213572 -0.026674 0.152117
0.205498 -0.021380 0.151594
0.204731 -0.023573 0.149018
0.192335 -0.019429 0.148435
0.187746 -0.011834 0.211207
0.188776 -0.015075 0.194984
0.167679 -0.022004 0.150333
0.223634 -0.036043 0.218310
0.154736 -0.030323 0.187500
0.151140 -0.030339 0.199305
0.216585 -0.037287 0.158597
0.214425 -0.024254 0.219645
0.200531 -0.015160 0.218269
0.213759 -0.025219 0.218651
0.200958 -0.014054 0.219243
0.174523 -0.010898 0.217297
0.161174 -0.016235 0.217535
0.174194 -0.009716 0.218214
0.165241 -0.029144 0.156581
0.226966 -0.041201 0.202250
0.227500 -0.040169 0.212444
0.187348 -0.010342 0.217837
0.163411 -0.022939 0.157390
0.225487 -0.036683 0.218876
0.187426 -0.009139 0.218781
0.220531 -0.031388 0.159613
0.226085 -0.033185 0.189565
0.203095 -0.027064 0.148474
0.210230 -0.031888 0.148841
0.216882 -0.021546 0.218076
0.227761 -0.033649 0.217468
0.218030 -0.020442 0.215294
0.173225 -0.005137 0.213390
0.159402 -0.013227 0.215641
0.173432 -0.006385 0.216329
0.158872 -0.012000 0.212726
0.151002 -0.022713 0.198325
0.227801 -0.033382 0.201526
0.203737 -0.009865 0.214720
0.188494 -0.004444 0.214073
0.202756 -0.010990 0.217564
0.188054 -0.005733 0.216979
0.229157 -0.037901 0.201858
0.149343 -0.021602 0.207376
0.149363 -0.026849 0.198602
0.147512 -0.025743 0.208242
0.224919 -0.040621 0.190158
0.229696 -0.036940 0.211640
0.218307 -0.037557 0.158541
0.149246 -0.029165 0.209330
0.200958 -0.014054 0.219243
0.226966 -0.041201 0.202250
0.224919 -0.040621 0.190158
0.191841 -0.023205 0.148009
0.151140 -0.030339 0.199305
0.149246 -0.029165 0.209330
0.180860 -0.023252 0.147657
0.180031 -0.019518 0.148015
0.227500 -0.040169 0.212444
0.174080 -0.025873 0.147518
0.214425 -0.024254 0.219645
0.225487 -0.036683 0.218876
0.165241 -0.029144 0.156581
0.154736 -0.030323 0.187500
0.161174 -0.016235 0.217535
0.218307 -0.037557 0.158541
0.229447 -0.035942 0.215445
0.227212 -0.039074 0.216551
0.180860 -0.023252 0.147657
0.174080 -0.025873 0.147518
0.227212 -0.039074 0.216551
0.213087 -0.035066 0.150363
0.215668 -0.036885 0.153176
0.219805 -0.031236 0.155248
0.171372 -0.027961 0.148780
0.167512 -0.028830 0.150374
0.170585 -0.027624 0.147711
0.168648 -0.024296 0.148137
0.170585 -0.027624 0.147711
0.167512 -0.028830 0.150374
0.217230 -0.029515 0.152267
0.219229 -0.033718 0.152921
0.216549 -0.031840 0.150074
0.214193 -0.034919 0.149418
0.214193 -0.034919 0.149418
0.216777 -0.036755 0.152218
0.164538 -0.023066 0.153375
0.154204 -0.024593 0.216052
0.147592 -0.024478 0.212600
0.150362 -0.021294 0.214889
0.152131 -0.024454 0.216653
0.151463 -0.027302 0.213576
0.149149 -0.028006 0.213991
0.149149 -0.028006 0.213991
0.152131 -0.024454 0.216653
0.285720 -0.491540 0.470409
0.215980 -0.509144 0.493069
0.205302 -0.509144 0.472111
0.188670 -0.509144 0.455479
0.167712 -0.509144 0.444801
0.144480 -0.509144 0.441121
0.121248 -0.509144 0.444801
0.100290 -0.509144 0.455479
0.083658 -0.509144 0.472111
0.072980 -0.509144 0.493069
0.069300 -0.509144 0.516301
0.072980 -0.509144 0.539533
0.083658 -0.509144 0.560491
0.100290 -0.509144 0.577123
0.121248 -0.509144 0.587801
0.144480 -0.509144 0.591481
0.167712 -0.509144 0.587801
0.188670 -0.509144 0.577123
0.205302 -0.509144 0.560491
0.215980 -0.509144 0.539533
0.219660 -0.509144 0.516301
0.215980 -0.509144 0.493069
0.351982 -0.462681 0.448879
0.413135 -0.423278 0.429010
0.467672 -0.374301 0.411289
0.514252 -0.316957 0.396155
0.514252 -0.316957 0.396155
0.551726 -0.252658 0.383979
0.551726 -0.252658 0.383979
0.579173 -0.182986 0.375061
0.595916 -0.109657 0.369621
0.601543 -0.034477 0.367792
0.595916 0.040703 0.369621
0.579173 0.114032 0.375061
0.579173 0.114032 0.375061
0.551726 0.183704 0.383979
0.514252 0.248003 0.396155
0.467672 0.305347 0.411289
0.413135 0.354324 0.429010
0.351982 0.393727 0.448879
0.351982 0.393727 0.448879
0.285720 0.422586 0.470409
0.285720 0.422586 0.470409
0.205302 0.440191 0.472111
0.188670 0.440191 0.455479
0.167712 0.440191 0.444801
0.144480 0.440191 0.441121
0.121248 0.440191 0.444801
0.100290 0.440191 0.455479
0.083658 0.440191 0.472111
0.072980 0.440191 0.493069
0.069300 0.440191 0.516301
0.072980 0.440191 0.539533
0.083658 0.440191 0.560491
0.100290 0.440191 0.577123
0.121248 0.440191 0.587801
0.144480 0.440191 0.591481
0.167712 0.440191 0.587801
0.188670 0.440191 0.577123
0.205302 0.440191 0.560491
0.215980 0.440191 0.539533
0.219660 0.440191 0.516301
0.215980 0.440191 0.493069
0.144480 -0.515061 0.516301
0.144480 -0.515061 0.516301
0.144480 -0.515061 0.516301
0.144480 -0.515061 0.516301
0.144480 -0.515061 0.516301
0.144480 -0.515061 0.516301
0.144480 -0.515061 0.516301
0.144480 -0.515061 0.516301
0.144480 -0.515061 0.516301
0.144480 -0.515061 0.516301
0.144480 -0.515061 0.516301
0.144480 -0.515061 0.516301
0.144480 -0.515061 0.516301
0.144480 -0.515061 0.516301
0.144480 -0.515061 0.516301
0.144480 -0.515061 0.516301
0.144480 -0.515061 0.516301
0.144480 -0.515061 0.516301
0.144480 -0.515061 0.516301
0.144480 -0.515061 0.516301
0.144480 0.446107 0.516301
0.144480 0.446107 0.516301
0.144480 0.446107 0.516301
0.144480 0.446107 0.516301
0.144480 0.446107 0.516301
0.144480 0.446107 0.516301
0.144480 0.446107 0.516301
0.144480 0.446107 0.516301
0.144480 0.446107 0.516301
0.144480 0.446107 0.516301
0.144480 0.446107 0.516301
0.144480 0.446107 0.516301
0.144480 0.446107 0.516301
0.144480 0.446107 0.516301
0.144480 0.446107 0.516301
0.144480 0.446107 0.516301
0.144480 0.446107 0.516301
0.144480 0.446107 0.516301
0.144480 0.446107 0.516301
0.144480 0.446107 0.516301
140 155
154 155
150 151
807 869
827 888
806 807
848 868
808 870
849 889
809 871
850 890
830 831
842 843
810 871
851 891
811 872
852 892
852 893
853 894
812 873
835 836
838 840
845 847
846 848
854 895
813 874
856 897
858 898
815 876
815 877
817 879
834 835
839 841
857 898
816 878
855 896
814 875
859 899
818 880
861 901
820 882
828 829
844 845
821 882
862 902
860 900
819 881
822 883
863 903
863 904
829 830
843 844
824 885
865 906
823 884
864 905
825 886
866 907
826 887
826 888
867 908
831 833
832 834
841 842
836 837
837 838
389 390
138 139
140 141
92 93
79 80
83 92
65 74
41 81
54 55
78 79
204 209
149 170
168 169
137 184
773 774
757 759
763 776
19 21
29 64
171 175
144 183
524 525
523 527
518 522
607 609
611 615
22 28
694 695
20 28
69 83
697 699
53 54
700 701
181 186
185 191
403 419
402 420
17 18
176 187
189 190
18 26
61 68
68 77
177 178
344 345
56 188
156 159
95 107
40 42
31 32
52 53
59 72
27 58
329 337
147 149
169 203
59 60
121 129
133 134
134 158
172 190
174 187
324 339
34 71
14 15
122 123
199 200
35 36
33 34
36 51
143 209
331 338
629 692
676 696
42 43
109 110
49 108
37 48
73 142
412 435
661 695
173 174
325 341
435 437
48 50
392 436
617 619
113 116
16 50
114 115
44 45
312 345
66 67
39 62
38 39
46 47
410 417
90 142
218 231
219 220
15 16
226 227
160 161
126 127
622 630
618 620
180 198
205 210
318 339
63 105
342 343
153 198
616 697
487 520
517 519
445 522
323 327
393 412
57 132
636 677
637 640
606 608
621 622
638 639
330 331
630 702
641 701
333 335
539 574
541 544
391 392
455 458
620 623
491 492
546 591
589 590
543 545
548 592
131 161
135 136
350 351
446 490
452 454
540 541
675 676
334 336
502 503
328 355
457 459
462 504
128 203
147 148
217 218
453 455
130 131
136 144
588 589
529 530
493 495
179 180
207 210
451 500
182 193
192 194
443 445
640 646
638 645
468 494
665 668
460 463
501 502
666 667
627 628
659 660
530 586
450 451
497 498
498 499
340 341
413 437
448 453
496 497
494 496
690 691
466 470
505 507
533 540
536 606
570 571
464 466
528 531
572 573
537 587
585 586
624 626
461 462
289 306
302 303
575 576
449 517
442 444
485 488
467 506
471 472
580 582
465 472
554 555
227 230
248 249
584 585
473 474
508 509
581 583
577 579
555 578
583 584
250 253
569 570
532 533
245 305
258 259
483 486
444 516
484 485
237 238
664 666
742 749
415 438
481 483
75 76
447 456
663 664
474 476
513 515
535 542
547 551
357 358
410 411
478 482
512 514
223 230
249 251
469 510
684 688
477 480
538 604
568 569
312 313
603 605
504 525
503 526
489 527
458 523
511 512
625 662
475 479
510 511
645 647
648 650
683 684
232 234
255 256
649 651
549 552
593 594
157 211
175 206
545 612
574 615
591 613
565 568
351 356
669 671
343 361
418 434
290 296
267 284
562 563
596 597
601 602
631 632
553 556
560 561
556 598
564 566
598 599
566 567
599 600
628 634
658 659
534 535
722 725
761 771
558 559
595 596
242 243
388 390
633 678
643 647
375 382
421 430
550 557
723 724
715 716
430 431
321 440
673 674
670 674
229 233
319 385
398 399
635 672
215 216
740 741
394 416
642 650
681 683
273 281
644 649
679 682
235 236
240 241
749 750
348 387
631 680
371 372
313 317
362 363
652 654
688 689
224 246
215 225
743 746
335 360
378 380
423 441
360 387
91 177
409 421
420 424
239 241
744 745
751 752
352 376
656 657
686 687
653 657
685 686
655 658
315 316
368 369
426 427
288 290
366 374
396 397
263 266
244 245
293 304
322 326
332 362
268 282
365 367
276 282
383 384
718 724
745 752
354 356
314 317
725 735
326 370
404 414
254 257
364 365
401 402
377 385
361 368
427 434
117 118
309 310
119 214
359 380
710 712
373 376
353 354
395 400
379 440
432 433
381 386
252 265
271 311
429 439
319 320
221 243
346 349
220 264
347 348
167 200
399 405
728 735
425 428
406 408
713 714
709 710
407 408
726 732
124 128
396 422
119 120
228 229
222 228
82 84
719 720
765 774
714 768
762 763
727 801
775 805
737 748
707 764
0 97
703 704
259 307
299 305
98 99
104 106
94 97
102 110
390 422
23 25
764 779
145 213
162 163
704 705
720 760
730 731
0 1
98 101
100 101
755 756
753 758
87 94
125 212
90 201
247 269
256 283
238 279
747 754
2 13
7 102
146 152
115 120
738 739
163 164
5 7
123 126
196 197
7 111
12 96
1 101
767 770
270 272
11 103
291 294
279 280
283 285
274 277
70 137
8 87
729 786
773 790
759 796
233 278
24 86
316 322
261 262
260 263
275 276
196 202
349 381
286 287
2 3
692 693
262 265
287 288
294 295
697 698
89 166
521 522
721 783
291 292
296 297
299 300
306 308
4 30
111 112
801 803
739 794
609 610
614 615
760 803
766 804
799 800
298 301
711 791
798 802
756 799
717 797
165 166
736 784
792 793
6 7
731 781
769 778
786 787
789 790
795 796
782 783
733 797
708 782
741 772
777 778
793 794
770 789
780 787
112 208
788 789
734 781
772 778
9 23
195 196
408 439
706 785
10 11
85 88
