6319750395105226002 1020 600
-0.146894 0.088851 0.771633
-0.153743 0.082970 0.741936
-0.157086 0.089371 0.804509
-0.155590 0.084455 0.804971
-0.166863 0.085098 0.824283
-0.164965 0.080429 0.823940
-0.175722 0.070006 0.844464
-0.187517 0.061860 0.858752
-0.192608 0.051341 0.867735
-0.188764 0.049118 0.868156
-0.194035 0.030643 0.874141
-0.202019 0.008665 0.877480
-0.202512 -0.011200 0.879682
-0.198869 -0.034294 0.880192
-0.195069 -0.034126 0.878885
-0.190552 -0.050478 0.875203
-0.183992 -0.075501 0.860270
-0.176632 -0.088530 0.847188
-0.167555 -0.099789 0.828530
-0.166131 -0.095140 0.827904
-0.158941 -0.101030 0.810792
-0.155060 -0.109234 0.792751
-0.165095 -0.103338 0.747903
-0.164481 -0.098701 0.744655
-0.173023 -0.093589 0.720920
-0.154481 -0.108897 0.776910
-0.186703 -0.091908 0.656472
-0.203939 0.015908 0.621219
-0.197266 0.035658 0.622064
-0.188690 0.052434 0.630761
-0.211186 -0.025072 0.624885
-0.208118 -0.047580 0.627718
-0.172394 0.068761 0.682346
-0.173077 0.068170 0.679243
-0.181589 -0.098195 0.686114
-0.180458 -0.093743 0.686686
-0.166255 0.074421 0.713276
-0.172318 0.065742 0.682983
-0.172910 0.065128 0.679939
-0.028875 -0.015945 0.729036
-0.029860 -0.015901 0.726431
-0.032193 -0.027547 0.726698
-0.022894 -0.014984 0.727931
-0.023763 -0.015001 0.725394
-0.026529 0.015130 0.723240
-0.024353 0.015603 0.724960
-0.023722 0.000628 0.722980
-0.021332 0.000836 0.724784
-0.031063 0.032831 0.724472
-0.030571 0.032938 0.727234
-0.027572 0.015542 0.725007
-0.026956 0.015663 0.727640
-0.028946 0.034879 0.723433
-0.028275 0.035166 0.726312
-0.054296 0.070055 0.725233
-0.057310 0.068609 0.726910
-0.053634 0.070257 0.728141
-0.056634 0.068832 0.729740
-0.049923 0.071050 0.757833
-0.047063 0.072261 0.757019
-0.045515 0.071606 0.760611
-0.044281 0.067565 0.760967
-0.029363 0.041017 0.759259
-0.023757 0.035964 0.757972
-0.021280 0.038317 0.757717
-0.021606 0.038023 0.754891
-0.025681 0.034008 0.754653
-0.054310 0.068417 0.723983
-0.057229 0.067199 0.725484
-0.053023 0.063773 0.723999
-0.052105 0.060328 0.724117
-0.055975 0.062463 0.725401
-0.055124 0.058937 0.725290
-0.035858 0.040640 0.722364
-0.037579 0.037881 0.722735
-0.030930 0.039244 0.755574
-0.048823 0.066233 0.758020
-0.055761 0.063308 0.727667
-0.055392 0.059147 0.727533
-0.036449 0.037661 0.725209
-0.055126 0.063576 0.730444
-0.036960 -0.025587 0.665456
-0.042904 -0.027035 0.664659
-0.042050 -0.027021 0.667512
-0.034264 -0.009807 0.663651
-0.037305 0.005559 0.664089
-0.035559 -0.010041 0.667045
-0.038549 0.005115 0.667682
-0.045868 0.018662 0.667360
-0.040990 0.004956 0.666422
-0.046290 0.018462 0.664388
-0.044223 0.004199 0.668300
-0.076048 -0.095754 0.673581
-0.064173 -0.080324 0.671749
-0.130193 -0.117437 0.680219
-0.058386 -0.061887 0.671294
-0.078289 -0.093317 0.674993
-0.067020 -0.078176 0.672877
-0.182097 -0.097570 0.683170
-0.185258 -0.086709 0.654955
-0.168145 -0.101605 0.653820
-0.169885 -0.105034 0.655164
-0.129412 -0.113823 0.681679
-0.052645 0.003111 0.636453
-0.046488 0.003823 0.635446
-0.043823 -0.010999 0.635091
-0.054327 0.002487 0.637531
-0.054533 0.002566 0.639398
-0.051713 0.003241 0.638523
-0.050116 0.016651 0.637434
-0.047741 0.004120 0.637163
-0.040288 -0.011076 0.668988
-0.042073 -0.011260 0.668965
-0.051760 0.015011 0.669036
-0.046820 0.003376 0.668312
-0.090903 0.061654 0.640563
-0.107993 0.069283 0.642265
-0.128815 0.070142 0.644842
-0.128227 0.073544 0.644544
-0.178276 0.059556 0.652336
-0.020837 0.016871 0.753774
-0.032577 0.031297 0.756344
-0.027065 0.014770 0.755571
-0.025347 -0.027204 0.756726
-0.019090 -0.016377 0.754901
-0.035656 -0.026631 0.726550
-0.033700 -0.015244 0.726561
-0.129693 -0.111772 0.741051
-0.152045 -0.104725 0.743658
-0.129327 -0.108086 0.739711
-0.150767 -0.100906 0.742372
-0.025347 -0.027204 0.756726
-0.058386 -0.061887 0.671294
-0.067020 -0.078176 0.672877
-0.129412 -0.113823 0.681679
-0.148266 -0.111649 0.683725
-0.165114 -0.104431 0.685328
-0.180908 -0.093084 0.683712
-0.086887 0.062120 0.672365
-0.034134 0.013634 0.725536
-0.032055 0.014145 0.724494
-0.031736 -0.000017 0.725641
-0.030235 -0.000100 0.724354
-0.034315 0.014083 0.727558
-0.031683 0.014993 0.725575
-0.045727 0.052127 0.730844
-0.037550 0.047368 0.728723
-0.046231 0.051855 0.728112
-0.038173 0.047147 0.725998
-0.030519 0.036758 0.723552
-0.032713 0.035720 0.724628
-0.029827 0.037008 0.726502
-0.032012 0.035988 0.727511
-0.022955 0.039492 0.755796
-0.027567 0.043033 0.756715
-0.047684 0.057178 0.727445
-0.054357 0.065695 0.728139
-0.053722 0.065883 0.730781
-0.052444 0.067528 0.726641
-0.052716 0.066553 0.727530
-0.034009 0.045314 0.760237
-0.043191 0.053415 0.761314
-0.044562 0.052678 0.757556
-0.040366 0.055032 0.760587
-0.040727 0.054825 0.757962
-0.028587 0.043190 0.756379
-0.025046 0.038647 0.756134
-0.031363 0.049564 0.755773
-0.040579 0.042427 0.758032
-0.045704 0.058640 0.762080
-0.042826 0.060449 0.757679
-0.042137 0.060948 0.756990
-0.045062 0.065855 0.758008
-0.047414 0.067752 0.757019
-0.045947 0.068502 0.757229
-0.042031 0.045527 0.722971
-0.043880 0.043306 0.723670
-0.047654 0.050803 0.724069
-0.050723 0.049201 0.724685
-0.050513 0.049308 0.727587
-0.036117 0.036647 0.757517
-0.040579 0.042427 0.758032
-0.047554 0.051223 0.727358
-0.049484 0.056143 0.727021
-0.053468 0.053648 0.725351
-0.053563 0.053601 0.727899
-0.041206 0.045599 0.725278
-0.035905 0.040306 0.724846
-0.051609 0.063511 0.726786
-0.050930 0.060550 0.726837
-0.046994 0.057757 0.757944
-0.044562 0.052678 0.757556
-0.046848 0.063161 0.762032
-0.048118 0.063060 0.757751
-0.048850 0.062666 0.754708
-0.046820 0.003376 0.668312
-0.051760 0.015011 0.669036
-0.043786 0.021519 0.668678
-0.044261 0.021288 0.665565
-0.043689 0.021863 0.671559
-0.045417 0.019044 0.671869
-0.051187 0.016856 0.635213
-0.049458 0.019334 0.634911
-0.048567 0.019194 0.637334
-0.045640 0.022624 0.669459
-0.047531 0.021434 0.665907
-0.047136 0.021531 0.669026
-0.051349 0.032235 0.665728
-0.050916 0.032298 0.668794
-0.062038 0.045332 0.669015
-0.062859 0.036330 0.666829
-0.062375 0.036478 0.669910
-0.065331 0.051803 0.668773
-0.069051 0.054564 0.669601
-0.069600 0.054236 0.666599
-0.069184 0.055977 0.669900
-0.071402 0.057339 0.670273
-0.073767 0.056161 0.667428
-0.073298 0.056394 0.670534
-0.076201 0.054996 0.638998
-0.078022 0.054050 0.639256
-0.078228 0.053579 0.636726
-0.077806 0.051740 0.635694
-0.076085 0.047023 0.635926
-0.073912 0.053544 0.638656
-0.072335 0.048272 0.638717
-0.066524 0.042073 0.639472
-0.074572 0.051263 0.639377
-0.073403 0.039045 0.636426
-0.067440 0.050595 0.670439
-0.064571 0.043819 0.670365
-0.064901 0.044057 0.673360
-0.070446 0.049451 0.673759
-0.072474 0.055596 0.673350
-0.070602 0.056638 0.673156
-0.071795 0.052855 0.673596
-0.069178 0.054748 0.673326
-0.073541 0.054077 0.670724
-0.055445 0.035916 0.668977
-0.055279 0.031668 0.637932
-0.058024 0.027481 0.637356
-0.059501 0.034460 0.638510
-0.062806 0.031231 0.638003
-0.067251 0.034989 0.638895
-0.051111 0.020562 0.637619
-0.061684 0.037181 0.673470
-0.058663 0.027032 0.635305
-0.063208 0.030934 0.635727
-0.049917 0.020553 0.637514
-0.061308 0.025457 0.635750
-0.065930 0.029359 0.636241
-0.061256 0.025193 0.637876
-0.065772 0.029097 0.638656
-0.070365 0.032984 0.639895
-0.076344 0.047005 0.638696
-0.055795 0.026874 0.670163
-0.061303 0.031705 0.670314
-0.065504 0.035086 0.670477
-0.069057 0.042143 0.670666
-0.052893 0.029706 0.672574
-0.057689 0.033784 0.673063
-0.058577 0.025696 0.669704
-0.062530 0.030951 0.670199
-0.067280 0.028076 0.639536
-0.065504 0.035086 0.670477
-0.069057 0.042143 0.670666
-0.071109 0.049401 0.670682
-0.080574 0.050944 0.639421
-0.073541 0.054077 0.670724
-0.074201 0.053784 0.667790
-0.153622 -0.101744 0.775769
-0.181592 -0.072660 0.859399
-0.162692 -0.094133 0.743878
-0.201500 0.015285 0.625265
-0.206602 -0.001730 0.627106
-0.204966 -0.046515 0.631884
-0.196750 -0.067435 0.635918
-0.185258 -0.086709 0.654955
-0.185258 -0.086709 0.654955
-0.190575 -0.079461 0.643428
-0.196750 -0.067435 0.635918
-0.154185 -0.097340 0.776031
-0.147135 0.082621 0.771775
-0.148690 0.085056 0.787009
-0.185855 0.048288 0.632900
-0.178276 0.059556 0.652336
-0.177179 0.054883 0.651995
-0.165183 0.068270 0.713832
-0.175722 0.070006 0.844464
-0.164965 0.080429 0.823940
-0.155590 0.084455 0.804971
-0.151531 0.074790 0.740486
-0.165183 0.068270 0.713832
-0.171424 0.060815 0.683190
-0.175564 -0.084065 0.845542
-0.188764 0.049118 0.868156
-0.194035 0.030643 0.874141
-0.198781 -0.011388 0.878762
-0.195069 -0.034126 0.878885
-0.206602 -0.001730 0.627106
-0.208472 -0.024209 0.629322
-0.204966 -0.046515 0.631884
-0.171424 0.060815 0.683190
-0.162692 -0.094133 0.743878
-0.173023 -0.093589 0.720920
-0.180458 -0.093743 0.686686
-0.054507 0.059623 0.731212
-0.033700 -0.015244 0.726561
-0.040246 0.029399 0.727788
-0.034315 0.014083 0.727558
-0.042730 0.034501 0.727958
-0.046873 0.040936 0.728010
-0.053563 0.053601 0.727899
-0.055392 0.059147 0.727533
-0.168145 -0.101605 0.653820
-0.184680 -0.087555 0.658774
-0.185258 -0.086709 0.654955
-0.133190 -0.114279 0.650242
-0.151897 -0.110545 0.652129
-0.072929 -0.079889 0.641927
-0.059200 -0.044738 0.639091
-0.065292 -0.062898 0.640219
-0.054533 0.002566 0.639398
-0.057342 0.012995 0.639041
-0.063674 0.023398 0.639189
-0.067280 0.028076 0.639536
-0.073624 0.039046 0.639659
-0.076344 0.047005 0.638696
-0.080574 0.050944 0.639421
-0.109505 0.066293 0.642321
-0.128815 0.070142 0.644842
-0.013958 0.002088 0.751446
-0.021425 0.016755 0.751264
-0.023615 0.039253 0.752982
-0.031957 0.049353 0.753175
-0.048020 0.067573 0.754499
-0.047694 0.072068 0.754246
-0.050568 0.070837 0.755135
-0.049428 0.065977 0.755372
-0.014213 -0.014781 0.753096
-0.017944 0.016817 0.755144
-0.014635 0.001840 0.754537
-0.178521 0.063460 0.654503
-0.177628 0.060229 0.655669
-0.077508 0.054305 0.642658
-0.075679 0.055251 0.642400
-0.073398 0.053809 0.642054
-0.073972 0.051622 0.642664
-0.066721 0.035151 0.642268
-0.059060 0.034618 0.641823
-0.054805 0.031737 0.641288
-0.050679 0.020667 0.641034
-0.049654 0.016869 0.640688
-0.041256 -0.010758 0.637642
-0.044316 0.004422 0.638180
-0.186147 -0.092592 0.659696
-0.050649 -0.027163 0.638787
-0.045700 -0.026745 0.637576
-0.061526 -0.064113 0.641454
-0.055489 -0.045631 0.639845
-0.079905 -0.097791 0.645532
-0.152936 -0.113819 0.653592
-0.133271 -0.118258 0.651915
-0.171963 0.060259 0.680266
-0.180908 -0.093084 0.683712
-0.184680 -0.087555 0.658774
-0.155042 -0.097017 0.772794
-0.154569 -0.101478 0.773055
-0.163487 -0.098979 0.747502
-0.019591 0.000601 0.756995
-0.023058 0.015509 0.757059
-0.025738 0.014647 0.757023
-0.032452 -0.000628 0.726747
-0.019860 -0.000147 0.755635
-0.016356 0.000816 0.753323
-0.024088 -0.000931 0.755684
-0.024088 -0.000931 0.755684
-0.025671 -0.000124 0.724758
-0.023758 0.000071 0.727020
-0.040833 -0.011864 0.667711
-0.038213 -0.010962 0.665675
-0.045388 -0.025849 0.668778
-0.043930 -0.011644 0.668475
-0.054307 -0.026719 0.638477
-0.054307 -0.026719 0.638477
-0.050397 -0.012109 0.638215
-0.046089 -0.011833 0.637207
-0.027065 0.014770 0.755571
-0.152888 0.078934 0.741943
-0.133677 0.082685 0.738488
-0.151531 0.074790 0.740486
-0.133220 0.079426 0.737418
-0.146206 0.079360 0.772832
-0.126808 0.083601 0.769296
-0.146206 0.079360 0.772832
-0.147135 0.082621 0.771775
-0.147282 0.082646 0.768667
-0.152048 0.079575 0.744277
-0.065665 0.074626 0.759780
-0.084192 0.082950 0.762557
-0.084192 0.082950 0.762557
-0.090915 0.077021 0.731187
-0.090915 0.077021 0.731187
-0.073052 0.069340 0.729351
-0.123304 0.076192 0.675480
-0.123470 0.072722 0.676712
-0.086010 0.064464 0.671628
-0.086887 0.062120 0.672365
-0.050764 -0.080858 0.760490
-0.052656 -0.079007 0.761786
-0.065757 -0.094470 0.762933
-0.052656 -0.079007 0.761786
-0.067088 -0.092641 0.764221
-0.059956 -0.078514 0.730553
-0.073594 -0.092733 0.733123
-0.071437 -0.095487 0.733270
-0.073594 -0.092733 0.733123
-0.083908 -0.102727 0.766793
-0.103629 -0.108275 0.769533
-0.083908 -0.102727 0.766793
-0.103629 -0.108275 0.769533
-0.089400 -0.103162 0.735660
-0.108994 -0.108702 0.737524
-0.087332 -0.106635 0.735554
-0.089400 -0.103162 0.735660
-0.124199 -0.111182 0.771787
-0.144601 -0.105768 0.774608
-0.144283 -0.102028 0.774638
-0.123610 -0.107963 0.772084
-0.144283 -0.102028 0.774638
-0.129327 -0.108086 0.739711
-0.151897 -0.110545 0.652129
-0.133190 -0.114279 0.650242
-0.072929 -0.079889 0.641927
-0.082853 -0.095462 0.643902
-0.059200 -0.044738 0.639091
-0.065292 -0.062898 0.640219
-0.105043 0.085306 0.765606
-0.105043 0.085306 0.765606
-0.111237 0.080540 0.734014
-0.111147 0.083693 0.735136
-0.143939 0.074993 0.678244
-0.143279 0.071478 0.679226
-0.162065 0.065570 0.681755
-0.162065 0.065570 0.681755
-0.167212 0.061254 0.650005
-0.148405 0.068574 0.647223
-0.168470 0.065306 0.650515
-0.177628 0.060229 0.655669
-0.178276 0.059556 0.652336
-0.172910 0.065128 0.679939
-0.172318 0.065742 0.682983
-0.171424 0.060815 0.683190
-0.171963 0.060259 0.680266
-0.171424 0.060815 0.683190
-0.176486 0.055597 0.655749
-0.177179 0.054883 0.651995
-0.153622 -0.101744 0.775769
-0.154569 -0.101478 0.773055
-0.164481 -0.098701 0.744655
-0.162692 -0.094133 0.743878
-0.161656 -0.094523 0.747792
-0.155042 -0.097017 0.772794
-0.154185 -0.097340 0.776031
-0.040486 -0.063772 0.759745
-0.037979 -0.065657 0.758542
-0.046170 -0.064713 0.728935
-0.029871 -0.046315 0.758240
-0.037140 -0.046696 0.727373
-0.026881 -0.047632 0.756842
-0.029871 -0.046315 0.758240
-0.110465 -0.115320 0.677852
-0.110603 -0.112257 0.679726
-0.113249 -0.117790 0.650083
-0.091107 -0.107433 0.675523
-0.094026 -0.110408 0.647691
0.146894 0.088851 0.771633
0.153743 0.082970 0.741936
0.171587 0.081107 0.743874
0.148690 0.085056 0.787009
0.155590 0.084455 0.804971
0.164965 0.080429 0.823940
0.178454 0.074401 0.844528
0.187517 0.061860 0.858752
0.183129 0.060018 0.858666
0.188764 0.049118 0.868156
0.194035 0.030643 0.874141
0.202019 0.008665 0.877480
0.202512 -0.011200 0.879682
0.198781 -0.011388 0.878762
0.195069 -0.034126 0.878885
0.193559 -0.052160 0.876254
0.181592 -0.072660 0.859399
0.183992 -0.075501 0.860270
0.175564 -0.084065 0.845542
0.176632 -0.088530 0.847188
0.167555 -0.099789 0.828530
0.158941 -0.101030 0.810792
0.154508 -0.103435 0.792828
0.165095 -0.103338 0.747903
0.174128 -0.100675 0.720942
0.202942 -0.055476 0.864304
0.194643 -0.075643 0.853743
0.154481 -0.108897 0.776910
0.186703 -0.091908 0.656472
0.203939 0.015908 0.621219
0.197266 0.035658 0.622064
0.188690 0.052434 0.630761
0.179269 0.062813 0.651106
0.211186 -0.025072 0.624885
0.209314 -0.001488 0.622474
0.172394 0.068761 0.682346
0.173077 0.068170 0.679243
0.182097 -0.097570 0.683170
0.181589 -0.098195 0.686114
0.180889 0.073351 0.712930
0.152888 0.078934 0.741943
0.172318 0.065742 0.682983
0.172910 0.065128 0.679939
0.144708 -0.108279 0.743069
0.124282 -0.113030 0.740324
0.103623 -0.112627 0.737771
0.084787 -0.105698 0.735207
0.056560 -0.079578 0.730787
0.045174 -0.063288 0.728757
0.035244 -0.042779 0.727046
0.029860 -0.015901 0.726431
0.028875 -0.015945 0.729036
0.022894 -0.014984 0.727931
0.021332 0.000836 0.724784
0.024353 0.015603 0.724960
0.023722 0.000628 0.722980
0.026529 0.015130 0.723240
0.030571 0.032938 0.727234
0.027572 0.015542 0.725007
0.031063 0.032831 0.724472
0.028946 0.034879 0.723433
0.054296 0.070055 0.725233
0.057310 0.068609 0.726910
0.056634 0.068832 0.729740
0.045515 0.071606 0.760611
0.048636 0.070417 0.761649
0.047063 0.072261 0.757019
0.049923 0.071050 0.757833
0.047620 0.066114 0.761906
0.026841 0.043425 0.758589
0.023757 0.035964 0.757972
0.021280 0.038317 0.757717
0.025681 0.034008 0.754653
0.021606 0.038023 0.754891
0.054310 0.068417 0.723983
0.053023 0.063773 0.723999
0.055975 0.062463 0.725401
0.055124 0.058937 0.725290
0.035858 0.040640 0.722364
0.037579 0.037881 0.722735
0.029957 0.035229 0.721546
0.030930 0.039244 0.755574
0.048823 0.066233 0.758020
0.055392 0.059147 0.727533
0.036449 0.037661 0.725209
0.115927 0.084268 0.735824
0.139228 0.082191 0.739321
0.042904 -0.027035 0.664659
0.036960 -0.025587 0.665456
0.042050 -0.027021 0.667512
0.034264 -0.009807 0.663651
0.035559 -0.010041 0.667045
0.037305 0.005559 0.664089
0.038549 0.005115 0.667682
0.041474 0.004841 0.663658
0.040990 0.004956 0.666422
0.045868 0.018662 0.667360
0.044223 0.004199 0.668300
0.045788 -0.038510 0.668247
0.051709 -0.055722 0.669407
0.059966 -0.073556 0.670997
0.070143 -0.089928 0.672815
0.097150 -0.111279 0.676299
0.115920 -0.116976 0.678488
0.168620 -0.106622 0.684672
0.181589 -0.098195 0.686114
0.157414 0.071956 0.680283
0.172318 0.065742 0.682983
0.072876 -0.087354 0.673895
0.049112 -0.037323 0.669501
0.062893 -0.071709 0.672161
0.098396 -0.108738 0.678260
0.085332 -0.104204 0.646401
0.087884 -0.101523 0.644810
0.154696 -0.109902 0.652412
0.136543 -0.114075 0.650581
0.169926 -0.100505 0.654006
0.185258 -0.086709 0.654955
0.115605 -0.113700 0.680327
0.132678 -0.113852 0.681999
0.151107 -0.111248 0.684040
0.166970 -0.103528 0.685499
0.180458 -0.093743 0.686686
0.043823 -0.010999 0.635091
0.046488 0.003823 0.635446
0.050585 -0.011810 0.636308
0.052069 -0.011800 0.637297
0.054327 0.002487 0.637531
0.054533 0.002566 0.639398
0.047741 0.004120 0.637163
0.050116 0.016651 0.637434
0.040288 -0.011076 0.668988
0.042073 -0.011260 0.668965
0.045717 0.003064 0.669089
0.046820 0.003376 0.668312
0.051760 0.015011 0.669036
0.078022 0.054050 0.639256
0.097913 0.065793 0.641275
0.099865 0.063026 0.640976
0.118886 0.073055 0.643335
0.119921 0.069824 0.643774
0.141072 0.070580 0.646314
0.162615 0.068739 0.649427
0.171424 0.060815 0.683190
0.156478 0.068409 0.680898
0.178276 0.059556 0.652336
0.178276 0.059556 0.652336
0.185855 0.048288 0.632900
0.133028 0.086287 0.769394
0.109840 0.089018 0.765878
0.138664 0.078888 0.738274
0.020837 0.016871 0.753774
0.023712 0.016065 0.755376
0.032577 0.031297 0.756344
0.027065 0.014770 0.755571
0.024523 -0.043695 0.756481
0.019090 -0.016377 0.754901
0.036870 -0.064308 0.758374
0.064354 -0.093543 0.762682
0.065709 -0.091756 0.764008
0.081507 -0.101899 0.766455
0.099276 -0.108029 0.768960
0.118266 -0.109105 0.771460
0.118766 -0.112277 0.771018
0.038215 -0.041524 0.726536
0.047784 -0.061421 0.728240
0.058850 -0.077322 0.730343
0.072308 -0.091817 0.732901
0.124137 -0.109233 0.739072
0.104492 -0.108544 0.737064
0.162692 -0.094133 0.743878
0.164481 -0.098701 0.744655
0.027615 -0.042513 0.757926
0.023612 -0.015499 0.755809
0.039431 -0.062421 0.759569
0.081507 -0.101899 0.766455
0.099276 -0.108029 0.768960
0.049112 -0.037323 0.669501
0.054970 -0.054442 0.670637
0.062893 -0.071709 0.672161
0.083776 -0.099361 0.676107
0.098396 -0.108738 0.678260
0.132678 -0.113852 0.681999
0.151107 -0.111248 0.684040
0.166970 -0.103528 0.685499
0.180458 -0.093743 0.686686
0.132151 0.082981 0.770239
0.109722 0.085585 0.766281
0.073541 0.054077 0.670724
0.074201 0.053784 0.667790
0.114559 0.072353 0.675580
0.135751 0.073229 0.678272
0.171424 0.060815 0.683190
0.171963 0.060259 0.680266
0.032055 0.014145 0.724494
0.034134 0.013634 0.725536
0.034315 0.014083 0.727558
0.040246 0.029399 0.727788
0.038173 0.047147 0.725998
0.037550 0.047368 0.728723
0.046231 0.051855 0.728112
0.032012 0.035988 0.727511
0.032713 0.035720 0.724628
0.030519 0.036758 0.723552
0.022955 0.039492 0.755796
0.027567 0.043033 0.756715
0.047684 0.057178 0.727445
0.054357 0.065695 0.728139
0.053722 0.065883 0.730781
0.051799 0.067683 0.729481
0.052716 0.066553 0.727530
0.052444 0.067528 0.726641
0.035281 0.044724 0.756002
0.044562 0.052678 0.757556
0.040366 0.055032 0.760587
0.032137 0.047659 0.757313
0.040727 0.054825 0.757962
0.028587 0.043190 0.756379
0.025046 0.038647 0.756134
0.031363 0.049564 0.755773
0.040579 0.042427 0.758032
0.045704 0.058640 0.762080
0.042826 0.060449 0.757679
0.042137 0.060948 0.756990
0.045062 0.065855 0.758008
0.047414 0.067752 0.757019
0.044464 0.063634 0.758079
0.045947 0.068502 0.757229
0.050723 0.049201 0.724685
0.043880 0.043306 0.723670
0.047654 0.050803 0.724069
0.050513 0.049308 0.727587
0.042887 0.043414 0.726100
0.040579 0.042427 0.758032
0.036117 0.036647 0.757517
0.049484 0.056143 0.727021
0.047554 0.051223 0.727358
0.050711 0.055066 0.724317
0.053563 0.053601 0.727899
0.041206 0.045599 0.725278
0.035905 0.040306 0.724846
0.050930 0.060550 0.726837
0.046994 0.057757 0.757944
0.046848 0.063161 0.762032
0.048118 0.063060 0.757751
0.048118 0.063060 0.757751
0.046820 0.003376 0.668312
0.051760 0.015011 0.669036
0.044261 0.021288 0.665565
0.045417 0.019044 0.671869
0.043689 0.021863 0.671559
0.048567 0.019194 0.637334
0.049458 0.019334 0.634911
0.051187 0.016856 0.635213
0.046064 0.022419 0.666286
0.047531 0.021434 0.665907
0.047136 0.021531 0.669026
0.051349 0.032235 0.665728
0.062859 0.036330 0.666829
0.062038 0.045332 0.669015
0.062375 0.036478 0.669910
0.065331 0.051803 0.668773
0.069051 0.054564 0.669601
0.069184 0.055977 0.669900
0.071879 0.057107 0.667167
0.073767 0.056161 0.667428
0.073298 0.056394 0.670534
0.076459 0.054522 0.636458
0.078228 0.053579 0.636726
0.077806 0.051740 0.635694
0.076085 0.047023 0.635926
0.073912 0.053544 0.638656
0.072335 0.048272 0.638717
0.066524 0.042073 0.639472
0.069035 0.039956 0.639071
0.070844 0.039642 0.635790
0.067440 0.050595 0.670439
0.064571 0.043819 0.670365
0.067635 0.050940 0.673375
0.067894 0.042709 0.673958
0.070602 0.056638 0.673156
0.069178 0.054748 0.673326
0.073541 0.054077 0.670724
0.055279 0.031668 0.637932
0.059501 0.034460 0.638510
0.058024 0.027481 0.637356
0.067251 0.034989 0.638895
0.051111 0.020562 0.637619
0.061684 0.037181 0.673470
0.064607 0.035381 0.673964
0.063208 0.030934 0.635727
0.058663 0.027032 0.635305
0.067744 0.034618 0.636030
0.061308 0.025457 0.635750
0.065930 0.029359 0.636241
0.065772 0.029097 0.638656
0.070365 0.032984 0.639895
0.073624 0.039046 0.639659
0.076344 0.047005 0.638696
0.052870 0.029543 0.670092
0.057706 0.033674 0.670438
0.061303 0.031705 0.670314
0.065504 0.035086 0.670477
0.069057 0.042143 0.670666
0.071109 0.049401 0.670682
0.057689 0.033784 0.673063
0.058577 0.025696 0.669704
0.062530 0.030951 0.670199
0.058577 0.025696 0.669704
0.063674 0.023398 0.639189
0.067280 0.028076 0.639536
0.147135 0.082621 0.771775
0.153622 -0.101744 0.775769
0.190552 -0.050478 0.875203
0.193546 0.033111 0.626602
0.201500 0.015285 0.625265
0.206602 -0.001730 0.627106
0.208472 -0.024209 0.629322
0.204966 -0.046515 0.631884
0.190575 -0.079461 0.643428
0.185258 -0.086709 0.654955
0.190575 -0.079461 0.643428
0.196750 -0.067435 0.635918
0.154185 -0.097340 0.776031
0.153622 -0.101744 0.775769
0.154508 -0.103435 0.792828
0.146206 0.079360 0.772832
0.148690 0.085056 0.787009
0.185855 0.048288 0.632900
0.177179 0.054883 0.651995
0.151531 0.074790 0.740486
0.165183 0.068270 0.713832
0.175722 0.070006 0.844464
0.164965 0.080429 0.823940
0.151531 0.074790 0.740486
0.165183 0.068270 0.713832
0.171424 0.060815 0.683190
0.158941 -0.101030 0.810792
0.166131 -0.095140 0.827904
0.175564 -0.084065 0.845542
0.198781 -0.011388 0.878762
0.197985 0.007720 0.877170
0.195069 -0.034126 0.878885
0.206602 -0.001730 0.627106
0.201500 0.015285 0.625265
0.208472 -0.024209 0.629322
0.204966 -0.046515 0.631884
0.193546 0.033111 0.626602
0.162692 -0.094133 0.743878
0.104492 -0.108544 0.737064
0.124137 -0.109233 0.739072
0.038215 -0.041524 0.726536
0.047784 -0.061421 0.728240
0.033700 -0.015244 0.726561
0.034315 0.014083 0.727558
0.046873 0.040936 0.728010
0.050513 0.049308 0.727587
0.055392 0.059147 0.727533
0.115812 0.081148 0.734680
0.169926 -0.100505 0.654006
0.185258 -0.086709 0.654955
0.136543 -0.114075 0.650581
0.119011 -0.115140 0.648809
0.087884 -0.101523 0.644810
0.077890 -0.089483 0.643007
0.062152 -0.055144 0.639502
0.057311 -0.038079 0.638829
0.052656 -0.012040 0.639320
0.054533 0.002566 0.639398
0.057342 0.012995 0.639041
0.063674 0.023398 0.639189
0.070365 0.032984 0.639895
0.073624 0.039046 0.639659
0.075714 0.047293 0.642546
0.076344 0.047005 0.638696
0.079728 0.051321 0.643188
0.099865 0.063026 0.640976
0.119921 0.069824 0.643774
0.161261 0.065057 0.648817
0.177179 0.054883 0.651995
0.020030 -0.016336 0.752417
0.015097 -0.014829 0.750706
0.013958 0.002088 0.751446
0.017251 0.017160 0.751745
0.022246 0.037749 0.752147
0.031957 0.049353 0.753175
0.048020 0.067573 0.754499
0.047694 0.072068 0.754246
0.139279 -0.108143 0.773923
0.049547 -0.079723 0.760294
0.014635 0.001840 0.754537
0.067650 0.079487 0.759390
0.087107 0.086989 0.762255
0.077508 0.054305 0.642658
0.075679 0.055251 0.642400
0.073398 0.053809 0.642054
0.066036 0.042427 0.642685
0.066721 0.035151 0.642268
0.059060 0.034618 0.641823
0.054805 0.031737 0.641288
0.049452 0.020778 0.640989
0.048047 0.019446 0.640743
0.047066 0.004251 0.640341
0.044316 0.004422 0.638180
0.044749 -0.026619 0.640608
0.050649 -0.027163 0.638787
0.045700 -0.026745 0.637576
0.053620 -0.038815 0.639416
0.058411 -0.056282 0.640515
0.074551 -0.091464 0.644676
0.146742 0.078900 0.769575
0.150883 0.075346 0.744424
0.155042 -0.097017 0.772794
0.161656 -0.094523 0.747792
0.154569 -0.101478 0.773055
0.163487 -0.098979 0.747502
0.019591 0.000601 0.756995
0.022150 -0.000111 0.756993
0.025738 0.014647 0.757023
0.032452 -0.000628 0.726747
0.016356 0.000816 0.753323
0.024088 -0.000931 0.755684
0.029981 -0.000601 0.725715
0.032452 -0.000628 0.726747
0.025671 -0.000124 0.724758
0.023758 0.000071 0.727020
0.016717 0.001008 0.750830
0.038213 -0.010962 0.665675
0.045388 -0.025849 0.668778
0.052656 -0.012040 0.639320
0.054307 -0.026719 0.638477
0.050397 -0.012109 0.638215
0.046089 -0.011833 0.637207
0.045233 -0.011738 0.640304
0.038995 -0.011048 0.662848
0.147282 0.082646 0.768667
0.151531 0.074790 0.740486
0.152888 0.078934 0.741943
0.146742 0.078900 0.769575
0.146206 0.079360 0.772832
0.147135 0.082621 0.771775
0.147282 0.082646 0.768667
0.152048 0.079575 0.744277
0.087367 0.084255 0.763053
0.093952 0.078241 0.731499
0.068527 0.076512 0.760111
0.068527 0.076512 0.760111
0.075932 0.071002 0.729647
0.135751 0.073229 0.678272
0.114559 0.072353 0.675580
0.092928 0.068856 0.672224
0.094150 0.066497 0.673258
0.051487 -0.077866 0.761587
0.138441 -0.104793 0.773816
0.143731 -0.104903 0.741484
0.153622 -0.101744 0.775769
0.154185 -0.097340 0.776031
0.161656 -0.094523 0.747792
0.162692 -0.094133 0.743878
0.119011 -0.115140 0.648809
0.077890 -0.089483 0.643007
0.069433 -0.073127 0.641166
0.062152 -0.055144 0.639502
0.149712 -0.505930 0.924828
0.064470 -0.524590 0.926632
0.024625 -0.524590 0.897683
-0.000000 -0.524590 0.893783
-0.024625 -0.524590 0.897683
-0.064470 -0.524590 0.926632
-0.075789 -0.524590 0.948847
-0.079690 -0.524590 0.973473
-0.064470 -0.524590 1.020313
-0.046840 -0.524590 1.037943
-0.024625 -0.524590 1.049262
0.024625 -0.524590 1.049262
0.046840 -0.524590 1.037943
0.075789 -0.524590 0.998098
0.079690 -0.524590 0.973473
0.075789 -0.524590 0.948847
0.219949 -0.475339 0.902007
0.219949 -0.475339 0.902007
0.284770 -0.433573 0.880945
0.342579 -0.381659 0.862162
0.391952 -0.320875 0.846120
0.431675 -0.252718 0.833213
0.431675 -0.252718 0.833213
0.460768 -0.178867 0.823760
0.478515 -0.101140 0.817994
0.484480 -0.021450 0.816056
0.478515 0.058239 0.817994
0.478515 0.058239 0.817994
0.460768 0.135967 0.823760
0.431675 0.209818 0.833213
0.391952 0.277975 0.846120
0.342579 0.338758 0.862162
0.342579 0.338758 0.862162
0.284770 0.390673 0.880945
0.219949 0.432439 0.902007
0.149712 0.463029 0.924828
0.149712 0.463029 0.924828
0.064470 0.481690 0.926632
0.046840 0.481690 0.909002
-0.000000 0.481690 0.893783
-0.024625 0.481690 0.897683
-0.046840 0.481690 0.909002
-0.075789 0.481690 0.948847
-0.079690 0.481690 0.973473
-0.075789 0.481690 0.998098
-0.046840 0.481690 1.037943
-0.024625 0.481690 1.049262
0.024625 0.481690 1.049262
0.046840 0.481690 1.037943
0.064470 0.481690 1.020313
0.079690 0.481690 0.973473
0.075789 0.481690 0.948847
-0.000000 -0.530862 0.973473
-0.000000 -0.530862 0.973473
-0.000000 -0.530862 0.973473
-0.000000 -0.530862 0.973473
-0.000000 -0.530862 0.973473
-0.000000 -0.530862 0.973473
-0.000000 -0.530862 0.973473
-0.000000 -0.530862 0.973473
-0.000000 -0.530862 0.973473
-0.000000 -0.530862 0.973473
-0.000000 -0.530862 0.973473
-0.000000 -0.530862 0.973473
-0.000000 -0.530862 0.973473
-0.000000 -0.530862 0.973473
-0.000000 -0.530862 0.973473
-0.000000 0.487962 0.973473
-0.000000 0.487962 0.973473
-0.000000 0.487962 0.973473
-0.000000 0.487962 0.973473
-0.000000 0.487962 0.973473
-0.000000 0.487962 0.973473
-0.000000 0.487962 0.973473
-0.000000 0.487962 0.973473
-0.000000 0.487962 0.973473
-0.000000 0.487962 0.973473
-0.000000 0.487962 0.973473
-0.000000 0.487962 0.973473
-0.000000 0.487962 0.973473
-0.000000 0.487962 0.973473
975 990
940 991
976 1006
954 1005
977 1007
939 955
973 974
942 993
978 1008
941 992
966 967
957 958
971 972
943 994
979 1009
969 970
946 997
982 1012
980 1010
983 1013
945 996
981 1011
944 995
961 962
947 998
949 1000
985 1015
948 999
984 1014
956 957
959 960
968 969
952 1003
950 1001
986 1016
951 1002
987 1017
988 1018
953 1004
989 1019
964 965
963 964
500 514
478 515
1 36
287 302
811 812
22 25
499 503
0 1
476 477
291 292
806 807
810 811
491 493
530 859
525 526
648 649
151 333
367 368
890 891
568 879
56 336
461 462
888 889
137 315
364 365
33 342
886 887
80 338
730 876
5 6
288 289
808 809
453 455
665 851
448 450
24 272
303 304
724 877
675 861
740 870
217 344
741 869
396 397
527 856
210 348
507 508
207 350
733 875
720 921
721 922
214 347
157 335
684 862
194 306
98 355
501 502
758 927
631 633
528 857
90 352
570 878
833 923
509 510
622 623
561 562
624 625
17 18
495 496
127 128
12 13
742 926
625 868
558 867
297 298
489 490
662 663
30 31
814 815
275 276
280 301
389 440
129 130
793 794
821 822
99 100
314 316
299 300
2 4
613 615
834 920
391 439
640 641
827 828
284 286
804 805
930 934
427 428
3 5
480 481
620 924
666 667
924 925
614 616
852 853
616 617
425 426
465 469
399 437
400 438
519 520
639 864
193 398
471 474
482 483
27 28
505 506
404 441
401 439
116 118
28 29
473 475
417 418
419 420
592 593
835 836
919 922
422 430
408 410
634 865
521 522
466 468
826 930
392 393
9 10
295 296
485 486
362 473
633 865
405 442
411 412
11 12
487 488
94 471
523 524
642 643
388 389
16 17
413 414
442 443
329 330
117 446
644 645
825 826
578 579
123 470
131 467
650 928
409 464
92 93
415 423
402 403
358 359
19 20
937 938
576 577
283 290
479 480
816 817
435 436
637 638
317 318
431 432
854 855
101 361
390 391
414 421
416 424
134 135
360 475
654 655
96 97
102 472
651 652
635 636
271 294
492 494
658 659
319 321
320 383
384 435
497 498
801 813
584 586
100 431
433 434
95 97
132 133
135 136
618 621
574 575
883 884
623 790
804 823
653 654
587 594
590 592
273 274
791 792
819 820
841 842
596 597
591 935
837 838
534 535
929 932
656 657
121 122
629 630
14 15
789 818
498 788
594 595
588 885
660 661
308 309
672 673
582 583
122 375
376 387
630 897
21 25
864 931
589 936
839 840
84 85
138 268
237 407
580 581
484 485
282 283
802 803
797 798
86 87
567 569
340 341
893 894
906 907
218 406
115 220
830 895
905 906
7 8
604 905
843 844
564 903
307 372
829 895
278 279
795 796
88 89
602 603
671 899
562 913
381 382
109 251
130 460
626 912
88 255
605 606
113 261
611 782
195 196
722 723
688 689
160 161
845 846
585 904
728 767
445 456
40 41
759 763
125 126
447 449
206 208
429 463
162 168
689 696
164 167
322 323
444 454
732 775
761 763
831 832
704 705
748 750
209 211
560 708
170 173
698 701
326 327
773 774
223 228
74 176
555 705
554 556
755 765
257 258
73 175
175 177
62 63
310 311
545 547
231 245
265 266
779 780
186 187
715 716
66 75
548 557
229 230
752 753
255 256
180 181
709 710
48 79
535 560
735 737
226 243
211 238
599 601
847 848
783 784
679 716
775 776
164 171
692 699
259 260
159 189
686 717
252 253
771 772
240 242
249 250
769 770
246 247
324 325
785 786
751 768
766 768
78 185
312 313
559 714
254 267
327 328
253 263
691 693
165 166
693 694
44 140
532 670
81 83
341 369
866 892
190 191
26 277
504 796
678 716
147 155
676 682
747 748
124 339
718 721
777 778
182 183
711 712
179 185
707 714
178 184
764 781
706 713
701 702
702 703
356 357
881 882
262 264
239 241
154 166
681 694
222 223
745 746
451 452
583 619
23 272
459 460
646 647
550 551
285 286
212 213
737 738
169 192
697 719
34 35
581 598
516 806
572 725
799 800
931 932
385 386
738 752
373 374
63 66
546 548
108 110
60 61
77 78
754 757
158 188
541 543
824 889
933 934
59 60
849 850
85 87
571 573
225 227
54 55
736 764
232 235
566 567
215 236
739 757
71 72
552 553
105 353
69 70
394 395
104 354
600 879
67 68
540 541
119 343
727 877
219 345
224 346
747 871
244 351
379 380
143 144
243 348
762 873
627 628
281 366
227 347
241 349
760 874
914 915
199 200
725 726
749 872
558 720
32 33
511 512
908 909
880 882
331 341
858 866
37 38
517 518
197 198
205 206
731 732
734 736
395 396
787 911
916 917
305 364
216 234
544 719
513 514
201 202
107 108
293 363
668 669
268 269
664 665
46 47
529 531
150 152
677 678
82 83
563 565
52 53
377 378
900 901
903 910
55 57
538 539
685 687
172 174
700 703
270 367
457 458
64 65
542 863
233 235
549 860
370 371
44 45
48 49
533 535
146 148
674 675
145 147
39 40
58 337
76 338
91 114
50 51
42 43
898 899
167 334
695 861
163 164
690 692
632 856
149 150
173 335
202 203
727 728
220 221
612 744
120 332
913 918
896 902
606 729
670 671
756 757
153 166
680 694
536 556
221 222
744 745
103 106
139 143
537 550
743 744
141 142
112 382
156 159
683 686
203 248
204 206
106 107
603 604
111 112
607 608
173 174
609 610
