2420248431687918215 1168 1380
0.149712 -0.505930 0.924828
0.075789 -0.524590 0.948847
0.064470 -0.524590 0.926632
0.046840 -0.524590 0.909002
0.024625 -0.524590 0.897683
0.000000 -0.524590 0.893783
-0.024625 -0.524590 0.897683
-0.046840 -0.524590 0.909002
-0.064470 -0.524590 0.926632
-0.075789 -0.524590 0.948847
-0.079690 -0.524590 0.973473
-0.075789 -0.524590 0.998098
-0.064470 -0.524590 1.020313
-0.046840 -0.524590 1.037943
-0.024625 -0.524590 1.049262
-0.000000 -0.524590 1.053162
0.024625 -0.524590 1.049262
0.046840 -0.524590 1.037943
0.064470 -0.524590 1.020313
0.075789 -0.524590 0.998098
0.079690 -0.524590 0.973473
0.075789 -0.524590 0.948847
0.149712 -0.505930 0.924828
0.219949 -0.475339 0.902007
0.219949 -0.475339 0.902007
0.284770 -0.433573 0.880945
0.284770 -0.433573 0.880945
0.342579 -0.381659 0.862162
0.342579 -0.381659 0.862162
0.391952 -0.320875 0.846120
0.391952 -0.320875 0.846120
0.431675 -0.252718 0.833213
0.431675 -0.252718 0.833213
0.460768 -0.178867 0.823760
0.460768 -0.178867 0.823760
0.478515 -0.101140 0.817994
0.478515 -0.101140 0.817994
0.484480 -0.021450 0.816056
0.484480 -0.021450 0.816056
0.478515 0.058239 0.817994
0.478515 0.058239 0.817994
0.460768 0.135967 0.823760
0.460768 0.135967 0.823760
0.431675 0.209818 0.833213
0.431675 0.209818 0.833213
0.391952 0.277975 0.846120
0.391952 0.277975 0.846120
0.342579 0.338758 0.862162
0.342579 0.338758 0.862162
0.284770 0.390673 0.880945
0.284770 0.390673 0.880945
0.219949 0.432439 0.902007
0.219949 0.432439 0.902007
0.149712 0.463029 0.924828
0.149712 0.463029 0.924828
0.075789 0.481690 0.948847
0.064470 0.481690 0.926632
0.046840 0.481690 0.909002
0.024625 0.481690 0.897683
-0.000000 0.481690 0.893783
-0.024625 0.481690 0.897683
-0.046840 0.481690 0.909002
-0.064470 0.481690 0.926632
-0.075789 0.481690 0.948847
-0.079690 0.481690 0.973473
-0.075789 0.481690 0.998098
-0.064470 0.481690 1.020313
-0.046840 0.481690 1.037943
-0.024625 0.481690 1.049262
-0.000000 0.481690 1.053162
0.024625 0.481690 1.049262
0.046840 0.481690 1.037943
0.064470 0.481690 1.020313
0.075789 0.481690 0.998098
0.079690 0.481690 0.973473
0.075789 0.481690 0.948847
0.000000 -0.530862 0.973473
0.000000 -0.530862 0.973473
0.000000 -0.530862 0.973473
0.000000 -0.530862 0.973473
0.000000 -0.530862 0.973473
0.000000 -0.530862 0.973473
0.000000 -0.530862 0.973473
0.000000 -0.530862 0.973473
0.000000 -0.530862 0.973473
0.000000 -0.530862 0.973473
0.000000 -0.530862 0.973473
0.000000 -0.530862 0.973473
0.000000 -0.530862 0.973473
0.000000 -0.530862 0.973473
0.000000 -0.530862 0.973473
0.000000 -0.530862 0.973473
0.000000 -0.530862 0.973473
0.000000 -0.530862 0.973473
0.000000 -0.530862 0.973473
0.000000 -0.530862 0.973473
-0.000000 0.487962 0.973473
-0.000000 0.487962 0.973473
-0.000000 0.487962 0.973473
-0.000000 0.487962 0.973473
-0.000000 0.487962 0.973473
-0.000000 0.487962 0.973473
-0.000000 0.487962 0.973473
-0.000000 0.487962 0.973473
-0.000000 0.487962 0.973473
-0.000000 0.487962 0.973473
-0.000000 0.487962 0.973473
-0.000000 0.487962 0.973473
-0.000000 0.487962 0.973473
-0.000000 0.487962 0.973473
-0.000000 0.487962 0.973473
-0.000000 0.487962 0.973473
-0.000000 0.487962 0.973473
-0.000000 0.487962 0.973473
-0.000000 0.487962 0.973473
-0.000000 0.487962 0.973473
0.285720 -0.491540 0.470409
0.215980 -0.509144 0.493069
0.205302 -0.509144 0.472111
0.188670 -0.509144 0.455479
0.167712 -0.509144 0.444801
0.144480 -0.509144 0.441121
0.121248 -0.509144 0.444801
0.100290 -0.509144 0.455479
0.083658 -0.509144 0.472111
0.072980 -0.509144 0.493069
0.069300 -0.509144 0.516301
0.072980 -0.509144 0.539533
0.083658 -0.509144 0.560491
0.100290 -0.509144 0.577123
0.121248 -0.509144 0.587801
0.144480 -0.509144 0.591481
0.167712 -0.509144 0.587801
0.188670 -0.509144 0.577123
0.205302 -0.509144 0.560491
0.215980 -0.509144 0.539533
0.219660 -0.509144 0.516301
0.215980 -0.509144 0.493069
0.285720 -0.491540 0.470409
0.351982 -0.462681 0.448879
0.351982 -0.462681 0.448879
0.413135 -0.423278 0.429010
0.413135 -0.423278 0.429010
0.467672 -0.374301 0.411289
0.467672 -0.374301 0.411289
0.514252 -0.316957 0.396155
0.514252 -0.316957 0.396155
0.551726 -0.252658 0.383979
0.551726 -0.252658 0.383979
0.579173 -0.182986 0.375061
0.579173 -0.182986 0.375061
0.595916 -0.109657 0.369621
0.595916 -0.109657 0.369621
0.601543 -0.034477 0.367792
0.601543 -0.034477 0.367792
0.595916 0.040703 0.369621
0.595916 0.040703 0.369621
0.579173 0.114032 0.375061
0.579173 0.114032 0.375061
0.551726 0.183704 0.383979
0.551726 0.183704 0.383979
0.514252 0.248003 0.396155
0.514252 0.248003 0.396155
0.467672 0.305347 0.411289
0.467672 0.305347 0.411289
0.413135 0.354324 0.429010
0.413135 0.354324 0.429010
0.351982 0.393727 0.448879
0.351982 0.393727 0.448879
0.285720 0.422586 0.470409
0.285720 0.422586 0.470409
0.215980 0.440191 0.493069
0.205302 0.440191 0.472111
0.188670 0.440191 0.455479
0.167712 0.440191 0.444801
0.144480 0.440191 0.441121
0.121248 0.440191 0.444801
0.100290 0.440191 0.455479
0.083658 0.440191 0.472111
0.072980 0.440191 0.493069
0.069300 0.440191 0.516301
0.072980 0.440191 0.539533
0.083658 0.440191 0.560491
0.100290 0.440191 0.577123
0.121248 0.440191 0.587801
0.144480 0.440191 0.591481
0.167712 0.440191 0.587801
0.188670 0.440191 0.577123
0.205302 0.440191 0.560491
0.215980 0.440191 0.539533
0.219660 0.440191 0.516301
0.215980 0.440191 0.493069
0.144480 -0.515061 0.516301
0.144480 -0.515061 0.516301
0.144480 -0.515061 0.516301
0.144480 -0.515061 0.516301
0.144480 -0.515061 0.516301
0.144480 -0.515061 0.516301
0.144480 -0.515061 0.516301
0.144480 -0.515061 0.516301
0.144480 -0.515061 0.516301
0.144480 -0.515061 0.516301
0.144480 -0.515061 0.516301
0.144480 -0.515061 0.516301
0.144480 -0.515061 0.516301
0.144480 -0.515061 0.516301
0.144480 -0.515061 0.516301
0.144480 -0.515061 0.516301
0.144480 -0.515061 0.516301
0.144480 -0.515061 0.516301
0.144480 -0.515061 0.516301
0.144480 -0.515061 0.516301
0.144480 0.446107 0.516301
0.144480 0.446107 0.516301
0.144480 0.446107 0.516301
0.144480 0.446107 0.516301
0.144480 0.446107 0.516301
0.144480 0.446107 0.516301
0.144480 0.446107 0.516301
0.144480 0.446107 0.516301
0.144480 0.446107 0.516301
0.144480 0.446107 0.516301
0.144480 0.446107 0.516301
0.144480 0.446107 0.516301
0.144480 0.446107 0.516301
0.144480 0.446107 0.516301
0.144480 0.446107 0.516301
0.144480 0.446107 0.516301
0.144480 0.446107 0.516301
0.144480 0.446107 0.516301
0.144480 0.446107 0.516301
0.144480 0.446107 0.516301
0.239780 -0.070820 0.249652
0.235739 -0.087033 0.251033
0.233783 -0.074648 0.238617
0.226476 -0.049119 0.230093
0.218747 -0.047247 0.250109
0.232453 -0.056028 0.248886
0.208437 -0.033678 0.250672
0.174445 -0.019242 0.249359
0.195641 -0.022731 0.254953
0.172087 -0.022473 0.228358
0.120857 -0.081607 0.240689
0.122654 -0.083496 0.218969
0.120857 -0.081607 0.240689
0.122654 -0.083496 0.218969
0.119256 -0.099857 0.217433
0.200665 -0.171612 0.223643
0.199209 -0.171887 0.245126
0.216282 -0.157930 0.246763
0.219671 -0.162088 0.224979
0.241871 -0.121165 0.244405
0.246266 -0.106246 0.226435
0.235739 -0.087033 0.251033
0.239716 -0.091064 0.227254
0.228510 -0.064083 0.227266
0.242742 -0.109239 0.210578
0.243230 -0.097238 0.200126
0.220889 -0.164246 0.205014
0.131465 -0.115222 0.191656
0.123540 -0.098857 0.192135
0.125708 -0.084431 0.197548
0.134594 -0.071914 0.195793
0.125708 -0.084431 0.197548
0.142914 -0.058052 0.195952
0.151760 -0.043857 0.195897
0.179015 -0.026717 0.198138
0.228923 -0.053170 0.203899
0.231318 -0.077884 0.224508
0.238710 -0.076821 0.214924
0.239716 -0.091064 0.227254
0.244464 -0.080749 0.267138
0.230562 -0.050942 0.270035
0.206790 -0.027893 0.271341
0.145453 -0.031370 0.259679
0.118350 -0.079286 0.262305
0.111601 -0.096699 0.262714
0.118350 -0.079286 0.262305
0.110819 -0.116601 0.264142
0.199542 -0.165511 0.271391
0.242016 -0.099170 0.268815
0.244464 -0.080749 0.267138
0.238234 -0.079568 0.294283
0.232130 -0.045341 0.292749
0.162219 -0.024728 0.282015
0.148020 -0.027014 0.276726
0.132672 -0.037104 0.274005
0.113801 -0.075368 0.283229
0.105175 -0.093829 0.284985
0.113801 -0.075368 0.283229
0.110106 -0.113721 0.287822
0.238234 -0.079568 0.294283
0.234377 -0.072213 0.368783
0.236403 -0.074986 0.344991
0.166163 -0.000764 0.355811
0.168896 -0.001379 0.331506
0.101193 -0.066801 0.351827
0.105501 -0.069718 0.328971
0.101193 -0.066801 0.351827
0.103231 -0.088824 0.331243
0.105501 -0.069718 0.328971
0.100247 -0.109390 0.333319
0.236403 -0.074986 0.344991
0.234377 -0.072213 0.368783
0.229333 -0.069200 0.389666
0.101900 -0.065449 0.374319
0.101900 -0.065449 0.374319
0.229333 -0.069200 0.389666
0.222725 -0.062154 0.427130
0.225791 -0.065829 0.409170
0.097598 -0.060804 0.416253
0.100896 -0.063448 0.395675
0.100896 -0.063448 0.395675
0.097598 -0.060804 0.416253
0.225791 -0.065829 0.409170
0.222725 -0.062154 0.427130
0.239743 -0.077232 0.320154
0.107649 -0.071811 0.305707
0.105492 -0.091766 0.308257
0.107649 -0.071811 0.305707
0.239743 -0.077232 0.320154
0.249008 -0.096578 0.179596
0.221138 -0.165795 0.186546
0.152964 -0.163900 0.181414
0.131446 -0.104704 0.174338
0.125245 -0.085851 0.182377
0.125245 -0.085851 0.182377
0.129034 -0.070716 0.170251
0.243230 -0.097238 0.200126
0.249008 -0.096578 0.179596
0.092381 -0.072470 0.458310
0.092840 -0.057815 0.436076
0.091331 -0.055184 0.456582
0.224026 -0.053231 0.459842
0.222361 -0.058160 0.443582
0.093093 -0.036275 0.452323
0.092840 -0.057815 0.436076
0.091331 -0.055184 0.456582
0.222361 -0.058160 0.443582
0.224026 -0.053231 0.459842
0.253864 -0.097082 0.160796
0.241075 -0.080736 0.149069
0.250634 -0.077396 0.157836
0.241763 -0.098238 0.151736
0.253864 -0.097082 0.160796
0.242623 -0.111669 0.152678
0.241763 -0.098238 0.151736
0.251662 -0.116216 0.163760
0.234937 -0.134159 0.156192
0.243858 -0.135993 0.166977
0.236086 -0.155082 0.168647
0.225685 -0.146698 0.161151
0.214875 -0.155010 0.162651
0.224763 -0.170260 0.169486
0.204389 -0.173628 0.169372
0.198792 -0.161680 0.163090
0.184455 -0.173969 0.167754
0.184747 -0.165906 0.159154
0.172004 -0.164407 0.157950
0.169385 -0.171971 0.165861
0.155845 -0.165172 0.163506
0.162719 -0.149892 0.154626
0.144985 -0.151806 0.158539
0.157792 -0.141119 0.152829
0.137737 -0.138221 0.158574
0.152256 -0.130322 0.147884
0.147798 -0.119060 0.148501
0.131440 -0.124003 0.157955
0.131030 -0.109781 0.158059
0.144843 -0.103509 0.143115
0.130184 -0.092646 0.155122
0.143813 -0.087215 0.141001
0.131449 -0.070869 0.149491
0.143813 -0.087215 0.141001
0.130184 -0.092646 0.155122
0.145651 -0.075632 0.140742
0.147066 -0.061236 0.139674
0.136998 -0.056293 0.148721
0.155849 -0.053620 0.139691
0.153381 -0.040003 0.145582
0.169119 -0.044290 0.140870
0.168992 -0.034932 0.146911
0.183304 -0.041307 0.141471
0.182863 -0.034300 0.148686
0.200330 -0.036042 0.152666
0.199172 -0.041563 0.140279
0.216254 -0.050069 0.142279
0.218581 -0.040857 0.152212
0.233387 -0.049754 0.153673
0.227648 -0.057675 0.143706
0.243143 -0.061777 0.156475
0.234379 -0.067325 0.145967
0.127755 -0.089330 0.170289
0.127755 -0.089330 0.170289
0.076423 -0.052271 0.471087
0.083181 -0.030703 0.467252
0.093273 -0.010519 0.462594
0.111295 0.006284 0.461018
0.132197 0.016691 0.462350
0.153213 0.018096 0.465914
0.171385 0.014030 0.469843
0.187645 0.007144 0.473273
0.200784 -0.001911 0.477103
0.210436 -0.011335 0.481899
0.223856 -0.028931 0.478288
0.228202 -0.048437 0.477319
0.227579 -0.065588 0.477352
0.228202 -0.048437 0.477319
0.222396 -0.080006 0.479923
0.210548 -0.102464 0.475712
0.197533 -0.120108 0.477749
0.179062 -0.131092 0.480443
0.158596 -0.136243 0.481217
0.137085 -0.135593 0.480991
0.116923 -0.124574 0.480727
0.109249 -0.113294 0.475809
0.098377 -0.101579 0.474545
0.087781 -0.088146 0.475032
0.078697 -0.072132 0.474491
0.076423 -0.052271 0.471087
0.203133 -0.167133 0.135848
0.206585 -0.170176 0.109971
0.219869 -0.161650 0.112243
0.186595 -0.167973 0.133400
0.188305 -0.170125 0.109284
0.176329 -0.162440 0.132009
0.177778 -0.164372 0.107587
0.166639 -0.152579 0.105478
0.160016 -0.144612 0.104788
0.152236 -0.132338 0.103365
0.145308 -0.119939 0.102272
0.139469 -0.104796 0.102425
0.138775 -0.087113 0.121569
0.136230 -0.087114 0.102979
0.138775 -0.087113 0.121569
0.140635 -0.071169 0.105693
0.136230 -0.087114 0.102979
0.147449 -0.060111 0.123304
0.145996 -0.057923 0.108202
0.158925 -0.047894 0.110425
0.172067 -0.039131 0.111897
0.185130 -0.033832 0.111555
0.200386 -0.035798 0.112139
0.219717 -0.042564 0.112575
0.231404 -0.053043 0.112980
0.240395 -0.066374 0.113826
0.246115 -0.079084 0.115090
0.246667 -0.096290 0.131941
0.249715 -0.094598 0.113096
0.246667 -0.096290 0.131941
0.249904 -0.114854 0.113262
0.249715 -0.094598 0.113096
0.241883 -0.137362 0.114363
0.230152 -0.150224 0.136694
0.231338 -0.150760 0.113134
0.205889 -0.166562 0.109705
0.218574 -0.158492 0.111034
0.219416 -0.160212 0.110929
0.206345 -0.168486 0.109094
0.188505 -0.168480 0.108084
0.188649 -0.166528 0.108338
0.178240 -0.162901 0.106466
0.178726 -0.161084 0.106781
0.167629 -0.151275 0.104386
0.168749 -0.149655 0.104733
0.161160 -0.143519 0.103579
0.162513 -0.142122 0.103781
0.153417 -0.131465 0.102250
0.154847 -0.130299 0.102540
0.146600 -0.119356 0.101089
0.148287 -0.118516 0.101351
0.142522 -0.104550 0.100908
0.140719 -0.104740 0.100972
0.139429 -0.087772 0.101784
0.137547 -0.087362 0.101652
0.143631 -0.072590 0.104252
0.139429 -0.087772 0.101784
0.137547 -0.087362 0.101652
0.141876 -0.071679 0.104303
0.147154 -0.058659 0.106405
0.148758 -0.060000 0.105975
0.159755 -0.048951 0.109041
0.160846 -0.050649 0.108977
0.173205 -0.042380 0.110242
0.172531 -0.040495 0.110383
0.185665 -0.038444 0.110360
0.185364 -0.035859 0.110247
0.200336 -0.037116 0.110260
0.200091 -0.039202 0.109726
0.219325 -0.043703 0.110660
0.218431 -0.045618 0.109999
0.230811 -0.054071 0.111291
0.229534 -0.055603 0.110885
0.239547 -0.067194 0.112506
0.238016 -0.068281 0.112480
0.245102 -0.079529 0.113565
0.243438 -0.080219 0.113344
0.248552 -0.094687 0.111753
0.246784 -0.094922 0.111827
0.246942 -0.114201 0.112302
0.248552 -0.094687 0.111753
0.248708 -0.114595 0.112082
0.246784 -0.094922 0.111827
0.239434 -0.135548 0.112498
0.240949 -0.136607 0.112767
0.229417 -0.148183 0.111879
0.230632 -0.149650 0.111829
0.215908 -0.155346 0.145882
0.204015 -0.161574 0.145537
0.188771 -0.162796 0.145326
0.179442 -0.159170 0.145028
0.168967 -0.149579 0.144618
0.164248 -0.141772 0.144253
0.158221 -0.128936 0.143792
0.153986 -0.116462 0.143273
0.151551 -0.100341 0.143181
0.150411 -0.088373 0.143238
0.150411 -0.088373 0.143238
0.153134 -0.078522 0.143851
0.157365 -0.065972 0.144039
0.165714 -0.056198 0.144994
0.175745 -0.052196 0.145025
0.185329 -0.050490 0.144986
0.199791 -0.050933 0.145265
0.212745 -0.055140 0.145233
0.220973 -0.060619 0.145689
0.231394 -0.072117 0.145949
0.235788 -0.082044 0.146283
0.237089 -0.096026 0.145569
0.237089 -0.096026 0.145569
0.238314 -0.113237 0.145803
0.233272 -0.132799 0.146066
0.225682 -0.145461 0.145996
0.215908 -0.155346 0.145882
0.204015 -0.161574 0.145537
0.188771 -0.162796 0.145326
0.179442 -0.159170 0.145028
0.168967 -0.149579 0.144618
0.164248 -0.141772 0.144253
0.158221 -0.128936 0.143792
0.153986 -0.116462 0.143273
0.151551 -0.100341 0.143181
0.150411 -0.088373 0.143238
0.153134 -0.078522 0.143851
0.157365 -0.065972 0.144039
0.165714 -0.056198 0.144994
0.175745 -0.052196 0.145025
0.185329 -0.050490 0.144986
0.199791 -0.050933 0.145265
0.212745 -0.055140 0.145233
0.220973 -0.060619 0.145689
0.231394 -0.072117 0.145949
0.235788 -0.082044 0.146283
0.237089 -0.096026 0.145569
0.238314 -0.113237 0.145803
0.233272 -0.132799 0.146066
0.225682 -0.145461 0.145996
0.253293 -0.066786 0.002566
0.252575 -0.076789 0.003079
0.257255 -0.040816 -0.004793
0.258818 -0.025545 -0.008916
0.263677 -0.005293 -0.017533
0.263813 0.008278 -0.019008
0.263839 0.025969 -0.019875
0.262111 0.043636 -0.019592
0.258833 0.060440 -0.018899
0.254898 0.076670 -0.016723
0.248214 0.091516 -0.013408
0.241139 0.103336 -0.010687
0.231786 0.113759 -0.007197
0.222873 0.120910 -0.004784
0.212273 0.125710 -0.002630
0.200349 0.128613 -0.002153
0.187932 0.127324 -0.002817
0.175831 0.122761 -0.004291
0.165514 0.115201 -0.006566
0.158063 0.105630 -0.009442
0.152071 0.091010 -0.013553
0.146702 0.075295 -0.017235
0.143288 0.058840 -0.019268
0.141560 0.042104 -0.019759
0.141777 0.024845 -0.020210
0.144488 0.007555 -0.018585
0.149244 -0.009347 -0.015983
0.154335 -0.024767 -0.009009
0.154838 -0.024594 -0.012880
0.156717 -0.041702 -0.003420
0.153720 -0.055046 0.008447
0.156714 -0.057085 0.000861
0.156017 -0.066743 0.002635
0.150630 -0.067294 0.010811
0.149493 -0.079782 0.011675
0.155563 -0.085574 -0.001284
0.151358 -0.093473 0.011686
0.154633 -0.078441 0.003231
0.255283 -0.053939 -0.000302
0.157109 -0.109719 0.128595
0.157943 -0.094225 0.130286
0.151239 -0.106562 0.116227
0.154871 -0.091080 0.116727
0.153374 -0.124341 0.128403
0.151239 -0.106562 0.116227
0.148128 -0.122136 0.116657
0.157622 -0.138213 0.127933
0.176738 -0.158994 0.128045
0.177912 -0.157681 0.114738
0.192113 -0.162738 0.129195
0.208063 -0.151979 0.117708
0.209444 -0.158459 0.129872
0.193467 -0.159752 0.115873
0.224729 -0.147663 0.130897
0.221972 -0.143003 0.118180
0.237225 -0.130440 0.119674
0.234156 -0.112950 0.132947
0.235781 -0.131944 0.132386
0.228504 -0.095532 0.133984
0.224823 -0.078798 0.134326
0.228783 -0.076872 0.123272
0.220473 -0.066326 0.135324
0.212614 -0.053809 0.125992
0.200564 -0.052673 0.136043
0.183826 -0.049665 0.134909
0.168894 -0.050620 0.123414
0.165580 -0.052305 0.133318
0.160431 -0.062273 0.121313
0.158758 -0.065932 0.132008
0.156314 -0.080072 0.130950
0.157759 -0.076408 0.118601
0.151220 -0.096053 0.143183
0.149145 -0.083025 0.142659
0.151411 -0.065356 0.143032
0.163754 -0.051133 0.144305
0.182024 -0.046820 0.144890
0.199909 -0.051202 0.145638
0.212342 -0.057550 0.146160
0.222605 -0.066298 0.146539
0.228469 -0.077968 0.146518
0.233853 -0.094546 0.146247
0.237306 -0.112742 0.146189
0.230286 -0.129933 0.146161
0.220214 -0.145158 0.144872
0.205842 -0.156113 0.145427
0.189089 -0.159802 0.143490
0.177022 -0.157315 0.142684
0.166901 -0.147277 0.143332
0.159079 -0.139751 0.142076
0.152528 -0.128242 0.142862
0.151723 -0.111277 0.142330
0.157109 -0.109719 0.128595
0.151723 -0.111277 0.142330
0.210674 -0.157204 0.104149
0.223283 -0.141919 0.106279
0.177400 -0.159697 0.101974
0.194711 -0.163616 0.105279
0.214531 -0.048680 0.116911
0.231492 -0.074868 0.111877
0.223449 -0.060912 0.113582
0.231711 -0.126436 0.107072
0.243503 -0.110069 0.111022
0.239730 -0.090919 0.111793
0.142939 -0.103639 0.105630
0.142939 -0.103639 0.105630
0.170812 -0.046789 0.114422
0.215827 -0.160473 0.093408
0.163418 -0.150844 0.088982
0.195697 -0.164957 0.091645
0.241037 -0.069530 0.104303
0.231513 -0.053305 0.107092
0.240332 -0.129212 0.096907
0.244493 -0.108964 0.098172
0.247155 -0.088363 0.101091
0.143131 -0.081255 0.094376
0.143009 -0.100242 0.090853
0.143009 -0.100242 0.090853
0.169723 -0.029859 0.100968
0.169273 -0.018609 0.093110
0.252080 -0.062047 0.020849
0.251071 -0.074917 0.021739
0.264921 -0.003144 0.020212
0.264234 0.010431 0.017677
0.152467 -0.019301 0.009439
0.153601 -0.037261 0.014294
0.153771 -0.052823 0.018387
0.153042 -0.066830 0.021099
0.152666 -0.080437 0.023161
0.149690 -0.093773 0.023629
0.148697 -0.097130 0.031563
0.210490 0.110419 0.041474
0.173765 0.107864 0.039231
0.198270 0.112888 0.042521
0.185630 0.112271 0.041768
0.154900 -0.039650 0.096142
0.147419 -0.056502 0.087614
0.238603 -0.067552 0.090388
0.233219 -0.048953 0.095174
0.242897 -0.086991 0.087345
0.216567 -0.160756 0.081292
0.231184 -0.145544 0.083118
0.150333 -0.116287 0.077173
0.161952 -0.152352 0.077173
0.148959 -0.096710 0.078515
0.150116 -0.076204 0.081050
0.148959 -0.096710 0.078515
0.170273 -0.007214 0.084814
0.241489 -0.040687 0.085304
0.154126 -0.028671 0.084773
0.234178 -0.146875 0.070342
0.161376 -0.153056 0.065173
0.198309 -0.167272 0.067713
0.146361 -0.094588 0.064316
0.146361 -0.094588 0.064316
0.199066 -0.167692 0.055321
0.160703 -0.153955 0.053201
0.148060 -0.095600 0.051226
0.248998 -0.028560 0.066338
0.148922 -0.097415 0.040937
0.148697 -0.097130 0.031563
0.162456 -0.152833 0.030272
0.161343 -0.153756 0.041412
0.249723 -0.088299 -0.014937
0.251875 -0.087313 0.002841
0.250152 -0.110401 -0.015383
0.155563 -0.085574 -0.001284
0.155969 -0.087706 -0.015177
0.151344 -0.111893 -0.015573
0.245852 -0.129180 -0.015573
0.232291 -0.148820 -0.015573
0.216069 -0.160813 -0.015573
0.197247 -0.162715 -0.015573
0.165047 -0.150799 -0.015573
0.180142 -0.158694 -0.015573
0.154307 -0.133937 -0.015573
0.151358 -0.093473 0.011686
0.149690 -0.093773 0.023629
0.250854 -0.089862 0.022325
0.148922 -0.097415 0.040937
0.148060 -0.095600 0.051226
0.258492 -0.025086 -0.012238
0.154633 -0.078441 0.003231
0.252575 -0.076789 0.003079
0.155563 -0.085574 -0.001284
0.251875 -0.087313 0.002841
0.156717 -0.041702 -0.003420
0.258818 -0.025545 -0.008916
0.257255 -0.040816 -0.004793
0.154335 -0.024767 -0.009009
0.156017 -0.066743 0.002635
0.253293 -0.066786 0.002566
0.249723 -0.088299 -0.014937
0.155969 -0.087706 -0.015177
0.250152 -0.110401 -0.015383
0.151344 -0.111893 -0.015573
0.149244 -0.009347 -0.015983
0.263677 -0.005293 -0.017533
0.154838 -0.024594 -0.012880
0.258492 -0.025086 -0.012238
0.212273 0.125710 -0.002630
0.187932 0.127324 -0.002817
0.200349 0.128613 -0.002153
0.255283 -0.053939 -0.000302
0.156714 -0.057085 0.000861
0.245852 -0.129180 -0.015573
0.154307 -0.133937 -0.015573
0.232291 -0.148820 -0.015573
0.165047 -0.150799 -0.015573
0.180142 -0.158694 -0.015573
0.216069 -0.160813 -0.015573
0.197247 -0.162715 -0.015573
0.263813 0.008278 -0.019008
0.144488 0.007555 -0.018585
0.263839 0.025969 -0.019875
0.141777 0.024845 -0.020210
0.262111 0.043636 -0.019592
0.141560 0.042104 -0.019759
0.258833 0.060440 -0.018899
0.143288 0.058840 -0.019268
0.254898 0.076670 -0.016723
0.146702 0.075295 -0.017235
0.248214 0.091516 -0.013408
0.152071 0.091010 -0.013553
0.241139 0.103336 -0.010687
0.158063 0.105630 -0.009442
0.231786 0.113759 -0.007197
0.165514 0.115201 -0.006566
0.222873 0.120910 -0.004784
0.175831 0.122761 -0.004291
0.151723 -0.111277 0.142330
0.151220 -0.096053 0.143183
0.152528 -0.128242 0.142862
0.159079 -0.139751 0.142076
0.166901 -0.147277 0.143332
0.177022 -0.157315 0.142684
0.189089 -0.159802 0.143490
0.205842 -0.156113 0.145427
0.220214 -0.145158 0.144872
0.230286 -0.129933 0.146161
0.237306 -0.112742 0.146189
0.233853 -0.094546 0.146247
0.228469 -0.077968 0.146518
0.222605 -0.066298 0.146539
0.212342 -0.057550 0.146160
0.199909 -0.051202 0.145638
0.182024 -0.046820 0.144890
0.163754 -0.051133 0.144305
0.151411 -0.065356 0.143032
0.149145 -0.083025 0.142659
0.116923 -0.124574 0.480727
0.137085 -0.135593 0.480991
0.076423 -0.052271 0.471087
0.078697 -0.072132 0.474491
0.228202 -0.048437 0.477319
0.223856 -0.028931 0.478288
0.200784 -0.001911 0.477103
0.187645 0.007144 0.473273
0.171385 0.014030 0.469843
0.153213 0.018096 0.465914
0.132197 0.016691 0.462350
0.111295 0.006284 0.461018
0.093273 -0.010519 0.462594
0.083181 -0.030703 0.467252
0.158596 -0.136243 0.481217
0.179062 -0.131092 0.480443
0.197533 -0.120108 0.477749
0.210548 -0.102464 0.475712
0.222396 -0.080006 0.479923
0.210436 -0.011335 0.481899
0.227579 -0.065588 0.477352
0.087781 -0.088146 0.475032
0.098377 -0.101579 0.474545
0.109249 -0.113294 0.475809
0.129941 -0.130009 0.560671
0.139868 -0.129962 0.552861
0.129783 -0.127146 0.558660
0.129941 -0.130009 0.560671
0.126848 -0.131022 0.541451
0.129941 -0.130009 0.560671
0.169500 -0.016304 0.425377
0.176569 -0.048795 0.419285
0.076046 -0.031851 0.538972
0.094455 -0.039090 0.539852
0.087975 -0.017321 0.556980
0.202042 -0.090927 0.534405
0.200274 -0.108103 0.519260
0.212119 -0.085688 0.525082
0.206032 -0.044214 0.423332
0.181988 0.018279 0.540980
0.173974 0.005701 0.537889
0.189112 0.014981 0.522326
0.075967 -0.038413 0.455828
0.070643 -0.004263 0.473303
0.095985 0.008740 0.445681
0.176744 -0.137886 0.459498
0.097282 0.026778 0.500965
0.079592 0.022910 0.486136
0.073513 0.006998 0.482856
0.109979 0.009641 0.531022
0.109459 0.023616 0.531273
0.094707 0.011260 0.533048
0.184728 -0.110064 0.527778
0.185268 -0.108942 0.537598
0.170582 -0.103102 0.543623
0.094976 -0.028667 0.554581
0.136454 -0.072226 0.592590
0.129623 -0.082140 0.572367
0.145629 -0.092780 0.582159
0.125190 -0.134275 0.523100
0.112543 -0.124824 0.528043
0.107707 -0.122989 0.512728
0.093844 -0.083809 0.428782
0.070265 -0.070724 0.493447
0.072023 -0.062029 0.474064
0.082007 -0.109531 0.486615
0.163883 -0.141176 0.461038
0.146946 -0.144488 0.482827
0.170065 -0.066566 0.548388
0.168681 -0.053563 0.538745
0.158164 -0.048443 0.550224
0.116664 -0.050083 0.589253
0.129881 -0.038233 0.578833
0.095185 -0.053924 0.581187
0.140686 -0.041119 0.589639
0.137711 -0.039499 0.625752
0.153412 -0.048581 0.583716
0.148515 -0.049446 0.621582
0.152069 -0.064452 0.597456
0.156990 -0.054801 0.587922
0.102193 -0.084095 0.523313
0.100839 -0.102719 0.513632
0.107990 -0.101523 0.537057
0.115389 -0.059769 0.591344
0.092210 -0.067660 0.579808
0.120846 -0.086816 0.570729
0.102513 -0.058106 0.545642
0.116850 -0.085396 0.564636
0.094433 -0.065575 0.556100
0.101711 -0.053482 0.559355
0.091627 -0.055575 0.571847
0.101877 -0.040371 0.566397
0.074307 0.012302 0.497002
0.065302 -0.002535 0.490007
0.075373 -0.003230 0.497715
0.064348 -0.055345 0.513081
0.061556 -0.034828 0.516253
0.168543 -0.149217 0.521510
0.178002 -0.143877 0.471942
0.157930 -0.151502 0.508785
0.175352 0.017408 0.456411
0.199861 0.010593 0.474508
0.196809 0.005101 0.446529
0.221217 -0.022066 0.468054
0.209173 -0.008145 0.449411
0.231064 -0.012375 0.492462
0.226982 -0.023846 0.506018
0.207759 -0.003693 0.518215
0.196958 -0.007776 0.522391
0.114457 -0.087637 0.535172
0.119537 -0.115593 0.536714
0.123688 -0.098372 0.544815
0.146554 -0.126442 0.542166
0.138201 -0.112911 0.542784
0.132811 -0.111987 0.545677
0.197445 -0.031150 0.538625
0.202470 -0.019978 0.527451
0.189814 -0.016870 0.545709
0.221216 -0.073480 0.530620
0.231502 -0.048535 0.516506
0.213088 -0.055059 0.544192
0.188161 -0.065140 0.547768
0.189703 -0.050280 0.571185
0.193927 -0.055522 0.540648
0.227094 -0.039915 0.509749
0.207535 -0.039160 0.534851
0.225466 -0.039880 0.539016
0.120128 -0.012606 0.559654
0.103659 -0.016402 0.563785
0.107297 -0.030099 0.560065
0.169739 -0.032548 0.546800
0.171488 -0.042794 0.536836
0.148627 0.022118 0.463558
0.117203 0.025719 0.471800
0.116842 0.032007 0.499669
0.219970 -0.091148 0.444854
0.201968 -0.117754 0.518751
0.225019 -0.076594 0.536400
0.190186 -0.013812 0.531687
0.110704 -0.002050 0.543954
0.088006 -0.076003 0.519938
0.070721 -0.073382 0.464933
0.073284 -0.095726 0.497514
0.064144 -0.078564 0.493117
0.170629 -0.122894 0.529711
0.166809 -0.139466 0.529797
0.185464 -0.124599 0.519933
0.154503 -0.134314 0.524550
0.153217 -0.148141 0.514654
0.112864 -0.121980 0.425737
0.097833 -0.099055 0.428632
0.141057 -0.102114 0.551652
0.154869 -0.120032 0.534726
0.161512 -0.100759 0.555735
0.118837 -0.088980 0.421907
0.120055 -0.066221 0.431743
0.132486 0.022164 0.448461
0.173744 0.023230 0.443170
0.076840 -0.034911 0.450854
0.124337 -0.109690 0.421911
0.140591 -0.129301 0.426060
0.129869 -0.076085 0.435949
0.172608 -0.073168 0.581731
0.159540 -0.067640 0.585014
0.161088 -0.079248 0.579608
0.152444 -0.045361 0.560802
0.165158 -0.057671 0.559473
0.076093 -0.012524 0.536052
0.089361 -0.007221 0.544584
0.096657 -0.005519 0.557626
0.222863 -0.024284 0.452983
0.234564 -0.043496 0.466332
0.190576 0.014306 0.446127
0.200299 -0.015493 0.431466
0.121632 -0.140262 0.515680
0.194416 -0.086873 0.545403
0.199882 -0.074109 0.541906
0.179558 -0.058314 0.576197
0.188288 -0.093940 0.564833
0.162927 -0.103251 0.559959
0.182644 -0.094903 0.556001
0.184239 -0.066579 0.557194
0.178216 -0.075361 0.574655
0.189847 -0.083625 0.555529
0.178461 -0.003541 0.547261
0.161133 0.000862 0.543516
0.163226 -0.006494 0.551949
0.168288 -0.021094 0.557466
0.141644 -0.041284 0.566157
0.205510 -0.008059 0.485009
0.200556 0.003670 0.501486
0.215008 -0.006578 0.498403
0.200246 0.006931 0.512870
0.152670 -0.086815 0.567602
0.130683 -0.088034 0.560760
0.164453 -0.094212 0.574648
0.179727 -0.097737 0.572680
0.182015 -0.051047 0.532565
0.066269 -0.068737 0.477114
0.100506 -0.131097 0.488488
0.171277 0.021469 0.455297
0.103511 -0.116683 0.500971
0.088210 -0.107476 0.506873
0.091311 -0.088049 0.511164
0.076327 -0.084677 0.510091
0.208034 -0.071055 0.537212
0.123175 0.038352 0.523449
0.161551 0.035894 0.535722
0.123475 0.030523 0.535678
0.156104 0.007703 0.538311
0.146705 0.031233 0.540186
0.074307 0.012302 0.497002
0.240900 -0.046928 0.508913
0.235830 -0.035531 0.486583
0.227166 -0.036551 0.496729
0.230055 -0.011833 0.510615
0.232834 -0.025023 0.490287
0.082739 0.010736 0.519106
0.075858 0.014583 0.505249
0.072357 -0.013131 0.526743
0.076145 -0.020258 0.525934
0.116464 -0.041929 0.569961
0.113046 -0.036770 0.582413
0.100995 -0.044259 0.577577
0.068382 -0.068097 0.452679
0.084623 -0.080835 0.436809
0.086369 -0.096553 0.440558
0.114686 -0.070690 0.543917
0.121921 -0.087174 0.557378
0.107399 -0.071030 0.529344
0.096755 -0.055475 0.534043
0.140241 -0.032159 0.567320
0.138731 -0.010219 0.563248
0.110704 -0.002050 0.543954
0.120128 -0.012606 0.559654
0.125730 0.011700 0.552562
0.146343 0.000150 0.551067
0.142497 -0.004863 0.538796
0.137052 0.000083 0.530993
0.123205 0.009433 0.535174
0.138264 0.013663 0.550809
0.143607 -0.153427 0.502402
0.134550 -0.148930 0.514175
0.188708 0.006380 0.495273
0.181418 0.028330 0.509155
0.178866 0.029765 0.537183
0.116975 -0.078230 0.537260
0.065809 -0.017490 0.478426
0.072773 -0.085194 0.500607
0.200978 -0.051134 0.563965
0.193818 -0.049466 0.534709
0.190871 -0.044741 0.557520
0.201969 -0.038788 0.560086
0.212385 -0.109840 0.446199
0.103454 -0.046237 0.554307
0.137746 -0.149377 0.501327
0.108261 0.033532 0.517225
0.083014 0.020389 0.518458
0.218295 -0.006044 0.470299
0.069416 -0.054824 0.523328
0.079756 -0.060148 0.531987
0.139543 -0.066879 0.606887
0.211645 -0.000484 0.477698
0.222838 -0.004665 0.495192
0.130971 -0.044466 0.611531
0.130781 -0.040262 0.591406
0.120127 -0.044077 0.609137
0.117057 -0.058911 0.601641
0.129729 -0.097964 0.549894
0.129747 -0.122951 0.541057
0.064308 -0.033474 0.485466
0.067189 -0.018437 0.505404
0.062108 -0.010440 0.499303
0.061556 -0.034828 0.516253
0.069416 -0.054824 0.523328
0.070836 -0.036036 0.518419
0.176339 -0.104847 0.417560
0.157020 -0.127524 0.428659
0.111551 0.021136 0.449513
0.093058 0.007729 0.458873
0.219355 -0.011040 0.508160
0.230635 -0.075504 0.531752
0.123226 -0.019564 0.569473
0.189354 -0.002180 0.520724
0.144772 -0.110238 0.539666
0.147039 -0.135023 0.535268
0.157337 -0.128835 0.530265
0.196078 0.015793 0.493028
0.199903 0.014552 0.504337
0.190006 -0.102976 0.536135
0.156531 -0.078276 0.590103
0.153632 -0.089434 0.579996
0.075204 -0.045664 0.531106
0.194869 -0.037239 0.573523
0.211202 -0.048693 0.557847
0.204757 -0.034506 0.547443
0.214704 -0.043506 0.538952
0.216208 -0.039207 0.551818
0.186832 -0.084228 0.573420
0.170971 -0.088089 0.581551
0.079365 -0.067539 0.456366
0.125787 -0.066038 0.609072
0.162682 0.024558 0.550139
0.239465 -0.038920 0.481101
0.213162 -0.033999 0.525805
0.094602 -0.073253 0.566770
0.081517 -0.059627 0.562807
0.204693 -0.076151 0.526655
0.065302 -0.002535 0.490007
0.109979 0.009641 0.531022
0.099645 0.031237 0.494929
0.094074 0.001874 0.534157
0.078851 0.001418 0.531027
0.077504 -0.052447 0.561951
0.101234 0.021266 0.464432
0.075639 -0.004454 0.553447
0.087156 -0.009188 0.532215
0.087706 0.007674 0.529411
0.096462 -0.058757 0.556040
0.072201 0.004285 0.549954
0.087706 0.007674 0.529411
0.068880 -0.006268 0.550684
0.173035 -0.074215 0.416951
0.212800 -0.024285 0.522439
0.218745 -0.037066 0.512597
0.179100 -0.138610 0.530840
0.108156 -0.129320 0.501237
0.103832 -0.136349 0.507081
0.115191 -0.143450 0.507000
0.066681 -0.029266 0.516537
0.081163 -0.068999 0.513698
0.070009 -0.068834 0.504949
0.081163 -0.068999 0.513698
0.138834 -0.151905 0.522184
0.093202 0.032493 0.523364
0.083014 0.020389 0.518458
0.093202 0.032493 0.523364
0.065395 -0.023426 0.522349
0.067189 -0.018437 0.505404
0.202520 -0.058684 0.548854
0.165612 -0.147841 0.531932
0.062108 -0.010440 0.499303
0.053037 -0.004328 0.504157
0.123226 -0.019564 0.569473
0.129881 -0.038233 0.578833
0.130781 -0.040262 0.591406
0.109459 0.023616 0.531273
0.181732 -0.098775 0.547515
0.200517 -0.090907 0.542208
0.082739 0.010736 0.519106
0.093202 0.032493 0.523364
0.082316 -0.058901 0.444724
0.107707 -0.122989 0.512728
0.121632 -0.140262 0.515680
0.128952 -0.150212 0.518533
0.071587 0.001202 0.568446
0.091311 -0.088049 0.511164
0.199534 -0.031702 0.526651
0.084728 -0.092758 0.428383
0.139993 -0.035389 0.580351
0.100839 -0.102719 0.513632
0.094611 -0.003785 0.529623
743 745
754 755
738 739
739 740
740 741
748 749
0 1
21 22
53 55
54 75
56 96
56 97
2 76
2 77
55 96
75 115
1 76
21 95
57 97
57 98
3 77
3 78
0 23
22 24
51 53
52 54
5 79
5 80
59 99
59 100
58 98
58 99
4 78
4 79
33 35
34 36
39 41
40 42
25 27
26 28
47 49
48 50
6 80
6 81
60 100
60 101
27 29
28 30
45 47
46 48
10 84
10 85
64 104
64 105
7 81
7 82
61 101
61 102
11 85
11 86
9 83
9 84
65 105
65 106
63 103
63 104
8 82
8 83
62 102
62 103
31 33
32 34
41 43
42 44
12 86
12 87
66 106
66 107
14 88
14 89
68 108
68 109
15 89
15 90
69 109
69 110
13 87
13 88
67 107
67 108
23 25
24 26
49 51
50 52
29 31
30 32
43 45
44 46
73 113
73 114
19 93
19 94
70 110
70 111
16 90
16 91
71 111
71 112
17 91
17 92
72 112
72 113
18 92
18 93
74 114
74 115
20 94
20 95
35 37
36 38
37 39
38 40
117 192
137 211
171 212
191 231
116 117
137 138
169 171
170 191
118 192
118 193
172 212
172 213
119 193
119 194
173 213
173 214
143 145
144 146
161 163
162 164
120 194
120 195
174 214
174 215
121 195
121 196
175 215
175 216
176 216
176 217
122 196
122 197
149 151
150 152
155 157
156 158
116 139
138 140
167 169
168 170
177 217
177 218
123 197
123 198
179 219
179 220
181 221
181 222
125 199
125 200
127 201
127 202
147 149
148 150
157 159
158 160
180 220
180 221
126 200
126 201
178 218
178 219
124 198
124 199
182 222
182 223
128 202
128 203
184 224
184 225
130 204
130 205
139 141
140 142
165 167
166 168
131 205
131 206
185 225
185 226
183 223
183 224
129 203
129 204
132 206
132 207
186 226
186 227
141 143
142 144
163 165
164 166
134 208
134 209
188 228
188 229
133 207
133 208
187 227
187 228
135 209
135 210
189 229
189 230
136 210
136 211
190 230
190 231
145 147
146 148
159 161
160 162
151 153
152 154
153 155
154 156
939 1006
848 850
903 904
942 943
964 1031
850 964
872 1047
1017 1062
1024 1143
473 516
476 517
1123 1161
1126 1161
962 963
1012 1013
849 850
928 982
976 1022
898 1142
1017 1156
878 879
1018 1087
912 914
940 1014
1076 1148
892 893
852 854
890 891
498 528
502 529
883 885
881 1071
881 1151
933 1028
836 837
1014 1044
942 1131
1014 1156
938 939
863 889
1005 1008
982 1055
930 931
1082 1083
1053 1148
933 1027
241 266
914 990
925 1087
853 1120
924 925
912 913
844 979
856 1063
878 1029
1009 1137
865 953
930 932
958 959
849 1085
971 993
1018 1109
882 983
955 966
883 884
915 916
839 840
882 972
957 958
1050 1051
906 938
254 257
270 328
271 282
281 291
872 873
927 928
955 956
992 1038
892 1112
1023 1025
889 890
248 279
1076 1078
1038 1046
1041 1115
906 908
235 267
358 425
911 1064
420 421
909 910
1030 1031
838 840
282 316
291 320
671 692
842 843
1125 1126
1040 1041
1008 1010
357 423
931 1058
951 952
965 966
837 1128
942 1095
408 409
823 824
246 260
1018 1019
934 945
893 1111
940 1012
866 888
1099 1100
964 1157
909 1022
293 316
302 320
1050 1093
1076 1077
351 453
923 993
925 932
254 256
862 864
396 397
817 818
723 724
749 751
1121 1122
840 973
883 1067
294 295
233 270
253 254
995 1049
1021 1022
348 350
895 1119
846 1089
1043 1045
924 926
423 424
658 670
292 293
302 303
345 348
863 999
907 1049
450 452
725 726
761 763
278 290
988 989
1028 1088
251 252
704 714
1014 1016
846 847
287 317
289 319
832 918
880 994
857 945
1056 1057
297 317
300 319
272 283
296 297
298 300
1031 1157
853 1116
861 975
657 669
852 853
397 398
816 817
288 318
276 288
501 504
905 1139
377 379
877 879
893 1074
865 867
395 396
818 819
612 658
413 414
806 807
886 888
394 395
808 819
910 1064
927 981
1072 1107
499 503
902 1065
1079 1080
1132 1159
296 305
298 306
917 1052
372 374
612 651
1033 1034
249 250
922 923
253 280
403 404
811 825
867 980
1158 1159
858 860
845 1108
724 731
751 762
899 1144
602 661
907 995
951 954
1045 1046
719 721
748 750
930 1110
944 990
409 410
822 823
945 974
959 986
878 1088
1149 1150
242 275
244 277
242 243
244 245
613 639
602 603
1011 1154
977 1019
1015 1044
985 1002
275 287
277 289
874 876
1009 1136
1138 1162
912 1129
933 935
292 304
303 307
243 263
245 261
410 411
821 822
866 1075
1015 1108
863 864
946 1066
247 248
412 413
807 820
347 349
305 311
306 312
910 976
960 965
867 887
1158 1166
239 241
398 399
815 816
257 321
328 329
869 870
954 1146
983 987
617 659
1068 1069
948 1008
933 945
1039 1040
561 737
753 755
411 412
820 821
1014 1045
877 1072
1153 1154
1071 1072
886 887
310 311
312 313
332 419
337 394
962 1084
692 701
235 237
299 301
918 953
1119 1124
985 999
857 1063
1065 1136
1080 1138
331 332
336 337
668 669
700 701
349 350
353 354
232 271
310 336
313 331
862 1107
834 866
1070 1071
657 658
343 447
346 449
442 443
240 273
921 1110
255 269
902 1077
1079 1144
842 1095
1047 1139
370 371
373 374
959 999
852 940
418 419
808 809
1118 1125
850 1084
259 324
450 451
918 920
845 847
941 1059
530 531
554 555
726 727
763 766
340 342
856 1140
1152 1156
693 695
304 309
307 314
487 489
371 432
373 434
882 969
666 670
991 1043
274 286
404 405
810 811
354 356
729 731
762 764
1016 1108
693 694
870 1106
948 949
500 501
945 975
864 1096
326 327
945 1117
698 702
831 1091
871 948
1005 1133
907 1093
838 973
833 834
834 835
344 347
1080 1081
335 337
1127 1161
488 490
1035 1036
321 344
329 340
233 271
253 281
900 1024
1061 1160
856 857
1005 1007
499 502
963 978
721 725
750 761
385 386
1134 1160
447 448
449 451
1038 1149
896 897
1038 1040
1007 1166
399 400
814 815
666 667
350 353
727 728
766 767
900 1144
949 1004
384 387
630 631
803 804
269 270
894 896
1114 1148
631 632
802 803
432 433
434 436
1125 1161
608 610
898 899
1017 1114
834 865
954 1048
680 681
333 405
339 407
919 1074
308 309
314 315
638 639
795 796
258 322
637 638
796 797
1030 1157
1021 1069
632 633
801 802
1013 1051
931 932
417 418
809 827
857 1155
613 615
639 640
794 795
421 424
1026 1081
1104 1105
888 916
911 1021
323 360
874 927
989 1104
1084 1120
1057 1099
862 884
832 1075
640 641
793 794
861 897
322 353
584 586
742 745
400 401
813 814
846 1015
431 433
719 720
741 748
360 362
942 952
458 459
606 608
940 1116
629 630
804 805
1010 1137
1143 1144
563 564
770 772
582 583
752 769
1036 1066
341 343
562 563
768 770
472 474
921 923
887 1162
1009 1166
651 657
233 234
892 1033
923 990
581 582
769 771
728 730
765 767
994 1150
358 361
839 1036
896 1119
981 1153
973 1127
1097 1105
855 945
1039 1115
636 637
797 798
352 355
593 684
368 370
330 332
1027 1029
933 934
342 390
853 854
387 388
985 1001
968 983
455 460
878 1028
580 581
771 773
641 642
792 793
529 530
553 554
864 999
1044 1045
918 1075
924 1113
406 407
810 826
931 1056
615 616
564 565
772 774
982 1145
416 417
827 828
1122 1123
452 454
471 473
333 334
338 339
236 238
620 621
729 730
764 765
577 578
777 779
950 951
646 647
786 788
1055 1145
308 334
315 338
578 579
775 777
917 1034
859 860
912 1130
1072 1073
841 1113
565 566
774 776
579 580
773 775
1132 1134
435 436
901 1137
956 1032
966 1083
264 265
366 369
874 987
847 998
954 1139
504 506
973 974
1037 1150
991 1042
566 567
776 778
921 922
1063 1140
1141 1142
607 611
583 585
752 754
1121 1161
252 256
438 439
881 1070
912 930
995 997
907 1068
477 478
1058 1103
379 381
369 371
1112 1124
401 402
812 813
875 876
1131 1146
426 427
348 351
869 1054
576 577
779 781
514 515
540 541
1062 1156
884 1096
378 380
1031 1032
874 875
918 1092
430 431
998 1089
974 1167
977 1109
843 924
655 656
895 896
988 1105
262 264
866 867
503 505
479 481
1024 1141
444 445
446 448
415 416
828 829
586 588
742 760
421 422
475 476
838 1098
382 385
559 560
743 744
927 982
461 463
268 270
439 440
422 454
691 705
932 1103
491 493
1129 1163
1002 1105
592 593
722 732
469 472
1042 1046
388 390
605 609
894 1112
370 392
374 393
443 444
495 497
980 1048
1048 1159
1023 1118
372 377
596 597
999 1001
898 900
457 458
480 482
364 367
1135 1144
406 408
824 826
525 526
550 551
654 656
855 857
489 491
994 1165
996 1093
888 915
457 506
362 364
1009 1010
441 442
481 484
492 494
359 360
437 438
284 285
356 359
462 464
341 391
623 625
508 509
534 535
1034 1074
1058 1099
881 883
628 649
786 787
261 325
263 326
845 846
1066 1098
1151 1165
355 357
926 1100
660 672
661 673
340 343
344 346
496 498
470 471
897 1027
1008 1166
600 648
455 456
973 1118
599 627
912 1086
974 975
874 972
486 487
968 1105
1028 1029
456 505
1005 1132
614 639
920 1074
490 492
677 734
957 1090
924 1011
482 483
875 1003
958 1090
596 649
647 648
1106 1157
531 532
555 556
604 643
892 1060
841 843
840 975
1110 1130
934 935
624 627
859 1153
974 1117
893 1000
428 429
1031 1164
700 709
702 710
968 969
622 624
956 1164
961 967
1012 1014
435 438
380 382
375 376
414 415
806 829
1066 1080
892 895
890 896
522 523
547 548
485 488
568 569
780 782
936 937
625 626
465 467
890 1111
922 944
1035 1052
255 268
934 975
402 403
812 825
682 683
1081 1143
643 644
790 791
597 626
919 957
951 1092
429 430
367 368
928 1099
510 511
536 537
478 479
512 513
538 539
896 1112
672 700
673 702
466 468
675 703
879 890
440 441
913 998
722 723
740 749
527 528
552 553
891 1000
596 598
601 648
567 568
778 780
937 1003
559 595
744 759
381 383
445 446
855 856
1115 1152
984 989
633 634
800 801
1067 1107
467 469
846 990
1027 1028
507 532
533 556
851 904
1045 1115
1110 1163
678 679
591 593
1042 1043
947 1004
598 660
601 661
386 389
683 684
653 665
674 675
1058 1100
606 609
351 352
931 1101
475 480
561 562
753 768
996 1049
1102 1103
484 486
1058 1101
523 524
548 549
613 638
493 495
861 935
947 1030
840 861
468 470
897 1060
947 1106
1073 1107
345 346
634 635
799 800
930 1020
507 508
533 534
921 931
604 605
928 1055
885 969
1133 1134
986 989
1019 1020
1123 1167
557 595
747 759
927 929
645 646
788 789
1048 1061
616 618
518 519
543 544
709 736
710 713
912 1021
892 1036
949 1054
628 629
787 805
697 706
513 514
539 540
1025 1143
894 1111
494 496
1101 1103
363 365
831 918
953 1091
483 485
635 636
798 799
984 1104
573 574
757 785
574 575
783 785
914 944
1001 1097
676 677
605 652
688 690
969 970
519 520
544 545
357 358
612 614
1032 1164
587 590
325 392
326 393
1041 1046
868 1164
878 1071
1150 1151
973 1026
971 994
999 1097
899 900
689 690
1159 1160
830 831
831 835
970 1097
899 1147
1078 1114
590 591
687 689
572 573
757 758
845 1051
575 576
781 783
933 1088
1040 1149
988 1104
708 711
876 971
650 663
642 643
791 792
1100 1103
571 572
756 758
913 914
922 1129
984 1002
1011 1113
843 1113
995 1068
973 1122
921 1163
1049 1093
858 1095
1055 1100
268 269
663 696
365 366
424 426
922 1163
1003 1056
593 685
732 733
892 1124
699 707
707 712
515 516
541 542
1093 1094
664 699
389 391
1078 1148
897 1029
996 998
1023 1126
1123 1155
879 1029
570 571
756 784
712 718
925 930
589 594
738 746
459 461
373 375
569 570
782 784
376 378
997 1086
981 989
1019 1022
998 1094
901 1065
460 462
932 1102
609 653
1077 1078
1144 1147
717 718
623 631
908 978
1070 1072
1021 1086
1118 1126
880 1165
644 645
789 790
903 1146
526 527
551 552
520 521
545 546
1043 1044
1150 1165
619 654
622 623
558 720
739 741
984 986
713 715
735 736
889 1073
427 428
927 987
1110 1129
517 518
542 543
361 363
958 1092
463 465
1132 1133
880 1151
973 1025
557 558
739 747
509 510
535 536
877 889
622 662
991 1015
869 949
858 859
524 525
549 550
588 589
746 760
1117 1123
464 466
842 942
521 522
546 547
924 1087
1023 1141
1063 1155
914 1089
1122 1167
1048 1139
686 735
715 716
986 1153
870 1004
931 1102
930 1130
511 512
537 538
864 1097
951 1146
898 1024
685 686
716 733
857 1123
834 1075
592 594
738 740
929 1056
953 1092
1135 1143
882 885
1112 1119
905 954
1081 1135
895 1124
1025 1026
917 1074
859 1095
919 1090
924 943
1079 1135
1019 1109
943 1087
1117 1167
1048 1160
848 964
959 985
584 585
745 754
830 832
832 833
560 737
743 755
473 474
476 477
433 474
436 477
497 498
500 502
448 497
451 500
