14690091553058370212 165 186
265.926147 265.926147 265.926147
-265.926147 265.926147 265.926147
-265.926147 -265.926147 265.926147
265.926147 -265.926147 265.926147
265.926147 265.926147 265.926147
265.926147 265.926147 -265.926147
-265.926147 265.926147 265.926147
-265.926147 265.926147 -265.926147
265.926147 -265.926147 -265.926147
-265.926147 -265.926147 -265.926147
-265.926147 265.926147 -265.926147
265.926147 265.926147 -265.926147
265.926147 -265.926147 265.926147
-265.926147 -265.926147 265.926147
-265.926147 -265.926147 -265.926147
265.926147 -265.926147 -265.926147
265.926147 265.926147 265.926147
265.926147 -265.926147 265.926147
265.926147 265.926147 -265.926147
265.926147 -265.926147 -265.926147
-265.926147 265.926147 265.926147
-265.926147 -265.926147 -265.926147
-265.926147 -265.926147 265.926147
-265.926147 265.926147 -265.926147
1.231213 -8.178524 0.842429
1.373459 -8.124763 0.434932
1.266701 -7.245872 1.343090
3.500384 -6.725946 1.786083
3.499316 -6.756110 1.154705
3.925837 -6.349853 1.848407
2.380291 -7.600310 1.003642
1.794642 -8.023515 -0.126416
1.919760 -8.154366 -1.426243
2.467202 -7.932179 -2.058754
0.870165 -7.807361 3.156153
0.708910 -7.993838 2.790345
0.898805 -7.878731 3.049383
2.598182 -7.330232 2.684465
3.006893 -7.193502 1.536204
2.924798 -7.049068 2.353491
4.056431 -6.155522 0.782794
3.992692 -6.239692 0.463043
4.434948 -5.991556 0.866701
0.996569 -8.146499 1.655493
0.869962 -8.039171 2.201897
3.252184 -7.021271 0.157421
3.417392 -7.011344 -0.348881
3.698674 -6.606549 0.140964
2.862020 -7.476356 -0.109097
3.160944 -7.173410 0.329265
3.182523 -6.948092 1.621623
3.061992 -7.151610 1.031459
3.458450 -6.924287 0.910884
3.686689 -6.689392 0.794818
1.701646 -8.229444 -0.778211
1.231213 -8.178524 0.842429
2.000208 -7.749385 1.825748
1.472271 -8.154999 0.684314
4.108114 -6.085809 1.391894
4.313679 -5.981668 0.946459
4.435587 -5.826602 1.372726
4.205894 -6.050364 1.645499
2.745800 -7.261088 1.246143
4.575613 -5.716410 0.967636
3.163861 -7.283940 -1.033898
2.924808 -7.436972 -1.316610
3.224773 -6.833771 2.203167
3.288503 -6.936100 1.854320
1.373459 -8.124763 0.434932
1.601710 -8.233171 -0.454006
2.921997 -6.921012 2.140789
1.675022 -7.655991 2.841378
2.209561 -7.561555 2.623849
1.986640 -7.528778 2.732230
3.485057 -6.807094 -0.379045
3.894850 -6.397727 0.235331
3.833993 -6.606393 0.594531
1.899411 -6.268135 2.004588
1.785909 -6.764158 2.651601
2.148574 -6.638029 2.510524
0.708910 -7.993838 2.790345
0.962075 -7.070569 2.655173
1.098063 -7.195958 2.443034
0.870165 -7.807361 3.156153
2.924808 -7.436972 -1.316610
2.795343 -6.833078 -0.548740
3.167521 -7.104680 -0.837611
3.139263 -6.591462 -0.720252
1.661796 -7.106335 0.272371
2.652057 -6.164719 0.301100
1.662075 -6.384446 1.673469
2.777439 -5.809711 1.645925
3.868247 -5.808152 1.713112
3.151292 -5.678874 1.040407
4.132535 -5.688932 1.210701
1.308990 -8.217524 0.535056
3.167521 -7.104680 -0.837611
3.076537 -6.858927 2.233183
2.652057 -6.164719 0.301100
1.899411 -6.268135 2.004588
2.777439 -5.809711 1.645925
3.151292 -5.678874 1.040407
1.662075 -6.384446 1.673469
1.540491 -6.288849 2.048175
1.308990 -8.217524 0.535056
0.996569 -8.146499 1.655493
0.996836 -7.172927 1.789087
0.869962 -8.039171 2.201897
0.919584 -7.148771 2.073645
1.098063 -7.195958 2.443034
0.708910 -7.993838 2.790345
1.540491 -6.288849 2.048175
1.661796 -7.106335 0.272371
1.506482 -7.176956 0.629084
1.701646 -8.229444 -0.778211
1.601710 -8.233171 -0.454006
1.506482 -7.176956 0.629084
1.601710 -8.233171 -0.454006
1.540491 -6.288849 2.048175
1.650999 -6.838970 2.707078
0.962075 -7.070569 2.655173
1.092769 -7.062331 2.639948
0.898805 -7.878731 3.049383
1.675022 -7.655991 2.841378
1.499095 -7.168281 2.897946
1.986640 -7.528778 2.732230
3.868247 -5.808152 1.713112
4.205894 -6.050364 1.645499
4.435587 -5.826602 1.372726
3.738621 -5.971642 1.645638
2.777439 -5.809711 1.645925
3.925837 -6.349853 1.848407
3.224773 -6.833771 2.203167
2.209561 -7.561555 2.623849
2.598182 -7.330232 2.684465
2.924798 -7.049068 2.353491
2.354367 -6.526902 2.294620
3.076537 -6.858927 2.233183
3.894850 -6.397727 0.235331
3.454640 -6.301451 -0.104153
3.992692 -6.239692 0.463043
3.485057 -6.807094 -0.379045
3.338698 -6.409420 -0.438675
3.163861 -7.283940 -1.033898
3.151292 -5.678874 1.040407
4.132535 -5.688932 1.210701
2.467202 -7.932179 -2.058754
2.456099 -7.367468 -1.573133
2.652057 -6.164719 0.301100
2.467202 -7.932179 -2.058754
1.919760 -8.154366 -1.426243
2.456099 -7.367468 -1.573133
0.870165 -7.807361 3.156153
4.435587 -5.826602 1.372726
4.575613 -5.716410 0.967636
1.540491 -6.288849 2.048175
2.467562 -6.887684 -0.862651
1.540491 -6.288849 2.048175
1.661796 -7.106335 0.272371
1.540491 -6.288849 2.048175
1.662075 -6.384446 1.673469
1.919760 -8.154366 -1.426243
4.434948 -5.991556 0.866701
4.575613 -5.716410 0.967636
2.467562 -6.887684 -0.862651
0 1
0 3
1 2
2 3
4 5
4 6
5 7
6 7
8 9
8 11
9 10
10 11
12 13
12 15
13 14
14 15
16 17
16 18
17 19
18 19
20 22
20 23
21 22
21 23
88 150
112 161
111 112
158 159
89 90
98 102
111 113
116 157
88 90
158 160
113 115
116 117
89 156
148 164
87 148
81 155
118 120
91 92
126 130
85 148
82 155
109 157
108 157
77 130
99 100
98 101
144 148
33 65
84 146
93 94
144 145
48 64
129 130
80 81
80 82
109 110
122 124
121 122
121 152
25 117
68 69
29 66
131 132
30 38
107 109
45 51
107 108
27 52
81 83
120 152
31 57
48 96
32 33
149 150
147 164
151 156
24 105
43 55
56 72
74 75
138 141
79 134
36 71
122 123
39 50
146 147
149 151
91 93
100 101
49 51
31 68
46 47
32 54
114 161
92 153
126 128
41 42
140 162
125 134
74 96
86 141
27 28
40 58
35 44
107 110
50 70
43 44
105 107
138 139
46 96
30 62
145 162
85 86
37 39
134 135
42 60
86 87
26 106
38 51
94 154
145 163
127 129
47 76
59 60
29 61
127 131
37 72
133 134
60 63
153 154
34 35
80 83
126 127
60 61
127 128
119 124
78 79
102 103
159 160
64 65
84 143
38 62
87 142
139 142
66 67
77 118
99 103
71 73
123 125
40 59
35 36
54 69
114 115
40 41
42 63
162 163
24 104
55 95
79 136
27 67
106 108
41 75
138 140
39 97
135 137
57 68
64 96
86 143
53 76
50 67
72 73
125 133
39 70
57 95
70 97
78 119
66 97
132 137
25 104
68 95
34 36
122 152
