18192823690666173389 1690 1900
0.851216 0.167742 1.804160
-0.833996 0.203256 1.819337
-0.091948 0.213789 1.026856
-0.833996 0.203256 1.819337
0.688905 0.207422 2.933667
-0.091948 0.213789 1.026856
0.851216 0.167742 1.804160
-0.719409 0.174998 2.901970
0.688905 0.207422 2.933667
-0.719409 0.174998 2.901970
0.369557 0.016176 -0.007925
0.337232 0.092487 0.001796
0.428843 0.093901 -0.016346
-0.336001 0.100205 2.379896
-0.388137 0.018404 -0.023633
-0.366067 0.114634 -0.017212
-0.431314 0.090828 2.382226
-0.388137 0.018404 -0.023633
0.374812 0.121018 2.381523
-0.391569 0.010429 2.377192
0.129333 0.175018 1.154401
-0.120791 0.180075 1.145549
0.126270 0.224022 1.147401
-0.128334 0.220883 1.150772
-0.798509 0.171678 1.825449
-0.223197 0.224605 1.275783
0.126270 0.224022 1.147401
0.436359 0.045006 2.382151
0.369557 0.016176 -0.007925
-0.797766 0.224812 1.823483
0.334999 0.042261 2.378703
0.824055 0.200601 1.818814
0.667327 0.221001 2.923298
-0.797766 0.224812 1.823483
0.824055 0.200601 1.818814
-0.312181 0.180530 2.387264
0.465380 0.172284 2.405465
-0.809700 0.224562 2.737438
-0.797766 0.224812 1.823483
-0.798509 0.171678 1.825449
-0.391569 0.010429 2.377192
0.289646 0.081992 2.438078
-0.556991 0.175638 2.401612
0.337397 0.011995 2.485397
-0.291147 0.078449 2.433150
0.289646 0.081992 2.438078
0.465380 0.172284 2.405465
0.289646 0.081992 2.438078
-0.455623 0.176074 2.501590
0.816423 0.184014 2.736165
0.287260 0.160153 2.444832
0.816423 0.184014 2.736165
-0.380484 0.016389 2.520511
-0.246300 0.175934 2.466691
-0.305151 0.105019 2.470975
0.287260 0.160153 2.444832
0.448552 0.173944 2.500675
0.287260 0.160153 2.444832
-0.656533 0.176251 2.899909
-0.809700 0.224562 2.737438
0.667327 0.221001 2.923298
-0.809700 0.224562 2.737438
-0.656533 0.176251 2.899909
-0.369084 0.024925 -0.005667
-0.395756 0.023986 -0.004019
-0.335697 0.091996 0.002032
0.391145 0.023254 -0.005727
0.365204 0.022551 -0.003547
0.418007 0.088885 -0.005061
0.424592 0.052348 0.005237
-0.423161 0.051950 -0.003382
0.337798 0.052897 -0.004034
0.364590 0.106281 -0.006455
-0.413214 0.096789 -0.004845
0.340609 0.087410 0.005491
-0.378649 0.114521 -0.000467
0.402862 0.112548 0.002689
-0.369915 0.019231 2.382756
0.392793 0.019336 2.382822
-0.337352 0.051817 0.004809
-0.343862 0.099663 2.383053
-0.335697 0.091996 0.002032
-0.424946 0.087954 2.382861
0.422536 0.088309 2.369932
0.364243 0.023157 2.380890
0.337902 0.051039 2.379522
-0.426494 0.051389 2.381209
0.373244 0.115226 2.383801
-0.396567 0.023259 2.379281
-0.376416 0.112426 2.368503
0.129333 0.175018 1.154401
-0.120791 0.180075 1.145549
0.126269 0.224021 1.147401
-0.128334 0.220883 1.150772
-0.798148 0.172363 1.826187
0.126269 0.224021 1.147401
0.428234 0.052632 2.382600
-0.797567 0.224238 1.823477
0.798508 0.179572 1.819886
0.638239 0.225490 2.888167
0.802476 0.223108 1.828284
0.803863 0.180859 1.831054
0.284614 0.174872 2.425406
-0.311671 0.175695 2.379449
-0.805544 0.184253 1.838676
-0.804007 0.221142 1.838654
0.459511 0.165449 2.401640
0.807758 0.183001 2.733118
-0.807577 0.183023 2.734808
0.803178 0.176212 2.721760
0.800874 0.225837 2.732191
-0.290011 0.174098 2.427722
0.319375 0.043413 2.404339
-0.334503 0.051959 2.381662
0.339212 0.087137 2.380986
-0.398647 0.131737 2.405988
-0.357779 0.132239 2.406655
0.307038 0.175883 2.379631
-0.407052 0.006699 2.403764
-0.349260 0.005343 2.414191
0.354573 0.007076 2.402975
-0.325000 0.042623 2.394527
-0.440525 0.041227 2.403492
0.311793 0.081575 2.409429
0.440212 0.092521 2.401799
0.363437 0.133891 2.407065
-0.453819 0.152699 2.409669
0.404498 0.132702 2.406971
-0.556839 0.175184 2.401310
0.413165 0.005811 2.414292
0.444449 0.040733 2.414176
-0.290290 0.102689 2.414719
0.284376 0.112814 2.416819
-0.306832 0.153264 2.410514
0.459511 0.165449 2.401640
0.308001 0.152563 2.409046
-0.378339 -0.001945 2.466060
0.334377 0.017022 2.476208
0.314937 0.051399 2.434363
-0.291832 0.080001 2.429227
0.287312 0.078441 2.429502
-0.290403 0.139674 2.444096
0.286411 0.152237 2.445315
-0.450017 0.130312 2.425629
0.463344 0.144968 2.446143
-0.329952 0.022822 2.476810
0.404759 0.003473 2.476414
0.431071 0.021401 2.475464
0.548986 0.175840 2.478400
-0.805330 0.225009 2.733639
0.286170 0.081992 2.461897
0.459511 0.165449 2.401640
-0.554577 0.175355 2.479609
-0.471968 0.148548 2.453553
-0.795346 0.173343 2.732097
-0.292046 0.081983 2.461661
-0.449446 0.127839 2.466009
0.449179 0.071580 2.474246
0.286484 0.151865 2.445592
-0.245577 0.175133 2.466431
-0.292075 0.149755 2.445127
0.307537 0.150624 2.471195
0.284530 0.175144 2.465961
-0.426665 0.016585 2.475886
-0.377773 0.019574 2.517532
0.313435 0.072777 2.475196
0.296224 0.101859 2.470989
-0.440982 0.050733 2.486425
-0.303287 0.103241 2.472509
-0.311115 0.175318 2.500179
0.447403 0.173085 2.499708
0.306603 0.175882 2.500178
-0.649252 0.171134 2.888627
0.382921 0.019688 2.495725
-0.324423 0.040653 2.484561
0.427546 0.049931 2.492803
0.331555 0.068978 2.514627
0.447403 0.173085 2.499708
0.405488 0.134477 2.477098
-0.436957 0.101400 2.479026
-0.442606 0.153841 2.478518
-0.356304 0.135487 2.477010
-0.454829 0.175652 2.500263
-0.359306 0.030185 2.526446
-0.342449 0.099056 2.491223
0.386853 0.109566 2.526467
-0.396074 0.110898 2.517921
-0.397316 0.027931 2.527409
0.364482 0.027485 2.526736
0.402041 0.031550 2.527298
-0.419603 0.080099 2.528262
-0.338604 0.070716 2.527023
0.422950 0.069829 2.527042
-0.379199 0.109954 2.526339
-0.805330 0.225009 2.733639
0.649733 0.177652 2.885439
0.655174 0.221701 2.881789
-0.641996 0.222959 2.888766
-0.642685 0.224861 2.885074
0.637923 0.222331 2.890230
-0.125503 0.223975 1.154133
-0.799659 0.223975 1.833289
0.796906 0.223975 1.827124
0.799659 0.223975 2.731337
-0.799659 0.223975 2.731337
0.641265 0.220511 2.887841
-0.800618 0.179337 2.737476
0.803123 0.179336 2.731581
-0.641265 0.179336 2.887841
0.799659 0.175873 1.833289
0.796906 0.223975 1.827124
0.803123 0.179336 2.731581
0.799659 0.223975 2.731337
-0.799659 0.175873 1.833289
0.799659 0.175873 1.833289
-0.800618 0.179337 2.737476
-0.799659 0.223975 2.731337
-0.799659 0.175873 1.833289
-0.799659 0.223975 1.833289
-0.641265 0.179336 2.887841
0.803123 0.179336 2.731581
0.641063 0.175873 2.884378
-0.647050 0.223975 2.881815
0.641063 0.175873 2.884378
0.641265 0.220511 2.887841
-0.641265 0.179336 2.887841
-0.647050 0.223975 2.881815
-0.125503 0.175874 1.154133
-0.125503 0.223975 1.154133
0.125503 0.175874 1.154133
0.125503 0.223975 1.154133
0.125503 0.223975 1.154133
0.796906 0.223975 1.827124
0.125503 0.175874 1.154133
0.799659 0.175873 1.833289
0.799659 0.223975 2.731337
0.641265 0.220511 2.887841
0.803123 0.179336 2.731581
0.641063 0.175873 2.884378
-0.799659 0.223975 1.833289
-0.125503 0.223975 1.154133
-0.799659 0.175873 1.833289
-0.125503 0.175874 1.154133
-0.647050 0.223975 2.881815
-0.799659 0.223975 2.731337
-0.641265 0.179336 2.887841
-0.800618 0.179337 2.737476
0.125503 0.223975 1.154133
-0.125503 0.175874 1.154133
0.125503 0.175874 1.154133
0.422889 0.083733 2.475241
0.313074 0.066306 2.475241
0.335275 0.066306 2.521142
0.380815 -0.001435 2.475241
0.426356 0.066306 2.521142
0.335275 0.066306 2.521142
0.380815 -0.001435 2.475241
0.426356 0.066306 2.521142
0.313074 0.066306 2.475241
0.380815 0.111846 -0.000000
0.338742 0.048878 -0.000000
0.335275 0.066306 2.407910
0.335275 0.066306 2.407910
0.338742 0.048878 -0.000000
0.398243 0.024232 2.407910
0.422889 0.048878 -0.000000
0.413017 0.098508 2.407910
0.313074 0.176890 2.407910
0.335275 0.066306 2.407910
0.313074 0.176890 2.475241
0.313074 0.066306 2.475241
0.398243 0.024232 2.407910
0.380815 -0.001435 2.475241
0.428716 0.018405 2.407910
0.422889 0.083733 2.475241
0.448557 0.165034 2.407910
0.448557 0.165034 2.475241
0.398243 0.024232 2.407910
0.413017 0.098508 2.407910
0.428716 0.018405 2.407910
0.448557 0.165034 2.407910
0.313074 0.176890 2.407910
0.422889 0.083733 2.475241
0.448557 0.165034 2.475241
0.313074 0.066306 2.475241
0.313074 0.176890 2.475241
0.335275 0.066306 2.407910
0.448557 0.165034 2.407910
0.534482 0.165034 2.409930
0.448557 0.165034 2.475241
0.534482 0.176890 2.473221
0.313074 0.176890 2.407910
0.534482 0.165034 2.409930
0.448557 0.165034 2.407910
0.534482 0.176890 2.473221
0.338742 0.048878 -0.000000
0.380815 0.111846 -0.000000
0.422889 0.048878 -0.000000
0.313074 0.128773 2.453308
-0.320374 0.103869 2.469949
0.313074 0.078964 2.453308
-0.320374 0.076912 2.442992
0.313074 0.084807 2.423931
-0.320374 0.122930 2.423931
0.313074 0.128773 2.453308
-0.320374 0.103869 2.469949
-0.443400 0.040382 2.475241
-0.398243 0.024232 2.521142
-0.313074 0.066306 2.475241
-0.335275 0.066306 -0.000000
-0.363388 0.108379 2.407910
-0.380815 0.020766 2.407910
-0.398243 0.024232 -0.000000
-0.426356 0.066306 2.407910
-0.422889 0.083733 -0.000000
-0.363388 0.108379 2.407910
-0.335275 0.066306 -0.000000
-0.313074 0.176890 2.407910
-0.313074 0.176890 2.475241
-0.363388 0.108379 2.407910
-0.313074 0.066306 2.475241
-0.380815 0.020766 2.407910
-0.398243 0.024232 2.521142
-0.426356 0.066306 2.407910
-0.443400 0.040382 2.475241
-0.448557 0.165034 2.407910
-0.448557 0.165034 2.475241
-0.426356 0.066306 2.407910
-0.448557 0.165034 2.407910
-0.363388 0.108379 2.407910
-0.448557 0.165034 2.475241
-0.443400 0.040382 2.475241
-0.313074 0.066306 2.475241
-0.313074 0.176890 2.407910
-0.313074 0.176890 2.475241
-0.448557 0.165034 2.407910
-0.448557 0.165034 2.475241
-0.534482 0.176890 2.409930
-0.534482 0.165034 2.473221
-0.448557 0.165034 2.407910
-0.534482 0.176890 2.409930
-0.313074 0.176890 2.407910
-0.534482 0.165034 2.473221
-0.335275 0.066306 -0.000000
-0.398243 0.024232 -0.000000
-0.422889 0.083733 -0.000000
-0.125670 0.220513 1.150497
-0.799659 0.223975 1.833289
0.796906 0.223975 1.827124
0.800618 0.220510 2.737476
-0.803123 0.220511 2.731581
0.641265 0.220511 2.887841
-0.799659 0.175873 2.731337
0.800618 0.179337 2.737476
-0.647224 0.179335 2.885435
0.799659 0.175873 1.833289
0.796906 0.223975 1.827124
0.800618 0.179337 2.737476
0.800618 0.220510 2.737476
-0.799659 0.175873 1.833289
0.799659 0.175873 1.833289
-0.799659 0.175873 2.731337
-0.803123 0.220511 2.731581
-0.799659 0.175873 1.833289
-0.799659 0.223975 1.833289
-0.647224 0.179335 2.885435
0.800618 0.179337 2.737476
0.641063 0.175873 2.884378
-0.641063 0.223975 2.884378
0.641063 0.175873 2.884378
0.641265 0.220511 2.887841
-0.647224 0.179335 2.885435
-0.641063 0.223975 2.884378
-0.125503 0.175874 1.154133
-0.125670 0.220513 1.150497
0.119730 0.179336 1.148032
0.125503 0.223975 1.154133
0.125503 0.223975 1.154133
0.796906 0.223975 1.827124
0.119730 0.179336 1.148032
0.799659 0.175873 1.833289
0.800618 0.220510 2.737476
0.641265 0.220511 2.887841
0.800618 0.179337 2.737476
0.641063 0.175873 2.884378
-0.799659 0.223975 1.833289
-0.125670 0.220513 1.150497
-0.799659 0.175873 1.833289
-0.125503 0.175874 1.154133
-0.641063 0.223975 2.884378
-0.803123 0.220511 2.731581
-0.647224 0.179335 2.885435
-0.799659 0.175873 2.731337
0.125503 0.223975 1.154133
-0.125503 0.175874 1.154133
0.119730 0.179336 1.148032
0.483534 0.150756 2.424887
0.485476 0.151984 2.461022
0.473365 0.165034 2.443106
0.516508 0.165034 2.440045
0.485476 0.151984 2.461022
0.483534 0.150756 2.424887
0.398243 0.108379 2.521142
0.363388 0.108379 2.521142
0.335275 0.066306 2.521142
0.335275 0.066306 2.521142
0.348614 0.034104 2.521142
0.398243 0.108379 2.521142
0.413017 0.034104 2.521142
0.422889 0.083733 2.521142
0.363388 0.108379 2.521142
0.363388 0.108379 2.475241
0.335275 0.066306 2.521142
0.398243 0.108379 2.475241
0.398243 0.108379 2.521142
0.422889 0.083733 2.475241
0.422889 0.083733 2.521142
0.413017 0.034104 2.475241
0.413017 0.034104 2.521142
0.348614 0.034104 2.475241
0.348614 0.034104 2.521142
0.335275 0.066306 2.475241
0.335275 0.066306 2.521142
0.335275 0.066306 2.475241
0.348614 0.098508 -0.000000
0.335275 0.066306 -0.000000
0.335275 0.066306 2.407910
0.335275 0.066306 2.407910
0.335275 0.066306 -0.000000
0.363388 0.024232 2.407910
0.363388 0.024232 -0.000000
0.413017 0.034104 2.407910
0.413017 0.034104 -0.000000
0.426356 0.066306 2.407910
0.422889 0.083733 -0.000000
0.398243 0.108379 2.407910
0.398243 0.108379 -0.000000
0.363388 0.108379 2.407910
0.313074 0.176890 2.407910
0.313074 0.066306 2.407910
0.313074 0.176890 2.475241
0.313074 0.066306 2.475241
0.332915 0.018405 2.475241
0.354892 0.003721 2.407910
0.380815 -0.001435 2.475241
0.406739 0.003721 2.407910
0.443400 0.040382 2.407910
0.443400 0.040382 2.475241
0.448557 0.165034 2.407910
0.448557 0.165034 2.475241
0.363388 0.108379 2.407910
0.335275 0.066306 2.407910
0.313074 0.176890 2.407910
0.313074 0.066306 2.407910
0.335275 0.066306 2.475241
0.363388 0.108379 2.475241
0.313074 0.066306 2.475241
0.313074 0.176890 2.475241
0.363388 0.024232 2.407910
0.332915 0.018405 2.475241
0.348614 0.034104 2.475241
0.354892 0.003721 2.407910
0.413017 0.034104 2.407910
0.380815 -0.001435 2.475241
0.406739 0.003721 2.407910
0.443400 0.040382 2.407910
0.413017 0.034104 2.475241
0.426356 0.066306 2.407910
0.443400 0.040382 2.475241
0.448557 0.165034 2.407910
0.398243 0.108379 2.407910
0.422889 0.083733 2.475241
0.448557 0.165034 2.475241
0.398243 0.108379 2.475241
0.448557 0.165034 2.407910
0.534482 0.176890 2.409930
0.448557 0.165034 2.475241
0.534482 0.176890 2.473221
0.313074 0.176890 2.407910
0.534482 0.176890 2.409930
0.448557 0.165034 2.407910
0.534482 0.176890 2.473221
0.363388 0.024232 -0.000000
0.335275 0.066306 -0.000000
0.413017 0.034104 -0.000000
0.348614 0.098508 -0.000000
0.398243 0.108379 -0.000000
0.422889 0.083733 -0.000000
-0.320374 0.103869 2.469949
-0.320374 0.076912 2.442992
0.313074 0.103869 2.469949
0.313074 0.078964 2.432676
0.313074 0.103869 2.416035
-0.320374 0.122930 2.423931
0.313074 0.128773 2.453308
-0.320374 0.103869 2.469949
0.313074 0.103869 2.469949
-0.485476 0.151984 2.461022
-0.473365 0.165034 2.443106
-0.507048 0.165034 2.459492
-0.507048 0.165034 2.459492
-0.504397 0.151984 2.422129
-0.485476 0.151984 2.461022
-0.473365 0.165034 2.443106
-0.348614 0.098508 2.521142
-0.413017 0.034104 2.521142
-0.338742 0.048878 2.521142
-0.413017 0.098508 2.521142
-0.398243 0.108379 2.475241
-0.348614 0.098508 2.521142
-0.363388 0.108379 2.475241
-0.413017 0.098508 2.521142
-0.422889 0.083733 2.475241
-0.413017 0.034104 2.521142
-0.413017 0.034104 2.475241
-0.348614 0.034104 2.475241
-0.338742 0.048878 2.521142
-0.335275 0.066306 2.475241
-0.335275 0.066306 2.475241
-0.338742 0.048878 2.521142
-0.335275 0.066306 -0.000000
-0.335275 0.066306 2.407910
-0.348614 0.034104 2.407910
-0.363388 0.024232 -0.000000
-0.413017 0.034104 2.407910
-0.422889 0.048878 -0.000000
-0.426356 0.066306 2.407910
-0.422889 0.083733 -0.000000
-0.398243 0.108379 2.407910
-0.380815 0.111846 -0.000000
-0.363388 0.108379 2.407910
-0.335275 0.066306 -0.000000
-0.335275 0.066306 2.407910
-0.313074 0.176890 2.407910
-0.313074 0.176890 2.475241
-0.313074 0.066306 2.407910
-0.313074 0.066306 2.475241
-0.332915 0.018405 2.475241
-0.332915 0.018405 2.407910
-0.380815 -0.001435 2.407910
-0.406739 0.003721 2.475241
-0.428716 0.018405 2.407910
-0.443400 0.040382 2.475241
-0.448557 0.066306 2.407910
-0.448557 0.165034 2.407910
-0.448557 0.165034 2.475241
-0.363388 0.108379 2.407910
-0.313074 0.176890 2.407910
-0.335275 0.066306 2.407910
-0.335275 0.066306 2.475241
-0.313074 0.176890 2.475241
-0.363388 0.108379 2.475241
-0.313074 0.066306 2.407910
-0.313074 0.066306 2.475241
-0.348614 0.034104 2.407910
-0.332915 0.018405 2.475241
-0.332915 0.018405 2.407910
-0.348614 0.034104 2.475241
-0.413017 0.034104 2.407910
-0.380815 -0.001435 2.407910
-0.406739 0.003721 2.475241
-0.428716 0.018405 2.407910
-0.413017 0.034104 2.475241
-0.426356 0.066306 2.407910
-0.448557 0.066306 2.407910
-0.443400 0.040382 2.475241
-0.398243 0.108379 2.407910
-0.448557 0.165034 2.407910
-0.448557 0.165034 2.475241
-0.422889 0.083733 2.475241
-0.398243 0.108379 2.475241
-0.448557 0.165034 2.407910
-0.448557 0.165034 2.475241
-0.534482 0.176890 2.409930
-0.534482 0.176890 2.473221
-0.448557 0.165034 2.407910
-0.534482 0.176890 2.409930
-0.313074 0.176890 2.407910
-0.534482 0.176890 2.473221
-0.335275 0.066306 -0.000000
-0.422889 0.083733 -0.000000
-0.380815 0.111846 -0.000000
-0.422889 0.048878 -0.000000
-0.363388 0.024232 -0.000000
-0.125503 0.223975 1.154133
-0.799659 0.223975 1.833289
0.796906 0.223975 1.827124
0.803123 0.220511 1.833292
-0.125503 0.223975 1.154133
-0.800664 0.220511 1.827346
-0.799659 0.223975 1.833289
-0.803123 0.220511 1.833292
0.796906 0.223975 1.827124
0.803123 0.220511 1.833292
0.800664 0.220511 1.827346
0.803123 0.220511 1.833292
0.800664 0.179337 1.827346
0.803123 0.179336 1.833292
0.799659 0.175873 1.833289
0.800664 0.179337 1.827346
0.799659 0.175873 1.833289
-0.799659 0.175873 1.833289
-0.800664 0.179337 1.827346
-0.799659 0.175873 1.833289
-0.803123 0.179336 1.833292
-0.800618 0.220510 2.737476
-0.799659 0.223975 2.731337
-0.803123 0.220511 2.731581
0.799659 0.223975 2.731337
-0.799659 0.223975 2.731337
0.647050 0.223975 2.881815
0.647050 0.223975 2.881815
0.800618 0.220510 2.737476
0.799659 0.223975 2.731337
0.803123 0.220511 2.731581
0.803123 0.179336 2.731581
0.800618 0.179337 2.737476
0.799659 0.175873 2.731337
-0.799659 0.175873 2.731337
0.799659 0.175873 2.731337
-0.641063 0.175873 2.884378
-0.641063 0.175873 2.884378
-0.800618 0.179337 2.737476
-0.799659 0.175873 2.731337
-0.803123 0.179336 2.731581
0.125503 0.175874 1.154133
-0.125503 0.175874 1.154133
-0.119730 0.179336 1.148032
0.799659 0.223975 2.731337
0.803123 0.220511 2.731581
0.803123 0.220511 1.833292
0.803123 0.179336 2.731581
0.799659 0.175873 2.731337
-0.641063 0.175873 2.884378
0.641063 0.175873 2.884378
-0.641063 0.223975 2.884378
-0.119730 0.220511 1.148032
0.125503 0.223975 1.154133
0.641265 0.179336 2.887841
0.647224 0.179335 2.885435
0.641265 0.220511 2.887841
0.647224 0.220513 2.885435
0.641063 0.175873 2.884378
-0.647224 0.179335 2.885435
-0.641063 0.175873 2.884378
-0.641265 0.179336 2.887841
-0.647224 0.220513 2.885435
-0.641265 0.220511 2.887841
-0.641063 0.223975 2.884378
-0.119730 0.179336 1.148032
-0.125670 0.179336 1.150497
-0.119730 0.220511 1.148032
-0.125670 0.220513 1.150497
-0.125503 0.175874 1.154133
0.125670 0.179336 1.150497
0.125503 0.175874 1.154133
0.119730 0.179336 1.148032
0.125670 0.220513 1.150497
0.119730 0.220511 1.148032
0.125503 0.223975 1.154133
-0.641063 0.175873 2.884378
-0.641265 0.179336 2.887841
-0.641265 0.220511 2.887841
-0.641063 0.223975 2.884378
-0.119730 0.179336 1.148032
-0.119730 0.220511 1.148032
-0.641063 0.223975 2.884378
0.800664 0.179337 1.827346
0.504397 0.151984 2.461022
0.515090 0.150756 2.440045
0.516508 0.165034 2.440045
0.504397 0.151984 2.422129
0.483534 0.150756 2.424887
0.482825 0.165034 2.423659
0.483534 0.150756 2.424887
0.474783 0.150756 2.443106
0.473365 0.165034 2.443106
0.507048 0.165034 2.423659
0.482825 0.165034 2.423659
0.485476 0.151984 2.461022
0.473365 0.165034 2.443106
0.485476 0.165034 2.461022
0.485476 0.151984 2.461022
0.504397 0.151984 2.461022
0.485476 0.165034 2.461022
0.507048 0.165034 2.459492
0.507048 0.165034 2.459492
0.504397 0.151984 2.422129
0.516508 0.165034 2.440045
0.507048 0.165034 2.423659
0.504397 0.151984 2.461022
0.485476 0.151984 2.461022
0.515090 0.150756 2.440045
0.474783 0.150756 2.443106
0.504397 0.151984 2.422129
0.483534 0.150756 2.424887
0.380815 0.106746 2.526144
0.363388 0.108379 2.521142
0.343454 0.081782 2.526144
0.335275 0.066306 2.521142
0.343454 0.050830 2.526144
0.343454 0.050830 2.526144
0.348614 0.034104 2.521142
0.380815 0.020766 2.521142
0.422889 0.083733 2.521142
0.398243 0.108379 2.521142
0.380815 0.106746 2.526144
0.343454 0.081782 2.526144
0.343454 0.050830 2.526144
0.380815 0.106746 2.526144
0.380815 0.020766 2.521142
0.413017 0.034104 2.521142
0.422889 0.083733 2.521142
0.363388 0.108379 2.521142
0.363388 0.108379 2.475241
0.343454 0.081782 2.526144
0.398243 0.108379 2.475241
0.380815 0.106746 2.526144
0.398243 0.108379 2.521142
0.422889 0.083733 2.475241
0.422889 0.083733 2.521142
0.413017 0.034104 2.475241
0.413017 0.034104 2.521142
0.380815 0.020766 2.475241
0.380815 0.020766 2.521142
0.348614 0.034104 2.475241
0.348614 0.034104 2.521142
0.335275 0.066306 2.475241
0.343454 0.050830 2.526144
0.335275 0.066306 2.521142
0.338742 0.083733 2.475241
0.335275 0.066306 2.475241
0.335275 0.066306 2.521142
0.348614 0.098508 -0.000000
0.335275 0.066306 -0.000000
0.338742 0.083733 2.407910
0.335275 0.066306 2.407910
0.335275 0.066306 -0.000000
0.338742 0.048878 -0.000000
0.335275 0.066306 2.407910
0.348614 0.034104 2.407910
0.363388 0.024232 -0.000000
0.363388 0.024232 2.407910
0.380815 0.020766 -0.000000
0.398243 0.024232 2.407910
0.413017 0.034104 -0.000000
0.413017 0.034104 2.407910
0.422889 0.048878 -0.000000
0.426356 0.066306 2.407910
0.422889 0.083733 -0.000000
0.413017 0.098508 2.407910
0.398243 0.108379 -0.000000
0.398243 0.108379 2.407910
0.380815 0.111846 -0.000000
0.363388 0.108379 2.407910
0.313074 0.176890 2.407910
0.313074 0.066306 2.407910
0.313074 0.176890 2.475241
0.313074 0.066306 2.475241
0.318231 0.040382 2.407910
0.332915 0.018405 2.475241
0.354892 0.003721 2.407910
0.380815 -0.001435 2.475241
0.406739 0.003721 2.407910
0.428716 0.018405 2.475241
0.443400 0.040382 2.407910
0.443400 0.040382 2.475241
0.448557 0.066306 2.407910
0.448557 0.165034 2.407910
0.448557 0.165034 2.475241
0.363388 0.108379 2.407910
0.338742 0.083733 2.407910
0.313074 0.176890 2.407910
0.338742 0.083733 2.475241
0.363388 0.108379 2.475241
0.313074 0.176890 2.475241
0.335275 0.066306 2.407910
0.313074 0.066306 2.407910
0.335275 0.066306 2.475241
0.313074 0.066306 2.475241
0.348614 0.034104 2.407910
0.318231 0.040382 2.407910
0.332915 0.018405 2.475241
0.354892 0.003721 2.407910
0.348614 0.034104 2.475241
0.363388 0.024232 2.407910
0.398243 0.024232 2.407910
0.380815 0.020766 2.475241
0.380815 -0.001435 2.475241
0.406739 0.003721 2.407910
0.428716 0.018405 2.475241
0.413017 0.034104 2.407910
0.443400 0.040382 2.407910
0.413017 0.034104 2.475241
0.426356 0.066306 2.407910
0.443400 0.040382 2.475241
0.448557 0.066306 2.407910
0.413017 0.098508 2.407910
0.448557 0.165034 2.407910
0.422889 0.083733 2.475241
0.448557 0.165034 2.475241
0.398243 0.108379 2.407910
0.398243 0.108379 2.475241
0.534482 0.165034 2.409930
0.534482 0.176890 2.409930
0.534482 0.165034 2.473221
0.534482 0.176890 2.473221
0.448557 0.165034 2.407910
0.534482 0.165034 2.409930
0.448557 0.165034 2.475241
0.534482 0.165034 2.473221
0.313074 0.176890 2.407910
0.534482 0.176890 2.409930
0.448557 0.165034 2.407910
0.534482 0.165034 2.409930
0.534482 0.176890 2.473221
0.534482 0.165034 2.473221
0.380815 0.020766 -0.000000
0.335275 0.066306 -0.000000
0.413017 0.034104 -0.000000
0.348614 0.098508 -0.000000
0.380815 0.111846 -0.000000
0.398243 0.108379 -0.000000
0.422889 0.083733 -0.000000
0.422889 0.048878 -0.000000
0.363388 0.024232 -0.000000
0.338742 0.048878 -0.000000
-0.320374 0.122930 2.462053
-0.320374 0.103869 2.469949
0.313074 0.103869 2.469949
-0.320374 0.103869 2.469949
-0.320374 0.084807 2.462053
0.313074 0.103869 2.469949
0.313074 0.078964 2.453308
-0.320374 0.076912 2.442992
0.313074 0.078964 2.432676
-0.320374 0.084807 2.423931
0.313074 0.103869 2.416035
-0.320374 0.103869 2.416035
0.313074 0.122930 2.423931
-0.320374 0.122930 2.423931
-0.320374 0.130825 2.442992
0.313074 0.128773 2.453308
-0.504397 0.151984 2.461022
-0.516508 0.165034 2.440045
-0.515090 0.150756 2.440045
-0.504397 0.151984 2.422129
-0.482825 0.165034 2.423659
-0.483534 0.150756 2.424887
-0.483534 0.150756 2.424887
-0.473365 0.165034 2.443106
-0.474783 0.150756 2.443106
-0.507048 0.165034 2.423659
-0.482825 0.165034 2.423659
-0.473365 0.165034 2.443106
-0.485476 0.151984 2.461022
-0.485476 0.165034 2.461022
-0.485476 0.151984 2.461022
-0.485476 0.165034 2.461022
-0.504397 0.151984 2.461022
-0.507048 0.165034 2.459492
-0.507048 0.165034 2.459492
-0.516508 0.165034 2.440045
-0.504397 0.151984 2.422129
-0.507048 0.165034 2.423659
-0.504397 0.151984 2.461022
-0.515090 0.150756 2.440045
-0.485476 0.151984 2.461022
-0.474783 0.150756 2.443106
-0.504397 0.151984 2.422129
-0.483534 0.150756 2.424887
-0.335275 0.066306 2.521142
-0.365340 0.028944 2.526144
-0.338742 0.048878 2.521142
-0.413017 0.034104 2.521142
-0.398243 0.024232 2.521142
-0.380815 0.111846 2.521142
-0.348614 0.098508 2.521142
-0.426356 0.066306 2.521142
-0.413017 0.098508 2.521142
-0.363388 0.108379 2.475241
-0.380815 0.111846 2.521142
-0.348614 0.098508 2.521142
-0.398243 0.108379 2.475241
-0.413017 0.098508 2.521142
-0.422889 0.083733 2.475241
-0.426356 0.066306 2.521142
-0.422889 0.048878 2.475241
-0.413017 0.034104 2.475241
-0.413017 0.034104 2.521142
-0.380815 0.020766 2.475241
-0.398243 0.024232 2.521142
-0.365340 0.028944 2.526144
-0.348614 0.034104 2.475241
-0.338742 0.048878 2.521142
-0.335275 0.066306 2.475241
-0.335275 0.066306 2.521142
-0.338742 0.083733 2.475241
-0.335275 0.066306 2.521142
-0.335275 0.066306 2.475241
-0.348614 0.098508 -0.000000
-0.338742 0.083733 2.407910
-0.335275 0.066306 -0.000000
-0.335275 0.066306 2.407910
-0.335275 0.066306 -0.000000
-0.335275 0.066306 2.407910
-0.338742 0.048878 -0.000000
-0.348614 0.034104 2.407910
-0.363388 0.024232 -0.000000
-0.380815 0.020766 2.407910
-0.398243 0.024232 -0.000000
-0.413017 0.034104 2.407910
-0.422889 0.048878 -0.000000
-0.426356 0.066306 2.407910
-0.422889 0.083733 -0.000000
-0.413017 0.098508 2.407910
-0.398243 0.108379 -0.000000
-0.398243 0.108379 2.407910
-0.380815 0.111846 -0.000000
-0.363388 0.108379 2.407910
-0.313074 0.176890 2.407910
-0.313074 0.176890 2.475241
-0.313074 0.066306 2.407910
-0.313074 0.066306 2.475241
-0.318231 0.040382 2.407910
-0.332915 0.018405 2.475241
-0.354892 0.003721 2.407910
-0.354892 0.003721 2.475241
-0.380815 -0.001435 2.407910
-0.406739 0.003721 2.475241
-0.428716 0.018405 2.407910
-0.443400 0.040382 2.475241
-0.448557 0.066306 2.407910
-0.448557 0.066306 2.475241
-0.448557 0.165034 2.407910
-0.448557 0.165034 2.475241
-0.363388 0.108379 2.407910
-0.313074 0.176890 2.407910
-0.338742 0.083733 2.407910
-0.338742 0.083733 2.475241
-0.313074 0.176890 2.475241
-0.363388 0.108379 2.475241
-0.335275 0.066306 2.407910
-0.313074 0.066306 2.407910
-0.335275 0.066306 2.475241
-0.313074 0.066306 2.475241
-0.348614 0.034104 2.407910
-0.318231 0.040382 2.407910
-0.332915 0.018405 2.475241
-0.354892 0.003721 2.407910
-0.348614 0.034104 2.475241
-0.380815 0.020766 2.407910
-0.354892 0.003721 2.475241
-0.380815 -0.001435 2.407910
-0.380815 0.020766 2.475241
-0.413017 0.034104 2.407910
-0.406739 0.003721 2.475241
-0.428716 0.018405 2.407910
-0.413017 0.034104 2.475241
-0.426356 0.066306 2.407910
-0.448557 0.066306 2.407910
-0.422889 0.048878 2.475241
-0.443400 0.040382 2.475241
-0.448557 0.066306 2.475241
-0.413017 0.098508 2.407910
-0.448557 0.165034 2.407910
-0.448557 0.165034 2.475241
-0.422889 0.083733 2.475241
-0.398243 0.108379 2.407910
-0.398243 0.108379 2.475241
-0.534482 0.165034 2.409930
-0.534482 0.165034 2.473221
-0.534482 0.176890 2.409930
-0.534482 0.176890 2.473221
-0.448557 0.165034 2.407910
-0.448557 0.165034 2.475241
-0.534482 0.165034 2.409930
-0.534482 0.165034 2.473221
-0.534482 0.165034 2.409930
-0.534482 0.176890 2.409930
-0.448557 0.165034 2.407910
-0.313074 0.176890 2.407910
-0.534482 0.176890 2.473221
-0.534482 0.165034 2.473221
-0.335275 0.066306 -0.000000
-0.380815 0.111846 -0.000000
-0.348614 0.098508 -0.000000
-0.398243 0.108379 -0.000000
-0.422889 0.083733 -0.000000
-0.422889 0.048878 -0.000000
-0.398243 0.024232 -0.000000
-0.363388 0.024232 -0.000000
-0.338742 0.048878 -0.000000
-0.799659 0.223975 1.833289
0.799659 0.223975 1.833289
-0.796906 0.223975 1.827124
0.796906 0.223975 1.827124
-0.800664 0.220511 1.827346
-0.803123 0.220511 1.833292
-0.799659 0.223975 1.833289
-0.796906 0.223975 1.827124
0.800664 0.220511 1.827346
0.799659 0.223975 1.833289
0.803123 0.220511 1.833292
0.796906 0.223975 1.827124
0.800664 0.179337 1.827346
0.803123 0.179336 1.833292
0.799659 0.175873 1.833289
0.796906 0.175873 1.827124
0.799659 0.175873 1.833289
-0.799659 0.175873 1.833289
0.796906 0.175873 1.827124
-0.796906 0.175873 1.827124
-0.800664 0.179337 1.827346
-0.799659 0.175873 1.833289
-0.803123 0.179336 1.833292
-0.796906 0.175873 1.827124
-0.799659 0.223975 2.731337
-0.800618 0.220510 2.737476
-0.796865 0.223975 2.737462
-0.803123 0.220511 2.731581
0.799659 0.223975 2.731337
-0.796865 0.223975 2.737462
0.796865 0.223975 2.737462
-0.799659 0.223975 2.731337
0.800618 0.220510 2.737476
0.799659 0.223975 2.731337
0.796865 0.223975 2.737462
0.803123 0.220511 2.731581
0.800618 0.179337 2.737476
0.803123 0.179336 2.731581
0.799659 0.175873 2.731337
0.796865 0.175874 2.737462
-0.799659 0.175873 2.731337
0.796865 0.175874 2.737462
-0.796865 0.175874 2.737462
0.799659 0.175873 2.731337
-0.800618 0.179337 2.737476
-0.799659 0.175873 2.731337
-0.796865 0.175874 2.737462
-0.803123 0.179336 2.731581
-0.125503 0.175874 1.154133
0.119536 0.175874 1.151495
0.125503 0.175874 1.154133
-0.119536 0.175874 1.151495
0.803123 0.220511 2.731581
0.799659 0.223975 2.731337
0.803123 0.179336 2.731581
0.799659 0.175873 2.731337
-0.641063 0.175873 2.884378
-0.647050 0.175873 2.881815
0.641063 0.175873 2.884378
0.647050 0.175873 2.881815
0.647050 0.223975 2.881815
-0.647050 0.223975 2.881815
0.125503 0.223975 1.154133
-0.119536 0.223975 1.151495
-0.125503 0.223975 1.154133
0.119536 0.223975 1.151495
0.641265 0.220511 2.887841
0.641265 0.179336 2.887841
0.647224 0.220513 2.885435
0.647224 0.179335 2.885435
0.641063 0.175873 2.884378
0.647050 0.175873 2.881815
-0.647224 0.179335 2.885435
-0.641063 0.175873 2.884378
-0.641265 0.179336 2.887841
-0.647050 0.175873 2.881815
-0.647224 0.220513 2.885435
-0.641265 0.220511 2.887841
0.641063 0.223975 2.884378
0.647050 0.223975 2.881815
-0.641063 0.223975 2.884378
-0.647050 0.223975 2.881815
-0.125670 0.179336 1.150497
-0.119730 0.220511 1.148032
-0.119730 0.179336 1.148032
-0.125670 0.220513 1.150497
-0.119536 0.175874 1.151495
-0.125503 0.175874 1.154133
0.119536 0.175874 1.151495
0.125670 0.179336 1.150497
0.125503 0.175874 1.154133
0.119730 0.179336 1.148032
0.119730 0.220511 1.148032
0.125670 0.220513 1.150497
-0.119536 0.223975 1.151495
-0.125503 0.223975 1.154133
0.119536 0.223975 1.151495
0.125503 0.223975 1.154133
-0.641265 0.179336 2.887841
-0.641063 0.175873 2.884378
-0.641063 0.223975 2.884378
-0.641265 0.220511 2.887841
-0.119730 0.179336 1.148032
-0.119536 0.175874 1.151495
-0.119536 0.223975 1.151495
-0.119730 0.220511 1.148032
0.641063 0.223975 2.884378
-0.641063 0.223975 2.884378
0.503688 0.150756 2.423357
0.507048 0.151984 2.423659
0.506339 0.150756 2.424887
0.504397 0.151984 2.422129
0.504397 0.151984 2.422129
0.504397 0.165034 2.422129
0.507048 0.151984 2.423659
0.507048 0.165034 2.423659
0.516508 0.151983 2.440045
0.516508 0.165034 2.440045
0.516508 0.151983 2.443106
0.516508 0.165034 2.443106
0.515090 0.150756 2.443106
0.516508 0.151983 2.440045
0.516508 0.151983 2.443106
0.515090 0.150756 2.440045
0.474783 0.150756 2.443106
0.474783 0.150756 2.440045
0.482825 0.151983 2.423659
0.485476 0.151984 2.422129
0.486185 0.150756 2.423357
0.483534 0.150756 2.424887
0.482825 0.151983 2.423659
0.482825 0.165034 2.423659
0.485476 0.151984 2.422129
0.485476 0.165034 2.422129
0.473365 0.165034 2.443106
0.473365 0.151983 2.440045
0.473365 0.151983 2.443106
0.473365 0.165034 2.440045
0.473365 0.151983 2.443106
0.473365 0.151983 2.440045
0.482825 0.151983 2.459492
0.486185 0.150756 2.459794
0.485476 0.151984 2.461022
0.483534 0.150756 2.458264
0.482825 0.165034 2.459492
0.485476 0.151984 2.461022
0.485476 0.165034 2.461022
0.482825 0.151983 2.459492
0.507048 0.151984 2.459492
0.503688 0.150756 2.459794
0.506339 0.150756 2.458264
0.504397 0.151984 2.461022
0.504397 0.165034 2.461022
0.504397 0.151984 2.461022
0.507048 0.165034 2.459492
0.507048 0.151984 2.459492
0.482825 0.151983 2.423659
0.482825 0.165034 2.423659
0.365340 0.103667 2.526144
0.380815 0.106746 2.526144
0.363388 0.108379 2.521142
0.380815 0.111846 2.521142
0.352220 0.094901 2.526144
0.348614 0.098508 2.521142
0.343454 0.081782 2.526144
0.338742 0.083733 2.521142
0.340375 0.066306 2.526144
0.335275 0.066306 2.521142
0.338742 0.048878 2.521142
0.343454 0.050830 2.526144
0.352220 0.037710 2.526144
0.348614 0.034104 2.521142
0.365340 0.028944 2.526144
0.363388 0.024232 2.521142
0.380815 0.025866 2.526144
0.380815 0.020766 2.521142
0.396291 0.028944 2.526144
0.398243 0.024232 2.521142
0.409411 0.037710 2.526144
0.413017 0.034104 2.521142
0.422889 0.048878 2.521142
0.418177 0.050830 2.526144
0.421255 0.066306 2.526144
0.426356 0.066306 2.521142
0.418177 0.081782 2.526144
0.422889 0.083733 2.521142
0.413017 0.098508 2.521142
0.409411 0.094901 2.526144
0.398243 0.108379 2.521142
0.396291 0.103667 2.526144
0.365340 0.103667 2.526144
0.352220 0.094901 2.526144
0.343454 0.081782 2.526144
0.340375 0.066306 2.526144
0.343454 0.050830 2.526144
0.352220 0.037710 2.526144
0.365340 0.028944 2.526144
0.380815 0.025866 2.526144
0.396291 0.028944 2.526144
0.409411 0.037710 2.526144
0.418177 0.050830 2.526144
0.421255 0.066306 2.526144
0.418177 0.081782 2.526144
0.409411 0.094901 2.526144
0.396291 0.103667 2.526144
0.380815 0.106746 2.526144
0.363388 0.108379 2.521142
0.348614 0.098508 2.475241
0.348614 0.098508 2.521142
0.363388 0.108379 2.475241
0.380815 0.111846 2.521142
0.380815 0.111846 2.475241
0.398243 0.108379 2.521142
0.398243 0.108379 2.475241
0.413017 0.098508 2.521142
0.413017 0.098508 2.475241
0.422889 0.083733 2.521142
0.422889 0.083733 2.475241
0.426356 0.066306 2.521142
0.426356 0.066306 2.475241
0.422889 0.048878 2.521142
0.422889 0.048878 2.475241
0.413017 0.034104 2.521142
0.413017 0.034104 2.475241
0.398243 0.024232 2.521142
0.398243 0.024232 2.475241
0.380815 0.020766 2.521142
0.380815 0.020766 2.475241
0.363388 0.024232 2.521142
0.363388 0.024232 2.475241
0.348614 0.034104 2.521142
0.348614 0.034104 2.475241
0.338742 0.048878 2.521142
0.338742 0.048878 2.475241
0.335275 0.066306 2.521142
0.335275 0.066306 2.475241
0.338742 0.083733 2.521142
0.338742 0.083733 2.475241
0.335275 0.066306 2.521142
0.335275 0.066306 2.475241
0.348614 0.098508 2.407910
0.348614 0.098508 -0.000000
0.338742 0.083733 2.407910
0.338742 0.083733 -0.000000
0.335275 0.066306 2.407910
0.335275 0.066306 -0.000000
0.335275 0.066306 2.407910
0.335275 0.066306 -0.000000
0.338742 0.048878 2.407910
0.338742 0.048878 -0.000000
0.348614 0.034104 2.407910
0.348614 0.034104 -0.000000
0.363388 0.024232 2.407910
0.363388 0.024232 -0.000000
0.380815 0.020766 2.407910
0.380815 0.020766 -0.000000
0.398243 0.024232 2.407910
0.398243 0.024232 -0.000000
0.413017 0.034104 2.407910
0.413017 0.034104 -0.000000
0.422889 0.048878 2.407910
0.422889 0.048878 -0.000000
0.426356 0.066306 2.407910
0.426356 0.066306 -0.000000
0.422889 0.083733 2.407910
0.422889 0.083733 -0.000000
0.413017 0.098508 2.407910
0.413017 0.098508 -0.000000
0.398243 0.108379 2.407910
0.398243 0.108379 -0.000000
0.380815 0.111846 2.407910
0.380815 0.111846 -0.000000
0.363388 0.108379 2.407910
0.363388 0.108379 -0.000000
0.313074 0.066306 2.475241
0.313074 0.176890 2.475241
0.313074 0.176890 2.407910
0.313074 0.066306 2.407910
0.318231 0.040382 2.475241
0.318231 0.040382 2.407910
0.332915 0.018405 2.475241
0.332915 0.018405 2.407910
0.354892 0.003721 2.475241
0.354892 0.003721 2.407910
0.380815 -0.001435 2.475241
0.380815 -0.001435 2.407910
0.406739 0.003721 2.475241
0.406739 0.003721 2.407910
0.428716 0.018405 2.475241
0.428716 0.018405 2.407910
0.443400 0.040382 2.407910
0.443400 0.040382 2.475241
0.448557 0.066306 2.475241
0.448557 0.066306 2.407910
0.448557 0.165034 2.475241
0.448557 0.165034 2.407910
0.363388 0.108379 2.407910
0.348614 0.098508 2.407910
0.313074 0.176890 2.407910
0.348614 0.098508 2.475241
0.363388 0.108379 2.475241
0.313074 0.176890 2.475241
0.338742 0.083733 2.407910
0.338742 0.083733 2.475241
0.313074 0.066306 2.407910
0.335275 0.066306 2.407910
0.313074 0.066306 2.475241
0.335275 0.066306 2.475241
0.338742 0.048878 2.407910
0.318231 0.040382 2.407910
0.338742 0.048878 2.475241
0.318231 0.040382 2.475241
0.348614 0.034104 2.407910
0.332915 0.018405 2.407910
0.332915 0.018405 2.475241
0.348614 0.034104 2.475241
0.354892 0.003721 2.407910
0.363388 0.024232 2.407910
0.354892 0.003721 2.475241
0.363388 0.024232 2.475241
0.380815 -0.001435 2.407910
0.380815 0.020766 2.407910
0.380815 -0.001435 2.475241
0.380815 0.020766 2.475241
0.398243 0.024232 2.407910
0.406739 0.003721 2.407910
0.398243 0.024232 2.475241
0.406739 0.003721 2.475241
0.428716 0.018405 2.407910
0.413017 0.034104 2.407910
0.428716 0.018405 2.475241
0.413017 0.034104 2.475241
0.443400 0.040382 2.407910
0.422889 0.048878 2.407910
0.443400 0.040382 2.475241
0.422889 0.048878 2.475241
0.426356 0.066306 2.407910
0.448557 0.066306 2.407910
0.448557 0.066306 2.475241
0.426356 0.066306 2.475241
0.422889 0.083733 2.407910
0.448557 0.165034 2.407910
0.448557 0.165034 2.475241
0.422889 0.083733 2.475241
0.413017 0.098508 2.407910
0.413017 0.098508 2.475241
0.398243 0.108379 2.407910
0.398243 0.108379 2.475241
0.380815 0.111846 2.407910
0.380815 0.111846 2.475241
0.534482 0.165034 2.473221
0.534482 0.165034 2.409930
0.534482 0.176890 2.473221
0.534482 0.176890 2.409930
0.532462 0.165034 2.475241
0.448557 0.165034 2.475241
0.448557 0.165034 2.407910
0.532462 0.165034 2.407910
0.313074 0.176890 2.407910
0.532462 0.176890 2.407910
0.448557 0.165034 2.407910
0.532462 0.165034 2.407910
0.532462 0.176890 2.475241
0.532462 0.165034 2.475241
0.534482 0.165034 2.409930
0.534482 0.176890 2.409930
0.534482 0.165034 2.473221
0.534482 0.176890 2.473221
0.534482 0.165034 2.473221
0.534482 0.165034 2.409930
0.398243 0.024232 -0.000000
0.413017 0.034104 -0.000000
0.348614 0.098508 -0.000000
0.363388 0.108379 -0.000000
0.380815 0.111846 -0.000000
0.398243 0.108379 -0.000000
0.413017 0.098508 -0.000000
0.422889 0.083733 -0.000000
0.426356 0.066306 -0.000000
0.422889 0.048878 -0.000000
0.380815 0.020766 -0.000000
0.363388 0.024232 -0.000000
0.348614 0.034104 -0.000000
0.338742 0.048878 -0.000000
0.335275 0.066306 -0.000000
0.338742 0.083733 -0.000000
-0.320374 0.114185 2.467897
0.313074 0.114185 2.467897
-0.320374 0.122930 2.462053
0.313074 0.122930 2.462053
-0.320374 0.103869 2.469949
0.313074 0.103869 2.469949
-0.320374 0.093553 2.467897
0.313074 0.093553 2.467897
-0.320374 0.103869 2.469949
0.313074 0.103869 2.469949
-0.320374 0.084807 2.462053
0.313074 0.084807 2.462053
-0.320374 0.078964 2.453308
0.313074 0.078964 2.453308
-0.320374 0.076912 2.442992
0.313074 0.076912 2.442992
-0.320374 0.078964 2.432676
0.313074 0.078964 2.432676
-0.320374 0.084807 2.423931
0.313074 0.084807 2.423931
-0.320374 0.093553 2.418087
0.313074 0.093553 2.418087
-0.320374 0.103869 2.416035
0.313074 0.103869 2.416035
-0.320374 0.114185 2.418087
0.313074 0.114184 2.418087
-0.320374 0.122930 2.423931
0.313074 0.122930 2.423931
0.313074 0.128773 2.432676
-0.320374 0.128773 2.432676
0.313074 0.130825 2.442992
-0.320374 0.130825 2.442992
0.313074 0.128773 2.453308
-0.320374 0.128773 2.453308
-0.503688 0.150756 2.423357
-0.507048 0.151984 2.423659
-0.504397 0.151984 2.422129
-0.506339 0.150756 2.424887
-0.504397 0.165034 2.422129
-0.504397 0.151984 2.422129
-0.507048 0.151984 2.423659
-0.507048 0.165034 2.423659
-0.516508 0.165034 2.440045
-0.516508 0.151983 2.443106
-0.516508 0.165034 2.443106
-0.516508 0.151983 2.440045
-0.516508 0.151983 2.443106
-0.516508 0.151983 2.440045
-0.515090 0.150756 2.443106
-0.515090 0.150756 2.440045
-0.474783 0.150756 2.443106
-0.474783 0.150756 2.440045
-0.485476 0.151984 2.422129
-0.482825 0.151983 2.423659
-0.486185 0.150756 2.423357
-0.483534 0.150756 2.424887
-0.482825 0.165034 2.423659
-0.482825 0.151983 2.423659
-0.485476 0.151984 2.422129
-0.485476 0.165034 2.422129
-0.473365 0.165034 2.443106
-0.473365 0.151983 2.443106
-0.473365 0.151983 2.440045
-0.473365 0.165034 2.440045
-0.473365 0.151983 2.443106
-0.473365 0.151983 2.440045
-0.482825 0.151983 2.459492
-0.486185 0.150756 2.459794
-0.483534 0.150756 2.458264
-0.485476 0.151984 2.461022
-0.482825 0.165034 2.459492
-0.485476 0.151984 2.461022
-0.482825 0.151983 2.459492
-0.485476 0.165034 2.461022
-0.506339 0.150756 2.458264
-0.503688 0.150756 2.459794
-0.507048 0.151984 2.459492
-0.504397 0.151984 2.461022
-0.507048 0.165034 2.459492
-0.504397 0.151984 2.461022
-0.504397 0.165034 2.461022
-0.507048 0.151984 2.459492
-0.482825 0.151983 2.423659
-0.482825 0.165034 2.423659
-0.363388 0.108379 2.521142
-0.380815 0.111846 2.521142
-0.380815 0.106746 2.526144
-0.365340 0.103667 2.526144
-0.352220 0.094901 2.526144
-0.348614 0.098508 2.521142
-0.343454 0.081782 2.526144
-0.338742 0.083733 2.521142
-0.340375 0.066306 2.526144
-0.335275 0.066306 2.521142
-0.338742 0.048878 2.521142
-0.343454 0.050830 2.526144
-0.352220 0.037710 2.526144
-0.348614 0.034104 2.521142
-0.365340 0.028944 2.526144
-0.363388 0.024232 2.521142
-0.380815 0.025866 2.526144
-0.380815 0.020766 2.521142
-0.396291 0.028944 2.526144
-0.398243 0.024232 2.521142
-0.409411 0.037710 2.526144
-0.413017 0.034104 2.521142
-0.422889 0.048878 2.521142
-0.418177 0.050830 2.526144
-0.426356 0.066306 2.521142
-0.421255 0.066306 2.526144
-0.422889 0.083733 2.521142
-0.418177 0.081782 2.526144
-0.409411 0.094901 2.526144
-0.413017 0.098508 2.521142
-0.398243 0.108379 2.521142
-0.396291 0.103667 2.526144
-0.365340 0.103667 2.526144
-0.352220 0.094901 2.526144
-0.343454 0.081782 2.526144
-0.340375 0.066306 2.526144
-0.343454 0.050830 2.526144
-0.352220 0.037710 2.526144
-0.365340 0.028944 2.526144
-0.380815 0.025866 2.526144
-0.396291 0.028944 2.526144
-0.409411 0.037710 2.526144
-0.418177 0.050830 2.526144
-0.421255 0.066306 2.526144
-0.418177 0.081782 2.526144
-0.409411 0.094901 2.526144
-0.396291 0.103667 2.526144
-0.380815 0.106746 2.526144
-0.363388 0.108379 2.521142
-0.348614 0.098508 2.475241
-0.363388 0.108379 2.475241
-0.348614 0.098508 2.521142
-0.380815 0.111846 2.475241
-0.380815 0.111846 2.521142
-0.398243 0.108379 2.475241
-0.398243 0.108379 2.521142
-0.413017 0.098508 2.475241
-0.413017 0.098508 2.521142
-0.422889 0.083733 2.475241
-0.422889 0.083733 2.521142
-0.426356 0.066306 2.475241
-0.426356 0.066306 2.521142
-0.422889 0.048878 2.475241
-0.422889 0.048878 2.521142
-0.413017 0.034104 2.475241
-0.413017 0.034104 2.521142
-0.398243 0.024232 2.475241
-0.398243 0.024232 2.521142
-0.380815 0.020766 2.475241
-0.380815 0.020766 2.521142
-0.363388 0.024232 2.521142
-0.363388 0.024232 2.475241
-0.348614 0.034104 2.475241
-0.348614 0.034104 2.521142
-0.338742 0.048878 2.521142
-0.338742 0.048878 2.475241
-0.335275 0.066306 2.475241
-0.335275 0.066306 2.521142
-0.335275 0.066306 2.521142
-0.338742 0.083733 2.475241
-0.338742 0.083733 2.521142
-0.335275 0.066306 2.475241
-0.338742 0.083733 2.407910
-0.348614 0.098508 -0.000000
-0.348614 0.098508 2.407910
-0.338742 0.083733 -0.000000
-0.335275 0.066306 2.407910
-0.335275 0.066306 -0.000000
-0.338742 0.048878 2.407910
-0.335275 0.066306 -0.000000
-0.335275 0.066306 2.407910
-0.338742 0.048878 -0.000000
-0.348614 0.034104 2.407910
-0.348614 0.034104 -0.000000
-0.363388 0.024232 2.407910
-0.363388 0.024232 -0.000000
-0.380815 0.020766 2.407910
-0.380815 0.020766 -0.000000
-0.398243 0.024232 2.407910
-0.398243 0.024232 -0.000000
-0.413017 0.034104 2.407910
-0.413017 0.034104 -0.000000
-0.422889 0.048878 2.407910
-0.422889 0.048878 -0.000000
-0.426356 0.066306 2.407910
-0.426356 0.066306 -0.000000
-0.422889 0.083733 2.407910
-0.422889 0.083733 -0.000000
-0.413017 0.098508 2.407910
-0.413017 0.098508 -0.000000
-0.398243 0.108379 2.407910
-0.398243 0.108379 -0.000000
-0.380815 0.111846 2.407910
-0.380815 0.111846 -0.000000
-0.363388 0.108379 2.407910
-0.363388 0.108379 -0.000000
-0.313074 0.066306 2.475241
-0.313074 0.176890 2.407910
-0.313074 0.176890 2.475241
-0.313074 0.066306 2.407910
-0.318231 0.040382 2.475241
-0.318231 0.040382 2.407910
-0.332915 0.018405 2.475241
-0.332915 0.018405 2.407910
-0.354892 0.003721 2.475241
-0.354892 0.003721 2.407910
-0.380815 -0.001435 2.475241
-0.380815 -0.001435 2.407910
-0.406739 0.003721 2.475241
-0.406739 0.003721 2.407910
-0.428716 0.018405 2.475241
-0.428716 0.018405 2.407910
-0.443400 0.040382 2.475241
-0.443400 0.040382 2.407910
-0.448557 0.066306 2.475241
-0.448557 0.066306 2.407910
-0.448557 0.165034 2.475241
-0.448557 0.165034 2.407910
-0.363388 0.108379 2.407910
-0.313074 0.176890 2.407910
-0.348614 0.098508 2.407910
-0.348614 0.098508 2.475241
-0.313074 0.176890 2.475241
-0.363388 0.108379 2.475241
-0.338742 0.083733 2.407910
-0.338742 0.083733 2.475241
-0.313074 0.066306 2.407910
-0.335275 0.066306 2.407910
-0.313074 0.066306 2.475241
-0.335275 0.066306 2.475241
-0.338742 0.048878 2.407910
-0.318231 0.040382 2.407910
-0.338742 0.048878 2.475241
-0.318231 0.040382 2.475241
-0.348614 0.034104 2.407910
-0.332915 0.018405 2.407910
-0.348614 0.034104 2.475241
-0.332915 0.018405 2.475241
-0.354892 0.003721 2.407910
-0.363388 0.024232 2.407910
-0.354892 0.003721 2.475241
-0.363388 0.024232 2.475241
-0.380815 -0.001435 2.407910
-0.380815 0.020766 2.407910
-0.380815 -0.001435 2.475241
-0.380815 0.020766 2.475241
-0.398243 0.024232 2.407910
-0.406739 0.003721 2.407910
-0.398243 0.024232 2.475241
-0.406739 0.003721 2.475241
-0.428716 0.018405 2.407910
-0.413017 0.034104 2.407910
-0.428716 0.018405 2.475241
-0.413017 0.034104 2.475241
-0.422889 0.048878 2.407910
-0.443400 0.040382 2.407910
-0.443400 0.040382 2.475241
-0.422889 0.048878 2.475241
-0.426356 0.066306 2.407910
-0.448557 0.066306 2.407910
-0.448557 0.066306 2.475241
-0.426356 0.066306 2.475241
-0.422889 0.083733 2.407910
-0.448557 0.165034 2.407910
-0.448557 0.165034 2.475241
-0.422889 0.083733 2.475241
-0.413017 0.098508 2.407910
-0.413017 0.098508 2.475241
-0.398243 0.108379 2.407910
-0.398243 0.108379 2.475241
-0.380815 0.111846 2.407910
-0.380815 0.111846 2.475241
-0.534482 0.176890 2.473221
-0.534482 0.165034 2.409930
-0.534482 0.165034 2.473221
-0.534482 0.176890 2.409930
-0.532462 0.165034 2.475241
-0.448557 0.165034 2.407910
-0.448557 0.165034 2.475241
-0.532462 0.165034 2.407910
-0.532462 0.176890 2.407910
-0.313074 0.176890 2.407910
-0.532462 0.165034 2.407910
-0.532462 0.176890 2.475241
-0.532462 0.165034 2.475241
-0.534482 0.165034 2.409930
-0.534482 0.176890 2.409930
-0.534482 0.176890 2.473221
-0.534482 0.165034 2.473221
-0.534482 0.165034 2.473221
-0.534482 0.165034 2.409930
-0.398243 0.024232 -0.000000
-0.413017 0.034104 -0.000000
-0.348614 0.098508 -0.000000
-0.363388 0.108379 -0.000000
-0.380815 0.111846 -0.000000
-0.398243 0.108379 -0.000000
-0.413017 0.098508 -0.000000
-0.422889 0.083733 -0.000000
-0.426356 0.066306 -0.000000
-0.422889 0.048878 -0.000000
-0.380815 0.020766 -0.000000
-0.363388 0.024232 -0.000000
-0.348614 0.034104 -0.000000
-0.338742 0.048878 -0.000000
-0.335275 0.066306 -0.000000
-0.338742 0.083733 -0.000000
263 264
309 311
259 261
314 315
265 266
309 310
315 316
259 266
264 265
524 525
311 312
528 529
262 263
522 523
313 314
433 434
526 527
424 437
529 530
425 426
427 428
429 430
431 432
435 436
520 521
531 532
734 736
737 739
902 903
904 905
1237 1238
1239 1240
1549 1550
1552 1553
16 17
14 40
17 19
15 16
12 27
12 18
13 15
27 28
66 78
63 77
73 82
10 30
28 30
70 86
67 84
71 85
64 88
76 87
80 81
11 18
11 30
69 96
74 114
75 89
600 601
353 354
365 366
207 208
219 220
619 620
619 633
4 9
7 8
32 62
58 60
172 195
205 222
224 226
365 367
369 371
610 635
611 663
638 661
640 662
1059 1094
1060 1091
219 221
223 225
351 368
370 372
633 634
642 660
1049 1051
1063 1092
1071 1093
1099 1100
198 199
197 199
0 2
5 6
0 8
4 6
1 7
3 9
1 2
3 5
22 31
26 34
360 395
379 380
92 101
20 31
91 94
21 24
92 100
95 100
346 347
385 386
213 248
214 249
233 234
241 242
359 394
387 388
601 626
603 653
200 201
239 240
584 585
588 590
589 652
594 657
596 654
602 650
654 667
997 1078
1001 1086
1005 1082
1013 1075
599 625
655 667
92 98
1011 1043
1012 1041
1016 1080
202 247
231 232
348 393
377 378
586 637
592 659
995 1057
996 1055
1000 1088
1004 1090
93 97
90 98
31 49
34 51
33 61
37 38
24 59
37 39
98 107
348 349
356 358
94 154
202 203
210 212
206 213
215 217
353 360
355 357
100 110
101 107
98 109
207 214
209 211
347 350
362 364
591 607
595 629
597 631
604 624
629 630
998 1020
1003 1045
1006 1047
1015 1040
587 608
628 630
352 359
361 363
601 618
603 623
994 1021
1002 1046
1010 1033
1014 1038
201 204
216 218
585 609
590 606
598 632
600 619
993 1024
999 1017
1007 1048
1009 1036
104 108
105 149
105 194
25 29
25 33
35 36
302 303
299 300
298 299
304 305
494 495
303 304
493 494
301 302
492 493
489 491
831 833
835 836
300 301
827 842
841 842
839 840
488 490
495 496
828 829
830 832
1383 1384
1387 1388
837 838
166 168
54 55
44 50
44 47
139 140
158 160
150 155
141 142
131 132
102 111
53 55
53 57
159 162
22 23
23 26
92 93
93 95
346 393
374 376
200 247
227 229
228 230
248 249
584 637
625 626
20 21
90 91
103 128
659 665
373 375
394 395
625 627
655 664
35 42
32 51
49 60
658 665
1085 1098
656 664
1084 1095
1042 1044
1056 1058
1081 1096
1089 1097
58 59
61 62
194 197
109 195
220 221
237 238
350 368
389 390
203 205
235 236
149 198
194 198
334 342
291 292
285 294
457 481
550 578
775 815
940 982
340 341
478 479
576 577
811 812
979 981
108 172
606 666
609 635
617 642
619 634
618 620
621 623
107 195
1294 1355
1351 1352
1605 1666
1663 1664
206 208
245 246
349 351
381 382
366 367
383 384
352 354
391 392
204 222
243 244
608 610
611 613
154 172
605 646
612 641
616 639
622 643
1018 1069
1025 1061
1029 1062
1037 1065
48 53
110 196
1032 1064
1034 1052
1019 1074
1022 1054
1035 1050
1039 1068
1023 1053
1027 1072
36 47
45 46
43 56
48 52
56 57
43 50
43 57
27 45
106 117
16 42
106 135
134 135
16 48
273 275
279 280
27 43
19 52
40 52
169 182
42 48
171 177
44 52
280 281
291 293
328 333
339 341
452 469
478 480
547 567
575 577
772 798
811 813
937 965
980 981
1291 1334
1351 1353
1646 1664
40 44
306 308
331 332
27 36
27 46
52 54
324 326
330 331
446 448
447 449
465 469
468 472
542 545
565 568
766 769
795 800
322 323
128 143
321 322
166 178
35 44
267 268
281 286
122 126
250 251
282 284
30 43
269 270
284 285
318 320
332 334
438 439
440 441
452 453
456 457
533 535
534 536
547 552
550 553
755 756
757 758
772 777
775 779
920 922
921 923
937 943
940 945
1267 1268
1269 1270
1291 1297
1294 1299
1579 1581
1580 1582
1602 1609
1605 1611
18 41
18 45
318 319
166 185
320 321
13 40
307 308
320 322
157 170
157 177
148 177
152 182
323 325
327 328
161 178
14 15
15 17
543 544
564 567
767 768
796 798
932 934
933 935
960 965
963 966
1285 1287
1286 1288
1330 1334
1331 1335
1597 1599
1598 1600
1642 1646
1643 1647
10 12
12 28
18 27
41 43
43 47
165 185
36 56
144 148
13 16
256 258
270 272
250 253
272 274
253 254
256 257
255 256
11 12
252 254
255 257
152 153
314 316
343 345
310 311
319 321
175 178
18 30
179 181
283 294
289 290
472 481
476 477
568 578
572 574
335 337
339 340
474 475
479 480
571 573
575 576
330 342
336 338
800 816
809 810
966 983
975 977
287 288
292 293
807 808
813 814
974 976
978 980
274 276
282 283
317 319
272 273
30 41
261 266
278 286
263 265
295 297
13 35
1335 1356
1347 1348
1349 1350
1353 1354
1646 1665
1647 1667
1659 1661
1660 1662
178 192
10 11
167 186
144 157
47 50
168 169
164 167
157 178
120 137
82 126
402 404
405 407
505 506
513 516
262 264
268 271
309 312
343 344
313 315
327 329
264 266
277 278
259 265
296 297
259 260
295 296
124 134
124 151
439 443
453 461
444 447
463 468
537 540
555 560
271 272
323 324
116 131
159 169
123 125
444 445
539 540
442 443
121 131
66 68
268 270
176 185
119 145
267 269
275 276
287 289
317 318
325 326
335 336
438 440
446 447
474 476
533 534
537 538
544 545
571 572
755 757
768 769
807 809
920 921
934 935
974 975
1268 1269
1287 1288
1348 1349
1580 1581
1599 1600
1660 1661
306 307
322 324
505 507
511 513
406 408
417 419
418 420
460 466
504 507
509 511
514 515
522 524
554 558
557 562
311 313
321 323
523 525
582 583
529 531
579 581
312 314
344 345
288 290
337 338
163 164
167 187
160 169
475 477
573 574
804 806
808 810
972 973
976 977
1343 1344
1345 1346
1361 1362
1655 1658
1656 1657
1672 1673
129 146
144 170
144 177
80 131
168 181
181 186
174 184
80 121
184 186
83 127
71 72
137 188
145 183
83 87
155 174
179 186
158 166
187 190
191 193
82 89
82 115
136 164
167 190
160 168
176 188
124 127
173 175
174 191
185 192
131 133
147 157
24 29
38 39
103 111
302 304
179 180
172 197
184 193
541 543
930 932
957 960
441 442
456 459
535 538
536 537
552 556
553 555
758 760
779 782
923 925
945 948
445 446
464 465
540 542
560 565
759 761
763 765
781 783
789 792
924 926
929 931
947 949
956 962
443 445
461 464
761 763
783 789
927 929
952 956
442 444
459 463
538 539
556 559
782 788
539 541
559 561
762 764
788 790
928 930
953 957
715 730
251 252
255 258
102 117
112 120
424 436
485 486
426 437
450 451
530 532
546 548
411 423
454 455
510 518
549 551
403 404
410 412
527 529
580 581
433 435
467 470
526 528
563 566
408 409
415 417
416 418
432 434
466 471
484 487
512 514
562 569
711 712
719 721
720 722
793 799
427 429
428 430
451 458
482 483
520 523
579 583
429 431
430 432
458 462
482 484
504 506
509 519
190 193
161 166
303 305
493 495
301 303
489 493
20 22
90 92
509 510
515 516
893 894
511 512
890 891
508 511
516 517
518 519
250 254
106 144
144 151
132 142
80 113
119 121
78 96
209 210
232 234
355 356
378 380
65 75
75 81
44 54
77 113
704 706
709 712
701 703
708 710
239 241
363 364
385 387
227 228
229 230
231 233
240 242
118 122
89 115
131 141
132 135
129 130
89 116
175 189
138 165
70 73
410 411
713 714
412 423
413 414
415 416
417 418
419 420
421 422
513 514
716 718
719 720
721 722
723 724
725 726
727 729
731 732
895 896
898 899
1227 1228
1231 1232
1539 1540
1541 1544
184 191
66 69
183 191
375 376
377 379
225 226
243 245
389 391
215 216
244 246
696 698
707 709
490 491
492 494
373 374
386 388
211 212
235 237
361 362
390 392
223 224
236 238
369 370
382 384
87 114
189 192
165 176
107 110
501 502
63 79
100 101
123 132
135 142
108 194
21 23
91 93
649 651
664 665
1076 1077
614 615
629 631
645 647
661 662
1028 1030
1067 1070
1091 1094
357 358
381 383
86 88
125 127
67 71
115 116
162 171
143 156
65 79
79 81
186 190
77 119
114 123
175 192
78 129
72 76
133 141
501 503
399 400
500 501
123 138
112 123
64 70
73 75
399 401
138 140
153 180
173 189
103 133
68 69
163 167
161 171
84 85
83 96
299 301
488 489
111 141
183 187
80 89
188 189
117 135
498 499
96 130
132 140
83 124
82 86
396 397
400 401
85 114
71 74
157 175
405 406
419 421
420 422
431 433
454 460
462 467
515 517
521 522
548 554
549 557
558 563
725 727
739 740
746 748
776 780
778 784
791 794
874 878
886 889
893 895
905 907
911 913
942 946
944 950
955 959
735 754
770 771
901 919
936 938
714 730
773 774
880 897
939 941
407 409
413 415
434 436
471 473
486 487
508 512
569 570
704 705
716 719
749 751
799 802
822 823
914 916
967 969
987 988
435 437
450 470
528 530
546 566
752 754
770 801
917 919
936 968
411 413
455 473
508 510
551 570
714 716
774 802
880 883
941 969
402 403
410 414
742 744
785 786
908 910
990 991
738 741
825 826
906 908
991 992
424 425
483 485
733 734
748 750
794 797
818 820
871 877
878 879
882 898
884 886
900 902
913 915
959 964
984 986
876 879
881 884
733 753
820 821
876 877
881 882
900 918
985 986
710 711
721 723
722 724
743 745
787 793
817 819
888 890
909 911
951 955
954 958
525 527
580 582
747 749
823 824
885 887
912 914
961 967
988 989
910 912
989 990
702 703
723 725
724 726
784 787
890 893
907 909
946 951
950 954
872 875
891 892
872 873
892 894
697 698
713 715
146 173
158 161
153 156
72 74
140 150
139 155
85 112
146 147
150 165
88 118
271 273
277 279
158 162
698 700
707 708
102 142
494 496
829 842
832 833
835 837
839 842
300 302
68 76
84 120
78 84
86 122
126 143
131 139
63 64
764 766
790 795
1281 1284
1282 1283
1321 1325
1323 1327
1593 1595
1594 1596
1633 1638
1635 1639
1271 1273
1272 1274
1302 1306
1583 1585
1584 1586
1614 1618
1616 1620
765 767
792 796
931 933
962 963
1283 1286
1284 1285
1325 1330
1327 1331
1595 1597
1596 1598
1638 1642
1639 1643
756 759
777 781
922 924
943 947
1267 1271
1270 1272
1297 1302
1299 1304
1579 1583
1582 1584
1609 1614
1611 1616
949 953
1275 1277
1276 1278
1277 1279
1278 1280
1309 1313
1311 1315
1313 1318
1315 1320
1587 1589
1588 1590
1589 1591
1590 1592
1621 1625
1623 1627
1625 1630
1627 1632
925 927
948 952
1273 1275
1274 1276
1306 1309
1307 1311
1585 1587
1586 1588
1618 1621
1620 1623
1279 1281
1280 1282
1318 1321
1320 1323
1591 1593
1592 1594
1630 1633
1632 1635
155 168
66 67
396 398
497 499
500 502
397 398
497 498
502 503
673 677
847 852
150 166
668 669
690 692
865 866
164 187
676 678
850 853
684 685
858 860
670 686
844 861
680 681
854 856
671 672
694 695
846 848
869 870
669 687
692 694
845 863
866 869
675 679
691 693
851 855
867 868
827 828
838 840
830 831
836 838
837 839
831 834
834 836
827 841
840 841
833 835
674 675
693 695
849 851
868 870
682 683
690 691
857 859
865 867
1104 1120
1105 1125
1106 1126
1135 1144
1138 1146
1139 1145
1415 1431
1417 1438
1418 1437
1448 1456
1450 1458
1452 1459
1119 1132
1128 1149
1432 1444
1441 1461
1442 1462
1102 1114
1107 1109
1414 1426
1419 1424
688 689
862 864
1108 1110
1420 1421
1127 1137
1129 1140
1131 1133
1439 1449
1440 1451
1443 1445
1111 1148
1115 1141
1422 1460
1425 1455
1112 1147
1423 1457
186 193
94 104
113 121
99 196
701 702
726 728
698 699
715 732
705 706
717 718
699 700
728 729
696 697
713 717
1161 1164
1223 1225
1224 1226
1241 1243
1242 1244
1301 1305
1303 1308
1375 1376
1473 1476
1535 1538
1536 1537
1551 1555
1554 1556
1613 1617
1615 1619
1686 1687
1156 1158
1178 1179
1200 1230
1201 1229
1207 1209
1208 1210
1233 1235
1234 1236
1257 1259
1258 1260
1290 1295
1292 1296
1333 1337
1336 1338
1365 1378
1369 1370
1468 1470
1489 1492
1512 1542
1519 1521
1520 1522
1545 1547
1546 1548
1569 1571
1570 1572
1603 1607
1604 1608
1645 1649
1648 1650
1676 1689
1680 1681
1211 1213
1212 1214
1253 1255
1254 1256
1326 1329
1328 1332
1371 1372
1485 1487
1523 1525
1524 1526
1565 1567
1566 1568
1637 1641
1640 1644
1682 1683
745 747
819 824
887 888
958 961
1172 1173
1213 1215
1214 1216
1251 1253
1252 1254
1322 1326
1324 1328
1364 1372
1484 1485
1525 1527
1526 1528
1563 1565
1564 1566
1634 1637
1636 1640
1675 1683
1168 1170
1218 1220
1247 1249
1248 1250
1314 1317
1316 1319
1363 1373
1480 1482
1529 1531
1530 1532
1559 1561
1560 1562
1626 1629
1628 1631
1674 1684
751 753
821 822
916 918
985 987
1154 1181
1203 1205
1204 1206
1261 1263
1339 1341
1340 1342
1367 1368
1464 1493
1515 1517
1516 1518
1573 1575
1574 1576
1651 1653
1652 1654
1678 1679
1233 1265
1289 1290
1547 1577
1601 1603
1200 1202
1292 1293
1512 1513
1604 1606
1153 1156
1199 1201
1234 1266
1365 1366
1463 1468
1511 1514
1546 1578
1676 1677
750 752
797 801
915 917
964 968
1179 1181
1205 1207
1206 1208
1259 1261
1260 1262
1337 1339
1338 1340
1368 1369
1492 1493
1517 1519
1518 1520
1571 1573
1572 1574
1649 1651
1650 1652
1679 1680
741 743
817 825
1166 1168
1219 1221
1220 1222
1245 1247
1246 1248
1310 1314
1312 1316
1373 1374
1478 1480
1531 1534
1532 1533
1557 1559
1622 1626
1624 1628
1684 1685
1263 1265
1289 1341
1575 1577
1601 1653
1202 1204
1293 1342
1513 1515
1606 1654
1153 1154
1199 1203
1264 1266
1366 1367
1463 1464
1511 1516
1576 1578
1677 1678
737 738
818 826
871 873
894 896
904 906
984 992
1160 1161
1225 1227
1226 1228
1239 1241
1240 1242
1298 1301
1300 1303
1376 1377
1472 1473
1537 1540
1538 1539
1551 1553
1552 1554
1610 1613
1612 1615
1687 1688
740 742
780 785
1164 1166
1221 1223
1222 1224
1243 1245
1244 1246
1305 1310
1308 1312
1374 1375
1476 1478
1533 1536
1534 1535
1555 1557
1556 1558
1617 1622
1619 1624
1685 1686
744 746
786 791
874 875
889 891
1170 1172
1215 1217
1216 1218
1249 1251
1250 1252
1317 1322
1319 1324
1363 1364
1482 1484
1527 1529
1528 1530
1561 1563
1562 1564
1629 1634
1631 1636
1674 1675
730 731
735 736
771 776
773 778
897 899
901 903
938 942
939 944
1158 1160
1176 1178
1209 1211
1210 1212
1229 1231
1230 1232
1235 1237
1236 1238
1255 1257
1256 1258
1295 1298
1296 1300
1329 1333
1332 1336
1370 1371
1377 1378
1487 1489
1521 1523
1522 1524
1541 1543
1542 1544
1545 1549
1548 1550
1567 1569
1568 1570
1607 1610
1608 1612
1641 1645
1681 1682
1101 1121
1134 1142
1413 1433
1446 1454
1117 1136
1118 1122
1430 1434
1103 1116
1113 1143
1416 1428
1427 1453
97 105
1171 1174
1192 1193
1483 1486
1504 1505
1152 1182
1197 1198
1465 1494
1509 1510
1155 1157
1184 1185
1467 1469
1496 1497
1157 1159
1185 1186
1469 1471
1497 1498
1162 1163
1187 1188
1474 1475
1499 1500
1175 1177
1194 1195
1488 1490
1506 1507
1151 1152
1183 1198
1465 1466
1495 1510
1165 1167
1167 1169
1189 1190
1190 1191
1477 1479
1479 1481
1501 1502
1502 1503
1174 1175
1193 1194
1486 1488
1505 1506
1159 1162
1186 1187
1471 1474
1498 1499
1163 1165
1188 1189
1475 1477
1500 1501
1177 1180
1195 1196
1490 1491
1507 1508
1169 1171
1191 1192
1481 1483
1503 1504
1180 1182
1196 1197
1491 1494
1508 1509
1151 1155
1183 1184
1466 1467
1495 1496
672 673
674 678
847 848
849 853
669 670
669 688
675 676
844 845
845 862
850 851
851 854
107 109
668 686
671 677
683 685
687 689
843 861
846 852
859 860
863 864
1109 1110
1111 1112
1123 1124
1127 1129
1128 1130
1137 1140
1149 1150
1421 1424
1422 1423
1435 1436
1439 1440
1441 1442
1449 1451
1461 1462
679 681
682 684
855 856
857 858
1105 1106
1107 1108
1125 1126
1138 1139
1145 1146
1147 1148
1417 1418
1419 1420
1437 1438
1450 1452
1457 1460
1458 1459
98 101
803 804
805 806
812 814
815 816
970 972
971 973
978 979
982 983
1343 1345
1344 1346
1357 1358
1359 1360
1655 1657
1656 1658
1668 1669
1670 1671
1352 1354
1355 1356
1663 1665
1666 1667
1401 1403
1379 1383
1389 1391
1395 1397
1380 1382
1386 1390
1379 1381
1385 1389
1386 1388
1400 1402
1382 1411
1406 1407
1380 1384
1390 1392
1396 1398
1394 1396
1407 1409
1381 1412
1405 1408
1399 1401
1385 1387
1397 1399
1403 1405
1402 1404
1404 1406
1398 1400
1391 1393
1393 1395
1408 1410
1410 1412
1409 1411
586 587
592 593
584 636
588 651
626 627
649 653
621 643
643 644
646 648
646 666
596 598
599 600
993 995
994 996
999 1000
1002 1004
1007 1008
1009 1011
1010 1012
1014 1016
1031 1032
1033 1035
1034 1036
1038 1039
1017 1019
1021 1023
1022 1024
1026 1027
1041 1044
1042 1043
1055 1058
1056 1057
1079 1080
1081 1083
1087 1088
1089 1090
1049 1050
1051 1052
1053 1099
1054 1100
1063 1064
1066 1068
1071 1072
1073 1074
596 597
602 604
1005 1006
1013 1015
589 591
593 594
594 595
997 998
1001 1003
657 658
1085 1086
649 650
654 656
1075 1077
1082 1084
651 652
1076 1078
638 639
640 641
643 645
646 647
1059 1061
1060 1062
1065 1067
1069 1070
605 607
612 614
615 616
622 624
1018 1020
1025 1028
1029 1030
1037 1040
615 617
631 632
1030 1031
1047 1048
613 614
628 629
1026 1028
1045 1046
644 645
647 648
660 661
662 663
1066 1067
1070 1073
1091 1092
1093 1094
1076 1087
1097 1098
1077 1079
1095 1096
1109 1111
1110 1112
1113 1116
1114 1115
1117 1118
1127 1130
1128 1129
1131 1132
1421 1423
1422 1424
1425 1426
1427 1428
1429 1430
1439 1442
1440 1441
1443 1444
1102 1104
1105 1107
1106 1108
1141 1144
1145 1147
1146 1148
1414 1415
1417 1420
1418 1419
1455 1456
1457 1459
1458 1460
1119 1120
1123 1125
1133 1135
1138 1140
1431 1432
1436 1437
1445 1448
1450 1451
1124 1126
1137 1139
1435 1438
1449 1452
1101 1103
1413 1416
1121 1122
1433 1434
1142 1143
1453 1454
1134 1136
1446 1447
1355 1360
1666 1670
1347 1361
1356 1359
1659 1672
1667 1671
1352 1358
1663 1669
1354 1357
1662 1673
1665 1668
