8939907096639882037 1052 600
2.807067 -1.048947 0.007398
2.394514 -1.633101 -0.008093
1.703665 1.381300 0.281790
0.649196 -0.796630 1.545958
1.607194 -2.224871 -0.160576
-0.054803 -2.180168 -0.190674
-0.193451 0.194448 2.534570
1.164111 1.244731 -0.171107
0.412842 0.906609 2.185113
0.415551 0.918975 2.162755
1.687696 1.350918 0.294937
2.367924 -1.603950 -0.003398
0.513825 -1.911510 0.717198
0.758613 -2.672215 -0.098296
1.088084 -2.587798 -0.114498
1.825278 -2.030977 0.232545
1.989869 -2.090758 -0.131514
1.999311 -1.864864 -0.006943
2.364316 0.332129 -0.139599
2.156681 1.248485 -0.039467
0.956821 -0.769088 -0.148798
1.078961 -0.345789 -0.155239
2.456533 -0.676647 -0.131123
2.764997 -0.890712 -0.131583
2.667814 -1.416320 -0.102778
2.755212 -1.198195 0.141379
-0.108890 1.152795 1.183044
2.115553 0.212642 0.541514
2.750240 0.108084 0.188030
1.067737 0.581077 1.389506
2.722938 0.037112 0.034808
-0.204499 0.512038 1.332824
0.385042 -0.286508 0.193391
-0.003038 -1.201151 -0.113711
1.752956 -2.281511 0.086222
2.338631 -1.971810 0.129270
0.297637 1.160099 1.896899
0.047136 1.314998 1.727606
0.048150 -1.502777 -0.159144
0.793203 1.133160 0.002036
2.254024 -2.004782 -0.123746
0.048574 1.089061 2.124094
-0.109208 -0.651936 1.265593
2.708995 -0.780799 -0.023256
2.851394 -0.700957 -0.097767
2.674115 -0.670178 0.249993
2.643744 -0.126578 -0.135699
1.936092 -1.086883 0.628605
2.544696 -0.705066 0.262881
1.183145 1.207121 -0.108971
0.484118 1.165350 1.178288
2.764542 -1.035229 -0.034005
2.789499 0.205649 -0.139649
-0.021713 -1.316875 -0.032283
-0.029820 -1.187097 -0.132171
1.697004 1.317980 0.297964
0.507018 -1.898814 0.702190
1.479611 -1.877218 0.470708
1.251046 -1.456737 0.858770
1.960034 1.013272 -0.135099
2.345788 0.331010 -0.132604
1.063838 0.057663 -0.132114
1.853351 1.315045 0.016980
1.547637 1.371874 0.090216
2.455489 -0.676685 -0.135302
-0.027256 -1.733127 0.526750
-0.175077 0.735308 1.121247
0.224100 1.055458 0.819335
0.030743 0.708010 0.904324
0.631041 -0.776896 1.503484
2.586136 0.073798 0.184681
2.341086 -1.209156 0.364069
2.754855 -1.198158 0.141582
1.931019 -0.959102 0.788549
2.107406 1.226206 -0.028545
2.265436 0.774400 -0.101646
-0.128517 0.353059 2.649653
-0.153235 0.224015 2.416849
-0.180069 -0.314642 2.072280
0.370330 0.155219 2.277607
2.639538 -0.130198 -0.135197
0.146492 1.162457 0.983392
-0.035786 1.236036 1.527362
0.535931 1.219364 1.462404
1.932190 -0.005514 0.923963
0.599052 0.448077 2.043394
1.521665 -0.238136 1.047657
0.081465 -0.793938 0.506183
-0.068724 -1.347402 0.167962
0.961859 -2.228607 0.316802
2.242682 -2.002775 -0.118947
2.364649 -1.830613 -0.106896
2.460859 -1.873418 -0.031330
1.685857 0.616358 0.813747
2.735783 0.343962 0.066201
2.424284 0.562525 -0.137477
2.823493 -0.078507 -0.070361
0.866192 1.228559 0.367738
1.903325 -1.063822 0.567412
2.402282 -1.712238 0.099781
2.341523 -1.605081 -0.005055
2.672388 -1.016974 -0.133111
-0.062522 -0.188020 0.664616
0.263770 -0.663523 0.033140
0.228789 -0.355370 0.452936
-0.128968 0.107451 0.954553
-0.085414 0.118564 0.680849
2.414598 0.461185 0.094923
0.493834 0.304587 0.511197
2.528957 -0.681697 0.232152
0.227778 1.054723 1.788919
2.132250 1.118458 0.025243
1.089099 -2.588032 -0.113115
1.227913 -2.125700 0.483136
-0.095340 1.150875 1.188259
0.703567 -2.001631 0.784951
-0.121735 0.565797 1.014203
2.861808 -0.879329 0.010716
0.945041 -0.316640 1.521405
1.416315 -2.444372 0.151382
0.342911 -1.058782 -0.133988
1.985936 -2.086992 -0.131354
0.006906 -0.738264 1.645439
2.829437 -0.710954 -0.090652
0.083721 -1.500017 -0.152262
2.485664 -1.422993 0.030901
2.787896 0.206900 -0.141834
2.639490 -0.019870 -0.046340
0.614595 -1.383899 1.040754
-0.109881 0.936474 1.981682
2.662904 -1.415859 -0.099932
-0.055226 -1.633271 0.062686
0.027849 -2.177902 -0.097463
-0.004148 0.996235 2.594586
0.040491 0.706631 2.708965
0.080283 -0.970028 0.017134
2.470621 -1.467162 -0.079473
1.186000 1.198365 -0.107965
0.793203 1.133160 0.002036
0.637914 0.629357 0.103304
0.645185 -2.589675 0.215592
1.338223 1.303177 -0.137329
2.736286 -1.039092 -0.040988
2.791506 -0.545472 0.238552
1.920783 -1.740222 0.329515
0.115564 0.319076 2.630976
0.065162 0.466580 0.875709
2.661413 0.009454 0.033680
0.043971 1.082103 2.119071
2.765490 -0.891342 -0.130246
2.811782 -0.972814 -0.099142
1.050521 1.337585 0.898511
2.004756 -1.866344 0.007481
2.004977 -2.133835 0.052884
1.854636 -2.202234 -0.055576
-0.126653 0.980555 2.517670
2.323080 -1.973237 0.126456
1.940870 -1.748560 0.189744
-0.100984 1.063208 2.762771
-0.367411 1.175052 1.370170
0.281565 -1.231303 1.624911
-0.100984 1.063208 2.762771
0.281565 -1.231303 1.624911
0.961050 0.296196 -0.494022
0.543752 -3.010482 -0.205018
0.777733 1.128712 -0.050578
1.061204 0.061179 -0.149852
2.883049 -0.998283 0.040811
2.527028 -1.477215 -0.049628
1.930485 1.413374 0.016637
2.330778 0.512041 0.260976
2.375793 0.341590 -0.150796
1.299842 -0.090408 1.273774
2.527028 -1.477215 -0.049628
2.821121 -0.772991 -0.065674
0.965950 -0.773593 -0.140563
-0.270136 0.079199 1.103861
0.571058 0.063751 0.320178
0.965950 -0.773593 -0.140563
2.113885 -0.426804 0.781686
0.013778 -1.182282 -0.143701
2.821121 -0.772991 -0.065674
2.344717 -1.962171 0.122647
2.080808 -1.930440 -0.046603
2.080808 -1.930440 -0.046603
0.252003 -1.127890 1.439604
-0.039584 1.014377 2.658727
-0.002039 0.285957 2.735744
2.779508 0.352172 0.040118
0.013778 -1.182282 -0.143701
0.786245 -2.796471 -0.030343
1.062763 0.057020 -0.133875
-0.028354 -0.790288 1.683733
0.352343 -0.428130 1.964223
-0.028354 -0.790288 1.683733
2.342256 -1.958481 0.133946
2.238990 -2.011063 -0.125143
0.599463 0.052592 0.376113
1.923955 -1.072509 0.593400
2.486164 -1.426316 0.009526
1.921882 0.777308 0.548679
0.961918 -0.066868 -0.132826
-0.181842 0.085682 1.101117
0.963967 -0.778579 -0.135662
-0.132378 0.351953 2.662292
2.787411 -0.547234 0.237082
2.886735 -0.128375 0.038167
0.294284 -1.049953 1.377368
0.931428 -2.093755 0.443902
0.916061 0.411536 1.805185
0.429970 0.474337 2.178751
0.960673 0.715756 1.507465
0.840128 0.198809 0.081475
-0.088968 -1.674470 0.444370
0.114898 -2.251120 0.121622
0.478158 1.139909 1.376248
0.068843 1.291610 1.728182
-0.101161 1.232435 1.734608
2.041548 1.003551 0.394767
2.118076 1.241403 -0.019495
1.850606 1.336935 0.025350
1.898678 -1.841869 0.373740
2.737685 -1.039737 -0.035161
2.763865 -1.201617 0.147064
2.785829 -1.227417 -0.103840
2.101279 -0.425085 0.753092
-0.163201 0.271966 2.301612
1.943705 -1.731663 0.174400
1.444457 -1.083035 0.878426
0.615951 -2.583454 -0.092181
0.065272 -0.797773 0.506447
-0.035774 -1.187430 -0.131474
-0.088016 0.978812 2.041439
-0.154483 -0.676621 1.040070
2.351680 -1.213854 0.379620
-0.022605 -1.694987 -0.136369
1.738685 -1.817633 -0.132198
0.354713 -0.400788 0.199098
0.068896 0.135624 2.440025
0.335581 -0.217751 1.875742
1.100484 -0.344261 -0.144545
1.012362 -0.295772 0.035059
0.440425 -0.694004 -0.142940
2.365760 0.382527 0.021512
2.808372 0.194026 -0.133660
2.221494 -1.583185 -0.134257
2.677453 -1.019558 -0.150461
2.714495 -0.776170 -0.044846
2.264133 0.468762 0.266138
0.713348 1.206169 0.926944
1.545302 1.390797 0.090475
0.204534 1.063666 0.807517
-0.115194 1.214055 1.322571
1.850606 1.336935 0.025350
2.118076 1.241403 -0.019495
1.714329 1.164083 -0.135086
1.594043 0.656060 0.747643
0.218642 -0.890982 -0.010290
0.800654 1.128474 0.007855
0.440425 -0.694004 -0.142940
0.341587 -1.058428 -0.135812
0.218642 -0.890982 -0.010290
-0.022605 -1.694987 -0.136369
-0.051745 -1.346366 0.165370
2.824698 -0.705324 -0.087245
0.100941 -1.507865 -0.135989
1.337752 1.300209 -0.123374
0.986017 -2.641249 0.026562
2.785829 -1.227417 -0.103840
2.662416 -1.413947 -0.100186
2.835478 -0.232094 -0.137124
1.626170 -2.373445 0.122320
1.100484 -0.344261 -0.144545
0.961918 -0.066868 -0.132826
0.754796 -2.581670 0.298920
0.754796 -2.581670 0.298920
0.967782 -0.488203 -0.137708
2.649381 -0.015636 -0.050472
1.637088 1.246795 -0.044650
1.337752 1.300209 -0.123374
2.662416 -1.413947 -0.100186
1.673360 0.281951 0.806134
0.882968 -0.595105 1.351537
1.608109 -2.370209 -0.099813
2.398098 -1.489269 -0.129256
0.479913 -1.923967 0.717544
1.239668 -0.106173 1.242420
2.714495 -0.776170 -0.044846
2.446391 -1.861950 -0.104146
2.003087 -1.868905 0.005962
2.270303 1.079269 -0.042095
2.406389 0.555203 -0.137687
2.238990 -2.011063 -0.125143
0.479913 -1.923967 0.717544
0.764213 -2.664278 -0.093082
2.296612 -0.833007 -0.134714
0.100941 -1.507865 -0.135989
0.764213 -2.664278 -0.093082
1.637088 1.246795 -0.044650
2.824698 -0.705324 -0.087245
1.045237 0.336604 -0.132595
2.028370 -1.242601 0.381802
1.905123 -1.059215 0.560581
1.961391 -1.286245 0.570559
1.560441 1.159571 0.635672
-0.087288 -1.663246 0.429841
-0.138805 -0.732657 1.108114
2.799647 -0.696348 -0.080846
2.346673 0.331055 -0.133606
0.586016 0.788728 1.992543
0.586457 -0.732778 -0.087521
0.444327 -0.695514 -0.138889
1.723461 -2.221206 -0.138692
0.001356 -1.353056 -0.133471
0.435852 -1.442938 1.087066
0.839077 -1.059016 1.154888
0.820282 -0.761143 1.404021
0.981106 0.714720 1.520304
1.279930 -2.173103 0.371433
-0.015804 -1.002663 0.184581
0.156638 -1.084895 1.065889
2.268919 0.775076 -0.097269
2.307207 0.898895 0.144000
1.922758 0.776756 0.548747
1.505304 -1.958769 0.341285
1.088777 1.151734 -0.134917
0.767152 0.488909 0.104240
0.241787 1.043257 0.832772
1.066385 -1.474959 0.726167
0.000635 -1.719671 0.517845
0.085145 0.141559 2.438723
-0.226829 -0.355824 1.405382
-0.180904 0.263901 1.836912
-0.088550 1.137123 1.185316
0.147947 1.168017 0.982792
-0.109282 0.893554 1.234726
2.586650 0.074649 0.184828
2.254940 0.465723 0.255449
1.896738 0.579452 0.726396
2.301998 0.657603 -0.089669
2.268919 0.775076 -0.097269
0.442652 0.938109 0.347063
-0.128476 -0.456789 1.913641
2.108602 1.219142 -0.024834
1.987848 1.268849 -0.022011
1.913571 1.205052 0.234294
1.528520 -0.899607 0.892042
2.340588 -1.209954 0.364302
2.326517 -1.582730 -0.027088
2.394793 -1.556341 0.059487
2.403091 -1.709427 0.096868
2.578012 -1.266223 -0.117220
2.434539 -0.042785 0.436243
-0.040616 -0.084030 2.415742
0.362827 -0.452146 1.992899
0.701648 -0.029841 1.921076
-0.058361 0.162390 2.438367
0.085145 0.141559 2.438723
0.911412 -0.123418 -0.037099
2.221399 -1.583657 -0.134370
2.455958 -1.324006 -0.130221
0.304085 1.135338 1.900831
0.480781 1.148767 1.374978
-0.125534 0.782218 2.513252
-0.060194 0.974879 2.039611
-0.160008 0.083818 1.214345
-0.050401 1.015660 1.956898
1.280056 -1.964066 0.381867
0.304815 -0.373616 0.317132
2.040674 -0.734523 0.675475
2.590055 -0.989396 0.141293
2.372614 -0.777139 0.480967
2.625526 -0.306582 -0.133736
2.637893 -0.663020 -0.134946
2.362098 -1.833256 -0.108013
2.805862 -0.302703 -0.082167
0.065263 0.700088 0.924614
0.147947 1.168017 0.982792
0.369526 1.089079 0.780820
0.404571 0.471590 2.162542
0.968930 -2.601104 0.001017
0.971695 -2.553195 -0.087198
-0.084427 1.087208 2.020746
0.052415 1.296108 1.718523
0.915019 -0.290926 1.475953
0.473317 1.202941 1.175438
-0.027830 1.224801 1.528127
0.342683 -1.058406 -0.134332
0.108667 -0.517299 0.278408
0.538741 1.213852 1.464177
-0.018186 -1.694883 -0.135505
1.844519 1.159930 -0.081488
1.759269 1.253238 -0.073938
1.544406 1.389902 0.092553
0.101955 -1.505518 -0.133297
-0.169665 -0.310005 2.063233
1.014984 0.804666 -0.133423
0.689392 -2.529870 -0.134041
2.701526 -1.188892 -0.109816
2.655014 -1.403727 -0.102736
2.513095 -0.735507 0.356183
0.641271 0.772552 0.207854
0.413634 0.255796 2.288748
-0.005494 0.991071 2.612204
0.329735 1.007218 2.149759
1.988732 -2.089321 -0.133395
1.991852 -2.132371 0.049742
1.739526 -2.255113 0.073964
-0.042435 1.085034 2.320045
1.088777 1.151734 -0.134917
0.872891 1.029544 -0.116195
1.231084 0.439305 1.290089
1.776210 0.209053 0.989513
0.865067 -2.565906 0.239523
0.623650 -0.873024 -0.133934
2.242420 -1.996307 -0.126722
2.345572 -1.926183 -0.064938
0.968813 -0.490598 -0.134522
2.459863 -1.875158 -0.029144
1.333737 1.296416 -0.132352
1.187595 -2.509450 0.065027
2.723603 0.265963 0.175800
-0.200042 0.876092 1.503570
2.818289 -0.077629 -0.064465
2.883151 -0.135500 0.045788
2.640140 -0.129972 -0.132874
-0.040656 -0.491603 0.683143
2.698483 -0.781908 -0.025242
2.594159 -0.794244 -0.090795
-0.100563 -0.317137 0.833136
0.607583 1.116217 0.545883
0.866304 1.227625 0.367212
1.844890 1.092420 0.314220
1.959288 1.007383 -0.110381
0.035758 0.464119 2.632342
0.010349 0.632201 2.705625
2.795877 0.114967 -0.112998
1.414798 -2.429434 0.144248
2.127508 1.023180 -0.028367
0.152921 -2.329136 0.007606
0.645124 0.156729 0.267491
0.014594 1.093213 1.933306
-0.029018 1.054613 2.121714
2.661413 0.009454 0.033680
1.010268 0.551652 -0.144500
0.865854 0.684074 -0.138517
0.043543 -0.149488 0.670292
-0.048565 0.683943 2.598197
-0.129692 0.584976 2.646407
1.443393 -1.084796 0.878964
0.304878 0.513186 0.527157
2.289847 0.947389 -0.018109
2.210496 1.040558 -0.079325
2.210496 1.040558 -0.079325
1.443970 1.294004 -0.072267
1.497151 -2.326971 -0.129052
1.494168 -2.364662 0.034167
0.855931 1.204047 0.779913
2.009736 0.549065 0.471821
2.242420 -1.996307 -0.126722
2.073439 -1.874727 0.013478
0.480520 -1.925188 0.719346
0.223513 -1.058864 1.303374
0.370457 -1.719063 0.668007
2.648151 -1.443115 -0.014894
0.029210 0.700821 2.696570
1.401640 -1.222963 0.825728
2.196312 0.603099 0.331693
2.467794 0.595288 0.079147
2.430212 0.668581 0.067408
2.454870 0.666289 -0.038632
-0.120140 0.566571 1.013663
2.805862 -0.302703 -0.082167
2.135875 1.118929 0.029774
1.506837 0.831290 0.948364
0.706203 -1.069462 1.359070
1.764364 0.600715 0.563367
2.025149 1.158655 0.078569
0.876117 -0.585618 1.335637
0.521290 -0.328053 1.706469
0.000101 1.104473 2.436670
0.000101 1.104473 2.436670
-0.115109 0.969718 2.518060
-0.005494 0.991071 2.612204
0.695509 -1.989313 0.768373
0.304488 -1.060562 1.401483
-0.058881 -1.578496 -0.003764
0.101955 -1.505518 -0.133297
0.235830 -0.349779 0.455622
-0.057311 -0.189110 0.667320
0.277778 -0.692098 0.072204
2.849651 -0.873027 0.006002
2.698483 -0.781908 -0.025242
0.817914 1.116920 0.029019
-0.008998 -0.862163 1.263156
0.806567 -2.017607 0.668263
1.907652 -1.731811 0.312590
1.636130 1.239377 -0.037482
2.835143 -0.989333 0.023661
0.448259 1.071747 0.857463
2.853147 -0.370708 0.086647
0.534354 1.122303 1.257959
1.603308 -2.372015 -0.090180
0.795725 1.227971 0.999061
-0.161491 0.505847 1.348651
-0.168013 0.736465 1.115864
1.892236 -2.028347 -0.123163
1.333737 1.296416 -0.132352
1.947002 -1.871356 -0.079341
-0.007464 -0.617940 0.517625
0.000772 -0.636024 1.862700
2.768687 -1.136320 -0.044032
1.686858 0.281054 0.816447
2.346673 0.331055 -0.133606
2.354737 0.444084 -0.092660
1.700057 1.323442 0.300489
2.550615 -1.375126 0.116788
2.470697 -1.397774 0.012571
2.781573 0.202548 -0.134052
2.672019 -0.668053 0.249594
2.361039 -0.477998 0.604721
0.435852 -1.442938 1.087066
-0.171335 1.064833 1.324247
-0.088550 1.137123 1.185316
-0.104798 1.220295 1.335429
1.042858 1.336190 0.891829
1.091565 -2.591083 -0.120412
0.605394 -2.542142 0.037884
0.992858 0.187607 -0.129290
0.961918 -0.066868 -0.132826
2.309217 0.805232 0.156831
2.386651 0.868875 0.013165
1.099303 -2.614679 0.104482
2.820136 -0.295609 0.041260
2.405115 -1.496709 -0.131703
2.416607 -1.386486 -0.111805
2.470112 -1.465242 -0.076459
-0.018186 -1.694883 -0.135505
2.473872 0.503284 -0.011609
1.204371 -1.190040 1.034933
2.735744 -1.033674 -0.038385
0.104473 -2.248795 0.120435
1.689774 1.346178 -0.053174
2.000589 -1.864062 0.006621
2.388206 -1.719108 -0.019548
0.487707 -2.521201 -0.104142
0.726933 -2.685819 0.038525
-0.104798 1.220295 1.335429
2.470697 -1.397774 0.012571
0.035758 0.464119 2.632342
-0.076680 -0.184235 1.023290
1.968913 -1.970733 -0.068446
2.000589 -1.864062 0.006621
2.016533 -1.956833 0.140717
1.044863 -0.395506 -0.133865
2.607463 0.297138 -0.119166
0.651223 -2.572051 0.204284
0.144974 0.481702 2.457954
0.000772 -0.636024 1.862700
-0.101220 -0.354671 2.139258
0.234395 -0.901450 0.005305
0.073482 -0.964308 0.006024
-0.023515 -1.185658 -0.128398
0.623954 0.622285 0.090862
-0.124317 0.776567 2.656730
-0.095636 0.894107 2.452116
0.010349 0.632201 2.705625
1.848003 -2.183087 -0.038904
1.848003 -2.183087 -0.038904
1.938445 -1.744887 0.183789
2.073439 -1.874727 0.013478
0.052415 1.296108 1.718523
0.008663 1.168140 1.932981
0.069034 0.467662 0.877186
0.508693 -0.595030 1.731835
1.844295 1.287134 0.029836
2.415887 0.560986 -0.143017
2.345572 -1.926183 -0.064938
1.115207 -0.340408 -0.133293
2.354737 0.444084 -0.092660
2.415887 0.560986 -0.143017
2.437142 -0.105686 0.533875
2.538929 -1.391980 -0.033119
2.538929 -1.391980 -0.033119
-0.133951 0.978373 2.277577
2.440643 -1.860230 -0.104110
1.088777 1.151734 -0.134917
1.689774 1.346178 -0.053174
1.782120 1.363505 -0.004049
0.316703 -0.591529 0.011369
2.815310 -0.841418 -0.073331
-0.067705 0.618733 1.060869
1.190841 1.184137 -0.084088
0.444327 -0.695514 -0.138889
0.971695 -2.553195 -0.087198
0.305550 -0.850222 -0.133194
0.234395 -0.901450 0.005305
1.782120 1.363505 -0.004049
0.817914 1.116920 0.029019
-0.101220 -0.354671 2.139258
1.045237 0.336604 -0.132595
-0.173210 0.610826 2.189093
1.217178 1.044955 0.942105
1.274134 1.341603 0.396562
1.166843 1.276019 0.582603
1.371545 1.305089 0.404755
-0.126137 -0.964154 0.878987
2.891841 -0.544665 0.013051
2.346863 0.331370 -0.133574
1.608736 1.378591 0.165156
0.414075 -0.582963 -0.038046
0.376568 -0.411709 0.224488
1.723896 -2.221588 -0.140007
-0.097741 -1.112290 0.877946
0.838713 -1.057209 1.153766
1.079293 0.884655 1.413106
0.418288 -0.246886 1.864593
2.267474 0.775279 -0.099298
2.307838 0.899015 0.144606
2.188534 0.948092 0.139164
0.924330 1.166110 0.191596
0.386306 0.421213 0.564465
0.772311 0.489935 0.109166
0.242247 1.042935 0.833263
-0.162993 0.390319 1.507617
0.481699 -1.923779 0.717129
-0.216802 -0.118192 1.611637
-0.111043 -0.605422 1.558635
-0.070776 1.233784 1.733754
-0.101241 0.890092 1.236960
0.410110 -0.295469 0.225045
1.893379 0.574646 0.723437
2.484571 -0.065400 -0.132437
2.267474 0.775279 -0.099298
2.329610 0.708940 0.010137
2.558482 0.365401 -0.015539
2.346863 0.331370 -0.133574
1.908618 -1.732070 0.313932
2.738461 -0.677250 -0.135695
2.637133 -0.661465 -0.131966
1.527388 -0.900173 0.889628
2.183656 -1.366482 0.293960
2.326286 -1.582385 -0.026986
2.673256 -1.017108 -0.133974
-0.101981 -0.175530 2.244115
-0.176298 -0.092991 2.245171
-0.175890 0.611188 2.359966
-0.057212 0.162262 2.437333
0.071782 0.140370 2.430737
0.821913 -0.049904 0.097702
0.606041 0.051908 0.380938
2.456062 -1.323934 -0.127874
0.413685 1.162988 1.630939
0.481331 1.148341 1.375150
-0.139181 0.682650 2.239562
-0.146970 0.113875 1.428555
1.289251 -2.513401 0.051965
1.494703 -2.363617 0.033475
1.170251 -1.735985 0.548301
0.541948 -0.373847 0.102986
0.743249 -0.656995 -0.133204
2.040651 -0.733770 0.674980
2.086076 -0.051847 0.808759
2.290087 -1.870924 -0.113781
0.276965 0.262763 0.701477
0.418255 0.163320 0.578701
2.220884 -0.536723 0.503153
1.847812 -0.388780 0.779866
0.535408 0.373000 2.010756
0.511589 -2.329385 -0.130129
0.967831 -2.597360 0.000750
0.005883 1.275167 1.607339
0.053892 1.291824 1.719458
0.359304 1.205261 1.213722
1.184523 -0.400257 1.275574
0.944381 1.227262 0.435956
0.342918 -1.058981 -0.133254
0.112498 -0.519754 0.281569
0.216606 -0.772540 0.048780
-0.041719 -0.080517 2.407463
0.339646 -0.230548 1.890278
1.714950 1.164282 -0.133827
0.905838 1.152134 0.625015
1.433401 1.237264 0.028934
0.103000 -1.506051 -0.132431
0.124539 0.091414 2.365723
1.015291 0.804755 -0.132631
0.371140 -2.356655 0.061310
0.440015 -2.550322 0.001049
2.701526 -1.188892 -0.109816
-0.192365 0.874601 1.503112
-0.004526 0.990034 2.611534
-0.011001 0.899132 2.554811
1.985590 -2.088996 -0.133269
1.889957 -2.188175 0.019404
1.738036 -2.253449 0.072469
2.847778 -0.528635 -0.120490
0.306290 1.137061 1.902823
0.058052 1.061603 2.109395
0.336231 1.013776 2.155250
1.015291 0.804755 -0.132631
0.927076 0.932287 -0.130671
0.708372 0.680651 1.808356
0.962174 -0.780123 -0.133045
-0.136372 -0.184605 1.857657
-0.147586 -0.247401 1.681493
-0.164584 -0.134586 2.044996
0.694232 -0.309858 0.194118
1.333859 1.293367 -0.132526
1.193798 1.177373 -0.081916
1.333859 1.293367 -0.132526
1.187797 -2.509706 0.064770
0.737194 -1.401414 1.118296
0.602576 -1.099179 1.333276
2.011297 -0.138414 0.794520
-0.227292 0.846083 1.587952
-0.154492 0.945711 1.436730
1.519281 0.669732 0.815042
1.492988 0.581035 1.081576
-0.040656 -0.491603 0.683143
2.698483 -0.781908 -0.025242
2.766339 -0.889952 -0.133813
2.594159 -0.794244 -0.090795
2.044051 1.003617 0.396286
1.860719 0.844238 0.545998
2.154930 0.994479 0.207430
-0.041357 -1.123375 0.295721
0.001356 -1.353056 -0.133471
1.841537 1.089205 0.311771
1.958901 1.007347 -0.109534
0.635639 0.671385 1.967972
0.209878 -2.284577 -0.105142
0.057875 -2.158061 -0.075528
0.165443 -2.161100 -0.136445
2.638033 -0.018781 -0.045162
2.779059 0.199554 -0.132532
0.490460 -2.518131 -0.103695
2.127617 1.023241 -0.028836
1.780858 1.223426 0.292944
2.639966 -0.130136 -0.132505
0.553541 0.630075 2.104881
-0.047829 1.015261 1.956456
0.014594 1.093213 1.933306
-0.026778 1.053810 2.121945
-0.084427 1.087208 2.020746
2.854068 -0.370108 0.086509
2.875857 -0.135235 0.042154
2.661413 0.009454 0.033680
1.018006 0.554335 -0.131976
0.188590 -0.235110 2.200048
-0.151065 -0.321839 1.280630
0.057875 -2.158061 -0.075528
-0.072929 0.462334 2.622233
-0.129420 0.584924 2.646256
1.906567 -1.063737 0.564104
0.619874 0.571977 0.141103
2.367008 0.120736 0.341723
2.104480 0.200935 0.534545
0.064377 0.465635 0.870783
-0.002045 0.566978 0.944481
1.496532 -2.324991 -0.125588
2.009736 0.549065 0.471821
1.031983 -0.132786 1.547781
2.242514 -1.996395 -0.126299
2.073439 -1.874727 0.013478
2.688754 -1.309458 0.133281
2.648151 -1.443115 -0.014894
1.665613 -1.779376 0.391375
1.450519 -1.423105 0.683606
1.825344 -2.191931 0.139524
2.086068 -0.420844 0.729261
2.822690 -0.641392 0.129509
2.430212 0.668581 0.067408
2.454870 0.666289 -0.038632
-0.126973 0.229371 1.114796
-0.113843 0.112344 0.951581
-0.153008 0.556658 1.531049
-0.100563 -0.317137 0.833136
1.987113 0.647664 0.434589
2.023217 0.712442 0.451493
1.792374 0.705032 0.613579
1.613680 0.650188 0.767146
0.625690 -0.777126 1.502401
1.705236 0.626002 0.828403
0.737662 -0.388825 1.558188
-0.075324 1.042320 2.527977
-0.004526 0.990034 2.611534
0.706113 -1.702527 0.843073
0.698218 -1.983597 0.761232
1.251196 -2.490216 0.155143
0.954453 -2.404669 0.193609
-0.056325 -0.190070 0.668439
2.698483 -0.781908 -0.025242
1.325738 -2.482262 0.160837
1.169562 -2.206161 0.417853
-0.134127 -0.635560 1.377719
0.009453 -0.772063 1.396893
-0.012069 -0.864828 1.264338
1.234121 -0.775532 1.063337
0.011407 -0.870474 0.184214
-0.021842 -1.187635 -0.123737
-0.105286 -0.662424 1.277295
0.611057 1.110424 0.547847
0.446358 1.068584 0.857046
2.805862 -0.302703 -0.082167
2.844287 -0.482344 0.073446
1.603308 -2.372015 -0.090180
1.624185 -2.367934 0.116975
1.899059 -0.308919 0.893347
-0.127204 0.323231 1.223989
0.187181 0.108151 2.269460
0.071782 0.140370 2.430737
-0.013461 -1.002678 0.184504
-0.032901 -0.742067 0.393118
-0.076543 1.029058 2.304648
2.735744 -1.033674 -0.038385
2.811782 -0.972814 -0.099142
2.766046 -1.136746 -0.044216
-0.000831 -0.631567 1.857823
0.223880 -1.116834 1.134398
1.759522 -2.264880 -0.088018
-0.118410 0.364182 2.641303
2.354737 0.444084 -0.092660
-0.120776 -0.442847 1.175027
0.305896 -0.850567 -0.132610
1.696511 1.319343 0.297411
0.504125 1.146787 0.899274
2.461210 -1.184897 0.331529
2.359228 -1.394186 0.183724
2.128669 -1.169481 0.370510
0.725208 -2.679948 0.038105
0.481699 -1.923779 0.717129
0.675665 1.164108 0.755878
0.682180 1.178601 0.632393
-0.083504 1.136731 1.189113
-0.104986 1.216911 1.335403
0.602756 1.239048 1.275249
0.622801 -2.573781 -0.069117
0.542377 -2.189062 0.488340
0.856959 0.197726 0.093382
2.249181 0.800600 0.188985
2.385503 0.869015 0.014398
2.335516 0.817799 -0.072577
-0.172614 -0.025729 1.662096
-0.165936 0.015066 1.991478
1.099604 -2.614287 0.103884
1.094261 -2.594489 -0.123841
0.753555 0.990625 1.630036
-0.012651 -1.693341 -0.133112
-0.073901 -1.349863 0.168318
2.861527 -0.239797 0.053888
2.886028 -0.192795 -0.066003
2.195527 0.603476 0.330873
1.202917 -1.189336 1.031966
1.064611 -0.815659 1.166759
2.811782 -0.972814 -0.099142
2.707208 -0.208579 0.182109
0.209878 -2.284577 -0.105142
0.473091 0.990365 1.885077
1.546810 1.380043 0.093473
1.689774 1.346178 -0.053174
1.947002 -1.871356 -0.079341
2.000589 -1.864062 0.006621
0.098003 -0.967883 1.064325
2.459863 -1.875158 -0.029144
2.388206 -1.719108 -0.019548
0.725208 -2.679948 0.038105
0.763458 -2.642039 -0.089482
0.043318 -1.918059 -0.131231
1.443970 1.294004 -0.072267
2.375272 -1.827378 0.145721
0.760263 1.026561 1.472833
2.463323 -1.499071 0.028676
2.468786 -1.464708 -0.076940
0.035659 0.465200 2.630289
-0.077088 -0.184221 1.023253
1.268921 -2.438075 -0.133318
0.524069 -0.333128 1.713540
0.440195 -0.400942 1.747216
0.005883 1.275167 1.607339
2.000589 -1.864062 0.006621
2.027191 -2.023814 0.011713
1.968913 -1.970733 -0.068446
-0.128141 0.619950 2.461899
0.501019 1.162926 1.664326
1.375339 1.079374 0.783805
1.386824 0.975372 1.014656
0.305117 0.513662 0.527524
-0.150403 0.232565 2.515543
-0.115696 0.232662 2.403628
0.185345 1.079343 1.948491
1.418611 1.178595 0.728427
1.562527 1.160645 0.638738
0.652078 -2.571872 0.204412
0.542377 -2.189062 0.488340
0.652078 -2.571872 0.204412
-0.102034 -0.122394 0.814548
1.496532 -2.324991 -0.125588
2.795877 0.114967 -0.112998
2.638033 -0.018781 -0.045162
2.639966 -0.130136 -0.132505
0.402109 0.477124 2.157523
0.035659 0.465200 2.630289
-0.101220 -0.354671 2.139258
0.232582 -0.900773 0.003551
0.073553 -0.964826 0.007040
1.094261 -2.594489 -0.123841
1.175755 -2.516518 -0.074452
-0.124317 0.776567 2.656730
-0.095671 0.894141 2.452116
-0.124036 0.782053 2.513395
2.208042 -2.016901 -0.007366
0.539749 1.211357 1.464246
0.682364 1.268119 1.338416
0.570401 -0.047964 0.312867
0.897151 0.276204 -0.015858
-0.024260 0.845075 2.686450
2.013451 -1.956515 0.140840
2.135875 1.118929 0.029774
2.261944 1.076320 -0.037755
2.416607 -1.386486 -0.111805
2.362282 -1.833488 -0.106481
2.309045 -1.544974 -0.097622
0.743249 -0.656995 -0.133204
0.469147 -0.114721 1.870656
0.009622 1.167726 1.932537
1.060269 -1.469402 0.718492
0.141663 0.389631 0.823205
2.306440 1.037280 -0.004483
2.304207 0.899560 -0.089612
2.288021 0.945892 -0.014970
0.458703 -2.419399 -0.076949
2.211764 -1.613595 0.308877
0.546772 -0.573014 1.575529
-0.047806 0.683798 2.597779
-0.101216 0.644966 2.557579
0.775306 0.280105 0.202698
-0.114518 0.566054 1.017180
-0.142556 0.434444 0.965665
1.418448 0.120918 1.272413
1.649780 0.002240 1.078412
2.108265 1.217900 -0.024721
2.003344 1.151573 -0.080696
2.415887 0.560986 -0.143017
0.691511 -2.214194 0.586096
0.353855 -0.448255 1.983320
0.533828 1.125299 1.257944
0.640783 1.086143 0.952368
1.987318 1.266896 -0.021832
0.910461 -0.125216 -0.036708
2.416249 -1.562459 -0.050423
2.309045 -1.544974 -0.097622
-0.076688 0.982333 2.158740
2.354737 0.444084 -0.092660
0.141535 0.482706 2.454844
2.655014 -1.403727 -0.102736
2.781024 -1.225485 -0.105587
2.766046 -1.136746 -0.044216
2.811877 -1.213184 -0.006238
-0.120989 0.342873 1.353221
-0.023434 -0.774649 1.670136
0.571706 0.965922 1.857474
-0.011001 0.899132 2.554811
0.867023 0.003864 1.781486
1.330461 0.922276 1.121383
2.468786 -1.464708 -0.076940
2.463158 -1.399984 0.008760
-0.092427 0.868868 2.208586
-0.134684 0.979111 2.277592
2.242514 -1.996395 -0.126299
1.170598 -1.282379 1.007600
2.538929 -1.391980 -0.033119
1.088777 1.151734 -0.134917
0.946994 -2.235122 0.319332
2.210891 1.040781 -0.081048
2.223681 0.916457 -0.069549
2.108265 1.217900 -0.024721
-0.003941 0.772097 0.966326
0.083840 0.829503 0.824167
-0.143017 -0.395675 1.841856
0.432139 -1.438409 1.078497
0.385118 -1.249271 1.248848
-0.164641 0.100557 2.325069
1.825090 -2.096536 -0.106945
1.893068 -2.029078 -0.125680
1.848050 -2.183129 -0.039047
1.985590 -2.088996 -0.133269
0.301562 0.037694 2.105392
0.971695 -2.553195 -0.087198
0.126688 -1.051220 1.151796
2.809771 -0.295967 0.033968
1.913562 1.205015 0.234406
2.031283 1.272127 -0.008549
1.781782 1.362249 -0.004536
0.763458 -2.642039 -0.089482
1.697272 0.561346 0.933700
-0.110131 0.003889 1.512432
1.915264 -0.007081 0.903555
-0.048519 -1.242672 -0.071796
-0.093817 0.916360 1.809639
-0.069725 0.921650 1.976737
0.587713 -0.669191 1.621146
0.264305 -1.855256 0.574603
0.869147 -0.582439 1.325485
1.364442 1.321614 0.258556
0.476885 0.530410 2.156063
0.214443 -1.065689 1.308143
0.135692 -0.979135 1.388665
0.136562 -0.904311 1.535065
0.745195 -0.884215 1.272557
2.149036 0.744668 0.322967
1.959872 -1.077238 0.493853
-0.101220 -0.354671 2.139258
0.947340 0.451025 -0.129047
1.045237 0.336604 -0.132595
0.537991 0.005634 0.395690
1.018006 0.554335 -0.131976
0.481144 -2.551316 0.077020
0.992858 0.187607 -0.129290
-0.133796 0.528277 2.272770
0.119986 0.333131 2.620563
-0.126948 -0.008940 2.123158
1.848050 -2.183129 -0.039047
-0.055995 -1.579964 -0.001377
0.043318 -1.918059 -0.131231
0.458703 -2.419399 -0.076949
0.021521 0.696545 2.686685
-0.024260 0.845075 2.686450
2.080188 1.123441 -0.017613
2.761077 -0.377475 -0.131338
0.656861 -0.712751 -0.132198
1.193798 1.177373 -0.081916
2.815310 -0.841418 -0.073331
-0.053139 -1.047530 0.974598
0.585787 -0.733478 -0.086199
0.832386 1.235075 0.551115
2.440643 -1.860230 -0.104110
2.301998 0.657603 -0.089669
1.920438 0.778938 0.547287
2.403478 -1.494266 -0.130986
0.133466 0.984887 0.936075
0.302749 -1.050613 1.392066
0.309585 -2.041174 0.383981
2.063852 0.755751 0.402081
-0.012651 -1.693341 -0.133112
0.010274 0.633016 2.704078
2.798768 -0.694548 -0.077398
0.001603 1.102864 2.435630
2.135875 1.118929 0.029774
2.829848 -0.238319 -0.131830
1.145870 0.864497 1.324898
0.120960 -2.024133 -0.122109
163 164
161 162
160 164
185 190
10 36
84 85
176 180
69 113
4 5
3 6
56 122
207 208
31 32
12 42
158 159
86 109
210 286
93 94
249 250
89 128
202 237
179 181
305 306
174 188
165 166
661 674
211 281
227 228
461 462
9 29
463 527
79 118
41 50
338 421
225 286
175 189
177 178
169 170
172 179
251 258
67 138
6 8
1 4
393 457
449 496
466 478
63 151
18 19
98 99
11 47
376 401
352 512
283 297
198 199
515 525
112 154
102 103
239 282
274 285
275 293
115 140
27 30
369 370
682 683
330 354
193 238
317 474
83 151
104 105
65 132
53 87
331 332
61 139
186 187
2 7
0 1
413 495
97 141
213 214
267 283
371 498
316 539
314 484
329 541
218 256
500 581
87 88
192 233
411 412
303 346
230 263
221 271
71 73
77 78
315 328
197 241
341 410
173 184
475 574
703 707
309 317
209 210
57 58
831 980
621 622
26 37
108 146
81 82
367 456
322 323
403 404
630 1034
215 216
106 116
323 530
290 291
355 402
168 182
23 24
388 489
619 724
203 259
640 754
194 207
485 521
319 509
519 520
767 768
400 491
858 871
361 389
755 887
113 119
358 440
798 1003
838 895
144 153
666 667
714 940
270 299
205 206
223 234
616 784
324 407
60 126
384 479
216 252
170 171
799 800
20 21
825 948
304 432
247 295
450 573
801 863
659 660
641 1011
137 138
39 49
793 794
510 599
558 559
335 504
818 1012
681 710
200 256
255 266
217 232
246 269
712 713
379 557
75 111
884 913
620 709
501 503
738 948
110 148
64 123
368 589
16 34
134 155
828 829
204 226
123 143
318 437
347 516
46 52
212 273
677 678
467 469
772 852
625 894
396 586
686 972
82 114
326 444
802 803
673 826
446 488
231 296
749 945
385 499
28 52
854 1003
320 494
13 14
365 550
445 563
72 130
337 458
756 757
658 926
812 813
430 431
54 124
354 574
504 505
765 827
924 987
946 947
242 257
939 940
826 833
1010 1038
55 62
325 598
409 493
762 963
120 135
610 611
182 183
870 932
133 134
266 278
279 298
529 578
17 40
201 240
272 273
377 378
33 38
88 131
432 477
699 858
236 289
637 917
66 68
15 34
650 665
22 43
921 922
652 697
787 788
847 961
359 374
219 220
253 254
301 302
195 196
59 74
243 248
991 992
561 562
244 277
680 877
770 808
321 453
340 452
1002 1042
35 40
832 1035
458 476
878 933
308 555
241 276
422 522
726 849
627 796
490 595
981 1041
797 989
167 181
312 506
288 292
876 897
95 107
571 572
569 570
718 995
859 1004
129 148
414 593
433 473
459 460
679 811
353 356
76 145
960 1008
635 636
609 993
260 261
220 298
25 51
761 852
426 429
719 777
908 909
387 560
100 125
429 550
777 875
92 156
848 1024
868 1044
614 1009
845 846
988 994
602 885
152 157
603 604
394 537
235 265
262 296
668 901
268 269
664 927
631 783
600 1016
723 725
383 386
900 1049
955 956
425 443
327 334
350 418
546 556
687 688
629 716
342 395
704 979
96 147
676 824
830 893
866 895
90 91
790 973
645 982
481 483
806 807
199 280
311 595
644 903
698 890
902 954
222 224
1038 1043
397 545
442 584
774 775
836 912
810 811
662 997
856 990
245 284
864 870
731 732
751 857
406 553
915 1014
565 584
693 1022
121 154
405 406
419 592
372 375
704 705
434 435
549 566
684 727
313 487
632 899
506 567
336 443
70 147
390 486
894 944
43 44
1023 1044
696 1046
649 949
464 516
977 978
643 689
702 730
861 984
544 585
865 1036
333 547
523 524
407 568
695 1022
904 905
891 892
391 575
999 1000
229 294
624 776
834 835
670 845
791 896
380 532
607 771
782 1001
612 983
595 596
657 760
750 823
824 904
780 1038
880 881
675 1035
623 1040
191 201
839 936
448 566
351 399
654 1019
300 528
1014 1018
837 867
874 1020
728 991
310 311
700 701
538 576
345 432
729 942
628 879
470 576
706 1021
117 150
437 456
101 150
605 1004
439 541
606 1033
910 935
373 428
356 357
733 1051
937 938
307 492
363 564
655 996
692 1027
916 962
420 532
1006 1007
758 759
80 127
739 899
514 576
579 580
822 943
634 773
423 424
492 590
792 1032
844 1021
415 416
264 287
694 769
941 942
882 986
740 1005
841 929
663 763
45 48
785 1047
551 552
816 1032
908 934
447 564
382 441
886 964
362 501
647 648
809 959
343 344
653 946
820 1022
526 594
91 92
392 497
451 531
408 480
454 507
708 869
911 969
748 1013
952 967
613 1033
472 533
601 1019
427 428
720 722
906 907
671 672
617 1037
618 840
339 340
766 971
760 806
417 554
455 502
743 744
497 587
513 514
972 1031
608 953
125 136
656 793
819 989
586 592
888 889
669 1025
364 382
142 150
685 810
815 816
626 843
745 805
348 349
646 883
737 1048
983 985
615 1050
438 473
711 789
872 873
753 935
752 821
511 540
795 801
398 511
717 781
965 966
691 692
786 962
736 931
950 1039
746 850
542 597
689 817
860 993
575 588
914 1015
374 577
923 1030
638 639
741 742
482 565
366 382
508 543
853 970
721 855
380 381
804 1029
149 150
851 1049
957 958
690 715
976 992
928 930
436 518
534 536
930 975
554 578
735 898
471 591
734 747
688 1017
633 842
468 469
517 582
548 583
642 951
814 968
800 998
360 535
778 779
919 974
651 920
441 572
742 925
764 862
918 1028
435 465
1026 1045
948 992
