7805634870079524549 922 600
0.751877 -0.052117 5.495578
-0.046618 -0.656227 0.649768
0.709668 0.340303 5.759032
-0.928694 -3.678803 0.427946
-1.403347 -4.367361 -0.525407
0.751877 -0.052117 5.495578
-0.333972 -0.817391 1.453356
-0.046618 -0.656227 0.649768
0.731805 2.257606 6.945280
0.399535 3.855161 7.008993
0.543003 1.438765 7.170418
-0.172066 3.740029 6.943163
0.026959 -0.313656 4.581322
-1.206168 -2.783107 0.590802
-0.333972 -0.817391 1.453356
-0.372014 -0.202053 2.108476
-0.372014 -0.202053 2.108476
0.361585 0.512733 6.442640
-0.172066 3.740029 6.943163
0.136857 3.808095 6.538139
0.216401 1.800665 6.833704
-0.574123 -0.859467 0.708107
-1.206168 -2.783107 0.590802
-0.978392 -4.488169 -0.469225
-1.088086 -4.019383 -0.750329
0.679714 0.551369 6.985533
0.136857 3.808095 6.538139
0.731805 2.257606 6.945280
-0.046618 -0.656227 0.649768
0.489931 -2.510131 0.435558
-0.046618 -0.656227 0.649768
-0.333972 -0.817391 1.453356
-0.155158 -2.602240 0.244841
-0.333972 -0.817391 1.453356
-0.118774 -1.820133 1.229947
-0.309942 -1.462810 0.818222
0.019126 -0.824346 1.791314
0.216401 1.800665 6.833704
0.489931 -2.510131 0.435558
0.265744 -2.442428 -0.078276
0.709668 0.340303 5.759032
-0.155158 -2.602240 0.244841
-0.118774 -1.820133 1.229947
-0.978392 -4.488169 -0.469225
-0.118774 -1.820133 1.229947
-0.928694 -3.678803 0.427946
0.405060 -1.200000 1.856277
0.709668 0.340303 5.759032
0.603171 -0.280029 2.119938
0.405060 -1.200000 1.856277
0.363588 -3.340822 -0.059164
0.489931 -2.510131 0.435558
-0.155158 -2.602240 0.244841
0.399628 -3.880272 -1.001143
0.363588 -3.340822 -0.059164
-0.155158 -2.602240 0.244841
0.399628 -3.880272 -1.001143
0.270012 4.719391 6.765472
-0.052575 4.719188 7.150061
0.303007 1.950110 7.011435
-0.272666 1.947527 6.984195
-0.252851 4.692172 6.833257
0.731805 2.257606 6.945280
0.270012 4.719391 6.765472
0.303007 1.950110 7.011435
-0.252851 4.692172 6.833257
0.033565 0.561001 6.156285
-0.101457 0.988111 5.871074
0.731805 2.257606 6.945280
0.543003 1.438765 7.170418
0.679714 0.551369 6.985533
0.386372 0.660812 5.292755
0.543003 1.438765 7.170418
0.216401 1.800665 6.833704
0.386372 0.660812 5.292755
0.603171 -0.280029 2.119938
0.386372 0.660812 5.292755
-0.920796 -4.468313 -0.547135
-1.223650 -4.029273 0.181414
-1.337615 -4.270567 -0.626509
-0.880280 -3.603950 0.328857
-0.800754 -3.781544 -0.060418
-1.084199 -4.016777 -0.752899
0.692129 2.276424 6.914450
0.399535 3.855161 7.008993
0.543003 1.438765 7.170418
-0.172066 3.740029 6.943163
-1.084199 -4.016777 -0.752899
-1.140877 -3.269889 0.611770
-0.658360 -2.923670 0.383955
0.140386 3.806506 6.553849
0.261962 2.205652 6.698334
-1.085290 -3.098490 0.143445
-0.658360 -2.923670 0.383955
-0.800754 -3.781544 -0.060418
0.399535 3.855161 7.008993
0.692129 2.276424 6.914450
-1.171777 -2.796012 0.602954
-0.328028 -1.463537 0.828283
-0.208001 -1.804117 1.278317
-0.039742 -0.827085 1.794205
0.227687 1.801043 6.856831
0.409795 1.199905 6.598138
0.165651 -1.444022 1.131270
0.058341 -1.516878 1.309392
0.165651 -1.444022 1.131270
0.241975 -1.107653 1.857691
0.228848 -0.663519 1.526131
0.672937 -0.761083 1.923435
0.672937 -0.761083 1.923435
0.469139 -0.306089 2.210638
0.326355 -0.446612 2.297235
0.730332 1.544867 6.655854
0.713549 -0.135757 3.705973
0.692129 2.276424 6.914450
0.543003 1.438765 7.170418
0.617114 0.685285 6.884458
0.713549 -0.135757 3.705973
-0.098199 1.006279 5.809174
0.337690 0.689485 5.267090
0.403495 0.679106 5.679399
0.870610 1.168922 6.808927
0.403495 0.679106 5.679399
-0.027570 0.613392 6.125230
0.305372 0.572853 6.437542
0.259024 1.341441 6.500818
0.259024 1.341441 6.500818
-0.201311 1.488991 6.284381
0.171116 2.035418 6.620179
0.765472 0.689617 6.287638
0.845898 0.323987 6.129331
0.173074 1.934941 7.003508
-0.159015 3.128079 6.670115
0.845898 0.323987 6.129331
0.282241 2.358891 6.841420
0.282241 2.358891 6.841420
0.023095 4.713972 6.553330
0.521169 0.446700 5.735255
0.176046 3.117128 7.096094
-0.203843 3.118835 7.034997
-0.295866 4.714262 6.806601
0.266861 4.717727 6.867097
0.527279 0.079995 6.292664
-0.043897 4.719728 7.116570
0.266861 4.717727 6.867097
0.594131 -3.494630 -0.230870
0.500929 -3.642092 -1.050328
0.505955 -3.098505 -0.118919
0.086567 -3.051983 -0.220198
0.500929 -3.642092 -1.050328
0.035911 -3.929170 -0.915318
0.670963 0.334724 5.743964
0.220623 -3.418541 0.242897
0.484815 -4.015727 -0.815065
0.594131 -3.494630 -0.230870
-0.078672 -2.596470 0.237058
0.491294 -2.520379 0.407973
0.030819 -0.275721 4.567630
0.491294 -2.520379 0.407973
0.214705 0.218769 5.153895
0.141202 -2.622746 0.552447
-0.106340 -1.819173 0.079558
0.120656 -1.122500 0.635974
-0.303287 -1.605503 0.590922
-0.203258 -1.308311 0.800508
0.693588 0.066944 5.462821
-0.565162 -0.878789 0.760888
0.120656 -1.122500 0.635974
0.000503 -0.767702 1.147423
-0.046493 -0.670891 0.658089
0.000503 -0.767702 1.147423
-0.264795 -0.849151 1.531074
0.693588 0.066944 5.462821
-0.047540 -0.446223 1.389590
0.547966 -0.214282 5.187919
-0.358600 -0.171562 2.092999
-0.401423 -0.630039 2.193601
0.113854 -0.420711 2.077915
-0.019316 -0.657988 2.143060
0.113854 -0.420711 2.077915
-0.031507 4.745232 6.526935
0.209469 3.125558 6.684056
-0.162897 3.127290 6.642217
-0.227965 4.739169 7.063080
-0.211434 3.117388 7.066788
-0.227965 4.739169 7.063080
0.318122 2.344259 6.935282
0.278285 4.722585 6.899256
0.318122 2.344259 6.935282
-0.997310 -4.041712 0.184655
-1.206351 -4.426419 -0.546496
-0.819345 -4.333312 -0.593469
-0.079916 1.497345 6.972583
-0.217103 2.069046 6.578466
0.406558 0.670886 5.692724
0.318122 2.344259 6.935282
0.197296 -4.061448 -0.802640
-0.049362 -2.947072 0.166834
0.152523 -3.616969 -1.024272
0.473671 -3.667332 -0.105573
0.098737 3.820333 6.559444
0.445800 3.843369 7.012239
0.758489 1.227640 6.605057
0.357688 -2.780119 -0.041904
0.473671 -3.667332 -0.105573
0.614171 -3.821618 -0.951549
0.553499 -2.892084 0.275469
0.832056 1.526188 6.872734
0.445800 3.843369 7.012239
0.555634 0.653380 7.030448
-0.124641 3.775746 7.061542
-0.238863 1.515146 6.247000
-0.873577 -3.773475 -0.022067
-0.927579 -4.000121 -0.751326
-1.147638 -3.640999 -0.177733
-1.294040 -4.086235 -0.708388
0.406558 0.670886 5.692724
0.337350 1.498905 6.656283
-1.382096 -3.900364 0.061083
-0.238863 1.515146 6.247000
0.439057 -2.462893 0.158263
0.357688 -2.780119 -0.041904
0.150335 -2.640151 0.600075
-0.873577 -3.773475 -0.022067
-0.927579 -4.000121 -0.751326
0.553499 -2.892084 0.275469
-1.145474 -2.740827 0.416482
0.017081 0.691359 5.202964
-0.323429 -1.053457 0.315092
-0.289392 -1.603817 0.623389
0.017081 0.691359 5.202964
0.206547 -1.451019 0.571514
0.832056 1.526188 6.872734
-0.039257 -1.736583 0.985080
0.442793 0.159079 3.567750
0.206547 -1.451019 0.571514
-0.314724 -1.456611 0.816973
-0.224113 -0.635403 0.616125
-0.490038 -1.064991 0.928943
0.880880 0.826821 6.649532
-0.943438 -3.335474 0.626091
0.260820 -0.564137 3.058244
-0.004867 -0.915127 0.888248
0.212101 -0.512404 1.938496
0.421485 0.738563 6.277309
-0.004867 -0.915127 0.888248
0.009550 -0.259958 2.059459
0.421485 0.738563 6.277309
0.858025 0.310618 6.104634
-0.367529 -0.202185 2.095510
-0.396861 -0.623157 2.186365
0.695440 -0.675596 1.851803
0.372588 -0.947039 2.085003
-1.031324 -2.905912 0.724345
-0.039257 -1.736583 0.985080
-0.021739 -0.659634 2.144387
0.652029 0.030107 5.109749
0.652029 0.030107 5.109749
-0.039257 -1.736583 0.985080
-0.027664 -0.089472 4.548456
0.211267 -0.390053 4.553604
0.539026 0.075033 6.300088
0.652029 0.030107 5.109749
0.259970 0.272450 5.134954
0.268422 0.373847 6.155436
-0.357240 -1.285756 1.366558
0.652029 0.030107 5.109749
0.858025 0.310618 6.104634
0.362646 3.842038 6.879911
0.278361 3.831367 7.051357
0.671740 2.273369 6.909750
0.593658 2.255017 7.087754
0.100414 3.797036 7.112739
-0.999921 -4.040609 0.184429
-1.196542 -4.410077 -0.553932
-0.997295 -4.426453 -0.546723
-0.069935 3.758540 7.032146
-0.125709 3.739923 6.847020
0.180157 2.187362 6.877206
-0.041424 3.750595 6.675573
0.262844 2.205910 6.705626
0.136523 3.784925 6.614192
0.303895 3.822802 6.698832
0.610121 2.266583 6.729209
0.671740 2.273369 6.909750
-0.947405 -3.674244 -0.145737
-0.821324 -4.142097 -0.672524
-0.812315 -3.789679 -0.037873
-1.133769 -3.659534 -0.162901
0.348231 1.446876 7.023156
-1.277966 -4.088466 -0.702028
0.377278 1.498747 6.663602
-1.287118 -3.742496 -0.091553
-1.305997 -4.261527 -0.624663
-1.328525 -3.895700 0.045483
0.793917 1.526403 6.862373
0.764432 1.113696 6.966928
-0.812315 -3.789679 -0.037873
-0.821324 -4.142097 -0.672524
-0.834592 -3.520514 0.153467
-0.947621 -3.443749 0.022596
-1.324331 -3.462702 0.124896
-1.210638 -3.631312 0.424172
0.793917 1.526403 6.862373
0.851746 0.840264 6.637753
-0.834592 -3.520514 0.153467
-0.674772 -2.923665 0.405635
0.589962 0.700228 6.861755
0.393277 1.090188 6.937053
0.330019 1.140179 6.762243
-1.077973 -3.091556 0.146514
0.759431 1.221976 6.616053
0.851746 0.840264 6.637753
-0.942141 -3.309401 0.587385
-0.674772 -2.923665 0.405635
-0.652396 -2.117452 0.565338
0.399385 0.453371 6.542261
-1.126065 -2.744012 0.418174
0.334074 0.588826 6.421161
0.598726 0.970593 6.423021
0.767190 0.423892 6.535248
-1.041193 -2.912806 0.734484
0.414086 0.711531 6.298337
0.590025 0.752426 6.243660
-0.811408 -2.180227 0.877282
-0.536626 -2.376655 0.980676
0.801654 0.342807 6.112936
0.364596 0.232886 6.239638
0.302029 0.393847 6.154956
0.340492 0.402814 5.780132
0.732933 0.502143 6.029347
0.801654 0.342807 6.112936
0.667383 0.029640 5.869922
0.747611 0.190217 5.792485
0.422194 -0.133405 5.572654
0.245241 -0.041469 5.578806
-0.041217 -1.727408 0.981333
-0.453544 -1.500904 1.014263
-0.376338 -1.713119 1.294933
-0.211940 -1.803857 1.281494
-0.041217 -1.727408 0.981333
0.307099 -1.181236 1.373155
-0.100697 -0.948820 1.416408
-0.308937 -1.313864 1.366444
0.225807 0.213656 5.153644
0.628733 0.256551 5.421695
0.544795 -0.175565 5.180365
0.197827 -0.364971 4.548815
0.092703 -1.537461 1.325998
0.307099 -1.181236 1.373155
0.437460 0.048096 4.433908
0.626605 -0.006527 5.126468
-0.057724 -1.202911 1.662216
0.106702 -1.293771 1.642364
0.401655 -1.078773 1.755331
0.600399 -0.757892 1.934216
-0.339943 -0.220975 2.102162
0.014966 -0.274190 2.065408
0.216755 -0.683101 1.549796
-0.024201 -0.660227 2.144667
0.065485 -0.472794 2.096412
-0.376958 -0.624319 2.184815
0.078579 -1.006467 1.872622
0.347669 -0.942160 2.109333
0.179960 -0.539839 1.957394
0.065485 -0.472794 2.096412
0.180689 -0.562991 2.347388
0.009275 -0.643329 1.449924
0.248433 -0.729859 2.399783
0.434401 -0.339717 2.223310
0.288770 -0.291077 2.603388
0.447599 -0.704071 2.732684
0.718210 -0.477306 2.646444
0.216224 -0.350420 2.985223
0.275342 -0.520730 3.041214
-0.440345 -0.754826 1.511103
0.718210 -0.477306 2.646444
0.413902 0.106362 3.591262
0.393265 -0.376558 3.754721
0.659625 -0.134435 3.701674
0.022345 0.235575 4.632797
-0.515869 -0.716218 1.115669
-0.431430 -0.550897 1.034609
-0.205890 -0.710946 0.666287
-0.078548 -1.056665 0.967086
0.441981 0.068754 4.767258
-0.426154 -1.055654 0.916589
-0.485446 -0.918911 0.794595
-0.329612 -1.087454 0.403604
0.659625 -0.134435 3.701674
0.027702 -1.057475 0.506429
0.042972 -1.523133 0.677916
-0.210762 -1.311066 0.810659
0.276692 0.464855 4.577842
0.148402 0.291251 5.431383
0.002197 0.680988 5.212475
0.173605 -1.445799 0.532903
-0.142325 0.694255 5.588519
-0.090800 0.532244 5.691409
-0.283089 -1.591246 0.579931
0.233431 0.735089 6.057620
-0.322205 -1.549432 0.395436
-0.007446 -1.407849 0.220413
0.443202 -2.516959 0.375229
0.332052 -2.573812 0.519075
-0.042558 -1.898452 0.634297
-0.031196 -2.587180 0.234393
0.079562 1.070039 5.803266
-0.099839 -1.851640 0.181669
0.313498 -2.788567 -0.019108
0.443202 -2.516959 0.375229
-0.096480 1.031276 5.801941
0.143495 -2.623152 0.548198
-0.004881 -2.624398 0.421727
0.273305 1.109271 6.236181
0.141919 -2.822035 0.011260
-0.260193 1.377666 6.415411
-0.212250 1.250729 6.583494
0.508947 -2.890718 0.246044
0.406583 -2.976444 0.391362
0.245884 -3.366946 0.180882
0.081738 -3.300246 0.092590
0.023342 -2.898313 0.129175
0.189128 0.963302 6.365837
0.260035 1.669063 6.657417
0.508947 -2.890718 0.246044
0.446250 -3.633937 -0.145845
0.260035 1.669063 6.657417
-0.030597 1.557914 6.879031
0.022591 1.780772 6.411252
0.162147 -3.284081 -0.403119
0.344381 -3.250638 -0.423462
0.498084 -3.104868 -0.112006
0.538138 -3.223157 0.027676
0.547676 -3.481243 -0.255114
0.088491 -3.579600 -0.194158
0.249001 2.356209 6.843674
0.025060 2.397431 6.570551
0.513059 -3.661755 -0.987914
-0.262218 2.027225 6.725323
0.547676 -3.481243 -0.255114
0.454807 -3.978548 -0.846754
0.557666 -3.829713 -0.912205
0.262783 -4.025198 -0.826115
-0.215427 1.978031 6.907475
0.101991 -3.921676 -0.876434
0.063269 -3.750537 -0.953825
0.168199 -3.604271 -1.018356
0.557666 -3.829713 -0.912205
0.152304 1.961768 6.943923
-0.140508 3.125812 6.650576
-0.187405 3.117108 7.047209
-0.030255 2.334620 7.078109
0.262213 3.119410 6.891558
0.171665 3.114841 7.087508
0.234627 4.718599 6.861617
0.143161 4.722661 7.029632
0.262213 3.119410 6.891558
-0.040302 4.719934 7.083905
-0.208291 4.712019 6.992644
-0.262401 4.703551 6.809309
-0.170935 4.699490 6.641293
0.012528 4.702216 6.587020
0.180518 4.710131 6.678281
0.234627 4.718599 6.861617
0.278361 3.831367 7.051357
0.671047 2.273259 6.909586
0.362646 3.842038 6.879911
0.410025 2.221928 7.142467
0.100414 3.797036 7.112739
0.240750 2.194002 7.057746
-0.066957 3.759160 7.028100
-0.125709 3.739923 6.847020
0.179593 2.187337 6.876564
-0.041424 3.750595 6.675573
0.136523 3.784925 6.614192
0.440614 2.238667 6.643684
0.303895 3.822802 6.698832
0.671047 2.273259 6.909586
0.362646 3.842038 6.879911
0.737579 1.876305 6.893403
0.477209 1.821077 7.126121
0.306909 1.799280 7.041655
0.244457 1.800361 6.860796
0.504827 1.855588 6.628078
0.737579 1.876305 6.893403
0.788764 1.526080 6.861000
0.708338 1.492019 7.031244
0.529952 1.460091 7.092650
0.358102 1.449001 7.009247
0.293455 1.465245 6.829890
0.373881 1.499308 6.659646
0.552267 1.531235 6.598240
0.724117 1.542324 6.681643
0.788764 1.526080 6.861000
0.827428 1.175128 6.785575
0.749581 1.117308 6.950523
0.571422 1.083281 7.011462
0.397316 1.092978 6.932692
0.329251 1.140720 6.760356
0.407100 1.198540 6.595407
0.585258 1.232568 6.534469
0.759364 1.222870 6.613239
0.827428 1.175128 6.785575
0.844372 0.841183 6.636422
0.768226 0.748978 6.785792
0.590265 0.710977 6.844930
0.414735 0.749441 6.779193
0.344460 0.841840 6.627089
0.420606 0.934045 6.477718
0.598567 0.972046 6.418580
0.774097 0.933582 6.484317
0.844372 0.841183 6.636422
0.833180 0.557543 6.403835
0.755793 0.433101 6.526867
0.577671 0.390947 6.582612
0.403157 0.455775 6.538414
0.334476 0.589609 6.420164
0.411863 0.714051 6.297131
0.589985 0.756206 6.241386
0.764499 0.691378 6.285584
0.833180 0.557543 6.403835
0.797604 0.343588 6.112626
0.716956 0.199059 6.208641
0.538387 0.154153 6.260683
0.366501 0.235173 6.238266
0.301987 0.394662 6.154522
0.382635 0.539191 6.058507
0.561203 0.584097 6.006465
0.733089 0.503076 6.028882
0.797604 0.343588 6.112626
0.662357 0.036007 5.867535
0.483311 -0.010355 5.916570
0.314093 0.078782 5.910921
0.253831 0.251200 5.853898
0.337824 0.405901 5.778903
0.516871 0.452263 5.729868
0.686088 0.363127 5.735518
0.746351 0.190708 5.792540
0.600314 -0.078947 5.523576
0.686657 0.080186 5.461662
0.420902 -0.125999 5.570577
0.253518 -0.033405 5.575134
0.196213 0.144592 5.534576
0.282556 0.303724 5.472662
0.461968 0.350775 5.425660
0.629353 0.258182 5.421104
0.686657 0.080186 5.461662
0.535080 -0.166583 5.180743
0.622971 -0.005349 5.126980
0.355392 -0.214008 5.226295
0.189167 -0.119843 5.236953
0.133776 0.060752 5.206473
0.221667 0.221986 5.152710
0.401354 0.269410 5.107158
0.567580 0.175245 5.096500
0.622971 -0.005349 5.126980
0.401086 -0.297488 4.497600
0.490809 -0.134419 4.453215
0.220975 -0.345336 4.540985
0.055983 -0.249935 4.557956
0.002761 -0.067169 4.538573
0.092484 0.095900 4.494189
0.272595 0.143748 4.450804
0.437587 0.048347 4.433832
0.490809 -0.134419 4.453215
-0.023859 -0.636541 2.139713
0.066071 -0.473251 2.096571
-0.205557 -0.686082 2.173527
-0.372586 -0.592856 2.178205
-0.427103 -0.411473 2.151007
-0.337174 -0.248185 2.107866
-0.155477 -0.198643 2.074052
0.011553 -0.291869 2.069374
0.066071 -0.473251 2.096571
-0.062450 -0.705846 1.816058
0.026857 -0.543696 1.767653
-0.244504 -0.756041 1.846848
-0.412663 -0.664879 1.841986
-0.468419 -0.485757 1.804321
-0.379113 -0.323607 1.755915
-0.197058 -0.273412 1.725125
-0.028900 -0.364575 1.729987
0.026857 -0.543696 1.767653
-0.087722 -0.793467 1.503880
0.000881 -0.633839 1.446609
-0.270077 -0.844736 1.530893
-0.439363 -0.757616 1.511824
-0.496415 -0.583136 1.457844
-0.407813 -0.423508 1.400572
-0.225458 -0.372239 1.373559
-0.056171 -0.459360 1.392628
0.000881 -0.633839 1.446609
-0.094286 -0.907793 1.215196
-0.005991 -0.754420 1.142446
-0.276732 -0.960918 1.237620
-0.446455 -0.882676 1.196583
-0.504033 -0.718899 1.116123
-0.415737 -0.565526 1.043373
-0.233292 -0.512401 1.020949
-0.063569 -0.590645 1.061986
-0.005991 -0.754420 1.142446
0.014443 -0.921342 0.874568
-0.257985 -1.114470 0.990695
-0.425141 -1.056578 0.917764
-0.479454 -0.918690 0.796733
-0.389109 -0.781580 0.698499
-0.207028 -0.725563 0.680607
-0.039871 -0.783455 0.753537
0.068062 -1.150166 0.672081
-0.211457 -1.312649 0.815150
-0.413542 -1.200638 0.547540
-0.134023 -1.038155 0.404471
0.024909 -1.060509 0.508646
0.068062 -1.150166 0.672081
0.153364 -1.454286 0.543146
0.046224 -1.525514 0.684776
-0.135576 -1.582883 0.701184
-0.285540 -1.592787 0.582759
-0.315820 -1.549424 0.398872
-0.208680 -1.478195 0.257242
-0.026880 -1.420825 0.240834
0.123083 -1.410922 0.359259
0.153364 -1.454286 0.543146
0.251669 -1.791175 0.475510
0.139294 -1.844363 0.620957
-0.043099 -1.899686 0.637798
-0.188668 -1.924737 0.516169
-0.212140 -1.904842 0.327317
-0.099765 -1.851655 0.181870
0.082628 -1.796332 0.165029
0.228197 -1.771279 0.286659
0.251669 -1.791175 0.475510
0.443420 -2.516736 0.374760
0.332012 -2.573745 0.519501
0.146813 -2.617972 0.538392
-0.003690 -2.623511 0.420367
-0.031334 -2.587117 0.234564
0.080075 -2.530109 0.089823
0.265273 -2.485881 0.070932
0.415777 -2.480343 0.188957
0.443420 -2.516736 0.374760
0.508605 -2.890692 0.245851
0.401172 -2.970513 0.382594
0.214363 -3.005499 0.404725
0.057607 -2.975159 0.299280
0.022730 -2.897263 0.128027
0.130163 -2.817444 -0.008716
0.316973 -2.782456 -0.030847
0.473729 -2.812797 0.074599
0.508605 -2.890692 0.245851
0.538138 -3.223157 0.027676
0.433297 -3.330869 0.146072
0.246089 -3.361583 0.171013
0.086182 -3.297308 0.087888
0.047244 -3.175694 -0.054610
0.152086 -3.067982 -0.173006
0.339292 -3.037267 -0.197947
0.499200 -3.101542 -0.114822
0.538138 -3.223157 0.027676
0.546394 -3.479333 -0.256292
0.442482 -3.610845 -0.163994
0.255417 -3.645148 -0.142988
0.094777 -3.562148 -0.205580
0.054664 -3.410467 -0.315103
0.158575 -3.278957 -0.407401
0.345641 -3.244654 -0.428407
0.506281 -3.327651 -0.365815
0.546394 -3.479333 -0.256292
0.551541 -3.671652 -0.577838
0.447960 -3.815499 -0.505792
0.260969 -3.852610 -0.489396
0.100105 -3.761245 -0.538253
0.059600 -3.594925 -0.623744
0.163182 -3.451079 -0.695790
0.350173 -3.413967 -0.712186
0.511036 -3.505333 -0.663329
0.551541 -3.671652 -0.577838
0.452260 -3.976176 -0.847714
0.555750 -3.828933 -0.912682
0.265289 -4.014060 -0.832928
0.104364 -3.920393 -0.876986
0.063752 -3.750041 -0.954078
0.167242 -3.602800 -1.019046
0.354213 -3.564916 -1.033831
0.515137 -3.658583 -0.989774
0.143161 4.722661 7.029632
0.261394 3.119451 6.891297
0.234627 4.718599 6.861617
-0.013470 3.115243 7.113630
-0.040302 4.719934 7.083905
-0.181581 3.117762 7.022285
-0.208291 4.712019 6.992644
-0.262401 4.703551 6.809309
-0.235840 3.122022 6.838848
-0.170935 4.699490 6.641293
0.012528 4.702216 6.587020
0.039024 3.126230 6.616515
0.180518 4.710131 6.678281
0.234627 4.718599 6.861617
0.261394 3.119451 6.891297
0.165406 2.708487 7.042983
0.256838 2.716639 6.875099
-0.018066 2.709031 7.097292
-0.186103 2.717950 7.006210
-0.240270 2.730019 6.823093
0.034634 2.737628 6.600900
0.256838 2.716639 6.875099
0.155476 2.337499 7.009771
0.247179 2.356366 6.842900
-0.028048 2.335975 7.063885
-0.195888 2.352687 6.973540
-0.249725 2.377845 6.791660
-0.158022 2.396712 6.624787
0.025502 2.398236 6.570675
0.193342 2.381523 6.661020
0.247179 2.356366 6.842900
0.145666 1.962968 6.937801
0.237926 2.004498 6.775398
-0.038078 1.952531 6.990157
-0.205670 1.979303 6.901795
-0.258938 2.027601 6.724478
-0.166678 2.069131 6.562075
0.017066 2.079568 6.509719
0.184658 2.052796 6.598081
0.237926 2.004498 6.775398
0.143880 1.598024 6.804788
-0.039915 1.573198 6.851851
-0.207467 1.611111 6.767587
-0.260628 1.689554 6.601357
-0.168256 1.762576 6.450536
0.015538 1.787401 6.403473
0.183091 1.749488 6.487737
0.236252 1.671046 6.653966
0.247558 1.369799 6.471340
0.156399 1.264890 6.602854
-0.026802 1.224478 6.640480
-0.194730 1.272235 6.562176
-0.249013 1.380187 6.413813
-0.157854 1.485095 6.282300
0.025348 1.525507 6.244674
0.193275 1.477750 6.322977
0.247558 1.369799 6.471340
0.273255 1.109720 6.235568
0.184520 0.980092 6.344812
0.002551 0.927108 6.371111
-0.166057 0.981805 6.299060
-0.222535 1.112144 6.170866
-0.133799 1.241771 6.061622
0.048169 1.294756 6.035322
0.216777 1.240057 6.107373
0.273255 1.109720 6.235568
0.311418 0.890244 5.961949
0.225459 0.744442 6.051192
0.044937 0.683033 6.067074
-0.124402 0.741991 6.000290
-0.183361 0.886777 5.889962
-0.097402 1.032580 5.800718
0.083120 1.093989 5.784836
0.252459 1.035032 5.851620
0.311418 0.890244 5.961949
0.358037 0.701948 5.664240
0.094733 0.481742 5.748974
-0.136116 0.695919 5.588235
0.127188 0.916125 5.503501
0.358037 0.701948 5.664240
0.408674 0.534821 5.352831
0.326311 0.375446 5.419369
0.147524 0.307454 5.424280
-0.022956 0.370677 5.364687
-0.085263 0.528077 5.275499
-0.002900 0.687452 5.208961
0.175887 0.755443 5.204050
0.346367 0.692222 5.263643
0.408674 0.534821 5.352831
0.512564 0.242314 4.706502
0.431984 0.077833 4.761859
0.253812 0.008081 4.762914
0.082419 0.073920 4.709050
0.018204 0.236780 4.631819
0.098785 0.401261 4.576462
0.276957 0.471013 4.575408
0.448350 0.405175 4.629272
0.512564 0.242314 4.706502
0.651563 -0.133562 3.700267
0.571930 -0.300713 3.748549
0.393437 -0.369559 3.752000
0.220642 -0.299775 3.708600
0.154767 -0.132235 3.643771
0.234399 0.034916 3.595490
0.412892 0.103763 3.592039
0.585687 0.033977 3.635439
0.651563 -0.133562 3.700267
0.706357 -0.362692 3.004551
0.626553 -0.529053 3.055215
0.447224 -0.594077 3.070201
0.273420 -0.519678 3.040730
0.206953 -0.349434 2.984067
0.286758 -0.183073 2.933403
0.466086 -0.118046 2.918418
0.639890 -0.192447 2.947888
0.706357 -0.362692 3.004551
0.705455 -0.478054 2.647239
0.446417 -0.703081 2.732458
0.272667 -0.625070 2.714098
0.206215 -0.453850 2.660440
0.285986 -0.289719 2.602915
0.465253 -0.228822 2.575221
0.639002 -0.306833 2.593581
0.705455 -0.478054 2.647239
0.592904 -0.763124 2.359644
0.671193 -0.604347 2.287033
0.415634 -0.816810 2.407652
0.243225 -0.733959 2.402934
0.176672 -0.563099 2.348254
0.254961 -0.404323 2.275643
0.432231 -0.350636 2.227635
0.604639 -0.433490 2.232353
0.671193 -0.604347 2.287033
0.517667 -0.904526 2.036021
0.589860 -0.757268 1.937458
0.346947 -0.945836 2.111913
0.177704 -0.857001 2.120677
0.109080 -0.690056 2.057178
0.181273 -0.542798 1.958614
0.351993 -0.501488 1.882722
0.521237 -0.590323 1.873959
0.589860 -0.757268 1.937458
0.459722 -0.950516 1.627275
0.240647 -1.103245 1.858964
0.074649 -1.009531 1.875518
-0.000604 -0.852552 1.796103
0.058969 -0.724269 1.667240
0.218471 -0.699824 1.564414
0.384469 -0.793539 1.547860
0.459722 -0.950516 1.627275
0.301852 -1.180779 1.375992
0.256158 -1.288668 1.527265
0.106852 -1.298131 1.646554
-0.058604 -1.203619 1.663983
-0.143287 -1.060501 1.569340
-0.097593 -0.952610 1.418068
0.051713 -0.943148 1.298779
0.217168 -1.037660 1.281350
0.301852 -1.180779 1.375992
0.130158 -1.446670 1.164318
0.094202 -1.539501 1.327724
-0.048911 -1.539384 1.454730
-0.215347 -1.446389 1.470937
-0.307610 -1.314990 1.366852
-0.271654 -1.222161 1.203446
-0.128541 -1.222278 1.076440
0.037894 -1.315272 1.060233
0.130158 -1.446670 1.164318
-0.041915 -1.727798 0.982824
-0.071921 -1.810911 1.152541
-0.211613 -1.805204 1.283175
-0.379161 -1.714026 1.298204
-0.476416 -1.590782 1.188822
-0.446410 -1.507672 1.019105
-0.306718 -1.513376 0.888471
-0.139171 -1.604557 0.873443
-0.041915 -1.727798 0.982824
-0.375956 -2.316162 0.672374
-0.399230 -2.387371 0.848440
-0.536372 -2.377157 0.981479
-0.707045 -2.291504 0.993560
-0.811271 -2.180585 0.877605
-0.787996 -2.109376 0.701539
-0.650855 -2.119590 0.568499
-0.480182 -2.205244 0.556418
-0.375956 -2.316162 0.672374
-0.670305 -2.924662 0.404710
-0.690798 -2.989957 0.583394
-0.831005 -2.986261 0.713548
-1.008795 -2.915737 0.718929
-1.120020 -2.819698 0.596385
-1.099526 -2.754402 0.417700
-0.959320 -2.758099 0.287546
-0.781531 -2.828623 0.282166
-0.670305 -2.924662 0.404710
-0.797303 -3.296708 0.458676
-0.942422 -3.307400 0.582926
-1.126610 -3.255622 0.580614
-1.241973 -3.171704 0.453096
-1.220933 -3.104805 0.275070
-1.075814 -3.094112 0.150821
-0.891626 -3.145891 0.153132
-0.776263 -3.229808 0.280650
-0.854259 -3.607335 0.320709
-0.829748 -3.521041 0.151699
-1.005429 -3.651848 0.429235
-1.194705 -3.628506 0.413703
-1.311213 -3.550981 0.283213
-1.286702 -3.464689 0.114203
-1.135532 -3.420176 0.005677
-0.946255 -3.443518 0.021209
-0.829748 -3.521041 0.151699
-0.830428 -3.783275 -0.043288
-1.009440 -4.011465 0.158910
-1.198924 -3.994189 0.138684
-1.314259 -3.882396 0.034706
-1.287883 -3.741570 -0.092117
-1.135247 -3.654205 -0.167493
-0.945763 -3.671482 -0.147267
-0.830428 -3.783275 -0.043288
-0.825081 -3.983097 -0.339781
-1.002955 -4.253772 -0.198024
-1.192553 -4.232247 -0.212204
-1.308472 -4.098605 -0.285101
-1.282810 -3.931130 -0.374014
-1.130597 -3.827929 -0.426858
-0.941000 -3.849454 -0.412678
-0.825081 -3.983097 -0.339781
-0.846351 -4.314696 -0.595230
-0.820838 -4.141630 -0.672748
-0.998474 -4.421221 -0.549158
-1.188096 -4.398804 -0.561521
-1.304138 -4.260577 -0.625076
-1.278625 -4.087512 -0.702594
-1.126501 -3.980986 -0.748665
-0.936880 -4.003405 -0.736303
0 1
5 7
36 66
242 256
245 262
46 71
15 47
151 175
111 118
165 179
172 177
48 76
74 75
23 42
43 44
110 119
6 12
12 14
249 263
159 175
344 356
246 266
174 178
346 359
255 262
351 365
64 65
58 60
57 59
63 64
252 253
60 61
128 136
12 25
214 236
80 104
250 260
562 571
347 361
560 569
157 176
350 357
564 573
558 567
134 141
210 217
201 232
207 208
90 112
47 62
216 234
44 45
31 41
113 122
117 120
64 74
188 216
194 195
19 20
86 101
4 13
28 38
29 30
197 228
119 128
109 113
20 47
240 254
55 56
89 104
142 157
22 24
378 394
227 234
230 234
373 380
39 53
26 27
259 264
127 132
59 66
180 181
60 66
236 251
184 185
138 143
90 91
22 35
139 143
454 456
95 96
468 469
689 690
453 464
455 457
699 700
123 131
268 270
478 479
282 283
277 278
472 473
693 694
226 236
696 697
475 476
279 280
450 461
1 16
15 21
253 258
233 251
237 249
97 99
166 175
206 231
225 235
196 197
321 338
314 340
385 400
156 162
369 377
402 409
203 205
247 257
197 198
393 407
211 227
219 230
238 250
124 159
198 221
199 222
87 92
3 4
161 166
244 263
152 153
218 226
98 107
131 138
145 156
154 158
103 108
105 109
449 454
271 296
398 417
444 451
181 193
310 315
222 229
356 382
243 265
220 231
396 410
324 343
372 379
376 389
391 404
148 149
401 406
777 786
121 130
775 784
783 792
399 413
146 147
147 149
371 378
334 347
125 134
126 135
380 397
278 309
779 788
182 193
283 311
377 393
781 790
262 267
241 252
202 248
432 438
34 46
408 415
170 179
48 49
81 89
93 94
50 51
54 55
3 13
186 192
192 195
112 129
209 261
231 237
25 72
69 70
83 85
114 115
78 88
8 10
68 69
204 206
36 75
152 160
217 244
116 142
189 191
196 199
273 313
412 420
273 275
67 74
190 218
423 428
115 116
107 110
452 454
301 317
302 321
451 452
417 444
155 161
163 166
358 369
17 47
14 21
21 33
426 441
355 372
337 342
92 94
223 224
169 173
436 453
118 119
867 876
435 445
869 878
859 868
861 870
284 303
624 633
632 641
336 341
340 349
405 412
239 248
626 635
124 137
434 442
440 448
232 239
342 364
785 794
857 866
133 165
332 346
767 776
855 864
865 874
769 778
863 872
871 880
286 287
297 298
791 800
327 335
312 331
295 304
303 312
325 339
416 439
630 639
280 291
424 436
628 637
213 214
550 559
548 557
214 215
787 796
338 352
773 782
771 780
364 370
414 427
348 354
789 798
556 565
137 159
102 129
430 447
395 411
552 561
554 563
29 41
51 52
368 374
363 371
366 373
360 367
299 306
305 314
375 386
148 155
329 344
330 345
235 245
288 310
386 399
309 318
193 211
429 437
228 238
392 405
162 168
167 170
353 363
362 368
409 431
322 329
10 37
72 73
9 11
84 86
208 210
85 101
101 115
180 183
200 201
21 28
149 150
384 391
23 24
32 39
200 210
36 46
185 187
77 82
18 19
388 402
383 388
88 97
0 2
5 40
170 171
419 420
77 79
150 153
307 320
892 900
390 402
428 449
294 301
899 907
612 621
644 653
634 643
607 612
884 893
652 661
505 514
497 506
164 167
826 834
598 606
136 140
662 671
719 727
687 702
466 480
100 106
736 745
515 524
403 418
410 425
190 191
470 482
421 435
691 704
425 433
642 651
650 659
143 144
843 852
877 885
833 842
728 737
620 629
654 663
473 483
694 705
611 619
818 827
726 735
851 860
697 706
476 484
717 726
820 828
908 917
901 909
841 850
487 496
875 883
746 755
816 825
808 817
191 224
203 220
802 811
882 891
622 631
605 611
523 531
381 387
711 720
79 87
507 516
754 762
590 599
744 753
670 678
636 645
845 854
853 862
316 327
828 836
835 844
793 802
801 809
608 613
660 669
668 677
703 710
672 681
701 708
762 768
580 589
532 541
289 308
849 858
906 915
531 539
588 597
525 533
481 488
489 498
495 504
503 512
600 608
824 832
910 919
513 522
521 530
738 747
886 895
707 716
810 819
676 685
799 807
756 763
721 729
879 887
664 673
572 581
837 846
326 333
763 770
709 718
912 921
898 906
905 913
674 683
761 766
765 774
570 579
640 649
847 856
292 301
480 486
485 494
752 761
760 765
542 551
795 803
725 733
538 547
705 712
618 627
734 743
742 751
582 591
540 549
806 815
873 881
839 848
894 902
881 889
578 587
764 772
212 214
534 543
609 615
614 623
706 714
546 555
483 490
797 805
831 840
574 583
616 625
658 667
748 757
568 577
544 553
758 764
715 724
576 585
646 655
713 722
566 575
406 422
318 328
517 526
287 299
804 813
666 675
812 821
750 759
596 604
484 492
493 502
529 537
499 508
592 601
890 898
536 545
814 823
730 739
888 897
732 741
829 838
594 602
586 595
656 665
511 520
527 535
740 749
903 911
723 731
584 593
602 609
491 500
638 647
822 830
648 657
610 617
519 528
501 510
285 300
509 518
896 904
319 323
603 610
441 443
274 293
276 277
272 276
290 293
914 915
281 282
462 463
920 921
460 461
269 272
465 469
916 917
474 475
686 688
465 467
686 690
695 696
690 692
458 459
918 919
680 681
678 679
477 479
469 471
698 699
684 685
682 683
446 447
438 448
