15292990322998752067 452 544
0.240006 0.245140 -0.007592
0.286750 0.245140 0.043556
0.285657 -0.245140 0.038059
-0.247657 0.245140 0.038059
-0.196509 0.245140 -0.008685
-0.202006 -0.245140 -0.007592
-0.247657 -0.245140 0.182571
-0.196509 -0.245140 0.229315
-0.202006 0.245140 0.228221
-0.202006 -0.245140 -0.007592
0.234509 -0.245140 -0.008685
0.240006 0.245140 -0.007592
-0.248750 0.245140 0.177074
0.229295 -0.245140 0.004788
0.271131 -0.224303 0.069010
0.271131 0.224303 0.069010
0.224376 0.245140 0.003810
0.285657 0.245140 0.182571
0.229295 0.224303 0.215841
0.240006 0.245140 0.228221
0.224376 -0.224303 0.216820
0.271131 -0.224303 0.069010
0.285657 -0.245140 0.182571
-0.190700 0.224303 0.215841
-0.248750 0.245140 0.177074
-0.202006 0.245140 0.228221
-0.247657 -0.245140 0.182571
-0.190700 -0.224303 0.215841
-0.196509 -0.245140 0.229315
0.229295 0.224303 0.215841
-0.190700 0.224303 0.215841
0.240006 0.245140 0.228221
-0.202006 0.245140 0.228221
-0.202006 -0.245140 -0.007592
-0.190700 -0.212550 0.004788
-0.232536 -0.224303 0.069010
0.240006 -0.245140 0.228221
-0.232536 0.224303 0.069010
-0.190700 0.212550 0.004788
-0.196509 0.245140 -0.008685
-0.190700 0.224303 0.215841
0.229295 0.224303 0.215841
-0.232536 0.224303 0.069010
0.229295 -0.245140 0.004788
0.285657 -0.245140 0.038059
0.285657 -0.245140 0.182571
0.234509 -0.245140 -0.008685
-0.202006 -0.245140 -0.007592
-0.232536 -0.224303 0.069010
-0.248750 -0.245140 0.043556
-0.132874 0.212550 0.003810
-0.132874 0.212550 0.069010
-0.132874 -0.212550 0.003810
-0.132874 -0.212550 0.069010
-0.190700 -0.212550 0.004788
-0.190700 0.212550 0.004788
-0.132874 0.212550 0.003810
-0.132874 -0.212550 0.003810
-0.190700 -0.212550 0.004788
0.229295 -0.245140 0.004788
0.268580 0.176780 0.163183
0.286750 0.176780 0.163183
0.240006 0.176780 0.228221
0.240006 -0.176780 0.228221
0.268580 -0.176780 0.163183
0.266112 -0.177096 0.088957
0.193246 -0.205546 0.229315
0.190778 -0.205862 0.088957
0.240006 0.176780 0.228221
0.266112 0.176463 0.088957
0.193246 0.205546 0.229315
0.190778 0.205229 0.088957
0.285657 -0.245140 0.038059
0.286750 -0.176780 0.163183
0.285657 -0.245140 0.182571
0.285657 0.245140 0.182571
0.286750 -0.176780 0.163183
0.240006 -0.176780 0.228221
0.240006 -0.245140 0.228221
-0.190700 -0.224303 0.215841
-0.196509 -0.245140 0.229315
-0.190700 -0.224303 0.215841
0.268580 0.176780 0.163183
0.268580 -0.176780 0.163183
0.286750 -0.031640 0.156933
0.286750 -0.176780 0.163183
0.286750 0.176780 0.163183
0.286750 0.245140 0.043556
0.271131 0.224303 0.069010
0.240006 0.245140 -0.007592
0.224376 0.245140 0.003810
-0.196509 0.245140 -0.008685
-0.247657 -0.245140 0.182571
-0.248750 -0.245140 0.043556
-0.247657 0.245140 0.038059
-0.247657 0.245140 0.038059
-0.248750 0.245140 0.177074
0.240006 -0.245140 0.228221
0.240006 -0.176780 0.228221
0.193246 -0.205546 0.229315
0.193246 0.205546 0.229315
0.240006 0.176780 0.228221
0.240006 0.245140 0.228221
-0.202006 0.245140 0.228221
-0.136801 -0.205546 0.229315
-0.136801 0.205546 0.229315
-0.136801 -0.205546 0.229315
-0.136801 0.205546 0.229315
-0.132874 -0.212550 0.069010
0.271131 -0.224303 0.069010
-0.232536 -0.224303 0.069010
-0.232536 0.224303 0.069010
0.271131 0.224303 0.069010
-0.132874 0.212550 0.069010
0.286750 -0.031640 0.156933
0.266112 -0.177096 0.088957
0.268580 -0.176780 0.163183
0.268580 0.176780 0.163183
-0.132874 -0.212550 0.003810
-0.132874 0.212550 0.003810
-0.132874 -0.212550 0.069010
-0.132874 0.212550 0.069010
0.271131 0.000000 0.069010
-0.139269 0.205229 0.088957
-0.136801 0.205546 0.229315
-0.136801 -0.205546 0.229315
-0.139269 -0.205862 0.088957
0.266112 0.176463 0.088957
0.266112 -0.000317 0.088957
0.240006 0.245140 0.228221
-0.139269 -0.205862 0.088957
-0.139269 0.205229 0.088957
0.261754 -0.113159 0.200297
0.276139 -0.113159 0.191287
0.261754 -0.045908 0.199611
0.276139 -0.040241 0.191287
0.225376 0.175896 0.205974
0.284603 0.175896 0.182639
0.270008 0.173282 0.165963
0.240006 0.175896 0.228061
0.192655 0.204518 0.205974
0.192655 0.204518 0.229149
0.225376 0.175896 0.205974
0.240006 0.175896 0.228061
0.225376 -0.175896 0.205974
0.240006 -0.175896 0.228061
0.192655 -0.204518 0.205974
0.192655 -0.204518 0.229149
0.285691 -0.173282 0.165963
0.240006 -0.175896 0.228061
0.225376 -0.175896 0.205974
0.192655 -0.204518 0.205974
-0.135742 -0.204518 0.205974
0.127002 -0.173227 0.205974
-0.088288 -0.173227 0.205974
-0.088288 -0.173227 0.229149
-0.088288 -0.173227 0.205974
-0.088288 0.173227 0.229149
-0.088288 0.173227 0.205974
-0.135742 0.204518 0.205974
-0.135742 -0.204518 0.205974
-0.135742 0.204518 0.229149
-0.135742 -0.204518 0.229149
0.192655 0.204518 0.205974
0.127002 0.173227 0.205974
-0.135742 0.204518 0.205974
-0.088288 0.173227 0.205974
-0.135742 -0.204518 0.229149
-0.135742 -0.204518 0.205974
-0.135742 0.204518 0.229149
-0.135742 0.204518 0.205974
0.192655 0.204518 0.229149
-0.135742 0.204518 0.229149
0.127002 0.173227 0.229149
-0.088288 0.173227 0.229149
0.192655 -0.204518 0.229149
0.127002 -0.173227 0.229149
-0.135742 -0.204518 0.229149
-0.088288 -0.173227 0.229149
0.285691 -0.173282 0.165963
0.284603 0.175896 0.182639
0.240006 -0.175896 0.228061
0.240006 0.175896 0.228061
0.225376 0.175896 0.205974
0.225376 -0.175896 0.205974
0.127002 -0.173227 0.229149
0.127002 0.173227 0.229149
0.127002 -0.173227 0.205974
0.127002 0.173227 0.205974
0.127002 -0.173227 0.229149
0.127002 -0.173227 0.205974
-0.088288 -0.173227 0.229149
-0.088288 -0.173227 0.205974
0.127002 0.173227 0.229149
-0.088288 0.173227 0.229149
0.127002 0.173227 0.205974
-0.088288 0.173227 0.205974
0.261754 0.113159 0.200297
0.261754 0.040241 0.191287
0.276139 0.040241 0.191287
0.276139 0.113159 0.191287
0.261754 0.113159 0.200297
0.276139 0.040241 0.191287
0.262538 -0.177398 0.198154
0.263407 -0.196225 0.198034
0.274742 -0.177398 0.185950
0.274621 -0.196225 0.186819
0.272074 -0.140839 0.159116
0.283566 -0.137383 0.165700
0.283566 -0.153648 0.165700
-0.049500 -0.070126 0.160960
-0.088808 -0.082898 0.160960
-0.010192 -0.082898 0.160960
0.014101 -0.157665 0.160960
0.014101 -0.116335 0.160960
-0.010192 -0.191102 0.160960
-0.088808 -0.191102 0.160960
-0.049500 -0.203874 0.160960
-0.116374 -0.137000 0.160960
0.014101 -0.116335 0.160960
-0.010192 -0.082898 0.160960
-0.116374 -0.137000 0.160960
-0.113814 -0.129582 0.086834
-0.118086 -0.129582 0.086834
-0.117843 -0.129582 0.171805
-0.118086 -0.129582 0.086834
-0.118086 -0.144418 0.086834
-0.117843 -0.129582 0.171805
-0.118086 -0.144418 0.086834
-0.113814 -0.129582 0.086834
-0.117843 -0.129582 0.171805
-0.134329 -0.219849 0.217472
-0.096118 -0.219849 0.217472
-0.134329 -0.206246 0.217472
-0.096118 -0.219849 0.217472
-0.090318 -0.206246 0.217472
-0.134329 -0.206246 0.217472
0.272074 -0.047692 0.159116
0.283566 -0.034883 0.165700
0.283566 -0.051148 0.165700
0.272074 0.140839 0.159116
0.283566 0.153648 0.165700
0.283566 0.137383 0.165700
0.272074 0.047692 0.159116
0.283566 0.051148 0.165700
0.283566 0.034883 0.165700
0.190778 0.205229 0.088957
0.266112 -0.000317 0.088957
0.266112 0.176463 0.088957
0.190778 -0.205862 0.088957
0.266112 -0.177096 0.088957
-0.139269 0.205229 0.088957
-0.139269 -0.205862 0.088957
0.003209 -0.098705 0.022367
-0.087795 -0.084292 0.022367
-0.049500 -0.071849 0.022367
-0.116000 -0.137000 0.162180
-0.114651 -0.137000 0.022367
-0.102208 -0.175295 0.022367
-0.103300 -0.176088 0.162180
-0.029367 -0.198963 0.022367
-0.049500 -0.203500 0.162180
-0.010412 -0.190800 0.162180
0.015651 -0.137000 0.022367
0.017000 -0.137000 0.162180
0.003209 -0.098705 0.022367
-0.010412 -0.083200 0.162180
-0.088588 -0.083200 0.162180
-0.102208 -0.175295 0.022367
-0.134329 0.206246 0.217472
-0.096118 0.219849 0.217472
-0.134329 0.219849 0.217472
-0.090318 0.206246 0.217472
0.274742 0.176765 0.185950
0.274621 0.195592 0.186819
0.263407 0.195592 0.198034
0.262538 0.176765 0.198154
0.004602 -0.039624 0.160960
0.017374 -0.000317 0.160960
-0.070165 -0.063918 0.160960
-0.103602 -0.039624 0.160960
-0.088808 0.053786 0.160960
-0.116374 -0.000317 0.160960
-0.028835 0.063285 0.160960
-0.117843 0.007101 0.171805
-0.118086 -0.007734 0.086834
-0.113814 -0.007734 0.086834
-0.113814 0.007101 0.086834
-0.118086 -0.007734 0.086834
-0.117843 0.007101 0.171805
-0.113814 -0.007734 0.086834
-0.113814 0.007101 0.086834
-0.117843 0.007101 0.171805
-0.049500 -0.065468 0.022367
-0.102208 -0.038611 0.022367
-0.011205 -0.053025 0.022367
-0.049500 0.064835 0.022367
0.003208 0.037978 0.022367
-0.087795 0.052392 0.022367
0.015651 -0.000317 0.022367
-0.028950 -0.063562 0.162180
-0.088588 -0.054116 0.162180
-0.116000 -0.000317 0.162180
-0.114651 -0.000317 0.022367
-0.102208 -0.038611 0.022367
-0.049500 0.066183 0.162180
-0.028950 0.062929 0.162180
-0.088588 0.053483 0.162180
0.004300 -0.039404 0.162180
0.017000 -0.000317 0.162180
0.004300 0.038771 0.162180
-0.088808 0.082265 0.160960
-0.113101 0.157032 0.160960
-0.116374 0.136367 0.160960
-0.010192 0.190469 0.160960
-0.049500 0.203241 0.160960
0.014101 0.115702 0.160960
-0.113101 0.157032 0.160960
-0.088808 0.082265 0.160960
-0.049500 0.069493 0.160960
-0.117843 0.128949 0.171805
-0.113814 0.143785 0.086834
-0.118086 0.143785 0.086834
-0.118086 0.128949 0.086834
-0.117843 0.128949 0.171805
-0.118086 0.143785 0.086834
-0.113814 0.143785 0.086834
-0.117843 0.128949 0.171805
-0.118086 0.128949 0.086834
-0.069633 0.198329 0.022367
-0.011205 0.083658 0.022367
-0.114651 0.136367 0.022367
0.003209 0.174662 0.022367
0.015651 0.136367 0.022367
-0.087795 0.083658 0.022367
-0.116000 0.136367 0.162180
-0.103300 0.175455 0.162180
-0.070050 0.199612 0.162180
-0.049500 0.069867 0.162180
-0.070050 0.073122 0.162180
-0.010412 0.082567 0.162180
-0.028950 0.199612 0.162180
0.004300 0.175455 0.162180
0.017000 0.136367 0.162180
-0.103300 0.097279 0.162180
0.062192 -0.191102 0.160960
0.101500 -0.203874 0.160960
0.034626 -0.137000 0.160960
0.101500 -0.070126 0.160960
0.165101 -0.157665 0.160960
0.165101 -0.116335 0.160960
0.140808 -0.191102 0.160960
0.034626 -0.137000 0.160960
0.062192 -0.082898 0.160960
0.037186 -0.129582 0.086834
0.032914 -0.129582 0.086834
0.033157 -0.129582 0.171805
0.032914 -0.129582 0.086834
0.032914 -0.144418 0.086834
0.033157 -0.129582 0.171805
0.032914 -0.144418 0.086834
0.037186 -0.129582 0.086834
0.033157 -0.129582 0.171805
0.166651 -0.137000 0.022367
0.121633 -0.198963 0.022367
0.048792 -0.175295 0.022367
0.121633 -0.075037 0.022367
0.063205 -0.084291 0.022367
0.036349 -0.137000 0.022367
0.035000 -0.137000 0.162180
0.047700 -0.176088 0.162180
0.080950 -0.200245 0.162180
0.140588 -0.190800 0.162180
0.168000 -0.137000 0.162180
0.155300 -0.097912 0.162180
0.122050 -0.073755 0.162180
0.062412 -0.083200 0.162180
0.155602 -0.039624 0.160960
0.168374 -0.000317 0.160960
0.122165 -0.063918 0.160960
0.047398 -0.039624 0.160960
0.080835 -0.063918 0.160960
0.062192 0.053786 0.160960
0.155602 0.038991 0.160960
0.122165 0.063285 0.160960
0.047398 -0.039624 0.160960
0.122165 -0.063918 0.160960
0.168374 -0.000317 0.160960
0.155602 0.038991 0.160960
0.034626 -0.000317 0.160960
0.033157 0.007101 0.171805
0.032914 -0.007734 0.086834
0.037186 -0.007734 0.086834
0.037186 0.007101 0.086834
0.032914 -0.007734 0.086834
0.033157 0.007101 0.171805
0.037186 -0.007734 0.086834
0.037186 0.007101 0.086834
0.033157 0.007101 0.171805
0.154208 0.037978 0.022367
0.063205 0.052392 0.022367
0.101500 0.064835 0.022367
0.155300 -0.039404 0.162180
0.140588 -0.054116 0.162180
0.168000 -0.000317 0.162180
0.035000 -0.000317 0.162180
0.036349 -0.000317 0.022367
0.047700 -0.039404 0.162180
0.081367 -0.062279 0.022367
0.047700 -0.039404 0.162180
0.080950 -0.063562 0.162180
0.121633 -0.062279 0.022367
0.166651 -0.000317 0.022367
0.154208 0.037978 0.022367
0.122050 0.062929 0.162180
0.062412 0.053483 0.162180
0.062412 0.053483 0.162180
0.101500 0.066183 0.162180
0.081367 -0.062279 0.022367
0.122165 0.072766 0.160960
0.155602 0.097059 0.160960
0.165101 0.157032 0.160960
0.101500 0.203241 0.160960
0.062192 0.190469 0.160960
0.165101 0.157032 0.160960
0.034626 0.136367 0.160960
0.122165 0.072766 0.160960
0.062192 0.082265 0.160960
0.033157 0.128949 0.171805
0.037186 0.143785 0.086834
0.032914 0.143785 0.086834
0.032914 0.128949 0.086834
0.033157 0.128949 0.171805
0.032914 0.143785 0.086834
0.037186 0.143785 0.086834
0.033157 0.128949 0.171805
0.032914 0.128949 0.086834
0.048791 0.174662 0.022367
0.101500 0.201518 0.022367
0.139795 0.189075 0.022367
0.063205 0.083658 0.022367
0.036349 0.136367 0.022367
0.139795 0.083658 0.022367
0.035000 0.136367 0.162180
0.062412 0.190167 0.162180
0.101500 0.202867 0.162180
0.140588 0.190167 0.162180
0.166651 0.136367 0.022367
0.168000 0.136367 0.162180
0.140588 0.082567 0.162180
0.080950 0.073122 0.162180
0.047700 0.097279 0.162180
42 88
111 112
21 48
109 110
7 8
7 103
6 12
12 92
0 10
10 11
1 2
1 72
3 93
93 94
4 5
4 9
13 16
16 59
14 15
31 32
102 103
4 11
89 91
9 10
46 47
7 97
36 80
33 59
43 47
56 57
108 113
118 119
120 121
16 39
90 91
29 30
40 41
20 79
20 81
123 126
251 252
104 105
124 125
152 165
159 160
161 162
172 177
82 83
116 117
181 182
183 184
179 180
138 179
153 164
173 176
185 186
187 188
154 166
155 157
156 158
174 178
66 106
71 131
99 104
246 251
70 107
100 105
67 130
249 252
146 168
147 167
151 152
175 177
140 170
141 169
163 165
171 172
109 122
112 122
153 154
176 178
189 191
190 192
164 166
173 174
193 194
195 196
61 114
84 86
115 128
247 250
127 128
247 248
407 408
408 409
73 114
84 85
44 45
72 74
68 69
63 65
440 450
334 339
401 414
265 266
296 306
301 304
437 444
260 261
260 262
403 411
364 372
107 131
123 124
106 130
125 126
442 449
330 340
441 443
333 343
331 335
447 448
332 342
439 446
329 337
408 410
438 445
400 415
254 267
297 310
263 264
299 309
405 406
367 376
366 375
258 259
365 370
368 369
298 307
256 257
302 303
404 412
363 373
1 75
17 87
26 49
92 93
12 94
95 96
218 220
220 221
17 88
21 22
21 45
42 96
48 53
108 110
37 51
111 113
382 383
382 388
419 421
424 426
346 347
346 352
37 39
42 91
320 321
326 327
428 429
434 435
390 392
396 398
284 286
290 292
320 322
324 325
428 430
432 433
390 391
394 395
226 227
228 230
358 359
360 362
284 285
288 289
88 89
222 224
229 230
287 289
291 292
393 395
397 398
354 356
361 362
33 35
47 48
323 324
327 328
431 432
435 436
223 224
225 227
355 356
357 359
15 16
88 90
69 71
246 248
65 67
249 250
61 62
63 76
73 77
13 14
21 43
314 316
379 380
385 386
277 279
348 350
211 212
211 220
422 424
316 319
311 312
317 318
214 215
215 219
278 283
315 317
378 379
386 387
266 267
404 414
37 38
34 35
48 54
148 149
179 181
363 366
329 332
364 365
440 442
258 260
260 268
330 334
329 331
363 364
406 408
406 418
411 412
260 263
197 199
201 202
60 69
117 127
64 65
115 116
197 198
200 202
133 135
23 24
40 96
148 150
179 184
61 75
73 74
60 62
60 68
5 93
47 49
6 7
26 28
2 10
3 4
44 46
91 95
0 1
87 89
8 12
24 25
26 27
26 79
17 18
17 41
62 129
77 78
97 98
101 102
132 134
43 44
50 51
52 53
118 120
119 121
17 19
22 36
74 78
75 129
137 139
180 182
211 221
311 313
352 353
423 425
425 427
281 283
382 384
426 427
382 389
345 347
281 282
420 421
216 218
414 415
414 416
443 444
375 376
259 261
340 343
339 340
405 415
449 450
256 267
448 449
264 266
301 302
403 404
302 307
369 376
403 410
300 301
306 307
372 373
371 372
262 264
446 448
136 138
138 183
296 297
253 255
255 265
399 401
401 413
400 406
366 367
331 334
330 333
367 368
440 441
298 303
254 257
293 294
293 304
437 438
439 447
442 447
295 299
52 54
57 58
38 50
55 56
141 143
171 182
145 147
175 181
63 66
68 70
98 99
100 101
269 272
235 236
140 142
163 183
144 146
151 184
213 215
349 351
379 381
383 384
419 420
219 220
377 379
280 282
277 278
210 212
348 353
385 389
216 217
345 346
422 423
279 280
314 315
380 381
377 378
318 319
210 211
346 351
215 217
349 350
387 388
213 214
370 371
339 344
444 445
445 446
338 340
450 451
409 410
261 262
416 417
337 341
300 308
306 310
374 375
342 343
336 337
402 404
309 310
308 309
335 344
405 407
335 336
373 374
341 342
305 307
443 451
256 259
369 370
232 233
234 236
408 411
411 418
293 295
437 441
400 401
294 303
303 304
438 439
296 298
254 255
257 258
257 268
297 299
365 368
253 263
263 265
399 412
412 413
332 333
42 95
21 44
231 232
270 271
48 49
33 34
33 58
87 88
38 39
39 55
20 36
23 25
30 32
18 19
29 31
144 145
149 150
136 139
142 143
27 28
80 81
140 141
146 147
155 156
157 158
159 161
160 162
167 168
169 170
185 187
186 188
189 190
191 192
193 195
194 196
137 138
138 180
312 313
414 417
305 306
402 403
338 339
273 274
203 204
275 276
205 206
240 241
207 209
237 238
243 245
60 61
64 76
82 86
83 85
134 135
273 276
203 205
200 201
132 133
208 209
241 242
244 245
238 239
204 206
274 275
326 328
228 229
287 288
360 361
393 394
434 436
357 358
323 325
225 226
431 433
290 291
396 397
234 235
270 272
198 199
243 244
207 208
237 239
240 242
269 271
231 233
222 223
285 286
321 322
429 430
391 392
354 355
