4919490090942595835 1175 600
-0.079937 0.051091 1.428636
-0.577293 0.051091 1.428636
-0.577293 -0.158909 1.218636
-0.577293 0.051091 1.218636
-0.315121 -0.186357 1.360823
-0.315121 0.036124 1.360823
0.366772 -0.158897 1.217739
0.366772 0.051275 1.217739
0.105121 -0.173876 1.361241
0.105121 0.048138 1.361241
-0.135907 -0.126450 0.781487
-0.135907 0.091456 0.781487
-0.249480 -0.139477 0.411301
-0.249480 0.073663 0.411301
-0.191986 -0.123955 0.836668
-0.191986 -0.123955 1.046668
0.039480 -0.139477 0.411172
0.039480 -0.139477 0.621301
-0.018014 -0.123955 0.836668
-0.018014 -0.123955 1.046668
-0.023753 0.092283 1.738015
-0.036583 0.100020 1.744068
0.000004 -0.109694 1.842795
0.000015 -0.110832 1.863002
0.000005 -0.119238 1.665338
-0.068920 -0.086369 1.757777
0.000096 -0.120894 1.693424
-0.073515 -0.064518 1.732345
-0.078943 0.026554 1.678454
-0.083889 0.037533 1.675412
-0.096490 -0.034354 1.589154
-0.126586 -0.030388 1.585779
-0.021957 0.102867 1.747089
-0.028983 0.098424 1.742863
-0.023121 0.097799 1.743874
-0.075170 0.019446 1.658291
-0.000002 0.109029 1.832968
-0.000007 0.108039 1.826684
-0.027894 0.160810 1.646843
-0.084377 0.045739 1.660991
-0.079783 0.059503 1.642751
0.012726 0.132605 1.725110
0.010283 0.130476 1.734202
0.068664 0.004682 1.870162
0.043854 0.001227 1.885071
0.071941 0.083523 1.728342
0.000000 -0.115600 1.799746
0.021390 -0.114720 1.796821
0.071904 0.092374 1.719120
0.071701 -0.044599 1.711622
0.068457 -0.060750 1.736949
0.072885 -0.010900 1.568446
0.086230 -0.027861 1.589768
0.021666 0.096165 1.743795
0.018726 0.101042 1.746473
0.043111 0.093894 1.741673
0.044793 0.094027 1.741654
-0.042113 0.164844 1.583946
-0.042907 0.165714 1.595937
0.006740 0.127786 1.716188
0.009363 0.134045 1.723316
0.004091 0.148911 1.686247
0.031965 0.155019 1.651351
0.035025 0.145392 1.672581
-0.001391 0.155157 1.677333
0.034076 0.172806 1.629646
0.035654 0.176676 1.617138
0.019020 0.208117 1.578274
0.018445 0.205554 1.578897
-0.020077 0.157574 1.686813
-0.018275 0.167319 1.667884
-0.051777 0.094644 1.609110
-0.077940 0.075959 1.630743
-0.037057 0.152613 1.659886
-0.033771 0.157038 1.661627
0.011934 0.180394 1.565554
-0.023860 0.177666 1.605048
-0.020208 0.178611 1.617967
0.002261 0.173140 1.566577
-0.089099 0.126809 1.588416
-0.092176 0.163908 1.573928
-0.084587 0.159118 1.588204
-0.094787 0.134192 1.576133
-0.086714 0.164020 1.540219
-0.086220 0.165802 1.527407
-0.090360 0.180036 1.497884
-0.093303 0.175359 1.503785
-0.037057 0.152613 1.659886
-0.023118 0.098563 1.736367
0.011345 0.151864 1.511719
0.032023 0.167979 1.635325
0.025850 0.161483 1.638372
0.084272 0.063541 1.633002
0.025753 0.204052 1.482094
0.003243 0.144462 1.516449
-0.065301 0.145445 1.596765
-0.057359 0.134421 1.609493
0.025620 0.190764 1.494086
0.033470 0.135318 1.594185
-0.050258 0.109142 1.602826
-0.051777 0.094644 1.609110
0.043891 0.118403 1.604673
0.056285 0.104312 1.565193
0.111253 0.146490 1.509601
0.104391 0.133481 1.523877
0.061952 0.111904 1.540427
0.083287 0.076896 1.641704
-0.071999 0.097442 1.604767
-0.016359 0.081365 1.743152
-0.017835 0.081558 1.736557
-0.038994 0.071504 1.758890
-0.043874 0.071121 1.755528
0.039578 0.081544 1.729424
0.032999 0.081309 1.728398
-0.201618 -0.058996 1.075328
-0.210290 -0.235804 1.474070
-0.225569 -0.226074 1.427386
-0.198645 0.078227 1.401414
-0.193825 0.087064 1.445049
-0.059178 -0.229602 1.264749
-0.081952 -0.212079 1.237521
-0.193425 -0.181431 1.306821
0.000169 0.163120 1.215941
-0.218815 -0.076232 1.324435
-0.220665 -0.049281 1.322210
-0.146827 0.118641 1.437706
-0.164423 0.125233 1.358970
-0.174610 0.122101 1.307825
-0.186938 -0.055291 1.104833
0.006631 0.127030 0.998798
-0.208685 0.035760 1.221613
-0.336416 -0.111781 1.583351
0.215447 0.032405 1.369517
-0.204949 0.040991 1.354708
-0.206248 0.046971 1.376721
0.209561 -0.081888 1.358051
0.168538 -0.154342 1.321525
0.331651 -0.090569 1.296628
0.125464 0.100604 1.510180
0.067072 -0.135567 1.176442
0.034705 -0.142038 1.177834
-0.033602 0.159670 1.214722
0.315280 0.054972 1.523279
0.358271 -0.017693 1.565507
0.230673 0.059918 1.390409
0.105398 -0.192251 1.297724
0.007075 -0.305307 1.521473
0.000072 0.141140 1.026784
0.112264 0.126253 0.983238
0.149433 0.106292 1.008047
0.321875 0.061050 1.486478
0.311837 0.051568 1.323067
-0.062956 0.129613 1.294671
-0.112662 0.133266 1.311283
-0.156793 0.118531 1.245558
-0.140087 0.109508 1.221500
0.325449 -0.107923 1.309441
0.239008 -0.046135 1.354926
-0.175950 0.099224 1.442882
0.352943 -0.047594 1.546944
0.286778 0.073210 1.438544
-0.341324 -0.072760 1.602799
0.076680 0.094978 1.501219
0.365169 0.065909 1.326001
0.456696 -0.098028 1.348802
0.434206 -0.090854 1.308741
-0.001891 -0.288672 1.557394
-0.102516 0.058507 1.584193
0.278059 0.072640 1.441885
-0.310913 -0.048410 1.603521
-0.385697 0.020382 1.303011
-0.351604 0.023573 1.307435
-0.239275 -0.093722 1.300090
-0.459945 -0.004830 1.367898
-0.430559 0.021479 1.333506
-0.731120 0.328217 0.935499
-0.734678 0.329235 0.931139
-0.741908 0.315171 0.989750
-0.751174 0.302372 0.984853
-0.300346 -0.181593 1.424079
0.036403 0.097172 1.522744
0.027148 0.112211 1.502375
-0.059792 0.096520 1.520395
-0.072374 0.090442 1.542179
-0.084824 0.065900 1.568424
-0.087483 0.048888 1.590927
-0.088593 0.045520 1.622892
-0.095066 0.030590 1.631441
-0.099413 0.045168 1.621294
0.050236 0.066159 1.542636
0.067810 0.045253 1.568397
0.092513 -0.016035 1.832604
0.092463 -0.075439 1.829726
-0.115833 -0.113934 1.731299
-0.070993 -0.145053 1.806843
-0.083615 -0.123892 1.793338
0.040221 -0.197102 1.742446
0.032695 -0.192165 1.792635
-0.139724 -0.123383 1.695655
-0.121813 -0.152470 1.693797
-0.104265 -0.182510 1.689317
-0.127449 -0.106099 1.711150
-0.101069 -0.156520 1.717147
-0.137754 -0.011931 1.695646
-0.104120 -0.006276 1.697488
-0.187661 -0.155337 1.306886
-0.282089 -0.177934 1.409116
-0.303237 -0.009433 1.569015
-0.316057 -0.029012 1.588225
-0.288483 0.010907 1.547103
-0.218815 -0.076232 1.324435
-0.187782 0.083457 1.219281
0.083931 0.009854 0.929831
-0.006504 -0.095373 1.014454
0.064877 0.079829 0.972268
-0.068897 0.113438 1.142891
-0.126842 -0.087934 1.113965
-0.146277 -0.038814 1.120517
-0.073782 0.116403 1.126312
0.012178 0.068464 1.175875
0.103976 0.005823 0.945280
0.024481 0.087473 0.994830
0.095891 -0.072133 1.153619
0.055240 0.104058 1.151581
0.085817 0.073946 1.150949
0.133741 -0.037775 1.101885
0.088150 -0.043837 1.172543
0.122273 -0.031073 1.157735
0.135158 -0.042343 1.066925
0.027989 -0.034045 1.200666
0.042448 -0.034609 1.188687
0.044667 -0.112265 1.136070
-0.005869 0.126036 1.154647
0.074639 -0.072665 1.148575
0.045066 -0.099687 1.152525
-0.068853 -0.001649 1.186900
-0.047467 -0.072411 1.029909
-0.135285 0.060091 1.125590
-0.126979 0.081314 1.127575
-0.097878 0.011284 1.162379
-0.006492 0.055889 1.187420
-0.085895 0.103549 1.087013
0.240157 -0.126776 1.565428
0.310462 -0.153361 1.431061
0.336173 0.047953 1.495077
0.258628 0.075499 1.592010
0.272312 0.077579 1.598062
0.246603 -0.044325 1.318152
0.321041 0.046010 1.530193
0.325360 0.029167 1.545061
0.161699 -0.014513 1.543133
0.219734 -0.033247 1.329413
0.238042 -0.030206 1.315183
0.273359 0.080731 1.415314
0.243290 -0.011328 1.615235
0.262500 -0.015383 1.631321
0.298787 -0.071328 1.391323
0.322278 -0.061777 1.402211
0.270003 -0.072115 1.639333
0.277897 -0.076130 1.633064
0.298874 -0.029590 1.635729
0.375567 -0.010488 1.541651
0.366133 -0.053439 1.488579
0.193917 0.047284 1.512102
0.192050 0.058637 1.561019
0.354184 0.018904 1.415791
0.219261 -0.078139 1.558478
0.355249 -0.112200 1.488237
0.315788 0.060016 1.453477
0.230164 0.077099 1.521474
0.216500 0.070973 1.494680
0.287465 -0.135983 1.388800
0.359030 -0.078489 1.594314
0.367684 -0.084806 1.630392
0.375671 -0.073973 1.435688
0.180784 0.040852 1.546204
0.313519 -0.138552 1.440636
0.240847 0.086180 1.440344
0.372681 -0.124733 1.529705
0.371813 -0.119215 1.540232
0.251118 -0.133970 1.576005
0.338425 0.047581 1.481855
0.326424 0.066896 1.464844
0.369372 -0.054539 1.505004
0.213950 0.057341 1.588987
0.283383 0.058359 1.417188
0.179351 -0.023874 1.557592
0.179221 0.014326 1.548464
0.374992 -0.003853 1.531448
0.256843 -0.183394 1.542535
0.296317 -0.199004 1.551308
0.222682 -0.012810 1.347566
0.202975 -0.016081 1.352495
0.344780 0.039235 1.400919
0.364188 -0.077423 1.518091
0.355481 -0.073122 1.538963
0.222352 0.072613 1.459337
0.347866 0.020336 1.592176
0.321420 -0.159004 1.568142
0.307928 -0.165848 1.574548
0.240169 0.046550 1.609874
0.220894 0.071234 1.407744
0.208500 0.046176 1.425241
0.209272 -0.023240 1.329151
0.386999 -0.118967 1.509711
0.379853 -0.062810 1.429887
0.173834 0.044065 1.537597
0.205173 0.045953 1.575139
0.347866 0.020336 1.592176
0.400771 0.006569 1.591918
0.178815 -0.042972 1.545884
0.188550 -0.056328 1.526864
0.310284 0.106716 1.515937
0.315422 0.103751 1.557115
0.280214 -0.178635 1.418118
0.243194 0.017724 1.620838
0.258059 -0.204065 1.445731
0.362747 -0.070910 1.610494
0.248263 0.037252 1.357362
0.239780 0.036587 1.357227
0.196654 -0.113731 1.353030
0.205012 0.062132 1.527421
0.311179 0.075307 1.440437
0.275632 -0.180903 1.451791
0.193325 -0.100746 1.353838
0.204335 0.056792 1.576141
0.218733 -0.076038 1.546808
0.297048 -0.152197 1.396616
0.239118 0.006036 1.326775
0.171087 0.002897 1.546349
0.172572 0.001997 1.559119
0.285370 -0.049526 1.637188
0.330999 0.043002 1.595436
0.247942 0.019981 1.337261
0.399744 -0.128555 1.518798
0.329057 0.059274 1.443186
0.241903 -0.200713 1.424034
0.346139 -0.089214 1.600667
0.313113 0.074449 1.518696
0.312408 0.055856 1.525341
-0.365080 0.041991 1.440383
-0.352585 -0.178773 1.390567
-0.356018 -0.154272 1.377912
-0.247581 -0.037606 1.310848
-0.257944 0.011869 1.325046
-0.337110 0.034384 1.625252
-0.162040 0.013218 1.470919
-0.334344 0.006401 1.393809
-0.356765 -0.157196 1.581437
-0.343126 -0.233578 1.448801
-0.415620 -0.087169 1.436710
-0.412921 -0.010539 1.482555
-0.191368 0.063664 1.458017
-0.251629 -0.207756 1.321840
-0.300817 0.051999 1.359531
-0.303613 0.056955 1.399627
-0.379795 0.075796 1.496034
-0.303373 0.047833 1.313126
-0.336868 0.029857 1.597259
-0.365268 0.022411 1.439426
-0.372110 0.051318 1.451910
-0.191949 0.029659 1.561304
-0.213772 0.036451 1.572488
-0.146229 -0.107026 1.440265
-0.272190 -0.248266 1.549263
-0.199656 0.060251 1.479545
-0.323864 -0.007909 1.383224
-0.378730 -0.060921 1.373066
-0.367967 -0.051858 1.385440
-0.372110 0.051318 1.451910
-0.326042 -0.233556 1.454521
-0.167000 0.034142 1.448432
-0.296367 -0.189119 1.298400
-0.286624 -0.197302 1.324973
-0.271013 -0.190350 1.317824
-0.152649 -0.094130 1.455243
-0.300504 0.007903 1.337966
-0.412168 -0.082902 1.530780
-0.422329 -0.055733 1.526939
-0.424883 -0.091315 1.461453
-0.229620 -0.246191 1.535619
-0.159985 -0.042081 1.447328
-0.145609 -0.045802 1.432333
-0.429396 0.000784 1.452687
-0.354799 -0.166723 1.600286
-0.389107 0.075956 1.508757
0.084550 0.003723 1.710302
-0.037987 0.016243 1.583248
0.032706 0.056627 1.594810
0.009216 -0.032064 1.772367
-0.100499 0.100101 1.631629
0.031941 0.077281 1.609516
-0.063311 0.083947 1.629319
0.040060 -0.025821 1.635412
0.036889 -0.030136 1.758476
0.083184 0.051891 1.641059
-0.010052 0.057053 1.790191
-0.008844 -0.057781 1.698501
-0.090712 0.040461 1.779530
0.090516 -0.001655 1.702462
-0.009722 0.028621 1.582365
0.047966 0.064137 1.768340
0.044396 0.072357 1.765269
-0.087191 0.046936 1.755136
0.065716 0.075659 1.760136
0.029807 0.093819 1.615943
-0.091457 0.081744 1.651842
0.017064 -0.053039 1.686338
0.082814 0.058656 1.661220
-0.044722 0.080633 1.623659
0.093611 0.082195 1.709236
0.043643 -0.033607 1.645087
-0.029233 0.059866 1.813123
0.021570 0.102067 1.601608
0.116214 0.112894 1.703815
-0.132259 0.030849 1.789357
0.092881 0.001940 1.684535
0.029807 0.093819 1.615943
0.019787 0.019891 1.780269
0.013256 0.024722 1.799552
0.042657 0.092812 1.616201
0.083831 0.096667 1.762838
-0.105949 0.097763 1.639219
-0.104602 0.118383 1.644840
-0.102504 0.090379 1.651595
-0.131153 0.025005 1.783883
-0.168588 0.142872 1.198779
-0.107962 -0.121174 1.260917
0.073681 0.154838 1.129363
-0.064951 -0.131541 1.142288
-0.072687 -0.124037 1.179193
0.124775 -0.044306 1.077618
-0.047380 -0.035232 1.036144
-0.097627 0.093827 1.290478
-0.101240 -0.120546 1.155257
-0.183731 0.124432 1.200621
-0.063425 0.122973 1.033132
0.135452 0.122304 1.153135
-0.062173 0.077002 1.019529
0.013613 0.121634 1.050941
0.009504 0.098315 1.063129
-0.243626 0.054885 1.173121
0.069209 0.135291 1.099902
-0.076926 -0.079597 1.144365
-0.114604 0.170229 1.191251
0.118347 -0.053653 1.112621
-0.016013 -0.095215 1.096599
0.081713 -0.139920 1.154261
0.109724 -0.123528 1.161519
0.143906 0.146565 1.094578
0.116463 0.153137 1.095065
0.088821 0.149695 1.115505
-0.057548 0.095984 1.306894
0.053817 0.039667 1.300300
-0.246855 0.033731 1.153521
-0.114366 0.056944 1.037722
-0.091508 0.073263 1.029066
-0.150096 -0.095606 1.261418
0.002044 0.056197 1.317489
-0.056748 0.076957 1.322085
0.018257 -0.145564 1.092317
0.015105 0.166206 1.192125
-0.044596 -0.100241 1.133734
-0.229077 0.040631 1.033365
-0.245700 0.027600 1.042277
0.084100 0.104821 1.093969
0.006610 0.069279 1.026376
0.009504 0.098315 1.063129
-0.142576 0.077040 1.039310
0.139106 0.093212 1.211608
0.094884 0.020135 1.292482
0.076425 0.027865 1.286504
-0.141725 0.062165 1.041018
-0.096647 0.111567 1.008286
-0.076506 0.117217 1.015131
-0.086894 0.160299 1.189699
0.112389 0.074377 1.086351
-0.076090 -0.031454 1.040100
0.047108 0.037532 1.316963
0.028900 -0.142593 1.124921
0.158562 -0.049372 1.170793
0.145323 -0.045087 1.212932
0.015866 0.086122 1.309414
0.001872 0.070687 1.315689
-0.121154 0.088136 1.047365
-0.086470 0.100606 1.000207
0.015212 0.183234 1.159363
-0.219936 -0.095208 0.514916
-0.220524 -0.099503 0.497261
-0.108353 -0.101733 0.397370
-0.174752 -0.133145 0.376566
-0.103133 0.022249 0.509908
-0.165411 0.012727 0.509892
-0.128942 -0.138113 0.485188
-0.239912 -0.057934 0.452330
-0.237290 -0.060799 0.476297
-0.202630 -0.143434 0.498293
-0.120223 -0.132958 0.421546
-0.225256 -0.020790 0.492787
-0.154173 0.005779 0.543865
-0.148714 0.003592 0.529634
-0.054590 -0.042096 0.491234
-0.069959 -0.033052 0.490058
-0.070947 -0.091842 0.463578
-0.121063 -0.105572 0.374037
-0.212991 0.038482 0.485157
-0.146148 -0.129912 0.373956
-0.189661 -0.151354 0.487920
-0.210069 0.017848 0.350575
-0.185369 -0.074194 0.548992
-0.186003 -0.087468 0.555111
-0.093219 -0.124151 0.496629
-0.108082 -0.110530 0.496753
-0.207391 0.013412 0.506547
-0.181478 0.008108 0.516833
-0.182526 0.025850 0.506750
-0.114513 0.040783 0.494316
-0.063914 -0.032381 0.484320
-0.187965 -0.090780 0.559541
-0.174024 -0.106083 0.556369
-0.069883 -0.070802 0.465510
-0.085487 -0.131519 0.477494
-0.077520 -0.149610 0.465372
-0.191988 -0.065053 0.547458
-0.107613 -0.126467 0.414584
-0.128145 -0.069913 0.363150
-0.090897 -0.099948 0.419050
-0.085788 -0.022634 0.483429
-0.138250 -0.049274 0.348714
-0.158725 -0.130091 0.371148
-0.041348 -0.039717 0.497057
-0.109438 -0.127143 0.484755
-0.183994 -0.056481 0.548288
-0.216884 0.052255 0.490095
-0.228628 -0.015848 0.351460
-0.217547 -0.013603 0.496703
-0.117838 -0.104578 0.381810
-0.218918 -0.028647 0.349248
-0.220377 -0.031998 0.357339
-0.206370 0.007402 0.390347
-0.073860 -0.083368 0.520925
-0.184179 0.012787 0.352239
-0.239945 -0.091934 0.550646
-0.138719 -0.121051 0.465853
-0.218271 -0.075334 0.515142
-0.210937 -0.061580 0.428018
-0.197091 -0.072438 0.408780
-0.184145 -0.064949 0.426382
-0.092390 0.046039 0.480908
-0.231131 0.008717 0.523032
-0.086722 0.010707 0.469239
-0.100260 -0.012733 0.468331
-0.070402 -0.028259 0.466122
-0.063915 0.000977 0.414946
-0.158732 -0.120083 0.456025
-0.124891 -0.089460 0.379007
-0.068306 -0.100596 0.489560
-0.100086 0.054733 0.521007
-0.081703 0.048569 0.506132
-0.197518 0.003629 0.348832
-0.198120 -0.016319 0.390309
-0.109052 0.054444 0.480597
-0.137252 -0.109410 0.463206
-0.166420 -0.092487 0.443599
-0.151121 -0.104032 0.456990
-0.187389 0.019233 0.392339
-0.149408 -0.096844 0.606411
-0.191036 -0.039145 0.394097
-0.128865 -0.104147 0.601015
-0.229206 -0.015313 0.556904
-0.236617 0.007678 0.545496
-0.182334 -0.030436 0.603206
-0.108315 -0.089797 0.375829
-0.179608 -0.045990 0.602891
-0.216544 -0.070704 0.408533
-0.068155 -0.109554 0.504272
-0.059267 -0.088242 0.508292
-0.188519 -0.108624 0.460691
-0.176186 -0.100325 0.448801
-0.236617 0.007678 0.545496
-0.224698 -0.004348 0.522474
-0.216544 -0.070704 0.408533
-0.232361 -0.073892 0.397970
0.178488 0.012017 0.362687
0.143275 0.044938 0.502077
0.226712 0.032342 0.414394
0.233384 -0.081277 0.435349
0.070947 0.007412 0.463578
0.169155 -0.000941 0.351062
0.175287 -0.109411 0.348539
0.100891 -0.098391 0.474470
0.099504 0.051291 0.474287
0.227243 -0.100500 0.484244
0.244785 -0.085226 0.453764
0.240068 -0.075825 0.444213
0.251655 -0.070580 0.457989
0.082988 -0.010833 0.489741
0.195352 -0.073297 0.533086
0.185821 -0.084464 0.527528
0.181003 -0.058271 0.559098
0.188683 -0.079017 0.546608
0.069883 -0.013628 0.465510
0.101574 0.031369 0.392994
0.174209 -0.061102 0.337386
0.220908 0.032523 0.399676
0.189661 0.066924 0.487920
0.195806 0.024420 0.372574
0.171636 0.023285 0.364700
0.192504 0.068972 0.502310
0.130674 -0.058150 0.547133
0.091185 -0.017916 0.508989
0.083040 -0.003502 0.506961
0.132937 -0.117787 0.458840
0.107414 -0.107888 0.480093
0.124343 -0.109225 0.467198
0.151113 -0.046427 0.343170
0.085487 0.047089 0.477494
0.169679 -0.050237 0.558376
0.150804 -0.048850 0.546085
0.096005 0.030514 0.406835
0.099191 -0.102143 0.459797
0.131151 -0.045813 0.538939
0.232170 -0.101425 0.474589
0.112526 -0.027138 0.517520
0.228689 0.024038 0.389680
0.083143 -0.022836 0.493154
0.140881 -0.132538 0.506289
0.133876 -0.124728 0.497805
0.174209 -0.061102 0.337386
0.144606 0.040833 0.508102
0.204444 -0.065927 0.349189
0.163274 -0.106604 0.344580
0.121668 -0.030797 0.606170
0.067601 -0.030311 0.535724
0.119482 0.032128 0.495726
0.123303 -0.124029 0.569747
0.106763 -0.052218 0.436779
0.119348 0.047012 0.507338
0.234871 -0.092257 0.495284
0.153118 -0.086803 0.589678
0.155833 -0.157242 0.491500
0.204356 -0.123999 0.446552
0.235368 -0.012253 0.518345
0.139500 -0.031892 0.597441
0.087992 -0.055581 0.471728
0.192756 0.036860 0.549376
0.084441 0.033999 0.492791
0.208725 -0.132216 0.391831
0.148233 -0.123081 0.557665
0.036878 0.016896 0.433033
0.223558 -0.019935 0.505553
0.105271 -0.025212 0.593289
0.244669 -0.048624 0.480601
0.192629 -0.103774 0.419324
0.208725 -0.132216 0.391831
0.155935 -0.008813 0.596745
0.125886 -0.042827 0.433724
0.236459 -0.076724 0.495834
0.049806 0.017072 0.467877
0.150185 -0.067111 0.383435
0.248904 -0.061695 0.466010
0.154975 -0.118866 0.565858
0.097429 0.042745 0.517894
0.152461 -0.153427 0.506732
0.267063 -0.065766 0.409073
0.271489 -0.076782 0.416526
0.068153 -0.035317 0.482886
0.244359 -0.023122 0.525232
0.148156 -0.065327 0.366620
0.224698 -0.080082 0.522474
0.193908 0.053992 0.529593
0.250185 -0.025970 0.510156
0.032376 0.012666 0.441379
0.049806 0.017072 0.467877
0.112967 -0.037649 0.585118
0.074270 -0.030368 0.504645
0.521541 -0.091642 1.329131
0.371505 -0.111913 1.343858
0.502579 -0.035730 1.389880
0.414110 -0.067715 1.424881
0.356995 0.019708 1.314821
0.361965 -0.038862 1.398157
0.464639 0.018788 1.439459
0.426577 -0.114581 1.377355
0.439423 -0.120654 1.365494
0.442459 -0.098816 1.409724
0.523115 -0.065666 1.365345
0.508747 -0.092944 1.350632
0.399621 -0.006164 1.275217
0.458531 0.043248 1.302660
0.350359 0.013151 1.318433
0.464277 -0.126108 1.376892
0.506672 -0.082521 1.366793
0.504517 -0.016603 1.274549
0.449948 -0.121254 1.390788
0.520668 0.022031 1.355876
0.471020 0.009479 1.446073
0.437197 -0.067327 1.267118
0.407229 -0.078269 1.283195
0.418175 0.065222 1.395127
0.413101 0.067466 1.382849
0.514174 0.027419 1.366234
0.383162 0.020842 1.402481
0.345072 0.022828 1.335455
0.359622 -0.000876 1.276140
0.428240 -0.021242 1.439753
0.435333 -0.014671 1.433939
0.513193 -0.048683 1.265630
0.347048 -0.003003 1.298815
0.357431 0.002397 1.299956
0.500109 -0.069783 1.401342
0.523112 0.019224 1.370207
0.523272 0.006801 1.367575
0.452773 0.062824 1.306890
0.338538 0.009121 1.333939
0.480073 -0.119055 1.369270
0.466212 -0.129625 1.366731
0.376461 0.022008 1.394903
0.526076 -0.083047 1.309279
0.491296 -0.004796 1.271548
0.543831 -0.023827 1.327162
0.452256 -0.092091 1.421419
0.381122 -0.122084 1.337698
0.425731 -0.081800 1.419913
0.524118 -0.043487 1.271739
0.356167 -0.046839 1.404639
0.545040 -0.038171 1.325684
0.540774 0.000336 1.301865
0.420110 0.072738 1.395861
0.488430 0.069813 1.332422
0.354288 -0.013867 1.296983
0.545684 0.078846 1.277426
0.481128 0.001778 1.410162
0.526462 0.029056 1.338021
0.529339 0.022189 1.343994
0.462865 -0.100676 1.279011
0.499302 -0.088342 1.311223
0.431043 0.045424 1.276966
0.360876 -0.005230 1.351689
0.374006 0.005777 1.365368
0.591634 -0.063772 1.391879
0.453817 0.034406 1.260319
0.539288 -0.089314 1.301640
0.503922 -0.033428 1.276479
0.543781 -0.058918 1.272096
0.513449 -0.054261 1.387205
0.529311 -0.035615 1.371595
0.405168 -0.080183 1.325200
0.490881 -0.009776 1.407204
0.392281 0.070798 1.340843
0.488488 -0.053663 1.265638
0.503059 0.065796 1.333720
0.494394 -0.066553 1.275018
0.368157 -0.010036 1.309331
0.555627 -0.017600 1.268341
0.566436 -0.037960 1.259652
0.372995 0.047185 1.331919
0.406039 0.080757 1.365696
0.456918 0.088904 1.323884
0.532678 -0.056006 1.399093
0.400442 -0.079152 1.335542
0.455299 0.097062 1.332420
0.378279 -0.036070 1.362181
0.382919 -0.015368 1.399348
0.573911 0.074690 1.268247
0.573793 0.068042 1.246982
0.556940 0.052203 1.250468
0.455845 -0.100423 1.269379
0.553997 -0.004871 1.311815
0.619956 -0.055912 1.301888
0.611056 -0.059649 1.288463
0.366041 0.024813 1.336948
-0.342870 -0.066171 1.299321
-0.401284 -0.125171 1.393337
-0.433326 0.032782 1.364531
-0.423078 -0.081047 1.260040
-0.436091 -0.106945 1.403497
-0.529435 -0.047535 1.352922
-0.462612 -0.098591 1.423640
-0.412819 -0.094566 1.265083
-0.418589 -0.012669 1.441209
-0.482039 -0.119266 1.395721
-0.373562 0.012473 1.404689
-0.343192 -0.095164 1.317091
-0.339433 -0.038525 1.278293
-0.348449 -0.081345 1.292956
-0.356955 -0.055623 1.247023
-0.478489 0.006522 1.392336
-0.430134 0.021864 1.430447
-0.366797 -0.053495 1.407831
-0.483946 0.016393 1.371544
-0.390757 0.008433 1.395653
-0.446260 -0.088449 1.439917
-0.414658 0.013998 1.413944
-0.423198 0.029103 1.402846
-0.479516 0.009222 1.314262
-0.421375 -0.008639 1.453409
-0.354948 -0.017638 1.336705
-0.438367 0.024377 1.416504
-0.344560 -0.001968 1.330574
-0.462732 -0.070138 1.438497
-0.349321 -0.039203 1.240372
-0.432568 0.029294 1.398941
-0.442440 0.025679 1.380531
-0.419828 0.037921 1.392237
-0.355344 -0.058593 1.420896
-0.349365 -0.058260 1.415487
-0.454297 -0.082282 1.444098
-0.341167 -0.046965 1.280791
-0.398886 -0.170439 1.324348
-0.477669 -0.094277 1.392281
-0.513733 -0.036459 1.377895
-0.378715 -0.114905 1.406517
-0.456216 0.036731 1.312044
-0.414848 -0.110895 1.405231
-0.328948 -0.093661 1.327550
-0.383271 -0.174910 1.315757
-0.464247 0.014328 1.303479
-0.515488 -0.013103 1.316348
-0.489973 0.013132 1.385362
-0.478044 0.018915 1.319949
-0.530049 -0.018781 1.315577
-0.362945 -0.060320 1.414260
-0.559363 -0.029782 1.258272
-0.546295 -0.079053 1.325319
-0.556124 -0.059131 1.321426
-0.529747 -0.000307 1.379973
-0.344827 -0.050494 1.290166
-0.376815 -0.042534 1.279208
-0.581872 -0.063942 1.279190
-0.402829 -0.067830 1.238659
-0.515855 0.000867 1.325968
-0.535410 0.011332 1.278622
-0.457383 -0.129683 1.263560
-0.483765 -0.134148 1.266660
-0.482994 0.024837 1.256380
-0.412303 -0.037173 1.243523
-0.437808 -0.050143 1.239408
-0.464232 -0.038582 1.257593
-0.534866 -0.050229 1.374676
-0.588676 -0.090182 1.372576
-0.541192 -0.091603 1.268390
-0.491790 -0.078285 1.257513
-0.535332 -0.082841 1.255264
-0.509938 -0.085214 1.371632
-0.583159 -0.102863 1.374866
-0.527297 -0.105503 1.314290
-0.469897 0.037526 1.256773
-0.428654 -0.073624 1.232755
-0.431632 -0.129511 1.334360
-0.515131 -0.127923 1.326894
-0.480139 -0.078936 1.217467
-0.516536 -0.131328 1.340041
-0.459804 0.027677 1.251034
-0.464863 0.067982 1.224495
-0.434120 -0.110304 1.352255
-0.442370 0.056977 1.317614
-0.463397 0.056263 1.294276
-0.362510 -0.062944 1.352490
-0.366129 -0.056296 1.380579
-0.572318 -0.054499 1.259488
-0.489358 0.012499 1.393686
-0.497435 -0.130249 1.358959
-0.550128 0.056095 1.229143
-0.556723 0.046703 1.234990
-0.576835 -0.038931 1.257796
-0.612341 -0.090510 1.287948
-0.611033 -0.089757 1.277015
-0.509666 -0.097595 1.203884
-0.598345 0.267216 1.162580
-0.714599 0.351143 1.109555
-0.712874 0.341267 1.119358
-0.616475 0.258549 1.144216
-0.556457 -0.065438 1.355864
-0.554245 -0.083881 1.344101
-0.537439 -0.078388 1.279034
-0.482614 -0.100506 1.259016
-0.500149 -0.134089 1.279002
-0.509521 -0.143776 1.302841
-0.585734 0.118530 1.191429
-0.598180 0.297913 1.108673
-0.601174 0.137538 1.181864
-0.733414 0.129154 1.138828
-0.654154 0.117148 1.130395
-0.736180 0.147692 1.111341
-0.722542 0.304679 1.120521
-0.754679 0.186535 1.085747
-0.749390 0.193269 1.101069
-0.760231 0.278965 1.032292
-0.687579 0.327218 1.129111
-0.690101 0.343627 1.108327
-0.638632 0.145609 1.136306
-0.609681 0.276405 1.134694
-0.599607 0.306954 1.106568
-0.584837 0.270352 1.143345
-0.751174 0.302372 0.984853
-0.741908 0.315171 0.989750
-0.641213 0.112345 1.147141
-0.687445 0.131653 1.117686
-0.687908 0.135959 1.103620
-0.727639 0.323781 1.100704
-0.636498 0.131914 1.163075
0.640321 0.258299 1.197087
0.632145 0.280184 1.175964
0.737623 0.419642 0.986141
0.678491 0.274134 1.156762
0.611927 0.139219 1.296514
0.616917 0.175340 1.245713
0.472502 0.095879 1.283170
0.691705 0.121571 1.169816
0.651003 0.166815 1.268803
0.637041 0.204073 1.225452
0.459019 0.054800 1.406506
0.473142 0.009813 1.422558
0.785448 0.178490 1.125555
0.798568 0.218857 1.096324
0.793637 0.191143 1.096597
0.860559 0.356223 0.977765
0.756004 0.402925 1.023205
0.746610 0.155314 1.109262
0.850904 0.328568 0.974572
0.746771 0.314382 1.115165
0.766610 0.320077 1.126715
0.737623 0.419642 0.986141
0.756004 0.402925 1.023205
0.671241 0.144016 1.159888
0.613863 0.306786 1.122998
0.623913 0.330850 1.098141
0.658804 0.285945 1.164907
0.790776 0.397850 0.816136
0.783281 0.396492 0.801116
0.853864 0.354256 0.924590
0.859857 0.372569 0.930351
0.700610 0.186060 1.101940
0.716886 0.175983 1.092229
0.763927 0.183564 1.100661
0.439589 0.070523 1.292640
0.798525 0.231904 1.090128
0.813521 0.261981 1.062871
0.205927 -0.135355 1.362521
0.209561 -0.081888 1.358051
0.316169 -0.027647 1.313214
0.344284 -0.045165 1.573282
0.289419 0.048603 1.572004
0.338297 -0.048105 1.599483
0.305640 0.025835 1.603462
0.282407 0.045143 1.602946
0.361404 -0.020338 1.297398
0.444250 0.071373 1.378805
0.422697 0.072019 1.356610
-0.351407 -0.064296 1.290785
-0.382837 -0.038710 1.279710
-0.372609 -0.114400 1.443178
-0.248152 -0.143278 1.330505
-0.382837 -0.038710 1.279710
-0.337182 -0.136073 1.468191
-0.692229 0.390243 1.002986
-0.703292 0.365223 1.036686
-0.295403 -0.176872 1.396171
-0.223503 -0.166170 1.335747
-0.282089 -0.177934 1.409116
-0.328581 -0.148692 1.554773
-0.336416 -0.111781 1.583351
-0.405596 -0.024997 1.269940
-0.751174 0.302372 0.984853
-0.759039 0.299094 0.978730
0.729605 0.419900 0.988279
0.678491 0.274134 1.156762
0.570784 0.021247 1.388487
0.616917 0.175340 1.245713
0.494226 0.014930 1.408259
0.537162 0.002761 1.408274
0.719718 0.129885 1.158796
0.710271 0.119683 1.182479
0.484249 0.055292 1.397419
0.434206 -0.090854 1.308741
0.456696 -0.098028 1.348802
0.785448 0.178490 1.125555
0.798568 0.218857 1.096324
0.793637 0.191143 1.096597
0.860559 0.356223 0.977765
0.756004 0.402925 1.023205
0.749343 0.144455 1.109071
0.746610 0.155314 1.109262
0.825992 0.362270 1.012692
0.724273 0.328454 1.112994
0.715615 0.314539 1.120777
0.725282 0.301321 1.119695
0.633966 0.161167 1.201548
0.680964 0.288637 1.160394
0.693077 0.308016 1.145286
0.788312 0.385627 0.811393
0.791023 0.386538 0.795489
0.859857 0.372569 0.930351
0.757425 0.189289 1.085168
0.725002 0.282648 1.104007
0.766660 0.375538 1.069040
0.764775 0.386892 1.052365
0.763927 0.183564 1.100661
0.798525 0.231904 1.090128
0.821828 0.349549 1.035235
0.635117 0.331496 1.104127
0.613863 0.306786 1.122998
-0.584365 0.279491 1.133277
-0.656027 0.170825 1.253345
-0.736250 0.270498 1.136423
-0.620440 -0.013787 1.274035
-0.587071 -0.050162 1.300925
-0.707923 0.116867 1.230435
-0.477087 -0.094598 1.387414
-0.672197 0.081830 1.184591
-0.696284 0.095652 1.188967
-0.704257 0.104266 1.169085
-0.696284 0.095652 1.188967
-0.753247 0.218258 1.114081
-0.757030 0.210653 1.101466
-0.685416 0.101122 1.147420
-0.722542 0.304679 1.120521
-0.753247 0.218258 1.114081
-0.735710 0.224048 1.104903
-0.757266 0.285234 1.126487
-0.707495 0.248950 1.113512
-0.701820 0.257533 1.123811
-0.704498 0.304044 1.110567
-0.706833 0.323184 1.085667
-0.614707 0.265752 1.156628
-0.610163 0.278239 1.138488
-0.584837 0.270352 1.143345
-0.759214 0.312855 1.049086
-0.758212 0.301815 1.059991
-0.752909 0.175583 1.051871
-0.762314 0.195114 1.032350
-0.727639 0.323781 1.100704
-0.475092 -0.113114 1.364007
-0.630764 0.170307 1.247577
-0.130701 0.096149 0.776091
-0.163325 -0.113040 0.811105
-0.168941 0.072013 0.481205
-0.256732 -0.053178 0.494505
-0.239533 -0.084760 0.496145
-0.085137 0.106982 0.828030
-0.240764 -0.010793 0.586581
-0.245071 0.012937 0.584671
-0.143863 -0.069923 1.102290
-0.166350 -0.014780 1.099125
-0.044507 -0.150172 1.069557
-0.166350 -0.014780 1.099125
-0.162672 0.037302 1.098630
0.105410 -0.115076 0.695478
0.046969 -0.109398 0.756199
0.130196 -0.136978 0.486389
0.178099 -0.148502 0.485879
0.108191 0.081753 0.601602
0.118795 0.074854 0.534614
0.022663 -0.019339 0.691870
0.091873 -0.111378 1.103827
0.159326 -0.080518 1.013760
0.184548 -0.013864 1.012937
0.202582 0.034581 0.584057
0.213324 -0.008121 0.609707
-0.123997 0.073556 0.474650
-0.241644 -0.050956 0.702385
-0.246354 -0.004165 0.712012
-0.140371 0.131737 0.875611
-0.119625 0.135812 0.932287
-0.182205 0.100528 0.875836
-0.147092 0.103973 0.906356
-0.184826 0.102178 0.987432
-0.146536 0.121843 0.976424
-0.098530 -0.148131 1.069001
-0.206569 -0.064644 0.988016
-0.219164 -0.066038 0.946838
-0.194762 -0.091019 0.803271
0.009933 -0.010951 0.766004
0.143863 -0.067397 1.102290
0.251275 -0.039758 0.099945
0.189148 0.116814 0.038226
0.147214 0.053163 0.033025
0.145674 0.021499 0.036257
0.210428 0.115769 0.036554
0.196944 0.039342 0.434579
0.177067 0.061494 0.483578
0.153431 -0.083605 0.020284
0.144987 -0.046685 0.057076
0.138317 -0.077549 0.057867
0.138317 -0.077549 0.057867
0.232399 -0.019853 0.085998
0.195092 -0.008591 0.092060
0.230287 0.110877 -0.008526
0.246824 0.087196 -0.012805
-0.264149 -0.089348 0.276738
-0.154928 -0.085374 0.000958
-0.229905 -0.123692 0.419756
-0.236005 -0.096056 0.466096
-0.254629 -0.088534 0.341428
-0.128896 -0.087350 0.131060
-0.153431 -0.083605 0.020284
-0.138318 -0.077549 0.057867
-0.232399 -0.019853 0.085998
-0.145139 -0.078455 0.080884
-0.227242 -0.151378 0.088823
-0.242107 -0.123825 0.089655
-0.229879 -0.001982 0.065697
-0.136346 -0.079640 0.089037
-0.154728 -0.023056 -0.013201
-0.144458 0.016327 -0.016961
0.251275 -0.039758 0.099945
0.252696 -0.043844 0.142359
0.189148 0.116814 0.038226
0.190156 0.101792 0.049374
0.155574 0.085045 0.037305
0.147214 0.053163 0.033025
0.155403 0.006035 0.325969
0.149347 0.018572 0.381430
0.198556 -0.163463 0.087584
0.241745 -0.045495 0.088530
0.174022 -0.149061 0.084220
0.242107 -0.123825 0.089655
0.247752 -0.087087 0.091868
0.209419 0.125365 -0.002330
0.230287 0.110877 -0.008526
-0.262711 -0.070339 0.201231
-0.156225 -0.087263 -0.014487
-0.150573 -0.117892 -0.014923
-0.190156 0.101792 0.049374
-0.189148 0.116814 0.038226
-0.129862 -0.041760 0.264729
-0.252696 -0.043844 0.142359
-0.198557 -0.163463 0.087584
-0.232399 -0.019853 0.085998
-0.241745 -0.045495 0.088530
-0.155063 -0.115996 0.081744
-0.145139 -0.078455 0.080884
-0.227242 -0.151378 0.088823
-0.106908 -0.021473 0.331672
-0.258427 -0.023816 -0.011081
-0.262148 0.012729 -0.018359
-0.258053 -0.007640 0.487710
-0.230825 -0.066774 0.577158
-0.041567 0.113528 1.011741
0.000000 0.127655 1.012482
-0.256732 -0.053178 0.494505
-0.156041 0.075792 0.597896
-0.228375 -0.070235 0.629782
0.000000 0.123744 1.046876
-0.198071 -0.082279 0.695795
-0.204979 -0.102290 0.600227
-0.189911 0.044712 0.575566
0.222796 -0.017589 0.764245
0.224007 -0.016500 0.817866
0.121536 -0.142010 0.932580
0.105941 -0.142566 1.016273
0.000063 0.115330 0.868587
0.068836 0.009495 0.470267
0.000036 0.084740 0.829966
0.186054 0.084770 0.657799
0.199941 0.060002 0.664915
0.000000 -0.132432 1.105484
0.000000 -0.140769 1.066980
0.225987 0.046600 0.749838
0.235540 -0.019377 0.753971
-0.203515 0.044254 0.619442
-0.200189 0.064464 0.603547
-0.240495 -0.051696 0.649498
-0.234121 -0.064282 0.726350
-0.260781 -0.000904 0.768691
-0.250544 -0.026811 0.792235
-0.211868 -0.029770 0.982551
-0.132332 0.117991 1.027345
-0.043523 0.116544 1.050383
-0.103323 0.124598 0.977470
-0.240607 0.011838 0.994315
-0.227783 -0.016848 1.013826
-0.206569 -0.064644 0.988016
0.065029 -0.053681 0.474563
0 1
4 5
8 9
10 11
12 13
6 7
16 17
18 19
2 3
14 15
1150 1151
1048 1049
136 145
1054 1073
844 845
1126 1134
740 746
1056 1057
1035 1040
1052 1053
1055 1074
839 840
1159 1160
437 469
1090 1094
215 232
1121 1127
1153 1174
458 459
875 876
1063 1064
1043 1044
191 192
552 553
1168 1170
1080 1081
1112 1113
920 931
1006 1007
641 647
151 163
906 910
308 309
1092 1093
1045 1069
939 940
888 895
1148 1149
216 217
152 153
343 344
173 174
831 832
126 127
1046 1047
130 211
1142 1147
196 197
1058 1059
1145 1164
917 932
980 993
115 116
138 162
912 913
1138 1146
213 236
969 988
427 457
1050 1051
1152 1154
148 149
434 443
853 854
952 955
941 947
838 842
1008 1013
1061 1062
743 744
961 962
446 462
357 376
966 981
466 467
214 221
1065 1066
164 165
975 976
135 157
1137 1141
1037 1060
542 544
117 118
364 380
904 918
923 924
826 861
1067 1068
480 481
1144 1169
1010 1016
1139 1140
131 161
956 957
1095 1103
433 452
289 290
937 938
968 971
218 241
1070 1071
970 974
223 224
762 763
653 654
1106 1107
908 936
465 476
1115 1118
950 951
312 313
609 617
736 742
1082 1085
1104 1105
146 166
907 911
354 355
688 704
235 239
639 661
119 120
167 188
1086 1087
1157 1158
226 227
1036 1072
267 304
1131 1132
410 414
508 534
429 430
200 202
142 150
132 144
1001 1002
189 190
851 868
1135 1136
1117 1118
649 658
1171 1172
273 337
461 486
431 445
1165 1166
172 210
926 927
678 710
1038 1039
351 383
697 698
1167 1173
143 159
125 158
225 228
827 828
170 171
442 465
460 479
728 757
919 935
198 199
203 204
314 323
953 959
621 623
122 141
25 27
207 209
882 884
447 448
1110 1111
114 128
139 140
301 302
603 630
252 303
914 916
977 979
830 836
359 360
672 673
129 147
909 925
943 946
1077 1078
633 675
1083 1084
777 811
902 903
1023 1024
638 669
856 857
1100 1101
247 251
1128 1133
1122 1123
346 371
438 456
389 394
300 315
948 949
387 400
1075 1086
269 270
154 155
30 31
644 666
51 52
737 741
49 50
945 946
891 901
749 757
396 412
731 764
1009 1033
277 296
1143 1163
646 662
444 475
372 373
657 669
1155 1156
377 378
432 477
1088 1089
1030 1031
43 44
858 859
441 454
397 407
1114 1116
579 580
846 850
297 332
281 282
345 358
643 655
184 185
954 963
449 450
24 26
194 195
773 812
455 472
885 900
1017 1032
35 39
615 628
489 526
404 421
513 515
341 342
635 648
256 257
1005 1020
972 973
1129 1130
989 990
877 878
316 336
1098 1102
525 528
123 124
550 551
545 547
942 944
180 181
833 834
517 530
852 862
265 293
491 516
350 379
121 205
569 570
439 440
889 890
102 105
849 855
353 374
879 881
984 1000
645 670
1119 1120
837 848
1161 1162
1004 1034
182 183
212 220
781 810
398 403
606 607
361 362
468 484
250 330
599 600
254 255
388 391
219 240
813 817
169 208
778 792
310 311
754 755
253 285
193 201
557 558
987 995
905 928
494 495
560 567
1041 1042
322 335
260 331
263 321
1097 1099
756 771
426 435
179 206
829 860
632 674
869 894
921 922
686 692
62 63
765 766
352 365
521 522
549 570
1011 1012
294 295
436 474
463 464
390 423
248 249
237 238
133 134
745 759
824 825
1025 1026
98 101
566 568
539 565
137 156
286 310
493 531
676 718
586 593
873 874
738 739
222 233
482 483
883 897
776 814
46 47
636 656
933 934
422 423
1076 1079
69 70
872 892
613 614
395 408
348 384
428 451
503 520
587 601
618 621
381 382
518 519
418 419
470 471
100 107
689 713
363 375
231 234
347 366
1018 1019
793 794
291 292
691 694
103 104
40 72
271 327
996 997
22 23
511 512
502 527
652 660
284 307
540 576
782 791
797 799
338 339
583 588
774 803
823 865
392 409
264 325
328 333
546 574
1091 1096
687 692
786 801
581 582
577 578
642 650
730 753
679 723
634 637
229 230
594 595
367 368
1108 1109
1124 1125
548 561
95 96
958 960
683 684
413 417
399 416
496 507
186 187
809 816
304 334
272 317
835 847
487 488
985 986
492 514
453 478
349 370
693 719
38 87
93 97
243 276
554 564
994 998
783 815
775 779
715 716
886 887
772 785
727 768
556 575
490 529
659 668
268 282
750 752
473 485
555 572
80 81
242 280
929 930
841 843
802 804
262 283
651 674
610 611
685 721
177 178
895 896
769 770
541 559
298 299
667 671
340 369
788 798
991 992
640 663
92 106
71 99
585 604
800 807
497 524
571 573
356 385
597 598
818 821
1028 1029
790 819
79 82
732 748
499 500
677 722
703 714
604 624
590 620
729 751
1014 1015
967 989
505 533
501 517
245 246
591 616
787 819
602 619
605 608
612 614
898 899
509 510
1021 1022
720 726
915 937
978 999
287 329
406 424
870 871
664 665
1003 1027
563 578
707 724
626 627
699 700
76 77
320 324
244 281
695 701
274 305
65 66
780 796
682 696
589 631
83 84
393 411
405 420
506 529
863 864
45 48
711 712
596 625
28 29
61 64
261 288
75 78
57 58
543 562
89 94
735 767
758 761
278 279
266 326
681 725
708 709
523 532
275 306
747 760
795 820
705 706
498 535
386 399
982 983
866 867
592 622
258 259
964 965
702 717
789 822
680 690
59 60
41 42
733 734
401 402
90 91
880 893
160 168
784 808
537 538
318 319
504 536
85 86
415 425
805 806
21 33
584 629
108 109
112 113
20 88
36 37
53 54
32 34
110 111
73 74
175 176
67 68
55 56
