5292388843676295378 1165 600
0.314074 0.236259 1.593330
-0.314074 0.236259 1.593330
-0.314074 0.236259 1.593330
-0.314074 0.236259 1.120853
-0.314074 -0.230669 1.120853
0.314074 -0.230669 1.120853
-0.314074 -0.230669 1.120853
-0.314074 -0.230669 1.593330
-0.070782 0.221212 1.445479
-0.049910 0.223411 1.443759
-0.066319 0.223021 1.446033
-0.051061 0.223647 1.445670
-0.030807 0.213274 1.375584
-0.075384 0.217430 1.445898
-0.038890 0.244642 1.600536
-0.039987 0.244866 1.608968
-0.037207 0.242528 1.547648
-0.037967 0.243549 1.554793
-0.035883 0.233328 1.498643
-0.000000 0.235317 1.498643
-0.070959 0.231490 1.498595
-0.036547 0.238399 1.524521
-0.000000 0.240764 1.524521
-0.037895 0.235337 1.525158
-0.038598 0.235008 1.519178
-0.038488 0.231719 1.503839
-0.037039 0.230092 1.497019
-0.072017 0.229024 1.496938
-0.046439 0.241314 1.547828
-0.038318 0.244429 1.575397
-0.000000 0.247405 1.576498
-0.044735 0.239302 1.552783
-0.039275 0.240307 1.552800
-0.045346 0.238383 1.546083
-0.046335 0.239931 1.576331
-0.045019 0.240185 1.569288
-0.073114 0.239816 1.601092
-0.000000 0.247017 1.630134
-0.075225 0.240680 1.630228
-0.046383 0.241491 1.607029
-0.046580 0.240029 1.598839
-0.042151 0.242425 1.623765
-0.041347 0.241749 1.631170
-0.000000 0.244896 1.631484
-0.000000 0.242831 1.670654
-0.000000 0.214666 1.375579
-0.000000 0.222168 1.412938
-0.000000 0.223053 1.441228
-0.000000 0.228735 1.486868
-0.000000 0.231511 1.482606
-0.030982 0.226793 1.476109
-0.024507 0.229322 1.471971
-0.000000 0.229181 1.469863
-0.000000 0.225068 1.469073
-0.024254 0.228338 1.459326
-0.000000 0.228358 1.459326
-0.000000 0.239282 1.674763
-0.000000 0.226340 1.679941
-0.000000 0.223502 1.679100
-0.055537 0.221236 1.679819
-0.078828 0.218941 1.678906
-0.114580 0.209224 1.668639
-0.129766 0.203543 1.658704
-0.141646 0.196912 1.647622
-0.154611 0.164577 1.596560
-0.055760 0.217060 1.685970
-0.034819 0.218804 1.686298
-0.150252 0.173600 1.626098
-0.153759 0.162058 1.597267
-0.138911 0.182403 1.670497
-0.134206 0.189716 1.674751
-0.094590 0.205123 1.683538
-0.077304 0.208547 1.684998
-0.000000 0.218968 1.686409
-0.000000 0.211397 1.686383
-0.129766 0.203543 1.658704
-0.139039 0.218949 1.651373
-0.123556 0.224512 1.660672
-0.174863 0.169874 1.612579
-0.181602 0.161435 1.607161
-0.179226 0.151650 1.605374
-0.198872 0.131377 1.596631
-0.174714 0.170873 1.601816
-0.174351 0.181476 1.602101
-0.210654 0.119803 1.591013
-0.210544 0.113908 1.542851
-0.169799 0.173124 1.558129
-0.171648 0.161429 1.558195
-0.155957 0.170726 1.527856
-0.106559 0.208937 1.476403
-0.087601 0.217311 1.459876
-0.087346 0.212797 1.456460
-0.123413 0.196393 1.485583
-0.143975 0.183805 1.505250
-0.139328 0.183023 1.507386
-0.053796 0.211032 1.373436
-0.063954 0.199071 1.347196
-0.057541 0.188653 1.348984
-0.129747 0.160926 1.341569
-0.115213 0.173569 1.369397
-0.089450 0.192578 1.372865
-0.115213 0.173569 1.369397
-0.137981 0.155066 1.366360
-0.100624 0.195554 1.448415
-0.132503 0.166891 1.442233
-0.034559 0.209303 1.684327
-0.055116 0.207863 1.682863
-0.134757 0.176645 1.657718
-0.141797 0.170275 1.623249
-0.209745 0.120604 1.591948
-0.210654 0.119803 1.591013
-0.210544 0.113908 1.542851
-0.199369 0.128454 1.588591
-0.195592 0.086366 1.604610
-0.215982 0.037851 1.586664
-0.216833 0.006503 1.601093
-0.186900 0.016445 1.611932
-0.190243 0.046248 1.598057
-0.213809 0.074263 1.566994
-0.210914 0.109014 1.545773
-0.218184 -0.023139 1.608103
-0.217236 -0.024740 1.609762
-0.150146 -0.088504 1.675155
-0.180890 -0.025077 1.622063
-0.134075 -0.081756 1.675996
-0.169311 0.053946 1.627177
-0.167673 0.022391 1.639833
-0.199935 0.127444 1.586726
-0.193976 0.126533 1.553243
-0.211834 0.110216 1.539905
-0.194011 0.136409 1.479960
-0.178509 0.142522 1.443944
-0.169733 0.130377 1.442757
-0.210715 -0.002335 1.556301
-0.212603 -0.032576 1.569906
-0.169733 0.130377 1.442757
-0.182615 0.121325 1.419952
-0.166573 0.132453 1.387579
-0.152867 0.134790 1.354473
-0.150897 0.139827 1.356207
-0.141116 0.145320 1.334486
-0.143894 0.139009 1.333075
-0.138291 0.141635 1.331229
-0.154001 0.120307 1.317393
-0.197031 0.100719 1.397911
-0.208336 0.078917 1.380345
-0.176147 0.095138 1.303792
-0.172214 0.094399 1.301827
-0.187704 0.069747 1.286973
-0.214784 0.047760 1.359338
-0.218290 0.045942 1.354193
-0.193834 0.066044 1.286530
-0.206436 -0.061120 1.291227
-0.208574 -0.057876 1.287737
-0.194297 -0.047168 1.250222
-0.201024 -0.002315 1.260026
-0.198295 -0.026865 1.254292
-0.199042 0.043750 1.276270
-0.197756 0.023587 1.266334
-0.197100 -0.001575 1.258366
-0.174456 0.113242 1.421151
-0.161687 0.127017 1.422731
-0.161687 0.127017 1.422731
-0.162563 0.107475 1.419992
-0.185208 -0.060020 1.316593
-0.202659 -0.059053 1.267812
-0.198883 -0.058052 1.265418
-0.177781 -0.089217 1.240438
-0.168847 -0.108246 1.235218
-0.208056 -0.084801 1.307921
-0.201552 -0.102774 1.307902
-0.181814 -0.076272 1.315812
-0.167500 -0.084328 1.242159
-0.159031 -0.101478 1.237556
-0.185646 0.042991 1.276925
-0.179229 0.067044 1.289295
-0.000000 -0.196305 1.703424
-0.000000 -0.205655 1.682718
-0.000000 -0.218934 1.609012
-0.000000 -0.212915 1.643579
-0.051993 -0.197967 1.670938
-0.085727 -0.180750 1.668208
-0.056807 -0.221774 1.554972
-0.025668 -0.221450 1.570178
-0.035455 -0.219818 1.569323
-0.086661 -0.214015 1.548084
-0.123761 -0.195001 1.535163
-0.122852 -0.182948 1.563765
-0.118273 -0.157582 1.624193
-0.110230 -0.161543 1.635855
-0.058652 -0.221393 1.531847
-0.053374 -0.219450 1.526101
-0.121216 -0.204241 1.512429
-0.122915 -0.204041 1.510114
-0.038719 -0.210725 1.560275
-0.025242 -0.212490 1.565591
-0.000000 -0.213904 1.565787
-0.047195 -0.212035 1.546615
-0.053374 -0.219450 1.526101
-0.099605 -0.220822 1.413997
-0.094206 -0.213154 1.395297
-0.079116 -0.216147 1.396682
-0.019944 -0.225992 1.400693
-0.031657 -0.225849 1.400516
-0.106399 -0.221541 1.438212
-0.000000 -0.243312 1.438237
-0.000000 -0.246018 1.434059
-0.008017 -0.244880 1.417805
-0.010793 -0.242106 1.419047
-0.000000 -0.241348 1.413636
-0.000000 -0.245815 1.417969
-0.010467 -0.239374 1.416040
-0.018339 -0.238911 1.413022
-0.000000 -0.211801 1.413414
-0.015869 -0.211936 1.397344
-0.030060 -0.206474 1.386822
-0.015809 -0.208371 1.388047
-0.000000 -0.210839 1.397986
-0.030422 -0.222259 1.399937
-0.035601 -0.212903 1.383095
-0.040274 -0.225836 1.394296
-0.100207 -0.213905 1.391792
-0.107210 -0.215306 1.410286
-0.094289 -0.201011 1.376927
-0.078796 -0.204351 1.378208
-0.119075 -0.201476 1.390966
-0.121606 -0.199434 1.408014
-0.119171 -0.209519 1.484473
-0.115223 -0.212865 1.462371
-0.129746 -0.203398 1.429840
-0.121606 -0.199434 1.408014
-0.123771 -0.204983 1.388863
-0.146344 -0.190741 1.500369
-0.141337 -0.188511 1.500566
-0.147280 -0.189615 1.506806
-0.178288 -0.165767 1.517983
-0.159394 -0.168120 1.535255
-0.147767 -0.171196 1.539724
-0.141337 -0.188511 1.500566
-0.171855 -0.153088 1.530232
-0.163611 -0.189014 1.417454
-0.144443 -0.200491 1.397422
-0.164898 -0.193297 1.409146
-0.165594 -0.185433 1.418046
-0.166953 -0.189387 1.410306
-0.142613 -0.189182 1.352134
-0.131400 -0.195530 1.363203
-0.128520 -0.191722 1.360743
-0.141841 -0.184051 1.347941
-0.123156 -0.186453 1.321036
-0.124532 -0.181095 1.321209
-0.166404 -0.185078 1.381348
-0.104680 -0.199980 1.364843
-0.017292 -0.225207 1.372245
-0.000000 -0.226168 1.372830
-0.039309 -0.221588 1.371143
-0.059036 -0.214913 1.369903
-0.101962 -0.201913 1.363144
-0.049819 -0.180406 1.236204
-0.033993 -0.187922 1.246073
-0.029456 -0.178944 1.245398
-0.037329 -0.171995 1.233798
-0.053780 -0.173635 1.234074
-0.000000 -0.197038 1.251006
-0.000000 -0.200410 1.251403
-0.032166 -0.202909 1.278788
-0.019610 -0.204802 1.256789
-0.025320 -0.199137 1.256217
-0.000000 -0.207701 1.272035
-0.019752 -0.206474 1.274059
-0.000000 -0.205328 1.269889
-0.000000 -0.216129 1.306563
-0.000000 -0.211632 1.288458
-0.182309 -0.025349 1.617930
-0.158131 -0.095655 1.639493
-0.163876 -0.085270 1.636283
-0.180105 -0.035890 1.593482
-0.178307 -0.033662 1.591681
-0.156358 -0.099614 1.617657
-0.155921 -0.101983 1.586380
-0.141810 -0.121962 1.623358
-0.137278 -0.128259 1.627946
-0.093395 -0.147300 1.702868
-0.018892 -0.183119 1.711418
-0.000000 -0.185640 1.712145
-0.044350 -0.162398 1.707973
-0.071910 -0.145904 1.707413
-0.118331 -0.102643 1.691001
-0.105195 -0.145808 1.699944
-0.155375 -0.101360 1.630857
-0.140979 -0.118746 1.625296
-0.156345 -0.104781 1.603491
-0.146745 -0.122077 1.603892
-0.141733 -0.124587 1.575794
-0.031133 -0.210281 1.560564
-0.036204 -0.210326 1.556545
-0.042524 -0.208261 1.542682
-0.034242 -0.206453 1.554647
-0.000000 -0.206236 1.552221
-0.000000 -0.217090 1.531182
-0.026732 -0.217048 1.531208
-0.000000 -0.212037 1.533462
-0.000000 -0.209756 1.536740
-0.000000 -0.210873 1.547785
-0.027851 -0.216657 1.522074
-0.000000 -0.216464 1.521535
-0.042549 -0.223137 1.524842
-0.027921 -0.220582 1.520723
-0.000000 -0.221557 1.520653
-0.186478 0.061463 1.499660
-0.174156 0.073963 1.466441
-0.160618 0.084784 1.436648
-0.209466 -0.036373 1.570132
-0.157740 0.101490 1.420822
-0.182309 -0.025349 1.617930
-0.198164 -0.074082 1.580098
-0.204517 -0.053995 1.582232
-0.147833 -0.133030 1.573680
-0.156358 -0.099614 1.617657
-0.154436 -0.094872 1.644975
-0.148734 -0.122607 1.578399
-0.146192 -0.134920 1.572474
-0.182889 -0.123939 1.559021
-0.187932 -0.109680 1.566405
-0.179435 -0.101973 1.551660
-0.186173 -0.080464 1.557679
-0.196724 -0.036316 1.583843
-0.183579 -0.029631 1.600582
-0.178307 -0.033662 1.591681
-0.149149 -0.092501 1.673165
-0.131435 -0.085071 1.673082
-0.091960 -0.188946 1.322474
-0.091504 -0.184611 1.317833
-0.080381 -0.185304 1.288218
-0.072402 -0.182443 1.270142
-0.069936 -0.180114 1.272633
-0.059927 -0.176303 1.250640
-0.107151 -0.172340 1.260960
-0.131514 -0.178270 1.297156
-0.116743 -0.171637 1.275474
-0.121268 -0.175891 1.273033
-0.112646 -0.174775 1.257300
-0.099239 -0.176061 1.246251
-0.055130 -0.181031 1.224547
-0.035587 -0.174637 1.224982
-0.000000 -0.184084 1.240150
-0.015216 -0.183600 1.240060
-0.000000 -0.167485 1.195136
-0.000000 -0.156088 1.185391
-0.000000 -0.158138 1.180641
-0.136621 -0.173559 1.268821
-0.145566 -0.175599 1.291863
-0.168077 -0.183495 1.362698
-0.170737 -0.180525 1.363045
-0.161675 -0.177959 1.336832
-0.129645 -0.171397 1.249901
-0.122150 -0.169469 1.231587
-0.118389 -0.167596 1.219620
-0.115619 -0.162557 1.209910
-0.115217 -0.166525 1.211747
-0.144360 -0.167804 1.245111
-0.147214 -0.168890 1.247558
-0.159764 -0.172541 1.286107
-0.165970 -0.157718 1.280270
-0.170156 -0.175752 1.314151
-0.169872 -0.173095 1.319116
-0.157803 -0.166935 1.324933
-0.065892 -0.174969 1.199058
-0.104922 -0.163804 1.205748
-0.101825 -0.155185 1.201641
-0.068318 -0.147476 1.185234
-0.056005 -0.150680 1.181393
-0.052118 -0.156984 1.182769
-0.058352 -0.150404 1.200165
-0.059456 -0.149463 1.201003
-0.058489 -0.152044 1.200867
-0.068829 -0.164321 1.207359
-0.100256 -0.162233 1.206545
-0.098492 -0.155569 1.203056
-0.081515 -0.147685 1.193085
-0.068766 -0.149072 1.188123
-0.032088 -0.146269 1.176938
-0.019541 -0.145977 1.176458
-0.000000 -0.145729 1.176257
-0.000000 -0.173712 1.711607
-0.000000 -0.173295 1.708093
-0.103616 -0.120550 1.699726
-0.130113 -0.085574 1.680339
-0.129316 -0.086643 1.681876
-0.086382 -0.135022 1.697469
-0.162050 -0.006081 1.649401
-0.164727 0.021570 1.637730
-0.160210 0.088320 1.572114
-0.158083 0.046356 1.595383
-0.162050 -0.006081 1.649401
-0.152950 -0.019771 1.629828
-0.023866 -0.136962 1.188953
-0.045062 -0.137114 1.190212
-0.070593 -0.134866 1.199236
-0.093579 -0.137016 1.210309
-0.160890 -0.131636 1.319076
-0.152061 -0.145582 1.321681
-0.149971 -0.153098 1.323714
-0.159106 -0.165063 1.390651
-0.162935 -0.174488 1.389448
-0.164928 -0.165579 1.473151
-0.169098 -0.150800 1.508705
-0.167093 -0.157869 1.493594
-0.173456 -0.149737 1.526137
-0.173187 -0.153630 1.521468
-0.000000 0.201870 1.376622
-0.000000 0.207591 1.437835
-0.117786 0.147396 1.339962
-0.115973 0.148792 1.340683
-0.164127 0.090237 1.304610
-0.179229 0.067044 1.289295
-0.197272 -0.013104 1.299215
-0.194454 -0.035811 1.291570
-0.148203 -0.156959 1.290018
-0.175396 -0.096777 1.285123
-0.117227 -0.155862 1.221124
-0.126633 -0.151985 1.217442
-0.148203 -0.156959 1.290018
-0.000000 -0.140625 1.277894
-0.166532 0.081605 1.402972
-0.170931 -0.107515 1.315843
-0.198185 -0.007290 1.545425
-0.201480 -0.036511 1.559872
-0.154143 0.086379 1.422706
-0.191658 -0.062758 1.559478
-0.198516 -0.045652 1.560394
-0.160890 -0.131636 1.319076
-0.159106 -0.165063 1.390651
-0.159082 -0.168112 1.413009
-0.173504 -0.120488 1.543796
-0.171274 -0.132936 1.535391
-0.201480 -0.036511 1.559872
-0.000000 0.003382 1.336453
-0.109653 0.165828 1.410405
-0.137475 0.141050 1.396078
-0.194454 -0.035811 1.291570
-0.194055 -0.056200 1.289220
-0.175396 -0.096777 1.285123
-0.054354 -0.133083 1.671601
-0.035189 -0.136312 1.671695
-0.069988 -0.137280 1.670775
-0.057349 -0.140938 1.654027
-0.037879 -0.129895 1.627642
-0.065188 -0.132424 1.638458
-0.143918 0.145284 1.542943
-0.153759 0.162058 1.597267
-0.149138 0.147176 1.540761
-0.143153 0.086193 1.570493
-0.140137 -0.065986 1.669251
-0.149984 -0.045964 1.662468
-0.144627 -0.017329 1.611761
-0.143317 -0.028279 1.598948
-0.140565 0.081942 1.561975
-0.148779 0.008314 1.594797
-0.135893 0.123907 1.554469
-0.133945 0.113576 1.547800
-0.083349 -0.130284 1.613375
-0.103183 -0.126546 1.602753
-0.000000 0.185366 1.565684
-0.030872 0.186035 1.561213
-0.048345 0.186507 1.557494
-0.046146 0.174264 1.557630
-0.027850 0.171830 1.541650
-0.062320 0.173302 1.534286
-0.062320 0.173302 1.534286
-0.091745 0.166937 1.527162
-0.111437 0.154034 1.530221
-0.127836 0.133382 1.539999
-0.141263 -0.027496 1.596229
-0.141263 -0.027496 1.596229
-0.143718 0.003345 1.583171
-0.146778 0.101197 1.528425
-0.140947 0.107449 1.511424
-0.130149 0.114793 1.486034
-0.115084 0.149749 1.439942
-0.090762 0.178649 1.446047
-0.000000 -0.111448 1.516695
-0.023750 -0.111440 1.515979
-0.063998 -0.106919 1.527877
-0.134818 -0.017912 1.547592
-0.136893 0.006300 1.537771
-0.102728 0.104129 1.426140
-0.102395 0.107686 1.426806
-0.023750 -0.111440 1.515979
-0.063998 -0.106919 1.527877
-0.136893 0.006300 1.537771
-0.139005 0.032331 1.525193
-0.102728 0.104129 1.426140
-0.102395 0.107686 1.426806
0.054621 0.215760 1.377915
0.067582 0.219150 1.442328
0.030807 0.213274 1.375584
0.072472 0.219616 1.443377
0.075384 0.217430 1.445898
0.075733 0.221801 1.449499
-0.000000 0.247260 1.601968
-0.000000 0.243275 1.548900
0.036621 0.234743 1.505360
0.046016 0.234400 1.505498
0.071968 0.234985 1.524036
0.044421 0.235119 1.519331
0.044901 0.234837 1.525358
0.043829 0.231978 1.503860
0.072994 0.232284 1.525008
-0.000000 0.231453 1.497050
0.038395 0.244397 1.568556
0.038319 0.244425 1.575397
0.073397 0.239595 1.575170
0.038121 0.239286 1.546017
0.074199 0.236598 1.575842
-0.000000 0.243933 1.577207
0.040521 0.244813 1.622499
0.049016 0.243304 1.622703
0.049927 0.243084 1.630453
-0.000000 0.243726 1.599663
0.074198 0.236666 1.598511
0.076446 0.237841 1.631033
-0.000000 0.239820 1.547131
0.053990 0.238758 1.671883
0.079484 0.235340 1.671719
0.029277 0.224741 1.442420
-0.000000 0.214666 1.375579
-0.000000 0.223053 1.441228
-0.000000 0.224370 1.458574
-0.000000 0.228735 1.486868
-0.000000 0.230861 1.480425
-0.000000 0.226411 1.479293
-0.000000 0.229181 1.469863
0.024462 0.229115 1.469863
-0.000000 0.224876 1.465419
-0.000000 0.225068 1.469073
-0.000000 0.228358 1.459326
-0.000000 0.229738 1.683110
0.030053 0.230081 1.682697
0.054439 0.230279 1.680479
0.079300 0.227871 1.679620
-0.000000 0.223502 1.679100
-0.000000 0.220960 1.684082
0.141646 0.196912 1.647622
0.129766 0.203543 1.658704
0.165190 0.163716 1.614429
0.113437 0.205687 1.681274
0.097775 0.211140 1.683571
0.150252 0.173600 1.626098
0.153759 0.162058 1.597267
0.147299 0.159159 1.597173
0.119796 0.193574 1.678314
0.108581 0.200106 1.681154
0.055575 0.209931 1.685798
0.034952 0.211545 1.686876
0.135100 0.210598 1.658931
0.119932 0.216848 1.667890
0.165685 0.187436 1.626714
0.174863 0.169874 1.612579
0.181602 0.161435 1.607161
0.181647 0.155366 1.606187
0.181397 0.160938 1.597524
0.200719 0.139847 1.588136
0.209555 0.131474 1.590942
0.209571 0.122324 1.537659
0.188034 0.140024 1.542021
0.169966 0.156863 1.547090
0.169996 0.162353 1.540499
0.159892 0.172084 1.525944
0.087601 0.217311 1.459876
0.092011 0.214452 1.454810
0.143975 0.183805 1.505250
0.058462 0.214308 1.375581
0.046504 0.199291 1.376516
0.048552 0.198486 1.375309
0.065474 0.197323 1.346041
0.063954 0.199071 1.347196
0.124145 0.158571 1.338646
0.125773 0.156715 1.338025
0.115973 0.148792 1.340683
0.096077 0.162357 1.343105
0.115213 0.173569 1.369397
0.089450 0.192578 1.372865
0.095765 0.194529 1.408133
0.100624 0.195554 1.448415
0.100624 0.195554 1.448415
0.177443 0.146423 1.444311
0.191845 0.140891 1.477247
0.106957 0.198709 1.677595
0.117368 0.192956 1.675533
0.165503 0.162132 1.612577
0.179226 0.151650 1.605374
0.198872 0.131377 1.596631
0.210654 0.119803 1.591013
0.210544 0.113908 1.542851
0.191907 0.045897 1.621478
0.199369 0.128454 1.588591
0.195592 0.086366 1.604610
0.186900 0.016445 1.611932
0.186900 0.016445 1.611932
0.185387 -0.014042 1.627167
0.190243 0.046248 1.598057
0.210914 0.109014 1.545773
0.211834 0.110216 1.539905
0.183256 -0.018745 1.623934
0.150146 -0.088504 1.675155
0.160061 -0.073482 1.670439
0.180890 -0.025077 1.622063
0.158682 -0.029348 1.659476
0.167673 0.022391 1.639833
0.164710 -0.006545 1.651324
0.180125 0.145644 1.594231
0.210711 0.122550 1.532431
0.211834 0.110216 1.539905
0.193215 0.115961 1.499995
0.204577 0.106918 1.527857
0.206240 0.054621 1.527317
0.203004 0.072413 1.513009
0.197697 0.078356 1.496701
0.184925 0.090974 1.464867
0.182474 0.126476 1.417154
0.150295 0.147580 1.402603
0.164875 0.150206 1.421956
0.166573 0.132453 1.387579
0.165800 0.128888 1.386594
0.149401 0.135454 1.354915
0.138289 0.141632 1.331235
0.171365 0.098520 1.301593
0.175556 0.100804 1.304637
0.191657 0.081781 1.316373
0.205695 0.071222 1.351944
0.172214 0.094399 1.301827
0.205527 0.072178 1.380645
0.214784 0.047759 1.359338
0.218290 0.045942 1.354193
0.211975 0.051217 1.337480
0.212448 -0.065602 1.309154
0.189287 -0.049267 1.248103
0.197098 -0.054581 1.266913
0.201704 -0.053377 1.270250
0.221078 0.001277 1.331840
0.219948 -0.021833 1.321579
0.162563 0.107475 1.419992
0.161687 0.127017 1.422731
0.189599 0.015590 1.346993
0.186215 0.035127 1.362328
0.208409 -0.064678 1.289738
0.209569 -0.063755 1.286064
0.202659 -0.059053 1.267812
0.214027 -0.069315 1.305202
0.164676 -0.105600 1.234254
0.209313 -0.085256 1.303967
0.170931 -0.107515 1.315843
0.177241 -0.091843 1.315397
0.159031 -0.101478 1.237556
0.188282 0.023338 1.269015
0.188267 -0.000914 1.261161
0.164127 0.090237 1.304610
0.128450 0.133405 1.333632
0.145783 0.113290 1.318898
0.128450 0.133405 1.333632
0.025651 -0.223566 1.574295
-0.000000 -0.205040 1.676437
-0.000000 -0.204996 1.671760
0.038190 -0.221768 1.574062
0.085727 -0.180750 1.668208
0.085897 -0.175830 1.671557
0.051259 -0.215604 1.548507
0.083607 -0.210060 1.541687
0.122656 -0.198891 1.540614
0.120644 -0.200805 1.539491
0.119639 -0.172425 1.600210
0.118976 -0.163928 1.620624
0.127728 -0.181979 1.564110
0.129003 -0.197696 1.529007
0.063291 -0.217942 1.524578
0.094393 -0.213577 1.517864
0.025967 -0.235677 1.521347
0.033417 -0.211216 1.564649
0.025242 -0.212490 1.565591
0.047195 -0.212035 1.546615
0.023386 -0.240475 1.404538
0.093663 -0.216829 1.396512
0.094206 -0.213154 1.395297
0.021016 -0.238434 1.402930
0.030422 -0.222259 1.399937
0.031657 -0.225849 1.400516
-0.000000 -0.236268 1.521310
-0.000000 -0.238743 1.518526
-0.000000 -0.240566 1.498786
-0.000000 -0.243312 1.438237
-0.000000 -0.246018 1.434059
0.008017 -0.244880 1.417805
-0.000000 -0.245815 1.417969
0.010467 -0.239374 1.416040
0.007272 -0.241025 1.413973
0.018339 -0.238911 1.413022
0.016846 -0.226771 1.413067
0.026533 -0.209804 1.395580
0.030060 -0.206474 1.386822
0.035601 -0.212903 1.383095
0.035601 -0.212903 1.383095
0.040274 -0.225836 1.394296
0.059943 -0.222319 1.392115
0.094673 -0.208326 1.379154
0.104349 -0.206726 1.379588
0.112059 -0.205830 1.382745
0.115501 -0.198964 1.381338
0.129746 -0.203398 1.429840
0.140859 -0.196366 1.502971
0.135271 -0.201073 1.453728
0.131189 -0.199797 1.429668
0.135271 -0.201073 1.453728
0.137809 -0.199600 1.453385
0.143458 -0.196329 1.478851
0.141337 -0.188511 1.500566
0.147280 -0.189615 1.506806
0.161338 -0.177327 1.508578
0.178288 -0.165767 1.517983
0.178288 -0.165767 1.517983
0.142739 -0.169245 1.539593
0.142861 -0.177022 1.540097
0.167671 -0.191299 1.450714
0.171998 -0.188775 1.477974
0.164898 -0.193297 1.409146
0.163855 -0.190797 1.385296
0.165859 -0.186656 1.385431
0.127746 -0.194310 1.357269
0.115699 -0.196669 1.368950
0.114387 -0.198206 1.375027
0.141841 -0.184051 1.347941
0.165859 -0.186656 1.385431
0.096340 -0.190764 1.332871
0.035143 -0.213031 1.380678
0.042290 -0.212396 1.380666
0.035143 -0.213031 1.380678
-0.000000 -0.226168 1.372830
0.017292 -0.225207 1.372245
0.094289 -0.201011 1.376927
0.104558 -0.200577 1.376901
0.041439 -0.184267 1.236404
0.035677 -0.189885 1.248049
-0.000000 -0.195114 1.247410
0.035830 -0.192050 1.252720
0.019691 -0.194905 1.251443
-0.000000 -0.197038 1.251006
0.020305 -0.198750 1.251812
0.035932 -0.194246 1.253492
-0.000000 -0.201475 1.254907
-0.000000 -0.206092 1.256318
0.024533 -0.201713 1.266253
-0.000000 -0.204470 1.265797
0.030197 -0.209675 1.307677
0.023053 -0.213550 1.317580
0.154436 -0.094872 1.644975
0.180031 -0.047516 1.621602
0.184316 -0.032510 1.614637
0.170025 -0.070995 1.592849
0.163253 -0.089956 1.590926
0.156358 -0.099614 1.617657
0.142613 -0.128642 1.605291
0.104054 -0.151959 1.691048
0.118225 -0.141417 1.672048
0.117400 -0.136701 1.674181
0.128951 -0.124142 1.652032
0.022443 -0.172490 1.710075
0.023433 -0.183050 1.707659
0.118331 -0.102641 1.691001
0.119631 -0.133907 1.698392
0.105195 -0.145808 1.699944
0.135823 -0.121482 1.629331
0.140979 -0.118746 1.625296
0.156010 -0.105665 1.586934
0.141051 -0.123415 1.603371
0.143186 -0.161104 1.550392
0.143186 -0.161104 1.550392
0.143017 -0.145676 1.565122
0.044187 -0.211558 1.544355
0.046049 -0.216300 1.531947
0.030489 -0.206094 1.557964
0.024559 -0.206326 1.558994
0.034981 -0.206199 1.550108
-0.000000 -0.218221 1.527879
-0.000000 -0.214634 1.540831
-0.000000 -0.210873 1.547785
0.032054 -0.210629 1.546411
-0.000000 -0.216464 1.521535
0.042549 -0.223137 1.524842
0.039614 -0.219828 1.521693
0.027997 -0.225276 1.524023
-0.000000 -0.226122 1.523649
0.199288 0.053988 1.526246
0.202808 0.026516 1.539879
0.164530 0.098278 1.438036
0.157740 0.101490 1.420822
0.210275 -0.035063 1.576730
0.163253 -0.089956 1.590926
0.207381 -0.043580 1.582087
0.148734 -0.122606 1.578399
0.155921 -0.101983 1.586380
0.157914 -0.102452 1.584944
0.174125 -0.131646 1.559010
0.171180 -0.145507 1.549429
0.209955 -0.037768 1.577084
0.199970 -0.072274 1.575120
0.194783 -0.088072 1.572271
0.191658 -0.062758 1.559478
0.198516 -0.045652 1.560394
0.196724 -0.036316 1.583843
0.130113 -0.085574 1.680339
0.148060 -0.092340 1.681234
0.091960 -0.188946 1.322474
0.091960 -0.188946 1.322474
0.091504 -0.184611 1.317833
0.091504 -0.184611 1.317833
0.077924 -0.183006 1.289949
0.088166 -0.182980 1.309824
0.069936 -0.180114 1.272633
0.053780 -0.173635 1.234074
0.127512 -0.177104 1.307441
0.126414 -0.175020 1.297531
0.116743 -0.171637 1.275474
0.109265 -0.170674 1.260080
0.072810 -0.172727 1.240895
0.078663 -0.178526 1.235608
0.099239 -0.176061 1.246251
0.026377 -0.182293 1.240098
0.029456 -0.178944 1.245398
0.040314 -0.161676 1.182743
-0.000000 -0.156088 1.185391
0.037116 -0.158438 1.180957
-0.000000 -0.158138 1.180641
0.115217 -0.166525 1.211747
0.118389 -0.167596 1.219620
0.155948 -0.179089 1.322968
0.158636 -0.176512 1.323574
0.148031 -0.176137 1.289545
0.122150 -0.169469 1.231587
0.118389 -0.167596 1.219620
0.133368 -0.164422 1.216865
0.130398 -0.160098 1.214416
0.119632 -0.163337 1.218399
0.147214 -0.168890 1.247558
0.159764 -0.172541 1.286107
0.165970 -0.157718 1.280270
0.159863 -0.155132 1.263640
0.155111 -0.156806 1.250353
0.169872 -0.173095 1.319116
0.184368 -0.145818 1.313413
0.135217 -0.139112 1.222309
0.126633 -0.151985 1.217442
0.066961 -0.171335 1.199512
0.094374 -0.147853 1.196296
0.082442 -0.146068 1.190856
0.054533 -0.153945 1.184177
0.054498 -0.155697 1.184774
0.056577 -0.151882 1.183598
0.054533 -0.153945 1.184177
0.088335 -0.159664 1.210639
0.096124 -0.157472 1.211671
0.098492 -0.155569 1.203056
0.093025 -0.149894 1.198754
0.068168 -0.143651 1.184133
0.083411 -0.143164 1.190082
-0.000000 -0.173712 1.711607
0.016599 -0.172191 1.711501
0.103616 -0.120550 1.699726
0.086437 -0.134813 1.702081
0.129315 -0.086647 1.681882
0.118331 -0.102641 1.691001
0.042824 -0.161603 1.701297
0.069666 -0.145042 1.699949
0.160744 0.134762 1.545256
0.160210 0.088320 1.572114
0.158083 0.046356 1.595383
0.155549 0.011995 1.610651
0.115307 0.190423 1.555895
0.045062 -0.137114 1.190212
0.070593 -0.134866 1.199236
0.096063 -0.144209 1.196135
0.106543 -0.152336 1.202812
0.117227 -0.155862 1.221124
0.161791 -0.160110 1.366156
0.160059 -0.164106 1.385295
0.165161 -0.183204 1.386174
0.158547 -0.165719 1.431563
0.156163 -0.163812 1.419118
0.177021 -0.125954 1.549697
0.174553 -0.138050 1.541003
0.169098 -0.150800 1.508705
0.062171 0.207860 1.436187
0.087803 0.184784 1.419120
0.109653 0.165828 1.410405
0.128450 0.133405 1.333632
0.145783 0.113290 1.318898
0.196265 0.028770 1.318497
0.197996 0.009697 1.309058
0.181359 -0.046574 1.251115
0.135217 -0.139112 1.222309
0.175317 -0.064195 1.246763
0.126633 -0.151985 1.217442
0.122834 -0.157135 1.290834
0.117227 -0.155862 1.221124
0.025401 -0.141129 1.279108
-0.000000 -0.140625 1.277894
0.174586 0.061843 1.384499
0.166532 0.081605 1.402972
0.185208 -0.060020 1.316593
0.181814 -0.076272 1.315812
0.186478 0.061450 1.499665
0.174156 0.073963 1.466441
0.179435 -0.101973 1.551660
0.176517 -0.112056 1.548092
0.161791 -0.160110 1.366156
0.156590 -0.156542 1.340125
0.161482 -0.166995 1.451828
0.164928 -0.165579 1.473151
0.062171 0.207860 1.436187
0.087803 0.184784 1.419120
0.194252 0.052816 1.335239
0.196265 0.028770 1.318497
0.017932 -0.154365 1.696588
0.038647 -0.148444 1.695999
0.014705 -0.139837 1.670328
-0.000000 -0.140563 1.670732
-0.000000 -0.144888 1.646548
-0.000000 -0.131400 1.622308
0.042626 -0.139796 1.603757
0.017918 -0.141688 1.594069
0.143918 0.145284 1.542943
0.158083 0.046356 1.595383
0.155549 0.011995 1.610651
0.152950 -0.019771 1.629828
0.152950 -0.019771 1.629828
0.150370 -0.022219 1.617997
0.137272 -0.054884 1.596340
0.129910 -0.083346 1.590363
0.150370 -0.022219 1.617997
0.153418 0.080962 1.556700
0.147647 0.042491 1.578692
0.160744 0.134762 1.545256
0.149138 0.147176 1.540761
0.120616 0.172519 1.516545
0.090102 0.188817 1.492145
0.046452 0.193556 1.496748
0.090102 0.188817 1.492145
0.046146 0.174267 1.557630
0.062320 0.173302 1.534286
0.091745 0.166937 1.527162
0.062320 0.173302 1.534286
0.120616 0.172519 1.516545
0.140814 0.146501 1.542894
0.024980 -0.138241 1.552174
-0.000000 -0.138251 1.553072
0.141263 -0.027503 1.596232
0.128834 0.159597 1.498877
-0.000000 0.184886 1.467796
0.114141 0.168829 1.480304
0.030453 0.185363 1.433030
-0.000000 0.184596 1.434241
0.068558 0.184290 1.432765
-0.000000 0.018363 1.496324
0.115500 -0.108080 1.510221
0.118298 -0.087084 1.537379
0.094263 -0.106144 1.516236
0.139598 0.078984 1.496000
0.134054 0.084061 1.483951
0.028819 0.156340 1.421815
0.064932 0.155462 1.420629
0.118298 -0.087084 1.537379
0.126062 -0.064486 1.541848
0.134818 -0.017912 1.547592
0.134054 0.084061 1.483951
0.123909 0.091468 1.464656
0.064932 0.155462 1.420629
0.028819 0.156340 1.421815
0.087206 0.168856 1.090306
0.085127 0.167735 1.064728
0.055494 0.175983 1.063833
0.054764 0.176631 1.070496
-0.000000 0.181987 1.063232
0.052699 0.174695 1.069172
0.053846 0.173968 1.062534
-0.000000 0.180644 1.061715
0.044827 0.174443 1.042191
0.086295 0.162507 1.042980
-0.000000 0.182016 1.039987
0.043237 0.176534 1.040290
0.043286 0.174970 1.021429
0.084264 0.160321 1.015095
-0.000000 0.176565 1.012981
0.043618 0.172008 1.013537
0.045299 0.172356 1.020484
0.051647 0.167564 0.966133
0.041861 0.170373 0.972774
0.051385 0.169774 0.985009
0.053100 0.170088 0.991783
0.043058 0.169934 0.993313
0.049681 0.164944 0.964761
0.043600 0.168293 0.971555
-0.000000 0.171421 0.964277
-0.000000 0.174615 0.992947
-0.000000 0.167418 0.935292
0.054408 0.158060 0.929590
0.049966 0.157243 0.928208
-0.000000 0.160787 0.924425
0.106617 0.148018 0.992326
0.111781 0.148367 1.014632
0.125661 0.149570 1.091854
0.126667 0.149809 1.101140
0.130378 0.142634 1.107512
0.122052 0.145725 1.114954
0.117430 0.135230 1.039734
0.112330 0.134548 1.014579
0.092820 0.129731 0.926301
-0.000000 0.153388 0.925533
0.096409 0.148702 1.133224
0.096695 0.148909 1.142047
0.037984 0.178676 1.173516
0.037569 0.178927 1.178303
0.030362 0.180474 1.187306
0.032391 0.180320 1.234932
0.039461 0.179069 1.234954
0.031930 0.180541 1.222433
0.031106 0.180650 1.215572
0.038452 0.177271 1.213910
0.034009 0.178279 1.236698
0.038265 0.177381 1.236726
0.063703 0.170399 1.243637
0.061581 0.171254 1.214142
0.038748 0.178872 1.187235
0.030067 0.180341 1.178081
0.029874 0.180079 1.172884
0.036843 0.177567 1.172735
0.036075 0.177748 1.177337
0.037991 0.177372 1.194430
0.061224 0.171417 1.194711
0.101454 0.157022 1.215290
0.105036 0.155204 1.245694
0.000000 0.182469 1.276039
-0.000000 0.183654 1.308080
-0.000000 0.189415 1.367782
0.118476 0.150993 1.328669
0.129182 0.134550 1.276314
0.120016 0.150227 1.327677
0.115480 0.143578 1.332068
0.086898 0.155361 1.336724
0.136256 0.131693 1.304938
0.089717 0.128681 0.928353
0.069830 0.136747 0.928072
0.103964 0.132235 0.992345
0.108859 0.133126 1.015195
0.092958 0.147438 1.131546
0.095882 0.146456 1.189825
0.095306 0.146904 1.172303
0.093418 0.147491 1.141845
0.113404 0.141170 1.329391
0.085399 0.152911 1.334425
-0.000000 0.179488 1.369020
0.030006 0.172546 1.366129
0.018580 0.175027 1.366766
0.031634 0.172107 1.365135
0.051679 0.165237 1.339161
0.128025 0.126927 1.306217
0.120565 0.129457 1.279154
0.095882 0.146456 1.189825
0.095306 0.146904 1.172303
0.114648 0.138931 1.114653
0.094819 0.146567 1.124892
0.108859 0.133126 1.015195
0.103964 0.132235 0.992345
0.069830 0.136747 0.928072
0.089717 0.128681 0.928353
-0.087206 0.168856 1.090306
-0.085127 0.167735 1.064728
-0.054764 0.176631 1.070496
-0.044976 0.178454 1.070236
-0.043802 0.178164 1.063572
-0.045115 0.175919 1.062367
-0.000000 0.180644 1.061715
-0.044827 0.174443 1.042191
-0.082238 0.164232 1.015940
-0.053703 0.172292 1.015003
-0.000000 0.182016 1.039987
-0.000000 0.178240 1.014334
-0.043286 0.174970 1.021429
-0.045510 0.173734 1.035609
-0.043618 0.172008 1.013537
-0.045299 0.172356 1.020484
-0.051073 0.168551 0.972861
-0.041861 0.170373 0.972774
-0.051385 0.169774 0.985009
-0.053100 0.170088 0.991783
-0.051205 0.168077 0.993744
-0.083495 0.158088 0.994500
-0.043600 0.168293 0.971555
-0.050835 0.160832 0.935355
-0.029645 0.164972 0.935330
-0.049966 0.157243 0.928208
-0.030838 0.161652 0.928505
-0.073192 0.145753 0.924380
-0.094919 0.137068 0.924389
-0.111005 0.139750 0.992034
-0.115785 0.140497 1.014585
-0.125661 0.149570 1.091854
-0.126667 0.149809 1.101140
-0.130378 0.142634 1.107512
-0.122052 0.145725 1.114994
-0.122222 0.135564 1.064754
-0.126733 0.135499 1.090860
-0.090738 0.130149 0.925951
-0.070764 0.138308 0.925869
-0.000000 0.183838 1.141900
-0.037569 0.178927 1.178086
-0.000000 0.183341 1.192847
-0.032391 0.180320 1.234830
-0.039461 0.179069 1.234887
-0.062356 0.173482 1.241692
-0.031930 0.180541 1.222264
-0.033686 0.178274 1.220824
-0.038452 0.177271 1.213691
-0.063703 0.170399 1.243436
-0.061581 0.171254 1.214046
-0.000000 0.181793 1.213789
-0.030067 0.180341 1.178095
-0.029874 0.180079 1.173065
-0.030888 0.178704 1.172485
-0.000000 0.181554 1.171981
-0.031691 0.178625 1.194265
-0.000000 0.181717 1.194333
-0.000000 0.181460 1.157328
-0.105036 0.155204 1.245517
-0.020784 0.189385 1.363585
-0.000000 0.191118 1.363407
-0.000000 0.189415 1.367782
-0.118631 0.148596 1.332763
-0.109612 0.152603 1.265647
-0.129182 0.134550 1.276314
-0.120208 0.147836 1.331949
-0.053144 0.167737 1.341289
-0.086898 0.155361 1.336724
-0.136256 0.131693 1.304938
-0.089717 0.128681 0.928353
-0.069830 0.136747 0.928072
-0.108859 0.133126 1.015195
-0.113519 0.133839 1.040249
-0.094819 0.146567 1.124634
-0.114648 0.138931 1.114653
-0.095306 0.146904 1.172424
-0.094493 0.147185 1.158368
-0.085399 0.152911 1.334425
-0.051679 0.165237 1.339161
-0.000000 0.179488 1.369020
-0.030006 0.172546 1.366129
-0.018580 0.175027 1.366766
-0.051679 0.165237 1.339161
-0.120565 0.129457 1.279154
-0.128025 0.126927 1.306217
-0.085399 0.152911 1.334425
-0.095306 0.146904 1.172424
-0.094493 0.147185 1.158368
-0.124780 0.134385 1.103619
-0.123287 0.134089 1.090925
-0.000000 0.156807 0.975624
-0.000000 0.151196 0.928064
0 1
4 5
2 3
6 7
961 963
423 437
901 902
418 419
422 442
410 411
550 929
563 564
872 873
954 971
84 85
593 594
392 393
1163 1164
729 732
1078 1079
112 113
938 939
730 731
944 945
595 597
990 991
986 987
876 942
103 104
997 1001
942 943
482 483
488 489
950 951
709 721
452 459
118 119
583 584
438 439
130 131
629 630
673 674
890 891
917 918
29 30
479 480
513 522
958 960
180 181
874 875
930 931
909 910
309 310
21 22
618 619
586 587
624 625
1139 1140
1150 1151
1155 1158
967 968
974 975
18 19
137 139
107 108
457 460
467 468
178 179
114 115
310 311
598 600
620 623
125 126
127 128
1093 1094
632 633
473 475
956 959
667 668
1061 1062
133 134
116 117
599 601
426 427
520 521
99 100
581 582
285 286
675 676
1039 1040
1128 1129
414 415
182 185
870 871
614 615
847 848
389 445
278 279
609 610
1045 1046
67 68
548 549
463 464
92 93
186 187
455 458
1126 1127
469 470
948 949
791 792
12 45
496 526
1056 1057
1037 1038
95 96
659 660
893 894
891 892
144 145
390 391
561 562
537 538
935 936
142 143
1081 1082
1043 1047
1137 1141
1028 1029
80 81
591 592
101 102
447 448
919 920
525 527
1000 1002
36 38
88 94
490 491
568 571
477 478
946 947
46 47
905 906
1063 1064
1156 1157
471 472
985 989
789 790
763 764
307 308
367 372
304 305
353 354
174 175
318 319
754 759
925 926
722 723
877 878
913 914
299 300
927 928
89 90
1108 1109
596 611
158 159
425 431
338 340
713 714
484 485
677 687
761 762
1083 1084
523 524
976 977
1073 1074
1012 1013
398 399
394 395
1144 1145
655 656
903 904
955 957
155 156
640 641
195 196
565 566
199 204
151 157
644 645
952 953
539 540
608 610
851 855
350 351
767 866
287 386
750 751
708 710
532 533
335 336
711 712
621 622
557 558
969 970
54 55
579 580
416 417
724 725
1035 1036
1120 1122
1025 1029
424 428
481 482
229 230
1067 1068
138 141
1146 1147
59 60
1100 1101
1050 1051
1069 1070
324 325
453 454
824 825
289 290
798 800
1102 1103
616 617
972 973
1006 1007
231 241
461 462
176 177
227 228
717 718
432 433
515 519
866 867
962 964
671 672
405 407
132 162
135 161
570 585
167 168
915 916
1096 1097
1110 1111
921 922
1048 1049
1071 1072
1142 1143
868 869
895 896
775 776
445 446
396 397
315 316
154 156
8 9
637 638
65 66
255 256
1132 1133
1131 1136
553 554
105 106
343 344
98 140
440 441
818 823
757 758
326 328
702 703
247 248
333 334
218 219
685 700
355 356
235 406
719 889
221 222
688 689
291 292
642 643
172 173
1098 1099
882 883
1123 1129
443 444
815 817
329 330
809 810
897 899
169 170
283 284
476 477
61 62
76 77
251 352
793 794
768 769
555 556
271 272
634 635
605 606
429 430
806 807
314 327
844 845
71 72
940 941
63 75
543 544
1053 1054
1065 1066
122 124
341 342
337 339
225 226
253 254
736 737
375 376
821 822
801 802
362 363
755 756
245 246
727 728
652 653
804 805
322 323
546 547
400 401
649 651
864 865
684 686
164 171
907 908
13 91
261 262
743 744
499 569
862 863
746 747
849 850
898 900
194 197
366 402
223 224
1112 1130
213 217
200 201
795 808
680 778
10 11
345 346
434 435
887 888
202 214
347 348
879 880
796 800
923 924
188 189
842 846
296 297
612 613
215 216
965 966
740 741
1148 1149
1159 1160
265 269
379 380
720 774
777 778
370 371
551 552
852 853
349 383
626 658
312 436
236 237
885 886
752 753
1161 1162
836 843
356 357
837 838
661 664
381 382
465 466
96 97
932 934
933 937
274 275
282 288
696 697
78 79
588 589
86 87
1059 1060
1153 1154
1106 1107
1010 1011
136 160
198 306
732 812
911 912
765 766
420 421
203 220
82 83
509 529
1052 1055
738 739
403 404
819 820
259 260
368 369
698 699
1041 1058
1134 1152
1075 1076
183 184
704 705
69 70
631 657
240 242
502 503
1089 1090
1008 1009
1104 1105
280 281
860 861
239 409
1016 1017
813 816
243 244
234 238
715 716
516 517
566 567
832 833
1020 1030
14 15
211 212
678 679
39 40
841 881
858 859
258 262
50 51
797 803
692 693
266 267
190 191
783 784
706 707
517 518
163 313
650 654
293 320
377 378
1113 1124
73 74
1005 1015
41 42
16 17
1115 1116
148 151
734 735
34 35
25 26
1087 1088
770 771
604 607
995 996
1091 1092
826 827
1023 1024
510 511
981 982
978 979
1080 1086
782 786
149 150
294 295
781 785
298 303
331 332
811 814
639 648
209 210
559 560
408 409
602 603
505 506
23 24
779 780
449 451
665 666
839 840
760 773
627 628
636 649
364 365
541 542
31 32
249 250
232 233
787 788
44 56
152 153
1031 1032
829 831
48 49
1124 1125
495 497
205 206
690 691
111 129
828 830
748 749
1018 1019
494 572
1003 1004
662 663
1033 1034
530 531
165 166
146 147
497 498
358 359
123 273
500 519
52 53
694 695
207 208
742 745
528 536
301 302
646 647
360 361
682 683
501 522
1014 1048
1117 1121
834 835
252 257
772 799
534 535
503 507
486 487
492 493
726 884
28 33
993 998
384 385
681 684
456 474
988 992
1085 1088
263 264
276 277
984 987
1118 1119
268 270
512 514
20 27
1021 1026
504 508
669 670
994 999
1090 1095
856 857
57 58
192 193
1077 1078
317 321
64 450
1022 1027
575 576
577 578
37 43
573 574
120 121
701 733
545 590
412 413
1114 1129
387 388
980 983
1042 1044
1135 1138
854 855
373 374
109 110
