7142849361610016891 956 998
0.237290 -0.060685 0.406683
0.236353 -0.065522 0.353267
0.233009 -0.064394 0.243594
0.236571 -0.066041 0.300286
0.231097 -0.063068 0.209019
0.186456 -0.015827 0.289825
0.181876 -0.003589 0.385940
0.149465 -0.023169 0.289863
0.133602 -0.010680 0.386511
0.249027 -0.054259 0.404252
0.246825 -0.058046 0.352309
0.245910 -0.059273 0.300324
0.241511 -0.057614 0.243843
0.238898 -0.055956 0.209721
0.095702 -0.075804 0.399975
0.090823 -0.068190 0.396603
0.104118 -0.077665 0.346530
0.099971 -0.070864 0.345038
0.236470 -0.018045 0.438298
0.222826 -0.001596 0.432583
0.230111 -0.020254 0.441861
0.218397 -0.005418 0.436521
0.198976 0.010871 0.426709
0.196564 0.005801 0.430916
0.165345 0.011432 0.426268
0.165565 0.017500 0.422614
0.093193 -0.023300 0.431386
0.098512 -0.024169 0.435925
0.108885 -0.001070 0.426378
0.113017 -0.004086 0.430997
0.134353 0.013730 0.423560
0.136648 0.008383 0.427707
0.240197 -0.053594 0.452406
0.245473 -0.049021 0.448395
0.234669 -0.030640 0.444644
0.241211 -0.031403 0.442702
0.237006 -0.062811 0.243659
0.234744 -0.061349 0.209224
0.241144 -0.064394 0.300278
0.242532 -0.063605 0.353236
0.244076 -0.060861 0.406523
0.121277 -0.067710 0.245327
0.130431 -0.064842 0.211331
0.126161 -0.072391 0.245908
0.135290 -0.069617 0.211857
0.108193 -0.071507 0.295750
0.113529 -0.075932 0.296437
0.208768 0.019041 0.104778
0.186635 0.020643 0.104299
0.133617 -0.051341 0.173516
0.131929 -0.067603 0.180051
0.229886 0.010174 0.102034
0.251093 -0.009560 0.094347
0.240736 -0.038413 0.178634
0.251101 -0.046861 0.142712
0.244134 -0.053615 0.183152
0.140643 -0.027331 0.082576
0.144404 -0.028976 0.084093
0.136407 -0.046302 0.089408
0.140784 -0.045585 0.090454
0.137193 -0.026158 0.082674
0.132637 -0.046395 0.089344
0.133909 -0.024689 0.087153
0.129980 -0.045323 0.093500
0.246767 -0.013599 0.088784
0.243845 -0.015452 0.089665
0.226194 0.004695 0.095993
0.224543 0.001644 0.096227
0.249171 -0.011316 0.089438
0.227984 0.007583 0.097126
0.133056 -0.062342 0.095398
0.133385 -0.067047 0.132008
0.129648 -0.058689 0.098356
0.254956 -0.046039 0.110474
0.253379 -0.020210 0.094535
0.257027 -0.042056 0.113615
0.255129 -0.017235 0.099268
0.187606 0.001287 0.164445
0.188109 -0.005920 0.169637
0.204101 -0.001032 0.165642
0.203784 -0.008097 0.170779
0.142623 -0.028756 0.166016
0.147640 -0.032444 0.172664
0.139003 -0.050936 0.178402
0.220503 -0.009606 0.168587
0.216446 -0.014640 0.172796
0.232197 -0.021844 0.171664
0.228059 -0.026811 0.177689
0.234813 -0.058536 0.186098
0.242279 -0.059318 0.183113
0.238279 -0.053638 0.187010
0.136517 -0.061354 0.095657
0.139283 -0.068838 0.132379
0.208228 0.016622 0.099590
0.207497 0.013137 0.097968
0.226194 0.004695 0.095993
0.246767 -0.013599 0.088784
0.248886 -0.045725 0.109771
0.246119 -0.022608 0.094466
0.252172 -0.046417 0.109919
0.250343 -0.021619 0.093477
0.249210 -0.051623 0.142484
0.244802 -0.053226 0.142049
0.235855 -0.058812 0.182216
0.136517 -0.061354 0.095657
0.140329 -0.058950 0.096777
0.139283 -0.068838 0.132379
0.143513 -0.065612 0.132827
0.136407 -0.046302 0.089408
0.140643 -0.027331 0.082576
0.244802 -0.053226 0.142049
0.235855 -0.058812 0.182216
0.241728 -0.052141 0.141781
0.206677 0.008932 0.097857
0.207497 0.013137 0.097968
0.252172 -0.046417 0.109919
0.250343 -0.021619 0.093477
0.087018 -0.051837 0.438599
0.085592 -0.064565 0.441501
0.092512 -0.053562 0.443541
0.090948 -0.067823 0.446513
0.166445 -0.027401 0.202109
0.152663 -0.005836 0.088407
0.155538 -0.009009 0.089637
0.149738 -0.003329 0.089119
0.152663 -0.005836 0.088407
0.146865 -0.002125 0.093674
0.154683 -0.014195 0.163458
0.158567 -0.018839 0.169986
0.167394 0.008035 0.093804
0.169565 0.003861 0.094175
0.165727 0.010833 0.095302
0.167394 0.008035 0.093804
0.163889 0.013007 0.099964
0.170551 -0.003356 0.163692
0.172242 -0.009763 0.169003
0.192169 -0.021528 0.203642
0.187669 0.015028 0.097822
0.188360 0.010434 0.097189
0.187148 0.018398 0.099359
0.187669 0.015028 0.097822
0.214092 -0.031137 0.208550
0.217379 -0.028822 0.294504
0.220707 -0.020296 0.394536
0.235051 -0.040849 0.183665
0.149443 -0.061463 0.172965
0.149054 -0.066849 0.178432
0.156351 -0.042879 0.163281
0.171126 -0.024518 0.157101
0.188651 -0.016842 0.156935
0.207097 -0.022123 0.161027
0.226770 -0.046881 0.174835
0.221009 -0.035219 0.168907
0.110699 -0.079298 0.347776
0.101628 -0.076702 0.401065
0.117887 -0.076873 0.297140
0.130333 -0.073540 0.246633
0.139406 -0.070838 0.212467
0.147104 -0.068426 0.178315
0.095345 -0.068457 0.447364
0.096987 -0.066473 0.446164
0.097998 -0.054133 0.444208
0.113529 -0.075932 0.296437
0.126161 -0.072391 0.245908
0.135290 -0.069617 0.211857
0.098512 -0.024169 0.435925
0.092512 -0.053562 0.443541
0.103987 -0.026052 0.436876
0.242532 -0.063605 0.353236
0.244076 -0.060861 0.406523
0.104118 -0.077665 0.346530
0.095702 -0.075804 0.399975
0.237006 -0.062811 0.243659
0.241144 -0.064394 0.300278
0.235986 -0.055245 0.452416
0.240197 -0.053594 0.452406
0.229484 -0.032544 0.445194
0.234669 -0.030640 0.444644
0.165556 0.004454 0.427813
0.165345 0.011432 0.426268
0.139381 0.001821 0.428539
0.136648 0.008383 0.427707
0.117076 -0.007979 0.432151
0.113017 -0.004086 0.430997
0.194807 0.000316 0.431500
0.196564 0.005801 0.430916
0.214834 -0.009824 0.436954
0.218397 -0.005418 0.436521
0.225271 -0.023288 0.441963
0.230111 -0.020254 0.441861
0.090948 -0.067823 0.446513
0.146024 -0.058629 0.172063
0.144364 -0.067883 0.178351
0.136748 -0.062849 0.184595
0.141850 -0.067918 0.184692
0.139623 -0.069563 0.184964
0.141850 -0.067918 0.184692
0.234813 -0.058536 0.186098
0.230908 -0.059693 0.181365
0.234214 -0.053108 0.179005
0.229477 -0.044399 0.174506
0.223714 -0.032440 0.168438
0.208563 -0.017636 0.161011
0.188869 -0.012650 0.156921
0.168597 -0.020194 0.156691
0.153316 -0.040786 0.162411
0.135199 -0.070953 0.185501
0.139623 -0.069563 0.184964
0.165829 -0.011992 0.123924
0.188333 -0.000828 0.126631
0.212155 -0.006139 0.128488
0.234744 -0.061349 0.209224
0.095609 -0.050496 0.354921
0.100332 -0.052258 0.355959
0.094506 -0.063164 0.356328
0.099302 -0.063483 0.357409
0.091984 -0.060087 0.401669
0.094182 -0.045161 0.399736
0.087010 -0.059901 0.400734
0.089789 -0.043502 0.398960
0.093907 -0.088577 0.360004
0.098536 -0.089333 0.361248
0.091168 -0.079465 0.404089
0.086160 -0.078612 0.402922
0.097461 -0.116917 0.364436
0.102014 -0.115086 0.365310
0.114693 -0.142160 0.369705
0.111204 -0.145457 0.369093
0.093895 -0.110410 0.408376
0.089275 -0.112243 0.407490
0.107789 -0.136677 0.412305
0.104163 -0.140085 0.411689
0.131027 -0.157547 0.372292
0.128415 -0.161703 0.371902
0.148694 -0.169835 0.374541
0.150281 -0.165170 0.374602
0.171685 -0.171992 0.377254
0.172460 -0.166877 0.376952
0.191964 -0.167635 0.378406
0.191794 -0.162518 0.377906
0.210013 -0.159936 0.378928
0.208546 -0.155263 0.378369
0.226443 -0.147784 0.378756
0.223399 -0.143967 0.378250
0.239439 -0.130238 0.377573
0.235830 -0.127608 0.377304
0.100332 -0.052258 0.355959
0.102833 -0.045933 0.355950
0.094182 -0.045161 0.399736
0.096060 -0.041360 0.399490
0.091984 -0.060087 0.401669
0.091168 -0.079465 0.404089
0.099302 -0.063483 0.357409
0.098536 -0.089333 0.361248
0.093895 -0.110410 0.408376
0.107789 -0.136677 0.412305
0.102014 -0.115086 0.365310
0.114693 -0.142160 0.369705
0.111193 -0.041464 0.357710
0.102833 -0.045933 0.355950
0.108092 -0.038360 0.356706
0.098800 -0.043802 0.355043
0.103916 -0.037957 0.400315
0.111193 -0.041464 0.357710
0.091826 -0.039731 0.398726
0.096060 -0.041360 0.399490
0.100756 -0.034637 0.399166
0.103916 -0.037957 0.400315
0.087010 -0.059901 0.400734
0.094506 -0.063164 0.356328
0.086160 -0.078612 0.402922
0.093907 -0.088577 0.360004
0.111204 -0.145457 0.369093
0.104163 -0.140085 0.411689
0.097461 -0.116917 0.364436
0.089275 -0.112243 0.407490
0.103916 -0.037957 0.400315
0.111193 -0.041464 0.357710
0.100756 -0.034637 0.399166
0.108092 -0.038360 0.356706
0.095609 -0.050496 0.354921
0.089789 -0.043502 0.398960
0.098800 -0.043802 0.355043
0.091826 -0.039731 0.398726
0.108092 -0.038360 0.356706
0.100756 -0.034637 0.399166
0.125206 -0.153437 0.415429
0.122528 -0.157740 0.415057
0.125206 -0.153437 0.415429
0.131027 -0.157547 0.372292
0.122528 -0.157740 0.415057
0.128415 -0.161703 0.371902
0.144486 -0.159991 0.417283
0.142854 -0.164823 0.417234
0.144486 -0.159991 0.417283
0.150281 -0.165170 0.374602
0.142854 -0.164823 0.417234
0.148694 -0.169835 0.374541
0.168282 -0.160531 0.418825
0.167491 -0.165779 0.419133
0.168282 -0.160531 0.418825
0.172460 -0.166877 0.376952
0.167491 -0.165779 0.419133
0.171685 -0.171992 0.377254
0.189532 -0.154462 0.419675
0.189706 -0.159718 0.420191
0.191794 -0.162518 0.377906
0.189532 -0.154462 0.419675
0.189706 -0.159718 0.420191
0.191964 -0.167635 0.378406
0.202742 -0.147902 0.420116
0.204249 -0.152707 0.420683
0.208546 -0.155263 0.378369
0.202742 -0.147902 0.420116
0.204249 -0.152707 0.420683
0.210013 -0.159936 0.378928
0.217916 -0.136994 0.420500
0.221024 -0.140900 0.421006
0.223399 -0.143967 0.378250
0.217916 -0.136994 0.420500
0.221024 -0.140900 0.421006
0.226443 -0.147784 0.378756
0.233576 -0.123144 0.420634
0.237521 -0.126025 0.420973
0.235830 -0.127608 0.377304
0.233576 -0.123144 0.420634
0.237521 -0.126025 0.420973
0.239439 -0.130238 0.377573
0.233576 -0.123144 0.420634
0.237521 -0.126025 0.420973
0.233285 -0.117399 0.420422
0.243532 -0.113448 0.419587
0.239439 -0.130238 0.377573
0.244267 -0.119626 0.377270
0.237521 -0.126025 0.420973
0.243532 -0.113448 0.419587
0.235830 -0.127608 0.377304
0.234393 -0.121742 0.376751
0.239439 -0.130238 0.377573
0.244267 -0.119626 0.377270
0.235830 -0.127608 0.377304
0.233576 -0.123144 0.420634
0.234393 -0.121742 0.376751
0.233285 -0.117399 0.420422
0.239176 -0.105620 0.419694
0.252316 -0.106519 0.420574
0.250828 -0.112162 0.420935
0.250828 -0.112162 0.420935
0.251090 -0.118246 0.377270
0.251090 -0.118246 0.377270
0.252062 -0.113441 0.374346
0.237979 -0.108753 0.374128
0.252062 -0.113441 0.374346
0.252316 -0.106519 0.420574
0.252737 -0.102228 0.373379
0.252926 -0.095981 0.419354
0.241712 -0.097309 0.372571
0.252737 -0.102228 0.373379
0.252307 -0.058778 0.366647
0.244101 -0.058961 0.367669
0.252926 -0.095981 0.419354
0.243303 -0.095609 0.418974
0.254581 -0.053985 0.414451
0.246798 -0.053011 0.415552
0.254581 -0.053985 0.414451
0.252307 -0.058778 0.366647
0.243303 -0.095609 0.418974
0.246798 -0.053011 0.415552
0.241712 -0.097309 0.372571
0.244101 -0.058961 0.367669
0.239176 -0.105620 0.419694
0.237979 -0.108753 0.374128
0.252094 -0.052079 0.412844
0.249603 -0.056652 0.368476
0.250146 -0.042109 0.412121
0.248244 -0.046364 0.367031
0.242763 -0.028857 0.409401
0.241357 -0.031888 0.366591
0.237220 -0.024875 0.408807
0.235201 -0.023548 0.366105
0.252094 -0.052079 0.412844
0.250146 -0.042109 0.412121
0.246682 -0.050383 0.413369
0.243748 -0.040414 0.412287
0.242763 -0.028857 0.409401
0.237220 -0.024875 0.408807
0.236047 -0.031218 0.411386
0.231787 -0.024129 0.410711
0.227535 -0.015163 0.409563
0.225787 -0.019790 0.365038
0.224934 -0.019361 0.409573
0.227535 -0.015163 0.409563
0.223895 -0.022692 0.365143
0.224934 -0.019361 0.409573
0.225787 -0.019790 0.365038
0.227535 -0.015163 0.409563
0.223895 -0.022692 0.365143
0.225787 -0.019790 0.365038
0.229597 -0.027519 0.365545
0.235201 -0.023548 0.366105
0.233463 -0.035033 0.367266
0.241357 -0.031888 0.366591
0.249603 -0.056652 0.368476
0.243516 -0.056342 0.367678
0.248244 -0.046364 0.367031
0.241171 -0.047492 0.367607
0.243516 -0.056342 0.367678
0.246682 -0.050383 0.413369
0.241171 -0.047492 0.367607
0.243748 -0.040414 0.412287
0.229597 -0.027519 0.365545
0.233463 -0.035033 0.367266
0.231787 -0.024129 0.410711
0.236047 -0.031218 0.411386
0.223895 -0.022692 0.365143
0.224934 -0.019361 0.409573
0.237317 -0.041262 0.367436
0.245003 -0.039346 0.366811
0.239897 -0.035816 0.411836
0.237317 -0.041262 0.367436
0.239897 -0.035816 0.411836
0.246411 -0.035186 0.410761
0.246411 -0.035186 0.410761
0.245003 -0.039346 0.366811
0.193401 -0.013252 0.105806
0.193481 -0.020970 0.107173
0.171499 -0.021107 0.103449
0.174336 -0.028218 0.104919
0.152750 -0.042618 0.102944
0.157618 -0.048820 0.104148
0.150576 -0.069384 0.141654
0.156465 -0.049051 0.140851
0.143838 -0.067504 0.141533
0.151309 -0.042524 0.140270
0.143221 -0.063992 0.103004
0.149989 -0.066020 0.103929
0.138393 -0.091834 0.103399
0.145500 -0.093309 0.104296
0.139180 -0.115010 0.104346
0.146191 -0.113260 0.105291
0.152496 -0.129806 0.106977
0.159386 -0.141710 0.108789
0.146055 -0.133111 0.105974
0.154165 -0.147078 0.107932
0.141990 -0.129876 0.147943
0.148526 -0.126720 0.148099
0.137629 -0.110584 0.145021
0.144702 -0.109014 0.145116
0.168229 -0.150659 0.111083
0.176505 -0.155978 0.113042
0.163911 -0.156964 0.110320
0.173999 -0.163321 0.112586
0.185687 -0.167291 0.115030
0.187220 -0.159623 0.115380
0.196150 -0.168483 0.117010
0.196251 -0.160549 0.117143
0.205363 -0.166497 0.118485
0.204430 -0.158757 0.118485
0.218821 -0.161604 0.120513
0.216104 -0.154151 0.120263
0.231314 -0.151794 0.121891
0.227064 -0.145353 0.121431
0.245001 -0.135330 0.122355
0.238725 -0.131401 0.121816
0.255163 -0.115638 0.121218
0.245476 -0.112262 0.120707
0.256230 -0.094637 0.120322
0.246095 -0.093562 0.119763
0.255780 -0.075908 0.119596
0.245473 -0.077194 0.119042
0.244915 -0.040454 0.115975
0.253621 -0.057644 0.118205
0.239180 -0.046459 0.116106
0.243590 -0.061431 0.117870
0.236692 -0.076493 0.160973
0.247828 -0.075149 0.162486
0.235102 -0.060420 0.159736
0.245304 -0.056507 0.161050
0.231947 -0.044893 0.157812
0.237509 -0.038652 0.158644
0.224168 -0.027649 0.153752
0.228987 -0.021642 0.154200
0.231149 -0.032615 0.113655
0.236221 -0.026840 0.113181
0.216865 -0.015498 0.109372
0.214209 -0.022762 0.110389
0.211311 -0.010755 0.148132
0.188373 -0.008768 0.143312
0.208849 -0.018225 0.148328
0.188654 -0.016734 0.143889
0.148526 -0.126720 0.148099
0.152496 -0.129806 0.106977
0.144702 -0.109014 0.145116
0.146191 -0.113260 0.105291
0.236692 -0.076493 0.160973
0.235102 -0.060420 0.159736
0.245473 -0.077194 0.119042
0.243590 -0.061431 0.117870
0.231947 -0.044893 0.157812
0.224168 -0.027649 0.153752
0.239180 -0.046459 0.116106
0.231149 -0.032615 0.113655
0.193481 -0.020970 0.107173
0.214209 -0.022762 0.110389
0.188654 -0.016734 0.143889
0.208849 -0.018225 0.148328
0.139180 -0.115010 0.104346
0.146055 -0.133111 0.105974
0.137629 -0.110584 0.145021
0.141990 -0.129876 0.147943
0.247828 -0.075149 0.162486
0.255780 -0.075908 0.119596
0.245304 -0.056507 0.161050
0.253621 -0.057644 0.118205
0.236221 -0.026840 0.113181
0.228987 -0.021642 0.154200
0.244915 -0.040454 0.115975
0.237509 -0.038652 0.158644
0.211311 -0.010755 0.148132
0.216865 -0.015498 0.109372
0.188373 -0.008768 0.143312
0.193401 -0.013252 0.105806
0.147081 -0.091988 0.143579
0.140284 -0.090541 0.143440
0.248516 -0.093311 0.163920
0.238664 -0.092287 0.162373
0.149989 -0.066020 0.103929
0.150576 -0.069384 0.141654
0.145500 -0.093309 0.104296
0.147081 -0.091988 0.143579
0.238664 -0.092287 0.162373
0.246095 -0.093562 0.119763
0.143221 -0.063992 0.103004
0.138393 -0.091834 0.103399
0.143838 -0.067504 0.141533
0.140284 -0.090541 0.143440
0.248516 -0.093311 0.163920
0.256230 -0.094637 0.120322
0.154415 -0.138037 0.150501
0.148976 -0.143258 0.150562
0.159386 -0.141710 0.108789
0.154415 -0.138037 0.150501
0.148976 -0.143258 0.150562
0.154165 -0.147078 0.107932
0.163496 -0.148612 0.153260
0.158993 -0.154817 0.153418
0.168229 -0.150659 0.111083
0.163496 -0.148612 0.153260
0.163911 -0.156964 0.110320
0.158993 -0.154817 0.153418
0.171794 -0.153604 0.155509
0.169085 -0.160860 0.156007
0.176505 -0.155978 0.113042
0.171794 -0.153604 0.155509
0.169085 -0.160860 0.156007
0.173999 -0.163321 0.112586
0.181325 -0.157489 0.157986
0.179550 -0.165051 0.158585
0.187220 -0.159623 0.115380
0.181325 -0.157489 0.157986
0.185687 -0.167291 0.115030
0.179550 -0.165051 0.158585
0.191373 -0.158080 0.160070
0.191067 -0.165906 0.160907
0.196251 -0.160549 0.117143
0.191373 -0.158080 0.160070
0.191067 -0.165906 0.160907
0.196150 -0.168483 0.117010
0.201039 -0.163978 0.162551
0.200281 -0.156349 0.161579
0.204430 -0.158757 0.118485
0.200281 -0.156349 0.161579
0.205363 -0.166497 0.118485
0.201039 -0.163978 0.162551
0.167591 -0.017324 0.140606
0.170620 -0.024664 0.141324
0.170620 -0.024664 0.141324
0.174336 -0.028218 0.104919
0.211657 -0.150580 0.163120
0.214186 -0.157884 0.164356
0.216104 -0.154151 0.120263
0.211657 -0.150580 0.163120
0.167591 -0.017324 0.140606
0.171499 -0.021107 0.103449
0.214186 -0.157884 0.164356
0.218821 -0.161604 0.120513
0.222794 -0.141603 0.164269
0.226849 -0.147865 0.165675
0.156465 -0.049051 0.140851
0.157618 -0.048820 0.104148
0.227064 -0.145353 0.121431
0.222794 -0.141603 0.164269
0.151309 -0.042524 0.140270
0.152750 -0.042618 0.102944
0.226849 -0.147865 0.165675
0.231314 -0.151794 0.121891
0.232955 -0.128945 0.165051
0.238949 -0.132753 0.166600
0.238725 -0.131401 0.121816
0.232955 -0.128945 0.165051
0.238949 -0.132753 0.166600
0.245001 -0.135330 0.122355
0.249287 -0.112202 0.165516
0.239829 -0.108959 0.164003
0.239829 -0.108959 0.164003
0.245476 -0.112262 0.120707
0.249287 -0.112202 0.165516
0.255163 -0.115638 0.121218
0.208849 -0.018225 0.148328
0.211311 -0.010755 0.148132
0.208849 -0.018225 0.148328
0.214209 -0.022762 0.110389
0.214209 -0.022762 0.110389
0.216865 -0.015498 0.109372
0.211311 -0.010755 0.148132
0.216865 -0.015498 0.109372
0.177428 -0.021933 0.188759
0.175771 -0.016402 0.187897
0.187078 -0.019169 0.189386
0.187098 -0.013368 0.188666
0.182829 -0.014549 0.232686
0.182563 -0.008686 0.232436
0.172487 -0.016521 0.231696
0.170489 -0.010985 0.231256
0.164706 -0.021565 0.186735
0.167978 -0.026102 0.187700
0.158911 -0.016540 0.230155
0.162556 -0.021516 0.230725
0.154091 -0.028603 0.185366
0.158898 -0.032773 0.186408
0.148225 -0.024977 0.229202
0.153384 -0.029164 0.229864
0.152335 -0.041261 0.185354
0.146317 -0.038048 0.184254
0.145204 -0.038799 0.229075
0.138737 -0.035546 0.228346
0.129162 -0.058771 0.227964
0.136783 -0.061211 0.228705
0.144113 -0.066985 0.183981
0.136938 -0.064618 0.182891
0.140540 -0.087935 0.183700
0.132852 -0.087531 0.182611
0.140951 -0.112903 0.183551
0.133583 -0.114900 0.182323
0.145060 -0.125864 0.183595
0.139260 -0.130913 0.182309
0.152154 -0.139093 0.183962
0.147031 -0.143500 0.182667
0.160096 -0.147350 0.184589
0.156734 -0.152972 0.183466
0.169826 -0.155002 0.185680
0.166742 -0.160481 0.184642
0.178160 -0.159533 0.186829
0.177612 -0.165622 0.186099
0.187663 -0.160122 0.187822
0.197274 -0.155876 0.188507
0.189861 -0.165287 0.187219
0.199837 -0.161195 0.187851
0.207460 -0.149047 0.189092
0.212078 -0.153642 0.188493
0.219839 -0.140244 0.189656
0.224969 -0.144807 0.189061
0.233832 -0.125854 0.190136
0.240729 -0.129491 0.189595
0.245733 -0.110747 0.190775
0.237403 -0.109570 0.190665
0.244059 -0.091854 0.190895
0.235463 -0.091972 0.190408
0.223513 -0.037922 0.189980
0.230154 -0.034547 0.189854
0.228526 -0.051175 0.190346
0.236502 -0.048917 0.190193
0.229284 -0.054238 0.236915
0.235631 -0.050526 0.238136
0.223846 -0.040116 0.236182
0.227353 -0.035972 0.237079
0.216164 -0.028285 0.189793
0.221310 -0.023830 0.189602
0.214156 -0.028564 0.235386
0.217678 -0.023733 0.235965
0.207186 -0.022002 0.189740
0.210688 -0.016646 0.189400
0.203741 -0.020442 0.234526
0.206890 -0.014958 0.234806
0.196911 -0.018963 0.189650
0.198679 -0.013162 0.189114
0.193039 -0.015554 0.233566
0.194555 -0.009702 0.233566
0.198679 -0.013162 0.189114
0.196911 -0.018963 0.189650
0.194555 -0.009702 0.233566
0.193039 -0.015554 0.233566
0.177428 -0.021933 0.188759
0.187078 -0.019169 0.189386
0.172487 -0.016521 0.231696
0.182829 -0.014549 0.232686
0.162556 -0.021516 0.230725
0.167978 -0.026102 0.187700
0.153384 -0.029164 0.229864
0.158898 -0.032773 0.186408
0.145204 -0.038799 0.229075
0.152335 -0.041261 0.185354
0.223513 -0.037922 0.189980
0.228526 -0.051175 0.190346
0.223846 -0.040116 0.236182
0.229284 -0.054238 0.236915
0.216164 -0.028285 0.189793
0.214156 -0.028564 0.235386
0.207186 -0.022002 0.189740
0.203741 -0.020442 0.234526
0.196911 -0.018963 0.189650
0.193039 -0.015554 0.233566
0.193039 -0.015554 0.233566
0.196911 -0.018963 0.189650
0.170489 -0.010985 0.231256
0.182563 -0.008686 0.232436
0.175771 -0.016402 0.187897
0.187098 -0.013368 0.188666
0.158911 -0.016540 0.230155
0.164706 -0.021565 0.186735
0.148225 -0.024977 0.229202
0.154091 -0.028603 0.185366
0.138737 -0.035546 0.228346
0.146317 -0.038048 0.184254
0.235631 -0.050526 0.238136
0.236502 -0.048917 0.190193
0.227353 -0.035972 0.237079
0.230154 -0.034547 0.189854
0.217678 -0.023733 0.235965
0.221310 -0.023830 0.189602
0.206890 -0.014958 0.234806
0.210688 -0.016646 0.189400
0.194555 -0.009702 0.233566
0.198679 -0.013162 0.189114
0.198679 -0.013162 0.189114
0.194555 -0.009702 0.233566
0.238621 -0.121830 0.237863
0.238725 -0.109623 0.238031
0.236697 -0.121031 0.191857
0.237403 -0.109570 0.190665
0.246064 -0.121725 0.191226
0.245733 -0.110747 0.190775
0.247881 -0.121369 0.237132
0.247154 -0.110892 0.237657
0.210908 -0.151895 0.236870
0.215737 -0.156522 0.236848
0.223366 -0.140832 0.237785
0.228775 -0.145476 0.237764
0.207460 -0.149047 0.189092
0.210908 -0.151895 0.236870
0.219839 -0.140244 0.189656
0.223366 -0.140832 0.237785
0.228775 -0.145476 0.237764
0.215737 -0.156522 0.236848
0.224969 -0.144807 0.189061
0.212078 -0.153642 0.188493
0.236411 -0.127874 0.238742
0.243447 -0.131554 0.238808
0.233832 -0.125854 0.190136
0.236411 -0.127874 0.238742
0.240729 -0.129491 0.189595
0.243447 -0.131554 0.238808
0.199184 -0.158891 0.235692
0.201874 -0.164418 0.235574
0.197274 -0.155876 0.188507
0.199184 -0.158891 0.235692
0.201874 -0.164418 0.235574
0.199837 -0.161195 0.187851
0.188343 -0.161903 0.234543
0.190665 -0.167583 0.234490
0.136783 -0.061211 0.228705
0.144113 -0.066985 0.183981
0.187663 -0.160122 0.187822
0.188343 -0.161903 0.234543
0.136938 -0.064618 0.182891
0.129162 -0.058771 0.227964
0.190665 -0.167583 0.234490
0.189861 -0.165287 0.187219
0.177450 -0.162371 0.233373
0.176863 -0.168298 0.233083
0.178160 -0.159533 0.186829
0.177450 -0.162371 0.233373
0.176863 -0.168298 0.233083
0.177612 -0.165622 0.186099
0.163189 -0.159784 0.231853
0.159720 -0.165270 0.231246
0.169826 -0.155002 0.185680
0.163189 -0.159784 0.231853
0.166742 -0.160481 0.184642
0.159720 -0.165270 0.231246
0.152061 -0.154717 0.230570
0.148170 -0.160154 0.229877
0.160096 -0.147350 0.184589
0.152061 -0.154717 0.230570
0.156734 -0.152972 0.183466
0.148170 -0.160154 0.229877
0.139023 -0.142710 0.228988
0.132978 -0.147262 0.228027
0.139023 -0.142710 0.228988
0.152154 -0.139093 0.183962
0.132978 -0.147262 0.228027
0.147031 -0.143500 0.182667
0.132490 -0.129567 0.228454
0.125536 -0.135176 0.227385
0.132490 -0.129567 0.228454
0.145060 -0.125864 0.183595
0.125536 -0.135176 0.227385
0.139260 -0.130913 0.182309
0.131252 -0.109845 0.229017
0.122854 -0.112024 0.228111
0.131252 -0.109845 0.229017
0.140951 -0.112903 0.183551
0.122854 -0.112024 0.228111
0.133583 -0.114900 0.182323
0.134362 -0.084155 0.229272
0.126249 -0.083700 0.228578
0.134362 -0.084155 0.229272
0.140540 -0.087935 0.183700
0.126249 -0.083700 0.228578
0.132852 -0.087531 0.182611
0.247154 -0.110892 0.237657
0.245586 -0.089276 0.237748
0.238725 -0.109623 0.238031
0.238010 -0.089187 0.238868
0.235463 -0.091972 0.190408
0.238010 -0.089187 0.238868
0.244059 -0.091854 0.190895
0.245586 -0.089276 0.237748
0.242148 -0.065430 0.238788
0.240870 -0.066354 0.190500
0.233214 -0.069509 0.237591
0.242148 -0.065430 0.238788
0.231806 -0.067593 0.190640
0.233214 -0.069509 0.237591
0.231806 -0.067593 0.190640
0.240870 -0.066354 0.190500
0.246064 -0.121725 0.191226
0.236697 -0.121031 0.191857
0.247881 -0.121369 0.237132
0.238621 -0.121830 0.237863
0.285720 -0.491540 0.470409
0.215980 -0.509144 0.493069
0.205302 -0.509144 0.472111
0.188670 -0.509144 0.455479
0.167712 -0.509144 0.444801
0.144480 -0.509144 0.441121
0.121248 -0.509144 0.444801
0.100290 -0.509144 0.455479
0.083658 -0.509144 0.472111
0.072980 -0.509144 0.493069
0.069300 -0.509144 0.516301
0.072980 -0.509144 0.539533
0.083658 -0.509144 0.560491
0.100290 -0.509144 0.577123
0.121248 -0.509144 0.587801
0.144480 -0.509144 0.591481
0.167712 -0.509144 0.587801
0.188670 -0.509144 0.577123
0.205302 -0.509144 0.560491
0.215980 -0.509144 0.539533
0.219660 -0.509144 0.516301
0.215980 -0.509144 0.493069
0.285720 -0.491540 0.470409
0.351982 -0.462681 0.448879
0.351982 -0.462681 0.448879
0.413135 -0.423278 0.429010
0.413135 -0.423278 0.429010
0.467672 -0.374301 0.411289
0.467672 -0.374301 0.411289
0.514252 -0.316957 0.396155
0.514252 -0.316957 0.396155
0.551726 -0.252658 0.383979
0.551726 -0.252658 0.383979
0.579173 -0.182986 0.375061
0.579173 -0.182986 0.375061
0.595916 -0.109657 0.369621
0.595916 -0.109657 0.369621
0.601543 -0.034477 0.367792
0.601543 -0.034477 0.367792
0.595916 0.040703 0.369621
0.595916 0.040703 0.369621
0.579173 0.114032 0.375061
0.579173 0.114032 0.375061
0.551726 0.183704 0.383979
0.551726 0.183704 0.383979
0.514252 0.248003 0.396155
0.514252 0.248003 0.396155
0.467672 0.305347 0.411289
0.467672 0.305347 0.411289
0.413135 0.354324 0.429010
0.413135 0.354324 0.429010
0.351982 0.393727 0.448879
0.351982 0.393727 0.448879
0.285720 0.422586 0.470409
0.285720 0.422586 0.470409
0.215980 0.440191 0.493069
0.205302 0.440191 0.472111
0.188670 0.440191 0.455479
0.167712 0.440191 0.444801
0.144480 0.440191 0.441121
0.121248 0.440191 0.444801
0.100290 0.440191 0.455479
0.083658 0.440191 0.472111
0.072980 0.440191 0.493069
0.069300 0.440191 0.516301
0.072980 0.440191 0.539533
0.083658 0.440191 0.560491
0.100290 0.440191 0.577123
0.121248 0.440191 0.587801
0.144480 0.440191 0.591481
0.167712 0.440191 0.587801
0.188670 0.440191 0.577123
0.205302 0.440191 0.560491
0.215980 0.440191 0.539533
0.219660 0.440191 0.516301
0.215980 0.440191 0.493069
0.144480 -0.515061 0.516301
0.144480 -0.515061 0.516301
0.144480 -0.515061 0.516301
0.144480 -0.515061 0.516301
0.144480 -0.515061 0.516301
0.144480 -0.515061 0.516301
0.144480 -0.515061 0.516301
0.144480 -0.515061 0.516301
0.144480 -0.515061 0.516301
0.144480 -0.515061 0.516301
0.144480 -0.515061 0.516301
0.144480 -0.515061 0.516301
0.144480 -0.515061 0.516301
0.144480 -0.515061 0.516301
0.144480 -0.515061 0.516301
0.144480 -0.515061 0.516301
0.144480 -0.515061 0.516301
0.144480 -0.515061 0.516301
0.144480 -0.515061 0.516301
0.144480 -0.515061 0.516301
0.144480 0.446107 0.516301
0.144480 0.446107 0.516301
0.144480 0.446107 0.516301
0.144480 0.446107 0.516301
0.144480 0.446107 0.516301
0.144480 0.446107 0.516301
0.144480 0.446107 0.516301
0.144480 0.446107 0.516301
0.144480 0.446107 0.516301
0.144480 0.446107 0.516301
0.144480 0.446107 0.516301
0.144480 0.446107 0.516301
0.144480 0.446107 0.516301
0.144480 0.446107 0.516301
0.144480 0.446107 0.516301
0.144480 0.446107 0.516301
0.144480 0.446107 0.516301
0.144480 0.446107 0.516301
0.144480 0.446107 0.516301
0.144480 0.446107 0.516301
142 143
7 8
5 6
7 121
5 136
141 142
841 916
861 935
895 936
915 955
840 841
861 862
893 895
894 915
842 916
842 917
896 936
896 937
843 917
843 918
897 937
897 938
867 869
868 870
885 887
886 888
844 918
844 919
898 938
898 939
845 919
845 920
899 939
899 940
900 940
900 941
846 920
846 921
873 875
874 876
879 881
880 882
840 863
862 864
891 893
892 894
901 941
901 942
847 921
847 922
903 943
903 944
905 945
905 946
849 923
849 924
851 925
851 926
871 873
872 874
881 883
882 884
904 944
904 945
850 924
850 925
902 942
902 943
848 922
848 923
906 946
906 947
852 926
852 927
908 948
908 949
854 928
854 929
863 865
864 866
889 891
890 892
855 929
855 930
909 949
909 950
907 947
907 948
853 927
853 928
856 930
856 931
910 950
910 951
865 867
866 868
887 889
888 890
858 932
858 933
912 952
912 953
857 931
857 932
911 951
911 952
859 933
859 934
913 953
913 954
860 934
860 935
914 954
914 955
869 871
870 872
883 885
884 886
875 877
876 878
877 879
878 880
2 3
36 38
172 173
11 12
14 16
170 171
153 154
0 1
39 40
168 169
92 206
1 3
38 39
168 173
92 207
106 195
15 17
41 45
43 46
162 163
9 10
155 156
10 11
153 155
16 46
162 170
17 45
8 182
364 365
50 71
14 120
171 190
154 159
136 149
32 40
169 175
0 174
107 192
15 118
121 148
388 389
394 395
732 733
734 735
372 373
9 33
392 393
414 415
282 283
247 249
710 711
712 713
347 348
354 365
357 358
326 327
332 334
324 325
340 341
262 263
276 277
278 279
284 285
361 363
366 367
333 335
355 364
360 362
89 101
54 55
102 103
110 111
111 112
518 519
614 615
356 359
368 369
503 505
610 611
91 92
104 106
582 583
71 91
70 71
105 107
576 577
156 157
43 44
163 164
41 42
157 158
202 210
2 4
36 37
172 211
22 25
12 13
223 229
270 275
204 208
99 110
102 115
97 112
73 101
203 209
23 24
179 185
224 227
272 274
229 231
273 275
25 30
222 228
251 254
27 119
165 166
73 74
225 226
256 257
54 75
26 117
433 574
582 592
228 230
254 255
51 52
99 100
115 116
178 184
161 167
28 30
68 69
220 224
271 274
24 31
179 181
75 76
426 428
583 593
809 815
812 818
64 66
95 96
434 436
532 533
633 639
723 774
431 575
576 588
44 196
164 194
97 98
4 198
26 28
435 437
526 528
19 22
42 193
641 643
813 819
632 638
701 771
29 31
181 183
60 124
62 126
65 67
427 429
577 589
178 180
221 225
253 256
204 205
215 221
252 253
432 433
534 592
808 814
810 816
666 835
826 829
231 287
273 290
214 220
269 271
49 81
56 122
109 125
27 29
165 183
21 23
185 187
635 636
722 775
636 815
775 818
640 642
811 817
32 34
175 177
293 299
296 302
174 176
667 834
824 832
180 182
48 133
230 286
255 288
147 148
821 831
827 828
634 637
700 770
292 298
294 300
424 484
519 521
227 233
272 291
126 133
57 123
486 487
518 520
428 434
532 593
432 523
534 535
424 426
521 583
803 809
806 812
37 88
197 211
639 641
774 819
234 236
297 303
436 438
506 533
184 186
637 814
770 816
131 139
47 51
299 305
302 308
597 602
600 606
430 522
527 529
13 90
167 182
483 613
514 615
487 574
520 582
226 232
257 289
201 202
235 237
295 301
124 131
317 323
320 326
47 48
462 464
601 607
18 19
298 304
300 307
145 147
233 234
291 297
661 663
754 760
62 63
242 244
321 327
69 93
129 137
132 140
60 61
743 827
820 821
287 293
290 296
203 204
481 609
515 614
191 205
460 462
595 601
638 640
771 817
82 83
430 431
527 588
596 603
599 604
93 139
425 485
502 503
464 466
537 607
122 129
125 132
316 322
319 325
232 235
289 295
236 238
303 309
488 489
504 505
202 203
150 152
66 114
94 95
56 58
108 109
425 427
502 577
243 245
318 324
311 317
314 320
737 825
822 823
286 292
288 294
240 242
315 321
463 465
598 605
823 830
825 833
446 523
508 535
747 757
752 761
130 138
660 662
750 758
791 797
795 800
444 446
508 509
437 439
493 528
94 140
114 137
53 86
482 612
501 611
489 575
504 576
237 239
301 306
802 808
804 810
20 21
187 189
477 479
512 517
238 240
309 315
149 150
123 130
216 222
250 251
479 481
515 517
438 442
506 507
470 471
513 516
587 597
594 600
67 113
478 480
498 499
127 134
148 149
81 127
33 35
524 602
536 606
664 666
741 826
475 477
510 512
218 223
268 270
429 435
526 589
480 608
499 610
466 468
511 537
79 84
465 467
531 605
310 316
313 319
241 243
312 318
468 471
511 513
746 756
751 759
113 138
445 447
490 492
239 241
306 312
475 524
510 536
461 463
590 598
57 59
671 835
725 829
790 796
793 798
439 440
491 493
186 188
665 667
739 824
77 134
82 128
49 50
85 87
779 785
782 789
447 522
492 529
84 86
745 747
752 753
61 70
643 645
807 813
525 603
530 604
87 144
673 675
724 726
670 834
703 832
218 219
268 281
77 79
744 746
749 751
128 135
467 469
496 531
470 483
514 516
78 135
58 104
91 108
673 831
724 828
442 443
507 543
586 596
591 599
53 55
579 587
584 594
474 476
494 495
472 482
500 501
305 311
308 314
745 763
753 766
474 525
494 530
476 478
495 498
458 460
585 595
469 473
496 497
78 80
672 830
705 833
669 671
725 727
472 473
497 500
675 679
726 728
659 661
754 755
539 545
542 549
444 539
509 542
216 217
248 250
658 660
748 750
672 674
704 705
674 678
704 707
644 646
799 805
151 198
159 161
18 35
645 647
801 807
59 105
304 310
307 313
796 802
798 804
119 120
166 190
568 579
573 584
200 201
778 784
781 787
456 458
572 585
657 659
755 767
80 85
578 586
581 591
151 152
630 635
720 722
63 72
538 544
541 547
797 803
800 806
668 670
702 703
459 461
580 590
443 450
543 548
329 331
334 335
679 683
728 730
669 677
727 729
769 779
776 782
440 441
491 540
378 388
385 391
337 351
342 371
744 762
749 765
626 630
718 720
83 193
90 144
642 644
805 811
647 649
794 801
683 687
730 732
678 682
707 709
330 344
343 370
117 118
445 538
490 541
623 626
714 718
569 578
571 581
677 681
729 731
624 628
719 721
212 214
269 280
441 448
540 546
785 791
789 795
457 459
570 580
631 634
698 700
451 452
555 560
649 651
788 794
160 161
681 685
731 733
648 650
786 792
621 623
714 715
653 656
777 783
784 790
787 793
628 633
721 723
655 658
748 764
617 624
716 719
736 737
822 839
450 451
548 555
351 356
368 371
668 676
702 706
651 653
783 788
621 690
715 735
545 551
549 554
627 631
696 698
682 686
709 711
557 563
561 566
617 619
716 717
763 769
766 776
20 34
177 189
332 333
338 339
619 688
717 734
551 557
554 561
449 453
552 558
665 837
738 739
646 648
792 799
213 215
246 252
625 629
697 699
191 192
762 768
765 773
350 357
352 354
742 761
757 838
622 627
694 696
68 74
664 836
740 741
768 778
773 781
676 680
706 708
260 261
282 284
199 200
344 361
366 370
656 657
767 777
629 632
699 701
680 684
708 710
452 454
560 567
176 188
345 360
353 355
550 556
553 559
620 622
694 695
654 655
764 772
742 743
820 838
373 375
402 404
382 383
407 409
616 625
692 697
377 379
399 401
620 691
695 712
264 266
283 285
563 568
566 573
556 562
559 565
379 389
397 399
372 374
380 381
616 618
692 693
448 449
546 552
387 391
52 76
64 100
96 116
544 550
547 553
618 689
693 713
247 263
258 259
652 654
772 780
663 836
740 760
650 652
780 786
454 456
567 572
453 455
558 564
562 569
565 571
403 405
406 408
145 158
65 98
398 400
410 411
249 262
265 267
455 457
564 570
387 390
412 415
377 423
401 417
193 206
386 387
412 413
358 359
88 89
32 33
118 120
374 422
381 421
362 363
486 488
608 609
484 485
612 613
375 423
404 417
145 146
331 346
335 347
396 398
410 414
376 422
384 421
212 261
280 282
405 416
408 419
400 416
411 419
193 196
50 206
55 90
333 348
339 349
376 378
384 385
192 194
213 259
246 247
111 199
736 759
756 839
684 685
688 689
88 90
336 337
340 342
686 687
690 691
359 402
383 420
409 418
386 420
413 418
55 89
662 837
738 758
345 346
347 353
70 72
328 330
341 343
60 62
348 352
349 350
380 382
52 68
73 75
111 198
390 391
393 395
322 323
328 329
266 267
276 278
206 207
104 105
159 190
174 175
258 260
277 279
244 245
336 338
219 264
281 283
217 265
248 249
88 103
111 197
358 402
365 373
60 109
70 91
64 65
362 380
364 372
392 394
396 397
363 382
367 407
68 96
97 99
73 115
159 160
158 192
194 195
196 207
359 403
369 406
146 158
