13912770215938753132 1072 600
0.621484 -0.538376 1.274094
0.547561 -0.557037 1.298113
0.536242 -0.557037 1.275898
0.496397 -0.557037 1.246949
0.471772 -0.557037 1.243049
0.424931 -0.557037 1.258268
0.395983 -0.557037 1.298113
0.395983 -0.557037 1.347364
0.424931 -0.557037 1.387209
0.447146 -0.557037 1.398528
0.496397 -0.557037 1.398528
0.536242 -0.557037 1.369579
0.551461 -0.557037 1.322739
0.621484 -0.538376 1.274094
0.691721 -0.507786 1.251273
0.756542 -0.466020 1.230211
0.814351 -0.414106 1.211428
0.863724 -0.353322 1.195385
0.903446 -0.285165 1.182479
0.932539 -0.211314 1.173026
0.950287 -0.133587 1.167260
0.950287 -0.133587 1.167260
0.956252 -0.053897 1.165322
0.950287 0.025792 1.167260
0.932539 0.103520 1.173026
0.903446 0.177371 1.182479
0.863724 0.245528 1.195385
0.814351 0.306311 1.211428
0.756542 0.358226 1.230211
0.691721 0.399992 1.251273
0.621484 0.430582 1.274094
0.547561 0.449243 1.298113
0.518612 0.449243 1.258268
0.471772 0.449243 1.243049
0.447146 0.449243 1.246949
0.407302 0.449243 1.275898
0.392082 0.449243 1.322739
0.407302 0.449243 1.369579
0.447146 0.449243 1.398528
0.496397 0.449243 1.398528
0.518612 0.449243 1.387209
0.547561 0.449243 1.347364
0.547561 0.449243 1.298113
0.471772 -0.563309 1.322739
0.471772 -0.563309 1.322739
0.471772 -0.563309 1.322739
0.471772 -0.563309 1.322739
0.471772 -0.563309 1.322739
0.471772 -0.563309 1.322739
0.471772 -0.563309 1.322739
0.471772 -0.563309 1.322739
0.471772 -0.563309 1.322739
0.471772 -0.563309 1.322739
0.471772 -0.563309 1.322739
0.471772 0.455515 1.322739
0.471772 0.455515 1.322739
0.471772 0.455515 1.322739
0.471772 0.455515 1.322739
0.471772 0.455515 1.322739
0.471772 0.455515 1.322739
0.471772 0.455515 1.322739
0.471772 0.455515 1.322739
0.471772 0.455515 1.322739
0.471772 0.455515 1.322739
0.471772 0.455515 1.322739
0.471772 0.455515 1.322739
0.005606 -0.000129 0.013289
0.005377 -0.000839 0.012738
0.005257 -0.000461 0.012278
0.004879 -0.000600 0.012330
0.005277 -0.000361 0.012219
0.005254 -0.000438 0.012288
0.005318 -0.000197 0.013529
0.005296 -0.000205 0.013547
0.005517 -0.000716 0.013134
0.005020 -0.000570 0.013673
0.005071 -0.000810 0.013512
0.005042 -0.000764 0.013526
0.004999 -0.000561 0.013661
0.005071 -0.000810 0.013512
0.005450 -0.000813 0.012946
0.005596 -0.000448 0.012781
0.005616 -0.000478 0.012783
0.004929 -0.000954 0.013174
0.004986 -0.000768 0.013566
0.004928 -0.000547 0.013723
0.005421 -0.000602 0.013100
0.004873 -0.000520 0.013666
0.004932 -0.000710 0.013510
0.004910 -0.000919 0.013170
0.005366 -0.000685 0.012935
0.005225 -0.000094 0.013528
0.004928 -0.000547 0.013723
0.005282 -0.000122 0.013588
0.005666 -0.000188 0.013066
0.004932 -0.000710 0.013510
0.005540 -0.000332 0.012764
0.005666 -0.000188 0.013066
0.005540 -0.000332 0.012764
0.004837 -0.000924 0.013197
0.004802 -0.000857 0.013188
0.004999 -0.000561 0.013661
0.005020 -0.000570 0.013673
0.005596 -0.000448 0.012781
0.004821 -0.000529 0.012282
0.004897 -0.000569 0.012336
0.005695 -0.000309 0.013100
0.005257 -0.000461 0.012278
0.004879 -0.000600 0.012330
0.004820 -0.001031 0.012803
0.004644 -0.000902 0.012608
0.004820 -0.001031 0.012803
0.005465 -0.000511 0.012450
0.005487 -0.000545 0.012439
0.005254 -0.000438 0.012288
0.004714 -0.001008 0.012797
0.004780 -0.000992 0.012791
0.004537 -0.000891 0.012617
0.004806 -0.000465 0.012339
0.005301 -0.000708 0.012757
0.004522 -0.000829 0.012673
0.004821 -0.000529 0.012282
0.004806 -0.000465 0.012339
0.005277 -0.000361 0.012219
0.005261 -0.000299 0.012275
0.005441 -0.000387 0.012426
0.004714 -0.001008 0.012797
0.004537 -0.000891 0.012617
0.005441 -0.000387 0.012426
0.005261 -0.000299 0.012275
0.005277 -0.000361 0.012219
0.004879 -0.000600 0.012330
0.004870 -0.000580 0.012342
0.004870 -0.000580 0.012342
0.005885 0.000653 0.011976
0.005886 0.000671 0.011971
0.005998 0.000528 0.011991
0.005981 0.000545 0.011983
0.006183 0.000739 0.011925
0.006169 0.000739 0.011934
0.005442 0.000222 0.012116
0.005431 0.000208 0.012102
0.005430 0.000220 0.012116
0.005865 0.000648 0.011954
0.005866 0.000661 0.011950
0.005881 0.000666 0.011958
0.006047 0.000889 0.011906
0.006052 0.000886 0.011929
0.005995 0.000573 0.012015
0.005978 0.000571 0.012001
0.005996 0.000573 0.011999
0.006185 0.000752 0.011921
0.006203 0.000738 0.011925
0.006205 0.000755 0.011921
0.006170 0.000756 0.011929
0.006071 0.000844 0.011904
0.006163 0.000742 0.011949
0.006170 0.000764 0.011957
0.006164 0.000761 0.011943
0.006169 0.000747 0.011962
0.006052 0.000873 0.011887
0.006055 0.000853 0.011891
0.005865 0.000662 0.011999
0.005979 0.000561 0.011987
0.005997 0.000541 0.012032
0.005980 0.000537 0.012033
0.006071 0.000852 0.011931
0.006069 0.000868 0.011936
0.005845 0.000646 0.011956
0.005846 0.000662 0.011951
0.005866 0.000674 0.011995
0.006055 0.000866 0.011936
0.006204 0.000751 0.011969
0.006205 0.000768 0.011964
0.006054 0.000841 0.011904
0.006070 0.000888 0.011929
0.005834 0.000648 0.011978
0.005977 0.000522 0.012014
0.005977 0.000522 0.012014
0.006001 0.000525 0.012015
0.006216 0.000766 0.011941
0.006074 0.000892 0.011903
0.006215 0.000740 0.011948
0.005865 0.000662 0.011999
0.006053 0.000840 0.011919
0.005981 0.000526 0.011991
0.005981 0.000545 0.011983
0.005979 0.000561 0.011987
0.005981 0.000558 0.012029
0.005355 -0.000075 0.012182
0.005250 0.000016 0.012145
0.005371 -0.000108 0.012194
0.005355 -0.000110 0.012194
0.005548 0.000108 0.012126
0.005542 0.000125 0.012137
0.005546 0.000119 0.012157
0.005541 0.000113 0.012141
0.005251 0.000027 0.012141
0.005426 0.000256 0.012084
0.005206 0.000034 0.012154
0.005365 -0.000061 0.012214
0.005355 -0.000063 0.012196
0.005354 -0.000063 0.012215
0.005366 -0.000061 0.012196
0.005585 0.000107 0.012125
0.005587 0.000123 0.012120
0.005444 0.000225 0.012071
0.005567 0.000118 0.012115
0.005549 0.000120 0.012122
0.005444 0.000210 0.012084
0.005250 0.000039 0.012173
0.005249 0.000028 0.012177
0.005428 0.000243 0.012070
0.005445 0.000245 0.012070
0.005353 -0.000078 0.012228
0.005230 0.000029 0.012184
0.005353 -0.000078 0.012228
0.005369 -0.000096 0.012228
0.005565 0.000135 0.012161
0.005548 0.000131 0.012153
0.005442 0.000242 0.012117
0.005213 0.000012 0.012143
0.005214 0.000027 0.012138
0.005429 0.000239 0.012117
0.005549 0.000120 0.012122
0.005565 0.000135 0.012161
0.005586 0.000135 0.012155
0.005564 0.000122 0.012165
0.005432 0.000208 0.012084
0.005205 0.000018 0.012160
0.005211 0.000024 0.012177
0.005354 -0.000111 0.012214
0.005370 -0.000109 0.012214
0.005593 0.000130 0.012137
0.005587 0.000123 0.012120
0.005592 0.000113 0.012144
0.005593 0.000130 0.012137
0.005230 0.000029 0.012184
0.004448 0.000054 0.012829
0.004429 0.000035 0.012847
0.004449 0.000074 0.012937
0.004405 -0.000024 0.012664
0.004392 -0.000044 0.012641
0.004401 -0.000025 0.012692
0.004509 -0.000013 0.012799
0.004698 0.000182 0.012668
0.004513 -0.000002 0.012839
0.004465 0.000107 0.013022
0.004543 0.000195 0.013188
0.004520 0.000200 0.013191
0.004406 -0.000015 0.012714
0.004442 -0.000010 0.012715
0.004418 0.000008 0.012765
0.004688 0.000342 0.012892
0.004486 0.000155 0.013158
0.004506 0.000175 0.013144
0.004526 0.000149 0.013074
0.004500 0.000166 0.013121
0.004462 0.000110 0.013055
0.004747 0.000406 0.013047
0.004543 0.000195 0.013188
0.004577 0.000165 0.013193
0.004781 0.000377 0.013052
0.004415 -0.000055 0.012641
0.004444 0.000043 0.012789
0.004429 0.000035 0.012847
0.004490 -0.000023 0.012871
0.004425 0.000034 0.012862
0.004494 -0.000021 0.012857
0.004626 0.000168 0.012528
0.004429 -0.000036 0.012664
0.004456 -0.000059 0.012668
0.004653 0.000145 0.012532
0.004633 0.000238 0.012659
0.004698 0.000182 0.012668
0.004506 0.000175 0.013144
0.004565 0.000109 0.013131
0.004521 0.000196 0.013162
0.004471 -0.000071 0.012724
0.004643 0.000203 0.012611
0.004636 0.000190 0.012582
0.004486 0.000155 0.013158
0.004551 0.000099 0.013167
0.004392 -0.000044 0.012641
0.004446 -0.000101 0.012715
0.004470 -0.000056 0.012818
0.004636 0.000190 0.012582
0.004442 -0.000010 0.012715
0.004466 -0.000081 0.012702
0.004626 0.000163 0.012495
0.004626 0.000168 0.012528
0.004470 -0.000081 0.012674
0.004489 0.000143 0.013071
0.004554 0.000087 0.013081
0.004526 0.000149 0.013074
0.004551 0.000079 0.013052
0.004486 0.000135 0.013043
0.004498 0.000146 0.013023
0.004482 -0.000038 0.012841
0.004513 -0.000002 0.012839
0.004513 -0.000002 0.012839
0.004781 0.000377 0.013052
0.004578 0.000162 0.013164
0.004768 0.000359 0.013032
0.004577 0.000165 0.013193
0.004424 0.000018 0.012786
0.004489 -0.000038 0.012796
0.004514 0.000018 0.012947
0.004449 0.000074 0.012937
0.004530 0.000051 0.013031
0.004527 0.000053 0.013064
0.004561 0.000138 0.013108
0.004754 0.000338 0.012975
0.004483 -0.000049 0.012775
0.004477 -0.000021 0.012749
0.004719 0.000349 0.012941
0.004726 0.000362 0.012970
0.004791 0.000343 0.012976
0.004514 0.000018 0.012947
0.004470 -0.000081 0.012674
0.004466 -0.000081 0.012702
0.004753 0.000286 0.012902
0.004776 0.000306 0.012861
0.004585 0.000144 0.013201
0.004586 0.000140 0.013172
0.004471 -0.000071 0.012724
0.004477 -0.000021 0.012749
0.004471 -0.000034 0.012720
0.004753 0.000286 0.012902
0.004563 0.000090 0.013033
0.004571 0.000119 0.013154
0.004565 0.000109 0.013131
0.004561 0.000138 0.013108
0.004653 0.000139 0.012499
0.004482 -0.000038 0.012841
0.004490 -0.000023 0.012871
0.004505 0.000006 0.012939
0.004754 0.000338 0.012975
0.004671 0.000179 0.012616
0.004664 0.000166 0.012586
0.004768 0.000359 0.013032
0.004578 0.000162 0.013164
0.004544 0.000191 0.013159
0.004415 -0.000055 0.012641
0.004747 0.000406 0.013047
0.004735 0.000388 0.013027
0.004626 0.000163 0.012495
0.004747 0.000325 0.012945
0.004667 0.000282 0.012683
0.004612 0.000189 0.012522
0.004646 0.000229 0.012523
0.004740 0.000428 0.013039
0.004727 0.000410 0.013020
0.004669 0.000275 0.012626
0.004751 0.000429 0.012975
0.004705 0.000361 0.012892
0.004714 0.000376 0.012915
0.004633 0.000238 0.012659
0.004670 0.000281 0.012656
0.004676 0.000293 0.012689
0.004732 0.000226 0.012693
0.004667 0.000282 0.012683
0.004676 0.000293 0.012689
0.004692 0.000324 0.012755
0.004731 0.000409 0.012988
0.004796 0.000353 0.012998
0.004631 0.000219 0.012559
0.004696 0.000162 0.012569
0.004740 0.000428 0.013039
0.004804 0.000371 0.013049
0.004751 0.000429 0.012975
0.004646 0.000229 0.012523
0.004612 0.000184 0.012489
0.004677 0.000128 0.012499
0.004691 0.000152 0.012546
0.004677 0.000133 0.012531
0.004714 0.000376 0.012915
0.004779 0.000320 0.012925
0.004769 0.000305 0.012902
0.004670 0.000281 0.012656
0.004735 0.000224 0.012666
0.004711 0.000203 0.012702
0.004646 0.000259 0.012692
0.004712 0.000193 0.012642
0.004711 0.000362 0.012852
0.004727 0.000383 0.012872
0.004708 0.000185 0.012619
0.004732 0.000226 0.012693
0.004711 0.000173 0.012533
0.004677 0.000128 0.012499
0.004792 0.000353 0.013029
0.004734 0.000218 0.012636
0.004796 0.000353 0.012998
0.004791 0.000343 0.012976
0.004779 0.000320 0.012925
0.004792 0.000327 0.012882
0.004735 0.000224 0.012666
0.004741 0.000237 0.012698
0.004561 0.000138 0.013108
0.006091 0.000988 0.012904
0.005952 0.001123 0.012885
0.006210 0.000843 0.012871
0.006373 0.001018 0.012764
0.006025 0.000535 0.012005
0.006170 0.000816 0.012861
0.005957 0.000533 0.012016
0.005921 0.001084 0.012871
0.006058 0.000957 0.012900
0.005679 0.000826 0.012016
0.006170 0.000816 0.012861
0.005283 0.000873 0.012848
0.005552 0.000770 0.013131
0.005400 0.000859 0.013018
0.005290 0.000484 0.012139
0.005243 0.000458 0.012128
0.005939 0.000335 0.012985
0.005859 0.000486 0.013091
0.005973 0.000181 0.012849
0.004994 0.000571 0.012530
0.004994 0.000461 0.012351
0.005049 0.000308 0.012202
0.005098 0.000058 0.012180
0.005407 0.000429 0.013342
0.004991 0.000235 0.012240
0.005544 0.000220 0.013294
0.005565 -0.000261 0.012586
0.005438 -0.000236 0.012377
0.005262 0.000566 0.013274
0.005976 0.001504 0.012495
0.006096 0.001450 0.012632
0.006453 0.001114 0.012650
0.005422 -0.000233 0.012401
0.005094 0.000047 0.012206
0.004983 0.000221 0.012279
0.004956 0.000358 0.012420
0.004971 0.000451 0.012579
0.005610 -0.000209 0.012811
0.005535 -0.000251 0.012605
0.006031 0.001494 0.012462
0.005960 0.001473 0.012296
0.005953 0.001392 0.012129
0.006451 0.000812 0.011986
0.006255 0.001347 0.012640
0.006323 0.000909 0.011925
0.006357 0.001247 0.012645
0.006189 0.001036 0.011916
0.006072 0.001164 0.011937
0.005997 0.001290 0.012012
0.005997 0.001290 0.012012
0.005953 0.001392 0.012129
0.006072 0.001164 0.011937
0.006460 0.001136 0.012623
0.006189 0.001036 0.011916
0.006357 0.001247 0.012645
0.006255 0.001347 0.012640
0.006128 0.001454 0.012589
0.006031 0.001494 0.012462
0.005131 0.000561 0.013104
0.005233 0.000491 0.013219
0.005422 -0.000233 0.012401
0.004971 0.000451 0.012579
0.004956 0.000358 0.012420
0.005596 0.000027 0.013169
0.005498 0.000194 0.013266
0.005254 -0.000121 0.012270
0.006891 0.002270 0.012100
0.006869 0.002237 0.012034
0.006832 0.002247 0.012130
0.007232 0.001903 0.011809
0.007166 0.002033 0.011880
0.007329 0.001884 0.011888
0.007229 0.002009 0.012005
0.007245 0.002038 0.011974
0.007118 0.002136 0.012076
0.007127 0.002170 0.012048
0.007229 0.001678 0.011707
0.007345 0.001756 0.011793
0.006740 0.001713 0.012371
0.006665 0.001839 0.012375
0.006810 0.002182 0.012035
0.007320 0.001893 0.011866
0.006902 0.002264 0.012127
0.007007 0.002243 0.012093
0.007303 0.001574 0.011750
0.007095 0.001447 0.012020
0.007236 0.001841 0.011946
0.007166 0.002033 0.011880
0.007067 0.002139 0.011941
0.007200 0.001619 0.011714
0.006863 0.002206 0.012007
0.006961 0.002194 0.011980
0.006925 0.002156 0.012128
0.007113 0.001461 0.011990
0.007239 0.001623 0.011853
0.006848 0.002242 0.012155
0.007262 0.001742 0.011890
0.006915 0.001654 0.012249
0.006621 0.001950 0.012211
0.007299 0.001583 0.011821
0.007109 0.001339 0.011931
0.006632 0.002003 0.012315
0.006656 0.002008 0.012335
0.006622 0.001946 0.012346
0.006810 0.002182 0.012035
0.007140 0.001389 0.011971
0.006621 0.001950 0.012211
0.006702 0.001998 0.012328
0.006703 0.001695 0.012273
0.006842 0.001564 0.012311
0.006863 0.001574 0.012322
0.006760 0.001723 0.012383
0.006797 0.001745 0.012370
0.006869 0.001463 0.012139
0.006610 0.001899 0.012240
0.006641 0.001805 0.012274
0.006942 0.001433 0.012210
0.007059 0.001398 0.012110
0.007110 0.001373 0.012014
0.006995 0.001547 0.012170
0.006786 0.001571 0.012225
0.006641 0.001805 0.012274
0.006610 0.001899 0.012240
0.006693 0.001953 0.012352
0.006726 0.001861 0.012379
0.006776 0.001860 0.012314
0.006737 0.001933 0.012302
0.006947 0.002152 0.012163
0.006861 0.001781 0.012324
0.007120 0.001458 0.012042
0.006946 0.001663 0.012270
0.006965 0.001679 0.012274
0.007043 0.001569 0.012196
0.007017 0.002124 0.012138
0.007098 0.002065 0.012106
0.007099 0.002054 0.012129
0.007075 0.001492 0.012115
0.007254 0.001839 0.011979
0.007186 0.001959 0.012047
0.007187 0.001947 0.012072
0.007184 0.001602 0.012036
0.007162 0.001593 0.012060
0.007143 0.001601 0.012086
0.007130 0.001625 0.012107
0.007199 0.001713 0.012049
0.007180 0.001722 0.012075
0.007213 0.001658 0.012017
0.007211 0.001690 0.012028
0.007003 0.001900 0.012238
0.006976 0.001894 0.012256
0.006915 0.001961 0.012273
0.006920 0.001992 0.012261
0.006996 0.002010 0.012212
0.007018 0.001985 0.012206
0.007213 0.001658 0.012017
0.007139 0.001689 0.012115
0.007199 0.001713 0.012049
0.007157 0.001713 0.012099
0.007211 0.001690 0.012028
0.007180 0.001722 0.012075
0.007018 0.001985 0.012206
0.007028 0.001953 0.012209
0.007023 0.001922 0.012221
0.006920 0.001992 0.012261
0.006939 0.002014 0.012244
0.006976 0.001894 0.012256
0.007003 0.001900 0.012238
0.006845 0.001122 0.012490
0.006835 0.001172 0.012528
0.006390 0.001214 0.012931
0.006389 0.001248 0.012867
0.006712 0.001466 0.012614
0.006657 0.001514 0.012643
0.006662 0.001484 0.012718
0.006309 0.001238 0.012915
0.006609 0.001545 0.012663
0.006621 0.001511 0.012736
0.006590 0.000906 0.012754
0.006580 0.000818 0.012738
0.006550 0.001564 0.012695
0.006575 0.001532 0.012749
0.006567 0.000731 0.012720
0.006558 0.000718 0.012653
0.006035 0.000015 0.013093
0.006064 0.000056 0.013169
0.006044 0.000087 0.013212
0.006022 0.000122 0.013250
0.006614 0.000788 0.012606
0.006651 0.000835 0.012655
0.006663 0.000909 0.012673
0.006420 0.001289 0.012839
0.006361 0.001285 0.012873
0.006674 0.000986 0.012690
0.006293 0.001290 0.012904
0.005755 0.000545 0.013473
0.005832 0.000436 0.013437
0.005653 0.000621 0.013444
0.006505 0.001081 0.012796
0.006754 0.001057 0.012601
0.006526 0.001227 0.012838
0.006483 0.001214 0.012811
0.006577 0.001151 0.012800
0.006820 0.001222 0.012564
0.005682 0.000575 0.013441
0.006626 0.001067 0.012748
0.006303 0.000306 0.012441
0.006398 0.000338 0.012498
0.006336 0.000372 0.012472
0.006553 0.000999 0.012744
0.006020 0.000014 0.013111
0.006035 0.000015 0.013093
0.006037 -0.000024 0.013124
0.006015 0.000009 0.013172
0.006032 -0.000058 0.013120
0.005979 0.000080 0.013242
0.006001 -0.000080 0.013097
0.005776 0.000380 0.013458
0.005790 0.000394 0.013442
0.005707 0.000473 0.013488
0.005723 0.000484 0.013473
0.005674 0.000456 0.013475
0.005925 0.000179 0.013320
0.005611 0.000607 0.013500
0.005612 0.000537 0.013487
0.005572 0.000599 0.013485
0.006567 0.001622 0.012696
0.006693 0.001565 0.012647
0.006685 0.001579 0.012611
0.006845 0.001341 0.012533
0.006895 0.001269 0.012462
0.006878 0.001258 0.012478
0.006757 0.001508 0.012616
0.006749 0.001523 0.012580
0.006896 0.001168 0.012425
0.006912 0.001158 0.012394
0.006887 0.001114 0.012408
0.006904 0.001165 0.012366
0.006889 0.001107 0.012340
0.006558 0.000701 0.012652
0.006025 -0.000072 0.013062
0.005653 0.000621 0.013444
0.006508 0.001623 0.012691
0.006155 0.001264 0.012978
0.006531 0.001609 0.012719
0.006844 0.001183 0.012444
0.005966 0.000106 0.013212
0.005680 0.000552 0.013444
0.005726 0.000490 0.013432
0.006762 0.001402 0.012576
0.006712 0.001466 0.012614
0.005913 -0.000027 0.013126
0.005881 0.000049 0.013208
0.005712 0.000330 0.013392
0.005775 0.000238 0.013348
0.005570 0.000515 0.013429
0.005529 0.000575 0.013421
0.006583 0.001609 0.012577
0.006648 0.001577 0.012559
0.006525 0.001662 0.012584
0.006849 0.001298 0.012392
0.006853 0.001178 0.012320
0.006382 0.000451 0.012645
0.006410 0.000517 0.012658
0.005950 -0.000058 0.013016
0.006120 0.001245 0.012921
0.006293 0.001290 0.012904
0.006833 0.001250 0.012480
0.005682 0.000575 0.013441
0.006006 0.000053 0.013148
0.006614 0.000788 0.012606
0.006548 0.000624 0.012622
0.006013 0.001146 0.012994
0.006229 0.001224 0.012958
0.006864 0.001056 0.012359
0.005713 0.000525 0.013433
0.005921 0.000206 0.013282
0.005859 0.000313 0.013349
0.006446 0.001169 0.012841
0.006534 0.001130 0.012772
0.006588 0.001044 0.012715
0.006361 0.001285 0.012873
0.006389 0.001248 0.012867
0.006420 0.001289 0.012839
0.006309 0.001238 0.012915
0.006620 0.000871 0.012633
0.006629 0.000959 0.012655
0.006894 0.001325 0.012352
0.006826 0.001495 0.012466
0.006869 0.001413 0.012413
0.006611 0.001662 0.012551
0.006558 0.001678 0.012567
0.005425 0.000725 0.013342
0.005443 0.000657 0.013382
0.005959 -0.000073 0.012673
0.005994 -0.000115 0.012663
0.005975 -0.000156 0.012866
0.006350 0.000277 0.012555
0.006352 0.000214 0.012483
0.006853 0.001508 0.012476
0.005331 0.000771 0.013232
0.005323 0.000715 0.013275
0.005343 0.000771 0.013353
0.005967 0.001253 0.012963
0.005909 0.001197 0.012907
0.005918 0.001232 0.012973
0.006775 0.001005 0.012201
0.006837 0.000977 0.012232
0.006058 0.001329 0.012928
0.005771 0.001100 0.013025
0.005812 0.001119 0.013008
0.006503 0.001744 0.012478
0.006854 0.001118 0.012141
0.006916 0.001091 0.012173
0.005860 -0.000220 0.013086
0.005820 -0.000159 0.013214
0.005711 -0.000025 0.013230
0.005776 -0.000148 0.013035
0.006593 0.001729 0.012455
0.006667 0.001654 0.012405
0.006034 0.001298 0.012837
0.006356 0.001642 0.012574
0.005718 0.001085 0.012898
0.005416 0.000795 0.013149
0.005836 0.001216 0.012970
0.005831 0.001177 0.012906
0.005434 0.000670 0.013408
0.005414 0.000757 0.013350
0.005936 -0.000187 0.012716
0.005999 -0.000221 0.012738
0.005872 -0.000162 0.012782
0.005904 -0.000143 0.012723
0.006078 -0.000150 0.012703
0.005752 0.001200 0.012969
0.006903 0.001388 0.012248
0.006883 0.001484 0.012311
0.005575 0.000214 0.013431
0.005633 0.000121 0.013393
0.005510 0.000305 0.013453
0.005570 0.000227 0.013379
0.005624 0.000142 0.013343
0.006840 0.001565 0.012364
0.006889 0.001567 0.012419
0.006795 0.001543 0.012347
0.006944 0.001161 0.012175
0.006899 0.001280 0.012185
0.005672 0.000057 0.013294
0.006820 0.001647 0.012461
0.005381 0.000498 0.013417
0.005442 0.000395 0.013452
0.006729 0.001712 0.012492
0.006741 0.001605 0.012380
0.006368 0.000437 0.012502
0.006394 0.000481 0.012505
0.006429 0.000404 0.012531
0.005398 0.000486 0.013370
0.006735 0.001706 0.012517
0.005562 0.000335 0.013529
0.005826 -0.000166 0.012897
0.006957 0.001153 0.012198
0.006021 -0.000220 0.012754
0.005988 -0.000239 0.012818
0.006925 0.001330 0.012357
0.006826 0.001640 0.012486
0.005847 -0.000155 0.013221
0.005811 -0.000069 0.013320
0.005847 -0.000016 0.013284
0.005801 0.000077 0.013358
0.005744 0.000175 0.013417
0.006972 0.001248 0.012244
0.006972 0.001360 0.012312
0.006003 -0.000216 0.012835
0.006885 0.001536 0.012466
0.005341 0.000616 0.013346
0.005365 0.000593 0.013305
0.005434 0.000884 0.013270
0.006962 0.001239 0.012273
0.006960 0.001345 0.012337
0.005787 0.000048 0.013389
0.005834 -0.000048 0.013311
0.005703 0.000129 0.013460
0.005763 0.000028 0.013399
0.005588 0.000354 0.013521
0.005444 0.000559 0.013493
0.005661 0.000252 0.013495
0.005637 0.000233 0.013504
0.006899 0.001422 0.012420
0.006934 0.001446 0.012406
0.005914 -0.000152 0.013084
0.005880 -0.000096 0.013195
0.006320 0.000462 0.012515
0.006551 0.001701 0.012585
0.006624 0.001685 0.012567
0.006475 0.001755 0.012595
0.006387 0.001671 0.012663
0.005397 0.000676 0.013427
0.005367 0.000670 0.013425
0.005380 0.000825 0.013321
0.005608 0.000377 0.013455
0.005957 -0.000217 0.012953
0.005959 -0.000175 0.012955
0.005939 -0.000240 0.012944
0.005942 -0.000153 0.012947
0.005675 0.000283 0.013431
0.006537 0.000548 0.012536
0.006464 0.000446 0.012590
0.006437 0.000398 0.012587
0.006257 0.000332 0.012456
0.006289 0.000397 0.012485
0.006380 0.000344 0.012586
0.006407 0.000331 0.012553
0.005860 0.001194 0.013016
0.005944 0.001208 0.013017
0.006804 0.001140 0.012150
0.006726 0.001028 0.012211
0.005672 0.000057 0.013294
0.006832 0.001203 0.012149
0.006741 0.001605 0.012380
0.006667 0.001654 0.012405
0.006497 0.001699 0.012449
0.005742 -0.000097 0.013146
0.005711 -0.000025 0.013230
0.005398 0.000486 0.013370
0.006418 0.000608 0.012462
0.006804 0.001140 0.012150
0.006443 0.001682 0.012476
0.005842 0.001130 0.012881
0.005365 0.000593 0.013305
0.005765 0.001109 0.012885
0.005351 0.000683 0.013241
0.005872 -0.000162 0.012782
0.005826 -0.000166 0.012897
0.006346 0.000508 0.012517
0.005964 0.001173 0.012867
0.005919 0.001150 0.012879
0.005359 0.000734 0.013202
0.005416 0.000795 0.013149
0.007353 0.001796 0.011696
0.006916 0.002332 0.011976
0.007427 0.001815 0.011534
0.007372 0.001829 0.011469
0.007407 0.001849 0.011560
0.007373 0.001734 0.011455
0.007271 0.002241 0.011733
0.007234 0.002238 0.011653
0.007360 0.001819 0.011674
0.007189 0.002326 0.011677
0.007364 0.001703 0.011682
0.007371 0.001671 0.011653
0.007211 0.002179 0.011866
0.007387 0.001848 0.011600
0.007372 0.001836 0.011641
0.007386 0.002042 0.011604
0.007371 0.002081 0.011625
0.007374 0.001968 0.011620
0.007341 0.001919 0.011710
0.007245 0.001683 0.011679
0.007237 0.001738 0.011698
0.007361 0.001942 0.011651
0.007350 0.001925 0.011681
0.007348 0.002102 0.011654
0.007266 0.002211 0.011756
0.007046 0.002487 0.011864
0.007234 0.002160 0.011840
0.007257 0.002185 0.011786
0.007246 0.002168 0.011815
0.007067 0.002451 0.011857
0.007043 0.002449 0.011771
0.006885 0.002357 0.011964
0.006940 0.002525 0.011812
0.007060 0.002389 0.011905
0.007050 0.002368 0.011932
0.007225 0.001693 0.011658
0.007218 0.001739 0.011672
0.007357 0.001781 0.011424
0.007348 0.001837 0.011442
0.007318 0.001682 0.011486
0.007338 0.001710 0.011447
0.007295 0.001658 0.011536
0.007308 0.001723 0.011449
0.007323 0.001863 0.011474
0.007299 0.001846 0.011470
0.007215 0.001900 0.011736
0.007199 0.001950 0.011767
0.007310 0.002015 0.011505
0.007250 0.001833 0.011650
0.007268 0.001850 0.011605
0.007251 0.001835 0.011592
0.007349 0.001733 0.011429
0.007318 0.001742 0.011432
0.007276 0.001646 0.011585
0.007291 0.001858 0.011550
0.007311 0.001863 0.011501
0.007274 0.001844 0.011541
0.007193 0.001909 0.011716
0.007179 0.001953 0.011742
0.007290 0.002106 0.011538
0.007290 0.001947 0.011547
0.007304 0.001988 0.011516
0.007271 0.001907 0.011591
0.007242 0.001919 0.011587
0.007264 0.002126 0.011569
0.007121 0.002101 0.011848
0.007084 0.002145 0.011871
0.007199 0.002278 0.011633
0.007198 0.002057 0.011740
0.007210 0.002089 0.011700
0.007182 0.002045 0.011719
0.007176 0.002017 0.011740
0.007216 0.001886 0.011663
0.007227 0.001895 0.011629
0.007248 0.002127 0.011598
0.007100 0.002102 0.011824
0.007127 0.002084 0.011797
0.007068 0.002140 0.011845
0.007167 0.002321 0.011650
0.007208 0.002163 0.011670
0.007196 0.002120 0.011715
0.007177 0.002163 0.011665
0.007185 0.002202 0.011636
0.007118 0.002310 0.011665
0.007148 0.002301 0.011646
0.007176 0.002265 0.011631
0.006892 0.002299 0.011963
0.007025 0.002439 0.011746
0.007053 0.002243 0.011837
0.007055 0.002212 0.011861
0.007043 0.002226 0.011813
0.007053 0.002258 0.011777
0.007048 0.002178 0.011844
0.007186 0.002226 0.011626
0.007179 0.002093 0.011759
0.007164 0.002081 0.011795
0.006957 0.002262 0.011900
0.006927 0.002270 0.011923
0.006890 0.002293 0.011930
0.006861 0.002332 0.011948
0.007030 0.002365 0.011784
0.007030 0.002411 0.011755
0.007001 0.002360 0.011776
0.006994 0.002314 0.011814
0.006957 0.002486 0.011756
0.006922 0.002487 0.011766
0.006924 0.002515 0.011777
0.006989 0.002461 0.011747
0.006861 0.002422 0.011869
0.006862 0.002334 0.011907
0.006867 0.002318 0.011919
0.007001 0.002429 0.011743
0.006879 0.002467 0.011829
0.006905 0.002474 0.011780
0.006883 0.002443 0.011810
0.006145 0.000264 0.013139
0.006121 0.000266 0.013167
0.006097 0.000355 0.013207
0.005936 0.000562 0.013346
0.005906 0.000566 0.013367
0.005866 0.000656 0.013381
0.006112 0.000386 0.013194
0.006136 0.000403 0.013171
0.005963 0.000676 0.013310
0.006769 0.001085 0.012588
0.005938 0.000697 0.013325
0.005908 0.000700 0.013346
0.006521 0.001358 0.012832
0.006522 0.001391 0.012826
0.006585 0.001303 0.012793
0.006696 0.001129 0.012687
0.006609 0.001316 0.012774
0.006768 0.001149 0.012603
0.006711 0.001156 0.012675
0.006732 0.001171 0.012652
0.006752 0.001168 0.012626
0.006102 0.000285 0.013191
0.006121 0.000266 0.013167
0.006112 0.000386 0.013194
0.006160 0.000401 0.013143
0.006097 0.000355 0.013207
0.006136 0.000403 0.013171
0.005882 0.000685 0.013366
0.005963 0.000676 0.013310
0.005978 0.000643 0.013305
0.005978 0.000607 0.013311
0.005938 0.000697 0.013325
0.005962 0.000577 0.013326
0.005936 0.000562 0.013346
0.005908 0.000700 0.013346
0.006697 0.001065 0.012673
0.006768 0.001149 0.012603
0.006774 0.001118 0.012589
0.006691 0.001095 0.012687
0.006769 0.001085 0.012588
0.006625 0.001376 0.012754
0.006609 0.001316 0.012774
0.006589 0.001427 0.012774
0.006612 0.001407 0.012760
0.006624 0.001343 0.012760
0.004963 -0.000762 0.013443
0.004810 -0.000944 0.012888
0.005133 -0.000431 0.012276
0.005212 -0.000467 0.012325
0.005325 -0.000541 0.012457
0.004916 -0.000434 0.012355
0.004988 -0.000477 0.013653
0.005028 -0.000351 0.013601
0.005547 -0.000515 0.012930
0.005489 -0.000557 0.012739
0.004631 -0.000727 0.012565
0.004681 -0.000631 0.012515
0.004890 -0.000930 0.013045
0.005553 -0.000195 0.013280
0.005578 -0.000392 0.013119
0.005486 -0.000083 0.013318
0.005298 -0.000132 0.013476
0.004958 -0.000603 0.013605
0.004903 -0.000575 0.013559
0.004986 -0.000545 0.013631
0.005380 -0.000075 0.013404
0.004627 -0.000778 0.012608
0.005028 -0.000351 0.013601
0.004547 0.000174 0.013195
0.004719 0.000319 0.012867
0.004505 0.000104 0.013014
0.004444 0.000014 0.012811
0.004672 0.000238 0.012677
0.004412 -0.000044 0.012686
0.004755 0.000055 0.012334
0.004738 0.000223 0.012482
0.005380 -0.000075 0.013404
0.005295 0.000121 0.013483
0.005457 -0.000224 0.013088
0.004857 0.000454 0.012990
0.005291 -0.000382 0.012613
0.005400 -0.000367 0.012827
0.004806 0.000402 0.012835
0.005372 -0.000048 0.013302
0.004993 -0.000282 0.012423
0.004359 -0.000128 0.012731
0.004434 -0.000393 0.012549
0.004516 -0.000545 0.012539
0.004467 0.000103 0.013243
0.004539 0.000112 0.013378
0.004740 -0.000032 0.013679
0.004803 -0.000132 0.013691
0.004688 -0.000749 0.012901
0.004796 -0.000719 0.013138
0.004382 -0.000243 0.012634
0.004943 -0.000420 0.013596
0.004796 -0.000719 0.013138
0.004866 -0.000600 0.013414
0.005149 -0.000302 0.012468
0.005291 -0.000382 0.012613
0.004607 -0.000652 0.012792
0.004705 -0.000033 0.013484
0.004575 0.000003 0.013275
0.004468 -0.000335 0.012676
0.004439 -0.000149 0.012838
0.004887 -0.000428 0.013532
0.004852 -0.000064 0.012400
0.004806 0.000202 0.012625
0.004861 0.000285 0.012810
0.004993 -0.000282 0.012423
0.004596 -0.000556 0.012661
0.004468 -0.000335 0.012676
0.004806 0.000202 0.012625
0.004439 -0.000149 0.012838
0.004861 0.000285 0.012810
0.004963 0.000368 0.013081
0.005110 0.000319 0.013304
0.004705 -0.000033 0.013484
0.004829 -0.000238 0.013539
0.004887 -0.000428 0.013532
0.004640 0.000248 0.012652
0.004423 0.000028 0.012783
0 1
2 43
31 54
42 65
32 55
13 14
29 30
4 45
33 56
3 44
19 20
23 24
15 16
27 28
34 57
36 59
5 46
6 47
7 48
35 58
37 60
9 50
38 61
8 49
17 18
25 26
41 64
39 62
10 51
40 63
11 52
12 53
21 22
581 582
609 637
669 672
74 76
640 641
118 120
92 93
706 792
718 719
1059 1060
408 413
404 416
696 730
70 104
720 721
119 125
99 126
89 116
68 69
107 108
83 111
79 83
566 587
71 105
95 100
82 113
1002 1011
467 500
103 106
81 112
98 128
94 96
97 98
483 499
494 501
479 497
503 505
1000 1006
1019 1020
263 289
343 346
1070 1071
261 262
248 344
259 260
232 235
269 270
271 272
179 182
311 312
332 337
256 315
251 280
286 287
326 338
1046 1047
340 341
1028 1031
328 329
160 169
164 172
264 357
244 245
136 152
75 76
109 110
498 504
115 117
126 127
84 85
66 106
112 114
144 161
170 171
1065 1066
1042 1043
197 228
195 200
1034 1056
414 420
1008 1009
87 88
1051 1052
1053 1054
1061 1063
492 493
77 78
425 426
1067 1068
459 464
1030 1031
431 437
995 1012
1026 1027
1024 1025
436 437
67 80
432 433
1048 1049
462 463
421 423
422 427
1057 1058
1062 1064
418 419
411 412
415 417
410 412
1003 1004
1068 1069
1018 1020
470 472
399 400
176 177
508 515
86 90
509 510
428 429
406 407
998 999
434 435
460 461
471 473
438 439
996 1007
445 446
450 452
1036 1037
441 443
1029 1032
402 430
214 215
216 237
206 207
457 458
455 456
663 670
1050 1060
440 447
448 449
468 469
512 519
183 188
476 480
486 487
530 531
496 518
527 529
536 537
1038 1039
1035 1044
705 711
704 710
534 538
533 537
811 812
477 478
715 756
474 482
712 713
208 209
189 190
746 771
442 444
453 454
781 793
1021 1023
658 659
674 675
791 792
786 798
593 594
613 620
802 803
762 763
511 523
821 830
759 799
154 155
776 777
778 779
767 768
628 633
753 772
820 825
755 783
765 766
780 782
769 797
700 794
507 514
732 743
764 787
828 829
774 775
699 771
651 652
615 617
1010 1033
770 785
1040 1041
796 801
754 761
677 678
485 495
649 650
616 618
745 748
734 735
760 784
350 353
282 310
388 391
284 285
370 385
818 819
740 745
736 747
637 668
697 784
516 517
591 603
714 744
813 819
685 687
1017 1045
596 607
737 738
757 767
686 687
724 725
1015 1033
693 726
733 739
513 514
520 521
627 629
730 758
489 490
619 622
692 729
589 599
676 680
420 423
997 998
833 834
598 600
773 795
709 716
569 573
644 667
671 682
528 535
240 247
717 749
815 816
626 631
625 630
683 684
577 580
576 577
741 749
638 662
841 842
647 648
694 800
91 93
121 122
376 377
364 365
366 367
360 361
305 306
381 382
273 274
379 380
281 282
372 373
307 308
368 369
837 838
722 731
123 124
129 130
1045 1055
809 810
524 525
804 808
702 723
623 654
690 691
605 752
604 606
695 807
824 826
588 591
570 571
645 646
526 532
586 587
788 806
805 806
643 665
1012 1013
465 466
789 790
711 742
362 363
335 336
726 727
655 656
590 592
664 679
568 569
653 654
660 661
698 699
1001 1014
728 729
574 578
403 405
679 681
814 822
578 579
1005 1016
500 502
475 488
635 636
351 354
249 254
371 372
827 833
481 494
567 601
610 611
817 823
914 915
943 947
895 897
900 901
880 881
937 938
424 463
666 673
872 873
854 855
688 689
632 634
583 584
250 252
393 394
902 913
885 891
584 585
935 936
595 602
639 666
876 888
892 893
701 703
889 890
903 904
506 522
831 832
572 575
874 875
750 751
883 884
898 908
401 409
916 917
925 926
948 949
870 871
246 334
298 299
707 708
921 934
850 851
894 899
624 642
845 846
932 933
612 614
839 848
608 610
621 623
851 858
836 921
912 927
852 856
860 864
491 526
910 911
1022 1070
920 928
859 862
929 930
847 861
923 924
657 689
867 941
843 849
931 932
866 934
313 314
292 294
347 377
918 919
956 957
971 972
974 976
952 956
973 975
950 951
907 908
325 327
276 398
331 332
856 857
953 954
960 961
981 984
979 980
955 977
982 983
958 960
978 981
939 940
840 886
430 451
905 906
844 913
484 528
868 869
942 946
539 540
554 556
541 542
543 544
555 558
545 546
553 557
991 994
990 993
962 963
964 966
992 993
597 959
965 968
987 989
985 988
968 969
986 987
967 970
551 552
549 550
547 548
564 565
559 560
560 561
562 563
384 385
247 258
322 395
309 310
338 339
279 280
315 316
241 242
865 922
268 300
361 382
238 239
835 843
899 909
274 383
390 392
275 277
353 358
391 396
285 298
853 857
882 896
293 295
355 356
105 133
323 324
302 304
301 303
72 73
878 879
861 863
374 375
288 291
319 320
877 887
146 181
283 343
290 349
333 389
321 378
296 297
253 355
101 102
153 180
243 250
255 257
330 331
278 288
320 325
317 365
131 132
165 178
383 386
177 185
146 147
304 323
277 342
345 352
944 945
156 158
233 234
191 232
226 236
198 212
192 231
217 232
229 230
134 135
218 219
149 150
147 175
141 228
193 196
194 224
139 154
172 173
151 154
157 159
168 169
318 336
212 213
137 163
186 187
199 229
166 167
204 205
221 222
148 150
135 145
174 184
266 268
265 267
387 397
348 359
220 223
138 151
167 171
143 144
225 227
162 170
140 142
210 211
190 197
200 202
201 203
