6528786702468562700 288 337
-0.610930 -2.020975 -1.022855
-0.619928 0.003976 -0.995903
2.309932 -0.017062 -1.011260
-0.443550 -2.018098 3.754026
0.756364 0.012217 0.938110
-0.525968 -0.003150 3.780526
-0.619928 0.003976 -0.995903
1.882985 -2.039726 -0.054893
0.756364 0.012217 0.938110
0.320665 -2.019048 5.382230
0.622287 0.014991 3.785911
-0.525968 -0.003150 3.780526
0.622287 0.014991 3.785911
-0.443550 -2.018098 3.754026
-0.428506 -0.049717 5.558861
-0.525968 -0.003150 3.780526
-0.443550 -2.018098 3.754026
-0.428506 -0.049717 5.558861
-0.619639 -2.011301 -1.013258
2.282578 -0.008929 -1.001361
2.282166 -2.008021 -0.999142
-0.619558 0.003692 -0.995666
0.805331 0.007313 -0.998964
-0.608154 -2.008359 3.759259
2.272069 -0.013988 0.018292
-0.525858 -0.003368 3.780492
-0.619558 0.003692 -0.995666
2.267088 -2.011837 0.015058
1.461481 -2.001267 0.606932
1.901039 -0.003292 0.251485
1.901039 -0.003292 0.251485
1.111220 0.005119 0.932701
1.494198 -0.005181 0.570998
0.931053 -2.002726 1.307277
0.790740 -0.005929 1.832187
0.790740 -0.005929 1.832187
0.585323 -2.008256 5.359325
0.616015 0.006232 3.777685
-0.525858 -0.003368 3.780492
0.616015 0.006232 3.777685
-0.608154 -2.008359 3.759259
-0.444178 0.003675 5.356023
-0.446828 -2.006790 5.355942
-0.525858 -0.003368 3.780492
0.612217 -0.011177 5.360242
-0.608154 -2.008359 3.759259
-0.434722 -0.056598 5.536227
0.571786 -1.939673 5.552954
-0.437055 -1.939773 5.537918
-0.619593 -2.011326 -1.013213
2.282578 -0.008929 -1.001361
2.282172 -2.008026 -0.999134
-0.621318 -0.008211 -1.016495
0.805355 0.007293 -0.998937
-0.611286 -2.010477 3.769582
-0.617130 0.001570 -0.993591
2.272069 -0.013988 0.018292
-0.616893 -0.007290 3.768284
2.267479 -2.012198 0.015593
1.890885 -1.999120 0.266046
1.901038 -0.003324 0.251484
1.462526 -2.001621 0.607902
1.111777 0.005211 0.932885
1.138179 -2.000361 0.933042
0.939963 -2.002423 1.307261
0.900616 -0.008356 1.376174
0.776907 -0.001723 1.878918
0.750066 -0.030501 1.902115
0.784792 -1.997184 1.907013
0.792663 -0.008598 1.831127
0.755976 -2.004176 3.768153
0.772131 0.001302 3.751063
0.779680 -0.010699 3.746236
-0.514456 -0.017818 3.767443
0.608918 -0.001074 3.770467
-0.463876 -2.004462 3.770966
-0.506071 -1.991161 3.751130
0.605597 -2.004590 3.791543
-0.464307 -0.005412 3.793685
0.606067 -0.032735 3.815895
-0.462640 -1.990780 3.814120
-0.463166 -0.011078 3.815365
0.609293 -0.014100 5.356040
-0.446828 -2.006790 5.355942
-0.444220 0.003659 5.356047
0.586528 -2.007242 5.356157
-0.435225 -0.057100 5.535505
0.571503 -1.939956 5.552548
0.571981 -0.059674 5.549077
-0.437055 -1.939773 5.537918
-0.626425 -0.004724 3.749469
-0.421565 -1.943622 5.550982
0.567581 -0.061147 5.550982
-0.626425 -2.004725 -1.008199
0.823008 -0.004725 -1.008200
2.272442 -0.004725 -1.008200
-0.626425 -0.004725 -1.008200
-0.626425 -2.004725 -1.008199
-0.626425 -0.004724 3.749469
-0.626425 -0.004725 -1.008200
0.772440 -2.004724 3.749470
0.745283 0.009589 1.911177
0.605524 -0.004724 3.749469
-0.421565 -1.943622 5.550982
0.605524 -0.004724 3.749469
0.567581 -0.061147 5.550982
0.823008 -0.004725 -1.008200
0.741715 0.004424 1.936040
2.272442 -0.004725 -1.008200
-0.626425 -0.004724 3.749469
0.605524 -0.004724 3.749469
-0.626425 -0.004725 -1.008200
0.772440 -2.004724 3.749470
2.272442 -2.004725 -1.008199
0.073008 -2.004724 1.370635
0.772440 -2.004724 3.749470
2.272442 -2.004725 -1.008199
0.852581 -2.004724 1.370635
2.272442 -0.004725 -1.008200
0.772440 -2.004724 3.749470
0.073008 -2.004724 1.370635
0.852581 -2.004724 1.370635
0.772440 -2.004724 3.749470
0.567581 -0.061147 5.550982
0.605524 -0.004724 3.749469
-0.626425 -0.004724 3.749469
0.741715 0.004424 1.936040
0.823008 -0.004725 -1.008200
-0.626425 -2.004725 -1.008199
2.272442 -2.004725 -1.008199
0.987070 -2.004725 1.165150
-0.626425 -2.004725 -1.008199
2.272442 -2.004725 0.011256
-0.421565 -0.061147 5.550982
0.567581 -1.943622 5.550982
0.567581 -0.061147 5.550982
-0.626425 -0.004724 3.749469
-0.421565 -1.943622 5.550982
-0.421565 -0.061147 5.550982
-0.459509 -2.004724 3.749470
0.567581 -1.943622 5.550982
-0.421565 -1.943622 5.550982
2.272442 -0.004725 -1.008200
-0.626425 -2.004725 -1.008199
-0.626425 -0.004725 -1.008200
-0.626425 -2.004725 -1.008199
-0.626425 -0.004724 3.749469
-0.626425 -0.004725 -1.008200
2.272442 -2.004725 0.011256
2.272442 -0.004725 -1.008200
2.272442 -0.004725 0.011256
0.772440 -2.004724 3.749470
0.745283 -0.004724 1.911177
0.605524 -0.004724 3.749469
1.881832 -0.004725 0.256610
0.987070 -2.004725 1.165150
2.272442 -2.004725 0.011256
2.272442 -2.004725 -1.008199
-0.459509 -2.004724 3.749470
0.772440 -2.004724 3.749470
0.567581 -1.943622 5.550982
0.605524 -0.004724 3.749469
0.567581 -0.061147 5.550982
0.567581 -0.061147 5.550982
-0.626425 -0.004724 3.749469
-0.421565 -0.061147 5.550982
-0.626425 -0.004725 -1.008200
0.605524 -0.004724 3.749469
0.752885 -0.004725 1.890933
0.627703 -0.004725 -0.375795
-0.626425 -0.004725 -1.008200
2.272442 -0.004725 0.011256
2.272442 -0.004725 -1.008200
-0.626425 -0.004724 3.749469
0.627703 -0.004725 -0.375795
1.881832 -0.004725 0.256610
-0.421565 -1.943622 5.550982
-0.459509 -2.004724 3.749470
0.772440 -2.004724 3.749470
2.272442 -2.004725 -1.008199
-0.459509 -2.004724 3.749470
2.272442 -2.004725 -1.008199
2.272442 -0.004725 0.011256
0.772440 -2.004724 3.749470
0.605524 -0.004724 3.749469
0.752885 -0.004725 1.890933
1.881832 -0.004725 0.256610
1.137387 -2.004725 0.914921
-0.626425 -2.004725 -1.008199
1.490584 -2.004725 0.572754
-0.459509 -0.004724 3.749469
-0.626425 -2.004724 3.749470
-0.459509 -2.004724 3.749470
0.605524 -2.004724 3.749470
0.772440 -0.004724 3.749469
0.605524 -0.004724 3.749469
-0.459509 -2.004724 3.749470
0.772440 -2.004724 3.749470
0.605524 -2.004724 3.749470
0.774683 -2.004724 1.903993
0.898620 -2.004725 1.379187
-0.421565 -0.061147 5.550982
0.567581 -1.943622 5.550982
0.567581 -0.061147 5.550982
-0.421565 -0.061147 5.550982
-0.459509 -1.996597 5.356421
-0.421565 -1.943622 5.550982
-0.459509 -0.004724 3.749469
-0.459509 -1.996597 5.356421
-0.459509 -0.008172 5.356420
0.567581 -1.943622 5.550982
0.605524 -0.008172 5.356420
0.567581 -0.061147 5.550982
-0.459509 -2.004724 3.749470
0.605524 -1.996597 5.356421
-0.459509 -1.996597 5.356421
2.272442 -0.004725 -1.008200
-0.626425 -2.004725 -1.008199
-0.626425 -0.004725 -1.008200
-0.421565 -1.943622 5.550982
0.605524 -1.996597 5.356421
0.567581 -1.943622 5.550982
-0.626425 -2.004725 -1.008199
-0.626425 -0.004724 3.749469
-0.626425 -0.004725 -1.008200
2.272442 -2.004725 0.011256
2.272442 -0.004725 -1.008200
2.272442 -0.004725 0.011256
0.772440 -2.004724 3.749470
0.745283 -0.004724 1.911177
0.772440 -0.004724 3.749469
2.272442 -0.004725 0.011256
1.881832 -2.004725 0.256610
2.272442 -2.004725 0.011256
1.881832 -0.004725 0.256610
1.490584 -2.004725 0.572754
1.486792 -0.004725 0.573976
1.137387 -2.004725 0.914921
1.127580 -0.004725 0.916128
0.898620 -2.004725 1.379187
0.774683 -2.004724 1.903993
0.878060 -0.004725 1.381992
2.272442 -2.004725 -1.008199
2.272442 -2.004725 0.011256
1.881832 -2.004725 0.256610
-0.626425 -2.004724 3.749470
0.772440 -2.004724 3.749470
0.605524 -1.996597 5.356421
0.605524 -0.004724 3.749469
0.605524 -0.008172 5.356420
1.137387 -0.004725 0.914921
1.490584 -0.004725 0.572754
-0.626425 -0.004725 -1.008200
0.605524 -0.004724 3.749469
-0.626425 -0.004724 3.749469
-0.459509 -0.004724 3.749469
0.774683 -0.004724 1.903993
0.898620 -0.004725 1.379187
0.605524 -0.008172 5.356420
-0.459509 -0.004724 3.749469
-0.459509 -0.008172 5.356420
0.605524 -0.008172 5.356420
-0.421565 -0.061147 5.550982
0.567581 -0.061147 5.550982
2.272442 -0.004725 0.011256
2.272442 -0.004725 -1.008200
1.881832 -0.004725 0.256610
-0.626425 -0.004724 3.749469
-0.626425 -0.004724 3.749469
0.772440 -2.004724 3.749470
-0.459509 -2.004724 3.749470
-0.626425 -2.004724 3.749470
0.772440 -2.004724 3.749470
-0.421565 -1.943622 5.550982
-0.459509 -0.008172 5.356420
-0.459509 -2.004724 3.749470
0.605524 -1.996597 5.356421
0.605524 -2.004724 3.749470
2.272442 -2.004725 -1.008199
-0.459509 -1.996597 5.356421
-0.626425 -2.004724 3.749470
2.272442 -2.004725 -1.008199
0.605524 -2.004724 3.749470
0.605524 -0.004724 3.749469
0.772440 -0.004724 3.749469
0.605524 -0.004724 3.749469
-0.459509 -0.008172 5.356420
0.772440 -0.004724 3.749469
7 9
1 3
3 6
21 23
23 26
97 98
8 9
49 54
0 3
0 13
5 6
6 11
25 26
26 38
18 23
18 40
55 57
131 158
145 180
98 99
109 111
146 147
166 173
223 224
252 267
188 245
222 280
33 36
0 2
107 108
101 118
106 107
126 127
1 2
18 20
49 51
93 113
128 129
131 157
143 179
188 242
217 278
142 144
170 172
216 218
252 265
8 10
8 12
103 104
116 117
121 129
0 7
13 17
14 16
90 91
9 10
130 159
151 155
4 7
7 8
2 4
114 115
119 120
97 114
120 128
90 112
98 115
100 117
119 121
1 4
6 8
2 7
168 169
169 185
91 112
103 122
90 92
123 125
152 155
91 92
103 105
9 17
101 117
10 17
12 14
0 1
3 5
15 16
18 21
152 154
100 102
104 122
151 153
161 183
136 177
146 180
23 25
43 45
54 57
49 52
148 150
156 182
225 227
231 233
190 192
191 268
207 275
223 280
193 195
194 269
228 230
248 282
93 96
97 99
143 144
145 147
217 218
222 224
95 113
116 118
142 179
149 181
216 278
226 281
50 51
19 20
56 58
24 27
70 72
205 274
208 209
211 276
247 249
185 186
80 81
73 76
77 79
34 39
35 37
44 47
69 71
69 72
46 48
86 89
133 176
134 135
137 138
160 162
201 273
202 203
204 206
210 212
87 88
167 168
68 70
256 287
199 246
228 240
67 72
101 102
152 153
229 230
110 126
140 178
160 183
136 138
164 165
137 177
139 141
104 105
123 124
161 162
163 184
9 13
11 14
14 15
130 132
155 156
208 275
213 215
214 277
247 282
207 209
248 249
258 285
259 260
40 42
42 45
74 82
75 83
37 44
39 44
38 41
41 43
77 85
78 84
19 22
50 53
94 95
106 108
94 96
111 127
52 53
21 22
22 26
169 186
174 175
166 169
170 174
245 246
271 272
254 284
267 287
139 178
158 159
196 197
270 272
109 110
124 125
164 184
167 173
253 254
254 283
253 255
258 260
259 285
261 286
196 198
213 277
214 215
220 279
44 46
30 31
60 62
19 24
50 56
149 150
171 172
226 227
264 265
132 157
148 181
225 281
242 243
51 58
20 27
47 48
87 89
86 88
27 28
133 135
134 176
140 141
163 165
201 203
202 273
219 221
262 263
31 34
31 35
28 33
64 68
59 61
65 67
229 241
199 200
239 240
256 257
238 241
187 200
237 239
250 257
65 66
29 32
30 32
234 236
189 244
232 235
251 266
236 238
250 251
187 189
235 237
62 65
65 69
154 182
171 175
231 234
264 266
232 233
243 244
61 63
58 59
24 29
24 30
56 60
63 64
85 87
36 47
204 274
211 212
261 263
262 286
210 276
220 221
205 206
219 279
82 88
42 48
83 89
41 46
84 86
72 79
72 74
191 192
270 271
193 269
194 195
197 198
283 284
190 268
254 255
71 74
70 77
54 75
54 76
57 73
76 80
73 81
73 78
74 79
66 69
75 76
75 80
52 55
78 81
71 72
