11580211633362345240 3274 600
0.004836 0.084741 -0.001450
0.006685 0.083049 -0.009003
0.011610 0.083401 -0.000653
-0.000560 0.083724 -0.004569
0.004836 0.084741 -0.001450
0.006756 0.085267 -0.008932
-0.000560 0.083724 -0.004569
0.011684 0.085482 -0.001456
-0.000484 0.088887 0.005392
0.004779 0.092660 0.010754
-0.004018 0.085305 -0.010455
-0.000484 0.088887 0.005392
0.004774 0.094540 0.010705
-0.007063 0.083489 -0.001518
-0.004662 0.083170 -0.010658
-0.007951 0.091179 0.009193
0.004774 0.094540 0.010705
-0.000484 0.088887 0.005392
-0.007256 0.093161 0.009145
-0.007063 0.083489 -0.001518
-0.011174 0.085401 -0.001946
-0.007063 0.083489 -0.001518
0.004836 0.058044 -0.001450
0.006685 0.056352 -0.009003
0.011610 0.056705 -0.000653
-0.000560 0.057028 -0.004569
0.004836 0.058044 -0.001450
0.006756 0.058570 -0.008932
-0.000560 0.057028 -0.004569
-0.011300 0.032232 -0.001852
-0.007203 0.039997 0.009193
-0.001321 0.035428 0.004377
0.011684 0.058785 -0.001456
-0.004556 0.030621 -0.001095
-0.000484 0.062190 0.005392
0.004779 0.065963 0.010754
-0.003781 0.032151 -0.011251
-0.000241 0.030240 -0.004921
-0.004018 0.058608 -0.010455
0.004784 0.041445 0.010820
0.004967 0.032761 0.001310
-0.000484 0.062190 0.005392
0.004774 0.067843 0.010705
-0.007063 0.056792 -0.001518
-0.004662 0.056473 -0.010658
-0.007951 0.064482 0.009193
-0.007063 0.056792 -0.001518
-0.001321 0.035428 0.004377
-0.006813 0.037849 0.008849
-0.004556 0.030621 -0.001095
-0.000241 0.030240 -0.004921
-0.004556 0.030621 -0.001095
-0.004262 0.030004 -0.010261
0.004774 0.067843 0.010705
-0.000484 0.062190 0.005392
-0.007256 0.066464 0.009145
-0.007063 0.056792 -0.001518
-0.011174 0.058704 -0.001946
-0.010164 0.131877 -0.010155
-0.014764 0.102565 -0.001200
-0.015223 0.132599 -0.001801
-0.014668 -0.000880 0.005097
-0.015063 0.041812 0.000278
-0.010642 -0.000360 -0.010388
-0.007811 0.041742 0.012837
-0.000419 -0.000729 0.015447
0.012035 0.032169 -0.002392
0.004967 0.032761 0.001310
0.004784 0.041445 0.010820
0.000202 0.048698 0.014375
-0.012628 0.113327 0.007739
-0.006201 0.132619 0.014054
-0.000066 0.119158 0.014790
0.000062 0.131833 0.013873
-0.014464 0.053847 0.000090
0.004967 0.032761 0.001310
0.010856 0.030292 -0.001163
0.004127 0.039075 0.010272
0.000113 -0.000616 -0.015273
-0.005796 0.132331 -0.012939
0.000150 0.132627 -0.014088
-0.014450 0.076427 -0.001188
-0.008466 0.136454 -0.010785
-0.005382 0.138031 -0.010234
-0.008466 0.136454 -0.010785
-0.002334 0.135647 -0.004583
-0.005382 0.138031 -0.010234
0.006818 0.029660 -0.008697
-0.005796 0.132331 -0.012939
0.000033 0.131774 -0.006786
0.000150 0.132627 -0.014088
-0.005382 0.138031 -0.010234
0.000033 0.131774 -0.006786
-0.005796 0.132331 -0.012939
-0.000010 0.138111 -0.006453
-0.002334 0.135647 -0.004583
-0.005113 0.136722 0.012930
-0.002834 0.135472 0.004180
-0.005506 0.138285 0.003436
-0.004933 0.135963 0.000419
-0.015223 0.132599 -0.001801
-0.011548 0.138540 0.000249
-0.010164 0.131877 -0.010155
-0.002334 0.135647 -0.004583
-0.008466 0.136454 -0.010785
-0.006201 0.132619 0.014054
-0.002834 0.135472 0.004180
-0.005113 0.136722 0.012930
-0.005506 0.138285 0.003436
-0.015223 0.132599 -0.001801
-0.004933 0.135963 0.000419
-0.010164 0.131877 -0.010155
-0.004933 0.135963 0.000419
-0.003224 0.130129 0.004377
-0.005258 0.130065 -0.000932
-0.005506 0.138285 0.003436
-0.002834 0.135472 0.004180
-0.006201 0.132619 0.014054
0.000138 0.135461 0.005286
-0.002834 0.135472 0.004180
0.000062 0.131833 0.013873
-0.002334 0.135647 -0.004583
-0.015223 0.132599 -0.001801
-0.006201 0.132619 0.014054
-0.008631 0.131686 0.001002
-0.005506 0.138285 0.003436
-0.008631 0.131686 0.001002
-0.005113 0.136722 0.012930
-0.006201 0.132619 0.014054
-0.011548 0.138540 0.000249
0.004967 0.032761 0.001310
0.010856 0.030292 -0.001163
-0.015223 0.132599 -0.001801
-0.011848 0.077093 -0.001013
-0.009542 0.058498 0.006097
-0.010121 0.048399 -0.000336
-0.011025 0.105040 -0.000088
-0.010476 0.098311 0.001963
-0.012353 0.095531 0.007092
-0.000024 0.071144 0.010631
-0.000583 0.063028 0.012117
-0.008938 0.069730 0.005263
-0.011025 0.105040 -0.000088
-0.010476 0.098311 0.001963
-0.005620 0.088228 0.009280
0.000013 0.089500 0.010279
-0.005454 0.096691 0.009040
0.000145 0.097084 0.010435
-0.007469 0.112452 0.007759
-0.011814 0.131541 0.001879
0.000149 0.130681 0.011832
-0.000052 0.115659 0.010460
-0.009250 0.000086 0.005091
-0.000173 0.044984 0.011000
0.000069 0.000021 0.010454
-0.009536 0.044724 0.005644
-0.005652 0.000173 -0.009417
0.000113 -0.000616 -0.015273
0.014562 -0.000915 -0.005326
0.009070 0.000083 -0.005318
-0.010121 0.048399 -0.000336
-0.007330 0.098619 0.012648
-0.012289 0.086143 0.007472
-0.000088 0.091922 0.014722
-0.003538 0.100191 0.013080
-0.000001 0.100338 0.014077
0.000069 0.000021 0.010454
0.009194 0.000055 0.005319
-0.000419 -0.000729 0.015447
0.010843 -0.000445 0.010546
-0.005454 0.096691 0.009040
-0.013000 0.069935 0.008416
-0.000583 0.063028 0.012117
-0.003923 0.074293 0.013707
0.000022 0.074410 0.014364
-0.011848 0.077093 -0.001013
0.000364 -0.000267 -0.009997
-0.009536 0.044724 0.005644
-0.004015 0.048286 0.013764
-0.005652 0.000173 -0.009417
-0.014668 -0.000880 0.005097
-0.010642 -0.000360 -0.010388
0.000202 0.048698 0.014375
-0.000173 0.044984 0.011000
-0.009542 0.058498 0.006097
0.000022 0.074410 0.014364
-0.000024 0.071144 0.010631
-0.008938 0.069730 0.005263
0.000145 0.097084 0.010435
-0.000001 0.100338 0.014077
0.000364 -0.000267 -0.009997
0.005681 0.130253 -0.009338
-0.001356 0.131021 -0.011287
-0.007469 0.112452 0.007759
-0.000052 0.115659 0.010460
-0.000066 0.119158 0.014790
-0.005620 0.088228 0.009280
0.000013 0.089500 0.010279
-0.000088 0.091922 0.014722
0.010774 0.102345 -0.000614
0.011149 0.131043 0.002729
0.000364 -0.000267 -0.009997
-0.001356 0.131021 -0.011287
0.008050 0.086720 0.007688
0.007673 0.098092 0.013404
-0.000088 0.091922 0.014722
-0.011814 0.131541 0.001879
-0.001356 0.131021 -0.011287
-0.005258 0.130065 -0.000932
0.000014 0.130148 -0.005275
0.003260 0.130094 0.004373
0.000149 0.130681 0.011832
-0.003224 0.130129 0.004377
0.014407 0.082860 0.002697
0.010316 0.074185 -0.000770
0.003260 0.130094 0.004373
0.000138 0.135461 0.005286
-0.000010 0.138111 -0.006453
-0.002334 0.135647 -0.004583
0.000014 0.130148 -0.005275
0.000113 -0.000616 -0.015273
0.000364 -0.000267 -0.009997
0.000069 0.000021 0.010454
-0.000419 -0.000729 0.015447
-0.009250 0.000086 0.005091
0.014464 0.102443 -0.001063
0.014643 0.132243 -0.002149
0.014658 0.108620 0.002525
0.006017 0.138336 -0.011174
0.009942 0.131939 -0.009831
0.005646 0.132271 -0.013162
0.004950 0.133243 0.013326
0.007430 0.117643 0.012687
0.008693 0.131898 0.011558
0.000113 -0.000616 -0.015273
0.010521 0.041611 -0.010534
0.014562 -0.000915 -0.005326
0.014717 0.041700 -0.000150
0.010843 -0.000445 0.010546
0.010433 0.041636 0.010546
-0.000419 -0.000729 0.015447
0.000202 0.048698 0.014375
-0.000066 0.119158 0.014790
0.000062 0.131833 0.013873
0.000150 0.132627 -0.014088
0.014289 0.076413 -0.001416
0.005091 0.135901 0.000486
0.002347 0.135758 -0.004548
0.005241 0.130111 -0.000918
0.000014 0.130148 -0.005275
0.006017 0.138336 -0.011174
-0.000010 0.138111 -0.006453
0.002347 0.135758 -0.004548
-0.000010 0.138111 -0.006453
0.000150 0.132627 -0.014088
0.000033 0.131774 -0.006786
0.005646 0.132271 -0.013162
0.006017 0.138336 -0.011174
0.005646 0.132271 -0.013162
0.000033 0.131774 -0.006786
-0.000010 0.138111 -0.006453
0.006017 0.138336 -0.011174
0.000033 0.131774 -0.006786
0.004372 0.137816 0.003693
0.000138 0.135461 0.005286
0.004950 0.133243 0.013326
0.007769 0.137020 0.012063
0.005091 0.135901 0.000486
0.012887 0.138078 0.000585
0.014643 0.132243 -0.002149
0.006017 0.138336 -0.011174
0.002347 0.135758 -0.004548
0.009942 0.131939 -0.009831
0.008268 0.137616 -0.001131
0.004372 0.137816 0.003693
0.003260 0.130094 0.004373
0.004372 0.137816 0.003693
0.000138 0.135461 0.005286
0.000062 0.131833 0.013873
0.004950 0.133243 0.013326
0.000138 0.135461 0.005286
0.005091 0.135901 0.000486
0.009942 0.131939 -0.009831
0.002347 0.135758 -0.004548
0.014643 0.132243 -0.002149
0.005241 0.130111 -0.000918
0.011149 0.131043 0.002729
0.003260 0.130094 0.004373
0.000149 0.130681 0.011832
0.004372 0.137816 0.003693
0.007769 0.137020 0.012063
0.008693 0.131898 0.011558
0.004950 0.133243 0.013326
0.008693 0.131898 0.011558
0.007769 0.137020 0.012063
0.014643 0.132243 -0.002149
0.012887 0.138078 0.000585
0.008268 0.137616 -0.001131
0.007528 0.050996 -0.007543
0.011337 0.053088 0.000188
0.010316 0.074185 -0.000770
0.010774 0.102345 -0.000614
0.005681 0.130253 -0.009338
0.000014 0.130148 -0.005275
-0.001356 0.131021 -0.011287
0.012287 0.095590 0.006910
0.007584 0.060280 0.008012
-0.000583 0.063028 0.012117
-0.000024 0.071144 0.010631
0.009076 0.069845 0.005393
0.008050 0.086720 0.007688
0.009216 0.096347 0.005580
0.000013 0.089500 0.010279
0.000145 0.097084 0.010435
0.007504 0.113014 0.007477
0.000149 0.130681 0.011832
-0.000052 0.115659 0.010460
0.009194 0.000055 0.005319
0.000069 0.000021 0.010454
-0.000173 0.044984 0.011000
0.009650 0.043770 0.005331
0.009070 0.000083 -0.005318
0.002755 0.071822 0.010248
0.003556 0.100171 0.013094
-0.000001 0.100338 0.014077
0.009216 0.096347 0.005580
0.014271 0.056882 0.002535
0.013846 0.070713 0.002188
0.012148 0.070613 0.007044
0.004448 0.073431 0.015248
-0.000583 0.063028 0.012117
0.000022 0.074410 0.014364
0.013499 0.043778 0.004431
0.006849 0.047153 0.011713
0.011337 0.053088 0.000188
0.009650 0.043770 0.005331
0.000202 0.048698 0.014375
0.006849 0.047153 0.011713
-0.000173 0.044984 0.011000
-0.000024 0.071144 0.010631
0.002755 0.071822 0.010248
0.000022 0.074410 0.014364
0.009076 0.069845 0.005393
0.000145 0.097084 0.010435
-0.000001 0.100338 0.014077
-0.000052 0.115659 0.010460
0.007504 0.113014 0.007477
0.000013 0.089500 0.010279
0.007584 0.060280 0.008012
0.004503 0.084547 -0.002117
0.006653 0.082943 -0.008782
0.011425 0.083292 -0.000801
-0.009305 0.050959 -0.005749
-0.000192 0.130187 -0.010976
-0.007981 0.130395 -0.007798
-0.011066 0.104963 0.000525
-0.010497 0.130573 0.002710
-0.007354 -0.000028 -0.007346
-0.007431 -0.000166 -0.012621
-0.000073 -0.000054 -0.010348
0.010933 0.085377 -0.001885
0.006786 0.085131 -0.009072
0.004503 0.084547 -0.002117
0.002598 0.088207 0.004584
0.004252 0.094574 0.010488
0.010804 0.087911 0.003034
0.000139 -0.000332 -0.014611
-0.005122 -0.000037 0.008870
-0.000000 -0.000515 0.014937
-0.010248 -0.000231 0.010320
0.000000 -0.000037 0.010244
-0.008865 -0.000036 0.005123
-0.013510 -0.000107 0.004679
-0.010296 -0.000036 -0.000023
-0.013591 -0.000203 -0.004813
-0.000578 0.084514 -0.004534
0.000139 -0.000332 -0.014611
-0.007431 -0.000166 -0.012621
-0.000004 0.131937 -0.014269
-0.000017 0.119289 0.014498
-0.005347 0.132201 0.013316
-0.010408 0.114201 0.010565
-0.011401 0.032134 -0.001856
-0.007055 0.040014 0.009146
-0.001239 0.035317 0.004847
-0.000578 0.084514 -0.004534
-0.004953 0.031533 -0.000951
-0.010114 0.045419 0.009997
-0.004169 0.048334 0.014060
-0.005195 0.045124 0.008957
0.013795 0.106259 -0.003964
0.014258 0.102430 -0.000883
0.014132 0.097076 0.002053
-0.000540 0.031318 -0.004582
-0.000004 0.131937 -0.014269
0.005726 0.132119 -0.012972
0.007154 0.089413 -0.012371
-0.005104 0.135896 0.000635
-0.005178 0.130123 0.000974
-0.003482 0.130122 -0.004004
-0.004281 0.031915 -0.010561
-0.002225 0.135485 -0.004723
0.006787 0.031952 -0.009071
0.004337 0.041478 0.010512
0.004599 0.033051 0.001578
-0.001239 0.035317 0.004847
-0.007055 0.040014 0.009146
-0.000054 0.138233 -0.006238
0.000004 0.130162 -0.005124
0.004186 0.039093 0.010253
-0.006749 0.037882 0.008794
-0.001239 0.035317 0.004847
-0.000000 0.135582 0.005295
-0.000002 0.130124 0.005193
-0.002910 0.135537 0.004323
-0.003186 0.130154 0.004259
-0.010859 0.032247 0.002490
0.013998 0.131595 0.003772
0.014236 0.132527 -0.002214
0.012789 0.138085 -0.001549
-0.004953 0.031533 -0.000951
-0.009466 0.029719 -0.005387
-0.000540 0.031318 -0.004582
-0.005738 0.132127 -0.012913
0.000041 0.131967 -0.007061
-0.000004 0.131937 -0.014269
-0.004204 0.029871 -0.010102
0.006607 0.029663 -0.008441
-0.009128 0.132199 0.001005
-0.008580 0.132427 0.011410
-0.005603 0.131989 0.003710
-0.003186 0.130154 0.004259
-0.005253 0.130291 0.009085
-0.010497 0.130573 0.002710
0.004097 0.031554 -0.002314
0.004599 0.033051 0.001578
0.010932 0.032198 -0.001885
0.010807 0.034730 0.003043
-0.005178 0.130123 0.000974
-0.000002 0.130124 0.005193
0.005346 0.132237 0.013186
0.007964 0.136450 0.011626
0.004914 0.138166 0.011870
0.008569 0.132479 0.011328
-0.000030 0.130170 0.010265
-0.000192 0.130187 -0.010976
0.000004 0.130162 -0.005124
-0.007981 0.130395 -0.007798
-0.003482 0.130122 -0.004004
0.004097 0.031554 -0.002314
0.010637 0.029986 -0.001132
0.004599 0.033051 0.001578
0.002598 0.088207 0.004584
0.004446 0.092647 0.010668
-0.007354 -0.000028 -0.007346
-0.010296 -0.000036 -0.000023
0.010092 0.045421 0.010016
0.013412 -0.000133 0.004620
0.013652 0.041696 0.004445
0.010248 -0.000231 0.010321
-0.000073 -0.000054 -0.010348
0.004167 0.048334 0.014060
-0.004293 0.086380 0.002569
-0.011068 0.085362 0.002499
-0.004632 0.084960 -0.001151
-0.009639 0.082842 -0.005373
-0.004174 0.083098 -0.010409
-0.000000 -0.000515 0.014937
-0.000000 0.048641 0.014293
0.009520 0.132558 -0.011548
0.012404 0.113535 0.007201
0.007158 0.117722 0.012487
-0.000017 0.119289 0.014498
0.000002 0.131339 0.014221
0.004337 0.041478 0.010512
0.014239 0.076384 -0.001015
0.014469 0.050890 -0.000535
0.013549 -0.000108 -0.004659
0.002598 0.088207 0.004584
-0.006894 0.091345 0.009111
-0.005260 0.062141 0.009029
0.000199 0.063621 0.010428
-0.007192 0.065701 0.012510
0.004446 0.092647 0.010668
-0.006964 0.093368 0.009117
0.002598 0.088207 0.004584
-0.004293 0.086380 0.002569
0.004252 0.094574 0.010488
0.010247 -0.000247 -0.010393
0.000139 -0.000332 -0.014611
-0.000008 0.067485 0.014319
-0.012360 0.061565 0.007177
-0.004280 0.085094 -0.010561
-0.010242 0.055219 0.002193
-0.012576 0.087228 0.007489
-0.009250 0.084871 0.005257
0.000032 0.091907 0.014871
-0.011408 0.085243 -0.001868
-0.004632 0.084960 -0.001151
0.010247 -0.000247 -0.010393
0.013549 -0.000108 -0.004659
0.009095 -0.000031 -0.005130
-0.000001 0.089876 0.010633
0.013412 -0.000133 0.004620
0.009057 -0.000039 0.005099
0.010248 -0.000231 0.010321
0.005122 -0.000037 0.008870
0.000000 -0.000037 0.010244
-0.000000 -0.000515 0.014937
0.014757 0.070655 0.002669
-0.014558 0.106127 0.000244
-0.005604 0.114242 0.009274
-0.000054 0.138233 -0.006238
0.002252 0.135463 -0.004547
0.007664 0.138322 -0.010788
0.000068 0.115568 0.010404
0.000139 -0.000332 -0.014611
0.005165 -0.000021 -0.008953
-0.000073 -0.000054 -0.010348
-0.013823 0.079318 0.000834
-0.014063 0.097060 0.002170
-0.007589 0.098658 0.012713
-0.009063 0.096397 0.005305
0.007567 0.130312 -0.007599
0.009870 0.102443 -0.002668
0.010732 0.130472 0.000100
0.007664 0.138322 -0.010788
0.007664 0.138322 -0.010788
0.005726 0.132119 -0.012972
0.000041 0.131967 -0.007061
-0.000054 0.138233 -0.006238
0.004503 0.057850 -0.002117
0.006653 0.056246 -0.008782
0.011425 0.056595 -0.000802
0.000033 0.100547 0.014155
-0.000016 0.097809 0.010922
0.010933 0.058680 -0.001885
0.006786 0.058434 -0.009072
0.004503 0.057850 -0.002117
0.002598 0.061510 0.004584
0.004252 0.067877 0.010488
0.010804 0.061214 0.003034
-0.010171 0.098632 0.001800
-0.005426 0.071219 0.009262
-0.010079 0.071151 0.003526
-0.013750 0.069612 0.004297
-0.000578 0.057817 -0.004534
-0.007030 0.073211 0.011952
-0.000071 0.074682 0.014260
0.000005 0.072118 0.010488
-0.000004 0.131937 -0.014269
0.000041 0.131967 -0.007061
0.005726 0.132119 -0.012972
0.011265 0.137670 0.000700
-0.000578 0.057817 -0.004534
0.012789 0.138085 -0.001549
0.008431 0.138008 -0.000772
0.011265 0.137670 0.000700
0.005716 0.137766 0.003584
0.004914 0.138166 0.011870
0.007964 0.136450 0.011626
-0.010255 0.076795 0.000105
0.005716 0.137766 0.003584
0.008431 0.138008 -0.000772
0.005367 0.138033 0.001199
-0.010471 0.048307 0.000806
-0.014302 0.050923 -0.000904
-0.008931 0.044683 0.005205
-0.013427 0.044718 0.004295
0.005006 0.135725 0.000649
0.012789 0.138085 -0.001549
0.014236 0.132527 -0.002214
-0.000000 0.048641 0.014293
0.000000 0.045279 0.010291
0.007664 0.138322 -0.010788
0.002252 0.135463 -0.004547
0.009520 0.132558 -0.011548
0.005346 0.132237 0.013186
0.004914 0.138166 0.011870
0.002803 0.135656 0.004346
0.005716 0.137766 0.003584
0.005367 0.138033 0.001199
0.002803 0.135656 0.004346
0.005716 0.137766 0.003584
0.008431 0.138008 -0.000772
0.005367 0.138033 0.001199
-0.014105 0.073437 -0.004403
-0.010258 0.131371 -0.010141
0.005006 0.135725 0.000649
0.003206 0.130126 0.004280
0.005186 0.130124 0.000970
-0.005738 0.132127 -0.012913
-0.000000 0.135582 0.005295
0.005346 0.132237 0.013186
0.002803 0.135656 0.004346
0.000002 0.131339 0.014221
0.002598 0.061510 0.004584
0.004446 0.065950 0.010668
0.005006 0.135725 0.000649
0.009520 0.132558 -0.011548
0.002252 0.135463 -0.004547
0.007555 0.064188 0.012488
0.014236 0.132527 -0.002214
-0.013591 -0.000203 -0.004813
-0.013510 -0.000107 0.004679
-0.000071 0.074682 0.014260
-0.007030 0.073211 0.011952
-0.004293 0.059683 0.002569
-0.011068 0.058666 0.002499
-0.004632 0.058263 -0.001151
-0.009639 0.056146 -0.005373
-0.004174 0.056401 -0.010409
-0.013750 0.069612 0.004297
-0.014244 0.073387 -0.000003
-0.006894 0.064648 0.009111
0.003488 0.130123 -0.004007
0.002252 0.135463 -0.004547
0.000004 0.130162 -0.005124
-0.000054 0.138233 -0.006238
0.002598 0.061510 0.004584
0.000033 0.100547 0.014155
-0.000000 0.135582 0.005295
-0.000002 0.130124 0.005193
0.008970 0.132093 0.000919
0.008569 0.132479 0.011328
0.013998 0.131595 0.003772
0.004446 0.065950 0.010668
0.005318 0.132084 0.007652
-0.006964 0.066671 0.009117
0.002598 0.061510 0.004584
-0.004293 0.059683 0.002569
0.005716 0.137766 0.003584
0.007964 0.136450 0.011626
0.005318 0.132084 0.007652
0.004252 0.067877 0.010488
0.008569 0.132479 0.011328
-0.004280 0.058397 -0.010561
0.005186 0.130124 0.000970
0.010732 0.130472 0.000100
0.003206 0.130126 0.004280
0.008970 0.132093 0.000919
0.005534 0.130462 0.009187
-0.000002 0.130124 0.005193
0.011265 0.137670 0.000700
0.013998 0.131595 0.003772
-0.000030 0.130170 0.010265
-0.010471 0.048307 0.000806
-0.008865 -0.000036 0.005123
-0.008931 0.044683 0.005205
0.007567 0.130312 -0.007599
0.000004 0.130162 -0.005124
-0.000192 0.130187 -0.010976
-0.005122 -0.000037 0.008870
0.003488 0.130123 -0.004007
-0.005195 0.045124 0.008957
0.000000 -0.000037 0.010244
-0.011408 0.058546 -0.001868
-0.004632 0.058263 -0.001151
0.000000 0.045279 0.010291
-0.010242 0.055219 0.002193
-0.005604 0.114242 0.009274
-0.000030 0.130170 0.010265
0.000068 0.115568 0.010404
-0.005253 0.130291 0.009085
0.008431 0.138008 -0.000772
-0.000001 0.089876 0.010633
-0.009063 0.096397 0.005305
-0.000016 0.097809 0.010922
-0.009250 0.084871 0.005257
-0.010255 0.076795 0.000105
0.010549 0.104898 0.000471
-0.000192 0.130187 -0.010976
-0.000073 -0.000054 -0.010348
0.005165 -0.000021 -0.008953
0.008940 0.050984 -0.005168
0.010212 0.098635 0.001752
0.010212 0.098635 0.001752
-0.010171 0.098632 0.001800
0.009095 -0.000031 -0.005130
0.010354 0.076735 0.000071
0.009247 0.084880 0.005258
-0.014082 0.136437 0.001061
-0.014238 0.132626 -0.002224
-0.014395 0.132514 0.001918
-0.010079 0.071151 0.003526
-0.005260 0.062141 0.009029
-0.007996 0.136445 0.011621
-0.008580 0.132427 0.011410
-0.005426 0.071219 0.009262
0.010354 0.076735 0.000071
0.005289 0.071371 0.009202
0.000199 0.063621 0.010428
0.000005 0.072118 0.010488
0.009095 0.058848 0.005612
0.009233 0.070396 0.005025
0.000199 0.063621 0.010428
-0.010248 -0.000231 0.010320
-0.000000 -0.000515 0.014937
-0.000000 0.048641 0.014293
0.010875 0.050859 -0.000456
-0.014719 0.102447 -0.001119
0.000005 0.072118 0.010488
0.010549 0.104898 0.000471
0.009045 0.096413 0.005301
-0.000008 0.067485 0.014319
0.000199 0.063621 0.010428
0.009095 0.058848 0.005612
-0.000016 0.097809 0.010922
-0.000001 0.089876 0.010633
-0.005347 0.132201 0.013316
-0.000017 0.119289 0.014498
0.000002 0.131339 0.014221
0.010875 0.050859 -0.000456
-0.011066 0.104963 0.000525
0.000032 0.091907 0.014871
0.009247 0.084880 0.005258
0.012559 0.087268 0.007414
-0.000001 0.089876 0.010633
0.007379 0.112897 0.007388
0.005534 0.130462 0.009187
0.000068 0.115568 0.010404
-0.000030 0.130170 0.010265
0.007379 0.112897 0.007388
0.000068 0.115568 0.010404
0.005195 0.045124 0.008957
0.000000 -0.000037 0.010244
0.000000 0.045279 0.010291
0.005122 -0.000037 0.008870
0.008986 0.044585 0.005102
-0.000054 0.138233 -0.006238
-0.006015 0.136370 -0.012720
-0.007720 0.138078 -0.010351
-0.002225 0.135485 -0.004723
-0.014395 0.132514 0.001918
-0.009128 0.132199 0.001005
-0.014082 0.136437 0.001061
0.009057 -0.000039 0.005099
-0.006872 0.138194 0.001579
-0.005603 0.131989 0.003710
-0.005423 0.137565 0.007740
-0.006015 0.136370 -0.012720
0.009841 0.097519 0.009701
0.009045 0.096413 0.005301
-0.008580 0.132427 0.011410
-0.000054 0.138233 -0.006238
-0.005738 0.132127 -0.012913
-0.006015 0.136370 -0.012720
-0.000016 0.097809 0.010922
0.007313 0.098699 0.012592
0.000041 0.131967 -0.007061
0.000033 0.100547 0.014155
-0.007996 0.136445 0.011621
-0.014395 0.132514 0.001918
-0.010258 0.131371 -0.010141
-0.005104 0.135896 0.000635
-0.002225 0.135485 -0.004723
0.000002 0.131339 0.014221
-0.000000 0.135582 0.005295
-0.005347 0.132201 0.013316
-0.002910 0.135537 0.004323
0.009233 0.070396 0.005025
0.004147 0.074094 0.014094
0.005289 0.071371 0.009202
0.007313 0.098699 0.012592
0.000033 0.100547 0.014155
-0.006872 0.138194 0.001579
-0.000071 0.074682 0.014260
0.000005 0.072118 0.010488
-0.006872 0.138194 0.001579
-0.012593 0.138122 -0.001617
-0.014082 0.136437 0.001061
-0.014238 0.132626 -0.002224
0.008986 0.044585 0.005102
-0.006872 0.138194 0.001579
-0.005104 0.135896 0.000635
-0.012593 0.138122 -0.001617
0.005195 0.045124 0.008957
-0.000008 0.067485 0.014319
-0.000071 0.074682 0.014260
-0.003356 0.138053 0.004385
-0.000000 0.048641 0.014293
0.000000 0.045279 0.010291
-0.002910 0.135537 0.004323
-0.003356 0.138053 0.004385
-0.005037 0.138056 0.011879
-0.005347 0.132201 0.013316
-0.005423 0.137565 0.007740
-0.007996 0.136445 0.011621
-0.005037 0.138056 0.011879
-0.005037 0.138056 0.011879
-0.007720 0.138078 -0.010351
-0.010258 0.131371 -0.010141
-0.002225 0.135485 -0.004723
-0.003356 0.138053 0.004385
-0.007720 0.138078 -0.010351
-0.012593 0.138122 -0.001617
-0.014238 0.132626 -0.002224
-0.006872 0.138194 0.001579
0.004386 0.083275 -0.002595
0.006748 0.083212 -0.008794
0.011021 0.083586 -0.001211
0.001325 0.083254 -0.004930
0.004407 0.085183 -0.002596
0.006748 0.085123 -0.008794
0.001325 0.085165 -0.004930
-0.002564 0.030073 -0.004426
-0.002567 0.031985 -0.004429
-0.004911 0.030233 -0.001350
-0.004938 0.032143 -0.001350
0.010932 0.085377 -0.001885
0.004954 0.086646 0.001330
0.004358 0.094295 0.010299
0.010807 0.087909 0.003043
-0.000659 0.030074 -0.005008
-0.000659 0.031985 -0.005008
-0.000659 0.085163 -0.005008
0.001325 0.083254 -0.004930
0.001325 0.085165 -0.004930
-0.001346 0.034912 0.004940
-0.001323 0.036817 0.004927
0.002558 0.036323 0.004421
-0.004461 0.032607 0.002577
-0.004464 0.034506 0.002568
-0.000659 0.083253 -0.005008
-0.000659 0.083253 -0.005008
0.001447 0.083185 -0.010990
-0.001447 0.092993 0.010990
-0.001336 0.088118 0.004966
0.004387 0.092395 0.010311
-0.010736 0.034691 0.002999
-0.006797 0.039809 0.008813
-0.004464 0.034506 0.002568
0.001447 0.085096 -0.010990
-0.000659 0.085163 -0.005008
-0.004938 0.032143 -0.001350
-0.011077 0.032181 -0.002001
0.002558 0.089502 0.004421
-0.001447 0.094905 0.010990
-0.002567 0.031985 -0.004429
0.004386 0.083275 -0.002595
0.004407 0.085183 -0.002596
-0.004316 0.031918 -0.010300
-0.000659 0.031985 -0.005008
0.001447 0.031917 -0.010990
-0.001447 0.041726 0.010990
0.002558 0.036323 0.004421
-0.001323 0.036817 0.004927
-0.001447 0.039814 0.010990
-0.006749 0.037882 0.008794
-0.001346 0.034912 0.004940
-0.004461 0.032607 0.002577
0.004954 0.086646 0.001330
0.002574 0.087613 0.004450
0.002558 0.089502 0.004421
0.004947 0.084742 0.001338
-0.010858 0.032298 0.002453
-0.002564 0.030073 -0.004426
-0.011022 0.030409 -0.001213
-0.009682 0.030044 -0.005590
-0.004911 0.030233 -0.001350
-0.001336 0.088118 0.004966
-0.004242 0.030016 -0.010241
0.001447 0.030007 -0.010990
-0.000659 0.030074 -0.005008
0.004407 0.032004 -0.002596
0.004954 0.033467 0.001330
0.010932 0.032198 -0.001885
0.010807 0.034730 0.003043
0.004947 0.084742 0.001338
0.011016 0.085545 0.002528
0.004358 0.041116 0.010299
0.002574 0.087613 0.004450
0.001325 0.031986 -0.004930
0.006748 0.031944 -0.008794
0.004386 0.030096 -0.002595
0.011021 0.030407 -0.001211
0.004947 0.031563 0.001338
0.010857 0.032300 0.002452
0.002570 0.034408 0.004425
0.004243 0.039155 0.010242
0.006748 0.030033 -0.008795
0.001325 0.030075 -0.004930
0.004386 0.030096 -0.002595
0.004947 0.031563 0.001338
0.004407 0.032004 -0.002596
0.004954 0.033467 0.001330
-0.004461 0.085785 0.002577
-0.010939 0.085503 0.002483
-0.004910 0.083412 -0.001350
-0.009682 0.083223 -0.005590
-0.004242 0.083195 -0.010241
-0.002564 0.083252 -0.004426
0.002570 0.034408 0.004425
0.001325 0.030075 -0.004930
0.001325 0.031986 -0.004930
-0.011022 0.083587 -0.001213
-0.000659 0.030074 -0.005008
-0.000659 0.031985 -0.005008
-0.006814 0.091082 0.008818
0.003693 -0.000110 -0.013744
0.000000 0.131895 -0.014147
0.003639 0.131913 -0.013616
-0.006797 0.092988 0.008813
-0.001323 0.089996 0.004927
-0.004464 0.087684 0.002568
0.006756 0.116426 0.011724
0.007142 0.117794 0.012392
-0.000003 0.118016 0.013454
0.000000 0.119387 0.014314
0.012183 0.109935 0.004452
0.012305 0.113531 0.007157
-0.004316 0.085097 -0.010300
0.013589 0.110663 0.003815
-0.002567 0.085163 -0.004429
-0.011077 0.085360 -0.002001
-0.004938 0.085322 -0.001350
0.007159 0.089416 -0.012374
0.010188 -0.000140 -0.010206
0.013336 -0.000092 -0.004600
0.008865 -0.000037 -0.005112
0.010246 -0.000037 -0.000001
0.013430 -0.000118 0.004636
0.008867 -0.000036 0.005119
-0.010736 0.087870 0.002999
0.010143 -0.000159 0.010168
0.005122 -0.000037 0.008870
0.000000 -0.000037 0.010244
0.003730 -0.000118 0.013793
-0.004938 0.085322 -0.001350
-0.004461 0.085785 0.002577
-0.004910 0.083412 -0.001350
0.000000 -0.000038 0.014136
0.003693 -0.000110 -0.013744
0.000005 -0.000038 -0.010200
-0.000000 -0.000050 -0.014132
-0.004464 0.087684 0.002568
-0.001323 0.089996 0.004927
0.005140 -0.000036 -0.008898
-0.002564 0.083252 -0.004426
-0.000659 0.085163 -0.005008
-0.002567 0.085163 -0.004429
0.007349 0.130162 -0.007302
0.009869 0.102443 -0.002664
0.009881 0.130174 -0.002667
-0.000659 0.083253 -0.005008
0.004386 0.056578 -0.002595
0.006748 0.056515 -0.008794
0.011021 0.056889 -0.001211
0.001325 0.056557 -0.004930
0.004407 0.058486 -0.002596
0.006748 0.058426 -0.008794
0.001325 0.058468 -0.004930
0.010932 0.058680 -0.001885
0.004954 0.059949 0.001330
0.004358 0.067598 0.010299
0.010807 0.061212 0.003043
-0.000659 0.058467 -0.005008
0.001325 0.056557 -0.004930
0.001325 0.058468 -0.004930
-0.000659 0.056556 -0.005008
-0.000659 0.056556 -0.005008
0.001447 0.056488 -0.010990
0.000012 0.050986 -0.010337
0.005127 0.102443 -0.008926
0.000028 0.130127 -0.010239
0.002629 0.130127 -0.009812
-0.001447 0.066296 0.010990
-0.001336 0.061421 0.004966
0.004387 0.065698 0.010311
0.005079 0.130127 -0.008797
0.001447 0.058399 -0.010990
-0.000659 0.058467 -0.005008
0.002558 0.062805 0.004421
-0.001447 0.068208 0.010990
0.004386 0.056578 -0.002595
0.004407 0.058486 -0.002596
0.004954 0.059949 0.001330
0.002574 0.060916 0.004450
0.002558 0.062805 0.004421
0.003512 0.091726 0.013112
0.003659 0.093002 0.013655
-0.000000 0.092260 0.013648
0.000000 0.093471 0.014136
0.006853 0.090492 0.011880
0.007102 0.091749 0.012286
0.011851 0.086289 0.006849
0.012319 0.087372 0.007147
0.004947 0.058045 0.001338
-0.001336 0.061421 0.004966
0.013882 0.083208 0.002023
0.003659 0.047922 0.013655
0.003458 0.048275 0.012905
0.000000 0.048529 0.014136
-0.000000 0.048864 0.013427
0.006564 0.046944 0.011369
0.007068 0.046484 0.012242
0.009357 0.045218 0.009358
0.009996 0.044659 0.009996
0.004947 0.058045 0.001338
0.011016 0.058849 0.002528
0.012242 0.043658 0.007068
0.006714 0.064252 0.011661
0.007112 0.065780 0.012338
0.000000 0.067477 0.014305
0.002574 0.060916 0.004450
0.012329 0.061514 0.007172
0.013171 0.056207 0.002509
0.013843 0.057195 0.002099
0.007195 0.135157 -0.004198
0.005098 0.135173 -0.000844
0.008270 0.135184 -0.001078
-0.004461 0.059088 0.002577
-0.010939 0.058806 0.002483
-0.004910 0.056715 -0.001350
0.004974 0.135192 -0.006640
-0.009682 0.056526 -0.005590
-0.004242 0.056498 -0.010241
-0.002564 0.056555 -0.004426
0.002117 0.135173 -0.004914
0.000000 0.135186 0.008317
0.003272 0.135187 0.007627
0.000000 0.135173 0.005174
-0.011022 0.056891 -0.001213
0.003192 0.135174 0.004268
-0.006814 0.064385 0.008818
0.005081 0.130127 -0.000830
0.005098 0.135173 -0.000844
0.003453 0.130127 -0.003971
0.002117 0.135173 -0.004914
0.002095 0.130127 -0.004896
0.000000 0.130127 -0.005107
0.000000 0.137536 -0.005104
0.000000 0.130127 0.005157
0.000000 0.135173 0.005174
0.001590 0.130127 0.004980
0.003192 0.135174 0.004268
0.003203 0.130127 0.004268
0.005102 0.135173 0.000967
0.005116 0.130127 0.000976
0.005102 0.135173 0.000967
0.003649 0.132234 -0.008833
0.000000 0.131895 -0.014147
-0.000000 0.132229 -0.007389
-0.006797 0.066291 0.008813
-0.001323 0.063299 0.004927
-0.004464 0.060988 0.002568
0.005958 0.132204 0.003646
0.005496 0.132205 0.007749
0.009124 0.132198 0.001003
0.005116 0.130127 0.000976
0.010150 0.130125 0.000000
0.009875 0.130164 0.002666
-0.004316 0.058400 -0.010300
0.003203 0.130127 0.004268
0.007247 0.130165 0.007220
0.005079 0.130127 0.008797
0.001590 0.130127 0.004980
0.002629 0.130127 0.009812
0.000000 0.130127 0.005157
0.000000 0.130127 0.010158
0.009881 0.130174 -0.002667
0.005081 0.130127 -0.000830
0.002095 0.130127 -0.004896
0.000000 0.130127 -0.005107
0.002629 0.130127 -0.009812
0.000028 0.130127 -0.010239
0.007349 0.130162 -0.007302
0.003453 0.130127 -0.003971
0.005079 0.130127 -0.008797
-0.002567 0.058467 -0.004429
-0.011077 0.058663 -0.002001
-0.004938 0.058625 -0.001350
0.008865 -0.000037 -0.005112
0.010246 -0.000037 -0.000001
0.008942 0.050983 -0.005171
-0.010736 0.061173 0.002999
0.010491 0.048239 0.000801
0.009829 0.045221 0.002621
0.008945 0.044679 0.005170
-0.004938 0.058625 -0.001350
-0.004461 0.059088 0.002577
-0.004910 0.056715 -0.001350
-0.004464 0.060988 0.002568
-0.001323 0.063299 0.004927
0.005200 0.045118 0.008966
0.000000 0.045259 0.010311
0.002694 0.045773 0.010054
-0.002564 0.056555 -0.004426
-0.000659 0.058467 -0.005008
-0.002567 0.058467 -0.004429
-0.000659 0.056556 -0.005008
0.000005 -0.000038 -0.010200
0.005140 -0.000036 -0.008898
-0.010111 0.131310 -0.010032
-0.008461 0.132262 -0.010755
-0.006808 0.128147 -0.012129
-0.013677 0.106270 -0.003861
-0.014137 0.099517 0.000000
-0.014026 0.102462 -0.000927
-0.014137 0.106246 -0.000003
-0.005712 0.132065 -0.012827
-0.003659 0.131880 -0.013660
0.010568 0.050998 0.000170
0.010097 0.055192 0.002161
-0.014008 0.136348 0.001024
-0.013535 0.132408 -0.001907
-0.013597 0.132241 0.001592
-0.013941 0.136337 -0.001638
-0.013761 0.131291 -0.003744
-0.014144 0.128148 0.000000
-0.007923 0.136351 0.011608
-0.005380 0.132133 0.012984
-0.005639 0.136338 0.012849
-0.010026 0.131674 0.010029
-0.007078 0.128144 0.012266
-0.008184 0.132255 0.010965
-0.005380 0.132133 0.012984
-0.005071 0.137946 0.011808
-0.005639 0.136338 0.012849
-0.000000 -0.000050 -0.014132
-0.003658 -0.000043 -0.013653
0.000000 0.131895 -0.014147
-0.007145 0.041653 -0.012357
-0.007070 -0.000038 -0.012246
-0.010077 -0.000087 -0.010042
-0.012502 0.041654 -0.007223
-0.013546 0.012945 -0.004511
-0.014276 0.047631 -0.000011
-0.013525 0.012946 0.004517
-0.013521 0.041656 0.004426
-0.010090 0.041653 0.010051
-0.010143 -0.000159 0.010168
-0.007120 0.041652 0.012386
-0.003730 -0.000118 0.013793
0.000000 0.041653 0.014411
0.000000 -0.000038 0.014136
-0.013591 0.110662 0.003816
-0.013658 0.131678 0.003664
-0.012299 0.113548 0.007137
-0.012257 0.131704 0.007076
-0.007147 0.117786 0.012408
0.010476 0.102444 -0.000027
0.010205 0.098623 0.001791
0.000000 0.063390 0.010256
0.005092 0.062177 0.008856
0.000000 0.119387 0.014314
-0.003673 0.131371 0.013722
-0.000000 0.131214 0.014131
0.008831 0.058480 0.005594
-0.014106 0.050982 -0.000679
-0.013624 0.073405 -0.004103
-0.014218 0.073368 -0.000013
-0.014010 0.076369 -0.000962
0.010097 0.055192 0.002161
-0.010129 0.089440 -0.010090
0.008847 0.084581 0.005100
0.010294 0.081383 0.002430
0.007186 0.086653 0.007240
0.002644 0.089047 0.009850
-0.000000 0.089371 0.010163
-0.013976 0.083210 0.002019
0.007188 0.112822 0.007255
0.009571 0.109201 0.004198
0.002658 0.115103 0.009868
-0.000023 0.115437 0.010193
-0.006121 0.136351 -0.012654
-0.007651 0.137975 -0.010366
-0.005432 0.137578 -0.011383
0.013387 0.079364 0.000773
-0.003840 0.137987 -0.008304
-0.005432 0.137578 -0.011383
-0.007651 0.137975 -0.010366
-0.002120 0.137574 -0.004861
0.000000 0.137992 -0.006830
0.000000 0.137536 -0.005104
0.014137 0.106247 -0.000004
0.013148 0.105203 0.000456
0.013321 0.102446 -0.000117
0.010476 0.102444 -0.000027
0.013204 0.100012 0.000717
0.009392 0.097362 0.009391
0.012523 0.096837 0.003920
0.008994 0.096468 0.005199
-0.003648 0.132235 -0.008833
-0.005712 0.132065 -0.012827
-0.005432 0.137578 -0.011383
-0.003840 0.137987 -0.008304
0.005207 0.096953 0.009005
0.006647 0.098941 0.011514
-0.000000 0.132229 -0.007389
0.003453 0.100031 0.012887
0.002675 0.097532 0.009979
0.000000 0.100523 0.013346
0.000000 0.097991 0.010416
0.013007 0.098182 0.001972
0.010205 0.098623 0.001791
0.000000 0.137992 -0.006830
0.010358 0.104881 0.000502
0.013339 0.074080 0.000600
0.013432 0.076471 -0.000037
0.010660 0.076797 0.000108
-0.006121 0.136351 -0.012654
0.012909 0.070303 0.003897
0.009121 0.070601 0.005272
0.009486 0.071469 0.009486
-0.003659 0.131880 -0.013660
-0.005712 0.132065 -0.012827
-0.003648 0.132235 -0.008833
0.000000 0.131895 -0.014147
0.005299 0.071333 0.009174
0.006649 0.072887 0.011516
-0.012566 0.137958 -0.001522
-0.012398 0.137577 0.001000
0.003442 0.074107 0.012845
0.002726 0.071834 0.010178
0.000000 0.074648 0.013298
0.000000 0.072077 0.010429
-0.005071 0.137946 0.011808
-0.007159 0.137579 0.010379
0.010450 0.072718 0.001888
-0.011247 0.137984 0.000275
-0.012566 0.137958 -0.001522
-0.012398 0.137577 0.001000
0.010568 0.050998 0.000170
0.013519 0.050996 0.000036
0.012755 0.044627 0.004005
0.008945 0.044679 0.005170
-0.006046 0.137985 0.009921
-0.003509 0.137993 0.007538
-0.005528 0.137604 0.007731
-0.005071 0.137946 0.011808
0.005200 0.045118 0.008966
-0.008431 0.137997 -0.000771
0.002694 0.045773 0.010054
0.000000 0.045259 0.010311
0.010491 0.048239 0.000801
-0.009144 0.137611 0.001057
-0.007159 0.137579 0.010379
0.013271 0.012980 0.004516
0.010143 -0.000159 0.010168
0.013430 -0.000118 0.004636
0.013523 0.041655 0.004425
0.014140 0.047642 -0.000004
0.013369 0.048020 0.000607
-0.005093 0.137984 0.005596
-0.003453 0.137990 0.004405
0.014077 0.050978 -0.000664
-0.005994 0.137615 0.003673
-0.004427 0.137541 0.002610
0.010188 -0.000140 -0.010206
0.012426 0.089487 -0.007199
-0.005408 0.137993 0.001215
-0.007089 0.137998 0.001815
-0.003509 0.137993 0.007538
-0.003272 0.135187 0.007627
0.013627 0.106269 -0.003824
0.010130 0.131311 -0.010047
-0.012566 0.137958 -0.001522
-0.013535 0.132408 -0.001907
-0.013941 0.136337 -0.001638
-0.008268 0.135176 -0.001077
-0.002120 0.137574 -0.004861
-0.002117 0.135173 -0.004914
0.000000 0.137536 -0.005104
-0.005102 0.135173 0.000967
-0.005408 0.137993 0.001215
-0.004427 0.137541 0.002610
0.013336 -0.000092 -0.004600
-0.008314 0.136340 -0.011305
0.014060 0.012986 0.000004
0.007120 0.041652 0.012386
0.000000 0.041653 0.014411
-0.007651 0.137975 -0.010366
-0.008461 0.132262 -0.010755
-0.004974 0.135192 -0.006641
0.010090 0.041653 0.010051
-0.002120 0.137574 -0.004861
-0.002117 0.135173 -0.004914
-0.003453 0.137990 0.004405
0.013811 0.070665 0.002066
0.013514 0.069544 0.004163
-0.003192 0.135174 0.004268
0.010044 0.070975 0.010023
-0.003453 0.137990 0.004405
-0.003192 0.135174 0.004268
-0.005102 0.135173 0.000967
-0.008431 0.137997 -0.000771
-0.005408 0.137993 0.001215
0.007068 0.072460 0.012242
0.003661 0.073737 0.013663
0.000000 0.074462 0.014136
0.000000 0.067477 0.014305
-0.010111 0.131310 -0.010032
-0.004974 0.135192 -0.006641
-0.008461 0.132262 -0.010755
-0.013535 0.132408 -0.001907
-0.008027 0.135175 -0.002151
-0.013761 0.131291 -0.003744
-0.008268 0.135176 -0.001077
-0.003203 0.130127 0.004268
-0.005116 0.130127 0.000976
0.013878 0.097038 0.001993
0.014140 0.099517 0.000002
0.012264 0.095648 0.007075
0.010000 0.096860 0.010001
0.007068 0.098553 0.012242
0.003659 0.099706 0.013655
0.000000 0.100175 0.014136
-0.003673 0.131371 0.013722
-0.003272 0.135187 0.007627
-0.005380 0.132133 0.012984
0.000000 0.135186 0.008317
-0.000000 0.131214 0.014131
-0.007194 0.135153 -0.004197
-0.008314 0.136340 -0.011305
0.007190 0.069831 0.007195
0.002726 0.071834 0.010178
0.005299 0.071333 0.009174
-0.009128 0.132199 0.001005
-0.008184 0.132255 0.010965
-0.005496 0.132205 0.007749
0.009121 0.070601 0.005272
-0.013597 0.132241 0.001592
-0.009128 0.132199 0.001005
-0.009144 0.137611 0.001057
-0.012398 0.137577 0.001000
-0.005528 0.137604 0.007731
-0.005496 0.132205 0.007749
-0.007159 0.137579 0.010379
0.010450 0.072718 0.001888
0.009804 0.071097 0.002627
-0.008184 0.132255 0.010965
-0.005960 0.132203 0.003648
-0.005994 0.137615 0.003673
-0.007089 0.137998 0.001815
0.008867 -0.000036 0.005119
0.005122 -0.000037 0.008870
-0.013597 0.132241 0.001592
0.000000 -0.000037 0.010244
-0.012257 0.131704 0.007076
-0.007923 0.136351 0.011608
-0.006046 0.137985 0.009921
-0.005093 0.137984 0.005596
-0.011247 0.137984 0.000275
-0.014008 0.136348 0.001024
-0.013658 0.131678 0.003664
-0.010026 0.131674 0.010029
0.002658 0.115103 0.009868
-0.000023 0.115437 0.010193
0.002629 0.130127 0.009812
0.000000 0.130127 0.010158
0.007188 0.112822 0.007255
0.005079 0.130127 0.008797
-0.010152 0.130126 0.000001
-0.009857 0.108610 0.002643
-0.010376 0.104902 0.000508
0.007247 0.130165 0.007220
-0.008842 0.110904 0.005933
-0.013150 0.105205 0.000454
0.009571 0.109201 0.004198
0.009875 0.130164 0.002666
-0.013321 0.102446 -0.000117
0.010150 0.130125 0.000000
-0.013204 0.100012 0.000717
-0.010376 0.104902 0.000508
-0.010473 0.102444 -0.000024
0.010294 0.081383 0.002430
0.008847 0.084581 0.005100
0.010222 0.079625 -0.000004
-0.008927 0.050987 -0.005156
-0.010122 0.102446 -0.002844
-0.010088 0.073897 -0.000216
-0.010221 0.079625 -0.000003
-0.010187 0.098623 0.001805
-0.013007 0.098182 0.001972
-0.008842 0.110904 0.005933
-0.013386 0.079364 0.000773
-0.013432 0.076471 -0.000037
-0.010656 0.076801 0.000117
-0.010294 0.081383 0.002430
0.010358 0.104881 0.000502
-0.013337 0.074076 0.000595
0.002644 0.089047 0.009850
-0.000000 0.089371 0.010163
0.002675 0.097532 0.009979
0.000000 0.097991 0.010416
0.007186 0.086653 0.007240
0.005207 0.096953 0.009005
-0.010610 0.074610 0.000650
0.008994 0.096468 0.005199
-0.009941 0.071313 0.003486
-0.009941 0.071313 0.003486
-0.010610 0.074610 0.000650
-0.013463 0.069533 0.004125
0.000000 0.063390 0.010256
-0.002726 0.071834 0.010178
0.000000 0.072077 0.010429
0.010107 0.073894 -0.000220
0.008831 0.058480 0.005594
-0.005092 0.062177 0.008856
0.005092 0.062177 0.008856
-0.007190 0.069831 0.007195
-0.008827 0.058482 0.005593
0.000000 0.063390 0.010256
0.000000 0.072077 0.010429
-0.009113 0.070615 0.005277
0.010660 0.076797 0.000108
-0.010085 0.055194 0.002159
0.014225 0.076355 -0.000977
-0.010187 0.098623 0.001805
-0.008994 0.096468 0.005199
0.014026 0.102462 -0.000927
-0.008847 0.084581 0.005100
-0.007186 0.086653 0.007240
-0.005207 0.096953 0.009005
0.008184 0.132255 0.010965
0.010025 0.131672 0.010030
0.012257 0.131705 0.007075
-0.002644 0.089047 0.009850
-0.002675 0.097532 0.009979
-0.000000 0.089371 0.010163
0.000000 0.097991 0.010416
0.013658 0.131678 0.003664
0.013597 0.132240 0.001592
-0.010493 0.048239 0.000799
-0.009830 0.045220 0.002621
-0.010473 0.102444 -0.000024
0.013597 0.132240 0.001592
0.014008 0.136351 0.001033
0.011231 0.137619 0.000674
0.012643 0.137918 0.000635
-0.009890 0.130174 -0.002674
-0.009876 0.130164 0.002666
-0.007228 0.112864 0.007195
-0.007243 0.130161 0.007216
0.008993 0.137975 0.000672
0.005972 0.137606 0.003647
-0.005258 0.113971 0.009190
-0.005079 0.130127 0.008797
-0.002629 0.130127 0.009812
-0.000023 0.115437 0.010193
0.000000 0.130127 0.010158
0.005093 0.137984 0.005596
0.005529 0.137604 0.007731
-0.012754 0.044627 0.004005
-0.010493 0.048239 0.000799
-0.013369 0.048020 0.000607
-0.010578 0.050997 0.000163
0.000000 -0.000037 0.010244
-0.005200 0.045118 0.008966
0.000000 0.045259 0.010311
0.006046 0.137985 0.009921
0.007159 0.137580 0.010380
-0.005122 -0.000037 0.008870
-0.008945 0.044679 0.005170
0.007922 0.136350 0.011608
0.008184 0.132255 0.010965
-0.008867 -0.000036 0.005119
-0.010249 -0.000037 -0.000004
0.009124 0.132198 0.001003
0.005958 0.132204 0.003646
-0.005299 0.071333 0.009174
-0.013526 0.050991 0.000049
0.005496 0.132205 0.007749
-0.010578 0.050997 0.000163
-0.010656 0.076801 0.000117
-0.013878 0.097038 0.001993
-0.012316 0.087372 0.007147
-0.012264 0.095648 0.007075
-0.010000 0.096860 0.010001
0.005639 0.136339 0.012849
0.007922 0.136350 0.011608
0.007159 0.137580 0.010380
-0.007102 0.091749 0.012286
-0.007068 0.098553 0.012242
0.013597 0.132240 0.001592
0.014144 0.128148 0.000000
0.013535 0.132408 -0.001907
0.013658 0.131678 0.003664
-0.003659 0.093002 0.013655
-0.003659 0.099706 0.013655
0.000000 0.093471 0.014136
0.000000 0.100175 0.014136
-0.003453 0.100031 0.012887
0.000000 0.100523 0.013346
0.007078 0.128144 0.012266
0.008184 0.132255 0.010965
0.005380 0.132133 0.012984
-0.006647 0.098941 0.011514
-0.009392 0.097362 0.009391
-0.012523 0.096837 0.003920
-0.013838 0.057191 0.002106
-0.012323 0.061514 0.007169
-0.012288 0.069692 0.007105
-0.007119 0.065781 0.012344
-0.007115 0.072479 0.012278
-0.003661 0.073737 0.013663
0.000000 0.067477 0.014305
0.000000 0.074462 0.014136
-0.003442 0.074107 0.012845
0.000000 0.074648 0.013298
-0.006650 0.072887 0.011517
-0.011722 0.070366 0.006769
-0.012242 0.043658 0.007068
-0.009996 0.044659 0.009996
-0.007068 0.046484 0.012242
-0.003659 0.047922 0.013655
0.000000 0.048529 0.014136
-0.013413 -0.000124 -0.004655
-0.010249 -0.000037 -0.000004
-0.013415 -0.000115 0.004638
-0.013413 -0.000124 -0.004655
-0.013415 -0.000115 0.004638
0.008315 0.136340 -0.011307
0.007651 0.137974 -0.010366
0.008458 0.132262 -0.010754
0.008458 0.132262 -0.010754
0.006797 0.128147 -0.012093
0.010130 0.131311 -0.010047
0.013764 0.131293 -0.003744
-0.000000 0.131214 0.014131
0.003673 0.131371 0.013722
0.005380 0.132133 0.012984
0.004428 0.137541 0.002611
0.013535 0.132408 -0.001907
0.008458 0.132262 -0.010754
0.008429 0.137998 -0.000773
0.012565 0.137959 -0.001522
0.008270 0.135184 -0.001078
0.005102 0.135173 0.000967
0.005408 0.137993 0.001215
0.003453 0.137990 0.004405
0.003192 0.135174 0.004268
0.003272 0.135187 0.007627
0.003453 0.137990 0.004405
0.003509 0.137993 0.007538
0.005380 0.132133 0.012984
0.005071 0.137945 0.011808
-0.009357 0.045218 0.009358
-0.013167 0.056211 0.002500
0.002117 0.135173 -0.004914
0.004974 0.135192 -0.006640
0.002120 0.137574 -0.004861
-0.008945 0.044679 0.005170
-0.003458 0.048275 0.012905
0.000000 0.045259 0.010311
-0.002694 0.045773 0.010054
-0.000000 0.048864 0.013427
-0.006564 0.046944 0.011369
-0.005200 0.045118 0.008966
0.005408 0.137993 0.001215
0.002120 0.137574 -0.004861
0.012565 0.137959 -0.001522
0.014008 0.136351 0.001033
0.013941 0.136337 -0.001638
0.013535 0.132408 -0.001907
0.013941 0.136337 -0.001638
0.003673 0.131371 0.013722
-0.010085 0.055194 0.002159
-0.010294 0.081383 0.002430
-0.011850 0.086289 0.006849
0.008993 0.137975 0.000672
0.008429 0.137998 -0.000773
0.005972 0.137606 0.003647
0.005408 0.137993 0.001215
0.004428 0.137541 0.002611
0.005093 0.137984 0.005596
0.003453 0.137990 0.004405
0.005529 0.137604 0.007731
0.003509 0.137993 0.007538
0.006046 0.137985 0.009921
0.005071 0.137945 0.011808
0.007159 0.137580 0.010380
0.012565 0.137959 -0.001522
0.011231 0.137619 0.000674
0.012643 0.137918 0.000635
0.005071 0.137945 0.011808
0.012643 0.137918 0.000635
0.003639 0.131913 -0.013616
0.000000 0.072077 0.010429
-0.002726 0.071834 0.010178
0.005713 0.132065 -0.012828
-0.005299 0.071333 0.009174
-0.009113 0.070615 0.005277
-0.008994 0.096468 0.005199
0.005433 0.137579 -0.011384
0.006119 0.136350 -0.012653
0.005713 0.132065 -0.012828
0.000000 0.137992 -0.006830
0.003840 0.137987 -0.008304
-0.000000 0.132229 -0.007389
0.003649 0.132234 -0.008833
0.000000 0.097991 0.010416
-0.002675 0.097532 0.009979
-0.005207 0.096953 0.009005
0.008315 0.136340 -0.011307
0.005713 0.132065 -0.012828
0.006119 0.136350 -0.012653
0.005433 0.137579 -0.011384
-0.009497 0.114461 0.009509
0.003840 0.137987 -0.008304
0.000000 0.137992 -0.006830
0.002120 0.137574 -0.004861
0.000000 0.137536 -0.005104
-0.005258 0.113971 0.009190
-0.000023 0.115437 0.010193
-0.000003 0.118016 0.013454
0.007651 0.137974 -0.010366
0.005433 0.137579 -0.011384
0.007651 0.137974 -0.010366
-0.003512 0.091726 0.013112
-0.000000 0.089371 0.010163
-0.000000 0.092260 0.013648
-0.002644 0.089047 0.009850
0.013468 0.041665 -0.004286
-0.006853 0.090492 0.011880
-0.007186 0.086653 0.007240
-0.008847 0.084581 0.005100
-0.008827 0.058482 0.005593
-0.006714 0.064252 0.011662
-0.005092 0.062177 0.008856
0.000000 0.063390 0.010256
-0.005328 0.102446 -0.009063
-0.005168 0.050985 -0.008942
0.000012 0.050986 -0.010337
-0.000000 0.131214 0.014131
0.010025 0.131672 0.010030
0.012257 0.131705 0.007075
-0.008843 -0.000038 -0.005093
0.013764 0.131293 -0.003744
0.003730 -0.000118 0.013793
0.000000 -0.000038 0.014136
-0.007211 -0.000038 -0.007231
-0.002657 -0.000038 -0.009861
0.000005 -0.000038 -0.010200
-0.002694 0.045773 0.010054
-0.007262 0.130174 -0.007228
-0.005081 0.130127 -0.000830
-0.009890 0.130174 -0.002674
-0.003453 0.130127 -0.003971
-0.005079 0.130127 -0.008797
-0.002629 0.130127 -0.009812
-0.002095 0.130127 -0.004896
-0.000000 -0.000050 -0.014132
0.000000 0.130127 -0.005107
0.005639 0.136339 0.012849
0.000028 0.130127 -0.010239
-0.010152 0.130126 0.000001
-0.005116 0.130127 0.000976
-0.001590 0.130127 0.004980
-0.002629 0.130127 0.009812
-0.005079 0.130127 0.008797
0.000000 0.130127 0.005157
0.000000 0.130127 0.010158
-0.003203 0.130127 0.004268
-0.007243 0.130161 0.007216
-0.009876 0.130164 0.002666
-0.005960 0.132203 0.003648
-0.000000 0.132229 -0.007389
-0.005098 0.135173 -0.000844
-0.005102 0.135173 0.000967
-0.005098 0.135173 -0.000844
-0.005081 0.130127 -0.000830
-0.001590 0.130127 0.004980
0.000000 0.135173 0.005174
0.000000 0.130127 0.005157
0.000000 0.130127 -0.005107
-0.002095 0.130127 -0.004896
-0.003453 0.130127 -0.003971
-0.003192 0.135174 0.004268
0.000000 0.135173 0.005174
-0.002117 0.135173 -0.004914
-0.010077 -0.000087 -0.010042
-0.008843 -0.000038 -0.005093
-0.008867 -0.000036 0.005119
-0.010143 -0.000159 0.010168
-0.005122 -0.000037 0.008870
0.000000 -0.000037 0.010244
-0.003730 -0.000118 0.013793
0.000000 -0.000038 0.014136
-0.003658 -0.000043 -0.013653
-0.000000 -0.000050 -0.014132
-0.002657 -0.000038 -0.009861
0.000005 -0.000038 -0.010200
-0.007070 -0.000038 -0.012246
-0.007211 -0.000038 -0.007231
-0.005079 0.130127 -0.008797
-0.007262 0.130174 -0.007228
-0.002629 0.130127 -0.009812
0.000028 0.130127 -0.010239
-0.003100 0.035902 0.003999
-0.009682 0.036972 0.005590
-0.006748 0.039792 0.008794
-0.005002 0.031180 0.000675
-0.004894 0.032171 -0.001352
-0.005002 0.033091 0.000675
-0.004894 0.030261 -0.001352
-0.003990 0.032015 -0.003098
-0.003990 0.030104 -0.003098
-0.002548 0.031993 -0.004412
-0.002548 0.030082 -0.004412
-0.000659 0.031985 -0.005008
-0.000659 0.030074 -0.005008
0.000659 0.034978 0.005008
-0.001319 0.036805 0.004921
0.000659 0.036889 0.005008
-0.001319 0.034894 0.004921
-0.003100 0.035902 0.003999
-0.003100 0.033992 0.003999
-0.004434 0.034520 0.002551
-0.004434 0.032609 0.002551
-0.006748 0.037882 0.008794
-0.009682 0.035062 0.005590
-0.003100 0.033992 0.003999
-0.004434 0.034520 0.002551
-0.010663 0.034667 0.002971
-0.005002 0.033091 0.000675
-0.010932 0.032199 -0.001885
-0.004894 0.032171 -0.001352
-0.003990 0.032015 -0.003098
-0.009682 0.031984 -0.005590
-0.002548 0.031993 -0.004412
-0.004242 0.031926 -0.010241
-0.000659 0.031985 -0.005008
0.001447 0.031917 -0.010990
-0.001447 0.041725 0.010990
0.000659 0.036889 0.005008
-0.001319 0.036805 0.004921
-0.001319 0.034894 0.004921
-0.001447 0.039814 0.010990
0.000659 0.034978 0.005008
-0.004434 0.032609 0.002551
-0.010857 0.032300 0.002452
-0.003990 0.030104 -0.003098
-0.011021 0.030409 -0.001212
-0.009682 0.030044 -0.005590
-0.004894 0.030261 -0.001352
-0.005002 0.031180 0.000675
-0.004242 0.030016 -0.010241
0.001447 0.030007 -0.010990
-0.000659 0.030074 -0.005008
-0.002548 0.030082 -0.004412
0.010663 0.034667 0.002971
0.004988 0.032434 -0.000660
0.004921 0.033486 0.001319
0.010932 0.032199 -0.001885
0.004043 0.035006 0.003069
0.004378 0.032025 -0.002592
0.002547 0.036313 0.004412
0.004242 0.041066 0.010241
0.008794 0.037991 0.006748
0.003075 0.031998 -0.004008
0.006748 0.031944 -0.008794
0.001319 0.031986 -0.004921
0.004988 0.030523 -0.000660
0.011021 0.030409 -0.001212
0.004921 0.031575 0.001319
0.010857 0.032300 0.002452
0.004043 0.033095 0.003069
0.004378 0.030115 -0.002592
0.002547 0.034403 0.004412
0.004242 0.039155 0.010241
0.008794 0.036081 0.006748
0.001319 0.030075 -0.004921
0.006748 0.030034 -0.008794
0.003075 0.030088 -0.004008
0.004921 0.033486 0.001319
0.004043 0.033095 0.003069
0.004043 0.035006 0.003069
0.004921 0.031575 0.001319
0.004988 0.032434 -0.000660
0.004988 0.030523 -0.000660
0.004378 0.032025 -0.002592
0.004378 0.030115 -0.002592
0.002547 0.036313 0.004412
0.002547 0.034403 0.004412
0.003075 0.031998 -0.004008
0.003075 0.030088 -0.004008
0.001319 0.031986 -0.004921
0.001319 0.030075 -0.004921
-0.000659 0.031985 -0.005008
-0.000659 0.030074 -0.005008
0.012242 0.041653 -0.007068
0.013411 0.047680 -0.004247
0.013402 0.041653 -0.004268
0.009996 0.089442 -0.009996
0.009961 0.128147 -0.009951
0.012242 0.089460 -0.007068
0.012219 0.128147 -0.007055
0.000000 0.041653 -0.014136
0.000000 0.063693 -0.014136
0.003659 0.041653 -0.013655
0.003659 0.063693 -0.013655
0.003659 0.119137 0.013655
0.000000 0.119418 0.014136
0.000000 0.118045 0.013414
0.003468 0.117673 0.012943
0.007068 0.117832 0.012242
0.006744 0.116461 0.011681
0.012242 0.113566 0.007068
0.009489 0.114473 0.009489
0.011212 0.111959 0.006617
0.009996 0.115928 0.009996
0.012178 0.109956 0.004431
0.013588 0.110660 0.003819
0.012834 0.107647 0.002234
0.013863 0.108737 0.001904
0.007068 0.041653 -0.012242
0.007068 0.063693 -0.012242
0.013282 -0.000038 -0.004560
0.008797 -0.000038 -0.005079
0.012242 -0.000038 -0.007068
0.009812 -0.000038 -0.002629
0.010158 -0.000038 -0.000000
0.013282 -0.000038 0.004560
0.009812 -0.000038 0.002629
0.008797 -0.000038 0.005079
0.012242 -0.000038 0.007068
0.007183 -0.000038 0.007183
0.009996 -0.000038 0.009996
0.007068 -0.000038 0.012242
0.005079 -0.000038 0.008797
0.002629 -0.000038 0.009812
0.003659 -0.000038 0.013655
0.000000 -0.000038 0.014136
0.000000 -0.000038 0.010158
0.000000 -0.000038 -0.014136
0.002629 -0.000038 -0.009812
0.000000 -0.000038 -0.010158
0.003659 -0.000038 -0.013655
0.007068 -0.000038 -0.012242
0.005079 -0.000038 -0.008797
0.007183 -0.000038 -0.007183
0.009996 -0.000038 -0.009996
0.009812 0.130127 -0.002629
0.008797 0.102446 -0.005079
0.009812 0.102446 -0.002629
0.008797 0.130127 -0.005079
0.010456 0.104893 0.000509
0.010274 0.107045 0.001999
0.010158 0.105994 -0.000000
0.008797 0.110795 0.005079
0.009812 0.108597 0.002629
0.009637 0.109243 0.004196
0.008803 0.110882 0.005938
0.007183 0.112852 0.007183
0.007605 0.112445 0.007605
0.005366 0.114038 0.009295
0.005079 0.114240 0.008797
0.002776 0.115057 0.010360
0.002629 0.115113 0.009812
0.000000 0.115391 0.010724
0.000000 0.115411 0.010158
0.000000 0.130127 -0.010158
0.000000 0.102446 -0.010158
0.002629 0.130127 -0.009812
0.002629 0.102446 -0.009812
0.005079 0.130127 -0.008797
0.005079 0.102446 -0.008797
0.007183 0.130127 -0.007183
0.007183 0.102446 -0.007183
0.013282 -0.000038 0.000000
0.003659 0.093002 0.013655
0.000000 0.093471 0.014136
0.000000 0.092266 0.013647
0.003513 0.091730 0.013111
0.007068 0.091760 0.012242
0.006840 0.090513 0.011848
0.009996 0.089875 0.009996
0.009741 0.088736 0.009741
0.012242 0.087398 0.007068
0.011849 0.086298 0.006841
0.013513 0.084921 0.004001
0.012782 0.084200 0.004451
0.013825 0.083216 0.002000
0.013198 0.082037 0.002335
0.003659 0.047922 0.013655
0.000000 0.048861 0.013434
0.000000 0.048529 0.014136
0.003458 0.048275 0.012905
0.007068 0.046484 0.012242
0.006564 0.046944 0.011369
0.009996 0.044659 0.009996
0.009358 0.045226 0.009358
0.011464 0.044379 0.006619
0.012242 0.043664 0.007068
0.003659 0.067111 0.013655
0.000000 0.067549 0.014136
0.000000 0.066050 0.013403
0.003480 0.065648 0.012988
0.007068 0.065804 0.012242
0.006695 0.064298 0.011596
0.009996 0.063781 0.009996
0.009493 0.062402 0.009493
0.012242 0.061564 0.007068
0.011599 0.060021 0.006696
0.013440 0.059124 0.004178
0.012520 0.058150 0.004579
0.013788 0.057198 0.002089
0.013155 0.056228 0.002481
0.007192 0.135148 -0.004196
0.004423 0.135173 -0.002553
0.008026 0.135173 -0.002151
0.005073 0.135173 -0.000826
0.005876 0.135173 -0.005876
0.003444 0.135173 -0.003967
0.004957 0.135173 -0.006647
0.002095 0.135173 -0.004896
0.002151 0.135173 0.008026
0.000000 0.135173 0.005157
0.000000 0.135173 0.008309
0.001590 0.135174 0.004980
0.003278 0.135173 0.007616
0.003193 0.135173 0.004262
0.004423 0.135173 -0.002553
0.004423 0.130127 -0.002553
0.005073 0.135173 -0.000826
0.005073 0.130127 -0.000826
0.003444 0.135173 -0.003967
0.003444 0.130127 -0.003967
0.002095 0.130127 -0.004896
0.002095 0.135173 -0.004896
0.000000 0.137530 -0.005107
0.000000 0.130127 -0.005107
0.000000 0.130127 0.005157
0.000000 0.135173 0.005157
0.001590 0.130127 0.004980
0.001590 0.135174 0.004980
0.003193 0.135173 0.004262
0.003193 0.130127 0.004262
0.005105 0.135171 0.000970
0.005105 0.130127 0.000970
0.008270 0.135173 -0.001069
0.005105 0.135171 0.000970
0.001885 0.132253 -0.007867
0.000000 0.132253 -0.013732
0.000000 0.132253 -0.007429
0.006689 0.132233 0.009616
0.007318 0.132233 0.002088
0.005541 0.132233 0.007731
0.009143 0.132233 0.001058
0.003620 0.132253 -0.008861
0.005105 0.130127 0.000970
0.010158 0.130127 -0.000000
0.009812 0.130127 0.002629
0.007183 0.130127 0.007183
0.003193 0.130127 0.004262
0.004428 0.130127 0.002611
0.008797 0.130127 0.005079
0.005079 0.130127 0.008797
0.001590 0.130127 0.004980
0.002629 0.130127 0.009812
0.000000 0.130127 0.005157
0.000000 0.130127 0.010158
0.005073 0.130127 -0.000826
0.009812 0.130127 -0.002629
0.002629 0.130127 -0.009812
0.000000 0.130127 -0.005107
0.000000 0.130127 -0.010158
0.002095 0.130127 -0.004896
0.005079 0.130127 -0.008797
0.003444 0.130127 -0.003967
0.007183 0.130127 -0.007183
0.004423 0.130127 -0.002553
0.008797 0.130127 -0.005079
0.013282 -0.000038 -0.004560
0.013282 0.009264 -0.004559
0.013282 -0.000038 0.000000
0.009812 -0.000038 -0.002629
0.008797 0.050986 -0.005079
0.008797 -0.000038 -0.005079
0.009812 0.050986 -0.002629
0.010133 0.046699 0.002156
0.009812 0.045220 0.002629
0.009674 0.045323 0.003850
0.008797 0.043934 0.005079
0.009142 0.044628 0.005278
0.007183 0.043875 0.007183
0.007416 0.044621 0.007416
0.005210 0.045110 0.009023
0.005079 0.044352 0.008797
0.002629 0.044983 0.009812
0.002694 0.045773 0.010054
0.000000 0.045267 0.010158
0.000000 0.045974 0.010370
0.000000 0.050986 -0.010158
0.000000 -0.000038 -0.010158
0.002629 0.050986 -0.009812
0.002629 -0.000038 -0.009812
0.005079 0.050986 -0.008797
0.005079 -0.000038 -0.008797
0.007183 0.050986 -0.007183
0.007183 -0.000038 -0.007183
0.010394 0.053079 0.000699
0.010093 0.055177 0.002203
0.010158 0.053352 -0.000000
0.008797 0.058658 0.005079
0.009812 0.056452 0.002629
0.009657 0.056784 0.003821
0.008886 0.058498 0.005592
0.007183 0.060568 0.007183
0.007169 0.060449 0.007636
0.005079 0.062198 0.008797
0.005265 0.061879 0.009119
0.002629 0.063088 0.009812
0.002728 0.062911 0.010180
0.000000 0.063250 0.010527
0.000000 0.063423 0.010158
0.000000 0.097202 0.010158
0.002682 0.097527 0.010009
0.002629 0.096839 0.009812
0.000000 0.097983 0.010456
0.005205 0.096978 0.009015
0.005079 0.096247 0.008797
0.007183 0.095818 0.007183
0.007412 0.096477 0.007412
0.009029 0.096504 0.005213
0.008797 0.095975 0.005079
0.009786 0.097361 0.003401
0.009812 0.096968 0.002629
0.010175 0.098649 0.001818
0.010158 0.099315 -0.000000
0.010054 0.102446 -0.000789
0.010365 0.100238 0.000651
0.010486 0.102446 -0.000026
0.010054 0.050986 -0.000515
0.010158 0.048202 -0.000000
0.010418 0.050986 0.000213
0.010378 0.048256 0.000850
0.002728 0.062911 0.010180
0.000000 0.063250 0.010527
0.005265 0.061879 0.009119
0.007169 0.060449 0.007636
0.008886 0.058498 0.005592
0.009657 0.056784 0.003821
0.009832 0.083037 0.004029
0.008785 0.084789 0.005888
0.007243 0.086568 0.007771
0.005298 0.087898 0.009176
0.002737 0.088906 0.010216
0.000000 0.089230 0.010549
0.009637 0.109243 0.004196
0.008803 0.110882 0.005938
0.007605 0.112445 0.007605
0.005366 0.114038 0.009295
0.002776 0.115057 0.010360
0.000000 0.115391 0.010724
0.013385 0.079360 0.000778
0.014136 0.080116 -0.000000
0.013448 0.053658 0.000717
0.014136 0.053968 -0.000000
0.013771 0.044898 0.002096
0.012741 0.044632 0.004004
0.013378 0.043772 0.004326
0.013224 0.046143 0.001865
0.013148 0.105201 0.000458
0.014136 0.106244 -0.000000
0.010486 0.102446 -0.000026
0.013204 0.100012 0.000717
0.013321 0.102446 -0.000117
0.010365 0.100238 0.000651
0.009786 0.097361 0.003401
0.009029 0.096504 0.005213
0.011525 0.096498 0.006629
0.012522 0.096842 0.003919
0.007412 0.096477 0.007412
0.009390 0.097366 0.009390
0.006647 0.098941 0.011514
0.005205 0.096978 0.009015
0.003453 0.100031 0.012887
0.002682 0.097527 0.010009
0.000000 0.097983 0.010456
0.000000 0.100523 0.013346
0.010175 0.098649 0.001818
0.013007 0.098182 0.001972
0.010274 0.107045 0.001999
0.010456 0.104893 0.000509
0.013432 0.076471 -0.000037
0.010652 0.076796 0.000127
0.010604 0.074619 0.000659
0.013342 0.074085 0.000607
0.009998 0.071306 0.003508
0.009203 0.070593 0.005313
0.011716 0.070364 0.006764
0.012912 0.070308 0.003904
0.009483 0.071471 0.009483
0.007505 0.070603 0.007505
0.006649 0.072887 0.011516
0.005289 0.071351 0.009161
0.002739 0.071823 0.010223
0.003442 0.074107 0.012845
0.000000 0.074648 0.013298
0.000000 0.072070 0.010473
0.010440 0.072735 0.001903
0.013187 0.071847 0.001941
0.010292 0.081384 0.002435
0.010563 0.079233 0.000997
0.010394 0.053079 0.000699
0.013527 0.050990 0.000051
0.010418 0.050986 0.000213
0.009142 0.044628 0.005278
0.009674 0.045323 0.003850
0.007416 0.044621 0.007416
0.005210 0.045110 0.009023
0.002694 0.045773 0.010054
0.000000 0.045974 0.010370
0.010133 0.046699 0.002156
0.010093 0.055177 0.002203
0.013282 0.009264 0.004559
0.012242 -0.000038 0.007068
0.013282 -0.000038 0.004560
0.013371 0.048022 0.000609
0.014136 0.047646 -0.000000
0.013282 0.010091 -0.000000
0.013301 0.012977 -0.004512
0.014136 0.012977 -0.000000
0.014023 0.050978 -0.000667
0.012242 -0.000038 -0.007068
0.007068 0.089442 -0.012242
0.009996 0.063693 -0.009996
0.000000 0.089442 -0.014136
0.003659 0.089442 -0.013655
0.013585 0.106265 -0.003809
0.013575 0.099548 -0.003852
0.005399 0.132233 0.005641
0.006002 0.132233 0.003673
0.013300 0.012976 0.004515
0.000000 0.041653 0.014136
0.003659 0.041653 0.013655
0.007068 0.041653 0.012242
0.009996 0.041653 0.009996
0.012242 0.041653 0.007068
0.013372 0.041653 0.004340
0.014136 0.041653 -0.000000
0.014136 0.073373 -0.000000
0.013797 0.070667 0.002066
0.013458 0.069534 0.004133
0.012242 0.069675 0.007068
0.009996 0.070966 0.009996
0.007068 0.072460 0.012242
0.003659 0.073738 0.013655
0.000000 0.074462 0.014136
0.013833 0.097034 0.001979
0.014136 0.099517 -0.000000
0.013531 0.095955 0.003957
0.012242 0.095650 0.007068
0.009996 0.096862 0.009996
0.007068 0.098553 0.012242
0.003659 0.099706 0.013655
0.000000 0.100175 0.014136
0.014136 0.128147 -0.000000
0.013756 0.132081 -0.001708
0.014136 0.131819 -0.000000
0.010378 0.048256 0.000850
0.000000 0.071170 0.010158
0.002739 0.071823 0.010223
0.002629 0.070851 0.009812
0.000000 0.072070 0.010473
0.005289 0.071351 0.009161
0.005079 0.070422 0.008797
0.007183 0.069833 0.007183
0.007505 0.070603 0.007505
0.009203 0.070593 0.005313
0.008797 0.070041 0.005079
0.009998 0.071306 0.003508
0.009812 0.071098 0.002629
0.010440 0.072735 0.001903
0.010158 -0.000038 -0.000000
0.009812 -0.000038 0.002629
0.008797 -0.000038 0.005079
0.007183 -0.000038 0.007183
0.005079 -0.000038 0.008797
0.002629 -0.000038 0.009812
0.000000 -0.000038 0.010158
0.002629 0.130127 0.009812
0.000000 0.130127 0.010158
0.005079 0.130127 0.008797
0.007183 0.130127 0.007183
0.008797 0.130127 0.005079
0.009812 0.130127 0.002629
0.010158 0.130127 -0.000000
0.009812 0.082314 0.002629
0.010292 0.081384 0.002435
0.009832 0.083037 0.004029
0.008797 0.084589 0.005079
0.008785 0.084789 0.005888
0.007183 0.086695 0.007183
0.007243 0.086568 0.007771
0.005079 0.088171 0.008797
0.005298 0.087898 0.009176
0.002737 0.088906 0.010216
0.002629 0.089079 0.009812
0.000000 0.089230 0.010549
0.000000 0.089424 0.010158
0.010158 0.079608 -0.000000
0.010132 0.073897 -0.000195
0.010043 0.076806 -0.000471
0.010604 0.074619 0.000659
0.010652 0.076796 0.000127
0.014010 0.076369 -0.000962
0.010563 0.079233 0.000997
0.014026 0.102462 -0.000927
0.009996 0.131675 0.009996
0.012242 0.131675 0.007068
0.009724 0.132233 0.009723
0.011909 0.132233 0.006876
0.008872 0.131717 0.010858
0.008158 0.132233 0.010900
0.013654 0.131675 0.003662
0.013282 0.132233 0.003559
0.013877 0.132110 0.001425
0.013526 0.132233 0.001605
0.013864 0.131744 0.002060
0.013554 0.136198 0.001325
0.013982 0.132821 0.001143
0.013991 0.136342 0.001014
0.013526 0.132233 0.001605
0.008178 0.131978 0.011391
0.008158 0.132233 0.010900
0.007907 0.132841 0.011603
0.012642 0.137915 0.000630
0.012393 0.137571 0.001001
0.011239 0.137614 0.000680
0.011247 0.137985 0.000279
0.009009 0.137985 0.000695
0.009143 0.137603 0.001058
0.007318 0.137604 0.002088
0.007068 0.137986 0.001790
0.005730 0.137986 0.003517
0.006002 0.137604 0.003673
0.005399 0.137603 0.005641
0.005098 0.137985 0.005597
0.005541 0.137603 0.007731
0.005164 0.137985 0.007820
0.006380 0.137614 0.009691
0.006048 0.137985 0.009919
0.007155 0.137572 0.010374
0.006977 0.137905 0.010790
0.007950 0.136210 0.011070
0.007907 0.136345 0.011603
0.014136 0.136339 -0.000000
0.012642 0.137915 0.000630
0.013991 0.136342 0.001014
0.011345 0.132233 0.000981
0.009143 0.132233 0.001058
0.007318 0.132233 0.002088
0.006002 0.132233 0.003673
0.005399 0.132233 0.005641
0.005541 0.132233 0.007731
0.006689 0.132233 0.009616
0.007068 0.136340 0.012242
0.007907 0.132841 0.011603
0.007907 0.136345 0.011603
0.013982 0.132821 0.001143
0.011345 0.132233 0.000981
0.006977 0.137905 0.010790
0.013877 0.132110 0.001425
0.013864 0.131744 0.002060
0.013641 0.128147 0.003693
0.012242 0.131675 0.007068
0.013654 0.131675 0.003662
0.012242 0.128147 0.007068
0.009996 0.131675 0.009996
0.009996 0.128147 0.009996
0.008872 0.131717 0.010858
0.007068 0.128147 0.012242
0.008178 0.131978 0.011391
0.007068 0.131846 0.012242
0.013596 0.131235 -0.003653
0.011979 0.131355 -0.006916
0.013335 0.131705 -0.003614
0.012214 0.130842 -0.007052
0.013724 0.131725 -0.002251
0.013491 0.132404 -0.001893
0.009798 0.131705 -0.009741
0.009953 0.131257 -0.009940
0.008414 0.132253 -0.010728
0.008755 0.131741 -0.010856
0.008366 0.132048 -0.011160
0.008326 0.132641 -0.011199
0.008367 0.136190 -0.010665
0.008414 0.132253 -0.010728
0.008298 0.136335 -0.011305
0.000000 0.131182 0.014103
0.003656 0.131339 0.013644
0.000000 0.131695 0.013832
0.003575 0.132050 0.013343
0.005080 0.132612 0.012653
0.004461 0.131547 0.013316
0.005080 0.132612 0.012653
0.005384 0.132113 0.012941
0.005641 0.133007 0.012839
0.013756 0.132081 -0.001708
0.013491 0.132404 -0.001893
0.013820 0.132970 -0.001548
0.013418 0.136168 -0.001884
0.012565 0.137946 -0.001485
0.013935 0.136335 -0.001633
0.012295 0.137498 -0.001775
0.008440 0.137986 -0.000750
0.008270 0.137530 -0.001069
0.005421 0.137986 0.001226
0.005105 0.137530 0.000970
0.004827 0.137986 0.002838
0.005421 0.137986 0.001226
0.004428 0.137530 0.002611
0.005105 0.137530 0.000970
0.003466 0.137986 0.004409
0.003193 0.137530 0.004262
0.003526 0.137986 0.007535
0.003466 0.137986 0.004409
0.003271 0.137529 0.007616
0.003193 0.137530 0.004262
0.005103 0.137930 0.011776
0.004699 0.137494 0.011733
0.005641 0.136335 0.012839
0.005052 0.136190 0.012579
0.001988 0.137986 -0.005365
0.000000 0.137530 -0.005107
0.002095 0.137530 -0.004896
0.000000 0.137986 -0.005565
0.004663 0.137986 -0.006993
0.001988 0.137986 -0.005365
0.004960 0.137529 -0.006641
0.002095 0.137530 -0.004896
0.007810 0.137489 -0.009935
0.007589 0.137933 -0.010404
0.006796 0.128147 -0.012091
0.008755 0.131741 -0.010856
0.008366 0.132048 -0.011160
0.004428 0.130127 0.002611
0.004428 0.137530 0.002611
0.008270 0.135173 -0.001069
0.005105 0.135171 0.000970
0.003193 0.137530 0.004262
0.003193 0.135173 0.004262
0.003278 0.135173 0.007616
0.005103 0.137930 0.011776
0.005641 0.136335 0.012839
0.013820 0.132970 -0.001548
0.005641 0.133007 0.012839
0.004957 0.135173 -0.006647
0.002095 0.135173 -0.004896
0.007068 0.136340 -0.012242
0.007589 0.137933 -0.010404
0.008298 0.136335 -0.011305
0.008326 0.132641 -0.011199
0.005105 0.137530 0.000970
0.002095 0.137530 -0.004896
0.012565 0.137946 -0.001485
0.013935 0.136335 -0.001633
0.012214 0.130842 -0.007052
0.009953 0.131257 -0.009940
0.013596 0.131235 -0.003653
0.013594 0.128147 -0.003688
0.004461 0.131547 0.013316
0.005384 0.132113 0.012941
0.003657 0.128147 0.013646
0.000000 0.131182 0.014103
0.003656 0.131339 0.013644
0.000000 0.128147 0.014110
0.008440 0.137986 -0.000750
0.007068 0.137986 0.001790
0.009009 0.137985 0.000695
0.005730 0.137986 0.003517
0.005098 0.137985 0.005597
0.003526 0.137986 0.007535
0.005164 0.137985 0.007820
0.006048 0.137985 0.009919
0.005103 0.137930 0.011776
0.006977 0.137905 0.010790
0.012565 0.137946 -0.001485
0.011247 0.137985 0.000279
0.012642 0.137915 0.000630
0.003659 0.131868 -0.013655
0.000000 0.131868 -0.014136
0.003563 0.132253 -0.013299
0.005151 0.131868 -0.013035
0.005360 0.132253 -0.012534
0.005687 0.132065 -0.012813
0.005360 0.132253 -0.012534
0.005860 0.132641 -0.012742
0.000000 0.137986 -0.006830
0.001968 0.137632 -0.007515
0.000000 0.137633 -0.007058
0.002105 0.137986 -0.007238
0.003778 0.137630 -0.008554
0.003843 0.137984 -0.008306
0.005401 0.137978 -0.010200
0.005203 0.137626 -0.010370
0.005794 0.137905 -0.011441
0.005426 0.137569 -0.011378
0.005632 0.136017 -0.012529
0.006122 0.136345 -0.012638
0.000000 0.132253 -0.007429
0.001885 0.132253 -0.007867
0.003620 0.132253 -0.008861
0.004983 0.132253 -0.010601
0.007068 0.132004 -0.012242
0.005860 0.132641 -0.012742
0.005687 0.132065 -0.012813
0.004983 0.132253 -0.010601
0.006122 0.136345 -0.012638
0.005794 0.137905 -0.011441
0.003659 0.128147 -0.013655
0.000000 0.128147 -0.014136
0.000000 0.131868 -0.014136
0.003659 0.131868 -0.013655
0.005151 0.131868 -0.013035
0.000000 0.137986 -0.006830
0.002105 0.137986 -0.007238
0.004663 0.137986 -0.006993
0.003843 0.137984 -0.008306
0.005401 0.137978 -0.010200
0.007589 0.137933 -0.010404
0.005794 0.137905 -0.011441
0.013431 0.053968 -0.004199
0.013493 0.073406 -0.004049
0.013514 0.080148 -0.003997
0.012242 0.063712 -0.007068
0.009996 0.041653 -0.009996
0.013724 0.131725 -0.002251
0.000000 -0.000038 0.014136
0.003659 -0.000038 0.013655
0.007068 -0.000038 0.012242
0.009996 -0.000038 0.009996
0.009996 -0.000038 -0.009996
0.007068 -0.000038 -0.012242
0.003659 -0.000038 -0.013655
0.000000 -0.000038 -0.014136
0.005384 0.132113 0.012941
0.008178 0.131978 0.011391
0.013756 0.132081 -0.001708
0.008366 0.132048 -0.011160
0.013877 0.132110 0.001425
0.005687 0.132065 -0.012813
-0.012242 0.041653 -0.007068
-0.013402 0.041653 -0.004268
-0.013411 0.047680 -0.004247
-0.012242 0.089460 -0.007068
-0.012219 0.128147 -0.007055
-0.009961 0.128147 -0.009951
-0.009996 0.089442 -0.009996
0.000000 0.063693 -0.014136
0.000000 0.041653 -0.014136
-0.003659 0.041653 -0.013655
-0.003659 0.063693 -0.013655
-0.003659 0.119137 0.013655
0.000000 0.118045 0.013414
0.000000 0.119418 0.014136
-0.003468 0.117673 0.012943
-0.007068 0.117832 0.012242
-0.006744 0.116461 0.011681
-0.011212 0.111959 0.006617
-0.009489 0.114473 0.009489
-0.012242 0.113566 0.007068
-0.009996 0.115928 0.009996
-0.013588 0.110660 0.003819
-0.012178 0.109956 0.004431
-0.013863 0.108737 0.001904
-0.012834 0.107647 0.002234
-0.007068 0.041653 -0.012242
-0.007068 0.063693 -0.012242
-0.013282 -0.000038 -0.004560
-0.008797 -0.000038 -0.005079
-0.009812 -0.000038 -0.002629
-0.012242 -0.000038 -0.007068
-0.010158 -0.000038 -0.000000
-0.009812 -0.000038 0.002629
-0.013282 -0.000038 0.004560
-0.008797 -0.000038 0.005079
-0.012242 -0.000038 0.007068
-0.007183 -0.000038 0.007183
-0.009996 -0.000038 0.009996
-0.007068 -0.000038 0.012242
-0.005079 -0.000038 0.008797
-0.002629 -0.000038 0.009812
-0.003659 -0.000038 0.013655
0.000000 -0.000038 0.014136
0.000000 -0.000038 0.010158
-0.002629 -0.000038 -0.009812
0.000000 -0.000038 -0.014136
0.000000 -0.000038 -0.010158
-0.003659 -0.000038 -0.013655
-0.007068 -0.000038 -0.012242
-0.005079 -0.000038 -0.008797
-0.007183 -0.000038 -0.007183
-0.009996 -0.000038 -0.009996
-0.009812 0.130127 -0.002629
-0.009812 0.102446 -0.002629
-0.008797 0.102446 -0.005079
-0.008797 0.130127 -0.005079
-0.010456 0.104893 0.000509
-0.010158 0.105994 -0.000000
-0.010274 0.107045 0.001999
-0.009812 0.108597 0.002629
-0.008797 0.110795 0.005079
-0.009637 0.109243 0.004196
-0.008803 0.110882 0.005938
-0.007183 0.112852 0.007183
-0.007605 0.112445 0.007605
-0.005366 0.114038 0.009295
-0.005079 0.114240 0.008797
-0.002776 0.115057 0.010360
-0.002629 0.115113 0.009812
0.000000 0.115391 0.010724
0.000000 0.115411 0.010158
-0.002629 0.130127 -0.009812
0.000000 0.102446 -0.010158
0.000000 0.130127 -0.010158
-0.002629 0.102446 -0.009812
-0.005079 0.130127 -0.008797
-0.005079 0.102446 -0.008797
-0.007183 0.130127 -0.007183
-0.007183 0.102446 -0.007183
-0.013282 -0.000038 0.000000
-0.003659 0.093002 0.013655
0.000000 0.092266 0.013647
0.000000 0.093471 0.014136
-0.003513 0.091730 0.013111
-0.007068 0.091760 0.012242
-0.006840 0.090513 0.011848
-0.009996 0.089875 0.009996
-0.009741 0.088736 0.009741
-0.011849 0.086298 0.006841
-0.012242 0.087398 0.007068
-0.013513 0.084921 0.004001
-0.012782 0.084200 0.004451
-0.013825 0.083216 0.002000
-0.013198 0.082037 0.002335
0.000000 0.048861 0.013434
-0.003659 0.047922 0.013655
0.000000 0.048529 0.014136
-0.003458 0.048275 0.012905
-0.007068 0.046484 0.012242
-0.006564 0.046944 0.011369
-0.009996 0.044659 0.009996
-0.009358 0.045226 0.009358
-0.012242 0.043664 0.007068
-0.011464 0.044379 0.006619
-0.003659 0.067111 0.013655
0.000000 0.066050 0.013403
0.000000 0.067549 0.014136
-0.003480 0.065648 0.012988
-0.007068 0.065804 0.012242
-0.006695 0.064298 0.011596
-0.009493 0.062402 0.009493
-0.009996 0.063781 0.009996
-0.011599 0.060021 0.006696
-0.012242 0.061564 0.007068
-0.013440 0.059124 0.004178
-0.012520 0.058150 0.004579
-0.013788 0.057198 0.002089
-0.013155 0.056228 0.002481
-0.007192 0.135148 -0.004196
-0.008026 0.135173 -0.002151
-0.004423 0.135173 -0.002553
-0.005073 0.135173 -0.000826
-0.005876 0.135173 -0.005876
-0.003444 0.135173 -0.003967
-0.004957 0.135173 -0.006647
-0.002095 0.135173 -0.004896
-0.002151 0.135173 0.008026
0.000000 0.135173 0.005157
-0.001590 0.135174 0.004980
0.000000 0.135173 0.008309
-0.003278 0.135173 0.007616
-0.003193 0.135173 0.004262
-0.005073 0.135173 -0.000826
-0.005073 0.130127 -0.000826
-0.004423 0.130127 -0.002553
-0.004423 0.135173 -0.002553
-0.003444 0.130127 -0.003967
-0.003444 0.135173 -0.003967
-0.002095 0.130127 -0.004896
-0.002095 0.135173 -0.004896
0.000000 0.130127 -0.005107
0.000000 0.137530 -0.005107
-0.001590 0.130127 0.004980
0.000000 0.135173 0.005157
0.000000 0.130127 0.005157
-0.001590 0.135174 0.004980
-0.003193 0.135173 0.004262
-0.003193 0.130127 0.004262
-0.005105 0.135171 0.000970
-0.005105 0.130127 0.000970
-0.008270 0.135173 -0.001069
-0.005105 0.135171 0.000970
-0.001885 0.132253 -0.007867
0.000000 0.132253 -0.007429
0.000000 0.132253 -0.013732
-0.009143 0.132233 0.001058
-0.006689 0.132233 0.009616
-0.007318 0.132233 0.002088
-0.005541 0.132233 0.007731
-0.003620 0.132253 -0.008861
-0.005105 0.130127 0.000970
-0.009812 0.130127 0.002629
-0.010158 0.130127 -0.000000
-0.003193 0.130127 0.004262
-0.007183 0.130127 0.007183
-0.004428 0.130127 0.002611
-0.008797 0.130127 0.005079
-0.001590 0.130127 0.004980
-0.005079 0.130127 0.008797
-0.002629 0.130127 0.009812
0.000000 0.130127 0.005157
0.000000 0.130127 0.010158
-0.005073 0.130127 -0.000826
-0.009812 0.130127 -0.002629
-0.002095 0.130127 -0.004896
-0.002629 0.130127 -0.009812
0.000000 0.130127 -0.005107
0.000000 0.130127 -0.010158
-0.005079 0.130127 -0.008797
-0.003444 0.130127 -0.003967
-0.007183 0.130127 -0.007183
-0.004423 0.130127 -0.002553
-0.008797 0.130127 -0.005079
-0.013282 -0.000038 -0.004560
-0.013282 -0.000038 0.000000
-0.013282 0.009264 -0.004559
-0.009812 -0.000038 -0.002629
-0.008797 0.050986 -0.005079
-0.009812 0.050986 -0.002629
-0.008797 -0.000038 -0.005079
-0.010133 0.046699 0.002156
-0.009674 0.045323 0.003850
-0.009812 0.045220 0.002629
-0.008797 0.043934 0.005079
-0.009142 0.044628 0.005278
-0.007183 0.043875 0.007183
-0.007416 0.044621 0.007416
-0.005079 0.044352 0.008797
-0.005210 0.045110 0.009023
-0.002629 0.044983 0.009812
-0.002694 0.045773 0.010054
0.000000 0.045267 0.010158
0.000000 0.045974 0.010370
-0.002629 0.050986 -0.009812
0.000000 -0.000038 -0.010158
0.000000 0.050986 -0.010158
-0.002629 -0.000038 -0.009812
-0.005079 0.050986 -0.008797
-0.005079 -0.000038 -0.008797
-0.007183 0.050986 -0.007183
-0.007183 -0.000038 -0.007183
-0.010394 0.053079 0.000699
-0.010158 0.053352 -0.000000
-0.010093 0.055177 0.002203
-0.009812 0.056452 0.002629
-0.008797 0.058658 0.005079
-0.009657 0.056784 0.003821
-0.008886 0.058498 0.005592
-0.007183 0.060568 0.007183
-0.007169 0.060449 0.007636
-0.005079 0.062198 0.008797
-0.005265 0.061879 0.009119
-0.002629 0.063088 0.009812
-0.002728 0.062911 0.010180
0.000000 0.063250 0.010527
0.000000 0.063423 0.010158
-0.002682 0.097527 0.010009
0.000000 0.097202 0.010158
-0.002629 0.096839 0.009812
0.000000 0.097983 0.010456
-0.005205 0.096978 0.009015
-0.005079 0.096247 0.008797
-0.007183 0.095818 0.007183
-0.007412 0.096477 0.007412
-0.009029 0.096504 0.005213
-0.008797 0.095975 0.005079
-0.009786 0.097361 0.003401
-0.009812 0.096968 0.002629
-0.010158 0.099315 -0.000000
-0.010175 0.098649 0.001818
-0.010054 0.102446 -0.000789
-0.010365 0.100238 0.000651
-0.010486 0.102446 -0.000026
-0.010418 0.050986 0.000213
-0.010378 0.048256 0.000850
-0.010158 0.048202 -0.000000
-0.010054 0.050986 -0.000515
-0.002728 0.062911 0.010180
0.000000 0.063250 0.010527
-0.005265 0.061879 0.009119
-0.007169 0.060449 0.007636
-0.008886 0.058498 0.005592
-0.009657 0.056784 0.003821
-0.009832 0.083037 0.004029
-0.008785 0.084789 0.005888
-0.007243 0.086568 0.007771
-0.005298 0.087898 0.009176
-0.002737 0.088906 0.010216
0.000000 0.089230 0.010549
-0.009637 0.109243 0.004196
-0.008803 0.110882 0.005938
-0.007605 0.112445 0.007605
-0.005366 0.114038 0.009295
-0.002776 0.115057 0.010360
0.000000 0.115391 0.010724
-0.013385 0.079360 0.000778
-0.014136 0.080116 -0.000000
-0.014136 0.053968 -0.000000
-0.013448 0.053658 0.000717
-0.012741 0.044632 0.004004
-0.013771 0.044898 0.002096
-0.013378 0.043772 0.004326
-0.013224 0.046143 0.001865
-0.013148 0.105201 0.000458
-0.014136 0.106244 -0.000000
-0.010486 0.102446 -0.000026
-0.013204 0.100012 0.000717
-0.010365 0.100238 0.000651
-0.013321 0.102446 -0.000117
-0.009786 0.097361 0.003401
-0.011525 0.096498 0.006629
-0.009029 0.096504 0.005213
-0.012522 0.096842 0.003919
-0.007412 0.096477 0.007412
-0.009390 0.097366 0.009390
-0.006647 0.098941 0.011514
-0.005205 0.096978 0.009015
-0.003453 0.100031 0.012887
-0.002682 0.097527 0.010009
0.000000 0.097983 0.010456
0.000000 0.100523 0.013346
-0.010175 0.098649 0.001818
-0.013007 0.098182 0.001972
-0.010274 0.107045 0.001999
-0.010456 0.104893 0.000509
-0.013432 0.076471 -0.000037
-0.010604 0.074619 0.000659
-0.010652 0.076796 0.000127
-0.013342 0.074085 0.000607
-0.009998 0.071306 0.003508
-0.011716 0.070364 0.006764
-0.009203 0.070593 0.005313
-0.012912 0.070308 0.003904
-0.009483 0.071471 0.009483
-0.007505 0.070603 0.007505
-0.006649 0.072887 0.011516
-0.005289 0.071351 0.009161
-0.002739 0.071823 0.010223
-0.003442 0.074107 0.012845
0.000000 0.074648 0.013298
0.000000 0.072070 0.010473
-0.010440 0.072735 0.001903
-0.013187 0.071847 0.001941
-0.010292 0.081384 0.002435
-0.010563 0.079233 0.000997
-0.010394 0.053079 0.000699
-0.013527 0.050990 0.000051
-0.010418 0.050986 0.000213
-0.009674 0.045323 0.003850
-0.009142 0.044628 0.005278
-0.007416 0.044621 0.007416
-0.005210 0.045110 0.009023
-0.002694 0.045773 0.010054
0.000000 0.045974 0.010370
-0.010133 0.046699 0.002156
-0.010093 0.055177 0.002203
-0.013282 0.009264 0.004559
-0.013282 -0.000038 0.004560
-0.012242 -0.000038 0.007068
-0.014136 0.047646 -0.000000
-0.013371 0.048022 0.000609
-0.013301 0.012977 -0.004512
-0.013282 0.010091 -0.000000
-0.014136 0.012977 -0.000000
-0.014023 0.050978 -0.000667
-0.012242 -0.000038 -0.007068
-0.007068 0.089442 -0.012242
-0.009996 0.063693 -0.009996
0.000000 0.089442 -0.014136
-0.003659 0.089442 -0.013655
-0.013585 0.106265 -0.003809
-0.013575 0.099548 -0.003852
-0.005399 0.132233 0.005641
-0.006002 0.132233 0.003673
-0.013300 0.012976 0.004515
0.000000 0.041653 0.014136
-0.003659 0.041653 0.013655
-0.007068 0.041653 0.012242
-0.009996 0.041653 0.009996
-0.012242 0.041653 0.007068
-0.013372 0.041653 0.004340
-0.014136 0.041653 -0.000000
-0.014136 0.073373 -0.000000
-0.013797 0.070667 0.002066
-0.013458 0.069534 0.004133
-0.012242 0.069675 0.007068
-0.009996 0.070966 0.009996
-0.007068 0.072460 0.012242
-0.003659 0.073738 0.013655
0.000000 0.074462 0.014136
-0.014136 0.099517 -0.000000
-0.013833 0.097034 0.001979
-0.013531 0.095955 0.003957
-0.012242 0.095650 0.007068
-0.009996 0.096862 0.009996
-0.007068 0.098553 0.012242
-0.003659 0.099706 0.013655
0.000000 0.100175 0.014136
-0.014136 0.128147 -0.000000
-0.014136 0.131819 -0.000000
-0.013756 0.132081 -0.001708
-0.010378 0.048256 0.000850
-0.002739 0.071823 0.010223
0.000000 0.071170 0.010158
-0.002629 0.070851 0.009812
0.000000 0.072070 0.010473
-0.005289 0.071351 0.009161
-0.005079 0.070422 0.008797
-0.007183 0.069833 0.007183
-0.007505 0.070603 0.007505
-0.009203 0.070593 0.005313
-0.008797 0.070041 0.005079
-0.009998 0.071306 0.003508
-0.009812 0.071098 0.002629
-0.010440 0.072735 0.001903
-0.010158 -0.000038 -0.000000
-0.009812 -0.000038 0.002629
-0.008797 -0.000038 0.005079
-0.007183 -0.000038 0.007183
-0.005079 -0.000038 0.008797
-0.002629 -0.000038 0.009812
0.000000 -0.000038 0.010158
-0.002629 0.130127 0.009812
0.000000 0.130127 0.010158
-0.005079 0.130127 0.008797
-0.007183 0.130127 0.007183
-0.008797 0.130127 0.005079
-0.009812 0.130127 0.002629
-0.010158 0.130127 -0.000000
-0.009812 0.082314 0.002629
-0.009832 0.083037 0.004029
-0.010292 0.081384 0.002435
-0.008797 0.084589 0.005079
-0.008785 0.084789 0.005888
-0.007183 0.086695 0.007183
-0.007243 0.086568 0.007771
-0.005079 0.088171 0.008797
-0.005298 0.087898 0.009176
-0.002737 0.088906 0.010216
-0.002629 0.089079 0.009812
0.000000 0.089230 0.010549
0.000000 0.089424 0.010158
-0.010158 0.079608 -0.000000
-0.010043 0.076806 -0.000471
-0.010132 0.073897 -0.000195
-0.010604 0.074619 0.000659
-0.010652 0.076796 0.000127
-0.014010 0.076369 -0.000962
-0.010563 0.079233 0.000997
-0.014026 0.102462 -0.000927
-0.012242 0.131675 0.007068
-0.009996 0.131675 0.009996
-0.009724 0.132233 0.009723
-0.011909 0.132233 0.006876
-0.008872 0.131717 0.010858
-0.008158 0.132233 0.010900
-0.013654 0.131675 0.003662
-0.013282 0.132233 0.003559
-0.013877 0.132110 0.001425
-0.013864 0.131744 0.002060
-0.013526 0.132233 0.001605
-0.013554 0.136198 0.001325
-0.013982 0.132821 0.001143
-0.013526 0.132233 0.001605
-0.013991 0.136342 0.001014
-0.008178 0.131978 0.011391
-0.007907 0.132841 0.011603
-0.008158 0.132233 0.010900
-0.012393 0.137571 0.001001
-0.012642 0.137915 0.000630
-0.011247 0.137985 0.000279
-0.011239 0.137614 0.000680
-0.009009 0.137985 0.000695
-0.009143 0.137603 0.001058
-0.007318 0.137604 0.002088
-0.007068 0.137986 0.001790
-0.005730 0.137986 0.003517
-0.006002 0.137604 0.003673
-0.005098 0.137985 0.005597
-0.005399 0.137603 0.005641
-0.005541 0.137603 0.007731
-0.005164 0.137985 0.007820
-0.006380 0.137614 0.009691
-0.006048 0.137985 0.009919
-0.007155 0.137572 0.010374
-0.006977 0.137905 0.010790
-0.007950 0.136210 0.011070
-0.007907 0.136345 0.011603
-0.014136 0.136339 -0.000000
-0.013991 0.136342 0.001014
-0.012642 0.137915 0.000630
-0.011345 0.132233 0.000981
-0.009143 0.132233 0.001058
-0.007318 0.132233 0.002088
-0.006002 0.132233 0.003673
-0.005399 0.132233 0.005641
-0.005541 0.132233 0.007731
-0.006689 0.132233 0.009616
-0.007068 0.136340 0.012242
-0.007907 0.136345 0.011603
-0.007907 0.132841 0.011603
-0.013982 0.132821 0.001143
-0.011345 0.132233 0.000981
-0.006977 0.137905 0.010790
-0.013877 0.132110 0.001425
-0.013864 0.131744 0.002060
-0.013641 0.128147 0.003693
-0.012242 0.131675 0.007068
-0.012242 0.128147 0.007068
-0.013654 0.131675 0.003662
-0.009996 0.131675 0.009996
-0.009996 0.128147 0.009996
-0.008872 0.131717 0.010858
-0.007068 0.128147 0.012242
-0.007068 0.131846 0.012242
-0.008178 0.131978 0.011391
-0.013596 0.131235 -0.003653
-0.011979 0.131355 -0.006916
-0.012214 0.130842 -0.007052
-0.013335 0.131705 -0.003614
-0.013724 0.131725 -0.002251
-0.013491 0.132404 -0.001893
-0.009798 0.131705 -0.009741
-0.009953 0.131257 -0.009940
-0.008414 0.132253 -0.010728
-0.008366 0.132048 -0.011160
-0.008755 0.131741 -0.010856
-0.008367 0.136190 -0.010665
-0.008326 0.132641 -0.011199
-0.008414 0.132253 -0.010728
-0.008298 0.136335 -0.011305
0.000000 0.131695 0.013832
-0.003575 0.132050 0.013343
-0.003656 0.131339 0.013644
0.000000 0.131182 0.014103
-0.005080 0.132612 0.012653
-0.004461 0.131547 0.013316
-0.005080 0.132612 0.012653
-0.005641 0.133007 0.012839
-0.005384 0.132113 0.012941
-0.013756 0.132081 -0.001708
-0.013820 0.132970 -0.001548
-0.013491 0.132404 -0.001893
-0.012565 0.137946 -0.001485
-0.013418 0.136168 -0.001884
-0.013935 0.136335 -0.001633
-0.012295 0.137498 -0.001775
-0.008440 0.137986 -0.000750
-0.008270 0.137530 -0.001069
-0.005421 0.137986 0.001226
-0.005105 0.137530 0.000970
-0.004428 0.137530 0.002611
-0.005421 0.137986 0.001226
-0.004827 0.137986 0.002838
-0.005105 0.137530 0.000970
-0.003466 0.137986 0.004409
-0.003193 0.137530 0.004262
-0.003271 0.137529 0.007616
-0.003466 0.137986 0.004409
-0.003526 0.137986 0.007535
-0.003193 0.137530 0.004262
-0.005103 0.137930 0.011776
-0.004699 0.137494 0.011733
-0.005641 0.136335 0.012839
-0.005052 0.136190 0.012579
0.000000 0.137530 -0.005107
-0.001988 0.137986 -0.005365
-0.002095 0.137530 -0.004896
0.000000 0.137986 -0.005565
-0.004960 0.137529 -0.006641
-0.001988 0.137986 -0.005365
-0.004663 0.137986 -0.006993
-0.002095 0.137530 -0.004896
-0.007810 0.137489 -0.009935
-0.007589 0.137933 -0.010404
-0.008755 0.131741 -0.010856
-0.006796 0.128147 -0.012091
-0.004428 0.130127 0.002611
-0.004428 0.137530 0.002611
-0.008270 0.135173 -0.001069
-0.005105 0.135171 0.000970
-0.003193 0.137530 0.004262
-0.003278 0.135173 0.007616
-0.003193 0.135173 0.004262
-0.005641 0.136335 0.012839
-0.005103 0.137930 0.011776
-0.013820 0.132970 -0.001548
-0.005641 0.133007 0.012839
-0.004957 0.135173 -0.006647
-0.002095 0.135173 -0.004896
-0.007068 0.136340 -0.012242
-0.008298 0.136335 -0.011305
-0.007589 0.137933 -0.010404
-0.008326 0.132641 -0.011199
-0.005105 0.137530 0.000970
-0.002095 0.137530 -0.004896
-0.012565 0.137946 -0.001485
-0.013935 0.136335 -0.001633
-0.012214 0.130842 -0.007052
-0.009953 0.131257 -0.009940
-0.013596 0.131235 -0.003653
-0.013594 0.128147 -0.003688
-0.004461 0.131547 0.013316
-0.005384 0.132113 0.012941
-0.003657 0.128147 0.013646
0.000000 0.131182 0.014103
0.000000 0.128147 0.014110
-0.003656 0.131339 0.013644
-0.008440 0.137986 -0.000750
-0.007068 0.137986 0.001790
-0.009009 0.137985 0.000695
-0.005730 0.137986 0.003517
-0.005098 0.137985 0.005597
-0.003526 0.137986 0.007535
-0.005164 0.137985 0.007820
-0.006048 0.137985 0.009919
-0.006977 0.137905 0.010790
-0.005103 0.137930 0.011776
-0.011247 0.137985 0.000279
-0.012565 0.137946 -0.001485
-0.012642 0.137915 0.000630
0.000000 0.131868 -0.014136
-0.003563 0.132253 -0.013299
-0.003659 0.131868 -0.013655
-0.005151 0.131868 -0.013035
-0.005360 0.132253 -0.012534
-0.005687 0.132065 -0.012813
-0.005860 0.132641 -0.012742
-0.005360 0.132253 -0.012534
-0.001968 0.137632 -0.007515
0.000000 0.137986 -0.006830
0.000000 0.137633 -0.007058
-0.002105 0.137986 -0.007238
-0.003778 0.137630 -0.008554
-0.003843 0.137984 -0.008306
-0.005401 0.137978 -0.010200
-0.005203 0.137626 -0.010370
-0.005794 0.137905 -0.011441
-0.005426 0.137569 -0.011378
-0.006122 0.136345 -0.012638
-0.005632 0.136017 -0.012529
-0.001885 0.132253 -0.007867
0.000000 0.132253 -0.007429
-0.003620 0.132253 -0.008861
-0.004983 0.132253 -0.010601
-0.007068 0.132004 -0.012242
-0.005860 0.132641 -0.012742
-0.005687 0.132065 -0.012813
-0.004983 0.132253 -0.010601
-0.005794 0.137905 -0.011441
-0.006122 0.136345 -0.012638
-0.003659 0.128147 -0.013655
0.000000 0.131868 -0.014136
0.000000 0.128147 -0.014136
-0.003659 0.131868 -0.013655
-0.005151 0.131868 -0.013035
0.000000 0.137986 -0.006830
-0.002105 0.137986 -0.007238
-0.004663 0.137986 -0.006993
-0.003843 0.137984 -0.008306
-0.005401 0.137978 -0.010200
-0.005794 0.137905 -0.011441
-0.007589 0.137933 -0.010404
-0.013431 0.053968 -0.004199
-0.013493 0.073406 -0.004049
-0.013514 0.080148 -0.003997
-0.012242 0.063712 -0.007068
-0.009996 0.041653 -0.009996
-0.013724 0.131725 -0.002251
0.000000 -0.000038 0.014136
-0.003659 -0.000038 0.013655
-0.007068 -0.000038 0.012242
-0.009996 -0.000038 0.009996
-0.009996 -0.000038 -0.009996
-0.007068 -0.000038 -0.012242
-0.003659 -0.000038 -0.013655
0.000000 -0.000038 -0.014136
-0.005384 0.132113 0.012941
-0.008178 0.131978 0.011391
-0.013756 0.132081 -0.001708
-0.008366 0.132048 -0.011160
-0.013877 0.132110 0.001425
-0.005687 0.132065 -0.012813
-0.008366 0.132048 -0.011160
-0.003100 0.062384 0.003999
-0.009682 0.063454 0.005590
-0.006748 0.066274 0.008794
-0.005002 0.057662 0.000675
-0.004894 0.058653 -0.001352
-0.005002 0.059573 0.000675
-0.004894 0.056743 -0.001352
-0.003990 0.058497 -0.003098
-0.003990 0.056586 -0.003098
-0.002548 0.058475 -0.004412
-0.002548 0.056564 -0.004412
-0.000659 0.058467 -0.005008
-0.000659 0.056556 -0.005008
0.000659 0.061460 0.005008
-0.001319 0.063287 0.004921
0.000659 0.063371 0.005008
-0.001319 0.061376 0.004921
-0.003100 0.062384 0.003999
-0.003100 0.060474 0.003999
-0.004434 0.061002 0.002551
-0.004434 0.059091 0.002551
-0.006748 0.064364 0.008794
-0.009682 0.061544 0.005590
-0.003100 0.060474 0.003999
-0.004434 0.061002 0.002551
-0.010663 0.061149 0.002971
-0.005002 0.059573 0.000675
-0.010932 0.058681 -0.001885
-0.004894 0.058653 -0.001352
-0.003990 0.058497 -0.003098
-0.009682 0.058465 -0.005590
-0.002548 0.058475 -0.004412
-0.004242 0.058408 -0.010241
-0.000659 0.058467 -0.005008
0.001447 0.058399 -0.010990
-0.001447 0.068207 0.010990
0.000659 0.063371 0.005008
-0.001319 0.063287 0.004921
-0.001319 0.061376 0.004921
-0.001447 0.066296 0.010990
0.000659 0.061460 0.005008
-0.004434 0.059091 0.002551
-0.010857 0.058782 0.002452
-0.003990 0.056586 -0.003098
-0.011021 0.056891 -0.001212
-0.009682 0.056526 -0.005590
-0.004894 0.056743 -0.001352
-0.005002 0.057662 0.000675
-0.004242 0.056498 -0.010241
0.001447 0.056488 -0.010990
-0.000659 0.056556 -0.005008
-0.002548 0.056564 -0.004412
0.010663 0.061149 0.002971
0.004988 0.058916 -0.000660
0.004921 0.059968 0.001319
0.010932 0.058681 -0.001885
0.004043 0.061488 0.003069
0.004378 0.058507 -0.002592
0.002547 0.062795 0.004412
0.004242 0.067548 0.010241
0.008794 0.064473 0.006748
0.003075 0.058480 -0.004008
0.006748 0.058426 -0.008794
0.001319 0.058468 -0.004921
0.004988 0.057005 -0.000660
0.011021 0.056891 -0.001212
0.004921 0.058057 0.001319
0.010857 0.058782 0.002452
0.004043 0.059577 0.003069
0.004378 0.056597 -0.002592
0.002547 0.060885 0.004412
0.004242 0.065637 0.010241
0.008794 0.062563 0.006748
0.001319 0.056557 -0.004921
0.006748 0.056515 -0.008794
0.003075 0.056569 -0.004008
0.004921 0.059968 0.001319
0.004043 0.059577 0.003069
0.004043 0.061488 0.003069
0.004921 0.058057 0.001319
0.004988 0.058916 -0.000660
0.004988 0.057005 -0.000660
0.004378 0.058507 -0.002592
0.004378 0.056597 -0.002592
0.002547 0.062795 0.004412
0.002547 0.060885 0.004412
0.003075 0.058480 -0.004008
0.003075 0.056569 -0.004008
0.001319 0.058468 -0.004921
0.001319 0.056557 -0.004921
-0.000659 0.058467 -0.005008
-0.000659 0.056556 -0.005008
-0.003100 0.089081 0.003999
-0.009682 0.090151 0.005590
-0.006748 0.092971 0.008794
-0.005002 0.084359 0.000675
-0.004894 0.085350 -0.001352
-0.005002 0.086270 0.000675
-0.004894 0.083440 -0.001352
-0.003990 0.085193 -0.003098
-0.003990 0.083283 -0.003098
-0.002548 0.085172 -0.004412
-0.002548 0.083261 -0.004412
-0.000659 0.085163 -0.005008
-0.000659 0.083253 -0.005008
0.000659 0.088157 0.005008
-0.001319 0.089984 0.004921
0.000659 0.090067 0.005008
-0.001319 0.088073 0.004921
-0.003100 0.089081 0.003999
-0.003100 0.087171 0.003999
-0.004434 0.087698 0.002551
-0.004434 0.085788 0.002551
-0.006748 0.091060 0.008794
-0.009682 0.088241 0.005590
-0.003100 0.087171 0.003999
-0.004434 0.087698 0.002551
-0.010663 0.087846 0.002971
-0.005002 0.086270 0.000675
-0.010932 0.085377 -0.001885
-0.004894 0.085350 -0.001352
-0.003990 0.085193 -0.003098
-0.009682 0.085162 -0.005590
-0.002548 0.085172 -0.004412
-0.004242 0.085105 -0.010241
-0.000659 0.085163 -0.005008
0.001447 0.085096 -0.010990
-0.001447 0.094904 0.010990
0.000659 0.090067 0.005008
-0.001319 0.089984 0.004921
-0.001319 0.088073 0.004921
-0.001447 0.092993 0.010990
0.000659 0.088157 0.005008
-0.004434 0.085788 0.002551
-0.010857 0.085479 0.002452
-0.003990 0.083283 -0.003098
-0.011021 0.083588 -0.001212
-0.009682 0.083223 -0.005590
-0.004894 0.083440 -0.001352
-0.005002 0.084359 0.000675
-0.004242 0.083195 -0.010241
0.001447 0.083185 -0.010990
-0.000659 0.083253 -0.005008
-0.002548 0.083261 -0.004412
0.010663 0.087846 0.002971
0.004988 0.085613 -0.000660
0.004921 0.086665 0.001319
0.010932 0.085377 -0.001885
0.004043 0.088184 0.003069
0.004378 0.085204 -0.002592
0.002547 0.089492 0.004412
0.004242 0.094245 0.010241
0.008794 0.091170 0.006748
0.003075 0.085177 -0.004008
0.006748 0.085123 -0.008794
0.001319 0.085165 -0.004921
0.004988 0.083702 -0.000660
0.011021 0.083588 -0.001212
0.004921 0.084754 0.001319
0.010857 0.085479 0.002452
0.004043 0.086274 0.003069
0.004378 0.083294 -0.002592
0.002547 0.087581 0.004412
0.004242 0.092334 0.010241
0.008794 0.089260 0.006748
0.001319 0.083254 -0.004921
0.006748 0.083212 -0.008794
0.003075 0.083266 -0.004008
0.004921 0.086665 0.001319
0.004043 0.086274 0.003069
0.004043 0.088184 0.003069
0.004921 0.084754 0.001319
0.004988 0.085613 -0.000660
0.004988 0.083702 -0.000660
0.004378 0.085204 -0.002592
0.004378 0.083294 -0.002592
0.002547 0.089492 0.004412
0.002547 0.087581 0.004412
0.003075 0.085177 -0.004008
0.003075 0.083266 -0.004008
0.001319 0.085165 -0.004921
0.001319 0.083254 -0.004921
-0.000659 0.085163 -0.005008
-0.000659 0.083253 -0.005008
0 3
3 13
6 19
11 12
18 20
23 44
27 32
29 36
34 46
38 57
47 49
51 52
55 57
59 70
60 71
62 160
67 68
71 73
78 80
81 171
87 131
91 94
96 98
100 101
105 107
112 114
113 215
117 120
123 124
127 128
133 144
136 193
139 140
144 145
149 202
153 154
158 169
161 164
166 167
171 175
175 187
179 224
185 186
191 200
197 198
201 202
204 213
206 211
210 212
215 216
225 227
227 232
232 242
236 238
239 332
242 345
248 249
254 255
258 259
264 265
267 274
273 274
278 280
285 287
289 290
291 295
298 321
300 310
306 307
309 322
315 316
319 320
327 328
329 341
332 335
336 338
345 346
352 354
355 356
357 373
360 362
364 365
371 373
377 603
381 510
384 386
388 698
391 470
394 489
397 415
400 402
405 406
411 420
415 765
418 419
423 424
428 430
432 433
437 474
441 442
452 453
456 461
458 772
462 478
470 471
475 689
477 488
482 490
485 486
491 566
494 496
496 620
501 517
509 760
512 513
519 613
522 535
525 719
531 596
536 537
539 540
543 545
547 548
555 556
559 560
565 567
569 585
575 576
579 580
582 589
587 794
590 615
596 597
601 704
606 612
610 611
619 626
624 627
631 632
632 635
637 653
641 645
646 659
652 654
659 685
665 668
670 676
675 679
679 694
681 795
686 687
690 692
695 701
702 718
709 710
714 764
720 721
725 727
730 731
735 737
739 751
744 746
748 750
756 758
762 767
768 770
774 796
782 783
787 788
793 797
801 824
805 806
807 808
811 837
816 823
819 820
824 891
828 869
831 846
837 902
842 872
847 848
851 853
853 936
860 929
864 865
874 876
882 883
884 885
889 890
896 897
902 923
907 908
912 1175
918 921
924 927
928 940
933 934
939 944
945 998
949 953
953 972
957 959
962 1091
967 1004
973 1043
976 987
981 982
986 989
991 993
994 996
1000 1225
1007 1246
1010 1039
1014 1018
1019 1021
1025 1038
1029 1030
1034 1036
1040 1581
1045 1071
1049 1061
1053 1056
1060 1066
1064 1065
1072 1092
1076 1102
1080 1082
1085 1086
1088 1090
1097 1466
1101 1121
1105 1107
1110 1115
1113 1139
1119 1120
1127 1149
1134 1507
1141 1142
1145 1606
1151 1393
1157 1158
1162 1197
1168 1199
1173 1174
1178 1195
1181 1194
1183 1189
1188 1190
1192 1307
1202 1203
1205 1206
1210 1213
1217 1218
1223 1224
1226 1235
1229 1244
1236 1252
1242 1246
1253 1278
1258 1259
1262 1661
1266 1283
1273 1314
1280 1282
1286 1287
1293 1294
1296 1313
1301 1303
1308 1310
1311 1312
1317 1321
1320 1657
1324 1325
1326 1327
1327 1332
1331 1340
1337 1344
1349 1350
1353 1432
1357 1433
1359 1360
1364 1365
1366 1406
1371 1372
1374 1490
1378 1379
1383 1385
1390 1405
1393 1493
1395 1461
1402 1407
1410 1414
1416 1417
1424 1425
1428 1430
1432 1434
1436 1460
1443 1451
1444 1538
1448 1450
1450 1635
1456 1463
1462 1539
1469 1474
1472 1576
1477 1629
1483 1484
1488 1489
1495 1496
1499 1501
1504 1505
1509 1674
1513 1515
1519 1524
1526 1527
1532 1533
1537 1645
1543 1549
1552 1554
1557 1625
1562 1564
1566 1568
1573 1575
1582 1583
1588 1589
1595 1597
1600 1601
1605 1606
1613 1616
1624 1689
1633 1634
1639 1642
1648 1654
1651 1655
1663 1665
1672 1684
1678 1679
1682 1685
1691 1692
1694 1695
1699 1701
1704 1707
1711 1712
1715 1717
1720 1722
1726 1727
1731 1737
1736 1737
1742 1750
1746 1748
1755 1757
1759 1765
1767 1775
1772 1776
1780 1781
1794 2360
1805 2055
1811 1833
1815 1816
1821 1822
1826 1829
1834 1837
1839 1843
1845 1848
1851 1852
1855 1857
1869 1871
1876 1878
1879 1881
1884 2100
1892 1894
1897 1899
1901 1905
1909 1910
1912 2287
1917 1931
1922 1923
1927 1928
1932 1933
1935 2376
1939 2124
1943 1955
1949 1951
1955 1964
1960 1962
1967 2110
1974 1976
1982 1984
1990 1992
1998 1999
2003 2005
2008 2193
2016 2018
2029 2031
2035 2036
2041 2042
2045 2046
2051 2112
2057 2060
2061 2062
2064 2074
2069 2072
2078 2079
2081 2084
2084 2094
2090 2091
2097 2107
2102 2103
2109 2425
2134 2135
2138 2139
2144 2145
2151 2339
2160 2163
2166 2197
2171 2172
2178 2179
2182 2200
2188 2191
2194 2196
2204 2205
2209 2211
2213 2216
2216 2434
2219 2239
2224 2227
2229 2230
2235 2237
2240 2242
2244 2245
2250 2338
2255 2337
2264 2266
2272 2432
2279 2433
2282 2326
2287 2430
2291 2315
2294 2297
2299 2301
2303 2307
2307 2366
2311 2314
2317 2320
2321 2322
2325 2326
2332 2333
2340 2356
2345 2346
2355 2356
2362 2364
2367 2368
2374 2377
2379 2380
2382 2385
2388 2390
2392 2393
2400 2408
2409 2410
2422 2423
2428 2429
2449 3012
2460 2709
2465 2467
2470 2472
2475 2476
2481 2482
2488 2491
2494 2497
2499 2502
2505 2506
2511 2513
2523 2524
2530 2533
2533 2535
2539 2755
2546 2548
2552 2703
2557 2587
2563 2564
2568 2571
2571 2573
2577 3001
2581 2582
2586 2927
2590 3028
2594 2778
2598 2609
2603 2606
2610 2612
2614 2616
2622 2625
2627 2630
2637 2638
2647 2649
2652 2653
2658 2661
2662 2666
2672 2675
2683 2685
2689 2749
2695 2696
2701 2731
2706 2765
2711 2714
2715 2718
2718 2728
2724 2725
2732 2733
2735 2747
2739 2741
2744 2745
2752 2766
2756 2757
2765 2770
2788 2789
2793 2794
2798 2799
2806 3074
2815 2816
2820 2851
2826 2827
2832 2833
2837 2854
2842 2845
2851 2852
2858 2859
2863 2866
2867 2874
2870 2875
2874 2875
2878 2881
2884 2887
2889 2891
2894 3003
2899 2900
2904 2990
2910 2911
2918 2921
2927 3085
2933 2979
2937 2938
2941 3083
2944 2969
2949 2951
2953 2955
2958 2959
2961 3019
2966 2989
2971 2974
2975 2979
2981 3005
2988 2989
2996 2997
2999 3089
3008 3013
3015 3017
3021 3022
3028 3031
3032 3034
3036 3038
3041 3043
3047 3048
3053 3061
3063 3065
3075 3076
3090 3114
3093 3110
3097 3099
3103 3175
3107 3109
3113 3131
3118 3119
3124 3152
3129 3161
3134 3135
3140 3163
3144 3146
3154 3156
3157 3162
3166 3170
3170 3172
3178 3180
3183 3207
3186 3189
3192 3194
3196 3199
3203 3221
3207 3209
3213 3215
3218 3219
3224 3226
3230 3231
3234 3242
3239 3243
3247 3249
3253 3254
3259 3267
3265 3269
