14648665828779728707 1814 4830
-0.164801 -0.398527 -0.016457
-0.230468 -0.364545 -0.015689
-0.180018 -0.388500 -0.053993
-0.222765 -0.369621 0.003312
-0.242223 -0.355845 -0.030931
-0.203238 -0.371316 -0.084101
-0.256878 -0.344374 -0.040922
-0.232187 -0.348657 -0.103836
-0.264033 -0.322740 -0.111266
-0.272999 -0.331254 -0.044683
-0.289008 -0.317770 -0.041846
-0.295657 -0.296103 -0.105663
-0.303338 -0.305241 -0.032690
-0.323964 -0.271353 -0.087575
-0.346183 -0.250913 -0.058774
-0.314586 -0.294894 -0.018110
-0.360139 -0.236784 -0.022078
-0.321651 -0.287741 0.000467
-0.364467 -0.230349 0.018920
-0.323842 -0.284483 0.021222
-0.320943 -0.285439 0.042123
-0.358742 -0.232237 0.060207
-0.313240 -0.290515 0.061124
-0.343524 -0.242264 0.097743
-0.301485 -0.299214 0.076366
-0.320305 -0.259448 0.127851
-0.286830 -0.310685 0.086357
-0.291355 -0.282108 0.147586
-0.270709 -0.323805 0.090118
-0.259510 -0.308024 0.155016
-0.254700 -0.337289 0.087281
-0.227886 -0.334661 0.149412
-0.199579 -0.359411 0.131325
-0.240370 -0.349819 0.078125
-0.177360 -0.379851 0.102524
-0.229122 -0.360166 0.063545
-0.222057 -0.367319 0.044968
-0.163404 -0.393980 0.065828
-0.219866 -0.370576 0.024213
-0.159076 -0.400416 0.024830
-0.222765 -0.369621 0.003312
-0.164801 -0.398527 -0.016457
-0.102780 -0.417621 -0.035822
-0.125136 -0.402890 -0.090967
-0.159249 -0.377644 -0.135201
-0.201780 -0.344354 -0.164194
-0.248565 -0.306278 -0.175109
-0.295025 -0.267145 -0.166877
-0.336612 -0.230784 -0.140304
-0.369256 -0.200755 -0.097991
-0.389759 -0.179997 -0.044080
-0.396117 -0.170542 0.016153
-0.387706 -0.173316 0.076810
-0.365350 -0.188048 0.131954
-0.331237 -0.213294 0.176188
-0.288706 -0.246584 0.205182
-0.241921 -0.284659 0.216097
-0.195461 -0.323793 0.207865
-0.153874 -0.360154 0.181292
-0.121231 -0.390183 0.138978
-0.100727 -0.410940 0.085067
-0.094369 -0.420395 0.024835
-0.102780 -0.417621 -0.035822
-0.038228 -0.426432 -0.054305
-0.067173 -0.407359 -0.125701
-0.111339 -0.374673 -0.182971
-0.166404 -0.331572 -0.220509
-0.226977 -0.282275 -0.234641
-0.287130 -0.231609 -0.223983
-0.340973 -0.184532 -0.189578
-0.383236 -0.145653 -0.134795
-0.409783 -0.118778 -0.064996
-0.418014 -0.106537 0.012987
-0.407124 -0.110128 0.091521
-0.378179 -0.129201 0.162917
-0.334013 -0.161887 0.220187
-0.278948 -0.204988 0.257725
-0.218375 -0.254285 0.271857
-0.158223 -0.304951 0.261199
-0.104380 -0.352028 0.226794
-0.062116 -0.390907 0.172011
-0.035570 -0.417782 0.102212
-0.027338 -0.430023 0.024229
-0.038228 -0.426432 -0.054305
-0.007555 -0.401798 -0.157340
0.027266 -0.424742 -0.071450
-0.060688 -0.362476 -0.226236
-0.126931 -0.310625 -0.271394
-0.199801 -0.251322 -0.288395
-0.272164 -0.190370 -0.275573
-0.336937 -0.133736 -0.234185
-0.387780 -0.086965 -0.168280
-0.419716 -0.054634 -0.084311
-0.429618 -0.039908 0.009502
-0.416517 -0.044229 0.103978
-0.381697 -0.067173 0.189868
-0.328564 -0.106495 0.258764
-0.262321 -0.158345 0.303922
-0.189451 -0.217649 0.320923
-0.117088 -0.278601 0.308101
-0.052315 -0.335234 0.266712
-0.001472 -0.382006 0.200808
0.030463 -0.414337 0.116839
0.040366 -0.429063 0.023026
0.027266 -0.424742 -0.071450
0.052249 -0.386343 -0.185105
0.092088 -0.412594 -0.086836
-0.008542 -0.341354 -0.263930
-0.084332 -0.282030 -0.315597
-0.167704 -0.214180 -0.335048
-0.250496 -0.144443 -0.320378
-0.324605 -0.079648 -0.273024
-0.382775 -0.026136 -0.197622
-0.419314 0.010855 -0.101551
-0.430643 0.027704 0.005783
-0.415655 0.022760 0.113875
-0.375816 -0.003491 0.212143
-0.315026 -0.048480 0.290969
-0.239235 -0.107803 0.342636
-0.155863 -0.175654 0.362087
-0.073071 -0.245390 0.347417
0.001038 -0.310186 0.300063
0.059208 -0.363698 0.224661
0.095746 -0.400689 0.128590
0.107076 -0.417537 0.021256
0.092088 -0.412594 -0.086836
0.110766 -0.361375 -0.208311
0.154642 -0.390287 -0.100084
0.043815 -0.311826 -0.295126
-0.039657 -0.246491 -0.352029
-0.131478 -0.171764 -0.373450
-0.222661 -0.094960 -0.357294
-0.304280 -0.023598 -0.305142
-0.368346 0.035338 -0.222097
-0.408587 0.076077 -0.116290
-0.421065 0.094633 0.001922
-0.404557 0.089189 0.120968
-0.360681 0.060277 0.229196
-0.293730 0.010729 0.316010
-0.210259 -0.054607 0.372913
-0.118437 -0.129334 0.394335
-0.027254 -0.206138 0.378178
0.054365 -0.277500 0.326026
0.118430 -0.336435 0.242981
0.158672 -0.377175 0.137175
0.171149 -0.395731 0.018962
0.154642 -0.390287 -0.100084
0.166555 -0.327509 -0.226389
0.213389 -0.358369 -0.110868
0.095092 -0.274621 -0.319054
0.005995 -0.204882 -0.379792
-0.092014 -0.125119 -0.402658
-0.189343 -0.043139 -0.385413
-0.276463 0.033033 -0.329745
-0.344846 0.095941 -0.241104
-0.387799 0.139426 -0.128166
-0.401118 0.159232 -0.001987
-0.383498 0.153421 0.125083
-0.336664 0.122561 0.240604
-0.265201 0.069673 0.333269
-0.176105 -0.000066 0.394007
-0.078095 -0.079829 0.416873
0.019233 -0.161809 0.399628
0.106353 -0.237981 0.343960
0.174737 -0.300888 0.255319
0.217690 -0.344373 0.142381
0.231009 -0.364180 0.016202
0.213389 -0.358369 -0.110868
0.218244 -0.285578 -0.238892
0.266881 -0.317627 -0.118921
0.144028 -0.230653 -0.335126
0.051499 -0.158228 -0.398204
-0.050285 -0.075393 -0.421950
-0.151362 0.009745 -0.404041
-0.241838 0.088851 -0.346229
-0.312855 0.154181 -0.254174
-0.357463 0.199341 -0.136886
-0.371295 0.219911 -0.005847
-0.352996 0.213876 0.126117
-0.304358 0.181827 0.246088
-0.230143 0.126902 0.342322
-0.137614 0.054477 0.405400
-0.035830 -0.028359 0.429146
0.065247 -0.113496 0.411237
0.155723 -0.192602 0.353425
0.226740 -0.257932 0.261370
0.271348 -0.303092 0.144082
0.285180 -0.323662 0.013043
0.266881 -0.317627 -0.118921
0.264558 -0.236616 -0.245513
0.313802 -0.269064 -0.124046
0.189418 -0.181006 -0.342947
0.095735 -0.107678 -0.406810
-0.007318 -0.023810 -0.430853
-0.109655 0.062389 -0.412720
-0.201258 0.142480 -0.354188
-0.273161 0.208625 -0.260985
-0.318325 0.254348 -0.142235
-0.332329 0.275174 -0.009562
-0.313802 0.269064 0.124046
-0.264558 0.236616 0.245513
-0.189418 0.181006 0.342946
-0.095735 0.107678 0.406810
0.007318 0.023810 0.430853
0.109655 -0.062389 0.412720
0.201258 -0.142480 0.354188
0.273161 -0.208625 0.260985
0.318325 -0.254348 0.142235
0.332329 -0.275174 0.009562
0.313802 -0.269064 -0.124046
0.352996 -0.213876 -0.126117
0.304359 -0.181827 -0.246088
0.230143 -0.126902 -0.342322
0.137614 -0.054477 -0.405400
0.035830 0.028359 -0.429146
-0.065247 0.113496 -0.411237
-0.155723 0.192602 -0.353425
-0.226740 0.257932 -0.261370
-0.271348 0.303092 -0.144082
-0.285180 0.323662 -0.013043
-0.266881 0.317627 0.118921
-0.218244 0.285578 0.238892
-0.144028 0.230653 0.335126
-0.051499 0.158228 0.398204
0.050285 0.075393 0.421950
0.151362 -0.009745 0.404041
0.241838 -0.088851 0.346229
0.312855 -0.154181 0.254174
0.357463 -0.199341 0.136886
0.371294 -0.219910 0.005847
0.352996 -0.213876 -0.126117
0.383498 -0.153421 -0.125083
0.336665 -0.122561 -0.240604
0.265202 -0.069673 -0.333269
0.176105 0.000066 -0.394007
0.078095 0.079829 -0.416873
-0.019233 0.161809 -0.399628
-0.106353 0.237981 -0.343960
-0.174737 0.300888 -0.255319
-0.217690 0.344373 -0.142381
-0.231009 0.364180 -0.016202
-0.213389 0.358369 0.110868
-0.166555 0.327509 0.226389
-0.095092 0.274621 0.319054
-0.005995 0.204882 0.379792
0.092014 0.125119 0.402658
0.189343 0.043139 0.385413
0.276463 -0.033033 0.329745
0.344846 -0.095940 0.241104
0.387799 -0.139426 0.128166
0.401118 -0.159232 0.001987
0.383498 -0.153421 -0.125083
0.404557 -0.089189 -0.120968
0.360681 -0.060277 -0.229196
0.293730 -0.010729 -0.316010
0.210259 0.054607 -0.372913
0.118437 0.129334 -0.394335
0.027254 0.206138 -0.378179
-0.054365 0.277500 -0.326026
-0.118431 0.336435 -0.242981
-0.158672 0.377175 -0.137175
-0.171149 0.395731 -0.018962
-0.154642 0.390286 0.100084
-0.110765 0.361375 0.208311
-0.043815 0.311826 0.295125
0.039657 0.246491 0.352028
0.131478 0.171764 0.373450
0.222661 0.094960 0.357294
0.304280 0.023598 0.305141
0.368346 -0.035338 0.222097
0.408587 -0.076077 0.116290
0.421064 -0.094633 -0.001922
0.404557 -0.089189 -0.120968
0.415655 -0.022760 -0.113875
0.375816 0.003491 -0.212143
0.315026 0.048480 -0.290969
0.239235 0.107803 -0.342636
0.155863 0.175654 -0.362087
0.073071 0.245390 -0.347417
-0.001038 0.310186 -0.300063
-0.059208 0.363698 -0.224661
-0.095746 0.400689 -0.128590
-0.107076 0.417537 -0.021256
-0.092087 0.412594 0.086836
-0.052248 0.386343 0.185104
0.008542 0.341354 0.263930
0.084332 0.282030 0.315597
0.167704 0.214180 0.335048
0.250496 0.144443 0.320378
0.324605 0.079648 0.273024
0.382775 0.026136 0.197622
0.419314 -0.010855 0.101551
0.430643 -0.027704 -0.005783
0.415655 -0.022760 -0.113875
0.416518 0.044229 -0.103978
0.381697 0.067173 -0.189868
0.328564 0.106495 -0.258764
0.262321 0.158345 -0.303922
0.189451 0.217649 -0.320923
0.117088 0.278601 -0.308101
0.052315 0.335234 -0.266713
0.001472 0.382006 -0.200808
-0.030464 0.414337 -0.116839
-0.040366 0.429063 -0.023026
-0.027266 0.424742 0.071450
0.007555 0.401798 0.157340
0.060688 0.362476 0.226236
0.126931 0.310625 0.271394
0.199801 0.251322 0.288395
0.272164 0.190370 0.275573
0.336937 0.133737 0.234185
0.387780 0.086965 0.168280
0.419715 0.054634 0.084311
0.429618 0.039908 -0.009502
0.416518 0.044229 -0.103978
0.378180 0.129201 -0.162917
0.407124 0.110128 -0.091521
0.334013 0.161887 -0.220187
0.278948 0.204988 -0.257725
0.218375 0.254285 -0.271857
0.158223 0.304951 -0.261199
0.104379 0.352028 -0.226794
0.062116 0.390907 -0.172011
0.035570 0.417782 -0.102212
0.027338 0.430023 -0.024229
0.038228 0.426432 0.054305
0.067173 0.407359 0.125701
0.111339 0.374673 0.182971
0.166404 0.331572 0.220509
0.226977 0.282275 0.234641
0.287130 0.231609 0.223983
0.340973 0.184532 0.189578
0.383236 0.145653 0.134795
0.409783 0.118778 0.064996
0.418014 0.106537 -0.012987
0.407124 0.110128 -0.091521
0.365350 0.188047 -0.131954
0.387706 0.173316 -0.076810
0.331237 0.213294 -0.176188
0.288706 0.246584 -0.205182
0.241921 0.284659 -0.216097
0.195461 0.323793 -0.207865
0.153874 0.360154 -0.181292
0.121231 0.390183 -0.138978
0.100727 0.410940 -0.085067
0.094369 0.420395 -0.024835
0.102780 0.417621 0.035822
0.125136 0.402890 0.090967
0.159249 0.377644 0.135201
0.201780 0.344354 0.164194
0.248565 0.306278 0.175109
0.295025 0.267145 0.166877
0.336612 0.230784 0.140304
0.369255 0.200755 0.097991
0.389759 0.179997 0.044080
0.396117 0.170542 -0.016153
0.387706 0.173316 -0.076810
0.343524 0.242264 -0.097743
0.358742 0.232237 -0.060207
0.320305 0.259448 -0.127851
0.291355 0.282108 -0.147586
0.259510 0.308024 -0.155016
0.227886 0.334661 -0.149413
0.199579 0.359411 -0.131325
0.177360 0.379851 -0.102524
0.163404 0.393980 -0.065828
0.159076 0.400416 -0.024830
0.164801 0.398527 0.016457
0.180018 0.388500 0.053993
0.203238 0.371316 0.084101
0.232187 0.348657 0.103836
0.264033 0.322740 0.111266
0.295657 0.296103 0.105663
0.323964 0.271353 0.087575
0.346183 0.250913 0.058774
0.360139 0.236784 0.022078
0.364467 0.230349 -0.018920
0.358742 0.232237 -0.060207
0.313240 0.290515 -0.061124
0.320943 0.285439 -0.042123
0.301486 0.299214 -0.076366
0.286830 0.310685 -0.086357
0.270709 0.323805 -0.090118
0.254700 0.337289 -0.087281
0.240370 0.349819 -0.078125
0.229122 0.360166 -0.063545
0.222057 0.367319 -0.044968
0.219866 0.370576 -0.024213
0.222765 0.369621 -0.003312
0.230468 0.364545 0.015689
0.242223 0.355845 0.030931
0.256878 0.344374 0.040922
0.272999 0.331254 0.044683
0.289008 0.317770 0.041846
0.303338 0.305241 0.032690
0.314586 0.294894 0.018110
0.321651 0.287741 -0.000467
0.323842 0.284483 -0.021222
0.320943 0.285439 -0.042123
-0.275243 -0.331612 0.023001
-0.275243 -0.331612 0.023001
-0.275243 -0.331612 0.023001
-0.275243 -0.331612 0.023001
-0.275243 -0.331612 0.023001
-0.275243 -0.331612 0.023001
-0.275243 -0.331612 0.023001
-0.275243 -0.331612 0.023001
-0.275243 -0.331612 0.023001
-0.275243 -0.331612 0.023001
-0.275243 -0.331612 0.023001
-0.275243 -0.331612 0.023001
-0.275243 -0.331612 0.023001
-0.275243 -0.331612 0.023001
-0.275243 -0.331612 0.023001
-0.275243 -0.331612 0.023001
-0.275243 -0.331612 0.023001
-0.275243 -0.331612 0.023001
-0.275243 -0.331612 0.023001
-0.275243 -0.331612 0.023001
0.275243 0.331612 -0.023001
0.275243 0.331612 -0.023001
0.275243 0.331612 -0.023001
0.275243 0.331612 -0.023001
0.275243 0.331612 -0.023001
0.275243 0.331612 -0.023001
0.275243 0.331612 -0.023001
0.275243 0.331612 -0.023001
0.275243 0.331612 -0.023001
0.275243 0.331612 -0.023001
0.275243 0.331612 -0.023001
0.275243 0.331612 -0.023001
0.275243 0.331612 -0.023001
0.275243 0.331612 -0.023001
0.275243 0.331612 -0.023001
0.275243 0.331612 -0.023001
0.275243 0.331612 -0.023001
0.275243 0.331612 -0.023001
0.275243 0.331612 -0.023001
0.275243 0.331612 -0.023001
-0.003273 -0.001300 0.014101
-0.003779 -0.001137 0.013942
-0.003827 -0.001125 0.013946
-0.003476 -0.001136 0.014323
-0.004043 -0.000989 0.014105
-0.003598 0.000337 0.015039
-0.003918 0.000357 0.014556
-0.004086 0.000132 0.014710
-0.003892 0.000024 0.015047
-0.003689 -0.000947 0.014510
-0.004167 -0.000846 0.014199
-0.004145 -0.000031 0.014761
-0.003935 -0.000165 0.015095
-0.003830 -0.000762 0.014615
-0.004265 -0.000641 0.014274
-0.004328 -0.000368 0.014317
-0.003916 -0.000492 0.014689
-0.004190 -0.000344 0.014791
-0.004318 -0.000217 0.014313
-0.003900 -0.000186 0.014684
-0.004037 -0.000530 0.014967
-0.004244 0.000020 0.014269
-0.003755 0.000081 0.014621
-0.004135 -0.000681 0.014750
-0.003771 -0.000740 0.015199
-0.004070 0.000216 0.014153
-0.003621 0.000230 0.014562
-0.003548 0.000402 0.014219
-0.003945 0.000317 0.014089
-0.001657 0.000152 0.015371
-0.001589 -0.000103 0.015438
-0.001927 -0.000017 0.015652
-0.002995 0.000541 0.014127
-0.003398 0.000461 0.014556
-0.003282 0.000464 0.014191
-0.003507 0.000344 0.014488
-0.002615 -0.001431 0.014017
-0.002756 -0.001408 0.013991
-0.002903 -0.001452 0.014228
-0.002267 0.000650 0.014767
-0.002048 0.000585 0.014980
-0.002363 0.000588 0.015129
-0.003436 0.000131 0.015268
-0.003079 0.000581 0.014629
-0.004019 -0.000961 0.014639
-0.001554 -0.000395 0.015469
-0.001801 -0.000645 0.015652
-0.001835 -0.000340 0.015680
-0.001933 0.000521 0.015091
-0.002110 0.000469 0.015348
-0.003791 -0.001172 0.014546
-0.003517 -0.001210 0.014913
-0.001650 -0.000234 0.015681
-0.002121 -0.000481 0.015860
-0.001641 -0.000556 0.015682
-0.002791 -0.001482 0.014458
-0.003506 0.000486 0.014806
-0.003727 0.000490 0.014397
-0.001803 0.000406 0.015220
-0.001961 0.000267 0.015519
-0.002852 0.000669 0.014968
-0.002440 0.000588 0.015344
-0.002369 0.000749 0.014945
-0.001718 -0.001187 0.015247
-0.001870 -0.001364 0.014988
-0.002021 -0.001215 0.015441
-0.002289 -0.001415 0.015171
-0.003066 -0.001345 0.014071
-0.003327 -0.001348 0.014402
-0.001568 -0.000708 0.015449
-0.001598 -0.000855 0.015411
-0.001874 -0.000932 0.015592
-0.001969 -0.001408 0.014905
-0.002829 0.000580 0.014181
-0.002640 0.000622 0.014356
-0.002616 0.000765 0.014675
-0.002124 -0.001449 0.014669
-0.002582 -0.001481 0.014812
-0.002471 0.000651 0.014577
-0.002684 0.000641 0.014818
-0.002282 -0.001463 0.014438
-0.001637 -0.000996 0.015358
-0.002448 -0.001460 0.014235
-0.003089 0.000643 0.014754
-0.003792 0.000050 0.014990
-0.002769 0.000078 0.015656
-0.002621 -0.000761 0.015747
-0.002792 -0.001104 0.015509
-0.003916 -0.000237 0.014991
-0.003850 -0.000726 0.014950
-0.002674 -0.000350 0.015790
-0.003107 0.000175 0.015454
-0.003674 -0.001096 0.014723
-0.003286 -0.001129 0.015179
-0.003049 -0.001141 0.015343
-0.003653 0.000099 0.015095
-0.003388 -0.000280 0.015537
-0.003078 -0.000299 0.015677
-0.003365 -0.000774 0.015424
-0.003023 -0.000792 0.015623
-0.001938 0.000066 0.015725
-0.001750 0.000221 0.015577
-0.003677 -0.000333 0.015248
-0.002913 0.000560 0.014133
-0.002201 -0.001180 0.015627
-0.001964 -0.001452 0.015249
-0.001871 -0.001346 0.015377
-0.002200 0.000370 0.015616
-0.001978 0.000587 0.015307
-0.001820 0.000382 0.015487
-0.003194 -0.001388 0.014822
-0.003681 -0.001277 0.014332
-0.003432 -0.000566 0.015560
-0.003158 -0.000897 0.015619
-0.003199 -0.000558 0.015700
-0.003155 -0.001286 0.015203
-0.003481 -0.001060 0.015227
-0.003060 -0.001162 0.015441
-0.002528 -0.001390 0.015371
-0.002646 -0.001156 0.015613
-0.001748 -0.001089 0.015560
-0.002827 0.000487 0.015381
-0.002673 0.000394 0.015547
-0.002651 0.000160 0.015734
-0.003145 0.000157 0.015584
-0.003236 0.000408 0.015276
-0.002153 -0.000844 0.015796
-0.002933 -0.000718 0.015774
-0.002939 -0.000362 0.015816
-0.001682 -0.000885 0.015624
-0.003204 -0.000196 0.015704
-0.002922 -0.000010 0.015749
-0.002655 -0.001012 0.015719
-0.002660 -0.000704 0.015846
-0.002649 -0.000164 0.015856
-0.003612 -0.000011 0.015360
-0.003662 -0.000384 0.015407
-0.002923 0.000734 0.014340
-0.002365 0.000017 0.015814
-0.002717 -0.001519 0.014861
-0.003551 0.000159 0.015288
-0.003279 -0.001338 0.014085
-0.003273 -0.001300 0.014101
-0.003066 -0.001345 0.014071
-0.002645 -0.001512 0.013999
-0.002756 -0.001408 0.013991
-0.002615 -0.001431 0.014017
-0.002412 -0.001483 0.014192
-0.002448 -0.001460 0.014235
-0.002282 -0.001463 0.014438
-0.002086 -0.001471 0.014626
-0.002124 -0.001449 0.014669
-0.001936 -0.001431 0.014858
-0.001969 -0.001408 0.014905
-0.001870 -0.001364 0.014988
-0.001762 -0.001322 0.015106
-0.001718 -0.001187 0.015247
-0.001662 -0.001187 0.015239
-0.001637 -0.000996 0.015358
-0.001588 -0.001005 0.015334
-0.001598 -0.000855 0.015411
-0.001518 -0.000719 0.015425
-0.001568 -0.000708 0.015449
-0.001554 -0.000395 0.015469
-0.001504 -0.000399 0.015446
-0.003219 -0.001449 0.014262
-0.001535 -0.000133 0.015414
-0.001589 -0.000103 0.015438
-0.002528 -0.001493 0.015104
-0.001613 0.000153 0.015340
-0.001657 0.000152 0.015371
-0.001672 0.000286 0.015280
-0.001803 0.000406 0.015220
-0.001760 0.000418 0.015188
-0.001885 0.000531 0.015063
-0.001933 0.000521 0.015091
-0.001997 0.000594 0.014953
-0.002048 0.000585 0.014980
-0.002231 0.000662 0.014728
-0.002126 -0.001544 0.014999
-0.002267 0.000650 0.014767
-0.002471 0.000651 0.014577
-0.002440 0.000670 0.014527
-0.002640 0.000622 0.014356
-0.002861 0.000659 0.014159
-0.002829 0.000580 0.014181
-0.002913 0.000560 0.014133
-0.002935 0.000600 0.014115
-0.002995 0.000541 0.014127
-0.003028 0.000624 0.014133
-0.003282 0.000464 0.014191
-0.003585 0.000452 0.014211
-0.003548 0.000402 0.014219
-0.003779 -0.001137 0.013942
-0.004288 -0.000655 0.014353
-0.004265 -0.000641 0.014274
-0.004167 -0.000846 0.014199
-0.004328 -0.000368 0.014317
-0.004244 0.000020 0.014269
-0.004318 -0.000217 0.014313
-0.004332 -0.000204 0.014403
-0.004070 0.000216 0.014153
-0.004159 0.000177 0.014300
-0.003945 0.000317 0.014089
-0.003989 0.000319 0.014198
-0.003585 0.000452 0.014211
-0.003945 0.000317 0.014089
-0.003093 -0.001410 0.014047
-0.003311 -0.001366 0.014097
-0.002419 -0.001526 0.014216
-0.002773 -0.001488 0.013977
-0.002112 0.000666 0.015183
-0.002091 -0.001516 0.014662
-0.001944 -0.001477 0.014894
-0.002255 -0.001541 0.014461
-0.001649 -0.001182 0.015312
-0.001590 -0.001028 0.015394
-0.001729 -0.001311 0.015206
-0.001815 -0.001400 0.015084
-0.001509 -0.000538 0.015506
-0.001519 -0.000249 0.015491
-0.001520 -0.000703 0.015487
-0.001561 0.000034 0.015434
-0.001667 0.000310 0.015332
-0.001760 0.000457 0.015245
-0.001884 0.000576 0.015109
-0.002001 0.000646 0.014985
-0.002245 0.000714 0.014746
-0.002467 0.000730 0.014539
-0.002720 -0.001573 0.014142
-0.002411 -0.001584 0.014542
-0.003160 -0.001460 0.014186
-0.003549 -0.001300 0.014139
-0.003577 -0.001334 0.014260
-0.003892 -0.001102 0.014346
-0.004123 -0.000794 0.014521
-0.003506 -0.001284 0.014117
-0.003779 -0.001137 0.013942
-0.003506 -0.001284 0.014117
-0.003825 -0.001160 0.014026
-0.003279 -0.001338 0.014085
-0.003827 -0.001125 0.013946
-0.004043 -0.000989 0.014105
-0.004116 -0.000954 0.014242
-0.004341 -0.000364 0.014406
-0.004252 0.000040 0.014365
-0.003845 -0.001068 0.014305
-0.003651 -0.001209 0.014154
-0.003651 -0.001209 0.014154
-0.003683 -0.001243 0.014182
-0.003845 -0.001068 0.014305
-0.003282 0.000634 0.014338
-0.004018 -0.000892 0.014431
-0.004018 -0.000892 0.014431
-0.004133 -0.000661 0.014525
-0.004211 -0.000514 0.014600
-0.004133 -0.000661 0.014525
-0.004133 -0.000661 0.014525
-0.004018 -0.000892 0.014431
-0.004018 -0.000892 0.014431
-0.003845 -0.001068 0.014305
-0.004182 -0.000377 0.014574
-0.004217 -0.000208 0.014611
-0.004182 -0.000377 0.014574
-0.004182 -0.000377 0.014574
-0.004141 -0.000086 0.014547
-0.004008 0.000187 0.014434
-0.003826 0.000368 0.014299
-0.003826 0.000368 0.014299
-0.003940 0.000314 0.014405
-0.003826 0.000368 0.014299
-0.004008 0.000187 0.014434
-0.004140 0.000069 0.014558
-0.004141 -0.000086 0.014547
-0.004008 0.000187 0.014434
-0.004161 -0.000084 0.014544
-0.004352 -0.000363 0.014409
-0.004164 -0.000667 0.014523
-0.003276 -0.001323 0.014065
-0.003785 -0.001145 0.013930
-0.003479 -0.001140 0.014324
-0.004056 -0.001003 0.014106
-0.004037 -0.000975 0.014643
-0.004033 -0.000903 0.014429
-0.003673 -0.001234 0.014141
-0.004164 -0.000667 0.014523
-0.003834 -0.000767 0.014617
-0.004282 -0.000652 0.014278
-0.003937 0.000388 0.014566
-0.004042 0.000163 0.014762
-0.003779 0.000017 0.015208
-0.004256 0.000041 0.014366
-0.004011 0.000188 0.014432
-0.004331 -0.000368 0.014317
-0.003916 -0.000492 0.014689
-0.004223 -0.000346 0.014806
-0.004161 0.000180 0.014300
-0.003907 -0.000181 0.014688
-0.004282 -0.000652 0.014278
-0.004251 0.000022 0.014268
-0.003530 0.000372 0.014493
-0.003836 0.000384 0.014294
-0.003953 0.000325 0.014084
-0.004164 -0.000667 0.014523
-0.004282 -0.000652 0.014278
-0.004033 -0.000903 0.014429
-0.003575 0.000431 0.014188
-0.004056 -0.001003 0.014106
-0.004033 -0.000903 0.014429
-0.004056 -0.001003 0.014106
-0.003673 -0.001234 0.014141
-0.001590 0.000165 0.015352
-0.001589 -0.000103 0.015438
-0.001924 -0.000010 0.015662
-0.002995 0.000540 0.014125
-0.003084 0.000599 0.014632
-0.003281 0.000463 0.014189
-0.002615 -0.001430 0.014017
-0.002761 -0.001418 0.013966
-0.002905 -0.001461 0.014228
-0.002232 0.000677 0.014731
-0.002046 0.000585 0.014978
-0.002364 0.000597 0.015131
-0.003294 0.000643 0.014412
-0.003575 0.000431 0.014188
-0.003836 0.000384 0.014294
-0.003276 -0.001323 0.014065
-0.003586 -0.001345 0.014314
-0.003276 -0.001323 0.014065
-0.003673 -0.001234 0.014141
-0.003785 -0.001145 0.013930
-0.003836 0.000384 0.014294
-0.002106 0.000479 0.015362
-0.001718 -0.001186 0.015246
-0.001966 -0.001404 0.014901
-0.002021 -0.001215 0.015441
-0.003785 -0.001145 0.013930
-0.004011 0.000188 0.014432
-0.004143 0.000071 0.014559
-0.003953 0.000325 0.014084
-0.003770 -0.000739 0.015201
-0.004251 0.000022 0.014268
-0.002289 -0.001414 0.015171
-0.003326 -0.001347 0.014402
-0.001748 0.000427 0.015186
-0.004161 -0.000084 0.014544
-0.004011 0.000188 0.014432
-0.001831 -0.000342 0.015690
-0.001508 -0.000722 0.015430
-0.001869 -0.000934 0.015603
-0.002829 0.000580 0.014180
-0.002639 0.000624 0.014354
-0.004161 -0.000084 0.014544
-0.001498 -0.000397 0.015443
-0.002084 -0.001458 0.014623
-0.002583 -0.001484 0.014813
-0.004331 -0.000368 0.014317
-0.002815 -0.001571 0.014215
-0.002649 -0.001525 0.013993
-0.002408 -0.001470 0.014190
-0.001583 -0.001005 0.015331
-0.002267 0.000742 0.015048
-0.001995 0.000647 0.014982
-0.002243 0.000718 0.014744
-0.003525 -0.001220 0.014919
-0.001976 0.000594 0.015309
-0.002677 0.000413 0.015560
-0.002625 -0.000765 0.015756
-0.002794 -0.001109 0.015513
-0.003923 -0.000238 0.014995
-0.003850 -0.000726 0.014950
-0.002769 0.000078 0.015656
-0.002676 -0.000350 0.015796
-0.003111 0.000180 0.015459
-0.002761 -0.001418 0.013966
-0.003807 0.000068 0.015004
-0.002408 -0.001470 0.014190
-0.002449 -0.001555 0.014255
-0.001508 -0.000538 0.015506
-0.001637 -0.000228 0.015694
-0.001635 -0.000557 0.015689
-0.003675 -0.001097 0.014723
-0.003288 -0.001132 0.015182
-0.002084 -0.001458 0.014623
-0.001938 -0.001483 0.014890
-0.002985 0.000718 0.014300
-0.003029 0.000626 0.014135
-0.002861 0.000658 0.014159
-0.002662 0.000709 0.014345
-0.002639 0.000624 0.014354
-0.002232 0.000677 0.014731
-0.002046 0.000585 0.014978
-0.003371 -0.000780 0.015439
-0.003395 -0.000279 0.015551
-0.001748 0.000427 0.015186
-0.001806 0.000394 0.015503
-0.001590 0.000165 0.015352
-0.001498 -0.000397 0.015443
-0.001508 -0.000722 0.015430
-0.001966 -0.001404 0.014901
-0.001752 -0.001328 0.015104
-0.002201 0.000372 0.015619
-0.001959 -0.001462 0.015252
-0.001646 -0.001185 0.015312
-0.002124 -0.000481 0.015852
-0.002152 -0.000848 0.015806
-0.001583 -0.001005 0.015331
-0.002205 -0.001603 0.014895
-0.002933 0.000608 0.015145
-0.002617 0.000771 0.014675
-0.003374 -0.000916 0.015489
-0.002947 -0.000733 0.015814
-0.003672 -0.000385 0.015420
-0.003208 -0.000198 0.015713
-0.003575 0.000431 0.014188
-0.002461 -0.001322 0.015540
-0.001736 -0.001103 0.015577
-0.002128 0.000051 0.015793
-0.001508 -0.000722 0.015430
-0.003281 0.000463 0.014189
-0.002995 0.000540 0.014125
-0.002654 -0.000523 0.015891
-0.003165 -0.001321 0.015214
-0.002829 0.000580 0.014180
-0.003375 0.000176 0.015468
-0.002927 0.000003 0.015779
-0.001589 -0.000103 0.015438
-0.001718 -0.001186 0.015246
-0.002615 -0.001430 0.014017
-0.003273 -0.001300 0.014101
-0.003778 -0.001136 0.013943
-0.003806 -0.001120 0.013956
-0.003476 -0.001136 0.014323
-0.003922 -0.001056 0.014029
-0.004043 -0.000990 0.014105
-0.003699 0.000185 0.015121
-0.003701 0.000371 0.014845
-0.004033 0.000158 0.014758
-0.003689 -0.000947 0.014510
-0.004166 -0.000845 0.014199
-0.003765 0.000008 0.015194
-0.003830 -0.000762 0.014615
-0.004263 -0.000640 0.014275
-0.004327 -0.000368 0.014317
-0.003916 -0.000492 0.014689
-0.004094 -0.000024 0.014829
-0.003934 -0.000165 0.015094
-0.004317 -0.000218 0.014312
-0.003900 -0.000186 0.014684
-0.004280 -0.000088 0.014297
-0.004240 0.000019 0.014269
-0.003755 0.000081 0.014621
-0.004190 -0.000344 0.014792
-0.004069 0.000215 0.014155
-0.003621 0.000230 0.014562
-0.003548 0.000402 0.014219
-0.003971 0.000286 0.014092
-0.003944 0.000318 0.014092
-0.001657 0.000151 0.015369
-0.001589 -0.000103 0.015438
-0.001927 -0.000017 0.015652
-0.002995 0.000541 0.014127
-0.003398 0.000461 0.014556
-0.003282 0.000464 0.014190
-0.003507 0.000344 0.014488
-0.002674 -0.001422 0.013993
-0.002756 -0.001409 0.013994
-0.002903 -0.001452 0.014228
-0.002267 0.000650 0.014767
-0.002048 0.000585 0.014980
-0.002363 0.000588 0.015129
-0.003436 0.000131 0.015268
-0.003079 0.000581 0.014629
-0.004039 -0.000531 0.014970
-0.001554 -0.000395 0.015469
-0.001801 -0.000645 0.015652
-0.001835 -0.000340 0.015680
-0.001933 0.000521 0.015091
-0.002110 0.000469 0.015348
-0.001718 -0.001186 0.015246
-0.001793 -0.001299 0.015110
-0.002021 -0.001215 0.015441
-0.002616 -0.001432 0.014019
-0.002791 -0.001482 0.014458
-0.001722 0.000282 0.015305
-0.001961 0.000267 0.015519
-0.001804 0.000405 0.015219
-0.004135 -0.000681 0.014750
-0.003933 -0.000885 0.014864
-0.001870 -0.001362 0.014987
-0.002289 -0.001415 0.015171
-0.003066 -0.001345 0.014071
-0.003327 -0.001348 0.014402
-0.001568 -0.000708 0.015449
-0.001598 -0.000855 0.015411
-0.001874 -0.000932 0.015592
-0.001969 -0.001408 0.014905
-0.002830 0.000580 0.014182
-0.002641 0.000622 0.014356
-0.002124 -0.001449 0.014669
-0.002582 -0.001481 0.014812
-0.002471 0.000651 0.014577
-0.002684 0.000641 0.014818
-0.002282 -0.001463 0.014438
-0.001637 -0.000996 0.015358
-0.002448 -0.001460 0.014235
-0.003520 -0.001213 0.014915
-0.004013 -0.000956 0.014636
-0.003792 0.000050 0.014990
-0.002769 0.000078 0.015656
-0.002621 -0.000761 0.015747
-0.002792 -0.001104 0.015509
-0.003916 -0.000237 0.014991
-0.003850 -0.000726 0.014950
-0.002674 -0.000350 0.015790
-0.003107 0.000175 0.015454
-0.003674 -0.001096 0.014723
-0.003286 -0.001129 0.015179
-0.003049 -0.001141 0.015343
-0.003653 0.000099 0.015095
-0.003791 -0.001172 0.014546
-0.003388 -0.000280 0.015537
-0.003078 -0.000299 0.015677
-0.003365 -0.000774 0.015424
-0.003023 -0.000792 0.015623
-0.001964 -0.001444 0.015243
-0.002186 -0.001445 0.015284
-0.002201 -0.001565 0.014889
-0.002412 -0.001585 0.014542
-0.002716 -0.001516 0.014860
-0.003677 -0.000333 0.015248
-0.002913 0.000560 0.014133
-0.002811 -0.001549 0.014216
-0.002440 0.000587 0.015344
-0.002200 0.000368 0.015613
-0.001978 0.000587 0.015307
-0.001928 0.000421 0.015490
-0.003360 -0.000899 0.015467
-0.003151 -0.000890 0.015609
-0.003433 -0.000565 0.015560
-0.003200 -0.000559 0.015702
-0.001775 -0.000782 0.015699
-0.002124 -0.000482 0.015844
-0.002154 -0.000842 0.015794
-0.003406 -0.000018 0.015518
-0.003202 -0.000198 0.015701
-0.002924 -0.000007 0.015755
-0.003478 -0.001058 0.015225
-0.003059 -0.001159 0.015440
-0.001653 -0.000235 0.015675
-0.001923 -0.000279 0.015785
-0.001763 -0.000439 0.015733
-0.003300 0.000526 0.014955
-0.003733 0.000470 0.014484
-0.002927 0.000594 0.015137
-0.002393 0.000724 0.015015
-0.002617 0.000771 0.014676
-0.003089 0.000641 0.014754
-0.003290 0.000633 0.014414
-0.002894 -0.001021 0.015643
-0.002645 -0.001153 0.015611
-0.002662 -0.000863 0.015789
-0.002933 -0.000718 0.015775
-0.002939 -0.000362 0.015816
-0.002202 -0.001172 0.015620
-0.001924 -0.001334 0.015410
-0.001860 -0.001151 0.015558
-0.002455 -0.001295 0.015509
-0.001774 -0.000083 0.015700
-0.002886 0.000285 0.015585
-0.002674 0.000399 0.015549
-0.003236 0.000404 0.015276
-0.002648 -0.000163 0.015850
-0.002650 0.000160 0.015736
-0.002651 -0.000525 0.015869
-0.003219 -0.001448 0.014262
-0.003579 -0.001329 0.014315
-0.003303 -0.001421 0.014212
-0.003193 -0.001388 0.014822
-0.003152 -0.001278 0.015200
-0.002911 -0.001368 0.015199
-0.002985 0.000718 0.014300
-0.002820 -0.001269 0.015432
-0.002266 0.000725 0.015040
-0.002528 -0.001495 0.015106
-0.001871 -0.001344 0.015376
-0.003360 0.000153 0.015449
-0.003645 -0.000198 0.015390
-0.001685 -0.000884 0.015618
-0.001664 -0.000732 0.015654
-0.001749 -0.001086 0.015555
-0.002409 -0.001013 0.015728
-0.002342 -0.000314 0.015868
-0.001644 -0.000555 0.015674
-0.003767 -0.000736 0.015195
-0.004143 -0.000032 0.014760
-0.003660 -0.000385 0.015404
-0.002129 0.000049 0.015780
-0.001843 0.000236 0.015603
-0.001821 0.000380 0.015486
-0.001750 0.000219 0.015575
-0.003279 -0.001338 0.014085
-0.003273 -0.001300 0.014101
-0.003066 -0.001345 0.014071
-0.002756 -0.001409 0.013994
-0.002764 -0.001429 0.013968
-0.002674 -0.001422 0.013993
-0.002618 -0.001457 0.013992
-0.002616 -0.001432 0.014019
-0.002412 -0.001484 0.014191
-0.002448 -0.001460 0.014235
-0.002241 -0.001486 0.014406
-0.002282 -0.001463 0.014438
-0.002087 -0.001471 0.014627
-0.002124 -0.001449 0.014669
-0.001936 -0.001430 0.014858
-0.001969 -0.001408 0.014905
-0.001852 -0.001392 0.014983
-0.001870 -0.001362 0.014987
-0.001762 -0.001321 0.015106
-0.001793 -0.001299 0.015110
-0.001718 -0.001186 0.015246
-0.001662 -0.001187 0.015239
-0.001637 -0.000996 0.015358
-0.001588 -0.001005 0.015334
-0.002112 0.000666 0.015182
-0.001598 -0.000855 0.015411
-0.001519 -0.000719 0.015424
-0.001568 -0.000708 0.015449
-0.001504 -0.000566 0.015446
-0.001554 -0.000395 0.015469
-0.001504 -0.000399 0.015446
-0.001536 -0.000133 0.015414
-0.001589 -0.000103 0.015438
-0.001567 0.000012 0.015386
-0.001657 0.000151 0.015369
-0.001613 0.000153 0.015340
-0.001672 0.000286 0.015280
-0.003531 0.000551 0.014366
-0.003741 0.000458 0.014307
-0.001722 0.000282 0.015305
-0.001760 0.000418 0.015188
-0.001804 0.000405 0.015219
-0.001885 0.000531 0.015063
-0.001933 0.000521 0.015091
-0.001997 0.000594 0.014953
-0.002048 0.000585 0.014980
-0.002231 0.000662 0.014728
-0.002267 0.000650 0.014767
-0.002471 0.000651 0.014577
-0.002440 0.000670 0.014527
-0.002641 0.000622 0.014356
-0.002643 0.000663 0.014336
-0.002830 0.000580 0.014182
-0.003560 0.000490 0.014233
-0.003312 0.000548 0.014188
-0.003280 0.000630 0.014339
-0.002841 0.000615 0.014158
-0.002862 0.000658 0.014161
-0.003028 0.000623 0.014134
-0.002664 0.000706 0.014347
-0.002468 0.000729 0.014541
-0.002245 0.000715 0.014746
-0.001884 0.000576 0.015109
-0.002001 0.000646 0.014986
-0.001760 0.000457 0.015245
-0.001667 0.000310 0.015332
-0.002913 0.000560 0.014133
-0.002935 0.000600 0.014115
-0.001541 -0.000841 0.015449
-0.001521 -0.000703 0.015487
-0.001591 -0.001028 0.015394
-0.001649 -0.001182 0.015312
-0.001729 -0.001311 0.015206
-0.001815 -0.001400 0.015085
-0.001944 -0.001478 0.014894
-0.002719 -0.001566 0.014143
-0.002453 -0.001544 0.014258
-0.002132 -0.001532 0.014711
-0.002995 0.000541 0.014127
-0.002646 -0.001513 0.014000
-0.003093 -0.001410 0.014047
-0.003311 -0.001366 0.014097
-0.003550 -0.001301 0.014139
-0.003282 0.000464 0.014190
-0.003892 -0.001103 0.014347
-0.004057 -0.000905 0.014473
-0.001509 -0.000538 0.015506
-0.003548 0.000402 0.014219
-0.003582 0.000446 0.014214
-0.003778 -0.001136 0.013943
-0.003793 -0.001149 0.013947
-0.003806 -0.001120 0.013956
-0.003828 -0.001133 0.013953
-0.003922 -0.001056 0.014029
-0.004043 -0.000990 0.014105
-0.004243 -0.000742 0.014253
-0.004263 -0.000640 0.014275
-0.004166 -0.000845 0.014199
-0.004324 -0.000498 0.014315
-0.004327 -0.000368 0.014317
-0.002809 -0.001549 0.014122
-0.004280 -0.000088 0.014297
-0.004317 -0.000218 0.014312
-0.004301 -0.000081 0.014306
-0.004255 0.000025 0.014278
-0.004240 0.000019 0.014269
-0.004167 0.000150 0.014223
-0.004069 0.000215 0.014155
-0.003983 0.000299 0.014098
-0.003971 0.000286 0.014092
-0.003944 0.000318 0.014092
-0.003944 0.000318 0.014092
-0.003737 0.000418 0.014258
-0.003582 0.000446 0.014214
-0.003989 0.000318 0.014198
-0.004212 -0.000514 0.014600
-0.003742 -0.001213 0.014225
-0.002779 -0.001507 0.014010
-0.002091 -0.001515 0.014662
-0.002255 -0.001543 0.014461
-0.001549 -0.000390 0.015559
-0.001519 -0.000249 0.015491
-0.003918 0.000356 0.014555
-0.003940 0.000314 0.014405
-0.004142 0.000071 0.014559
-0.004217 -0.000208 0.014611
-0.001563 0.000033 0.015433
-0.004122 -0.000793 0.014521
-0.001575 -0.000113 0.015535
-0.003737 0.000418 0.014258
-0.003506 -0.001284 0.014117
-0.003506 -0.001284 0.014117
-0.003825 -0.001160 0.014026
-0.004116 -0.000954 0.014242
-0.004287 -0.000655 0.014354
-0.004341 -0.000364 0.014406
-0.004332 -0.000204 0.014404
-0.004182 -0.000377 0.014574
-0.004252 0.000040 0.014365
-0.004141 -0.000085 0.014547
-0.004008 0.000187 0.014434
-0.004159 0.000177 0.014300
-0.004008 0.000187 0.014434
-0.003823 0.000364 0.014301
-0.003845 -0.001069 0.014305
-0.003651 -0.001209 0.014154
-0.003651 -0.001209 0.014154
-0.003651 -0.001209 0.014154
-0.003845 -0.001069 0.014305
-0.003823 0.000364 0.014301
-0.004018 -0.000892 0.014431
-0.004116 -0.000954 0.014242
-0.003845 -0.001069 0.014305
-0.003823 0.000364 0.014301
-0.004018 -0.000892 0.014431
-0.004133 -0.000661 0.014525
-0.004008 0.000187 0.014434
-0.004133 -0.000661 0.014525
-0.004133 -0.000661 0.014525
-0.004141 -0.000085 0.014547
-0.004018 -0.000892 0.014431
-0.004182 -0.000377 0.014574
-0.004182 -0.000377 0.014574
-0.003273 -0.001300 0.014101
-0.003778 -0.001136 0.013943
-0.003806 -0.001120 0.013956
-0.003476 -0.001136 0.014323
-0.003922 -0.001056 0.014029
-0.004028 -0.000984 0.014110
-0.004101 -0.000920 0.014159
-0.003689 -0.000947 0.014510
-0.004165 -0.000844 0.014200
-0.004224 -0.000739 0.014242
-0.003830 -0.000762 0.014615
-0.004262 -0.000640 0.014275
-0.004304 -0.000497 0.014305
-0.003916 -0.000492 0.014689
-0.004325 -0.000368 0.014317
-0.004316 -0.000218 0.014313
-0.003900 -0.000186 0.014684
-0.004280 -0.000088 0.014297
-0.004240 0.000018 0.014269
-0.003755 0.000081 0.014621
-0.004150 0.000138 0.014214
-0.004068 0.000214 0.014154
-0.003621 0.000230 0.014562
-0.003971 0.000286 0.014093
-0.003548 0.000402 0.014220
-0.003933 0.000304 0.014090
-0.001618 0.000017 0.015411
-0.001590 -0.000104 0.015437
-0.001927 -0.000017 0.015652
-0.002995 0.000541 0.014128
-0.003398 0.000461 0.014556
-0.003282 0.000464 0.014191
-0.003507 0.000344 0.014488
-0.002674 -0.001422 0.013993
-0.002756 -0.001409 0.013994
-0.002903 -0.001452 0.014228
-0.002157 0.000623 0.014874
-0.002048 0.000584 0.014980
-0.002363 0.000588 0.015129
-0.003436 0.000131 0.015268
-0.003079 0.000581 0.014629
-0.001557 -0.000543 0.015466
-0.001835 -0.000340 0.015680
-0.001555 -0.000395 0.015467
-0.001801 -0.000645 0.015652
-0.001933 0.000521 0.015091
-0.002110 0.000469 0.015348
-0.001718 -0.001186 0.015246
-0.001793 -0.001299 0.015110
-0.002021 -0.001215 0.015441
-0.002616 -0.001432 0.014019
-0.002791 -0.001482 0.014458
-0.001722 0.000282 0.015305
-0.001961 0.000267 0.015519
-0.001804 0.000405 0.015219
-0.001568 -0.000253 0.015457
-0.002289 -0.001415 0.015171
-0.001870 -0.001362 0.014987
-0.003327 -0.001348 0.014402
-0.003066 -0.001345 0.014072
-0.001598 -0.000855 0.015411
-0.001874 -0.000932 0.015592
-0.001568 -0.000708 0.015448
-0.001969 -0.001408 0.014905
-0.002830 0.000580 0.014182
-0.002641 0.000622 0.014356
-0.001658 0.000151 0.015368
-0.002124 -0.001449 0.014669
-0.002582 -0.001481 0.014812
-0.002471 0.000651 0.014577
-0.002684 0.000641 0.014818
-0.002282 -0.001463 0.014438
-0.002267 0.000649 0.014766
-0.001637 -0.000996 0.015358
-0.002448 -0.001460 0.014235
-0.003792 0.000050 0.014990
-0.002769 0.000078 0.015656
-0.002621 -0.000761 0.015747
-0.002792 -0.001104 0.015509
-0.003916 -0.000237 0.014991
-0.003847 -0.000724 0.014948
-0.002674 -0.000350 0.015790
-0.003107 0.000175 0.015454
-0.003674 -0.001095 0.014722
-0.003283 -0.001125 0.015176
-0.003049 -0.001141 0.015343
-0.003403 -0.001097 0.015090
-0.003653 0.000099 0.015095
-0.003023 -0.000792 0.015623
-0.003361 -0.000772 0.015421
-0.003078 -0.000299 0.015677
-0.003388 -0.000280 0.015537
-0.003563 -0.000771 0.015239
-0.003677 -0.000333 0.015248
-0.002913 0.000560 0.014133
-0.002047 0.000398 0.015543
-0.002170 0.000527 0.015420
-0.002201 0.000358 0.015603
-0.002311 0.000486 0.015481
-0.003197 -0.000558 0.015697
-0.003428 -0.000564 0.015553
-0.003398 -0.000734 0.015519
-0.003179 -0.000728 0.015662
-0.003403 -0.000020 0.015513
-0.003197 -0.000199 0.015693
-0.003174 -0.000018 0.015648
-0.003434 -0.000206 0.015553
-0.003356 -0.000896 0.015463
-0.003540 -0.000901 0.015298
-0.003472 -0.001051 0.015219
-0.003301 -0.001041 0.015387
-0.003149 -0.000888 0.015605
-0.003107 -0.001032 0.015528
-0.002918 -0.000873 0.015715
-0.002893 -0.001018 0.015639
-0.002661 -0.000860 0.015782
-0.002654 -0.001008 0.015710
-0.002937 -0.000543 0.015803
-0.002932 -0.000717 0.015770
-0.002934 -0.000184 0.015792
-0.002921 -0.000011 0.015745
-0.002825 0.000478 0.015375
-0.002865 0.000381 0.015485
-0.002689 0.000461 0.015449
-0.002672 0.000388 0.015540
-0.002994 0.000489 0.015272
-0.003056 0.000385 0.015390
-0.003161 0.000487 0.015162
-0.003230 0.000393 0.015268
-0.003285 0.000475 0.015078
-0.003371 0.000406 0.015131
-0.002648 -0.000165 0.015842
-0.002648 -0.000000 0.015798
-0.002659 -0.000702 0.015831
-0.002651 -0.000524 0.015859
-0.002156 -0.000838 0.015780
-0.001977 -0.000988 0.015681
-0.001948 -0.000813 0.015740
-0.002180 -0.001008 0.015714
-0.003006 0.000705 0.014400
-0.002922 0.000729 0.014341
-0.002985 0.000712 0.014301
-0.002732 0.000755 0.014551
-0.002748 0.000738 0.014667
-0.002393 0.000720 0.015014
-0.002616 0.000762 0.014675
-0.002369 0.000743 0.014944
-0.002762 -0.001350 0.015311
-0.002658 -0.001423 0.015210
-0.002644 -0.001332 0.015393
-0.002526 -0.001374 0.015361
-0.002909 -0.001363 0.015197
-0.002816 -0.001443 0.015043
-0.003061 -0.001360 0.015076
-0.002993 -0.001434 0.014885
-0.003186 -0.001342 0.014987
-0.003191 -0.001382 0.014820
-0.003632 -0.000563 0.015386
-0.003593 -0.000735 0.015354
-0.003606 -0.000014 0.015352
-0.003642 -0.000199 0.015387
-0.002650 0.000155 0.015727
-0.002366 0.000014 0.015802
-0.002384 0.000174 0.015735
-0.002640 -0.001261 0.015492
-0.002455 -0.001285 0.015502
-0.002361 -0.001419 0.015317
-0.002255 -0.001310 0.015483
-0.002400 -0.000854 0.015798
-0.002378 -0.000684 0.015843
-0.002648 -0.000340 0.015863
-0.002351 -0.000504 0.015864
-0.002343 -0.000315 0.015863
-0.002159 0.000205 0.015699
-0.002130 0.000043 0.015765
-0.002125 -0.000481 0.015835
-0.002120 -0.000298 0.015831
-0.002132 -0.000663 0.015818
-0.003361 -0.001308 0.014841
-0.003284 -0.001277 0.015046
-0.003695 0.000181 0.015118
-0.003548 0.000156 0.015284
-0.003762 0.000006 0.015191
-0.002918 -0.001497 0.014601
-0.003185 -0.001422 0.014567
-0.002714 -0.001507 0.014859
-0.002527 -0.001486 0.015102
-0.002732 0.000563 0.015275
-0.002572 0.000517 0.015406
-0.002924 0.000581 0.015132
-0.003122 0.000568 0.014999
-0.003297 0.000518 0.014953
-0.003394 -0.001344 0.014583
-0.003592 -0.001291 0.014441
-0.003381 -0.001378 0.014395
-0.003596 -0.001233 0.014690
-0.002383 -0.001529 0.015004
-0.002186 -0.001441 0.015282
-0.002607 -0.001549 0.014683
-0.002849 -0.001529 0.014363
-0.003811 -0.000368 0.015242
-0.003794 -0.000553 0.015229
-0.003652 -0.000385 0.015395
-0.003759 -0.000732 0.015187
-0.003702 -0.000904 0.015121
-0.003815 0.000202 0.014961
-0.003888 0.000021 0.015044
-0.002616 0.000636 0.015169
-0.002439 0.000577 0.015338
-0.002849 0.000657 0.014964
-0.003088 0.000639 0.014754
-0.003306 0.000565 0.014771
-0.001980 0.000227 0.015647
-0.001942 0.000062 0.015711
-0.003885 -0.000724 0.015046
-0.003821 -0.000902 0.014976
-0.003923 -0.000542 0.015088
-0.003940 -0.000355 0.015102
-0.003204 -0.001437 0.014381
-0.004030 -0.000530 0.014962
-0.004047 -0.000344 0.014973
-0.003989 -0.000707 0.014926
-0.003926 -0.000879 0.014860
-0.003730 0.000465 0.014483
-0.003724 0.000485 0.014398
-0.003786 0.000449 0.014437
-0.002267 0.000721 0.015040
-0.001934 -0.000638 0.015773
-0.002112 0.000664 0.015182
-0.002062 0.000553 0.015369
-0.001979 0.000581 0.015303
-0.002204 0.000646 0.015225
-0.003514 -0.001205 0.014911
-0.003728 -0.001074 0.014867
-0.003620 -0.001065 0.015030
-0.003389 -0.001179 0.015126
-0.002409 -0.001013 0.015728
-0.002202 -0.001168 0.015615
-0.002419 -0.001160 0.015628
-0.002644 -0.001150 0.015607
-0.002861 -0.001147 0.015542
-0.002818 -0.001261 0.015427
-0.003057 -0.001156 0.015436
-0.002990 -0.001268 0.015325
-0.003235 -0.001165 0.015298
-0.003149 -0.001272 0.015197
-0.003526 0.000547 0.014442
-0.003531 0.000551 0.014366
-0.003503 0.000478 0.014803
-0.003592 0.000330 0.015034
-0.003452 0.000440 0.014978
-0.003697 0.000365 0.014842
-0.003468 0.000300 0.015201
-0.002417 0.000319 0.015641
-0.002480 0.000433 0.015530
-0.002656 0.000287 0.015637
-0.003297 0.000285 0.015357
-0.003356 0.000149 0.015443
-0.003139 0.000149 0.015573
-0.003098 0.000284 0.015481
-0.002903 0.000148 0.015671
-0.002883 0.000280 0.015579
-0.001930 -0.000459 0.015788
-0.001924 -0.000280 0.015780
-0.003739 0.000455 0.014307
-0.003827 0.000398 0.014366
-0.003280 0.000630 0.014339
-0.003533 0.000509 0.014274
-0.003302 0.000568 0.014232
-0.002881 0.000689 0.014213
-0.002943 0.000673 0.014180
-0.002675 0.000723 0.014419
-0.002295 0.000731 0.014788
-0.002508 0.000739 0.014582
-0.001905 0.000570 0.015192
-0.002025 0.000650 0.015055
-0.001894 0.000483 0.015408
-0.001722 0.000335 0.015389
-0.001803 0.000475 0.015293
-0.001822 0.000379 0.015485
-0.001714 0.000068 0.015622
-0.001640 0.000176 0.015458
-0.001755 0.000217 0.015571
-0.001604 0.000023 0.015509
-0.001586 -0.000849 0.015505
-0.001664 -0.000732 0.015654
-0.001685 -0.000883 0.015618
-0.001564 -0.000698 0.015541
-0.001795 -0.001207 0.015485
-0.001685 -0.001191 0.015362
-0.001630 -0.001025 0.015447
-0.001751 -0.001084 0.015553
-0.001761 -0.001313 0.015259
-0.001965 -0.001442 0.015243
-0.001862 -0.001416 0.015135
-0.001872 -0.001343 0.015374
-0.002006 -0.001501 0.014940
-0.002127 -0.001536 0.014998
-0.002454 -0.001542 0.014259
-0.002286 -0.001544 0.014481
-0.002411 -0.001581 0.014542
-0.002547 -0.001579 0.014358
-0.002671 -0.001526 0.014029
-0.002719 -0.001565 0.014143
-0.003291 -0.001380 0.014125
-0.003160 -0.001459 0.014186
-0.003303 -0.001421 0.014211
-0.003100 -0.001422 0.014081
-0.003558 -0.001309 0.014169
-0.003577 -0.001334 0.014260
-0.003915 -0.001077 0.014539
-0.004041 -0.000917 0.014525
-0.003962 -0.001019 0.014462
-0.004008 -0.000950 0.014633
-0.001645 -0.000555 0.015673
-0.001549 -0.000529 0.015558
-0.003705 0.000432 0.014651
-0.003519 0.000518 0.014618
-0.003948 -0.000982 0.014686
-0.004024 -0.000840 0.014761
-0.003836 -0.001043 0.014759
-0.001776 -0.000084 0.015696
-0.001758 -0.000262 0.015720
-0.001677 -0.000102 0.015656
-0.001656 -0.000236 0.015671
-0.002314 0.000623 0.015268
-0.002498 0.000690 0.015068
-0.003903 0.000323 0.014651
-0.003823 0.000333 0.014743
-0.004174 -0.000059 0.014651
-0.004174 -0.000188 0.014781
-0.004141 -0.000032 0.014759
-0.004203 -0.000208 0.014667
-0.002753 -0.001559 0.014116
-0.002810 -0.001546 0.014216
-0.001809 0.000079 0.015660
-0.002543 -0.001570 0.014530
-0.002202 -0.001557 0.014887
-0.002236 -0.001539 0.014989
-0.002030 -0.001429 0.015284
-0.003373 -0.001397 0.014278
-0.003576 -0.001324 0.014315
-0.002783 0.000712 0.014778
-0.003041 0.000685 0.014529
-0.003288 0.000626 0.014413
-0.003314 0.000599 0.014572
-0.002014 -0.001165 0.015584
-0.001924 -0.001330 0.015406
-0.001861 -0.001148 0.015553
-0.002069 -0.001321 0.015450
-0.001928 0.000421 0.015490
-0.004130 -0.000679 0.014748
-0.004194 -0.000526 0.014661
-0.004159 -0.000673 0.014624
-0.004168 -0.000521 0.014776
-0.003632 -0.001306 0.014287
-0.003655 -0.001265 0.014204
-0.003217 -0.001443 0.014261
-0.002809 -0.001548 0.014122
-0.002779 -0.001506 0.014012
-0.002702 -0.001521 0.014012
-0.002132 -0.001531 0.014711
-0.004086 -0.000680 0.014813
-0.004119 -0.000523 0.014847
-0.001643 -0.000425 0.015677
-0.001549 -0.000390 0.015559
-0.003074 0.000689 0.014311
-0.003052 0.000639 0.014195
-0.003914 0.000351 0.014554
-0.003933 0.000322 0.014460
-0.001844 0.000234 0.015600
-0.004128 0.000067 0.014613
-0.004081 0.000127 0.014707
-0.004079 -0.000823 0.014693
-0.004110 -0.000799 0.014576
-0.003928 0.000182 0.014850
-0.004028 0.000153 0.014755
-0.003989 0.000273 0.014620
-0.004027 0.000227 0.014528
-0.003712 -0.001192 0.014611
-0.003788 -0.001167 0.014545
-0.003845 -0.001147 0.014475
-0.003870 -0.001114 0.014388
-0.004135 -0.000347 0.014858
-0.004183 -0.000344 0.014788
-0.001765 -0.000609 0.015720
-0.001778 -0.000780 0.015692
-0.001576 -0.000113 0.015534
-0.001563 -0.000260 0.015550
-0.004210 -0.000369 0.014671
-0.002117 -0.000122 0.015807
-0.001921 -0.000105 0.015753
-0.003928 -0.000166 0.015089
-0.004033 -0.000163 0.014963
-0.003800 -0.000180 0.015231
-0.002348 -0.000145 0.015842
-0.003441 -0.000387 0.015564
-0.002937 -0.000362 0.015811
-0.003203 -0.000380 0.015707
-0.001764 -0.000439 0.015731
-0.003680 -0.001275 0.014331
-0.003712 -0.001233 0.014254
-0.002164 0.000704 0.014916
-0.004185 -0.000058 0.014593
-0.004214 -0.000208 0.014611
-0.004224 -0.000359 0.014618
-0.004175 -0.000236 0.014568
-0.004180 -0.000377 0.014573
-0.004139 -0.000086 0.014546
-0.004093 0.000040 0.014505
-0.004137 0.000068 0.014558
-0.004036 0.000213 0.014477
-0.004007 0.000186 0.014433
-0.003916 0.000286 0.014364
-0.003939 0.000313 0.014405
-0.003822 0.000363 0.014301
-0.003837 0.000393 0.014334
-0.003734 0.000442 0.014274
-0.003737 0.000418 0.014258
-0.003822 0.000363 0.014301
-0.003952 0.000337 0.014190
-0.003988 0.000317 0.014198
-0.003737 0.000418 0.014258
-0.003916 0.000286 0.014364
-0.004074 0.000254 0.014247
-0.004007 0.000186 0.014433
-0.004158 0.000176 0.014300
-0.004251 0.000039 0.014364
-0.004093 0.000040 0.014505
-0.004139 -0.000086 0.014546
-0.004296 -0.000066 0.014387
-0.004175 -0.000236 0.014568
-0.004330 -0.000204 0.014403
-0.004339 -0.000364 0.014406
-0.004180 -0.000377 0.014573
-0.004164 -0.000525 0.014558
-0.004324 -0.000505 0.014383
-0.004208 -0.000514 0.014600
-0.004164 -0.000525 0.014558
-0.004172 -0.000666 0.014566
-0.004120 -0.000793 0.014521
-0.004057 -0.000904 0.014473
-0.003977 -0.001006 0.014412
-0.003889 -0.001099 0.014347
-0.003928 -0.000993 0.014366
-0.003845 -0.001068 0.014305
-0.004017 -0.000892 0.014430
-0.004084 -0.000780 0.014484
-0.004132 -0.000660 0.014525
-0.004132 -0.000660 0.014525
-0.004283 -0.000653 0.014352
-0.004084 -0.000780 0.014484
-0.004242 -0.000754 0.014323
-0.004017 -0.000892 0.014430
-0.004177 -0.000864 0.014288
-0.004111 -0.000949 0.014241
-0.003928 -0.000993 0.014366
-0.004039 -0.001020 0.014183
-0.003845 -0.001068 0.014305
-0.003742 -0.001212 0.014226
-0.003710 -0.001171 0.014194
-0.003683 -0.001243 0.014182
-0.003650 -0.001208 0.014155
-0.003549 -0.001299 0.014139
-0.003506 -0.001283 0.014117
-0.003650 -0.001208 0.014155
-0.003789 -0.001172 0.014023
-0.003506 -0.001283 0.014117
-0.003823 -0.001156 0.014026
-0.003710 -0.001171 0.014194
-0.003925 -0.001100 0.014101
-0.003983 0.000299 0.014098
-0.003944 0.000318 0.014093
-0.004080 0.000227 0.014163
-0.004167 0.000149 0.014222
-0.004255 0.000025 0.014278
-0.004301 -0.000081 0.014306
-0.004334 -0.000213 0.014324
-0.004342 -0.000364 0.014330
-0.004323 -0.000498 0.014315
-0.004282 -0.000643 0.014282
-0.004242 -0.000742 0.014253
-0.004179 -0.000852 0.014208
-0.004117 -0.000929 0.014164
-0.004043 -0.000996 0.014112
-0.003936 -0.001067 0.014032
-0.003828 -0.001132 0.013953
-0.003793 -0.001149 0.013947
-0.003279 -0.001338 0.014085
-0.003311 -0.001367 0.014097
-0.003093 -0.001410 0.014047
-0.002773 -0.001488 0.013979
-0.002694 -0.001501 0.013981
-0.002646 -0.001512 0.014001
-0.002419 -0.001526 0.014216
-0.002255 -0.001543 0.014461
-0.002091 -0.001515 0.014662
-0.001945 -0.001476 0.014894
-0.001816 -0.001400 0.015085
-0.001729 -0.001311 0.015206
-0.001650 -0.001181 0.015311
-0.001592 -0.001028 0.015393
-0.001541 -0.000841 0.015449
-0.001521 -0.000703 0.015487
-0.001510 -0.000538 0.015506
-0.001510 -0.000398 0.015503
-0.001669 0.000309 0.015331
-0.001761 0.000456 0.015244
-0.001608 0.000169 0.015387
-0.001566 0.000031 0.015431
-0.001538 -0.000107 0.015466
-0.001520 -0.000249 0.015491
-0.002246 0.000711 0.014746
-0.002122 0.000684 0.014865
-0.002002 0.000643 0.014986
-0.001884 0.000576 0.015109
-0.002664 0.000705 0.014347
-0.002862 0.000655 0.014162
-0.002468 0.000729 0.014541
-0.002935 0.000645 0.014133
-0.003028 0.000622 0.014135
-0.003312 0.000549 0.014189
-0.003560 0.000491 0.014233
-0.003582 0.000446 0.014214
-0.003310 0.000499 0.014176
-0.003015 0.000582 0.014119
-0.002935 0.000600 0.014115
-0.002841 0.000615 0.014158
-0.002643 0.000663 0.014336
-0.002440 0.000670 0.014527
-0.002231 0.000661 0.014728
-0.002118 0.000635 0.014837
-0.001998 0.000594 0.014953
-0.001885 0.000531 0.015063
-0.001760 0.000418 0.015188
-0.001672 0.000286 0.015280
-0.001613 0.000153 0.015340
-0.001567 0.000012 0.015386
-0.001536 -0.000133 0.015414
-0.001514 -0.000269 0.015436
-0.001504 -0.000399 0.015446
-0.001588 -0.001005 0.015334
-0.001549 -0.000864 0.015385
-0.001519 -0.000719 0.015424
-0.001504 -0.000566 0.015446
-0.001852 -0.001392 0.014983
-0.001936 -0.001430 0.014858
-0.001762 -0.001321 0.015106
-0.001662 -0.001187 0.015239
-0.002241 -0.001486 0.014406
-0.002413 -0.001482 0.014192
-0.002087 -0.001471 0.014627
-0.003102 -0.001362 0.014051
-0.002764 -0.001429 0.013969
-0.002670 -0.001451 0.013970
-0.002618 -0.001457 0.013992
-0.003548 0.000402 0.014220
-0.003933 0.000304 0.014090
-0.003971 0.000286 0.014093
-0.004068 0.000214 0.014154
-0.004150 0.000138 0.014214
-0.004240 0.000018 0.014269
-0.004280 -0.000088 0.014297
-0.004316 -0.000218 0.014313
-0.004325 -0.000368 0.014317
-0.004304 -0.000497 0.014305
-0.004262 -0.000640 0.014275
-0.004224 -0.000739 0.014242
-0.004165 -0.000844 0.014200
-0.004101 -0.000920 0.014159
-0.004028 -0.000984 0.014110
-0.003922 -0.001056 0.014029
-0.003806 -0.001120 0.013956
-0.003778 -0.001136 0.013943
-0.003273 -0.001300 0.014101
-0.003282 0.000464 0.014191
-0.002995 0.000541 0.014128
-0.002913 0.000560 0.014133
-0.002830 0.000580 0.014182
-0.002641 0.000622 0.014356
-0.002471 0.000651 0.014577
-0.002267 0.000649 0.014766
-0.002157 0.000623 0.014874
-0.002048 0.000584 0.014980
-0.001933 0.000521 0.015091
-0.001804 0.000405 0.015219
-0.001722 0.000282 0.015305
-0.001658 0.000151 0.015368
-0.001618 0.000017 0.015411
-0.001590 -0.000104 0.015437
-0.001568 -0.000253 0.015457
-0.001555 -0.000395 0.015467
-0.001557 -0.000543 0.015466
-0.001568 -0.000708 0.015448
-0.001598 -0.000855 0.015411
-0.001637 -0.000996 0.015358
-0.001718 -0.001186 0.015246
-0.001793 -0.001299 0.015110
-0.001870 -0.001362 0.014987
-0.001969 -0.001408 0.014905
-0.002124 -0.001449 0.014669
-0.002282 -0.001463 0.014438
-0.002448 -0.001460 0.014235
-0.002616 -0.001432 0.014019
-0.002674 -0.001422 0.013993
-0.002756 -0.001409 0.013994
-0.003066 -0.001345 0.014072
-0.004091 -0.000026 0.014827
-0.003995 0.000012 0.014925
-0.004119 -0.000170 0.014855
-0.001806 -0.000951 0.015643
0 1
0 2
0 3
0 42
1 2
1 3
1 4
1 399
1 400
2 4
2 5
2 42
2 43
3 399
4 5
4 6
4 400
4 401
5 6
5 7
5 43
5 44
6 7
6 8
6 9
6 401
6 402
7 8
7 44
7 45
7 46
8 9
8 11
8 46
8 47
9 10
9 11
9 402
9 403
10 11
10 12
10 13
10 403
10 404
11 13
11 47
11 48
12 13
12 14
12 15
12 404
12 405
13 14
13 48
13 49
14 15
14 16
14 49
14 50
15 16
15 17
15 405
15 406
16 17
16 18
16 50
16 51
17 18
17 19
17 406
17 407
18 19
18 20
18 21
18 51
19 20
19 407
19 408
20 21
20 22
20 408
20 409
21 22
21 23
21 51
21 52
22 23
22 24
22 409
22 410
23 24
23 25
23 52
23 53
24 25
24 26
24 410
24 411
25 26
25 27
25 53
25 54
26 27
26 28
26 411
26 412
27 28
27 29
27 54
27 55
28 29
28 30
28 412
28 413
29 30
29 31
29 55
29 56
30 31
30 32
30 33
30 413
30 414
31 32
31 56
31 57
32 33
32 34
32 57
32 58
32 59
33 34
33 35
33 414
33 415
34 35
34 37
34 59
34 60
35 36
35 37
35 415
35 416
36 37
36 38
36 39
36 416
36 417
37 39
37 60
37 61
38 39
38 40
38 417
38 418
39 40
39 41
39 61
40 41
40 418
41 61
41 62
42 43
42 63
43 44
43 63
43 64
44 45
44 64
44 65
44 66
45 46
45 66
45 67
46 47
46 67
46 68
47 48
47 68
48 49
48 68
48 69
48 70
49 50
49 70
49 71
50 51
50 71
50 72
51 52
51 72
52 53
52 72
52 73
53 54
53 73
53 74
54 55
54 74
54 75
54 76
55 56
55 76
55 77
56 57
56 77
57 58
57 77
57 78
58 59
58 78
58 79
59 60
59 79
59 80
59 81
60 61
60 81
60 82
61 62
61 82
62 82
62 83
63 64
63 84
63 85
64 65
64 84
64 86
65 66
65 86
65 87
66 67
66 87
66 88
67 68
67 88
68 69
68 88
68 89
69 70
69 89
69 90
69 91
70 71
70 91
70 92
71 72
71 92
71 93
72 73
72 93
73 74
73 93
73 94
74 75
74 94
74 95
74 96
75 76
75 96
75 97
76 77
76 97
76 98
77 78
77 98
78 79
78 98
78 99
79 80
79 99
79 100
80 81
80 100
80 101
81 82
81 101
81 102
82 83
82 102
82 103
82 104
83 104
84 85
84 86
84 105
84 107
85 105
85 106
86 87
86 107
86 108
87 88
87 108
87 109
88 89
88 109
89 90
89 109
89 110
90 91
90 110
90 111
91 92
91 111
91 112
92 93
92 112
92 113
92 114
93 94
93 114
94 95
94 114
94 115
94 116
95 96
95 116
95 117
96 97
96 117
96 118
97 98
97 118
97 119
98 99
98 119
99 100
99 119
99 120
100 101
100 120
100 121
101 102
101 121
101 122
102 103
102 122
102 123
103 104
103 123
103 124
103 125
104 125
105 106
105 107
105 126
105 128
106 126
106 127
107 108
107 128
107 129
108 109
108 129
108 130
109 110
109 130
110 111
110 130
110 131
111 112
111 131
111 132
112 113
112 132
112 133
113 114
113 133
113 134
114 115
114 134
114 135
114 136
115 116
115 136
115 137
116 117
116 137
116 138
117 118
117 138
117 139
118 119
118 139
118 140
119 120
119 140
120 121
120 140
120 141
121 122
121 141
121 142
122 123
122 142
122 143
123 124
123 143
123 144
124 125
124 144
124 145
124 146
125 146
126 127
126 128
126 147
126 149
127 147
127 148
128 129
128 149
128 150
129 130
129 150
129 151
130 131
130 151
131 132
131 151
131 152
132 133
132 152
132 153
133 134
133 153
133 154
134 135
134 154
134 155
135 136
135 155
135 156
135 157
136 137
136 157
136 158
137 138
137 158
137 159
138 139
138 159
138 160
139 140
139 160
139 161
140 141
140 161
141 142
141 161
141 162
142 143
142 162
142 163
143 144
143 163
143 164
144 145
144 164
144 165
145 146
145 165
145 166
145 167
146 167
147 148
147 149
147 168
147 170
148 168
148 169
149 150
149 170
149 171
150 151
150 171
150 172
151 152
151 172
152 153
152 172
152 173
153 154
153 173
153 174
154 155
154 174
154 175
155 156
155 175
155 176
156 157
156 176
156 177
156 178
157 158
157 178
157 179
158 159
158 179
158 180
159 160
159 180
159 181
160 161
160 181
160 182
161 162
161 182
162 163
162 182
162 183
163 164
163 183
163 184
164 165
164 184
164 185
165 166
165 185
165 186
166 167
166 186
166 187
166 188
167 188
168 169
168 170
168 189
168 191
169 189
169 190
170 171
170 191
170 192
171 172
171 192
171 193
172 173
172 193
173 174
173 193
173 194
174 175
174 194
174 195
175 176
175 195
175 196
176 177
176 196
176 197
177 178
177 197
177 198
177 199
178 179
178 199
178 200
179 180
179 200
179 201
180 181
180 201
180 202
181 182
181 202
181 203
182 183
182 203
183 184
183 203
183 204
184 185
184 204
184 205
185 186
185 205
185 206
185 207
186 187
186 207
186 208
187 188
187 208
188 208
188 209
189 190
189 191
189 210
189 211
190 210
191 192
191 211
191 212
192 193
192 212
192 213
193 194
193 213
193 214
193 215
194 195
194 215
194 216
195 196
195 216
195 217
196 197
196 217
197 198
197 217
197 218
198 199
198 218
198 219
198 220
199 200
199 220
200 201
200 220
200 221
201 202
201 221
201 222
202 203
202 222
202 223
203 204
203 223
203 224
203 225
204 205
204 225
204 226
205 206
205 226
205 227
206 207
206 227
206 228
207 208
207 228
207 229
208 209
208 229
209 229
209 230
210 211
210 231
211 212
211 231
211 232
212 213
212 232
212 233
213 214
213 233
213 234
214 215
214 234
214 235
214 236
215 216
215 236
215 237
216 217
216 237
216 238
217 218
217 238
217 239
218 219
218 239
218 240
219 220
219 240
220 221
220 240
220 241
221 222
221 241
221 242
222 223
222 242
222 243
223 224
223 243
223 244
224 225
224 244
224 245
224 246
225 226
225 246
225 247
226 227
226 247
226 248
227 228
227 248
227 249
228 229
228 249
228 250
229 230
229 250
230 250
230 251
231 232
231 252
232 233
232 252
232 253
233 234
233 253
233 254
234 235
234 254
234 255
235 236
235 255
235 256
235 257
236 237
236 257
236 258
237 238
237 258
237 259
238 239
238 259
238 260
239 240
239 260
239 261
240 241
240 261
241 242
241 261
241 262
242 243
242 262
242 263
243 244
243 263
243 264
244 245
244 264
244 265
245 246
245 265
245 266
245 267
246 247
246 267
246 268
247 248
247 268
247 269
248 249
248 269
248 270
249 250
249 270
249 271
250 251
250 271
251 271
251 272
252 253
252 273
253 254
253 273
253 274
254 255
254 274
254 275
255 256
255 275
255 276
256 257
256 276
256 277
256 278
257 258
257 278
257 279
258 259
258 279
258 280
259 260
259 280
259 281
260 261
260 281
260 282
261 262
261 282
262 263
262 282
262 283
263 264
263 283
263 284
264 265
264 284
264 285
265 266
265 285
265 286
266 267
266 286
266 287
266 288
267 268
267 288
267 289
268 269
268 289
268 290
269 270
269 290
269 291
270 271
270 291
270 292
271 272
271 292
272 292
272 293
273 274
273 294
274 275
274 294
274 295
275 276
275 295
275 296
276 277
276 296
276 297
277 278
277 297
277 298
277 299
278 279
278 299
278 300
279 280
279 300
279 301
280 281
280 301
280 302
281 282
281 302
281 303
282 283
282 303
283 284
283 303
283 304
284 285
284 304
284 305
285 286
285 305
285 306
286 287
286 306
286 307
287 288
287 307
287 308
287 309
288 289
288 309
288 310
289 290
289 310
289 311
290 291
290 311
290 312
291 292
291 312
292 293
292 312
292 313
292 314
293 314
294 295
294 315
294 316
295 296
295 315
296 297
296 315
296 317
297 298
297 317
297 318
298 299
298 318
298 319
298 320
299 300
299 320
299 321
300 301
300 321
300 322
301 302
301 322
301 323
302 303
302 323
302 324
303 304
303 324
304 305
304 324
304 325
305 306
305 325
305 326
306 307
306 326
306 327
307 308
307 327
307 328
308 309
308 328
308 329
308 330
309 310
309 330
309 331
310 311
310 331
311 312
311 331
311 332
312 313
312 332
312 333
313 314
313 333
313 334
313 335
314 335
315 316
315 317
315 336
315 338
316 336
316 337
317 318
317 338
318 319
318 338
318 339
319 320
319 339
319 340
319 341
320 321
320 341
320 342
321 322
321 342
321 343
322 323
322 343
323 324
323 343
323 344
324 325
324 344
324 345
324 346
325 326
325 346
325 347
326 327
326 347
326 348
327 328
327 348
328 329
328 348
328 349
329 330
329 349
329 350
330 331
330 350
330 351
330 352
331 332
331 352
332 333
332 352
332 353
333 334
333 353
333 354
334 335
334 354
334 355
334 356
335 356
336 337
336 338
336 357
336 359
337 357
337 358
338 339
338 359
338 360
339 340
339 360
339 361
340 341
340 361
340 362
341 342
341 362
341 363
342 343
342 363
343 344
343 363
343 364
344 345
344 364
344 365
345 346
345 365
345 366
345 367
346 347
346 367
346 368
347 348
347 368
347 369
348 349
348 369
348 370
349 350
349 370
350 351
350 370
350 371
351 352
351 371
351 372
352 353
352 372
352 373
353 354
353 373
353 374
354 355
354 374
354 375
355 356
355 375
355 376
355 377
356 377
357 358
357 359
357 378
357 380
358 378
358 379
359 360
359 380
359 381
360 361
360 381
360 382
361 362
361 382
361 383
362 363
362 383
363 364
363 383
363 384
364 365
364 384
364 385
365 366
365 385
365 386
366 367
366 386
366 387
366 388
367 368
367 388
367 389
368 369
368 389
368 390
369 370
369 390
369 391
370 371
370 391
371 372
371 391
371 392
372 373
372 392
372 393
373 374
373 393
373 394
374 375
374 394
374 395
375 376
375 395
375 396
376 377
376 396
376 397
376 398
377 398
378 379
378 380
378 419
378 420
379 419
380 381
380 420
380 421
381 382
381 421
381 422
382 383
382 422
382 423
383 384
383 423
383 424
384 385
384 424
384 425
385 386
385 425
385 426
386 387
386 426
386 427
387 388
387 427
387 428
388 389
388 428
388 429
389 390
389 429
389 430
390 391
390 430
390 431
391 392
391 431
391 432
392 393
392 432
392 433
393 394
393 433
393 434
394 395
394 434
394 435
395 396
395 435
395 436
396 397
396 436
396 437
397 398
397 437
397 438
398 438
439 440
439 441
439 442
439 506
439 507
440 441
441 442
441 443
442 443
442 448
442 507
442 531
443 448
443 449
444 445
444 446
444 447
444 495
444 564
444 579
445 446
445 495
445 496
445 708
445 711
446 447
446 450
446 711
447 450
447 451
447 574
447 579
448 449
448 452
448 531
449 452
449 453
450 451
450 456
450 701
450 711
451 456
451 459
451 574
451 575
452 453
452 455
452 528
452 531
453 454
453 455
454 455
454 457
454 458
455 458
455 527
455 528
456 459
456 462
456 694
456 701
457 458
457 460
458 460
458 461
458 523
458 527
459 462
459 463
459 575
460 461
460 464
461 464
461 465
461 523
462 463
462 483
462 674
462 694
463 483
463 551
463 552
463 555
463 575
464 465
464 466
464 467
465 466
465 474
465 523
465 534
466 467
466 473
466 474
468 469
468 470
468 497
468 498
469 470
469 484
469 486
470 486
470 498
470 524
470 529
471 472
471 473
471 482
471 542
472 473
472 474
472 481
472 482
472 534
473 474
474 534
475 476
475 477
475 494
475 521
476 477
476 506
477 494
477 506
477 507
477 532
478 479
478 480
478 517
478 518
479 480
479 487
479 488
480 488
480 518
480 524
480 530
481 482
481 530
481 534
481 535
481 541
482 512
482 513
482 518
482 530
482 542
483 489
483 490
483 555
483 673
483 674
484 485
484 486
484 508
485 486
485 508
485 509
485 510
485 525
486 525
486 529
487 488
487 497
488 497
488 498
488 524
489 490
489 549
489 550
489 673
490 549
490 554
490 555
491 492
491 493
491 539
491 540
491 658
491 659
491 661
492 493
492 539
492 565
492 572
492 573
492 577
493 565
493 568
493 658
493 660
494 516
494 519
494 521
494 532
495 496
495 499
495 522
495 564
496 522
496 630
496 690
496 707
496 708
496 709
497 498
498 524
499 500
499 501
499 514
499 522
499 560
499 564
500 501
500 546
500 547
500 560
500 561
500 650
501 514
501 650
501 665
501 666
502 503
502 504
502 520
503 504
503 505
503 511
504 505
504 510
504 520
504 525
504 526
505 511
505 515
505 516
505 526
506 507
507 531
507 532
508 509
509 510
509 520
510 520
510 525
511 515
512 513
512 542
513 517
513 518
514 522
514 576
514 666
514 667
515 516
515 519
516 519
516 526
516 532
516 533
517 518
518 530
519 521
522 576
522 690
523 527
523 534
524 529
524 530
524 536
525 526
525 529
525 538
526 533
526 538
527 528
527 534
527 541
528 531
528 532
528 537
528 541
529 536
529 538
530 535
530 536
531 532
532 533
532 537
533 537
533 538
534 541
535 536
535 537
535 541
536 537
536 538
537 538
537 541
539 540
539 546
539 577
540 546
540 548
540 661
540 662
543 544
543 545
543 557
543 558
543 559
543 565
543 571
544 545
544 557
544 607
544 618
544 652
544 656
544 657
545 559
545 654
545 656
546 547
546 548
546 561
546 562
546 577
547 548
547 650
547 663
547 664
548 662
548 663
549 550
549 554
549 578
549 604
550 604
550 672
550 673
550 688
551 552
551 553
551 569
551 575
552 553
552 555
552 556
552 558
552 566
552 571
553 566
553 567
553 569
554 555
554 556
554 557
554 578
554 607
555 556
556 557
556 558
557 558
557 607
558 571
559 565
559 568
559 654
559 655
560 561
560 563
560 564
561 562
561 563
562 563
562 570
562 573
562 577
563 564
563 569
563 570
563 574
563 579
564 579
565 568
565 571
565 572
566 567
566 571
566 572
567 569
567 570
567 572
567 573
568 655
568 660
569 570
569 574
569 575
570 573
571 572
572 573
573 577
574 575
574 579
576 623
576 628
576 667
576 690
578 604
578 607
578 618
578 668
578 669
580 581
580 582
580 632
580 646
580 647
580 675
581 582
581 632
582 584
582 646
583 584
583 585
583 586
583 648
583 649
583 668
584 585
584 646
584 649
585 586
585 587
586 587
586 588
586 589
586 648
586 653
587 588
588 589
588 590
589 590
589 591
589 651
589 653
590 591
590 592
591 592
591 593
591 594
591 651
591 652
591 657
592 593
593 594
593 595
594 595
594 596
594 656
594 657
595 596
595 597
596 597
596 598
596 654
596 656
597 598
597 599
598 599
598 600
598 654
598 655
599 600
599 601
600 601
600 602
600 603
600 655
600 658
600 660
601 602
602 603
602 605
602 606
603 605
603 658
603 659
604 668
604 670
604 672
605 606
605 608
605 659
605 661
606 608
606 609
607 618
608 609
608 610
608 661
608 662
609 610
609 611
610 611
610 612
610 662
610 663
611 612
611 613
611 614
612 613
612 663
612 664
613 614
613 615
613 664
613 665
614 615
614 616
615 616
615 617
615 665
616 617
616 619
617 619
617 620
617 621
617 665
617 666
618 651
618 652
618 669
619 620
620 621
620 622
621 622
621 666
621 667
622 623
622 624
622 667
623 624
623 625
623 626
623 628
623 667
624 625
625 626
625 627
626 627
626 628
627 628
627 629
628 629
628 630
628 690
629 630
629 631
630 631
630 642
630 690
630 707
631 642
633 634
633 635
633 636
633 682
633 683
633 692
633 693
633 695
634 635
634 636
635 681
635 682
636 638
636 683
637 638
637 639
637 640
637 641
637 684
638 639
638 683
639 683
639 684
639 703
639 704
640 641
640 643
640 645
641 643
641 684
641 705
641 706
643 644
643 645
643 706
644 645
644 706
646 647
646 649
646 668
646 670
647 670
647 671
647 675
648 653
648 668
648 669
649 668
650 664
650 665
651 652
651 653
651 669
652 657
653 669
654 655
654 656
655 660
656 657
658 659
658 660
659 661
661 662
662 663
663 664
664 665
665 666
666 667
668 669
668 670
670 671
670 672
671 672
671 675
671 687
671 688
672 688
673 674
673 688
673 689
673 698
673 699
674 694
674 696
674 697
674 698
675 687
676 677
676 678
676 679
676 680
677 678
677 679
677 686
678 680
678 681
678 682
678 685
678 686
680 681
681 682
682 685
682 691
682 692
683 695
683 702
683 703
684 704
684 705
685 686
685 691
687 688
687 689
688 689
692 693
694 696
694 700
694 701
695 702
696 697
696 700
698 699
700 701
700 712
701 711
701 712
703 704
704 705
705 706
708 709
708 710
708 711
709 710
710 711
711 712
711 713
712 713
714 715
714 716
714 730
714 731
715 716
715 730
715 737
715 780
715 795
716 737
717 718
717 719
717 757
717 758
717 782
718 719
718 720
719 720
719 725
719 782
719 820
720 725
720 726
721 722
721 723
721 724
721 734
721 766
721 779
721 803
722 723
722 724
723 765
723 766
724 734
724 791
725 726
725 733
725 809
725 820
726 732
726 733
727 728
727 729
727 762
727 770
727 776
727 777
727 847
727 863
728 729
728 734
728 777
729 734
729 851
729 852
729 863
730 731
730 735
730 780
731 735
731 740
732 733
732 736
732 738
733 736
733 808
733 809
734 777
734 779
734 784
734 791
734 851
735 740
735 778
735 780
736 738
736 739
736 808
736 814
737 795
738 739
738 741
739 741
739 745
739 754
739 755
739 814
740 778
740 853
741 745
742 743
742 744
743 744
743 746
744 746
745 755
747 748
747 749
748 749
748 775
749 775
750 751
750 752
750 771
750 783
751 752
751 786
751 792
752 771
752 786
752 810
752 811
753 754
753 755
753 789
754 755
754 759
754 761
754 789
754 790
754 812
754 814
756 757
756 758
756 798
757 758
758 782
758 794
758 798
758 821
759 760
759 761
759 790
760 761
760 771
760 783
761 771
761 810
761 812
762 763
762 764
762 770
762 824
762 825
762 847
762 848
763 764
763 825
763 858
765 766
765 796
765 797
765 813
766 796
766 803
766 861
767 768
767 769
768 769
770 776
771 783
771 810
772 773
772 774
772 799
773 774
773 781
773 793
774 781
774 788
774 799
774 806
774 807
776 777
777 784
777 785
778 780
778 853
779 803
779 849
779 851
780 795
781 793
781 794
781 807
782 820
782 821
784 785
786 787
786 788
786 792
786 806
786 811
787 788
787 792
787 799
788 799
788 806
789 790
793 794
793 798
794 798
794 807
794 821
796 797
796 816
796 846
796 861
797 813
797 815
797 816
797 867
800 801
800 802
800 804
800 805
800 847
800 848
801 802
801 804
801 829
801 830
801 833
802 827
802 828
802 829
802 848
803 849
803 861
804 805
804 833
804 834
804 840
805 840
805 847
805 863
805 864
806 807
806 811
806 831
807 821
807 831
808 809
808 814
808 831
808 832
809 820
809 821
809 831
810 811
810 812
810 832
811 831
811 832
812 814
812 832
813 867
814 832
815 816
815 822
815 867
816 822
816 823
816 846
817 818
817 819
817 836
817 837
817 857
818 819
818 834
818 835
818 836
818 843
818 856
819 843
819 844
819 855
819 857
820 821
821 831
822 823
822 838
823 838
823 839
823 841
823 846
824 825
824 826
824 827
824 848
825 826
825 858
825 859
826 827
826 828
826 859
826 862
827 828
827 848
828 829
828 862
829 830
830 833
831 832
833 834
833 835
834 835
834 840
834 856
835 836
835 865
836 837
836 865
838 839
838 866
839 841
839 842
839 845
839 866
840 856
840 864
841 842
841 846
841 854
841 855
842 845
842 855
843 844
843 856
843 860
844 850
844 854
844 855
844 860
845 855
845 857
845 866
846 854
846 861
847 848
847 863
849 850
849 851
849 854
849 861
850 851
850 852
850 854
850 860
851 852
852 860
852 863
852 864
854 855
854 861
855 857
856 860
856 864
858 859
859 862
860 864
863 864
868 869
868 870
868 871
868 930
868 931
869 870
870 871
870 872
871 872
871 873
871 877
871 931
871 955
872 873
873 877
873 878
874 875
874 876
874 879
874 1010
874 1025
875 876
875 991
875 992
875 1010
875 1162
876 879
876 884
876 1034
876 1162
876 1164
877 878
877 880
877 955
878 880
878 881
879 884
879 885
879 983
879 1025
879 1026
880 881
880 883
880 952
880 955
881 882
881 883
882 883
882 886
882 887
883 887
883 951
883 952
884 885
884 891
884 1034
885 891
885 912
885 1026
885 1035
886 887
886 888
887 888
887 889
887 890
887 947
887 951
888 889
889 890
889 892
890 892
890 893
890 947
891 912
891 926
891 1034
891 1155
891 1165
892 893
892 894
892 895
893 894
893 903
893 947
893 958
894 895
894 896
894 902
894 903
895 896
897 898
897 899
897 923
897 924
898 899
898 913
898 915
899 915
899 924
899 948
899 953
900 901
900 902
900 911
900 970
901 902
901 903
901 910
901 911
901 958
902 903
903 958
904 905
904 906
904 921
905 906
905 930
906 921
906 922
906 930
906 931
906 956
907 908
907 909
907 940
907 941
908 909
908 916
908 917
909 917
909 941
909 948
909 954
910 911
910 954
910 958
910 960
910 969
911 936
911 937
911 941
911 954
911 970
912 926
912 927
912 1033
912 1035
913 914
913 915
913 932
914 915
914 932
914 933
914 934
914 949
915 949
915 953
916 917
916 925
917 924
917 925
917 948
918 919
918 920
918 943
919 920
919 928
920 928
920 929
920 934
920 943
920 949
920 950
921 922
921 944
922 939
922 942
922 944
922 956
923 924
923 925
924 925
924 948
926 927
926 946
926 1155
926 1167
927 945
927 946
927 986
927 1033
928 929
928 935
929 935
929 938
929 939
929 950
930 931
931 955
931 956
932 933
933 934
933 943
934 943
934 949
935 938
936 937
936 970
937 940
937 941
938 939
938 942
939 942
939 950
939 956
939 957
940 941
941 954
942 944
945 946
945 959
945 986
945 1017
945 1018
946 959
946 1124
946 1125
946 1167
947 951
947 958
948 953
948 954
948 961
949 950
949 953
949 963
950 957
950 963
951 952
951 958
951 969
952 955
952 956
952 962
952 969
953 961
953 963
954 960
954 961
955 956
956 957
956 962
957 962
957 963
958 969
959 1015
959 1017
959 1124
960 961
960 962
960 969
961 962
961 963
962 963
962 969
964 965
964 966
964 1004
964 1024
964 1112
964 1113
964 1114
965 966
965 1004
965 1006
965 1023
966 967
966 968
966 1023
966 1114
966 1117
967 968
967 971
967 1115
967 1116
967 1117
968 971
968 1014
968 1017
968 1019
968 1023
971 1014
971 1016
971 1115
971 1140
972 973
972 974
972 993
972 994
972 1009
972 1022
972 1064
973 974
973 975
973 1009
973 1012
973 1036
973 1037
974 975
974 1038
974 1064
974 1102
974 1104
975 1037
975 1038
976 977
976 978
976 986
976 987
976 1033
977 978
977 979
977 987
977 998
977 1001
978 979
978 984
978 1033
978 1035
979 984
979 1001
979 1002
980 981
980 982
980 990
980 1005
980 1027
980 1028
980 1029
980 1032
981 982
981 989
981 990
981 1013
981 1031
982 1000
982 1003
982 1005
982 1013
982 1030
983 984
983 985
983 1025
983 1026
984 985
984 1002
984 1026
984 1035
985 1002
985 1008
985 1011
985 1012
985 1025
986 987
986 1018
986 1033
987 998
987 1018
987 1021
988 989
988 990
988 1007
988 1032
988 1039
988 1160
988 1168
989 990
989 1007
989 1031
989 1036
990 1032
991 992
991 993
991 996
991 997
991 1010
992 997
992 1077
992 1078
992 1162
993 994
993 995
993 996
993 1009
993 1010
994 995
994 1022
995 996
995 997
995 1020
995 1022
995 1099
995 1100
995 1101
996 997
997 1020
997 1077
997 1095
998 999
998 1000
998 1001
998 1021
999 1000
999 1003
999 1006
999 1021
999 1030
1000 1001
1000 1013
1000 1030
1001 1002
1001 1013
1002 1011
1002 1013
1003 1004
1003 1005
1003 1006
1003 1030
1004 1005
1004 1006
1004 1024
1005 1024
1005 1029
1006 1021
1006 1023
1007 1036
1007 1037
1007 1039
1008 1009
1008 1010
1008 1012
1008 1025
1009 1010
1009 1012
1010 1025
1011 1012
1011 1013
1011 1031
1011 1036
1012 1036
1013 1031
1014 1015
1014 1016
1014 1017
1015 1016
1015 1017
1015 1122
1015 1124
1015 1156
1016 1120
1016 1121
1016 1122
1016 1140
1017 1018
1017 1019
1018 1019
1018 1021
1019 1021
1019 1023
1020 1095
1020 1097
1020 1098
1020 1099
1021 1023
1022 1064
1022 1101
1022 1103
1024 1029
1024 1111
1024 1112
1026 1035
1027 1028
1027 1029
1027 1108
1027 1110
1028 1032
1028 1108
1028 1109
1029 1110
1029 1111
1031 1036
1032 1109
1032 1126
1032 1160
1033 1035
1034 1164
1034 1165
1036 1037
1037 1038
1037 1039
1038 1039
1038 1104
1038 1105
1039 1105
1039 1166
1039 1168
1040 1041
1040 1042
1040 1120
1040 1121
1040 1129
1040 1130
1040 1170
1040 1171
1041 1042
1041 1129
1042 1043
1042 1044
1042 1120
1043 1044
1043 1045
1044 1045
1044 1046
1044 1119
1044 1120
1044 1157
1045 1046
1045 1047
1046 1047
1046 1048
1046 1119
1047 1048
1047 1049
1048 1049
1048 1050
1048 1116
1048 1119
1048 1159
1049 1050
1049 1051
1050 1051
1050 1052
1050 1159
1051 1052
1051 1053
1052 1053
1052 1054
1052 1158
1052 1159
1053 1054
1053 1055
1054 1055
1054 1056
1054 1114
1054 1158
1055 1056
1055 1057
1056 1057
1056 1058
1056 1113
1056 1114
1057 1058
1057 1059
1058 1059
1058 1060
1058 1061
1058 1112
1058 1113
1059 1060
1060 1061
1060 1062
1061 1062
1061 1063
1061 1111
1061 1112
1062 1063
1062 1065
1063 1065
1063 1066
1063 1108
1063 1110
1063 1111
1064 1102
1064 1103
1065 1066
1065 1067
1066 1067
1066 1068
1066 1108
1066 1109
1067 1068
1067 1069
1068 1069
1068 1070
1068 1109
1068 1126
1069 1070
1069 1071
1069 1072
1070 1071
1070 1126
1070 1161
1071 1072
1071 1073
1071 1161
1071 1166
1072 1073
1072 1074
1073 1074
1073 1075
1073 1166
1074 1075
1074 1076
1074 1079
1075 1076
1075 1105
1075 1166
1076 1079
1076 1080
1076 1104
1076 1105
1077 1078
1077 1093
1077 1094
1077 1095
1078 1093
1078 1162
1078 1163
1078 1169
1078 1183
1078 1189
1079 1080
1079 1081
1080 1081
1080 1082
1080 1102
1080 1104
1081 1082
1081 1083
1082 1083
1082 1084
1082 1102
1082 1103
1083 1084
1083 1085
1084 1085
1084 1086
1084 1103
1085 1086
1085 1087
1086 1087
1086 1088
1086 1089
1086 1101
1086 1103
1087 1088
1088 1089
1088 1090
1089 1090
1089 1091
1089 1100
1089 1101
1090 1091
1090 1092
1091 1092
1091 1096
1091 1099
1091 1100
1092 1096
1092 1106
1093 1094
1093 1128
1093 1169
1094 1095
1094 1098
1094 1123
1094 1127
1094 1128
1095 1098
1096 1097
1096 1099
1096 1106
1096 1107
1097 1098
1097 1099
1097 1107
1098 1107
1098 1118
1098 1123
1099 1100
1100 1101
1101 1103
1102 1103
1102 1104
1104 1105
1105 1166
1106 1107
1106 1118
1107 1118
1108 1109
1108 1110
1109 1126
1110 1111
1111 1112
1112 1113
1113 1114
1114 1117
1114 1158
1115 1116
1115 1119
1115 1140
1116 1117
1116 1119
1116 1159
1117 1158
1117 1159
1118 1123
1119 1140
1119 1157
1120 1121
1120 1140
1120 1157
1121 1122
1121 1170
1122 1156
1122 1170
1122 1187
1123 1127
1124 1125
1124 1156
1124 1188
1124 1200
1125 1167
1125 1200
1126 1160
1126 1161
1127 1128
1127 1151
1128 1151
1128 1169
1129 1130
1129 1131
1130 1131
1130 1132
1130 1171
1130 1172
1131 1132
1131 1133
1132 1133
1132 1134
1132 1172
1133 1134
1134 1137
1134 1172
1134 1173
1135 1136
1135 1137
1135 1138
1135 1173
1135 1174
1136 1137
1136 1138
1136 1139
1137 1173
1138 1139
1138 1174
1138 1175
1139 1142
1139 1175
1140 1157
1141 1142
1141 1143
1141 1144
1141 1145
1142 1143
1142 1175
1142 1176
1143 1144
1143 1176
1143 1178
1144 1145
1144 1146
1144 1178
1144 1181
1145 1146
1145 1147
1146 1147
1146 1148
1146 1154
1146 1181
1147 1148
1147 1149
1148 1149
1148 1150
1148 1154
1149 1150
1150 1152
1150 1153
1150 1154
1152 1153
1152 1154
1152 1193
1154 1181
1154 1193
1155 1165
1155 1167
1155 1177
1155 1198
1156 1187
1156 1188
1158 1159
1160 1161
1160 1168
1161 1166
1161 1168
1162 1163
1162 1164
1163 1164
1163 1182
1163 1183
1164 1165
1164 1179
1164 1180
1164 1182
1165 1177
1165 1179
1166 1168
1167 1198
1167 1200
1169 1189
1170 1187
1171 1172
1171 1186
1172 1173
1172 1184
1172 1185
1172 1186
1173 1174
1173 1184
1173 1194
1174 1175
1174 1194
1174 1195
1174 1197
1175 1176
1175 1197
1175 1201
1175 1202
1176 1178
1176 1199
1176 1201
1177 1179
1177 1198
1178 1181
1178 1196
1178 1199
1179 1180
1181 1193
1181 1196
1182 1183
1184 1185
1187 1188
1188 1200
1190 1191
1190 1192
1191 1192
1193 1196
1194 1195
1196 1199
1197 1202
1198 1200
1199 1201
1203 1204
1203 1205
1203 1206
1203 1261
1203 1262
1204 1205
1205 1206
1205 1207
1206 1207
1206 1208
1206 1210
1206 1261
1206 1286
1207 1208
1208 1209
1208 1210
1209 1210
1209 1211
1210 1211
1210 1213
1210 1286
1211 1212
1211 1213
1212 1213
1212 1214
1213 1214
1213 1216
1213 1283
1213 1286
1214 1215
1214 1216
1215 1216
1215 1217
1216 1217
1216 1219
1216 1282
1216 1283
1217 1218
1217 1219
1218 1219
1218 1220
1219 1220
1219 1221
1219 1222
1219 1278
1219 1282
1220 1221
1221 1222
1221 1223
1222 1223
1222 1224
1222 1225
1222 1278
1223 1224
1224 1225
1224 1226
1225 1226
1225 1227
1225 1235
1225 1278
1225 1290
1226 1227
1226 1228
1227 1228
1227 1234
1227 1235
1229 1230
1229 1231
1229 1269
1230 1231
1230 1245
1230 1258
1231 1245
1231 1256
1231 1269
1231 1279
1231 1284
1232 1233
1232 1234
1232 1243
1232 1297
1233 1234
1233 1235
1233 1242
1233 1243
1233 1290
1234 1235
1235 1290
1236 1237
1236 1238
1236 1253
1237 1238
1237 1262
1238 1253
1238 1254
1238 1261
1238 1262
1238 1287
1239 1240
1239 1241
1239 1275
1240 1241
1240 1248
1240 1249
1241 1249
1241 1273
1241 1275
1241 1279
1241 1285
1242 1243
1242 1285
1242 1290
1242 1294
1243 1267
1243 1268
1243 1273
1243 1285
1243 1297
1244 1245
1244 1246
1244 1247
1244 1265
1245 1246
1245 1247
1245 1258
1245 1280
1245 1284
1246 1258
1247 1263
1247 1264
1247 1265
1247 1280
1248 1249
1248 1257
1249 1256
1249 1257
1249 1279
1250 1251
1250 1252
1250 1264
1250 1276
1251 1252
1251 1259
1251 1260
1252 1259
1252 1264
1252 1280
1252 1281
1253 1254
1253 1277
1254 1271
1254 1274
1254 1277
1254 1287
1255 1256
1255 1257
1255 1269
1256 1257
1256 1269
1256 1279
1259 1260
1259 1266
1259 1270
1259 1271
1259 1281
1260 1266
1261 1262
1261 1286
1261 1287
1261 1289
1263 1264
1263 1265
1263 1276
1264 1276
1264 1280
1266 1270
1267 1268
1267 1297
1268 1272
1268 1273
1270 1271
1270 1274
1271 1274
1271 1281
1271 1287
1271 1288
1272 1273
1272 1275
1273 1275
1273 1285
1274 1277
1278 1282
1278 1290
1278 1296
1279 1284
1279 1285
1279 1293
1280 1281
1280 1284
1280 1291
1281 1288
1281 1291
1282 1283
1282 1296
1283 1286
1283 1289
1283 1295
1283 1296
1284 1291
1284 1293
1285 1293
1285 1294
1286 1289
1287 1288
1287 1289
1287 1291
1287 1292
1288 1291
1289 1292
1289 1295
1290 1294
1290 1296
1291 1292
1291 1293
1292 1293
1292 1294
1292 1295
1293 1294
1294 1295
1294 1296
1295 1296
1298 1299
1298 1300
1298 1376
1298 1415
1298 1432
1298 1553
1299 1300
1299 1301
1299 1432
1299 1434
1299 1528
1300 1301
1300 1366
1300 1376
1300 1456
1301 1411
1301 1456
1301 1457
1301 1528
1302 1303
1302 1304
1302 1305
1302 1320
1302 1601
1303 1304
1303 1360
1303 1361
1303 1599
1303 1601
1304 1305
1304 1310
1304 1311
1304 1361
1305 1310
1305 1314
1305 1320
1305 1321
1306 1307
1306 1308
1306 1309
1306 1362
1306 1384
1306 1460
1307 1308
1307 1309
1307 1322
1307 1600
1307 1601
1308 1322
1308 1323
1308 1460
1308 1461
1309 1362
1309 1363
1309 1599
1309 1601
1310 1311
1310 1312
1310 1313
1310 1314
1311 1312
1311 1361
1311 1406
1311 1407
1312 1313
1312 1407
1312 1437
1312 1438
1312 1447
1313 1314
1313 1315
1313 1445
1313 1447
1314 1315
1314 1316
1314 1321
1315 1316
1315 1317
1315 1445
1316 1317
1316 1318
1316 1321
1317 1318
1317 1319
1317 1443
1317 1445
1318 1319
1318 1321
1318 1336
1318 1371
1318 1439
1319 1439
1319 1442
1319 1443
1320 1321
1320 1336
1320 1337
1320 1600
1320 1601
1321 1336
1322 1323
1322 1334
1322 1373
1322 1600
1323 1334
1323 1335
1323 1461
1323 1463
1324 1325
1324 1326
1324 1328
1324 1329
1324 1390
1324 1392
1325 1326
1325 1327
1325 1329
1325 1458
1325 1462
1325 1464
1326 1327
1326 1390
1326 1391
1327 1391
1327 1457
1327 1458
1328 1329
1328 1330
1328 1331
1328 1392
1329 1331
1329 1459
1329 1462
1330 1331
1330 1332
1330 1392
1330 1393
1331 1332
1331 1333
1331 1459
1332 1333
1332 1393
1332 1394
1332 1453
1333 1453
1333 1455
1333 1459
1334 1335
1334 1365
1334 1373
1334 1375
1334 1598
1335 1364
1335 1365
1335 1463
1336 1337
1336 1371
1336 1372
1337 1372
1337 1373
1337 1374
1337 1600
1338 1339
1338 1340
1338 1341
1338 1371
1338 1372
1338 1380
1339 1340
1339 1341
1339 1549
1339 1551
1339 1813
1340 1380
1340 1430
1340 1589
1340 1813
1341 1371
1341 1439
1341 1440
1341 1549
1342 1343
1342 1344
1342 1345
1342 1346
1342 1546
1342 1547
1342 1569
1343 1344
1343 1345
1343 1472
1343 1474
1344 1472
1344 1473
1344 1569
1344 1570
1345 1346
1345 1348
1345 1474
1345 1476
1346 1347
1346 1348
1346 1545
1346 1546
1347 1348
1347 1349
1347 1429
1347 1434
1347 1528
1347 1529
1347 1545
1348 1349
1348 1475
1348 1476
1349 1429
1349 1475
1349 1605
1350 1351
1350 1352
1350 1354
1350 1444
1350 1446
1351 1352
1351 1353
1351 1354
1351 1355
1351 1389
1352 1353
1352 1367
1352 1444
1353 1367
1353 1368
1353 1369
1353 1389
1354 1355
1354 1356
1354 1446
1354 1448
1355 1356
1355 1357
1355 1388
1355 1389
1356 1357
1356 1358
1356 1448
1357 1358
1357 1359
1357 1386
1357 1388
1358 1359
1358 1381
1358 1382
1358 1448
1359 1381
1359 1386
1359 1387
1359 1395
1360 1361
1360 1404
1360 1405
1360 1599
1361 1404
1361 1406
1362 1363
1362 1383
1362 1384
1362 1385
1363 1385
1363 1403
1363 1405
1363 1597
1363 1599
1364 1365
1364 1366
1364 1456
1364 1458
1364 1463
1364 1464
1365 1366
1365 1376
1365 1377
1365 1593
1365 1598
1366 1376
1366 1456
1367 1368
1367 1442
1367 1443
1367 1444
1368 1369
1368 1370
1368 1441
1368 1442
1369 1370
1369 1389
1369 1399
1369 1400
1370 1400
1370 1440
1370 1441
1370 1552
1371 1372
1371 1439
1372 1374
1372 1380
1373 1374
1373 1375
1373 1600
1374 1375
1374 1378
1374 1380
1375 1378
1375 1379
1375 1598
1376 1377
1376 1415
1377 1415
1377 1416
1377 1593
1378 1379
1378 1380
1378 1430
1378 1465
1379 1465
1379 1466
1379 1593
1379 1598
1380 1430
1381 1382
1381 1395
1381 1398
1381 1435
1382 1435
1382 1438
1382 1448
1383 1384
1383 1385
1383 1408
1383 1409
1383 1452
1383 1455
1384 1455
1384 1459
1384 1460
1385 1409
1385 1595
1385 1597
1386 1387
1386 1388
1386 1401
1386 1402
1386 1421
1387 1395
1387 1397
1387 1421
1388 1389
1388 1399
1388 1401
1389 1399
1390 1391
1390 1392
1390 1410
1391 1410
1391 1411
1391 1457
1392 1393
1392 1410
1392 1412
1393 1394
1393 1412
1393 1413
1394 1413
1394 1414
1394 1453
1395 1396
1395 1397
1395 1398
1396 1397
1396 1398
1396 1544
1396 1582
1396 1583
1397 1421
1397 1543
1397 1544
1398 1435
1398 1436
1398 1523
1398 1582
1399 1400
1399 1401
1399 1541
1400 1541
1400 1542
1400 1552
1401 1402
1401 1539
1401 1541
1402 1421
1402 1537
1402 1539
1402 1560
1403 1404
1403 1405
1403 1419
1403 1420
1403 1597
1404 1405
1404 1406
1404 1419
1405 1599
1406 1407
1406 1417
1406 1419
1407 1417
1407 1418
1407 1437
1408 1409
1408 1452
1408 1454
1408 1531
1408 1578
1408 1811
1409 1595
1409 1596
1409 1811
1410 1411
1410 1412
1410 1529
1411 1457
1411 1528
1411 1529
1412 1413
1412 1529
1412 1545
1413 1414
1413 1545
1413 1546
1413 1548
1414 1451
1414 1453
1414 1520
1414 1548
1415 1416
1415 1553
1415 1573
1416 1538
1416 1573
1416 1593
1416 1594
1417 1418
1417 1419
1417 1422
1417 1424
1418 1424
1418 1425
1418 1436
1418 1437
1419 1420
1419 1422
1420 1422
1420 1423
1420 1595
1420 1597
1421 1543
1421 1560
1422 1423
1422 1424
1422 1566
1422 1586
1423 1586
1423 1595
1423 1596
1423 1812
1424 1425
1424 1565
1424 1566
1425 1436
1425 1521
1425 1522
1425 1523
1425 1565
1426 1427
1426 1428
1426 1449
1426 1519
1426 1520
1426 1530
1426 1571
1427 1428
1427 1449
1427 1450
1427 1467
1427 1468
1428 1468
1428 1571
1428 1572
1429 1431
1429 1434
1429 1478
1429 1605
1430 1465
1430 1588
1430 1589
1431 1432
1431 1433
1431 1434
1431 1477
1431 1478
1432 1433
1432 1434
1432 1479
1432 1553
1433 1477
1433 1479
1433 1481
1434 1528
1435 1436
1435 1437
1435 1438
1436 1437
1436 1523
1437 1438
1438 1447
1438 1448
1439 1440
1439 1441
1439 1442
1440 1441
1440 1549
1440 1552
1441 1442
1442 1443
1443 1444
1443 1445
1444 1445
1444 1446
1445 1446
1445 1447
1446 1447
1446 1448
1447 1448
1449 1450
1449 1520
1449 1547
1449 1548
1450 1467
1450 1469
1450 1470
1450 1547
1451 1452
1451 1453
1451 1454
1451 1519
1451 1520
1452 1453
1452 1454
1452 1455
1453 1455
1454 1519
1454 1531
1455 1459
1456 1457
1456 1458
1457 1458
1458 1464
1459 1460
1459 1461
1459 1462
1460 1461
1461 1462
1461 1463
1462 1463
1462 1464
1463 1464
1465 1466
1465 1588
1465 1602
1466 1525
1466 1593
1466 1594
1466 1602
1467 1468
1467 1470
1467 1619
1467 1620
1467 1725
1468 1572
1468 1617
1468 1619
1469 1470
1469 1471
1469 1547
1469 1569
1470 1471
1470 1724
1470 1725
1471 1569
1471 1570
1471 1724
1472 1473
1472 1474
1472 1719
1472 1720
1473 1570
1473 1720
1473 1722
1473 1723
1474 1476
1474 1719
1474 1721
1475 1476
1475 1605
1475 1715
1475 1721
1476 1721
1477 1478
1477 1481
1477 1710
1477 1718
1478 1605
1478 1717
1478 1718
1479 1480
1479 1481
1479 1482
1479 1553
1480 1481
1480 1482
1480 1484
1480 1709
1480 1711
1481 1709
1481 1710
1482 1484
1482 1485
1482 1553
1482 1573
1483 1484
1483 1485
1483 1486
1483 1524
1483 1526
1483 1538
1484 1485
1484 1486
1484 1711
1484 1712
1485 1538
1485 1573
1486 1526
1486 1590
1486 1712
1486 1713
1487 1488
1487 1489
1487 1490
1487 1493
1487 1705
1487 1706
1488 1489
1488 1490
1488 1517
1488 1588
1488 1589
1489 1493
1489 1494
1489 1589
1489 1813
1490 1517
1490 1518
1490 1706
1490 1707
1491 1492
1491 1493
1491 1494
1491 1498
1491 1550
1491 1551
1492 1493
1492 1495
1492 1498
1492 1703
1492 1704
1493 1494
1493 1704
1493 1705
1494 1551
1494 1813
1495 1496
1495 1497
1495 1498
1495 1702
1495 1703
1496 1497
1496 1498
1496 1500
1496 1542
1496 1550
1497 1499
1497 1500
1497 1701
1497 1702
1498 1550
1499 1500
1499 1540
1499 1564
1499 1700
1499 1701
1500 1540
1500 1541
1500 1542
1501 1502
1501 1503
1501 1504
1501 1505
1501 1506
1501 1697
1501 1698
1502 1503
1502 1564
1502 1698
1502 1699
1503 1504
1503 1539
1503 1540
1503 1564
1504 1506
1504 1537
1504 1539
1505 1506
1505 1536
1505 1563
1505 1695
1505 1696
1505 1697
1506 1536
1506 1537
1507 1508
1507 1509
1507 1510
1507 1511
1507 1666
1507 1692
1508 1509
1508 1510
1508 1537
1508 1560
1508 1561
1509 1511
1509 1512
1509 1543
1509 1560
1510 1561
1510 1562
1510 1692
1510 1693
1511 1512
1511 1559
1511 1664
1511 1666
1512 1543
1512 1544
1512 1558
1512 1559
1513 1514
1513 1515
1513 1516
1513 1521
1513 1583
1513 1584
1514 1515
1514 1516
1514 1577
1514 1643
1514 1644
1515 1584
1515 1585
1515 1644
1515 1645
1516 1521
1516 1576
1516 1577
1517 1518
1517 1567
1517 1588
1517 1602
1518 1567
1518 1568
1518 1707
1518 1708
1519 1520
1519 1530
1519 1531
1520 1548
1521 1522
1521 1523
1521 1576
1521 1583
1522 1554
1522 1565
1522 1576
1523 1582
1523 1583
1524 1525
1524 1526
1524 1538
1524 1594
1525 1526
1525 1527
1525 1567
1525 1594
1525 1602
1526 1527
1526 1590
1527 1567
1527 1568
1527 1590
1527 1591
1528 1529
1529 1545
1530 1531
1530 1571
1530 1578
1530 1579
1530 1580
1531 1578
1532 1533
1532 1534
1532 1535
1532 1574
1532 1606
1532 1607
1533 1534
1533 1535
1533 1586
1533 1587
1533 1812
1534 1574
1534 1575
1534 1579
1534 1810
1534 1812
1535 1587
1535 1592
1535 1607
1535 1608
1536 1537
1536 1561
1536 1562
1536 1563
1537 1539
1537 1560
1537 1561
1538 1573
1538 1594
1539 1540
1539 1541
1540 1541
1540 1564
1541 1542
1542 1550
1542 1552
1543 1544
1543 1560
1544 1558
1544 1583
1544 1603
1545 1546
1546 1547
1546 1548
1547 1548
1547 1569
1549 1550
1549 1551
1549 1552
1550 1551
1550 1552
1551 1813
1553 1573
1554 1555
1554 1556
1554 1557
1554 1565
1554 1576
1555 1556
1555 1557
1555 1592
1555 1640
1556 1576
1556 1577
1556 1640
1556 1642
1557 1565
1557 1566
1557 1587
1557 1592
1558 1559
1558 1603
1558 1604
1559 1604
1559 1664
1561 1562
1562 1563
1562 1693
1562 1694
1563 1694
1563 1695
1564 1699
1564 1700
1565 1566
1566 1586
1566 1587
1567 1568
1567 1602
1568 1591
1568 1708
1569 1570
1570 1723
1570 1724
1571 1572
1571 1580
1571 1581
1572 1581
1572 1614
1572 1617
1574 1575
1574 1581
1574 1606
1574 1613
1575 1579
1575 1580
1575 1581
1576 1577
1577 1642
1577 1643
1578 1579
1578 1810
1578 1811
1579 1580
1579 1810
1580 1581
1581 1613
1581 1614
1582 1583
1583 1584
1583 1603
1584 1585
1584 1603
1585 1603
1585 1604
1585 1645
1585 1646
1586 1587
1586 1812
1587 1592
1588 1589
1588 1602
1589 1813
1590 1591
1590 1713
1590 1714
1591 1708
1591 1714
1592 1608
1592 1640
1593 1594
1593 1598
1595 1596
1595 1597
1596 1810
1596 1811
1596 1812
1599 1601
1600 1601
1603 1604
1604 1646
1604 1662
1604 1664
1605 1715
1605 1716
1605 1717
1606 1607
1606 1611
1606 1612
1606 1613
1607 1608
1607 1609
1607 1611
1608 1609
1608 1610
1608 1640
1609 1610
1609 1611
1610 1640
1610 1641
1611 1612
1612 1613
1612 1615
1613 1614
1613 1615
1614 1615
1614 1617
1615 1616
1615 1617
1616 1617
1616 1618
1616 1619
1617 1619
1618 1619
1618 1621
1619 1620
1619 1621
1620 1621
1620 1725
1620 1726
1621 1726
1622 1623
1622 1624
1622 1625
1622 1626
1623 1624
1623 1625
1623 1674
1623 1675
1624 1626
1624 1627
1624 1674
1624 1676
1625 1675
1625 1726
1626 1627
1626 1628
1627 1628
1627 1629
1627 1676
1627 1677
1628 1629
1628 1631
1629 1630
1629 1631
1629 1677
1629 1678
1630 1631
1630 1632
1630 1633
1630 1678
1630 1679
1631 1632
1632 1633
1632 1634
1633 1634
1633 1635
1633 1679
1634 1635
1634 1636
1634 1637
1635 1636
1635 1679
1635 1680
1636 1637
1636 1638
1636 1639
1636 1680
1636 1681
1637 1638
1638 1639
1638 1652
1639 1652
1639 1653
1639 1681
1639 1682
1640 1641
1640 1642
1641 1642
1641 1651
1642 1643
1642 1651
1643 1644
1643 1650
1643 1651
1644 1645
1644 1649
1644 1650
1645 1646
1645 1647
1645 1649
1646 1647
1646 1648
1646 1662
1647 1648
1647 1649
1648 1662
1648 1663
1649 1650
1650 1651
1652 1653
1652 1654
1653 1654
1653 1655
1653 1682
1653 1683
1654 1655
1654 1656
1655 1656
1655 1657
1655 1683
1655 1684
1656 1657
1656 1658
1656 1659
1657 1658
1657 1684
1657 1685
1658 1659
1658 1660
1658 1685
1658 1686
1659 1660
1659 1661
1660 1661
1660 1673
1660 1686
1660 1687
1661 1672
1661 1673
1662 1663
1662 1664
1663 1664
1663 1665
1664 1665
1664 1666
1665 1666
1665 1667
1666 1667
1666 1692
1667 1691
1667 1692
1668 1669
1668 1670
1668 1671
1668 1672
1669 1670
1669 1671
1669 1689
1669 1690
1670 1690
1670 1691
1671 1672
1671 1673
1671 1688
1671 1689
1672 1673
1673 1687
1673 1688
1674 1675
1674 1676
1674 1761
1674 1762
1675 1726
1675 1760
1675 1761
1676 1677
1676 1762
1676 1763
1677 1678
1677 1763
1677 1764
1678 1679
1678 1764
1678 1765
1679 1680
1679 1765
1680 1681
1680 1765
1680 1766
1681 1682
1681 1766
1681 1767
1682 1683
1682 1767
1682 1768
1683 1684
1683 1768
1683 1769
1684 1685
1684 1769
1684 1770
1685 1686
1685 1770
1685 1771
1686 1687
1686 1771
1686 1772
1687 1688
1687 1772
1687 1773
1688 1689
1688 1773
1688 1774
1689 1690
1689 1774
1689 1775
1690 1691
1690 1775
1690 1776
1691 1692
1691 1693
1691 1755
1691 1776
1691 1777
1692 1693
1693 1694
1693 1755
1693 1756
1694 1695
1694 1756
1695 1696
1695 1756
1695 1757
1696 1697
1696 1757
1696 1758
1697 1698
1697 1752
1697 1753
1697 1758
1698 1699
1698 1752
1698 1754
1699 1700
1699 1749
1699 1754
1700 1701
1700 1748
1700 1749
1701 1702
1701 1748
1701 1750
1702 1703
1702 1750
1702 1751
1703 1704
1703 1744
1703 1751
1704 1705
1704 1744
1704 1745
1705 1706
1705 1745
1705 1746
1706 1707
1706 1746
1706 1747
1707 1708
1707 1743
1707 1747
1708 1714
1708 1742
1708 1743
1709 1710
1709 1711
1709 1738
1709 1739
1710 1718
1710 1737
1710 1738
1711 1712
1711 1739
1712 1713
1712 1739
1712 1740
1713 1714
1713 1740
1713 1741
1714 1741
1714 1742
1715 1716
1715 1721
1715 1732
1715 1733
1715 1734
1716 1717
1716 1734
1716 1735
1717 1718
1717 1735
1717 1736
1718 1736
1718 1737
1719 1720
1719 1721
1719 1730
1719 1731
1720 1722
1720 1729
1720 1730
1721 1731
1721 1732
1722 1723
1722 1729
1723 1724
1723 1728
1723 1729
1724 1725
1724 1727
1724 1728
1725 1726
1725 1727
1726 1727
1726 1759
1726 1760
1727 1728
1727 1759
1727 1778
1728 1729
1728 1778
1728 1779
1729 1730
1729 1779
1729 1780
1730 1731
1730 1780
1730 1781
1731 1732
1731 1781
1731 1782
1732 1733
1732 1782
1732 1783
1733 1734
1733 1783
1733 1784
1733 1785
1734 1735
1734 1785
1734 1786
1735 1736
1735 1786
1735 1787
1736 1737
1736 1787
1736 1788
1737 1738
1737 1788
1737 1789
1738 1739
1738 1789
1738 1790
1739 1740
1739 1790
1739 1791
1740 1741
1740 1791
1740 1792
1741 1742
1741 1792
1741 1793
1742 1743
1742 1793
1742 1794
1743 1747
1743 1794
1743 1795
1744 1745
1744 1751
1744 1797
1744 1798
1745 1746
1745 1797
1746 1747
1746 1796
1746 1797
1747 1795
1747 1796
1748 1749
1748 1750
1748 1800
1748 1801
1749 1754
1749 1801
1749 1802
1749 1803
1750 1751
1750 1799
1750 1800
1751 1798
1751 1799
1752 1753
1752 1754
1752 1804
1752 1805
1753 1758
1753 1805
1753 1806
1754 1803
1754 1804
1755 1756
1755 1777
1755 1809
1756 1757
1756 1807
1756 1808
1756 1809
1757 1758
1757 1806
1757 1807
1758 1806
1759 1760
1759 1778
1760 1761
1761 1762
1762 1763
1763 1764
1764 1765
1765 1766
1766 1767
1767 1768
1768 1769
1769 1770
1770 1771
1771 1772
1772 1773
1773 1774
1774 1775
1775 1776
1776 1777
1777 1809
1778 1779
1779 1780
1780 1781
1781 1782
1782 1783
1783 1784
1784 1785
1785 1786
1786 1787
1787 1788
1788 1789
1789 1790
1790 1791
1791 1792
1792 1793
1793 1794
1794 1795
1795 1796
1796 1797
1797 1798
1798 1799
1799 1800
1800 1801
1801 1802
1802 1803
1803 1804
1804 1805
1805 1806
1806 1807
1807 1808
1808 1809
1810 1811
1810 1812
