3363569300207884120 1065 600
0.517181 0.033819 1.233501
0.503642 0.021860 1.238534
0.503642 0.021860 1.238534
0.517181 0.033819 1.233501
0.483131 0.003711 1.245889
0.512239 0.009203 1.351749
0.467518 -0.009969 1.251414
0.467518 -0.009969 1.251414
0.495235 0.020372 1.351311
0.484391 0.023995 1.344984
0.491422 -0.046950 1.367585
0.459183 -0.081125 1.280454
0.431827 -0.011947 1.277074
0.418818 0.003672 1.282654
0.425044 0.018735 1.293262
0.430290 0.024696 1.300094
0.419930 0.013839 1.313572
0.416385 0.010230 1.302643
0.425596 0.007743 1.338012
0.413520 -0.031703 1.282563
0.413520 -0.031703 1.282563
0.423489 0.021464 1.312316
0.430445 0.016480 1.336382
0.428193 0.024605 1.302618
0.421968 0.021822 1.300033
0.436430 -0.077673 1.277617
0.440298 -0.086248 1.283644
0.436462 0.009367 1.347013
0.433438 0.014952 1.349875
0.437523 0.012689 1.362496
0.442258 0.006906 1.375048
0.465908 -0.021093 1.382919
0.434957 0.023117 1.308737
0.446715 0.026493 1.316733
0.456918 0.029156 1.326256
0.471217 0.037336 1.333798
0.459345 0.030751 1.323234
0.396250 -0.039739 1.286598
0.398024 -0.036939 1.281427
0.402008 -0.031682 1.283149
0.405443 -0.031923 1.280891
0.420411 0.007829 1.352650
0.416086 0.006857 1.327013
0.414497 0.006602 1.314959
0.454155 -0.012722 1.389691
0.473897 -0.030895 1.379579
0.480915 -0.055942 1.368477
0.476376 -0.044802 1.376561
0.463703 -0.090855 1.322323
0.375739 0.023131 1.343923
0.363434 0.019018 1.330770
0.414115 0.002660 1.305870
0.449535 -0.095101 1.327613
0.456112 -0.050833 1.372901
0.444851 -0.002247 1.389788
0.419518 0.017690 1.377881
0.411023 0.020804 1.372568
0.353649 0.015798 1.328375
0.426989 -0.032739 1.394775
0.435053 -0.031326 1.397022
0.436625 -0.062621 1.393163
0.452560 -0.038783 1.377587
0.452563 -0.019602 1.259170
0.401630 -0.032718 1.287516
0.402008 -0.031682 1.283149
0.403681 -0.013857 1.284572
0.339712 -0.038445 1.315673
0.327640 -0.041037 1.323137
0.436557 -0.046818 1.396276
0.443359 -0.045225 1.390609
0.420568 -0.074383 1.279974
0.397139 -0.054904 1.281216
0.473073 -0.030462 1.373547
0.482269 -0.038245 1.370224
0.428715 -0.047939 1.398446
0.450282 -0.028088 1.383526
0.485286 0.030523 1.345093
0.422291 -0.029277 1.271692
0.430403 -0.028314 1.264438
0.442117 -0.040505 1.257456
0.473151 0.038896 1.316867
0.469906 0.035146 1.303138
0.466003 0.029281 1.320108
0.449283 0.011523 1.296923
0.499107 0.026160 1.348576
0.454459 0.017461 1.305338
0.417039 0.013245 1.294137
0.242265 -0.011755 1.523090
0.234983 0.004862 1.512896
0.227789 -0.072122 1.542449
0.220306 0.018123 1.499577
0.233410 0.015494 1.501143
0.238097 0.026229 1.487650
0.226868 0.024192 1.486667
0.233451 0.029892 1.470920
0.233451 0.029892 1.470920
0.257257 0.031858 1.410834
0.259638 0.035788 1.423391
0.321035 0.002616 1.452874
0.326254 -0.013658 1.462837
0.331106 -0.074128 1.468393
0.330648 -0.094051 1.463004
0.247161 -0.029846 1.530676
0.225907 -0.029685 1.538475
0.228178 -0.048400 1.543431
0.228178 -0.048400 1.543431
0.308124 0.022288 1.425855
0.300821 0.027430 1.408365
0.276162 0.029016 1.394761
0.291068 0.027688 1.386568
0.337750 -0.056760 1.472171
0.306656 0.030074 1.406694
0.301437 0.030671 1.394707
0.342782 -0.057223 1.472340
0.363475 -0.032769 1.451935
0.365700 -0.055260 1.455153
0.365672 -0.033100 1.449042
0.365888 -0.055310 1.450368
0.356538 0.000507 1.429972
0.351670 0.010043 1.419215
0.338627 0.025082 1.390704
0.351526 -0.119728 1.418827
0.314681 -0.130348 1.421372
0.322297 -0.121769 1.437896
0.240347 -0.126553 1.508996
0.246121 -0.134621 1.499102
0.254587 -0.136600 1.490139
0.264409 -0.137354 1.476968
0.341706 -0.061992 1.469186
0.296277 0.029022 1.383687
0.311935 0.007432 1.349727
0.282486 -0.008845 1.357084
0.309963 -0.007917 1.342191
0.311445 -0.008806 1.337930
0.281204 -0.008635 1.353358
0.310744 -0.022449 1.335842
0.313433 -0.024406 1.341096
0.313979 -0.010815 1.340707
0.315037 0.006399 1.349726
0.279546 -0.131637 1.387560
0.292442 -0.128614 1.379353
0.268445 -0.135066 1.395808
0.258476 -0.136602 1.408086
0.254459 -0.138592 1.457006
0.249633 -0.137727 1.469376
0.224617 -0.127048 1.509126
0.223970 -0.113502 1.520695
0.235728 0.030349 1.452052
0.229107 0.027437 1.468867
0.216606 0.013895 1.496477
0.214437 0.008803 1.504670
0.220218 -0.027636 1.533508
0.242244 0.030021 1.435253
0.245577 0.029439 1.424547
0.264321 0.026005 1.398018
0.294017 0.027619 1.385075
0.224986 -0.093307 1.531973
0.208093 -0.071559 1.544434
0.207351 -0.112623 1.527173
0.224617 -0.127048 1.509126
0.207281 -0.136324 1.497200
0.207211 -0.143056 1.482497
0.186031 -0.147557 1.486667
0.185434 -0.152135 1.470082
0.227789 -0.072122 1.542449
0.228178 -0.048400 1.543431
0.205576 -0.030364 1.543412
0.220218 -0.027636 1.533508
0.205576 -0.030364 1.543412
0.189080 -0.031605 1.549264
0.189080 -0.031605 1.549264
0.223260 0.021699 1.483653
0.186987 -0.155620 1.435630
0.249633 -0.137727 1.469376
0.242771 -0.136378 1.479802
0.268445 -0.135066 1.395808
0.279546 -0.131637 1.387560
0.252394 -0.117787 1.383490
0.240696 -0.108444 1.376658
0.293410 -0.125889 1.371625
0.289535 -0.118034 1.364320
0.281956 -0.078542 1.348400
0.229107 0.027437 1.468867
0.235728 0.030349 1.452052
0.242244 0.030021 1.435253
0.217708 0.037436 1.433676
0.286798 0.024588 1.384992
0.273606 0.025374 1.392119
0.273606 0.025374 1.392119
0.287976 0.005108 1.365683
0.291503 0.017062 1.373418
0.291503 0.017062 1.373418
0.287976 0.005108 1.365683
0.264202 0.001915 1.375155
0.282927 -0.010353 1.360461
0.264312 -0.049642 1.358689
0.281305 -0.062682 1.347359
0.274559 -0.048442 1.354246
0.264312 -0.049642 1.358689
0.202721 -0.071483 1.355410
0.222486 0.031120 1.403953
0.202167 0.034627 1.397730
0.204319 0.024693 1.385265
0.206616 0.013442 1.375638
0.206616 0.013442 1.375638
0.221216 -0.013712 1.372505
0.218730 -0.052084 1.359448
0.203737 -0.053498 1.355933
0.293410 -0.125889 1.371625
0.289535 -0.118034 1.364320
0.286069 -0.107059 1.357211
0.283390 -0.093690 1.351079
0.281892 -0.078786 1.346486
0.311054 -0.106363 1.345608
0.309450 -0.078742 1.337564
0.314355 -0.117293 1.353315
0.362953 -0.120532 1.345146
0.352764 -0.121056 1.349219
0.218730 -0.052084 1.359448
0.206754 0.000885 1.368824
0.324519 0.026567 1.368293
0.281209 -0.025726 1.357173
0.275141 -0.046096 1.344202
0.274701 -0.044631 1.341951
0.306045 -0.043438 1.326567
0.278492 -0.046332 1.342884
0.307311 -0.044952 1.328522
0.305554 -0.061586 1.331837
0.304896 -0.045587 1.329630
0.306176 -0.062340 1.333126
0.281265 -0.062406 1.345845
0.305550 -0.046072 1.331935
0.279786 -0.047941 1.346302
0.307599 -0.063327 1.334577
0.310553 -0.034583 1.335160
0.308346 -0.033259 1.332709
0.281305 -0.062682 1.347359
0.281667 -0.047195 1.348359
0.274559 -0.048442 1.354246
0.349125 -0.117556 1.344541
0.294591 0.025139 1.380962
0.330836 0.023223 1.378635
0.363634 0.028536 1.352870
0.370755 0.029088 1.356624
0.340231 -0.118709 1.348410
0.233717 -0.133607 1.493893
0.427459 0.012434 1.350732
0.425855 0.008495 1.351070
0.451915 0.004696 1.359275
0.445838 0.006800 1.351297
0.320031 0.002313 1.349410
0.325860 0.005563 1.347527
0.318540 -0.019406 1.340791
0.309728 -0.044970 1.333451
0.320652 -0.060344 1.333786
0.263650 0.008984 1.388966
0.255378 -0.011336 1.370380
0.266227 0.013052 1.390642
0.254614 0.006706 1.390636
0.235454 -0.000550 1.382567
0.242151 0.009491 1.389062
0.231594 -0.000940 1.385010
0.259765 0.015241 1.394941
0.264321 0.026005 1.398018
0.233383 0.005461 1.393769
0.253898 0.028747 1.409320
0.245577 0.029439 1.424547
0.233186 -0.051318 1.359046
0.377232 -0.035302 1.299553
0.390758 -0.036365 1.298313
0.350644 -0.036659 1.307599
0.339712 -0.038445 1.315673
0.353290 0.006717 1.324383
0.352593 -0.000860 1.319204
0.390758 -0.036365 1.298313
0.389168 -0.046047 1.291476
0.404358 -0.007285 1.299895
0.399500 -0.034750 1.293071
0.415884 0.001359 1.298161
0.413811 -0.004648 1.294949
0.429151 0.011827 1.363037
0.425447 0.011296 1.362394
0.428641 -0.064903 1.398654
0.447362 -0.030172 1.389426
0.436103 0.009870 1.372739
0.309728 -0.044970 1.333451
0.144404 -0.033808 1.560168
0.167671 -0.032923 1.554515
0.170859 -0.160467 1.415184
0.176443 -0.156575 1.395767
0.200711 0.018187 1.364101
0.197036 -0.053694 1.344209
0.191294 -0.054051 1.331331
0.190317 0.017076 1.349384
0.190951 0.005761 1.324769
0.110999 -0.113466 1.555858
0.112169 -0.132931 1.536365
0.116727 -0.054304 1.573547
0.120970 -0.031292 1.568256
0.118392 0.022677 1.525306
0.121106 0.038590 1.505149
0.136088 0.073672 1.440834
0.143455 0.081529 1.416464
0.182278 -0.102413 1.319221
0.182278 -0.102413 1.319221
0.169805 -0.125995 1.327950
0.151767 -0.144457 1.342819
0.162669 -0.151453 1.372129
0.114371 -0.163439 1.474768
0.113920 -0.159241 1.496477
0.119145 -0.170252 1.431824
0.123515 -0.168600 1.409740
0.120970 -0.031292 1.568256
0.188506 -0.054344 1.316065
0.182831 -0.078905 1.299294
0.186960 -0.054271 1.298950
0.190226 -0.031584 1.299684
0.184955 0.010412 1.305917
0.175441 0.029331 1.311395
0.306990 -0.046153 1.334916
0.282408 -0.034558 1.350261
0.285032 -0.026442 1.355182
0.283196 -0.036722 1.351497
0.285032 -0.026442 1.355182
0.279786 -0.047941 1.346302
0.358147 -0.105699 1.432120
0.436663 -0.027139 1.265708
0.594527 0.012159 1.280018
0.591806 0.005740 1.263402
0.568094 0.058779 1.314470
0.545204 0.076416 1.303142
0.526292 0.074614 1.267472
0.548685 0.025492 1.222097
0.539145 0.036018 1.224483
0.556358 0.069186 1.310712
0.528670 0.080311 1.280463
0.594463 0.020915 1.295745
0.594527 0.012159 1.280018
0.579103 0.046285 1.313680
0.568094 0.058779 1.314470
0.545204 0.076416 1.303142
0.535839 0.080027 1.292738
0.525971 0.066627 1.255291
0.527341 0.057418 1.242397
0.548685 0.025492 1.222097
0.560003 0.015423 1.225012
0.700129 0.247907 1.178445
0.697983 0.242724 1.183269
0.731069 0.198899 1.154149
0.735458 0.207306 1.141955
0.734545 0.213838 1.145876
0.732913 0.168938 1.146686
0.735957 0.217011 1.140212
0.736986 0.211649 1.136384
0.738007 0.216402 1.130206
0.739604 0.223308 1.118355
0.742344 0.188940 1.132526
0.728844 0.251958 1.126982
0.727813 0.260313 1.113914
0.728557 0.256837 1.120148
0.749580 0.204284 1.102393
0.750484 0.207368 1.096539
0.747112 0.198217 1.114698
0.748285 0.201022 1.109239
0.696097 0.237712 1.188857
0.721116 0.216651 1.168243
0.721785 0.220960 1.165284
0.729774 0.164202 1.151361
0.620952 0.226113 1.195444
0.738706 0.194613 1.131874
0.746924 0.208654 1.103813
0.747676 0.210806 1.097679
0.732097 0.221546 1.141935
0.733405 0.225512 1.134370
0.734292 0.235462 1.117612
0.734298 0.237842 1.111915
0.713299 0.228902 1.173012
0.710557 0.226957 1.176877
0.721255 0.251281 1.148179
0.721927 0.256130 1.140538
0.721760 0.269020 1.121076
0.719300 0.275917 1.109016
0.706018 0.287848 1.124447
0.709255 0.279387 1.135926
0.709574 0.263510 1.156724
0.709488 0.258074 1.162167
0.704670 0.243433 1.173341
0.703725 0.235898 1.170935
0.704469 0.233507 1.173364
0.705240 0.231813 1.173914
0.712350 0.247765 1.152821
0.703846 0.257263 1.171531
0.707967 0.252660 1.166752
0.713955 0.251920 1.147488
0.694136 0.269673 1.163723
0.694523 0.275224 1.157025
0.694893 0.283479 1.146858
0.693734 0.296184 1.125753
0.694992 0.280709 1.150394
0.708968 0.271915 1.137729
0.709128 0.269073 1.141038
0.687459 0.287840 1.127142
0.688100 0.291506 1.122222
0.687982 0.273516 1.147873
0.689013 0.278362 1.141327
0.686019 0.269525 1.149594
0.686472 0.264391 1.153262
0.688960 0.268184 1.159331
0.683825 0.262746 1.156862
0.678725 0.249504 1.167038
0.676069 0.242714 1.170095
0.671854 0.234371 1.175944
0.673437 0.237731 1.174040
0.715801 0.268801 1.121971
0.716014 0.264788 1.127865
0.727333 0.238705 1.137223
0.727313 0.243305 1.130712
0.721322 0.215903 1.160034
0.722087 0.215785 1.158406
0.723787 0.217116 1.153955
0.725190 0.221771 1.144067
0.725819 0.167536 1.134506
0.739787 0.182279 1.113248
0.741057 0.185149 1.108605
0.745468 0.187399 1.110107
0.746648 0.190315 1.105606
0.740006 0.206904 1.109061
0.736549 0.191566 1.138660
0.729537 0.170306 1.130846
0.730016 0.191539 1.141648
0.729438 0.190319 1.147190
0.727200 0.190116 1.153409
0.735776 0.231169 1.089790
0.737426 0.223925 1.106153
0.743704 0.192734 1.095730
0.745447 0.197353 1.089864
0.738904 0.220220 1.123949
0.727982 0.245453 1.098912
0.741808 0.210032 1.103195
0.740274 0.185182 1.138287
0.613204 0.226403 1.184937
0.611837 0.231919 1.180854
0.611531 0.247081 1.174139
0.612005 0.241245 1.179369
0.610730 0.257724 1.165205
0.622260 0.220058 1.199941
0.637984 0.227764 1.195138
0.643308 0.223320 1.189968
0.642162 0.224184 1.197585
0.647200 0.220135 1.190710
0.636660 0.236274 1.182195
0.635122 0.240852 1.178016
0.630522 0.250785 1.169782
0.627672 0.256541 1.165181
0.618190 0.197177 1.183754
0.612418 0.229730 1.174339
0.610602 0.235341 1.169387
0.609174 0.248259 1.161220
0.609812 0.254850 1.158553
0.668322 0.227304 1.187358
0.652585 0.218183 1.190549
0.662498 0.221685 1.181931
0.662791 0.224350 1.190268
0.639535 0.222861 1.181143
0.642704 0.220115 1.183649
0.637421 0.224829 1.175398
0.636937 0.232080 1.176347
0.633999 0.241135 1.169966
0.635260 0.236687 1.172974
0.632181 0.248257 1.165115
0.647209 0.219294 1.184526
0.652025 0.220599 1.185519
0.657722 0.218347 1.182326
0.662498 0.221685 1.181931
0.665603 0.226696 1.180774
0.671854 0.234371 1.175944
0.673437 0.237731 1.174040
0.671933 0.233098 1.168498
0.675538 0.237123 1.164865
0.676069 0.242714 1.170095
0.677933 0.224503 1.200311
0.657616 0.222073 1.188198
0.667598 0.222038 1.166363
0.715266 0.152028 1.150869
0.673329 0.226353 1.162541
0.713625 0.163628 1.137818
0.716728 0.167362 1.134557
0.711644 0.176589 1.134276
0.714549 0.177636 1.130535
0.700582 0.235415 1.163503
0.694927 0.237415 1.155548
0.700040 0.237406 1.161996
0.678725 0.249504 1.167038
0.680402 0.252810 1.165689
0.679443 0.243892 1.161475
0.700936 0.241774 1.158872
0.695742 0.235538 1.157009
0.700582 0.235415 1.163503
0.695742 0.235538 1.157009
0.701574 0.234872 1.164724
0.702190 0.234746 1.163990
0.697875 0.234816 1.155919
0.703064 0.247920 1.155320
0.698792 0.247297 1.151049
0.699341 0.251145 1.148465
0.705010 0.256577 1.148323
0.692208 0.252330 1.147838
0.686916 0.256390 1.152079
0.686472 0.264391 1.153262
0.696647 0.226316 1.152474
0.702952 0.218005 1.148466
0.705021 0.212967 1.147334
0.710474 0.216373 1.145843
0.704944 0.261001 1.143134
0.700920 0.268045 1.133144
0.700355 0.271166 1.129157
0.703803 0.280992 1.121116
0.689235 0.272669 1.136533
0.688585 0.276332 1.132266
0.693616 0.259645 1.139627
0.692656 0.272187 1.129471
0.691961 0.280054 1.119684
0.687599 0.283665 1.123001
0.702154 0.240803 1.147979
0.703844 0.243905 1.143994
0.706094 0.247772 1.139848
0.708253 0.227890 1.139515
0.704558 0.222938 1.144971
0.721246 0.227065 1.143947
0.706703 0.240911 1.135202
0.711065 0.232303 1.134829
0.711383 0.234990 1.130315
0.716737 0.216464 1.152360
0.716974 0.217901 1.151889
0.717825 0.216274 1.151740
0.710644 0.216360 1.144502
0.718480 0.217528 1.148921
0.722675 0.231238 1.139803
0.723093 0.235436 1.134428
0.723239 0.239898 1.128493
0.711573 0.242385 1.122650
0.712324 0.240485 1.126876
0.711055 0.259666 1.130482
0.710070 0.254703 1.137148
0.711390 0.265922 1.120740
0.706260 0.254621 1.120350
0.710653 0.250807 1.112256
0.716534 0.249168 1.111941
0.720254 0.259990 1.099017
0.716480 0.259044 1.098237
0.710847 0.273847 1.108131
0.717770 0.155100 1.147472
0.711418 0.145902 1.154505
0.707910 0.139385 1.159871
0.731210 0.210631 1.124043
0.725374 0.210548 1.121921
0.718705 0.228609 1.122917
0.722575 0.230492 1.125185
0.722405 0.226994 1.131986
0.720429 0.214833 1.121004
0.717090 0.220869 1.122841
0.720430 0.216310 1.117109
0.720670 0.223749 1.136896
0.719659 0.221641 1.140904
0.714596 0.219299 1.125679
0.713892 0.216779 1.129597
0.711936 0.214057 1.133347
0.718919 0.212225 1.122354
0.715974 0.206701 1.130551
0.730181 0.207426 1.128868
0.719257 0.195722 1.138936
0.713162 0.201583 1.135455
0.722631 0.192491 1.145819
0.717580 0.192928 1.140544
0.722912 0.190877 1.146624
0.723193 0.189931 1.146677
0.716838 0.188085 1.137258
0.719261 0.188966 1.134211
0.722351 0.191310 1.128840
0.724613 0.194471 1.123760
0.728318 0.196996 1.117391
0.734178 0.202322 1.113338
0.736398 0.205933 1.107044
0.738345 0.209035 1.101179
0.740660 0.211141 1.096664
0.673329 0.216952 1.203912
0.734337 0.175955 1.122183
0.739787 0.182279 1.113248
0.727190 0.188683 1.110747
0.725357 0.183621 1.120561
0.732130 0.173126 1.126300
0.723415 0.186348 1.124933
0.621190 0.212218 1.176993
0.620189 0.217709 1.175334
0.625804 0.220171 1.170843
0.622465 0.206173 1.177510
0.618580 0.205905 1.183059
0.619786 0.221164 1.173856
0.617837 0.223829 1.170412
0.625485 0.225223 1.169386
0.630970 0.225114 1.171009
0.622931 0.229694 1.162521
0.623122 0.234136 1.160462
0.614580 0.240637 1.158980
0.624791 0.259713 1.158375
0.613826 0.248242 1.156111
0.609812 0.254850 1.158553
0.651025 0.212774 1.172638
0.623602 0.199337 1.173729
0.618190 0.197177 1.183754
0.616403 0.188169 1.188159
0.617193 0.171272 1.192414
0.617193 0.171272 1.192414
0.670640 0.103610 1.200120
0.677860 0.108584 1.194258
0.617746 0.153207 1.206100
0.618641 0.158648 1.200880
0.703191 0.132187 1.166617
0.696832 0.125607 1.171575
0.682585 0.110391 1.193667
0.703191 0.132187 1.166617
0.696832 0.125607 1.171575
0.685984 0.116536 1.193215
0.643457 0.207519 1.170309
0.630287 0.191435 1.171057
0.689346 0.120284 1.199218
0.691331 0.126894 1.207934
0.651417 0.171569 1.236661
0.660512 0.167145 1.237247
0.662438 0.170433 1.232707
0.690961 0.131043 1.218938
0.691975 0.122865 1.211100
0.618641 0.158648 1.200880
0.618914 0.163639 1.195755
0.618914 0.163639 1.195755
0.647479 0.184128 1.226639
0.639021 0.182948 1.224949
0.641362 0.168837 1.233882
0.634450 0.169179 1.229836
0.665212 0.096952 1.206580
0.665212 0.096952 1.206580
0.660020 0.089492 1.213062
0.612427 0.146143 1.210883
0.606563 0.139602 1.216032
0.607019 0.138667 1.238743
0.626428 0.133901 1.257000
0.632432 0.128984 1.259901
0.650557 0.108484 1.256428
0.654012 0.102053 1.252095
0.657196 0.087820 1.237505
0.656001 0.083887 1.227862
0.651627 0.081110 1.212555
0.643014 0.082113 1.201792
0.616772 0.104264 1.192586
0.607712 0.112783 1.195136
0.599235 0.130687 1.215011
0.600160 0.132983 1.221135
0.603749 0.138342 1.233677
0.722156 0.218877 1.113620
0.721589 0.220484 1.109253
0.719650 0.231196 1.119132
0.719505 0.233482 1.114617
0.720303 0.235631 1.110429
0.718002 0.228947 1.106822
0.721995 0.224086 1.104532
0.733181 0.219544 1.109854
0.733172 0.222196 1.104881
0.731317 0.229866 1.089713
0.718795 0.235016 1.093348
0.729449 0.190700 1.105963
0.741057 0.185149 1.108605
0.741289 0.187548 1.104100
0.731268 0.193365 1.101732
0.743704 0.192734 1.095730
0.745447 0.197353 1.089864
0.688680 0.288523 1.118871
0.701362 0.285431 1.116829
0.723551 0.266009 1.095109
0.719716 0.263625 1.094281
0.710246 0.276285 1.102218
0.732774 0.246844 1.090884
0.728056 0.247822 1.091655
0.730629 0.232278 1.084806
0.689449 0.267757 1.143596
0.676203 0.241220 1.163899
0.676218 0.246018 1.168614
0.676218 0.246018 1.168614
0.632181 0.248257 1.165115
0.633999 0.241135 1.169966
0.637960 0.228107 1.178871
0.639535 0.222861 1.181143
0.642704 0.220115 1.183649
0.647209 0.219294 1.184526
0.652025 0.220599 1.185519
0.653054 0.174922 1.232614
0.644633 0.175586 1.230863
0.710847 0.273847 1.108131
0.711390 0.265922 1.120740
0.711055 0.259666 1.130482
0.710070 0.254703 1.137148
0.705694 0.242818 1.153282
0.703274 0.236194 1.161777
0.701574 0.234872 1.164724
0.700582 0.235415 1.163503
0.700040 0.237406 1.161996
0.703064 0.247920 1.155320
0.704122 0.252110 1.152020
0.705657 0.266051 1.138105
0.705481 0.269209 1.134677
0.701362 0.285431 1.116829
0.723348 0.237560 1.112125
0.723561 0.235264 1.116801
0.722575 0.230492 1.125185
0.722405 0.226994 1.131986
0.718480 0.217528 1.148921
0.717825 0.216274 1.151740
0.719084 0.220652 1.150433
0.721246 0.227065 1.143947
0.723239 0.239898 1.128493
0.722599 0.243969 1.122640
0.721817 0.252243 1.111388
0.720254 0.259990 1.099017
0.738345 0.209035 1.101179
0.736398 0.205933 1.107044
0.731745 0.199016 1.120190
0.729277 0.195437 1.127235
0.723745 0.189931 1.142986
0.723193 0.189931 1.146677
0.722631 0.192491 1.145819
0.724245 0.195426 1.143503
0.731210 0.210631 1.124043
0.732374 0.214172 1.118859
0.733172 0.222196 1.104881
0.731317 0.229866 1.089713
0.731520 0.246670 1.086242
0.728564 0.247187 1.085570
0.724319 0.245652 1.086800
0.729184 0.237123 1.081849
0.732621 0.237918 1.082033
0.729184 0.237123 1.081849
0.744967 0.212850 1.093676
0.747081 0.211245 1.092489
0.750953 0.206184 1.091379
0.749411 0.203357 1.089799
0.746629 0.201307 1.087813
0.745944 0.204330 1.087088
0.742914 0.207850 1.087685
0.743422 0.210854 1.090258
0.743422 0.210854 1.090258
0.742914 0.207850 1.087685
0.715513 0.278978 1.096322
0.713247 0.279415 1.098815
0.710187 0.276951 1.096774
0.715772 0.266774 1.090250
0.721722 0.269512 1.091290
0.715147 0.271527 1.089293
0.711811 0.275084 1.091894
0.714247 0.276767 1.092210
0.691342 0.295661 1.121063
0.689919 0.293483 1.118715
0.693774 0.292481 1.116067
0.698548 0.290568 1.114661
0.693407 0.296324 1.122483
0.689919 0.293483 1.118715
0.693774 0.292481 1.116067
0.689751 0.290295 1.117444
0.696188 0.287594 1.114124
0.698548 0.290568 1.114661
0.616776 0.260363 1.156454
0.621123 0.261230 1.157530
0.616776 0.260363 1.156454
0.621123 0.261230 1.157530
0.612463 0.258673 1.157120
0.612412 0.260951 1.161946
0.274701 -0.044631 1.341951
0.275141 -0.046096 1.344202
0.174863 -0.095306 1.542568
0.158290 -0.088590 1.531018
0.172232 -0.137585 1.485275
0.175720 -0.131116 1.468326
0.167820 -0.170701 1.431156
0.188009 -0.162281 1.443036
0.167783 -0.130215 1.441481
0.161201 -0.125429 1.450469
0.163252 -0.114164 1.431620
0.176653 -0.162998 1.429108
0.173176 -0.166318 1.429420
0.193221 -0.152831 1.443225
0.175406 -0.164822 1.430247
0.176653 -0.162998 1.429108
0.173885 -0.130222 1.411585
0.182490 -0.125367 1.396889
0.173460 -0.034731 1.394965
0.161597 -0.050215 1.388116
0.158332 -0.039746 1.390768
0.189479 -0.029824 1.391707
0.181630 -0.041304 1.375685
0.158124 -0.061317 1.379599
0.227524 -0.112202 1.380362
0.192030 -0.077329 1.373021
0.179914 -0.055854 1.372377
0.195346 -0.113268 1.364191
0.207493 -0.117492 1.375359
0.202629 -0.086825 1.358070
0.202070 -0.107653 1.375793
0.204349 -0.081179 1.358707
0.198434 -0.106003 1.359213
0.191603 -0.081269 1.346778
0.190700 -0.117679 1.361702
0.198434 -0.106003 1.359213
0.190700 -0.117679 1.361702
0.186471 -0.010717 1.346864
0.200364 -0.009607 1.372244
0.197614 -0.067864 1.350125
0.207083 -0.048230 1.367949
0.187896 -0.098318 1.348966
0.187896 -0.098318 1.348966
0.194968 -0.012456 1.358114
0.189447 -0.019376 1.348738
0.186471 -0.010717 1.346864
0.196559 -0.044555 1.361386
0.196559 -0.044555 1.361386
0.195165 -0.002464 1.362556
0.183753 -0.002247 1.347110
0.199211 -0.094781 1.354350
0.165574 -0.009403 1.462758
0.181957 -0.049691 1.551469
0.198541 0.018928 1.505722
0.201366 -0.155495 1.482551
0.173662 -0.136327 1.508532
0.149649 -0.129111 1.499853
0.222179 -0.138937 1.481125
0.170418 -0.073474 1.372638
0.178776 0.000534 1.523758
0.165115 -0.029869 1.542603
0.164942 -0.034063 1.502962
0.156795 -0.041436 1.481779
0.147736 -0.014972 1.490687
0.134492 -0.027376 1.467118
0.148885 -0.037474 1.470916
0.116136 -0.059928 1.484859
0.103993 -0.081318 1.500882
0.154460 -0.032399 1.465345
0.157104 -0.016185 1.486747
0.146739 -0.057240 1.395992
0.135083 -0.065761 1.416844
0.217009 -0.006124 1.524963
0.095659 -0.089218 1.506112
0.122532 -0.093584 1.505949
0.128557 -0.063294 1.501980
0.111815 -0.076071 1.514764
0.112663 -0.083329 1.518112
0.162438 -0.018500 1.414341
0.164847 -0.003272 1.413421
0.181925 -0.017089 1.395434
0.170235 -0.004590 1.485237
0.171469 -0.002645 1.470541
0.194135 0.007881 1.378344
0.176983 0.033681 1.395403
0.187428 0.043292 1.383853
0.160104 -0.108434 1.383748
0.180614 -0.126356 1.372007
0.166801 -0.114459 1.397381
0.160777 -0.071869 1.389074
0.157909 -0.098635 1.365173
0.152084 -0.022603 1.536522
0.179593 0.013529 1.511335
0.164277 0.000597 1.514972
0.151140 -0.063203 1.504273
0.159378 -0.045012 1.500002
0.206430 0.046766 1.436680
0.194817 0.034098 1.432141
0.196419 0.047315 1.412688
0.176807 0.036973 1.405201
0.186408 0.000351 1.409877
0.169265 0.014868 1.399450
0.163556 0.041821 1.428079
0.183883 0.018906 1.456491
0.193995 0.002779 1.395018
0.191329 0.004003 1.381897
0.181094 -0.023797 1.376218
0.181925 -0.017089 1.395434
0.155098 -0.102277 1.477775
0.115705 -0.102240 1.482663
0.160591 -0.123510 1.479145
0.152283 -0.129598 1.487152
0.125550 -0.070656 1.439033
0.113420 -0.074001 1.426049
0.119413 -0.088683 1.437841
0.145964 -0.115137 1.431932
0.150283 -0.116977 1.449826
0.132285 -0.107959 1.443667
0.210213 0.036998 1.456756
0.180903 0.040332 1.482226
0.200751 0.046338 1.433990
0.174601 0.044945 1.459352
0.183289 0.023661 1.483260
0.183538 0.013953 1.496918
0.159009 -0.063362 1.533684
0.157071 -0.045143 1.521355
0.195072 -0.026616 1.546787
0.171940 -0.141870 1.443524
0.117568 -0.106541 1.497150
0.163188 -0.026651 1.525882
0.168567 -0.045544 1.548779
0.166975 -0.043551 1.536919
0.164879 0.016044 1.379504
0.167059 0.047655 1.409275
0.156861 0.044348 1.400624
0.161141 0.023548 1.421403
0.128147 -0.103427 1.470677
0.154217 -0.033402 1.402258
0.159492 -0.032651 1.408716
0.145943 -0.042108 1.414119
0.173668 -0.004903 1.499063
0.185047 0.021327 1.470789
0.192172 -0.151236 1.479840
0.201467 -0.152256 1.462873
0.143299 -0.026382 1.467792
0.122893 -0.042121 1.466909
0.139300 -0.060754 1.439275
0.136437 -0.036682 1.428290
0.148189 -0.038341 1.447289
0.156404 -0.029985 1.436267
0.145823 0.004824 1.503538
0.161839 0.001197 1.497642
0.154001 -0.014793 1.516268
0.142659 0.001393 1.514437
0.120393 -0.101351 1.418485
0.119976 -0.084563 1.420279
0.133793 -0.081399 1.419763
0.114299 -0.066487 1.398405
0.171085 -0.073270 1.551646
0.150407 -0.077843 1.541231
0.163458 -0.014406 1.513548
0.161839 0.001197 1.497642
0.156652 -0.064190 1.392366
0.147097 -0.090539 1.398196
0.131026 -0.068413 1.390618
0.146593 -0.105519 1.405908
0.156469 -0.106867 1.427839
0.155237 -0.129604 1.423351
0.152840 -0.120343 1.411973
0.144593 -0.118653 1.418958
0.159499 -0.012857 1.432833
0.125359 -0.045112 1.478864
0.128125 -0.023566 1.449349
0.131903 -0.055138 1.447073
0.182625 -0.117483 1.386873
0.192564 -0.124057 1.380028
0.189507 -0.110860 1.368006
0.182267 -0.092622 1.376951
0.169411 -0.101889 1.379079
0.174532 0.047399 1.423665
0.193556 -0.024289 1.363450
0.182062 -0.031144 1.363147
0.122722 -0.092207 1.453623
0.160182 -0.127500 1.462031
0.131672 -0.096074 1.454260
0.166556 0.014671 1.500040
0.140327 -0.032038 1.452320
0.136898 -0.048386 1.439798
0.182170 -0.158850 1.422656
0.184301 -0.009846 1.387996
0.193914 -0.007150 1.395211
0.168135 -0.083653 1.376422
0.166252 0.048220 1.397533
0.163308 -0.003201 1.441828
0.176156 -0.059009 1.546564
0.158503 -0.062363 1.546395
0.194726 -0.137131 1.378854
0.156126 -0.109888 1.411789
0.153561 -0.116204 1.391844
0.187820 -0.054293 1.361884
0.146241 -0.057586 1.483296
0.170720 0.031781 1.473094
0.186472 -0.141567 1.420932
0.174271 -0.138852 1.423361
0.187168 -0.144829 1.440203
0.171244 -0.140882 1.434345
0.185661 -0.133708 1.437405
0.108235 -0.069684 1.504821
0.163530 0.031397 1.386918
0.179125 -0.132453 1.425537
0.215447 -0.153766 1.471033
0.185618 -0.126847 1.370539
0.159016 0.007491 1.431948
0.167277 0.012846 1.453202
0.192408 -0.012551 1.377104
0.200364 -0.009607 1.372244
0.165476 0.001106 1.506129
0.145571 0.012661 1.513571
0.126284 -0.075610 1.471435
0.197605 -0.063190 1.357721
0.201651 -0.012639 1.530150
0.178498 0.017595 1.516402
0.182460 0.003708 1.532537
0.165980 0.010946 1.525182
0.155710 -0.040341 1.459705
0.190700 -0.117679 1.361702
0.160328 -0.051047 1.511348
0.165574 -0.009403 1.462758
0.238346 -0.118670 1.388593
0.158670 0.022710 1.430245
0.159379 -0.006427 1.452050
0.536242 -0.557037 1.275898
0.496397 -0.557037 1.246949
0.447146 -0.557037 1.246949
0.424931 -0.557037 1.258268
0.395983 -0.557037 1.298113
0.395983 -0.557037 1.347364
0.424931 -0.557037 1.387209
0.471772 -0.557037 1.402428
0.518612 -0.557037 1.387209
0.547561 -0.557037 1.347364
0.547561 -0.557037 1.298113
0.621484 -0.538376 1.274094
0.691721 -0.507786 1.251273
0.756542 -0.466020 1.230211
0.814351 -0.414106 1.211428
0.863724 -0.353322 1.195385
0.903446 -0.285165 1.182479
0.932539 -0.211314 1.173026
0.950287 -0.133587 1.167260
0.956252 -0.053897 1.165322
0.956252 -0.053897 1.165322
0.950287 0.025792 1.167260
0.932539 0.103520 1.173026
0.903446 0.177371 1.182479
0.863724 0.245528 1.195385
0.814351 0.306311 1.211428
0.756542 0.358226 1.230211
0.691721 0.399992 1.251273
0.621484 0.430582 1.274094
0.547561 0.449243 1.298113
0.536242 0.449243 1.275898
0.496397 0.449243 1.246949
0.447146 0.449243 1.246949
0.407302 0.449243 1.275898
0.392082 0.449243 1.322739
0.407302 0.449243 1.369579
0.447146 0.449243 1.398528
0.471772 0.449243 1.402428
0.518612 0.449243 1.387209
0.547561 0.449243 1.347364
0.471772 -0.563309 1.322739
0.471772 -0.563309 1.322739
0.471772 -0.563309 1.322739
0.471772 -0.563309 1.322739
0.471772 -0.563309 1.322739
0.471772 -0.563309 1.322739
0.471772 -0.563309 1.322739
0.471772 -0.563309 1.322739
0.471772 -0.563309 1.322739
0.471772 -0.563309 1.322739
0.471772 0.455515 1.322739
0.471772 0.455515 1.322739
0.471772 0.455515 1.322739
0.471772 0.455515 1.322739
0.471772 0.455515 1.322739
0.471772 0.455515 1.322739
0.471772 0.455515 1.322739
0.471772 0.455515 1.322739
0.471772 0.455515 1.322739
0.471772 0.455515 1.322739
1015 1016
1033 1034
1005 1045
1035 1055
1006 1046
1036 1056
1007 1047
1037 1057
1019 1020
1029 1030
1039 1059
1008 1048
1010 1050
1009 1049
1038 1058
1021 1022
1027 1028
1040 1060
1041 1061
1012 1052
1042 1062
1011 1051
1017 1018
1031 1032
1014 1054
1044 1064
1013 1053
1043 1063
1025 1026
1023 1024
882 883
814 818
819 820
857 858
871 873
306 307
304 314
825 944
834 900
856 967
837 838
860 861
783 940
102 104
87 103
936 937
806 807
813 814
303 305
289 307
907 909
295 296
953 966
803 804
913 923
847 848
852 854
293 294
842 843
183 185
161 163
301 302
156 158
172 288
849 974
970 999
160 162
919 946
781 917
835 926
299 300
865 905
805 816
844 845
947 960
286 312
945 974
859 873
799 800
956 992
990 991
918 946
297 298
839 974
89 105
164 165
855 1001
986 987
810 815
778 829
838 945
840 992
315 316
114 115
827 995
870 892
310 311
921 923
867 991
116 117
853 874
308 309
170 287
898 968
317 318
872 894
950 951
200 201
784 971
4 6
864 965
787 917
776 777
795 796
971 972
960 961
205 219
100 101
903 905
827 866
875 906
121 325
868 869
5 8
122 123
779 884
908 982
876 907
796 973
926 927
876 1003
11 26
157 164
98 99
106 107
12 326
13 14
996 997
895 975
7 62
916 917
805 993
831 984
832 863
791 862
821 993
964 988
159 245
890 957
253 254
0 1
2 3
848 851
939 943
931 938
862 971
49 50
952 965
812 954
910 958
858 859
78 79
828 984
933 969
886 887
199 207
147 152
327 328
336 337
833 866
432 433
64 65
167 168
915 975
801 985
145 146
92 94
790 791
166 169
846 994
924 925
861 948
265 266
897 959
879 988
130 132
35 36
313 315
732 733
108 109
171 182
547 549
928 929
874 878
777 933
896 897
35 82
338 339
193 256
888 956
792 794
177 178
126 127
212 230
25 70
893 975
329 334
37 71
932 968
845 930
891 958
88 91
181 196
342 343
141 142
901 978
194 221
214 233
58 74
48 52
90 93
69 283
904 968
59 68
139 140
236 237
206 207
348 349
344 345
9 84
330 334
795 881
883 902
118 119
51 276
867 934
798 1002
880 955
202 203
210 211
76 84
544 550
696 697
941 942
232 236
663 668
720 721
189 190
191 192
922 998
382 383
80 81
877 915
46 47
120 241
218 267
340 341
188 257
66 67
793 797
332 333
331 335
826 904
175 176
808 809
33 34
929 930
19 77
22 27
380 381
291 292
124 125
44 54
836 839
889 940
651 652
204 290
213 215
270 271
259 260
887 929
268 269
980 983
28 29
53 61
914 935
96 97
143 144
949 970
822 989
111 112
18 247
31 45
815 824
830 885
10 73
817 818
976 977
226 234
1001 1004
653 654
844 936
841 847
520 521
220 241
173 174
782 901
72 73
61 75
246 280
21 24
850 981
860 952
346 391
42 43
920 947
262 263
899 1000
16 17
274 275
518 522
386 392
977 979
978 980
83 85
135 235
41 281
967 1004
179 180
208 209
630 631
802 804
195 238
197 198
152 153
184 266
509 510
640 641
625 626
322 323
700 701
154 187
419 420
261 264
216 217
942 971
258 262
613 639
608 624
854 963
55 56
649 650
617 618
620 621
629 694
389 702
248 249
454 610
642 643
671 673
627 628
545 546
60 282
15 32
519 683
57 272
149 150
320 321
239 244
459 461
480 585
607 623
785 962
716 717
863 936
501 509
23 32
272 273
552 553
477 484
536 563
378 379
17 86
811 823
467 469
687 688
186 240
596 609
394 395
635 636
372 373
694 695
611 633
612 634
647 648
357 359
911 912
542 543
698 699
525 529
645 646
724 725
20 40
526 527
403 404
603 605
482 484
507 508
496 497
242 243
637 638
415 416
506 507
452 453
595 608
407 408
353 354
442 443
598 599
431 727
622 625
103 151
465 600
579 580
369 427
347 364
455 456
384 385
478 479
434 435
368 445
557 558
712 713
437 681
568 571
615 616
581 582
538 539
495 502
351 367
30 284
110 128
356 439
358 359
632 634
718 719
136 252
457 458
780 786
413 414
278 279
447 691
440 441
390 393
250 251
722 723
426 438
505 513
38 39
594 597
684 685
555 567
360 361
350 352
516 676
577 578
655 656
511 512
370 371
138 250
355 436
550 679
450 451
730 731
405 406
63 277
510 527
362 363
709 761
449 692
374 375
401 402
752 757
528 537
644 657
446 448
462 481
473 474
548 678
659 664
466 468
689 690
421 428
554 569
682 739
485 486
472 473
592 593
113 128
429 430
588 669
517 518
665 666
460 693
422 423
587 670
755 756
667 682
589 591
677 754
583 584
424 425
586 590
705 706
95 148
760 761
523 524
669 672
365 366
530 531
483 551
710 711
376 377
255 257
514 515
614 619
470 471
565 566
601 602
753 755
444 773
463 464
606 772
487 488
494 684
680 734
763 764
661 662
540 541
658 659
556 660
770 772
735 736
503 504
707 708
562 563
674 744
409 686
768 769
396 398
221 321
399 400
133 137
411 412
475 476
559 561
39 40
560 564
728 729
604 771
225 324
576 577
746 747
748 749
131 134
492 493
766 767
726 727
570 573
410 686
742 743
737 738
758 759
387 388
750 751
285 319
397 762
744 745
534 536
714 715
734 735
129 155
740 741
786 788
224 226
222 223
774 775
489 491
703 704
675 765
490 498
788 789
228 231
572 574
417 418
227 229
532 533
512 535
574 575
499 500
