3411924450344220422 1694 1884
-0.322581 -0.538388 1.274991
-0.396504 -0.557049 1.299010
-0.407823 -0.557049 1.276795
-0.425453 -0.557049 1.259165
-0.447668 -0.557049 1.247846
-0.472293 -0.557049 1.243946
-0.496918 -0.557049 1.247846
-0.519133 -0.557049 1.259165
-0.536763 -0.557049 1.276795
-0.548082 -0.557049 1.299010
-0.551983 -0.557049 1.323636
-0.548082 -0.557049 1.348261
-0.536763 -0.557049 1.370476
-0.519133 -0.557049 1.388106
-0.496918 -0.557049 1.399425
-0.472293 -0.557049 1.403325
-0.447668 -0.557049 1.399425
-0.425453 -0.557049 1.388106
-0.407823 -0.557049 1.370476
-0.396504 -0.557049 1.348261
-0.392603 -0.557049 1.323636
-0.396504 -0.557049 1.299010
-0.322581 -0.538388 1.274991
-0.252344 -0.507798 1.252170
-0.252344 -0.507798 1.252170
-0.187523 -0.466032 1.231108
-0.187523 -0.466032 1.231108
-0.129714 -0.414117 1.212325
-0.129714 -0.414117 1.212325
-0.080341 -0.353333 1.196283
-0.080341 -0.353333 1.196283
-0.040618 -0.285177 1.183376
-0.040618 -0.285177 1.183376
-0.011525 -0.211326 1.173923
-0.011525 -0.211326 1.173923
0.006222 -0.133598 1.168157
0.006222 -0.133598 1.168157
0.012187 -0.053909 1.166219
0.012187 -0.053909 1.166219
0.006222 0.025781 1.168157
0.006222 0.025781 1.168157
-0.011525 0.103508 1.173923
-0.011525 0.103508 1.173923
-0.040618 0.177359 1.183376
-0.040618 0.177359 1.183376
-0.080341 0.245516 1.196283
-0.080341 0.245516 1.196283
-0.129714 0.306300 1.212325
-0.129714 0.306300 1.212325
-0.187523 0.358214 1.231108
-0.187523 0.358214 1.231108
-0.252344 0.399981 1.252170
-0.252344 0.399981 1.252170
-0.322581 0.430571 1.274991
-0.322581 0.430571 1.274991
-0.396504 0.449231 1.299010
-0.407823 0.449231 1.276795
-0.425453 0.449231 1.259165
-0.447668 0.449231 1.247846
-0.472293 0.449231 1.243946
-0.496918 0.449231 1.247846
-0.519133 0.449231 1.259165
-0.536763 0.449231 1.276795
-0.548082 0.449231 1.299010
-0.551983 0.449231 1.323636
-0.548082 0.449231 1.348261
-0.536763 0.449231 1.370476
-0.519133 0.449231 1.388106
-0.496918 0.449231 1.399425
-0.472293 0.449231 1.403325
-0.447668 0.449231 1.399425
-0.425453 0.449231 1.388106
-0.407823 0.449231 1.370476
-0.396504 0.449231 1.348261
-0.392603 0.449231 1.323636
-0.396504 0.449231 1.299010
-0.472293 -0.563320 1.323636
-0.472293 -0.563320 1.323636
-0.472293 -0.563320 1.323636
-0.472293 -0.563320 1.323636
-0.472293 -0.563320 1.323636
-0.472293 -0.563320 1.323636
-0.472293 -0.563320 1.323636
-0.472293 -0.563320 1.323636
-0.472293 -0.563320 1.323636
-0.472293 -0.563320 1.323636
-0.472293 -0.563320 1.323636
-0.472293 -0.563320 1.323636
-0.472293 -0.563320 1.323636
-0.472293 -0.563320 1.323636
-0.472293 -0.563320 1.323636
-0.472293 -0.563320 1.323636
-0.472293 -0.563320 1.323636
-0.472293 -0.563320 1.323636
-0.472293 -0.563320 1.323636
-0.472293 -0.563320 1.323636
-0.472293 0.455503 1.323636
-0.472293 0.455503 1.323636
-0.472293 0.455503 1.323636
-0.472293 0.455503 1.323636
-0.472293 0.455503 1.323636
-0.472293 0.455503 1.323636
-0.472293 0.455503 1.323636
-0.472293 0.455503 1.323636
-0.472293 0.455503 1.323636
-0.472293 0.455503 1.323636
-0.472293 0.455503 1.323636
-0.472293 0.455503 1.323636
-0.472293 0.455503 1.323636
-0.472293 0.455503 1.323636
-0.472293 0.455503 1.323636
-0.472293 0.455503 1.323636
-0.472293 0.455503 1.323636
-0.472293 0.455503 1.323636
-0.472293 0.455503 1.323636
-0.472293 0.455503 1.323636
-0.263649 -0.020457 1.531241
-0.219803 0.022086 1.520220
-0.227409 -0.017859 1.549209
-0.263649 -0.020457 1.531241
-0.266989 -0.061585 1.537851
-0.227409 -0.017859 1.549209
-0.229451 -0.064449 1.552015
-0.261331 -0.098125 1.515509
-0.227565 -0.104607 1.530368
-0.220899 -0.128372 1.493523
-0.210725 -0.129912 1.452338
-0.212837 -0.039081 1.386117
-0.213941 -0.010589 1.387302
-0.188604 -0.032768 1.376776
-0.191253 -0.001235 1.387090
-0.212763 -0.066533 1.380193
-0.212837 -0.039081 1.386117
-0.191564 -0.065676 1.372804
-0.188604 -0.032768 1.376776
-0.202493 0.023594 1.406543
-0.218252 0.044729 1.480101
-0.202819 -0.121413 1.413942
-0.196352 -0.100397 1.381943
-0.216693 -0.096537 1.386519
-0.212540 0.044289 1.437919
-0.232882 0.028006 1.435033
-0.493520 -0.030569 1.366829
-0.474585 -0.016285 1.364407
-0.507852 -0.017736 1.351034
-0.494309 -0.003722 1.351486
-0.474585 -0.016285 1.364407
-0.460245 -0.003085 1.356435
-0.494309 -0.003722 1.351486
-0.460573 0.015053 1.337652
-0.441630 0.001506 1.345456
-0.450899 0.011957 1.320610
-0.443649 0.009741 1.301542
-0.415690 -0.005678 1.288202
-0.439222 0.000695 1.282511
-0.422616 -0.028138 1.275833
-0.445857 -0.015959 1.266883
-0.422616 -0.028138 1.275833
-0.445857 -0.015959 1.266883
-0.459512 -0.035940 1.258613
-0.480292 -0.050638 1.262206
-0.475751 -0.078903 1.286114
-0.501135 -0.061418 1.276229
-0.518310 -0.063904 1.299577
-0.495087 -0.079899 1.313115
-0.523502 -0.051647 1.325402
-0.534775 0.031586 1.337698
-0.571642 0.034429 1.324276
-0.555750 0.050830 1.327648
-0.534775 0.031586 1.337698
-0.517172 0.043644 1.333228
-0.555750 0.050830 1.327648
-0.537266 0.063962 1.320575
-0.522499 0.067981 1.304050
-0.499965 0.051961 1.319980
-0.514513 0.064222 1.286675
-0.508868 0.059734 1.268901
-0.483261 0.046050 1.279274
-0.509117 0.050055 1.250336
-0.515428 0.035788 1.234872
-0.491927 0.018974 1.244501
-0.515428 0.035788 1.234872
-0.491927 0.018974 1.244501
-0.528413 0.018905 1.230997
-0.544808 0.004042 1.236423
-0.562081 -0.005642 1.248059
-0.560579 -0.028124 1.277236
-0.575678 -0.006817 1.268354
-0.563435 -0.017187 1.301814
-0.582319 0.001175 1.290445
-0.580125 0.016173 1.310182
-0.513841 0.011868 1.342163
-0.513841 0.011868 1.342163
-0.478971 0.032832 1.330793
-0.459055 0.028852 1.290383
-0.459724 0.016859 1.270745
-0.468942 0.000275 1.257792
-0.468942 0.000275 1.257792
-0.485008 -0.017093 1.253069
-0.503916 -0.032299 1.254510
-0.524356 -0.045041 1.264877
-0.543177 -0.049026 1.286741
-0.545677 -0.036260 1.313497
-0.455140 -0.045712 1.401038
-0.439774 -0.026350 1.395214
-0.468934 -0.040757 1.380209
-0.455644 -0.025350 1.377739
-0.455644 -0.025350 1.377739
-0.439774 -0.026350 1.395214
-0.440420 -0.011278 1.371099
-0.425377 -0.009679 1.384945
-0.408915 -0.000426 1.368357
-0.424660 -0.007541 1.354691
-0.390339 0.001697 1.349075
-0.412162 -0.012328 1.337404
-0.379694 -0.010574 1.329072
-0.405718 -0.013189 1.322236
-0.373100 -0.023115 1.309706
-0.399959 -0.019242 1.302454
-0.378182 -0.043977 1.299284
-0.398827 -0.036015 1.285290
-0.378182 -0.043977 1.299284
-0.398827 -0.036015 1.285290
-0.420706 -0.098092 1.315499
-0.448579 -0.090554 1.300449
-0.467032 -0.091010 1.326926
-0.439871 -0.098417 1.340482
-0.450319 -0.084713 1.364050
-0.333258 -0.031097 1.470602
-0.312722 -0.029380 1.488361
-0.333258 -0.031097 1.470602
-0.340804 -0.057921 1.474964
-0.312722 -0.029380 1.488361
-0.315110 -0.057995 1.487995
-0.300733 -0.107084 1.451578
-0.323819 -0.102500 1.435836
-0.264725 -0.113500 1.396142
-0.286005 -0.116154 1.382825
-0.269246 -0.095349 1.364723
-0.261413 -0.071779 1.356743
-0.258038 -0.047021 1.357595
-0.239305 -0.044304 1.367097
-0.258038 -0.047021 1.357595
-0.256667 -0.021933 1.362242
-0.239305 -0.044304 1.367097
-0.238128 -0.017339 1.371508
-0.264886 0.001702 1.379404
-0.247998 0.005565 1.389589
-0.379806 -0.018126 1.408069
-0.341536 -0.004801 1.403355
-0.355119 -0.023267 1.417130
-0.333939 -0.010012 1.348200
-0.306453 -0.006375 1.357460
-0.326915 -0.029169 1.330591
-0.300793 -0.028566 1.341596
-0.328933 -0.050251 1.320970
-0.304877 -0.051477 1.335333
-0.336616 -0.072723 1.318020
-0.328933 -0.050251 1.320970
-0.312583 -0.073411 1.335080
-0.304877 -0.051477 1.335333
-0.323083 -0.093372 1.340213
-0.350290 -0.091080 1.327599
-0.340230 -0.110062 1.355713
-0.367505 -0.104461 1.344066
-0.360219 -0.111555 1.381714
-0.380034 -0.078847 1.422845
-0.406100 -0.076730 1.412768
-0.380361 -0.058016 1.435142
-0.406567 -0.055250 1.426293
-0.369637 -0.040002 1.429377
-0.395401 -0.033151 1.422199
-0.369637 -0.040002 1.429377
-0.395401 -0.033151 1.422199
-0.277655 0.000909 1.487299
-0.290698 -0.024278 1.512167
-0.290698 -0.024278 1.512167
-0.293099 -0.059536 1.514156
-0.290296 -0.092200 1.497377
-0.275785 -0.110480 1.467295
-0.261856 -0.118054 1.436022
-0.246040 -0.110460 1.407930
-0.234538 -0.091602 1.388740
-0.227221 -0.067941 1.376151
-0.225430 -0.041876 1.375631
-0.225430 -0.041876 1.375631
-0.225608 -0.014414 1.378472
-0.236836 0.006224 1.400466
-0.250882 0.019520 1.427009
-0.263884 0.014411 1.458312
-0.358207 -0.010610 1.337380
-0.348694 -0.024792 1.316025
-0.351319 -0.047763 1.306782
-0.351319 -0.047763 1.306782
-0.378116 -0.087657 1.315647
-0.393927 -0.102058 1.330557
-0.425368 -0.092293 1.377989
-0.430174 -0.072550 1.397691
-0.426546 -0.051868 1.408057
-0.414692 -0.034318 1.403891
-0.414692 -0.034318 1.403891
-0.277655 0.000909 1.487299
-0.290698 -0.024278 1.512167
-0.290698 -0.024278 1.512167
-0.293099 -0.059536 1.514156
-0.290296 -0.092200 1.497377
-0.275785 -0.110480 1.467295
-0.261856 -0.118054 1.436022
-0.246040 -0.110460 1.407930
-0.234538 -0.091602 1.388740
-0.227221 -0.067941 1.376151
-0.225430 -0.041876 1.375631
-0.225430 -0.041876 1.375631
-0.225608 -0.014414 1.378472
-0.236836 0.006224 1.400466
-0.250882 0.019520 1.427009
-0.263884 0.014411 1.458312
-0.338191 -0.015983 1.436247
-0.353136 -0.035392 1.450612
-0.353136 -0.035392 1.450612
-0.370909 -0.057314 1.461448
-0.364301 -0.083903 1.444770
-0.333544 -0.113454 1.395999
-0.312714 -0.112229 1.369712
-0.294153 -0.097099 1.350130
-0.281231 -0.074138 1.337882
-0.278512 -0.049306 1.343224
-0.278512 -0.049306 1.343224
-0.272425 -0.021631 1.345326
-0.281944 0.002494 1.365394
-0.323224 0.004141 1.419409
-0.571642 0.034429 1.324276
-0.555750 0.050830 1.327648
-0.537266 0.063962 1.320575
-0.522499 0.067981 1.304050
-0.514513 0.064222 1.286675
-0.508868 0.059734 1.268901
-0.509117 0.050055 1.250336
-0.515428 0.035788 1.234872
-0.528413 0.018905 1.230997
-0.544808 0.004042 1.236423
-0.562081 -0.005642 1.248059
-0.575678 -0.006817 1.268354
-0.582319 0.001175 1.290445
-0.580125 0.016173 1.310182
-0.617159 0.199146 1.191100
-0.622088 0.203968 1.179104
-0.624155 0.198954 1.174605
-0.623471 0.187351 1.178043
-0.629450 0.193717 1.172805
-0.633739 0.203980 1.173605
-0.636651 0.199678 1.169383
-0.630428 0.208440 1.174137
-0.619660 0.147192 1.212128
-0.612708 0.145652 1.230168
-0.706421 0.242419 1.154186
-0.703832 0.238634 1.157553
-0.707265 0.227914 1.140364
-0.700911 0.228012 1.145907
-0.702493 0.231827 1.141957
-0.705167 0.246452 1.134690
-0.704302 0.243268 1.138340
-0.702558 0.240180 1.142022
-0.704633 0.235255 1.138635
-0.706897 0.241969 1.131355
-0.708317 0.246165 1.149945
-0.710046 0.249826 1.145713
-0.711298 0.253192 1.141119
-0.711298 0.253192 1.141119
-0.710046 0.249826 1.145713
-0.708317 0.246165 1.149945
-0.717255 0.257484 1.137789
-0.712199 0.256491 1.136332
-0.712199 0.256491 1.136332
-0.712762 0.259936 1.131481
-0.717799 0.261151 1.132741
-0.712762 0.259936 1.131481
-0.662934 0.222229 1.173531
-0.668124 0.223771 1.166822
-0.705462 0.249863 1.130529
-0.706803 0.244899 1.126959
-0.706306 0.253263 1.125962
-0.707507 0.248555 1.122401
-0.722230 0.237849 1.130971
-0.722524 0.241573 1.126379
-0.726456 0.240650 1.134070
-0.722230 0.237849 1.130971
-0.722524 0.241573 1.126379
-0.726849 0.248270 1.124206
-0.722870 0.245331 1.121849
-0.722870 0.245331 1.121849
-0.717519 0.244381 1.120669
-0.721249 0.234117 1.135485
-0.720330 0.230244 1.139660
-0.721249 0.234117 1.135485
-0.720330 0.230244 1.139660
-0.725992 0.236629 1.138834
-0.718845 0.226110 1.143638
-0.716963 0.222238 1.146715
-0.711190 0.221896 1.144425
-0.716963 0.222238 1.146715
-0.718845 0.226110 1.143638
-0.697584 0.248496 1.150759
-0.698370 0.252216 1.147722
-0.691035 0.249825 1.149377
-0.692157 0.253684 1.147488
-0.698936 0.255699 1.144670
-0.692884 0.257099 1.144613
-0.687323 0.257037 1.149484
-0.687571 0.259874 1.146651
-0.688945 0.263827 1.143753
-0.692811 0.259885 1.140576
-0.699500 0.259272 1.141170
-0.693252 0.263738 1.137277
-0.690400 0.267509 1.141147
-0.704407 0.257197 1.147690
-0.703931 0.253422 1.151214
-0.703009 0.249366 1.154295
-0.703931 0.253422 1.151214
-0.703009 0.249366 1.154295
-0.707779 0.256174 1.155797
-0.704407 0.257197 1.147690
-0.708485 0.259947 1.151716
-0.704814 0.260890 1.143877
-0.708666 0.263979 1.147708
-0.704814 0.260890 1.143877
-0.708902 0.267683 1.143546
-0.705061 0.264595 1.139856
-0.705061 0.264595 1.139856
-0.639765 0.223715 1.183181
-0.637121 0.227300 1.179922
-0.637979 0.221496 1.177538
-0.636275 0.224680 1.174597
-0.637824 0.229924 1.184767
-0.639765 0.223715 1.183181
-0.637121 0.227300 1.179922
-0.636852 0.234915 1.181486
-0.636527 0.231847 1.176462
-0.636527 0.231847 1.176462
-0.634786 0.228231 1.171288
-0.670333 0.228986 1.191729
-0.670373 0.232963 1.183771
-0.667360 0.226434 1.184946
-0.670373 0.232963 1.183771
-0.667360 0.226434 1.184946
-0.689382 0.231258 1.197206
-0.616602 0.232902 1.188555
-0.635235 0.226527 1.197001
-0.622231 0.221970 1.198073
-0.612714 0.225855 1.178222
-0.613407 0.229083 1.183738
-0.614466 0.220668 1.181542
-0.615162 0.224079 1.188329
-0.613407 0.229083 1.183738
-0.615162 0.224079 1.188329
-0.616673 0.218385 1.192869
-0.615465 0.215704 1.185155
-0.616673 0.218385 1.192869
-0.614276 0.238061 1.184228
-0.613278 0.242734 1.179440
-0.611924 0.234214 1.179581
-0.611924 0.234214 1.179581
-0.612377 0.230637 1.174062
-0.610751 0.238962 1.175183
-0.610580 0.235614 1.170409
-0.610751 0.238962 1.175183
-0.616584 0.223377 1.172347
-0.615644 0.228838 1.169739
-0.622814 0.224063 1.169965
-0.621156 0.226683 1.165158
-0.619990 0.232391 1.162222
-0.635026 0.236167 1.172914
-0.633151 0.232423 1.168362
-0.635061 0.239773 1.177977
-0.635026 0.236167 1.172914
-0.633085 0.244150 1.174394
-0.633633 0.240564 1.169579
-0.633633 0.240564 1.169579
-0.632136 0.236857 1.164899
-0.631045 0.248259 1.171040
-0.632319 0.245184 1.166365
-0.629905 0.252408 1.167872
-0.630384 0.249239 1.162938
-0.632319 0.245184 1.166365
-0.630384 0.249239 1.162938
-0.630903 0.241546 1.161372
-0.629407 0.246639 1.158774
-0.627989 0.255870 1.164904
-0.628845 0.253439 1.161011
-0.626824 0.256919 1.159427
-0.626824 0.256919 1.159427
-0.625080 0.254867 1.156331
-0.628845 0.253439 1.161011
-0.627352 0.251130 1.157049
-0.624480 0.258793 1.158341
-0.622587 0.260481 1.159428
-0.622928 0.260259 1.157900
-0.622928 0.260259 1.157900
-0.624480 0.258793 1.158341
-0.702787 0.255644 1.172790
-0.698651 0.262947 1.170338
-0.697063 0.258715 1.173966
-0.700863 0.251522 1.175963
-0.695206 0.254358 1.177187
-0.690879 0.259694 1.172327
-0.689243 0.255366 1.175141
-0.692568 0.263788 1.168915
-0.694716 0.241039 1.156987
-0.700637 0.241362 1.159803
-0.696652 0.243839 1.152923
-0.702023 0.245240 1.157594
-0.704531 0.243503 1.165979
-0.700637 0.241362 1.159803
-0.702023 0.245240 1.157594
-0.692322 0.235807 1.192442
-0.704982 0.272298 1.131703
-0.704785 0.276067 1.127395
-0.699810 0.270661 1.130306
-0.700011 0.274265 1.125766
-0.708263 0.275410 1.134824
-0.707875 0.279359 1.130388
-0.704982 0.272298 1.131703
-0.704785 0.276067 1.127395
-0.706784 0.283237 1.126569
-0.704566 0.280227 1.123274
-0.704566 0.280227 1.123274
-0.708812 0.279456 1.138826
-0.707608 0.282897 1.134279
-0.706250 0.285990 1.129866
-0.703822 0.284457 1.120128
-0.700498 0.287270 1.116397
-0.702452 0.288555 1.118084
-0.703822 0.284457 1.120128
-0.705684 0.286808 1.122745
-0.702452 0.288555 1.118084
-0.703531 0.289813 1.120852
-0.695285 0.281819 1.117074
-0.694468 0.277758 1.121561
-0.696795 0.288018 1.114426
-0.691761 0.290069 1.116256
-0.688943 0.284730 1.119554
-0.688909 0.280242 1.124822
-0.689729 0.273726 1.133642
-0.694167 0.271129 1.130814
-0.689222 0.276803 1.129355
-0.694124 0.274256 1.126465
-0.746267 0.190482 1.120983
-0.747139 0.192575 1.117172
-0.740188 0.198426 1.123285
-0.741485 0.200223 1.119592
-0.742604 0.202158 1.115921
-0.747941 0.194692 1.113387
-0.734889 0.198885 1.121825
-0.736357 0.200737 1.118121
-0.730024 0.197931 1.119264
-0.731378 0.199609 1.115796
-0.734889 0.198885 1.121825
-0.736357 0.200737 1.118121
-0.732762 0.201564 1.112527
-0.737829 0.202902 1.114869
-0.737829 0.202902 1.114869
-0.721450 0.163126 1.139416
-0.718058 0.160965 1.142767
-0.724335 0.166395 1.136546
-0.724335 0.166395 1.136546
-0.721450 0.163126 1.139416
-0.718058 0.160965 1.142767
-0.734345 0.175562 1.123517
-0.732115 0.173198 1.127077
-0.736118 0.177740 1.120379
-0.736118 0.177740 1.120379
-0.734345 0.175562 1.123517
-0.729589 0.176641 1.121732
-0.732115 0.173198 1.127077
-0.727503 0.174280 1.124693
-0.737685 0.179973 1.116983
-0.738979 0.182218 1.113726
-0.738979 0.182218 1.113726
-0.737685 0.179973 1.116983
-0.740197 0.184418 1.110328
-0.740197 0.184418 1.110328
-0.741351 0.186577 1.106786
-0.741351 0.186577 1.106786
-0.730426 0.210959 1.123656
-0.731415 0.214123 1.118985
-0.730426 0.210959 1.123656
-0.731415 0.214123 1.118985
-0.732453 0.217208 1.114377
-0.732453 0.217208 1.114377
-0.728667 0.207340 1.128775
-0.726905 0.203637 1.133992
-0.728667 0.207340 1.128775
-0.726905 0.203637 1.133992
-0.733572 0.222623 1.105206
-0.733878 0.225315 1.100749
-0.733572 0.222623 1.105206
-0.737539 0.224643 1.106450
-0.733878 0.225315 1.100749
-0.737537 0.227483 1.101963
-0.734297 0.227918 1.096513
-0.737195 0.230140 1.097837
-0.734297 0.227918 1.096513
-0.737166 0.220817 1.131160
-0.734070 0.225404 1.132896
-0.734952 0.228534 1.127836
-0.728577 0.227550 1.132751
-0.729472 0.230553 1.127823
-0.735556 0.231521 1.122602
-0.730211 0.233538 1.122957
-0.723151 0.227312 1.131006
-0.724166 0.230219 1.126451
-0.723151 0.227312 1.131006
-0.718344 0.225441 1.128450
-0.724166 0.230219 1.126451
-0.719402 0.228208 1.124046
-0.724692 0.233042 1.121711
-0.724692 0.233042 1.121711
-0.716126 0.221295 1.125252
-0.716857 0.223946 1.120989
-0.717444 0.216456 1.122982
-0.718337 0.219066 1.118543
-0.719182 0.221423 1.114596
-0.717312 0.226309 1.116881
-0.717925 0.215736 1.154212
-0.714798 0.216166 1.150596
-0.717898 0.218938 1.144547
-0.717089 0.222827 1.132852
-0.721753 0.224416 1.135607
-0.715195 0.219806 1.137011
-0.720144 0.221536 1.140457
-0.721753 0.224416 1.135607
-0.727401 0.224610 1.137788
-0.720144 0.221536 1.140457
-0.730911 0.242650 1.102737
-0.730744 0.240318 1.107562
-0.734840 0.238189 1.106881
-0.735313 0.236316 1.111988
-0.731466 0.245010 1.098157
-0.732017 0.246621 1.093506
-0.726760 0.245190 1.097243
-0.727955 0.246681 1.092647
-0.726117 0.242647 1.102157
-0.726117 0.242647 1.102157
-0.721188 0.241042 1.100730
-0.726760 0.245190 1.097243
-0.721973 0.243872 1.095531
-0.727955 0.246681 1.092647
-0.724190 0.245611 1.090516
-0.725657 0.240404 1.107161
-0.725462 0.238105 1.112205
-0.725462 0.238105 1.112205
-0.721090 0.235194 1.110469
-0.725657 0.240404 1.107161
-0.721066 0.238080 1.105712
-0.718087 0.230968 1.108034
-0.718228 0.233452 1.103248
-0.719659 0.225921 1.105500
-0.720111 0.228122 1.100807
-0.720442 0.230473 1.095583
-0.718268 0.236079 1.098009
-0.719643 0.189511 1.142199
-0.724423 0.198793 1.139063
-0.722379 0.190022 1.145262
-0.724423 0.198793 1.139063
-0.722379 0.190022 1.145262
-0.728924 0.200422 1.141885
-0.725250 0.189163 1.148074
-0.722178 0.241428 1.087555
-0.719138 0.238989 1.092390
-0.721608 0.233214 1.090318
-0.724112 0.236330 1.085859
-0.726543 0.246550 1.086755
-0.725937 0.243312 1.084452
-0.728977 0.246585 1.084783
-0.729362 0.244281 1.083831
-0.727335 0.239166 1.082816
-0.730881 0.241439 1.082291
-0.729487 0.247246 1.088669
-0.732548 0.247029 1.089535
-0.729487 0.247246 1.088669
-0.730741 0.246580 1.086190
-0.731973 0.245944 1.087375
-0.730741 0.246580 1.086190
-0.738673 0.196584 1.127298
-0.733364 0.197049 1.125477
-0.736970 0.194563 1.131058
-0.731682 0.195118 1.129476
-0.731682 0.195118 1.129476
-0.727092 0.194004 1.126618
-0.733364 0.197049 1.125477
-0.728373 0.196009 1.123141
-0.727014 0.194276 1.116163
-0.728433 0.196052 1.112723
-0.726064 0.189374 1.112606
-0.728091 0.191327 1.110073
-0.729534 0.197893 1.109455
-0.729359 0.193082 1.106582
-0.611639 0.255875 1.167813
-0.609484 0.253654 1.164600
-0.612498 0.258994 1.164633
-0.610309 0.257696 1.161874
-0.611804 0.251537 1.171329
-0.609246 0.248873 1.167556
-0.609484 0.253654 1.164600
-0.609246 0.248873 1.167556
-0.609399 0.251141 1.160156
-0.609388 0.246052 1.163231
-0.610309 0.257696 1.161874
-0.610427 0.255785 1.158397
-0.612175 0.260040 1.160461
-0.614423 0.261109 1.161184
-0.614107 0.260414 1.159157
-0.612175 0.260040 1.160461
-0.612338 0.258991 1.157372
-0.614107 0.260414 1.159157
-0.613825 0.259888 1.158342
-0.609742 0.240625 1.166361
-0.609749 0.243977 1.171364
-0.609749 0.243977 1.171364
-0.612675 0.246971 1.174868
-0.613004 0.243885 1.159029
-0.619132 0.237609 1.159120
-0.618275 0.243279 1.156731
-0.614552 0.257901 1.155900
-0.615564 0.259925 1.156782
-0.613555 0.254125 1.155366
-0.746214 0.211863 1.094758
-0.745893 0.211691 1.091930
-0.745536 0.211032 1.090844
-0.748609 0.208607 1.090138
-0.749575 0.207502 1.092497
-0.745023 0.210196 1.089157
-0.745596 0.208405 1.088319
-0.744410 0.211069 1.090459
-0.744410 0.211069 1.090459
-0.743160 0.210824 1.090032
-0.745023 0.210196 1.089157
-0.743217 0.209651 1.089101
-0.745596 0.208405 1.088319
-0.743814 0.211339 1.091974
-0.742931 0.211769 1.094347
-0.742931 0.211769 1.094347
-0.743814 0.211339 1.091974
-0.742209 0.210513 1.091173
-0.742462 0.211675 1.097860
-0.741494 0.210443 1.101232
-0.742462 0.211675 1.097860
-0.745967 0.210911 1.098018
-0.741494 0.210443 1.101232
-0.745695 0.209820 1.101774
-0.734067 0.244386 1.089458
-0.731880 0.244931 1.084681
-0.733310 0.242394 1.083823
-0.731880 0.244931 1.084681
-0.733310 0.242394 1.083823
-0.717328 0.278128 1.097848
-0.715393 0.278826 1.097345
-0.716068 0.278109 1.095123
-0.717871 0.278094 1.101551
-0.714443 0.278573 1.101394
-0.715393 0.278826 1.097345
-0.714443 0.278573 1.101394
-0.712942 0.277873 1.096122
-0.716068 0.278109 1.095123
-0.713436 0.273662 1.111027
-0.713532 0.276827 1.106179
-0.713532 0.276827 1.106179
-0.718447 0.277493 1.106619
-0.713436 0.273662 1.111027
-0.718263 0.274902 1.111682
-0.718685 0.274311 1.091305
-0.716927 0.276990 1.093150
-0.716145 0.274285 1.089852
-0.714983 0.276894 1.092480
-0.718685 0.274311 1.091305
-0.719810 0.274187 1.092046
-0.716927 0.276990 1.093150
-0.711467 0.275769 1.093235
-0.708503 0.273295 1.096876
-0.710512 0.268758 1.093992
-0.712969 0.272077 1.091130
-0.721446 0.269337 1.091535
-0.719031 0.270924 1.090343
-0.720440 0.271635 1.090917
-0.718772 0.265121 1.092670
-0.721815 0.266367 1.094273
-0.721446 0.269337 1.091535
-0.721815 0.266367 1.094273
-0.723747 0.268692 1.095764
-0.720440 0.271635 1.090917
-0.718343 0.261370 1.096612
-0.721990 0.263429 1.097828
-0.722287 0.259842 1.102314
-0.721990 0.263429 1.097828
-0.722287 0.259842 1.102314
-0.724989 0.265655 1.099406
-0.725479 0.262577 1.103931
-0.718068 0.251080 1.110890
-0.722659 0.252753 1.112095
-0.717921 0.254653 1.106048
-0.722590 0.256362 1.107049
-0.726445 0.255622 1.113962
-0.725865 0.259229 1.108969
-0.722659 0.252753 1.112095
-0.722590 0.256362 1.107049
-0.699719 0.292485 1.116375
-0.699353 0.291010 1.115988
-0.699722 0.293008 1.117309
-0.701574 0.290734 1.117663
-0.701574 0.290734 1.117663
-0.699722 0.293008 1.117309
-0.698192 0.293260 1.116522
-0.696062 0.293525 1.116731
-0.699105 0.293543 1.118213
-0.699105 0.293543 1.118213
-0.698206 0.294059 1.118716
-0.698206 0.294059 1.118716
-0.656417 0.094020 1.199409
-0.661798 0.101762 1.195377
-0.652767 0.095755 1.196192
-0.657848 0.104201 1.193263
-0.652767 0.095755 1.196192
-0.657848 0.104201 1.193263
-0.654244 0.106654 1.190752
-0.667881 0.107046 1.189490
-0.664026 0.109621 1.186746
-0.670069 0.113197 1.179683
-0.676182 0.117706 1.173636
-0.670069 0.113197 1.179683
-0.676182 0.117706 1.173636
-0.664026 0.109621 1.186746
-0.637691 0.129883 1.175382
-0.639915 0.134752 1.167299
-0.622277 0.140964 1.196611
-0.621828 0.143157 1.201519
-0.616334 0.134006 1.201694
-0.731820 0.204205 1.153722
-0.728602 0.212229 1.155880
-0.734163 0.209482 1.148071
-0.730079 0.215898 1.150326
-0.733196 0.222408 1.138473
-0.732015 0.219279 1.144110
-0.736593 0.217546 1.136633
-0.735689 0.213419 1.142496
-0.727433 0.195676 1.164215
-0.647613 0.112049 1.186528
-0.694588 0.173774 1.143219
-0.697983 0.169309 1.141521
-0.725141 0.192504 1.119782
-0.724252 0.190201 1.123525
-0.724194 0.185681 1.120194
-0.724228 0.187081 1.116780
-0.725581 0.191747 1.130622
-0.723432 0.188652 1.126416
-0.723012 0.190400 1.134197
-0.720623 0.182441 1.125829
-0.723342 0.184225 1.123750
-0.749052 0.206874 1.100746
-0.749171 0.208811 1.097190
-0.750677 0.205760 1.095397
-0.750111 0.203542 1.098835
-0.745170 0.208041 1.105570
-0.748512 0.204764 1.104310
-0.747789 0.202613 1.107851
-0.744362 0.205882 1.108980
-0.741640 0.191195 1.131171
-0.745306 0.188394 1.125019
-0.744158 0.186236 1.129125
-0.732455 0.191682 1.140355
-0.734693 0.193468 1.135798
-0.737681 0.187139 1.140635
-0.740015 0.189274 1.135439
-0.742436 0.183987 1.133560
-0.740356 0.181426 1.137569
-0.708264 0.258169 1.108203
-0.707729 0.263272 1.111359
-0.708479 0.255287 1.113441
-0.707902 0.259691 1.116458
-0.708693 0.261903 1.103292
-0.707879 0.266548 1.106381
-0.707660 0.270007 1.101552
-0.709122 0.265187 1.098465
-0.718240 0.272001 1.117002
-0.722817 0.270201 1.115874
-0.723205 0.267223 1.121435
-0.718151 0.268612 1.122330
-0.722684 0.256733 1.137850
-0.722226 0.253504 1.143427
-0.722956 0.260075 1.132369
-0.719794 0.246133 1.154211
-0.721369 0.250051 1.148978
-0.715098 0.237587 1.163822
-0.718042 0.241853 1.158891
-0.721206 0.233391 1.161880
-0.708715 0.271946 1.147843
-0.708652 0.268232 1.152145
-0.709005 0.264528 1.156625
-0.682460 0.245172 1.156549
-0.684510 0.249244 1.154162
-0.680026 0.249410 1.161049
-0.681135 0.253349 1.158370
-0.682878 0.257442 1.155635
-0.680959 0.252720 1.166422
-0.693649 0.132140 1.158869
-0.688277 0.126736 1.162898
-0.698759 0.137183 1.155235
-0.698759 0.137183 1.155235
-0.693649 0.132140 1.158869
-0.688277 0.126736 1.162898
-0.612862 0.249258 1.156825
-0.616226 0.261753 1.160625
-0.615962 0.260882 1.159087
-0.618742 0.261944 1.160434
-0.618342 0.261117 1.158150
-0.615962 0.260882 1.159087
-0.618342 0.261117 1.158150
-0.619087 0.261529 1.162947
-0.715106 0.170621 1.133390
-0.708257 0.214933 1.146966
-0.707196 0.209515 1.140768
-0.712963 0.217163 1.141373
-0.709777 0.212773 1.136946
-0.684471 0.254400 1.171065
-0.686439 0.258350 1.168218
-0.688150 0.262238 1.165052
-0.686439 0.258350 1.168218
-0.688150 0.262238 1.165052
-0.684471 0.254400 1.171065
-0.689322 0.266466 1.162137
-0.690419 0.270302 1.158641
-0.690419 0.270302 1.158641
-0.695142 0.271459 1.161174
-0.689322 0.266466 1.162137
-0.693924 0.267783 1.165163
-0.674770 0.237384 1.181376
-0.677517 0.242405 1.179147
-0.674770 0.237384 1.181376
-0.677517 0.242405 1.179147
-0.682896 0.242699 1.183336
-0.623885 0.180124 1.215379
-0.623854 0.170727 1.220674
-0.623885 0.180124 1.215379
-0.623854 0.170727 1.220674
-0.630197 0.170980 1.226680
-0.622743 0.161975 1.226163
-0.626552 0.164040 1.233247
-0.622743 0.161975 1.226163
-0.620175 0.153748 1.231777
-0.622780 0.156395 1.239267
-0.616299 0.146657 1.237016
-0.620076 0.148489 1.243857
-0.620175 0.153748 1.231777
-0.616299 0.146657 1.237016
-0.619282 0.214911 1.177870
-0.625794 0.216260 1.173736
-0.624053 0.219609 1.171846
-0.709333 0.260233 1.160840
-0.708269 0.255841 1.165084
-0.704808 0.288776 1.126213
-0.696620 0.278323 1.152918
-0.695965 0.274968 1.157045
-0.692116 0.277571 1.151535
-0.691212 0.274003 1.155188
-0.691212 0.274003 1.155188
-0.692116 0.277571 1.151535
-0.697545 0.284948 1.144693
-0.693215 0.284327 1.143790
-0.697675 0.288062 1.140274
-0.693371 0.287619 1.139727
-0.693215 0.284327 1.143790
-0.693371 0.287619 1.139727
-0.693562 0.290914 1.135468
-0.693562 0.290914 1.135468
-0.713416 0.270413 1.115972
-0.713416 0.270413 1.115972
-0.713325 0.266973 1.121216
-0.713325 0.266973 1.121216
-0.729688 0.193143 1.133296
-0.726895 0.191133 1.137592
-0.729688 0.193143 1.133296
-0.726895 0.191133 1.137592
-0.715159 0.156318 1.144423
-0.715159 0.156318 1.144423
-0.713860 0.218617 1.129093
-0.712686 0.215735 1.133232
-0.734839 0.230173 1.092399
-0.735652 0.232406 1.088394
-0.734839 0.230173 1.092399
-0.737251 0.232595 1.093922
-0.735652 0.232406 1.088394
-0.737471 0.235009 1.090343
-0.736019 0.235071 1.085906
-0.733996 0.236805 1.083666
-0.735955 0.237136 1.084006
-0.736019 0.235071 1.085906
-0.736863 0.236722 1.087343
-0.735955 0.237136 1.084006
-0.735189 0.205152 1.105693
-0.732293 0.197250 1.099842
-0.733902 0.199487 1.096640
-0.740517 0.208658 1.104773
-0.740029 0.206810 1.108314
-0.740029 0.206810 1.108314
-0.740517 0.208658 1.104773
-0.745614 0.196059 1.092469
-0.744589 0.193461 1.095961
-0.745614 0.196059 1.092469
-0.741625 0.195746 1.091151
-0.744589 0.193461 1.095961
-0.740452 0.193299 1.094648
-0.743569 0.191028 1.099545
-0.743569 0.191028 1.099545
-0.746323 0.199076 1.089745
-0.746532 0.202080 1.087995
-0.746532 0.202080 1.087995
-0.743959 0.202155 1.087368
-0.746323 0.199076 1.089745
-0.742812 0.198943 1.088359
-0.746393 0.204329 1.087615
-0.746255 0.205707 1.087640
-0.746255 0.205707 1.087640
-0.746393 0.204329 1.087615
-0.694091 0.293703 1.131159
-0.694091 0.293703 1.131159
-0.690703 0.292241 1.128847
-0.695020 0.295583 1.126898
-0.691890 0.295325 1.124844
-0.695020 0.295583 1.126898
-0.696060 0.295981 1.123124
-0.696570 0.295786 1.121643
-0.696060 0.295981 1.123124
-0.694932 0.295946 1.122226
-0.696570 0.295786 1.121643
-0.688316 0.242791 1.187349
-0.708356 0.184556 1.141296
-0.703889 0.181316 1.142206
-0.710031 0.179910 1.137656
-0.691046 0.201991 1.146632
-0.694340 0.196787 1.144740
-0.689999 0.215718 1.152001
-0.693398 0.211137 1.148949
-0.688350 0.206498 1.150395
-0.675837 0.233214 1.163314
-0.672428 0.228512 1.165308
-0.671691 0.231924 1.170300
-0.672788 0.237373 1.167469
-0.729836 0.184973 1.112024
-0.726506 0.181099 1.118423
-0.731174 0.186801 1.108625
-0.732250 0.188667 1.105044
-0.736056 0.195350 1.094632
-0.737373 0.197971 1.091320
-0.734739 0.192964 1.097978
-0.739221 0.200788 1.088773
-0.746009 0.207061 1.087745
-0.746009 0.207061 1.087745
-0.748501 0.206512 1.088995
-0.749841 0.205038 1.090625
-0.750063 0.202792 1.093462
-0.745733 0.186296 1.118447
-0.746680 0.188555 1.114737
-0.747494 0.190869 1.111054
-0.743551 0.181500 1.126106
-0.744809 0.183931 1.122172
-0.721039 0.212909 1.121917
-0.717891 0.206294 1.130300
-0.722865 0.217977 1.113193
-0.721992 0.215367 1.117393
-0.725231 0.227339 1.094887
-0.728144 0.232537 1.085698
-0.726359 0.229763 1.090011
-0.732662 0.238377 1.082648
-0.730434 0.235938 1.083357
-0.734987 0.239919 1.083450
-0.734987 0.239919 1.083450
-0.739199 0.228631 1.108549
-0.737373 0.216151 1.128462
-0.738265 0.219443 1.123434
-0.739185 0.222667 1.118413
-0.736410 0.211983 1.133672
-0.735018 0.208117 1.139129
-0.710670 0.238100 1.128811
-0.709651 0.234399 1.132711
-0.708601 0.231295 1.136500
-0.711631 0.241680 1.124940
-0.712777 0.251924 1.111605
-0.712761 0.255346 1.106303
-0.712904 0.258522 1.101354
-0.713176 0.261727 1.096293
-0.714090 0.265456 1.092232
-0.715828 0.269298 1.089594
-0.717993 0.272108 1.090015
-0.719002 0.272839 1.091679
-0.720629 0.273166 1.092190
-0.719002 0.272839 1.091679
-0.726132 0.266281 1.106396
-0.725058 0.268815 1.101386
-0.727199 0.263201 1.111401
-0.727810 0.259815 1.116710
-0.728306 0.245097 1.137944
-0.728468 0.248882 1.132731
-0.728533 0.252540 1.127422
-0.727193 0.236823 1.148230
-0.728175 0.241105 1.143165
-0.699880 0.266957 1.166081
-0.697403 0.295299 1.120357
-0.697403 0.295299 1.120357
-0.694721 0.295314 1.119696
-0.690894 0.293490 1.121475
-0.687953 0.289097 1.125020
-0.687717 0.285005 1.129375
-0.688297 0.281173 1.133623
-0.685831 0.264399 1.150799
-0.686473 0.267700 1.147548
-0.687607 0.271169 1.144334
-0.684565 0.260873 1.153271
-0.706805 0.251541 1.168685
-0.705092 0.246558 1.172024
-0.688679 0.241653 1.154646
-0.689599 0.245704 1.152054
-0.698920 0.232865 1.149343
-0.700759 0.236469 1.145780
-0.700170 0.236722 1.153870
-0.711732 0.206880 1.134353
-0.709019 0.202574 1.138233
-0.715863 0.201545 1.134919
-0.713421 0.197829 1.138096
-0.725361 0.179795 1.121101
-0.722872 0.177424 1.124039
-0.724010 0.227511 1.157478
-0.725764 0.232576 1.152992
-0.732062 0.202775 1.144369
-0.739419 0.176664 1.133972
-0.741749 0.179222 1.129991
-0.633422 0.236928 1.186316
-0.636114 0.231807 1.189674
-0.639492 0.226767 1.192984
-0.703543 0.142203 1.151883
-0.703543 0.142203 1.151883
-0.707685 0.147466 1.149387
-0.707685 0.147466 1.149387
-0.638927 0.212485 1.175679
-0.644674 0.204747 1.169451
-0.649860 0.213244 1.174105
-0.652550 0.208475 1.171039
-0.648245 0.216016 1.179625
-0.632736 0.218550 1.173844
-0.628105 0.229190 1.165738
-0.626760 0.233675 1.162103
-0.620815 0.260627 1.159982
-0.620852 0.261026 1.157875
-0.620852 0.261026 1.157875
-0.622132 0.261098 1.161966
-0.623045 0.259218 1.164744
-0.624132 0.256521 1.167604
-0.631380 0.242004 1.182643
-0.639480 0.179391 1.228371
-0.632187 0.205539 1.214377
-0.648353 0.215796 1.206288
-0.661920 0.213615 1.204990
-0.652832 0.217392 1.200268
-0.657031 0.217548 1.193675
-0.620689 0.145130 1.206566
-0.648544 0.199659 1.168004
-0.650912 0.109005 1.188277
-0.652462 0.220822 1.186386
-0.644614 0.219060 1.185649
-0.641288 0.218481 1.180132
-0.646381 0.221264 1.191285
-0.652462 0.220822 1.186386
-0.644614 0.219060 1.185649
-0.640773 0.221154 1.201498
-0.645399 0.221961 1.196722
-0.625896 0.215306 1.205186
-0.616708 0.208561 1.188491
-0.618325 0.211326 1.198683
-0.618325 0.211326 1.198683
-0.619561 0.202080 1.205115
-0.619561 0.202080 1.205115
-0.627959 0.212105 1.174957
-0.620752 0.209669 1.179245
-0.635616 0.215434 1.175461
-0.642160 0.189158 1.224542
-0.630922 0.191763 1.218887
-0.682283 0.122135 1.167953
-0.682283 0.122135 1.167953
-0.621785 0.190921 1.211080
-0.621785 0.190921 1.211080
-0.665189 0.223496 1.192769
-0.658294 0.219217 1.180395
-0.660326 0.222397 1.186323
-0.660326 0.222397 1.186323
-0.658048 0.216392 1.175508
-0.711202 0.152637 1.147462
-0.711202 0.152637 1.147462
-0.717327 0.186078 1.132897
-0.716741 0.180848 1.128577
-0.720022 0.175198 1.126218
-0.729862 0.170695 1.129982
-0.729862 0.170695 1.129982
-0.737396 0.174266 1.137539
-0.738516 0.178735 1.141942
-0.736094 0.185912 1.144921
-0.717898 0.218938 1.144547
-0.714798 0.216166 1.150596
-0.703832 0.238634 1.157553
-0.706421 0.242419 1.154186
-0.702936 0.234199 1.169263
-0.699561 0.235823 1.162736
-0.695021 0.232851 1.157677
-0.699561 0.235823 1.162736
-0.703218 0.242880 1.175265
-0.693130 0.250395 1.180122
-0.687353 0.251188 1.177882
-0.683399 0.249950 1.173587
-0.678463 0.249031 1.168971
-0.683399 0.249950 1.173587
-0.678584 0.245452 1.163442
-0.681758 0.241594 1.159585
-0.687069 0.238237 1.157918
-0.742444 0.188791 1.103221
-0.742444 0.188791 1.103221
-0.730994 0.195236 1.103271
-0.733462 0.190716 1.101493
-0.731227 0.199614 1.105950
-0.733946 0.203497 1.109094
-0.739355 0.204445 1.111412
-0.743517 0.203972 1.112393
-0.739355 0.204445 1.111412
-0.748551 0.196832 1.109651
-0.733027 0.219969 1.109757
-0.733027 0.219969 1.109757
-0.719043 0.223102 1.110036
-0.717454 0.228888 1.113043
-0.730625 0.236089 1.117756
-0.725021 0.235556 1.117048
-0.725021 0.235556 1.117048
-0.735574 0.234114 1.117241
-0.739380 0.225722 1.113388
-0.722868 0.249116 1.117007
-0.717868 0.247438 1.115753
-0.726743 0.251982 1.119104
-0.722868 0.249116 1.117007
-0.708092 0.251520 1.117977
-0.706602 0.256656 1.121042
-0.718029 0.264854 1.127568
-0.713098 0.263508 1.126311
-0.713098 0.263508 1.126311
-0.723179 0.263735 1.127014
-0.728310 0.256236 1.122059
-0.705021 0.268397 1.135864
-0.708997 0.271495 1.139119
-0.705021 0.268397 1.135864
-0.694090 0.267624 1.134554
-0.689534 0.270474 1.137258
-0.688690 0.274476 1.141205
-0.697242 0.281597 1.148831
-0.692617 0.280953 1.147707
-0.692617 0.280953 1.147707
-0.708964 0.275724 1.143505
-0.704338 0.232325 1.176180
-0.684898 0.247728 1.181158
-0.681272 0.245754 1.175970
-0.677516 0.244405 1.171157
-0.681272 0.245754 1.175970
-0.676029 0.241643 1.165520
-0.702882 0.209964 1.148311
-0.704842 0.204502 1.144395
-0.706528 0.199311 1.141819
-0.713033 0.187702 1.140319
-0.714251 0.178106 1.131407
-0.717492 0.172940 1.130034
-0.726981 0.168897 1.133554
-0.726981 0.168897 1.133554
-0.729886 0.187281 1.151582
-0.726617 0.193869 1.155226
-0.729738 0.200282 1.158880
-0.722275 0.212441 1.163846
-0.710948 0.228376 1.174359
-0.696942 0.228981 1.153448
-0.699121 0.224331 1.149560
-0.712782 0.233560 1.168699
-0.719038 0.228642 1.167210
-0.722452 0.223126 1.162136
-0.607894 0.138810 1.235155
-0.607769 0.135501 1.228008
-0.611970 0.139718 1.242123
-0.615535 0.142393 1.249414
-0.611970 0.139718 1.242123
-0.622232 0.141405 1.254012
-0.629653 0.138062 1.256358
-0.636647 0.133166 1.256339
-0.643013 0.127671 1.255053
-0.648579 0.121924 1.252706
-0.653246 0.116204 1.249711
-0.657017 0.110667 1.246177
-0.659903 0.105430 1.242238
-0.661624 0.100742 1.237756
-0.662071 0.096799 1.232842
-0.661768 0.093408 1.227881
-0.660615 0.090726 1.222844
-0.658723 0.088780 1.217825
-0.656541 0.087298 1.213059
-0.654489 0.085883 1.208144
-0.650776 0.086814 1.204065
-0.646333 0.090318 1.203056
-0.646333 0.090318 1.203056
-0.643471 0.091299 1.198753
-0.640094 0.093765 1.195987
-0.636953 0.097221 1.194473
-0.633976 0.100848 1.193512
-0.631130 0.104456 1.193075
-0.628284 0.107968 1.193201
-0.625450 0.111271 1.193712
-0.622196 0.114757 1.195103
-0.619560 0.118246 1.198034
-0.616552 0.121427 1.200902
-0.612885 0.124273 1.202911
-0.610414 0.126821 1.206609
-0.608842 0.129018 1.211156
-0.607593 0.131153 1.216341
-0.607641 0.133334 1.222041
-0.607769 0.135501 1.228008
-0.607641 0.133334 1.222041
-0.607894 0.138810 1.235155
-0.611970 0.139718 1.242123
-0.615535 0.142393 1.249414
-0.622232 0.141405 1.254012
-0.629653 0.138062 1.256358
-0.636647 0.133166 1.256339
-0.643013 0.127671 1.255053
-0.648579 0.121924 1.252706
-0.653246 0.116204 1.249711
-0.657017 0.110667 1.246177
-0.659903 0.105430 1.242238
-0.661624 0.100742 1.237756
-0.662071 0.096799 1.232842
-0.661768 0.093408 1.227881
-0.660615 0.090726 1.222844
-0.658723 0.088780 1.217825
-0.656541 0.087298 1.213059
-0.654489 0.085883 1.208144
-0.650776 0.086814 1.204065
-0.646333 0.090318 1.203056
-0.643471 0.091299 1.198753
-0.640094 0.093765 1.195987
-0.636953 0.097221 1.194473
-0.633976 0.100848 1.193512
-0.631130 0.104456 1.193075
-0.628284 0.107968 1.193201
-0.625450 0.111271 1.193712
-0.622196 0.114757 1.195103
-0.619560 0.118246 1.198034
-0.616552 0.121427 1.200902
-0.612885 0.124273 1.202911
-0.610414 0.126821 1.206609
-0.608842 0.129018 1.211156
-0.607593 0.131153 1.216341
-0.322498 -0.035334 1.494614
-0.328975 -0.054625 1.486922
-0.269728 -0.077283 1.521698
-0.244495 -0.092231 1.504814
-0.249779 -0.071634 1.515226
-0.261507 -0.121553 1.443686
-0.249928 -0.108741 1.454007
-0.252577 -0.114677 1.469996
-0.232282 -0.144952 1.423068
-0.255650 -0.136291 1.428349
-0.251180 -0.141408 1.444130
-0.245126 -0.142432 1.425442
-0.233253 -0.108158 1.432086
-0.224559 -0.094168 1.424017
-0.229823 -0.103893 1.441477
-0.239333 -0.137832 1.419197
-0.277803 -0.130421 1.429312
-0.238655 -0.139439 1.420549
-0.236270 -0.140878 1.420415
-0.293985 -0.117664 1.421848
-0.260195 -0.127930 1.427037
-0.242096 -0.134311 1.411977
-0.239746 -0.139313 1.420558
-0.238655 -0.139439 1.420549
-0.239333 -0.137832 1.419197
-0.290180 -0.086094 1.370074
-0.232339 -0.114969 1.380778
-0.230510 -0.105561 1.389018
-0.228243 -0.109380 1.403955
-0.215883 -0.029399 1.388743
-0.201155 -0.032467 1.387820
-0.203864 -0.041493 1.384813
-0.228801 -0.026834 1.382772
-0.198680 -0.050712 1.377566
-0.217281 -0.035380 1.369216
-0.268793 -0.095541 1.361786
-0.250156 -0.084313 1.347217
-0.225258 -0.064400 1.354815
-0.215608 -0.047240 1.366444
-0.228018 -0.065196 1.364745
-0.230802 -0.095778 1.355618
-0.231645 -0.089430 1.350189
-0.247252 -0.099630 1.362628
-0.234100 -0.073530 1.348141
-0.235654 -0.069066 1.348344
-0.241241 -0.090787 1.364489
-0.230802 -0.095778 1.355618
-0.219390 -0.068699 1.340053
-0.231645 -0.089430 1.350189
-0.231645 -0.089430 1.350189
-0.225713 -0.099742 1.354463
-0.225713 -0.099742 1.354463
-0.210435 -0.009071 1.340984
-0.231273 -0.009817 1.362270
-0.215165 -0.017546 1.343674
-0.235654 -0.069066 1.348344
-0.224940 -0.057783 1.342090
-0.239296 -0.042831 1.356488
-0.227220 -0.053998 1.349200
-0.231645 -0.089430 1.350189
-0.217889 -0.082666 1.342833
-0.231645 -0.089430 1.350189
-0.217889 -0.082666 1.342833
-0.221681 -0.011479 1.350079
-0.215165 -0.017546 1.343674
-0.245106 -0.063332 1.342598
-0.229916 -0.079827 1.345512
-0.210435 -0.009071 1.340984
-0.214212 -0.017259 1.342227
-0.226185 -0.038758 1.352892
-0.226185 -0.038758 1.352892
-0.207573 -0.001099 1.341699
-0.222658 -0.002502 1.354237
-0.222658 -0.002502 1.354237
-0.207573 -0.001099 1.341699
-0.229916 -0.079827 1.345512
-0.230177 -0.005494 1.451557
-0.241456 -0.000320 1.470868
-0.232825 -0.014232 1.455962
-0.276079 -0.037254 1.528484
-0.298949 -0.025553 1.517332
-0.284429 -0.050849 1.531072
-0.274205 0.019893 1.482326
-0.262276 0.030783 1.463535
-0.281564 -0.129819 1.459824
-0.261421 -0.113686 1.490438
-0.235133 -0.107781 1.488286
-0.347512 -0.077904 1.453285
-0.300489 -0.114966 1.452723
-0.211849 -0.111183 1.398391
-0.208306 -0.061429 1.368568
-0.261508 0.006155 1.503718
-0.272794 -0.004892 1.500575
-0.255829 -0.020042 1.524456
-0.244201 -0.024906 1.487797
-0.230207 -0.031691 1.470404
-0.236091 -0.013367 1.479818
-0.222813 -0.008237 1.480279
-0.219068 -0.028365 1.462237
-0.203738 -0.019176 1.461726
-0.194260 -0.046767 1.481541
-0.188930 -0.066506 1.498900
-0.187282 -0.072902 1.480685
-0.222162 -0.024553 1.456091
-0.230417 -0.009969 1.474835
-0.193583 -0.046359 1.394849
-0.191661 -0.034575 1.413191
-0.190533 -0.052543 1.416161
-0.332829 -0.026066 1.484220
-0.299771 -0.002198 1.495002
-0.183053 -0.074360 1.505539
-0.208808 -0.076725 1.499645
-0.194294 -0.074450 1.490635
-0.225605 -0.057798 1.506364
-0.199984 -0.062170 1.510127
-0.211370 -0.049831 1.494621
-0.231346 -0.076851 1.509588
-0.202236 -0.068778 1.513076
-0.211558 -0.014603 1.408403
-0.222517 -0.015371 1.387551
-0.212440 -0.001092 1.407105
-0.241456 -0.000320 1.470868
-0.237730 0.000509 1.457409
-0.237415 0.013079 1.448078
-0.226204 0.006395 1.369320
-0.219716 0.038771 1.375780
-0.214797 0.030897 1.388449
-0.225196 0.018131 1.363112
-0.204792 -0.090913 1.381272
-0.215864 -0.095839 1.392405
-0.220606 -0.107385 1.366207
-0.204845 -0.059455 1.385889
-0.197765 -0.081770 1.392472
-0.196337 -0.082577 1.363992
-0.241029 -0.013789 1.521803
-0.244770 0.006442 1.499188
-0.257757 0.017055 1.492116
-0.235661 -0.043130 1.471533
-0.233445 -0.049435 1.491926
-0.238743 -0.034088 1.486259
-0.256767 0.039001 1.419457
-0.244492 0.029306 1.418002
-0.217818 0.033918 1.397386
-0.237901 0.040826 1.400401
-0.230496 0.000046 1.399792
-0.210454 0.014740 1.393571
-0.218631 0.004717 1.404131
-0.213387 0.039814 1.420674
-0.243548 0.017730 1.442176
-0.223045 0.017556 1.428399
-0.232040 0.001216 1.384889
-0.225093 0.002990 1.373196
-0.221644 -0.009094 1.380288
-0.222517 -0.015371 1.387551
-0.215856 -0.020937 1.369791
-0.231367 -0.082815 1.467128
-0.195977 -0.084143 1.479742
-0.232313 -0.094516 1.481729
-0.238354 -0.102135 1.467359
-0.233563 -0.108073 1.476308
-0.189444 -0.055916 1.438291
-0.184546 -0.071241 1.438517
-0.174347 -0.058836 1.428850
-0.208873 -0.095171 1.427809
-0.199617 -0.088545 1.441185
-0.218907 -0.096486 1.443081
-0.247712 0.038977 1.465964
-0.250184 0.039392 1.418385
-0.233898 0.042235 1.446859
-0.235179 0.035789 1.434521
-0.251558 0.023805 1.466148
-0.261382 0.026634 1.474090
-0.256994 0.016035 1.478140
-0.249548 -0.049628 1.517603
-0.242845 -0.033894 1.506603
-0.285904 -0.017684 1.520930
-0.255507 -0.125196 1.411961
-0.238568 -0.118423 1.433165
-0.222482 -0.083880 1.507676
-0.233321 -0.094211 1.495794
-0.202432 -0.088496 1.492571
-0.248788 -0.017839 1.509469
-0.262049 -0.033695 1.529295
-0.256892 -0.032281 1.518665
-0.199790 0.016382 1.375967
-0.209714 0.044690 1.402903
-0.210070 0.023552 1.415066
-0.197741 0.042871 1.396922
-0.229557 -0.086991 1.449973
-0.203955 -0.084692 1.466354
-0.191503 -0.068933 1.468334
-0.333069 -0.067607 1.485870
-0.291479 -0.066257 1.529035
-0.200930 -0.026644 1.399044
-0.207867 -0.026324 1.403890
-0.197996 -0.033169 1.411467
-0.266829 -0.108166 1.372727
-0.249362 -0.000041 1.482358
-0.258520 0.008988 1.469538
-0.249305 0.020660 1.454599
-0.320075 -0.021699 1.492294
-0.236522 -0.142948 1.463727
-0.259057 -0.137015 1.458424
-0.275050 -0.126957 1.442176
-0.271332 -0.126363 1.459862
-0.353065 -0.056295 1.465348
-0.212120 -0.018790 1.460549
-0.199113 -0.052159 1.460150
-0.202129 -0.046861 1.449955
-0.193793 -0.031402 1.463924
-0.201657 -0.047944 1.435690
-0.193727 -0.027703 1.426244
-0.214375 -0.023406 1.429477
-0.210973 -0.029561 1.441092
-0.237215 0.006136 1.483724
-0.223664 0.010464 1.492397
-0.236423 -0.007375 1.502525
-0.229400 -0.001756 1.490464
-0.224045 0.007762 1.503191
-0.179933 -0.083048 1.420733
-0.190939 -0.084191 1.431815
-0.196008 -0.087737 1.421371
-0.179047 -0.068077 1.422402
-0.191353 -0.065683 1.419117
-0.191385 -0.053791 1.429927
-0.166008 -0.053452 1.403054
-0.190394 -0.084899 1.409656
-0.183268 -0.069107 1.413438
-0.244502 -0.062746 1.526547
-0.267202 -0.058147 1.531243
-0.281005 -0.098029 1.507684
-0.244577 -0.007352 1.498010
-0.223664 0.010464 1.492397
-0.237215 0.006136 1.483724
-0.201757 -0.052784 1.389653
-0.178294 -0.055310 1.393036
-0.196799 -0.074367 1.396869
-0.172645 -0.069488 1.405439
-0.199922 -0.087374 1.404035
-0.216550 -0.087728 1.421931
-0.230484 -0.107011 1.419939
-0.215352 -0.108622 1.418256
-0.208635 -0.100696 1.408379
-0.203397 -0.098948 1.416346
-0.211558 -0.014603 1.408403
-0.214901 -0.009003 1.425749
-0.200057 -0.033974 1.474208
-0.191962 -0.015756 1.446971
-0.196851 -0.042926 1.444217
-0.226668 -0.098903 1.379797
-0.234331 -0.105033 1.371012
-0.232133 -0.079398 1.370988
-0.226266 -0.093442 1.360598
-0.221533 -0.077344 1.370365
-0.211269 -0.085099 1.374947
-0.231962 0.029785 1.436239
-0.221509 0.043607 1.414586
-0.237930 0.033963 1.423057
-0.354370 -0.063396 1.447994
-0.225558 -0.011891 1.368467
-0.213000 -0.026889 1.357256
-0.222900 -0.022039 1.355379
-0.192782 -0.074495 1.452078
-0.232722 -0.105820 1.452092
-0.326552 -0.074786 1.415254
-0.201591 -0.077685 1.450805
-0.241523 0.018258 1.484974
-0.273943 0.016657 1.504269
-0.204827 -0.023710 1.447207
-0.198774 -0.037437 1.436629
-0.242096 -0.134311 1.411977
-0.221644 -0.009094 1.380288
-0.232740 -0.007677 1.385027
-0.208110 -0.069739 1.372626
-0.204926 0.045315 1.392355
-0.216780 0.012877 1.415693
-0.220898 -0.000544 1.433156
-0.346401 -0.054569 1.479746
-0.269672 -0.045587 1.525288
-0.252751 -0.048752 1.529506
-0.237028 -0.116712 1.369347
-0.227401 -0.126163 1.384038
-0.210881 -0.091131 1.407503
-0.202143 -0.097729 1.389956
-0.219191 -0.046313 1.355013
-0.221878 -0.044971 1.473923
-0.235576 0.031674 1.459953
-0.235809 -0.122158 1.393470
-0.233318 -0.116583 1.414546
-0.244494 -0.119046 1.409230
-0.252547 -0.121108 1.426022
-0.249242 -0.111421 1.423941
-0.234590 -0.117974 1.425046
-0.193311 -0.056159 1.501627
-0.201979 0.019473 1.404575
-0.199952 0.030328 1.383204
-0.238287 -0.110735 1.415302
-0.228324 -0.018141 1.436666
-0.291640 -0.127898 1.445628
-0.224635 -0.107787 1.363850
-0.286535 -0.104047 1.377908
-0.212816 0.009346 1.425054
-0.227231 0.013878 1.442666
-0.225558 -0.011891 1.368467
-0.249944 -0.121616 1.484029
-0.231273 -0.009817 1.362270
-0.255755 -0.115635 1.480635
-0.243290 0.006360 1.490717
-0.225808 0.018090 1.501774
-0.275683 -0.071069 1.530136
-0.216929 -0.098920 1.358503
-0.207997 -0.041127 1.484275
-0.200607 -0.060355 1.467368
-0.195921 -0.064445 1.441471
-0.227220 -0.053998 1.349200
-0.219686 -0.116156 1.428402
-0.286629 -0.006632 1.503748
-0.293471 -0.005855 1.510447
-0.257900 0.021233 1.497109
-0.267455 0.009559 1.510988
-0.248727 0.016528 1.508267
-0.333087 -0.037064 1.490123
-0.222053 -0.031391 1.450759
-0.214901 -0.009003 1.425749
-0.218998 0.045770 1.389512
-0.237028 -0.116712 1.369347
-0.225713 -0.099742 1.354463
-0.190628 -0.091638 1.413197
-0.227401 -0.126163 1.384038
-0.226326 -0.050728 1.499232
-0.243407 -0.039056 1.496573
-0.230177 -0.005494 1.451557
-0.283009 -0.101285 1.366273
-0.210913 0.023090 1.423578
-0.236651 -0.142055 1.456452
-0.220790 -0.002761 1.443150
0 1
21 22
53 55
54 75
56 96
56 97
2 76
2 77
55 96
75 115
1 76
21 95
57 97
57 98
3 77
3 78
0 23
22 24
51 53
52 54
59 99
59 100
5 79
5 80
58 98
58 99
4 78
4 79
33 35
34 36
39 41
40 42
25 27
26 28
47 49
48 50
60 100
60 101
6 80
6 81
27 29
28 30
45 47
46 48
10 84
10 85
64 104
64 105
61 101
61 102
7 81
7 82
11 85
11 86
63 103
63 104
9 83
9 84
65 105
65 106
62 102
62 103
8 82
8 83
31 33
32 34
41 43
42 44
12 86
12 87
66 106
66 107
14 88
14 89
68 108
68 109
15 89
15 90
69 109
69 110
13 87
13 88
67 107
67 108
23 25
24 26
49 51
50 52
29 31
30 32
43 45
44 46
19 93
19 94
73 113
73 114
16 90
16 91
70 110
70 111
17 91
17 92
71 111
71 112
18 92
18 93
72 112
72 113
74 114
74 115
20 94
20 95
37 39
38 40
35 37
36 38
117 118
121 122
117 136
122 124
1616 1622
124 125
1505 1506
136 140
125 126
116 118
119 121
1373 1374
120 122
126 137
1534 1686
135 140
137 138
1390 1391
1415 1426
278 279
305 306
274 275
301 302
1513 1514
1415 1422
277 278
304 305
1662 1692
1415 1421
133 138
1498 1526
1410 1428
1425 1427
1588 1667
276 277
303 304
120 304
279 280
306 307
1369 1374
153 220
274 289
301 316
1519 1670
123 305
131 309
288 289
315 316
1499 1500
1449 1451
214 215
130 135
116 302
119 303
1467 1625
129 130
133 134
1404 1405
164 225
280 281
307 308
1482 1484
231 320
1450 1451
1489 1491
161 224
287 288
314 315
229 275
232 276
328 329
1400 1401
1379 1686
1628 1639
223 224
180 196
182 197
1559 1662
159 198
286 287
313 314
320 321
173 174
177 194
163 201
1377 1446
1537 1538
163 164
170 172
225 226
1522 1546
1503 1545
223 295
263 323
160 199
261 324
162 200
1492 1493
262 294
179 180
181 182
1474 1475
174 193
1451 1533
1510 1618
265 322
319 320
317 330
1434 1603
1681 1689
166 168
169 171
263 264
203 298
261 262
237 323
1476 1634
1492 1540
142 205
264 295
234 279
156 196
158 197
1463 1583
1395 1610
227 296
1480 1634
1555 1590
1360 1586
165 202
257 259
254 328
281 282
308 309
1544 1545
251 252
1460 1620
166 191
169 192
324 325
1487 1488
1482 1542
238 324
1402 1610
1527 1557
186 201
231 233
1455 1457
1509 1542
267 297
1454 1456
188 189
154 195
1372 1597
188 202
127 128
1490 1491
1366 1368
228 318
230 319
253 254
234 235
219 292
221 293
1562 1664
217 218
131 132
255 256
258 260
268 320
1465 1583
268 269
1614 1632
282 283
309 310
1461 1570
1605 1606
155 156
157 158
204 299
208 300
1402 1403
1526 1557
285 286
312 313
270 271
272 273
256 327
260 326
1532 1574
186 187
1364 1370
239 325
266 321
1478 1634
1486 1488
270 319
272 318
269 298
228 229
230 232
1534 1645
1443 1444
1486 1668
152 194
1498 1501
211 213
1557 1613
1426 1427
155 220
157 222
1479 1481
249 250
127 129
132 134
143 145
146 148
145 191
148 192
1493 1539
1670 1671
271 299
273 300
255 292
258 293
251 290
253 291
1552 1570
1468 1469
1498 1527
1372 1521
149 193
1553 1570
1505 1613
1477 1478
1393 1394
219 220
221 222
283 284
310 311
1405 1406
1674 1677
1576 1589
147 209
1458 1548
249 330
248 273
1522 1547
1475 1536
1364 1535
1412 1428
1367 1561
1536 1538
1391 1392
203 205
203 204
250 272
1375 1378
217 291
1408 1683
1638 1684
236 237
1414 1415
1461 1462
240 326
242 327
153 154
1545 1652
142 144
189 190
343 344
143 206
146 207
1483 1485
1401 1403
1532 1687
1506 1507
167 190
331 344
1492 1541
1564 1605
185 187
341 342
1604 1643
1596 1597
187 189
342 343
1378 1535
1543 1544
1489 1490
1635 1679
208 210
266 268
1452 1574
1400 1657
1570 1680
1584 1595
1592 1593
1524 1526
1665 1666
171 172
332 333
1361 1536
1473 1643
204 206
207 208
1476 1477
1511 1602
1458 1567
1592 1594
1659 1660
1567 1605
243 328
167 168
331 332
1503 1633
209 212
1402 1420
1567 1606
184 185
340 341
1434 1435
1479 1689
1465 1568
1437 1587
1395 1396
1569 1571
183 184
339 340
1578 1623
1430 1485
1578 1620
172 173
333 334
1480 1660
1566 1567
1399 1400
1493 1666
1463 1465
1480 1693
1610 1612
1501 1682
1525 1527
236 281
1455 1573
1365 1443
1620 1670
1483 1500
1612 1668
1458 1651
1435 1436
1362 1531
1409 1418
246 329
1394 1423
1440 1676
1499 1501
178 179
337 338
1645 1646
1531 1636
1396 1397
1463 1464
212 214
1519 1577
1501 1525
1358 1359
268 270
1360 1362
1463 1553
1371 1640
181 183
338 339
1385 1447
1438 1675
216 218
1495 1496
141 315
1468 1472
1468 1475
1569 1570
150 212
1378 1561
243 245
138 139
240 241
242 244
1365 1517
1556 1557
1606 1626
1486 1491
1530 1665
1522 1523
176 178
336 337
1614 1615
1402 1419
1406 1413
1478 1659
1640 1641
1503 1542
1458 1670
151 152
1618 1642
1456 1643
1566 1671
1533 1674
1447 1599
1436 1655
1677 1678
1363 1364
246 247
1499 1527
1607 1610
1638 1686
1639 1683
1511 1512
1390 1392
1457 1604
1429 1430
1431 1432
1633 1652
1549 1635
1535 1673
1541 1636
1603 1655
1574 1576
1478 1502
173 175
334 335
1646 1673
1491 1631
1610 1611
1681 1693
1459 1460
1440 1494
1390 1512
1546 1621
1457 1605
175 176
335 336
1365 1516
1368 1692
1523 1621
1539 1541
1364 1516
1528 1644
1564 1680
1563 1616
1505 1543
1493 1624
1519 1520
1647 1648
1513 1515
1554 1690
1545 1653
1491 1612
1468 1470
1630 1661
1476 1681
1602 1603
1609 1610
1385 1608
1557 1644
1482 1663
1626 1627
1645 1647
1648 1650
1632 1653
1464 1465
1366 1379
1597 1601
1453 1497
1555 1556
1440 1530
1561 1562
1371 1599
1518 1520
1392 1642
1415 1416
1484 1632
1385 1487
1456 1457
1430 1482
1520 1582
1494 1624
1448 1489
1513 1546
1584 1585
1636 1637
1539 1574
1596 1641
1495 1497
1608 1610
1533 1675
1583 1595
1442 1656
1387 1389
1387 1552
1469 1536
1587 1637
1388 1463
1402 1672
1413 1416
1596 1601
1647 1649
1469 1470
1383 1690
1428 1619
1547 1623
1446 1656
1496 1497
1505 1691
1488 1607
1403 1608
1454 1575
1489 1631
1449 1678
1467 1675
1439 1550
1530 1624
1417 1418
1419 1420
1391 1448
1447 1487
1469 1475
1526 1644
1368 1560
1445 1616
1441 1524
1487 1607
1449 1676
1502 1630
1413 1414
1503 1504
1516 1621
1452 1688
1440 1529
1572 1573
1590 1591
1531 1586
127 312
132 311
1487 1640
1570 1655
1550 1667
1586 1637
214 216
1598 1673
241 284
244 285
1486 1487
1467 1674
1449 1494
1459 1472
1411 1619
1400 1608
1386 1598
1638 1657
1452 1454
1519 1620
1521 1579
1370 1673
1449 1450
1539 1589
1649 1650
1518 1606
1486 1490
1581 1582
1453 1643
1488 1610
1397 1609
1378 1534
1393 1690
1583 1593
1563 1635
1535 1648
1612 1631
1398 1657
1416 1427
1428 1672
1466 1558
1542 1653
1483 1484
1473 1687
1577 1578
1480 1481
1524 1528
1577 1685
1509 1661
1444 1537
247 287
1514 1547
1385 1386
1387 1511
1587 1667
1483 1682
1524 1644
1443 1662
1362 1586
1507 1660
1598 1599
1528 1530
1676 1678
1571 1627
1594 1596
1605 1626
128 313
1496 1688
1569 1627
1577 1580
1387 1388
1613 1615
1601 1685
1502 1508
1514 1538
1435 1572
1479 1591
1384 1645
1507 1633
1464 1569
1570 1603
1447 1600
1571 1680
1518 1568
1157 1173
1371 1598
1540 1636
1604 1669
1503 1652
1515 1517
1522 1623
245 286
1157 1183
1437 1540
1387 1390
1551 1553
1599 1600
1405 1418
1450 1674
1500 1682
1504 1633
1460 1514
1453 1456
1415 1427
1507 1691
1633 1691
1512 1618
1587 1636
1495 1643
1515 1537
1487 1641
1506 1557
1479 1480
1526 1527
1649 1654
1479 1555
1473 1669
1390 1511
1411 1431
1430 1663
1465 1582
1493 1589
1508 1509
1555 1591
1611 1612
1359 1549
1573 1575
1476 1478
1519 1671
1543 1545
1465 1581
1522 1578
1502 1504
665 666
1624 1665
1366 1369
1645 1686
1521 1601
1552 1602
1441 1528
1477 1630
1580 1581
1159 1161
1689 1693
1177 1186
1178 1187
1389 1391
1510 1617
1629 1661
1453 1495
1650 1654
1384 1686
1459 1470
1388 1551
1418 1433
1420 1424
1391 1592
1407 1408
1409 1417
1544 1633
1646 1647
1642 1672
1402 1424
1370 1598
1658 1690
1389 1592
1405 1414
1657 1684
1472 1651
1608 1657
1531 1637
1392 1396
1573 1666
1590 1666
1520 1580
1521 1597
1528 1557
1555 1665
1629 1630
347 348
1608 1638
1444 1517
1488 1668
1647 1654
1527 1615
1565 1566
1459 1468
939 1187
941 1186
1516 1517
666 1202
623 1283
1625 1677
1463 1592
1370 1535
1499 1525
1459 1651
347 352
1441 1529
1486 1641
1598 1646
817 1305
1175 1178
1176 1177
1532 1688
1480 1689
1530 1556
1618 1619
349 350
1365 1664
1207 1278
1573 1576
623 1277
1141 1143
1610 1668
1568 1606
1437 1636
1421 1422
1568 1627
661 662
663 664
1159 1160
1370 1372
819 1305
821 1306
666 868
1400 1403
1156 1182
1277 1283
1399 1424
1407 1433
1609 1611
939 940
941 942
1486 1612
1141 1145
346 352
1646 1650
1211 1260
1576 1666
820 825
822 830
1371 1597
833 835
1571 1626
1581 1585
1158 1171
1648 1649
945 948
448 1173
940 946
942 944
1126 1269
1378 1648
944 947
946 951
819 820
821 822
1496 1687
817 1304
1634 1693
943 945
837 1277
1144 1163
1410 1412
1471 1687
511 1207
818 824
1580 1585
825 826
828 830
1484 1500
1388 1389
1600 1640
345 1174
354 1284
826 827
828 829
1481 1506
831 832
949 1288
952 1286
1477 1629
1510 1511
947 949
951 952
1606 1627
351 1142
1620 1623
827 1185
829 1184
1160 1172
950 1287
455 1176
457 1175
1448 1631
1202 1274
507 1210
1425 1426
904 1185
908 1184
1662 1664
1478 1504
662 980
664 978
447 1171
1508 1630
440 441
1545 1632
1566 1606
1195 1269
919 1266
1411 1617
1661 1663
1461 1680
666 1275
1490 1594
1033 1261
377 378
903 904
907 908
467 468
1493 1665
1544 1691
1287 1288
1325 1326
1290 1291
1328 1329
1291 1292
1329 1330
1410 1432
1425 1429
1373 1628
1379 1382
1136 1172
1457 1564
1289 1290
1327 1328
1551 1552
1122 1279
1398 1399
1404 1406
466 955
1414 1416
1179 1181
1292 1293
1330 1331
1489 1592
442 1191
444 1190
1042 1044
507 1209
1274 1275
507 1219
1287 1289
1326 1327
938 1262
1284 1286
1324 1325
836 838
1165 1166
1169 1170
903 905
906 907
1080 1131
1165 1190
1169 1191
456 1174
399 918
1293 1294
1331 1332
1278 1281
1284 1285
1322 1324
377 1192
407 410
1168 1169
1035 1036
1646 1654
905 1138
906 1137
918 920
440 1188
918 1204
1294 1295
1332 1333
414 1253
1207 1208
398 1204
400 624
1122 1209
893 1282
918 1266
590 663
592 661
452 457
454 455
1209 1210
844 1276
469 1147
1145 1167
624 625
1203 1204
839 841
1559 1692
1207 1260
441 442
443 444
356 1208
1205 1210
842 843
445 514
414 1255
429 1166
434 1170
1295 1296
1333 1334
891 892
1137 1140
1138 1139
446 458
660 1269
346 347
1189 1190
1527 1613
450 452
453 454
1040 1041
1266 1267
838 843
1129 1130
1065 1125
540 541
1135 1136
536 538
539 540
1079 1080
837 839
836 1276
450 461
453 460
458 459
1076 1079
891 1281
889 890
1296 1297
1334 1335
1102 1103
1134 1135
441 936
443 934
589 590
591 592
851 1047
887 890
1134 1155
1129 1283
884 1248
889 892
460 465
461 463
1099 1103
840 841
1398 1684
1404 1409
1139 1193
1140 1194
1102 1130
469 470
1101 1249
1494 1676
583 591
585 589
1218 1219
464 716
888 1248
1039 1040
1166 1167
1037 1041
886 887
1098 1249
1100 1101
885 1245
1099 1100
1037 1038
1279 1280
462 464
886 888
449 451
602 842
1123 1124
603 840
659 668
463 717
465 718
375 1245
508 1210
512 1208
1285 1321
1322 1323
1097 1098
883 884
1297 1298
1335 1336
882 885
1217 1218
1085 1086
388 1241
801 1241
1168 1170
539 1108
374 1247
376 1246
1366 1376
706 716
973 976
974 975
371 375
459 719
436 473
1263 1264
385 396
1116 1117
1044 1045
875 877
702 718
704 717
451 456
721 722
667 668
798 800
803 804
981 1193
982 1194
956 957
801 802
874 878
975 1246
976 1247
389 1242
390 1239
934 935
936 937
1042 1043
470 721
466 467
798 1239
803 1242
666 1274
536 537
1320 1321
1323 1357
870 871
797 1240
1076 1077
796 802
769 882
604 607
433 436
658 669
1077 1078
537 545
1267 1268
896 956
353 1162
797 799
1298 1299
1336 1337
603 604
1087 1088
478 485
473 475
1120 1279
526 1259
381 1244
874 876
1109 1110
372 376
373 374
500 1104
1095 1097
643 645
355 370
365 1206
875 879
607 1237
519 520
935 1264
937 1262
605 631
705 706
879 880
383 392
386 394
1147 1148
393 397
395 401
383 384
386 387
764 973
768 974
485 486
876 1243
384 390
387 389
779 881
380 382
1078 1238
792 800
794 804
367 373
368 372
627 629
630 632
655 659
516 525
522 524
846 847
519 1251
365 366
369 370
346 1180
878 881
426 1251
701 719
366 367
368 369
526 527
895 896
1299 1300
1337 1338
720 909
608 1234
517 518
391 1240
643 653
957 1116
500 501
764 765
766 768
437 474
438 471
476 480
477 483
778 880
392 393
394 395
894 1259
606 608
379 381
645 647
791 792
793 794
1110 1111
1304 1305
1342 1343
1319 1320
1356 1357
430 438
435 437
657 658
538 539
583 584
585 586
501 503
515 516
521 522
562 981
566 982
1034 1269
468 469
472 478
1095 1096
358 359
1300 1301
1338 1339
515 1250
521 1252
1045 1265
636 1237
541 544
471 477
474 476
767 769
355 356
1205 1206
422 424
894 895
475 479
480 482
483 484
1189 1192
877 1244
1075 1238
919 921
506 933
584 588
586 587
698 702
703 704
953 1180
609 630
611 627
420 422
1303 1304
1341 1342
1034 1035
504 506
1088 1089
697 701
362 1121
424 426
921 984
639 641
642 644
628 920
651 653
1068 1070
931 933
527 528
520 523
499 502
648 649
650 652
610 616
613 615
834 1162
429 430
434 435
427 1252
428 1250
1302 1303
1340 1341
977 978
979 980
641 648
642 652
609 610
611 613
795 796
649 1235
650 1236
358 1280
931 960
423 428
425 427
1081 1082
1125 1126
654 1233
635 636
784 790
873 1201
1124 1268
1301 1302
1339 1340
1069 1070
504 505
587 1231
588 1230
965 967
654 655
833 834
1120 1121
360 379
968 972
970 971
868 869
656 1232
417 510
419 513
685 869
439 472
633 634
1081 1084
1213 1261
959 960
382 1243
543 545
503 1212
523 533
479 481
625 632
629 1203
965 1256
524 532
525 529
415 423
421 425
596 598
615 1236
616 1235
612 614
777 778
357 1083
928 929
930 932
542 544
923 924
925 926
593 1230
595 1231
397 398
400 401
1318 1319
1355 1356
364 380
1482 1509
1132 1133
959 1256
1214 1264
1216 1262
612 626
924 928
926 932
1314 1315
1351 1352
867 872
670 675
1306 1307
1343 1344
922 923
925 927
1117 1211
1064 1067
561 562
565 566
1315 1316
1352 1353
359 363
966 968
969 970
486 493
922 1214
927 1216
667 672
619 620
900 901
561 563
564 565
402 509
593 594
595 597
966 1257
969 1258
656 657
1215 1263
617 983
872 873
1024 1026
961 962
963 964
415 416
418 421
633 637
983 984
416 417
418 419
759 766
761 765
431 1167
853 856
971 1023
972 1022
897 898
758 767
961 1257
964 1258
902 1215
725 909
1317 1318
1354 1355
543 1253
929 963
930 962
404 1119
361 362
1197 1271
693 851
411 413
409 410
432 439
617 618
705 708
1316 1317
1353 1354
1217 1265
406 412
822 823
1066 1067
855 1196
1307 1308
1344 1345
1082 1083
772 1090
1118 1219
594 601
597 599
639 640
644 646
1089 1090
414 1254
1313 1314
1350 1351
865 871
637 638
481 487
698 700
703 707
1198 1273
1199 1272
360 361
598 600
1308 1309
1345 1346
407 411
788 795
899 900
482 488
484 492
542 1254
1113 1114
1062 1133
954 1179
688 852
567 568
571 573
413 1253
845 1164
528 958
623 624
1062 1063
1309 1310
1346 1347
529 531
532 534
866 867
823 1164
618 622
1132 1200
1022 1027
1023 1025
684 686
687 689
686 977
687 979
870 1202
917 1271
599 987
601 985
1069 1072
563 1273
564 1272
1114 1255
1112 1113
508 510
512 513
620 621
672 675
548 683
403 406
1196 1270
431 432
985 986
987 989
546 866
554 690
622 1233
600 988
1310 1311
1347 1348
785 791
787 793
852 854
683 685
1146 1181
697 699
647 671
1127 1128
1311 1312
1348 1349
1059 1063
777 780
901 1115
352 1179
1376 1382
848 849
1004 1005
1006 1008
1005 1011
1008 1010
1010 1220
1011 1221
568 1198
573 1199
1059 1060
404 405
546 547
491 493
1007 1009
1060 1061
1050 1051
1007 1017
552 553
556 557
1312 1313
1349 1350
1052 1223
552 684
556 689
569 575
570 578
551 1229
581 1221
582 1220
488 489
490 492
572 574
1050 1052
548 549
579 582
580 581
640 677
646 679
549 550
696 1222
1049 1223
530 538
695 1224
675 676
576 580
577 579
749 861
998 999
1051 1053
1128 1197
954 955
688 690
567 569
570 571
862 863
998 1222
1048 1049
857 862
553 560
557 559
756 759
760 761
575 576
577 578
533 535
660 662
859 860
1004 1012
1006 1016
691 692
861 864
558 1225
664 666
694 696
1046 1048
745 1003
748 1000
554 555
559 1228
560 1226
1153 1154
550 1227
1026 1031
781 785
786 787
555 558
857 858
638 678
1000 1001
1002 1003
408 409
864 1227
997 1225
1026 1108
1001 1226
1002 1228
1025 1030
1027 1028
747 749
692 695
772 773
708 713
762 777
1376 1380
693 694
773 777
1025 1026
755 758
744 745
746 748
812 1107
770 771
774 776
850 851
986 991
989 994
1057 1058
674 676
676 1071
730 859
1015 1017
916 1149
740 746
741 744
990 995
1012 1013
1014 1016
1152 1153
726 747
849 853
673 751
700 709
707 712
712 713
715 723
916 1152
489 494
490 498
1047 1127
677 678
671 673
913 1149
677 681
678 750
751 752
753 754
752 1074
754 1073
993 1074
996 1073
807 808
809 810
1071 1074
713 723
677 682
679 680
726 727
991 993
994 996
1376 1381
729 730
495 1152
770 1091
781 783
786 789
912 916
739 740
741 742
911 913
914 915
910 912
913 1150
915 1151
680 751
682 753
678 681
912 913
737 743
756 757
760 763
723 724
757 776
763 771
806 807
729 1056
531 808
534 809
709 711
712 714
715 724
782 1092
1013 1018
1014 1021
496 1150
497 1151
815 1106
816 1105
1381 1382
494 496
497 498
811 812
731 732
736 738
1373 1380
783 1092
789 1094
992 993
710 910
711 911
714 914
1422 1426
1093 1094
805 811
731 733
734 736
782 783
733 739
734 742
782 1091
1029 1106
1032 1105
1028 1029
1030 1032
805 806
770 1092
774 1094
732 1054
738 1055
735 743
735 737
1018 1019
1020 1021
1019 1054
1020 1055
774 775
727 728
775 1093
807 813
810 814
813 816
814 815
805 807
