583899024279026941 1198 600
-1.094294 -1.320087 0.429150
-1.057673 -0.681275 4.038719
-2.102540 -0.157378 4.068527
-2.085996 -0.175482 -0.109009
0.051843 -0.060355 2.616137
2.212174 2.074246 2.655432
-0.073599 -0.248068 3.755033
-0.141066 -0.120329 4.008132
-2.249940 0.249881 2.716791
-2.378958 0.349090 2.673550
-2.408305 0.130431 0.793150
-2.385145 0.171935 3.894789
-1.059576 -0.690118 4.045280
-1.856639 -0.231292 2.472840
-1.947417 -0.227844 2.469386
-1.114974 0.006157 2.678524
-1.114736 -0.001825 -0.106774
-2.040088 0.086291 2.679787
-2.125993 0.088326 2.465402
-1.104587 -0.133520 4.068016
-1.924979 -0.690278 4.045646
-1.855427 -0.658093 3.931623
1.623813 1.299867 2.738022
1.500623 1.536702 2.731687
1.152919 0.174456 4.046316
1.415383 -0.093039 3.727318
1.638092 1.354342 2.782771
1.618650 1.352897 -0.106774
0.735774 0.572944 -0.106685
0.724384 0.535912 4.068335
0.375094 0.198845 2.743154
0.394267 0.073675 2.861157
0.252611 -1.285535 0.802708
-0.397465 -0.035753 0.790312
-0.148503 -0.250901 -0.106774
-0.148503 -0.268405 3.781992
1.255497 -0.693698 0.438127
1.220208 -0.559155 0.430687
-3.120630 -1.321435 0.755147
-3.160072 -1.185848 0.757519
-0.853459 -0.916856 3.647007
-0.715134 -0.954443 3.603371
2.291234 0.959780 3.642109
2.194364 0.888394 3.647620
0.682464 -1.131429 0.463210
2.821609 1.002250 0.463322
-3.230748 -0.734461 3.930756
-3.218344 -0.740493 4.126770
-0.287753 -0.106348 4.126832
0.082061 -0.897970 4.126755
0.758486 -0.857326 1.960997
0.665347 -1.106780 0.821999
-0.349956 -0.226811 2.861167
-0.003955 -0.132070 2.839221
-2.057234 -0.126615 4.004042
-2.140573 -0.160804 4.050019
-2.308833 -0.073253 0.462228
-1.859222 -0.248422 3.754506
-1.850481 -0.166646 4.046900
0.015010 -0.026676 2.615464
0.015000 -0.151407 2.617773
-2.874637 -1.347421 0.575790
-2.872881 -1.372069 0.458826
0.026513 -0.051662 0.173780
2.158078 2.103675 0.190145
1.516687 0.008952 3.727050
1.738652 -0.205934 0.437924
2.467455 0.443867 0.492798
2.394988 0.372855 0.493730
1.484999 1.149316 -0.120233
1.509459 1.136076 3.785985
1.328367 1.444883 2.471231
1.367849 1.408110 2.731441
1.796932 -0.142997 0.563577
1.505662 -0.435541 0.460470
0.666803 -1.570199 -0.077682
0.614667 -1.455796 -0.077682
-0.280905 -0.705568 4.054365
-0.288209 -1.070077 3.729004
0.841533 -0.483022 3.669297
1.056279 -0.697768 0.429580
-2.653228 -1.024962 4.174412
-2.109769 -0.013109 4.148246
-3.593132 -1.286916 -0.095247
-2.888867 -1.646707 -0.095213
-2.311097 -0.123677 2.040581
-0.378254 -0.295722 3.987051
-1.206916 -0.245540 3.961758
-1.008463 -0.265757 3.986590
-0.281840 -0.250652 3.992381
2.291234 0.959780 3.642109
2.164062 0.806668 3.537990
2.146893 0.884563 3.590568
2.194364 0.888394 3.647620
-2.667800 0.241532 2.041225
-3.189728 -1.078525 0.822894
-2.633281 0.229566 1.646239
-3.349383 -0.998249 0.808310
-2.739256 -1.199052 1.324151
-2.810392 -1.209809 1.508102
-0.304860 -0.077906 2.143583
-0.283008 -0.126842 1.947196
0.354512 -1.146790 1.907371
0.255581 -1.199047 1.864437
0.653698 -0.926092 2.761392
0.727427 -0.921605 2.467403
-1.947189 -0.227927 2.471026
-1.861903 0.086155 2.470417
-2.134795 -0.229499 2.726014
-2.131778 0.024018 2.730621
-1.938026 -1.362632 -0.106490
-2.044811 -1.357004 0.530276
0.090338 -0.090101 2.744493
2.422429 0.353245 -0.114744
2.422455 0.496121 -0.111925
1.617762 1.293862 2.470591
1.457587 1.576212 2.469563
0.791606 0.629679 2.617773
0.098550 -0.223889 -0.106774
-0.060180 -0.064893 -0.108283
-0.423754 -0.009926 -0.110910
0.284868 0.326453 -0.111042
-0.142942 -0.122971 4.004755
-0.135975 -0.707552 4.051198
-3.624707 -1.309710 -0.105555
-2.890591 -1.681162 -0.111075
-2.271335 -0.226146 3.970639
-2.151156 -0.247077 4.001894
-1.008467 -0.230942 3.996105
-1.206941 -0.223102 3.970523
-0.235844 -1.269630 0.794017
-0.309250 -1.308616 0.462070
0.978023 -0.255059 3.773790
0.790699 -0.177708 3.959359
0.465832 0.150363 3.932255
0.545991 0.140940 3.996523
-3.279695 -0.811252 0.792890
-3.348847 -0.948267 0.999232
-3.251183 -0.754392 3.723627
-3.181164 -0.799856 3.992460
-2.189227 0.031953 2.888935
-2.657884 -1.046944 4.126770
-2.648835 -1.049010 3.931162
-2.158284 -0.099977 2.984865
-0.347184 -0.045568 2.543920
-0.328846 -0.095112 1.946961
-0.003851 0.194033 4.026417
-0.139408 0.132164 4.022057
0.691849 -1.045707 1.906682
0.799324 -0.998959 1.864415
0.746319 -0.800248 3.723360
0.762098 -0.832264 3.374820
-2.065912 -0.705568 4.054364
-2.073216 -1.070077 3.729003
-2.128564 -0.268442 3.782071
-2.065912 -0.705568 4.054364
-0.856523 -0.936601 3.669297
-0.856523 -1.240303 0.429580
-2.043614 -0.229140 2.729935
-2.054614 -0.229499 2.461727
-1.051494 -0.250898 3.753984
-1.069665 -0.115203 -0.106727
-1.116120 -0.152587 2.782901
-0.865127 -0.153499 2.780703
1.568851 1.499747 2.062684
1.334354 1.247583 2.041410
1.548789 1.224229 2.471074
1.367849 1.408110 2.731441
1.516687 0.008952 3.727050
0.596386 0.648044 2.678611
0.602241 0.642544 -0.106774
2.311451 0.366844 0.437925
2.278867 0.501470 0.430601
0.080944 -0.080101 2.742630
0.791606 0.629679 2.617773
1.293544 0.300185 4.057388
0.641178 0.559393 0.480997
0.619209 0.538598 2.036297
0.375094 0.198845 2.743154
0.082801 -0.104050 2.839168
0.332411 -1.704275 -0.111110
0.218814 -1.417674 0.804907
-0.215189 0.280756 2.703267
-0.123140 0.077768 2.703594
-0.093231 -1.070105 3.728803
-0.139025 -0.704911 4.054556
1.255497 -0.693698 0.438127
0.928496 -0.396052 3.669297
-2.727482 0.322250 4.096531
-2.729499 0.338181 4.197516
-3.466806 -1.042006 0.805186
-2.776792 -1.411178 0.809202
-2.310000 -0.114499 2.617773
-2.310000 -0.114499 2.742090
-1.795255 -0.278473 4.001679
-1.642473 -0.593024 4.001111
-1.929383 -0.675791 3.965271
-1.839886 -0.225733 3.880924
-1.148435 -0.243557 3.998589
-1.206916 -0.223631 3.969320
0.229970 -0.229301 3.308828
-0.284459 -0.229324 3.017473
1.172290 0.231399 3.973726
2.598232 1.168504 3.486332
2.481384 1.067399 3.596493
1.192037 0.321815 4.002250
2.066169 1.640941 3.995551
1.831478 1.486836 4.000065
1.995661 1.676659 3.300273
2.085683 1.766357 3.245314
0.237221 -0.538158 4.004179
0.288017 -0.683930 3.968985
-2.728518 0.272288 2.143581
-2.755675 0.221166 1.947190
-2.772474 0.183162 0.810617
-2.729342 0.262949 1.080670
-3.262006 -0.771910 3.098560
-3.239203 -0.843142 3.279449
-2.167011 0.019286 2.041170
-2.296704 0.208912 2.951293
-2.305968 0.187483 3.286022
-2.692626 -1.135089 2.875953
-2.814273 -1.107461 2.761446
-2.130573 -0.032700 3.215055
-2.206896 0.039887 3.167937
-2.129719 -0.032867 2.143618
-0.216963 0.051968 0.794267
-0.245346 0.036646 1.153021
-0.188986 0.231989 3.516054
0.138995 -1.086051 3.723443
0.135591 -1.081545 3.508367
0.785255 -0.884175 1.960950
0.786411 -0.883388 2.206496
0.692768 -1.149986 0.823061
0.799346 -0.998594 1.864350
0.765178 -0.954051 2.467403
0.755575 -0.819412 3.098465
0.731112 -0.888659 3.279539
0.569275 -1.214856 0.794340
-0.134197 0.288987 3.890280
-2.128477 -0.268405 3.781992
-1.870195 -0.066310 2.780703
-1.870195 0.036215 2.677891
-1.870195 -0.066310 2.780703
-2.119805 -0.066310 2.780703
-0.341145 -0.127594 2.843957
-0.422048 -0.127631 2.739375
-1.156865 -0.037499 2.055918
-1.156865 -0.037886 0.491381
-2.056504 -0.701444 4.044805
-2.056504 -0.180625 4.040195
-1.051494 -0.132498 3.998516
-1.051494 -0.132500 -0.106774
-1.858437 0.082001 2.678711
-1.945762 0.082001 2.678711
0.255000 -1.381689 0.464019
-0.367466 -1.381689 0.464019
-2.128477 -0.250901 -0.106774
-2.241100 -0.127591 2.739401
-1.737601 -0.146117 2.747331
-1.835680 -0.039699 0.668784
-1.833146 -0.037730 0.601863
-1.183651 -1.269678 0.575719
-0.839854 -1.269644 0.575585
2.343887 1.919962 3.973984
0.211968 -0.211967 3.973984
2.127051 0.802496 3.669297
2.068156 2.053826 2.282867
1.967105 1.959121 2.281038
0.144564 0.090983 0.491411
0.178451 0.077335 0.505581
1.080058 0.152463 3.925976
1.278535 -0.046013 3.669297
-0.045120 0.000196 2.620851
-0.023869 0.057238 2.615607
-0.023869 0.057238 2.615607
-0.045120 0.000196 2.620851
1.928574 1.000968 3.925976
0.773286 0.824502 2.677890
0.778740 0.819043 -0.106774
1.609355 1.421973 3.998515
1.609355 1.421973 -0.106774
0.794878 0.539439 4.040195
0.080988 -0.080938 2.617773
-0.009521 0.009572 2.617773
1.163154 0.171162 4.044804
0.917679 0.737174 2.844251
0.974876 0.794401 2.739395
1.336700 1.280552 1.218390
1.319208 1.208286 1.220583
0.236533 0.094940 1.416787
0.212971 0.102105 1.323721
0.116507 -1.095931 4.171156
0.127245 -1.067205 4.205585
0.799526 -1.613594 -0.111111
0.743130 -1.489844 -0.111111
-0.174893 0.335748 2.617116
-0.208792 0.318739 2.672391
-0.076526 -0.701444 4.044805
-0.076526 -0.180625 4.040195
-0.343474 -0.132498 3.998516
-0.343474 -0.180625 4.040195
1.143252 -0.610801 0.429580
0.928496 -0.396052 3.669297
1.089102 -0.832383 0.436909
0.790635 -0.533915 3.669297
-3.278421 -0.761404 4.171156
-3.249254 -0.751925 4.205585
-2.790898 -1.286671 0.818202
-2.776839 -1.411174 0.809175
-2.373984 0.374722 2.672793
-2.314548 0.344248 2.672622
-2.162025 -0.037279 2.055770
-2.175937 -0.071499 2.041914
-1.438501 -1.380923 0.400717
-1.355851 -1.401191 0.396495
0.811643 -1.242355 0.643618
0.862419 -1.253823 0.546623
-1.637695 -0.688591 3.950601
-2.488837 -0.871413 3.773148
-0.586522 -0.225389 3.922157
-0.270972 -0.233151 3.428869
-2.441969 -0.937781 3.704660
-1.148896 -0.243032 3.998797
-1.206993 -0.223385 3.969659
-1.849963 -0.232411 3.966009
-1.840338 -0.227892 3.882209
-2.289094 -0.531312 3.998182
-2.365636 -0.623056 3.999643
-0.496408 -0.984806 3.656922
-0.853391 -0.946453 3.692260
-1.582030 -0.650028 3.990549
-0.357201 -1.218920 1.340648
0.209276 -0.697668 3.944003
0.207716 -0.626031 3.992655
-0.303377 -1.221762 1.319585
-0.305975 -1.257112 0.937123
-0.306730 -1.253877 0.820886
1.781736 0.369987 3.616826
1.912833 0.497658 3.587609
1.234694 0.279092 3.965489
2.203617 0.884186 3.617276
2.180182 0.863193 3.637655
1.358789 1.039530 3.895281
1.192558 0.321390 4.001641
2.851722 0.999940 0.462342
1.414254 1.095371 3.962420
0.615858 0.267458 3.999906
2.823550 1.051735 0.919352
2.100785 1.759688 3.387012
2.008828 1.689029 3.436353
0.675047 0.355254 3.970120
0.655454 -0.771872 3.549474
0.841554 -0.571659 3.613730
0.277285 -0.131336 3.997500
0.268275 -0.053051 3.931981
0.287915 -0.683837 3.968828
-0.037056 -0.373624 3.998993
-2.734150 0.261349 1.598342
-2.403353 0.291271 3.995229
-2.692406 0.286108 1.356779
-2.655457 0.268441 3.869807
-2.682985 0.279323 3.723057
-3.240474 -0.933394 2.353749
-3.291229 -0.834376 2.206625
-2.460899 0.213852 4.021686
-2.412349 0.313136 3.516387
-2.435478 0.273489 3.639620
-2.626671 0.252849 0.862155
-2.572299 0.223592 0.794717
-2.139983 0.004115 1.356701
-2.159281 -0.089679 0.985427
-2.175699 -0.120859 0.810631
-2.149379 0.007261 1.230632
-2.297803 0.282818 3.407205
-2.768264 -1.206966 2.033726
-2.803225 -1.155652 2.353162
-2.173632 0.012361 2.968148
-2.166741 -0.101374 2.984596
-2.317213 0.295951 3.257487
-2.726621 -1.205030 1.559060
-2.733093 -1.216438 1.518178
-0.344503 -0.054044 1.598339
-0.061791 0.135458 4.090463
-0.164710 0.225237 3.995229
-0.270957 0.026692 1.646771
-0.336851 -0.069227 4.126644
-0.301719 0.012384 3.869808
-0.324463 -0.096216 1.947419
0.138097 -1.079136 3.507842
0.153671 -1.114285 3.374728
-0.334268 -0.006681 1.887303
-0.330568 -0.077088 3.374783
-0.299326 -0.146783 3.523364
0.736619 -1.018214 1.943741
0.688830 -1.044465 1.907511
0.727611 -0.922776 2.971142
0.755413 -0.819319 3.098424
0.741699 -0.797019 3.507855
0.758650 -0.831501 3.374729
0.764216 -0.953420 2.466592
-0.133580 0.288312 2.816727
-0.031456 0.247811 2.776175
0.731281 -0.888737 3.279557
0.776692 -0.919560 2.699135
0.774185 -0.879906 2.976718
-0.367490 -1.381689 -0.106773
-2.999902 -1.381689 -0.106773
-1.828203 -0.037500 0.491582
-1.814121 -0.071500 0.505581
-0.347777 -0.147364 2.857405
-0.340888 -0.127789 2.843464
-1.114736 -0.153500 -0.106774
-1.114736 -0.153499 2.780703
-2.311454 -0.012780 0.251163
-1.156865 -0.037499 2.055918
-1.156865 -0.037500 0.491582
0.015776 -0.013884 0.251881
-0.853369 -0.229499 2.471074
-0.853369 0.082001 2.471074
-2.119911 0.037087 2.539218
-2.119934 0.059810 2.506091
-0.151830 -0.037500 0.491582
-0.165900 -0.071500 0.505581
-1.944746 -1.355752 0.527495
-2.045254 -1.355752 0.527495
-1.861523 -0.701444 4.044805
-1.861523 -0.655912 3.925977
-1.737937 -0.147218 2.747812
-1.823079 -0.228609 2.857713
-0.767198 -0.078390 0.670937
-0.822246 -0.072697 0.687192
-1.224385 -0.100122 0.577866
-1.212797 -0.078390 0.594116
-1.827246 -0.072696 0.578046
-1.760605 -0.100122 0.577866
-2.154356 -0.039686 1.218340
-2.217793 -0.078396 1.220537
-2.777207 -0.078396 1.220537
-2.777207 -0.078393 1.143721
-0.839854 -1.269648 0.575586
-0.754658 -1.269648 0.465879
0.026540 -0.026492 2.055918
0.026539 -0.026493 2.471914
1.413154 -0.078838 3.721445
0.907744 0.583184 2.471074
0.969492 0.644927 2.471074
1.411748 1.430840 2.617773
1.290867 1.375243 2.506005
1.467188 1.551973 2.506113
1.411748 1.430840 2.511914
2.122383 2.141465 2.617773
1.306852 1.359311 2.659225
1.467414 1.551790 2.650578
2.123789 0.631802 3.721445
1.873789 0.881807 4.044804
0.838105 0.513541 2.728925
0.838105 0.513541 2.471074
1.689142 1.365843 2.857713
1.691779 1.483603 2.747826
1.627900 -0.293589 0.436909
2.122383 2.141465 2.511914
1.877066 1.857117 2.393325
1.942695 1.922952 2.393353
1.250127 0.258131 4.044804
1.217929 0.290328 3.925976
2.368633 1.895216 4.031991
0.236709 -0.236706 4.031992
2.064707 1.961895 0.687192
2.036992 1.895391 0.687192
0.178451 0.077335 0.505581
0.178451 0.077336 2.041914
0.917679 0.737174 2.844251
0.993869 0.670560 2.857713
2.044101 1.990793 1.331515
2.064707 1.961895 1.307646
1.562411 1.509111 1.331516
1.634258 1.523393 1.323711
1.326348 1.184746 1.307470
1.354072 1.251262 1.307646
0.851372 0.795286 1.941136
0.923611 0.812755 1.943340
0.625999 0.569913 1.941136
0.608529 0.497667 1.943340
0.141136 0.087828 1.874336
0.212971 0.102105 1.866523
1.796621 -0.141774 0.562250
1.853897 -0.084531 0.457438
0.116096 -1.096991 4.097305
-0.389910 0.013340 4.097305
0.933223 -1.088320 0.802022
1.077477 -1.364593 -0.111111
-0.215823 0.281146 2.703593
-0.123140 0.077768 2.703594
-0.162109 0.375955 -0.111111
-0.162109 0.375955 1.246181
-0.343474 -1.358701 0.436914
-0.343474 -1.240303 0.429580
0.624355 -0.367638 4.044805
0.592158 -0.335441 3.925977
0.272947 0.085564 3.998516
0.222051 0.034668 3.998516
1.010956 -0.927405 0.457291
1.068470 -0.870685 0.561969
-3.249922 -0.752138 4.172305
-3.249922 -0.752138 4.206289
-3.463906 -1.039248 0.802022
-2.766425 0.330779 0.802016
-2.289902 0.331873 -0.111111
-2.275371 0.360386 -0.111111
-2.430469 0.116749 2.703594
-2.329004 0.315889 2.703593
-3.424589 -1.188484 0.560364
-3.390792 -1.210581 0.546797
-2.361898 -1.401079 0.396187
-2.387957 -1.380830 0.434059
-1.763932 -1.394550 0.351660
-1.764815 -1.394474 0.415946
-1.416430 -1.394676 0.399287
-1.415874 -1.394848 0.367489
-0.585865 -1.399392 0.427433
-0.612160 -1.401245 0.370770
1.531176 -0.441482 0.415554
1.573278 -0.400732 0.415876
0.817414 -1.270059 0.588313
0.804500 -1.256408 0.553427
1.824238 -0.144297 0.410228
1.833106 -0.116533 0.431341
2.260855 0.280744 0.427367
2.243248 0.261124 0.370704
2.675724 0.702442 0.367422
2.695134 0.721082 0.353502
-1.803436 -0.980281 3.657950
-1.441728 -0.955504 3.683398
-1.689144 -0.253022 4.000032
-1.262885 -0.852181 3.673634
-0.848023 -0.931275 3.637640
-0.861754 -0.972027 3.612391
-1.297607 -0.874313 3.602883
-0.482291 -0.954553 3.630158
-1.683195 -0.225719 3.960546
-2.309585 -0.598120 3.961289
-2.441969 -0.937781 3.704660
-2.480352 -0.904369 3.682790
-0.865399 -0.992253 3.642392
-0.923062 -0.976708 3.666465
-0.419550 -0.940378 3.632323
-0.353880 -0.245330 3.956791
-2.365600 -0.623112 3.999626
-2.041615 -0.227990 3.957521
-2.043665 -0.239049 3.995721
-0.172680 -0.301664 3.993778
0.161292 -1.000796 3.601703
-0.141967 -0.252139 3.997672
-0.189037 -0.624544 3.958148
0.232810 -1.003376 3.593412
-0.282465 -0.225520 3.963562
-0.286869 -0.962030 3.649240
-0.287363 -0.995320 3.633329
-0.283903 -0.626046 4.001638
2.181418 0.848072 3.699886
2.346733 0.959835 3.663668
1.159953 0.289180 3.999320
2.481559 1.067154 3.596699
2.598154 1.168635 3.486329
1.034421 0.655386 3.867752
1.026402 0.707221 3.851741
1.125319 -0.287534 3.588856
2.522329 1.160894 3.560666
1.192526 0.321456 4.001539
0.437735 0.084631 3.996233
1.287528 0.962943 3.966657
1.343224 1.021185 3.960732
1.197990 0.811309 3.999961
0.899414 0.053337 3.966086
2.048644 1.163225 3.997153
2.093245 1.165548 3.980075
1.184566 -0.155053 3.689627
1.131616 -0.162726 3.727672
0.885980 0.020335 3.998789
2.534628 1.180406 3.583449
1.176712 0.831165 3.999250
1.176712 0.831165 3.999250
1.243888 0.892566 3.998523
2.049336 1.731251 3.685234
2.034707 1.715684 3.684843
0.654825 -0.771251 3.549274
0.709062 -0.708313 3.591605
0.525628 -0.339097 3.970830
0.531990 -0.301857 3.973914
0.492746 -0.875269 3.617220
0.532116 -0.860593 3.622686
0.841533 -0.571645 3.613730
0.366171 0.047244 3.963370
0.318853 -0.563387 4.005947
0.271829 -0.612734 4.004453
-3.290065 -0.833628 1.926621
-2.483090 0.181398 4.079257
-3.208817 -0.864323 2.767841
-2.750841 0.225680 0.875045
-2.729721 0.260489 3.031604
-2.746471 0.232319 3.030582
-3.249910 -0.847179 2.735467
-3.292770 -0.943443 1.621048
-3.329815 -0.915342 1.591937
-2.766979 0.192590 3.545430
-3.259497 -0.819961 3.088198
-3.291181 -0.834365 2.206627
-3.234735 -0.794097 3.109023
-2.406446 0.326273 2.728069
-3.306957 -0.864732 1.692645
-3.287968 -0.888096 1.691467
-3.291936 -0.835914 2.311393
-2.378113 0.302982 3.280054
-2.386250 0.330325 3.318947
-2.764231 0.199922 3.503717
-2.411078 0.154493 4.089694
-3.319090 -0.896415 1.866864
-2.756784 0.215024 0.985472
-2.378928 0.326103 2.731163
-2.729429 -1.071638 3.588992
-2.748394 -1.052507 3.665916
-2.726335 -1.204440 1.715252
-2.752876 -1.251699 0.999388
-2.697809 -1.140903 1.961293
-2.740889 -1.128935 1.926765
-2.138697 0.001859 2.550609
-2.727745 -1.187626 1.593537
-2.736841 -1.217485 1.591934
-2.743505 -1.223467 1.743684
-2.172904 -0.112079 3.654836
-2.283693 0.278080 3.318944
-2.789385 -1.223781 0.882860
-2.766711 -1.243710 1.351262
-2.133022 -0.037313 2.544198
-2.669056 -1.086448 3.374721
-2.731628 -1.089069 3.376500
-2.739398 -1.167611 1.691470
-2.724760 -1.191564 1.670427
-2.693078 -1.137537 1.930988
-2.739832 -1.226377 1.323682
-2.316998 0.295932 3.257461
-2.152964 -0.031694 3.456680
-2.174274 -0.036614 3.505345
-2.136606 -0.014879 3.518289
-2.298102 0.282632 3.407205
-2.316998 0.295932 3.257461
-0.333029 -0.020630 3.663690
0.213410 -1.246198 1.518184
0.188511 -1.189367 1.562342
-0.271797 0.025507 0.862152
-0.245534 0.036794 1.152965
-0.152724 0.278006 3.171279
-0.352929 -0.021736 4.127001
-0.330442 -0.027119 4.067588
0.336803 -1.299265 1.027718
0.180869 -1.157265 2.976716
-0.284933 0.016624 2.976304
-0.304081 0.000924 2.968107
0.177789 -1.168619 2.311393
0.177032 -1.167071 2.206627
0.150661 -1.111054 3.148960
-0.148517 0.278725 3.248241
0.232672 -1.293509 1.262190
0.219829 -1.256323 1.323702
-0.184918 0.251489 3.765867
-0.341922 -0.025048 3.518287
-0.169560 0.269022 3.635830
0.169949 -1.122910 3.247994
0.175800 -1.162065 2.875992
0.313041 -1.312592 0.988897
0.682745 -0.873114 3.665881
0.792634 -0.983862 2.033672
0.821533 -0.961917 1.518184
0.156986 0.225986 0.862146
0.131486 0.213037 1.152961
-0.115280 0.296199 3.257461
-0.049562 0.289634 3.291696
0.692440 -0.858211 3.758860
0.802075 -0.939970 1.593537
0.240744 0.247331 3.518289
0.243951 0.224093 3.456680
-0.080721 0.311485 3.318944
0.693493 -0.924001 3.078791
0.784181 -0.883241 2.206618
0.756359 -0.986264 2.144046
0.344187 0.056568 2.678536
0.286398 0.103793 2.663393
0.729736 -0.897551 3.209027
0.816387 -0.949781 1.559022
0.768913 -0.928567 1.573368
0.823923 -0.969168 1.457038
-0.080721 0.311485 3.318944
0.273963 0.145709 3.526548
0.295129 0.160903 3.545429
0.807644 -0.934656 2.134398
-2.161855 -0.037499 2.055918
-1.011719 -0.228644 2.857578
-1.039180 -0.229499 2.728925
-1.039180 -0.229499 2.471074
-1.176670 -0.127645 2.843594
-1.011719 -0.127645 2.843594
-1.870195 -0.066310 2.780703
-1.870195 -0.153499 2.780703
-2.056504 -1.054999 3.721445
-2.128477 -1.054999 3.721445
-2.077285 0.060500 -0.106774
-2.077285 0.068501 2.619297
-1.861523 -1.054999 3.721445
-0.940693 -0.229499 2.471074
-0.853369 0.082001 2.471074
-0.839854 -0.228644 2.857578
-2.119805 0.059952 2.530469
-2.119805 0.059952 2.506113
-0.856523 -0.132498 3.998516
-0.856523 -0.132500 -0.106774
-3.000000 -0.539189 4.031992
-3.000000 -0.334753 4.031992
-2.119805 0.059952 2.626113
-2.119805 0.036952 2.617481
-1.861523 -0.701444 4.044805
-1.114736 0.036215 2.677891
-0.865127 0.036215 2.677891
-1.823144 -0.147173 2.857578
-1.823144 -0.228644 2.857578
-0.207795 -0.078396 1.400537
-0.144360 -0.039686 1.398340
-0.828096 -0.037695 1.212910
-0.830635 -0.039686 1.218340
-0.755610 -0.100122 1.959590
-0.767202 -0.078396 1.943340
-1.212793 -0.078393 1.323721
-1.149355 -0.039686 1.326094
-1.772207 -0.078394 0.594116
-1.760605 -0.100122 0.577866
-1.835644 -0.039685 1.941133
-1.827246 -0.072697 1.959590
-2.216113 -0.076626 1.392627
-2.154356 -0.039686 1.398340
-2.840644 -0.039686 0.596494
-2.777207 -0.078394 0.594116
-2.777207 -0.078396 1.943340
-2.840644 -0.039685 1.941133
-0.846768 -1.370644 0.561587
-0.765791 -1.370644 0.457320
-2.252051 -1.269648 0.465879
-2.166855 -1.269648 0.575586
1.329814 1.276777 0.491582
0.855098 0.802070 0.491582
1.163154 0.171162 4.044804
1.413154 -0.078838 3.721445
1.548789 1.224229 2.728925
1.548789 1.224229 2.471074
1.873789 1.853868 2.410742
1.851914 1.820137 2.374082
1.855527 1.823750 2.373496
1.823711 1.792012 2.453652
1.819199 1.802989 2.453652
1.642178 1.287354 -0.106774
1.558457 1.371074 -0.106774
-0.059488 -0.065851 2.703848
1.863125 1.819571 2.429550
1.863125 1.819571 2.448574
1.826328 1.794629 2.389316
1.379551 1.199034 2.843593
1.322285 1.141768 2.739316
1.290683 1.375469 2.506113
1.467188 1.551973 2.506113
-0.059488 -0.065852 -0.106774
1.979219 1.962071 2.412031
1.961680 1.944532 2.412031
1.877871 1.857930 2.410038
1.834844 1.818555 2.496035
1.693086 1.338253 3.753984
1.609355 1.421973 -0.106774
1.882812 1.851114 2.389863
1.875957 1.844258 2.391210
1.827285 1.795586 2.379668
1.941875 1.928047 2.349043
1.950762 1.919082 2.343789
1.823828 1.814024 2.495781
1.979414 1.771289 2.857578
1.919180 1.711036 2.747870
1.877051 1.857188 2.393339
1.870684 1.850801 2.394570
1.555215 1.200391 3.753984
1.471494 1.284111 -0.106774
1.440039 1.402559 0.185166
1.975703 1.926094 2.388984
1.976172 1.929825 2.391308
1.267242 -0.686925 0.464033
2.150664 2.113183 0.185158
0.580000 0.664786 2.626113
0.756499 0.841290 2.626113
1.819199 1.803028 2.495547
1.819199 1.802989 2.453652
0.842949 -1.111367 0.464048
0.178451 0.077335 0.505581
0.178451 0.077336 2.041914
1.863242 1.843301 2.504648
1.871621 1.839825 2.504629
0.814712 0.606573 2.843593
0.698071 0.489937 2.843593
0.317991 0.137472 2.843594
0.375247 0.194731 2.739316
2.047304 1.991172 1.941132
2.029746 1.921387 1.935429
1.631826 1.523457 1.392626
1.562031 1.505908 1.398340
1.336660 1.280537 0.596494
1.319180 1.208311 0.594116
1.319180 1.208311 1.943340
1.336660 1.280537 1.941132
0.851777 0.798472 1.392910
0.851777 0.798472 1.331523
0.608535 0.497666 0.670937
0.615703 0.474107 0.687192
0.608535 0.497671 1.866523
0.608472 0.500103 1.874433
0.212971 0.102105 1.143721
0.236533 0.094940 1.127471
3.000879 1.090117 0.575586
2.943281 1.147725 0.575586
2.721113 0.782720 0.457319
2.764551 0.853789 0.561587
1.782656 -0.128103 0.561587
1.796465 -0.141911 0.561587
0.116096 -1.096991 4.097305
-0.389910 0.013340 4.097305
-0.334075 -0.024321 0.818003
-0.325356 -0.001001 0.818003
-0.088064 0.374534 2.672793
-0.148839 0.346839 2.672793
-0.155475 0.361397 2.616406
-0.148839 0.346839 2.616406
-0.148503 -0.936601 3.669297
-0.148503 -1.358701 0.436914
-0.271497 -0.180625 4.040195
-0.343474 -0.180625 4.040195
1.143252 -0.610801 0.429580
0.928496 -0.396052 3.669297
1.005381 -0.748667 0.429580
1.089102 -0.832383 0.436909
-0.056766 -1.351113 0.561587
-0.056766 -1.370644 0.561587
1.301504 -0.636885 0.561587
1.358760 -0.579629 0.457319
-2.642148 -1.086503 4.172305
-3.279512 -0.761752 4.172305
-2.764043 -1.395840 0.802022
-2.785722 -1.402871 0.802022
-2.339062 0.356926 -0.111111
-2.339062 0.356927 2.000000
-2.299961 0.372913 1.246181
-2.299961 0.372910 -0.111111
-2.310000 -0.037499 2.055918
-2.310000 -0.011500 0.086398
-2.310000 -0.011500 0.174591
-3.411092 -1.169892 0.630194
-3.398731 -1.172540 0.640117
-3.384699 -1.221236 0.547488
-3.403520 -1.211755 0.547308
-3.363536 -1.221761 0.591347
-3.391604 -1.214078 0.573793
-2.923152 -1.420135 0.651899
-2.920340 -1.413218 0.645602
-2.965503 -1.430894 0.563563
-2.951705 -1.439909 0.558042
-2.362535 -1.399380 0.412564
-2.354687 -1.399396 0.399234
-2.403098 -1.401160 0.419733
-2.415045 -1.401165 0.415270
-2.417867 -1.402874 0.396695
-2.422529 -1.394624 0.399281
-2.200612 -1.394620 0.350141
-2.188820 -1.394620 0.350247
-2.158283 -1.401203 0.383946
-2.160392 -1.401218 0.371369
-1.767740 -1.380942 0.339595
-1.771732 -1.399368 0.422402
-1.784355 -1.380950 0.333382
-1.786316 -1.399362 0.427569
-1.793079 -1.394563 0.340887
-1.822500 -1.394551 0.351359
-1.558304 -1.394580 0.383932
-1.560456 -1.394566 0.395532
-1.631698 -1.380851 0.416125
-1.640430 -1.380870 0.400683
-1.566285 -1.394812 0.368390
-1.570126 -1.403026 0.372524
-1.398409 -1.399362 0.427429
-1.441388 -1.380890 0.383181
-1.412899 -1.399369 0.422016
-1.438456 -1.380870 0.400683
-1.210828 -1.399460 0.344871
-1.223263 -1.399380 0.411971
-1.230877 -1.399397 0.398506
-1.196244 -1.399467 0.339703
-1.163468 -1.394596 0.400177
-1.162911 -1.394812 0.368390
-0.811152 -1.394566 0.394977
-0.805347 -1.394554 0.405244
-0.760501 -1.401241 0.351986
-0.750804 -1.401231 0.360267
-0.758290 -1.402849 0.397435
-0.778791 -1.402779 0.408796
-0.603565 -1.394606 0.361585
-0.609550 -1.394594 0.371746
-0.587051 -1.380830 0.433864
-0.569305 -1.380830 0.434020
1.425475 -0.553098 0.415522
1.432553 -0.546260 0.407412
1.383496 -0.584564 0.383279
1.385052 -0.583077 0.371680
1.398714 -0.581644 0.370212
1.389703 -0.578919 0.367424
1.585946 -0.395322 0.399168
1.570644 -0.412700 0.351919
1.580296 -0.400768 0.412498
1.577605 -0.405949 0.360201
0.445816 -1.444858 0.567518
0.343152 -1.478923 0.603731
0.452883 -1.435374 0.584963
0.343642 -1.471621 0.623496
0.347405 -1.469957 0.601916
0.365590 -1.476503 0.560365
0.911938 -1.218001 0.604729
0.905770 -1.213769 0.624439
0.822083 -1.241538 0.653957
0.809273 -1.252066 0.640942
0.849184 -1.225857 0.641684
0.854676 -1.237593 0.638256
1.841067 -0.127976 0.347522
1.849004 -0.120286 0.351650
1.866082 -0.112947 0.368643
1.867587 -0.111469 0.381220
1.960359 -0.019238 0.351987
1.954709 -0.024684 0.365313
1.999683 0.044705 0.414082
2.006166 0.050954 0.398791
2.003096 0.017147 0.369799
2.002044 0.016375 0.394710
2.141477 0.171919 0.395466
2.115841 0.166056 0.333316
2.103089 0.153713 0.333164
2.137169 0.167766 0.405630
2.108976 0.128901 0.396629
2.099889 0.131587 0.399215
2.247907 0.265652 0.359715
2.243248 0.261161 0.370702
2.271955 0.291529 0.427502
2.260840 0.280771 0.427363
2.536834 0.561597 0.344805
2.522383 0.547700 0.398440
2.547318 0.571735 0.339637
2.520558 0.545907 0.383185
2.555155 0.574710 0.408730
2.569935 0.588917 0.397369
2.721114 0.765798 0.384004
2.703150 0.722558 0.339776
2.718776 0.763563 0.401451
2.713558 0.732641 0.345189
2.715705 0.729756 0.372458
2.700747 0.715127 0.358880
-1.295550 -1.000467 3.587598
-2.197294 -0.573998 3.996738
-2.041610 -0.227886 3.957521
-1.790571 -0.226772 3.842395
-2.234591 -0.617808 4.001766
-2.305202 -0.999576 3.594476
-2.325080 -1.004525 3.545890
-2.365742 -0.228761 3.974102
-1.273197 -0.254280 3.914197
-1.246366 -0.225618 3.900269
-1.200626 -0.999295 3.588714
-1.828130 -0.259717 3.917891
-1.810728 -0.268068 3.956092
-1.489322 -0.248617 3.998188
-0.873969 -0.628164 3.998786
-0.924711 -0.678875 3.967318
-1.987542 -0.988982 3.642817
-2.052675 -0.998818 3.609023
-1.748372 -0.225669 3.913656
-2.234591 -0.617808 4.001766
-1.975329 -0.615667 3.999265
-0.364256 -0.964465 3.610293
-2.038653 -0.227513 3.860676
-1.580225 -0.244323 3.999258
-1.591641 -0.250917 3.990312
-2.342949 -0.243149 3.994609
-1.410457 -0.255152 3.998889
-0.074863 -0.318019 3.997226
-0.064673 -0.986430 3.654371
-0.161471 -0.952873 3.632840
-0.183602 -0.967282 3.677839
-0.047479 -0.318351 3.987695
-0.210336 -1.186126 1.636758
-0.234610 -1.219646 1.338248
0.218019 -0.964503 3.677002
0.209092 -0.688534 3.951953
0.209351 -0.697694 3.944023
-0.286869 -0.962030 3.649240
-0.206927 -0.227482 3.898856
-0.138292 -0.227585 3.883967
0.207737 -0.317714 3.993672
0.207737 -0.319030 3.993672
2.253221 0.843525 3.599955
1.159889 0.289205 3.999265
2.481513 1.067199 3.596684
1.392661 0.484792 3.914799
2.013511 1.693215 3.710875
2.546024 1.181753 3.610852
2.607910 1.244639 3.642656
2.455263 1.105317 3.630153
0.675082 0.355231 3.970151
1.192526 0.321456 4.001539
1.871158 0.991770 3.999854
1.192526 0.321456 4.001539
2.034707 1.715684 3.684843
1.677363 1.349229 3.993750
1.888252 1.049059 4.000130
1.449261 0.520123 3.957329
1.465482 0.538686 3.985605
1.703613 1.356651 3.999179
1.372517 0.506391 3.930075
0.984727 -0.572623 2.507394
2.311882 0.900684 3.607607
1.465276 0.053160 3.601224
1.431290 0.058170 3.625864
1.951886 1.094619 3.999234
1.159889 0.289205 3.999265
0.716869 0.401975 3.969743
0.775872 0.424273 3.999025
1.301143 -0.239455 2.674199
1.624990 1.279678 3.998945
1.947502 1.059151 3.998787
2.049375 1.718829 3.990859
0.656054 0.316363 3.975538
1.577041 1.239581 3.994414
2.114551 1.737110 4.000117
2.110567 1.740700 3.999066
2.114082 1.737579 4.000117
0.402401 -0.581305 3.954948
0.102630 -0.243053 3.979158
0.984727 -0.572623 2.507394
-0.017919 -0.360954 3.932410
0.656963 -0.890615 2.678398
0.115871 -0.255147 3.997813
0.355097 -0.628407 3.958764
-0.030421 -0.360735 3.915492
0.259861 -0.559296 4.001960
0.682949 -0.266059 3.975507
0.662402 -0.245600 3.996328
0.318853 -0.563387 4.005947
-2.692373 0.285544 1.356715
-2.697528 0.285901 2.207043
-2.746522 0.230909 1.494783
-3.274475 -0.913673 1.620811
-2.683281 0.251011 0.983779
-2.724366 0.263175 1.176379
-2.702777 0.268650 1.617030
-2.625573 0.252476 1.646471
-3.259799 -0.771338 3.098419
-2.701145 0.222475 1.641743
-3.292917 -0.943461 1.621082
-3.229779 -0.774066 3.675290
-2.713729 0.231765 0.954563
-2.732452 0.261133 1.442754
-2.734712 0.260396 1.351210
-3.297216 -0.989845 1.507231
-3.263249 -0.779225 3.148960
-3.225009 -0.807479 3.685280
-2.694963 0.285409 2.550653
-3.229521 -0.732756 4.073135
-3.251205 -0.760107 3.632446
-2.397985 0.280986 3.419524
-2.429565 0.287905 3.396243
-2.747329 0.232663 1.263021
-3.178120 -0.776262 4.085888
-3.234771 -0.780606 3.721024
-3.306958 -0.862846 1.597793
-3.271222 -0.881417 1.640041
-2.707808 0.236042 1.683854
-3.335283 -0.917039 1.705105
-3.330781 -0.924248 1.743692
-2.726424 0.267446 1.051504
-2.735058 0.256294 1.005264
-3.251578 -0.756378 3.195838
-3.303581 -0.978690 1.616030
-3.281109 -0.831395 2.976723
-2.150971 0.007842 3.722938
-2.726238 -1.204507 1.715273
-2.709333 -1.169245 1.692643
-2.157050 -0.085334 1.947347
-2.169102 -0.106525 1.639058
-2.768014 -1.171742 1.620807
-2.169878 -0.034454 1.001511
-2.154013 -0.078402 0.875046
-2.917523 -1.225946 0.864932
-2.635641 -1.026866 3.601898
-2.167206 0.017017 3.831808
-2.185850 -0.040078 1.641741
-2.706511 -1.036581 3.640459
-2.639202 -1.035250 3.640372
-2.159213 -0.089502 0.985469
-2.821134 -1.221613 1.643343
-2.665839 -1.083624 3.148955
-2.831955 -1.246467 1.330586
-2.635664 -1.025575 4.126640
-2.658027 -1.046845 4.126640
-2.694639 -1.069300 3.109023
-2.284365 0.254870 3.452304
-2.287773 0.227850 3.443906
-2.683707 -1.061394 3.721039
-2.131609 -0.011652 0.793935
-2.128574 -0.026320 0.795723
-2.743807 -1.150136 1.640054
-2.189856 -0.068862 1.676388
-2.149250 -0.022565 3.926713
-2.135192 -0.043987 3.923461
-2.960244 -1.229200 0.823072
-2.134607 -0.034094 1.051505
-2.137581 -0.036986 3.388238
-2.148961 -0.026076 3.362950
-2.863931 -1.223240 1.369625
-2.777745 -1.236285 1.717048
-0.307798 0.007269 2.041270
0.177137 -1.165738 1.926621
-0.319902 -0.023062 1.683204
0.232681 -1.293105 1.262043
0.278436 -1.320853 1.068808
-0.307956 -0.127455 0.855458
-0.171393 0.192147 2.951512
-0.161803 0.244446 3.622892
-0.170216 0.189004 3.639597
-0.176329 0.205572 2.923559
-0.133628 0.288366 2.816636
0.214361 -1.172124 2.831396
0.134408 -1.074210 3.930997
-0.313384 -0.059002 3.535016
0.185158 -1.133296 3.088206
-0.308625 -0.130118 0.810336
-0.348448 -0.042518 3.214945
0.141191 -1.087034 3.722879
-0.316862 0.004843 3.209575
-0.333737 -0.024929 3.247561
0.149934 -1.112198 3.261933
0.168088 -1.091835 3.202855
0.204120 -1.119737 3.420962
0.237793 -1.103401 3.425535
0.238425 -1.123635 3.075018
-0.326898 -0.048017 3.546888
-0.343934 -0.053812 3.173362
-0.321838 -0.054341 1.956939
-0.323881 -0.096165 1.947350
-0.329810 -0.007266 2.099973
-0.341497 -0.009757 1.712282
-0.177154 0.265914 2.731163
0.208803 -1.227235 1.866864
0.194499 -1.169985 2.802528
-0.132966 0.287383 3.094340
0.682792 -0.873134 3.665939
0.213999 0.249977 3.722938
0.231609 0.243336 3.663656
0.236908 0.223697 2.100145
0.837150 -0.999189 0.999388
0.706423 -0.936590 2.799639
-0.043619 0.277381 3.443906
-0.045714 0.282471 3.594571
0.817130 -0.949241 1.863884
0.764109 -0.915135 2.831418
0.730905 -0.767710 4.126640
0.820681 -0.974428 1.743692
0.248514 0.203654 3.535012
0.693517 -0.924021 3.078799
0.288592 0.174057 3.297346
0.258349 0.241132 3.214942
0.201746 0.247270 3.209584
0.214554 0.234479 3.182199
0.757976 -0.831374 3.374654
0.731312 -0.841084 3.456765
0.730479 -0.873688 3.420938
0.698584 -0.881740 3.460387
0.711438 -0.902521 3.075018
0.259408 0.241815 2.143544
-0.062832 0.296683 3.452304
0.784866 -0.884827 2.311398
-0.075751 0.310915 3.562821
0.789097 -0.907149 2.371405
0.674310 -0.843390 3.991559
0.711039 -0.819022 3.961136
0.280607 0.187517 3.554066
0.704870 -0.722625 4.126686
0.682395 -0.958038 2.759886
0.754829 -0.849512 3.247988
0.835053 -0.990571 0.901968
0.775196 -0.898529 2.802522
-0.137974 0.284974 2.800313
2 3
28 29
251 252
714 715
280 281
69 70
34 35
240 257
160 161
773 774
785 786
0 1
65 66
444 460
186 187
304 305
835 836
302 303
839 840
156 157
79 80
10 11
4 5
63 64
44 45
264 265
466 467
26 27
412 413
760 768
169 170
15 16
278 279
706 707
406 407
414 417
851 852
56 85
247 248
415 416
176 177
506 507
470 471
797 798
32 33
853 854
494 495
488 489
827 828
50 51
81 82
112 117
173 174
447 451
450 461
787 791
180 181
490 491
48 49
124 125
83 84
120 121
190 191
847 848
747 748
110 111
255 256
790 796
144 145
200 201
122 123
320 321
12 19
282 285
249 250
298 299
154 155
258 259
168 175
24 25
184 185
1025 1033
152 153
77 78
1044 1046
454 455
708 720
749 750
345 348
356 357
178 179
73 74
442 443
567 592
94 96
228 239
271 272
266 277
166 167
532 533
329 330
226 227
52 53
150 151
164 165
262 263
1055 1072
130 131
219 220
106 107
375 376
115 116
709 710
418 419
396 403
1093 1094
57 58
104 105
996 997
195 196
674 675
650 651
6 7
214 215
992 998
138 139
206 207
352 353
1136 1160
132 133
386 387
232 235
158 159
22 23
71 72
983 984
456 457
751 752
698 699
136 137
108 109
162 163
452 453
448 449
766 767
792 793
721 722
243 244
358 360
400 404
17 18
118 119
492 493
510 511
182 183
229 230
1138 1143
1161 1182
212 213
716 717
100 101
560 561
87 88
1129 1130
128 129
98 99
46 47
141 142
216 217
236 237
563 564
203 204
338 339
363 364
95 97
371 372
30 31
697 711
630 644
221 222
8 9
392 393
383 384
140 143
801 802
700 701
428 429
458 459
210 211
374 379
645 646
231 234
40 41
361 362
146 147
696 855
647 666
241 242
113 114
233 238
38 39
36 37
194 197
781 782
440 441
745 746
171 172
398 399
389 390
267 268
208 209
683 688
20 21
1062 1089
397 405
294 295
823 824
486 487
286 287
245 246
502 503
665 667
764 765
803 804
743 744
845 846
366 367
283 284
1179 1194
498 499
464 465
426 427
370 373
349 350
126 127
75 76
308 309
623 632
59 60
148 149
192 193
1169 1172
218 225
42 43
90 93
102 103
61 62
327 328
382 385
496 497
841 842
758 759
401 402
336 337
672 685
223 224
377 378
1097 1104
599 618
1175 1176
1090 1100
316 317
347 351
1069 1088
388 391
86 89
319 322
607 612
659 660
554 559
343 346
134 135
354 355
188 189
472 473
661 668
67 68
54 55
656 669
424 425
359 365
1165 1195
966 986
202 205
290 291
91 92
964 974
1059 1077
671 678
1011 1012
586 587
462 463
684 695
368 369
596 617
1127 1158
581 583
13 14
856 857
1102 1113
253 254
445 446
702 703
570 593
1105 1125
985 1001
333 334
314 315
325 326
1060 1061
967 982
1006 1026
535 538
1157 1197
620 621
723 724
821 822
571 572
977 990
318 331
978 979
597 616
652 662
438 439
648 649
686 687
547 556
288 289
482 483
480 481
739 740
731 732
809 810
741 742
436 437
725 726
811 812
980 981
476 477
484 485
663 664
541 548
807 808
737 738
805 806
631 641
676 692
434 435
478 479
468 469
552 555
500 501
837 838
704 705
1002 1003
340 344
1031 1032
1073 1078
198 199
594 595
323 324
296 297
260 261
1042 1048
310 311
831 832
680 681
577 578
1036 1040
394 395
1146 1147
544 545
539 546
1126 1155
516 517
1186 1188
653 654
300 301
1034 1038
635 636
528 529
520 521
1162 1163
1056 1067
673 691
813 814
1096 1121
273 274
275 276
1098 1120
1016 1020
1050 1053
522 523
1133 1134
551 553
1080 1081
332 335
965 968
430 431
1008 1013
1140 1150
1107 1124
542 543
598 602
603 604
565 566
689 690
1189 1190
1070 1087
642 643
969 970
993 994
1168 1187
1164 1184
1171 1192
1106 1110
1166 1193
1144 1145
514 515
1065 1074
536 537
1054 1068
625 639
1180 1181
534 540
574 579
1085 1086
613 614
575 576
655 670
677 682
1058 1066
306 307
292 293
1007 1015
1017 1030
562 569
924 925
1071 1079
1101 1117
1131 1141
1091 1092
1063 1082
1014 1037
1142 1152
1153 1154
380 381
975 976
474 475
512 513
605 615
590 591
1027 1028
633 640
794 795
972 973
606 608
1173 1191
1010 1018
420 421
626 634
1075 1076
549 550
524 525
1099 1103
1083 1084
312 313
408 409
422 423
269 270
735 736
679 689
1128 1156
622 629
588 589
1095 1116
1148 1149
1021 1022
341 342
557 558
526 527
1029 1035
1051 1052
1170 1196
1137 1159
637 638
1057 1064
862 863
504 505
971 989
1009 1024
1177 1178
600 601
568 580
693 694
508 509
518 519
898 899
1132 1135
627 628
882 883
1108 1109
624 639
530 531
610 611
1122 1123
733 734
815 816
432 433
819 820
729 730
573 582
991 995
1111 1112
1167 1185
1174 1183
1019 1023
609 619
657 658
1043 1047
1118 1119
410 411
940 941
962 963
829 830
769 770
718 719
712 713
904 905
956 957
849 850
584 585
926 927
928 929
1139 1151
920 922
921 923
860 861
1045 1049
843 844
825 826
761 762
943 944
908 909
891 893
938 939
958 960
886 887
878 880
866 867
858 859
833 834
987 988
894 897
952 954
879 881
959 961
950 951
916 918
868 869
953 955
890 892
895 896
936 937
1114 1115
778 779
930 931
870 871
917 919
910 911
934 935
902 903
876 877
948 949
999 1000
772 780
756 757
884 885
912 913
932 933
900 901
942 945
874 875
906 907
888 889
946 947
872 873
914 915
775 776
864 865
763 777
783 784
799 800
817 818
727 728
753 771
754 755
788 789
1004 1005
1039 1041
