8775442906452962727 1189 600
-0.194348 -0.178737 0.001677
-0.186466 0.175823 -0.003473
0.124378 0.198627 0.237422
0.186550 0.198929 0.307648
-0.167589 -0.183670 -0.000399
-0.192083 -0.172511 0.007344
0.191947 -0.172476 0.007793
0.192683 -0.174815 0.267892
-0.064907 -0.193277 0.139924
0.070094 -0.192411 0.134857
0.071761 -0.205486 0.140982
-0.084119 0.192031 0.150642
-0.079357 -0.196744 0.177443
-0.078327 0.195808 0.184742
-0.124815 -0.192175 0.234456
-0.125330 0.192681 0.237289
-0.064228 -0.194868 0.201142
-0.125657 0.205813 0.238956
0.144084 -0.205594 0.236723
0.143855 0.201474 0.235429
0.130857 -0.203117 0.236597
-0.149443 0.193811 0.236848
0.123398 0.194694 0.238174
0.148090 0.206070 0.238974
-0.134295 -0.204282 0.222056
-0.114896 0.200168 0.278875
0.155217 0.202637 0.303339
0.126480 0.208365 0.303099
0.214597 -0.010712 0.279207
0.204792 -0.006397 0.223151
0.201146 -0.018270 0.303379
0.214597 -0.010712 0.279207
0.188852 -0.182678 0.008233
-0.189365 -0.183196 0.266469
0.189811 -0.182690 0.266454
-0.191912 -0.172137 0.268090
0.182345 0.190053 0.268895
0.069631 -0.192235 0.135070
-0.066188 0.205385 0.141540
0.075263 -0.197178 0.143556
0.078592 -0.196082 0.148281
0.082959 -0.192292 0.146066
-0.076818 0.205929 0.146001
-0.071497 0.195154 0.144772
0.070438 0.195148 0.144470
0.072778 0.202238 0.149864
-0.072809 0.202272 0.149903
-0.078088 0.195278 0.152390
0.073258 0.202521 0.180256
0.078021 0.205880 0.182229
-0.071290 0.194531 0.185400
-0.063559 -0.194858 0.178586
0.078806 -0.197012 0.181897
-0.063979 0.194874 0.183362
-0.063649 0.203897 0.181558
-0.070093 -0.196635 0.188386
-0.066564 -0.193280 0.182853
-0.063554 0.209830 0.191239
0.062838 0.210065 0.190732
0.065941 -0.193402 0.197108
0.062680 -0.197470 0.198245
-0.192273 0.021719 0.268162
-0.132215 -0.204958 0.223409
0.131595 -0.202696 0.223693
-0.202349 -0.007630 0.228028
0.139799 0.203433 0.222016
0.143829 0.202022 0.225683
-0.129645 -0.203994 0.232772
0.144247 -0.201655 0.227867
-0.144031 -0.200972 0.235748
-0.144211 -0.203739 0.232330
0.145404 -0.203094 0.235304
-0.203910 -0.006798 0.232290
0.202476 0.007384 0.235354
0.125428 -0.205621 0.238842
0.151190 -0.192300 0.234457
0.128567 -0.191788 0.231838
-0.204476 0.007763 0.232309
0.148175 0.205811 0.238931
0.149598 -0.196283 0.239073
0.130849 -0.203142 0.236619
0.195241 0.012440 0.238947
-0.196580 -0.004890 0.239843
-0.205475 0.011765 0.238562
0.145718 0.198780 0.238567
-0.149117 -0.213089 0.279265
-0.196089 0.011858 0.237518
0.191888 0.022209 0.250040
0.151190 -0.192300 0.234457
-0.118156 0.194666 0.249853
0.154261 -0.196084 0.252531
-0.125170 -0.213069 0.279365
0.157105 -0.192623 0.268764
0.192426 0.019263 0.268561
-0.120624 0.195097 0.263347
0.213465 0.010940 0.279257
0.208471 0.012024 0.275008
0.154171 0.195157 0.268566
0.118709 0.201714 0.271146
-0.196980 0.016632 0.265802
-0.121641 -0.205191 0.279335
0.159272 -0.202698 0.277706
0.153441 -0.197635 0.268368
0.124557 -0.209156 0.279291
0.155162 0.194306 0.252402
0.159383 0.202055 0.277373
0.112683 0.200633 0.275745
0.205263 0.014439 0.280781
-0.191732 0.199292 0.277254
-0.127168 -0.206579 0.280934
-0.120585 -0.204534 0.288204
0.144461 0.208269 0.278141
0.146320 0.204901 0.285312
0.124874 -0.204250 0.290031
-0.207796 -0.011267 0.290698
0.203013 0.010553 0.285330
-0.192039 0.197334 0.303666
0.200972 -0.181200 0.303398
0.201004 -0.018283 0.303314
-0.150726 -0.205547 0.290556
-0.146611 -0.206423 0.281466
0.154971 0.201163 0.303367
-0.208174 -0.008990 0.303227
-0.125530 -0.204400 0.292804
-0.127208 -0.208182 0.303171
-0.122521 -0.200105 0.304476
0.121734 0.200865 0.304383
0.146797 0.190104 0.240948
0.146798 0.204242 0.240948
0.127409 0.204241 0.240948
0.127409 0.190104 0.240948
0.146806 -0.207746 0.279170
0.146797 -0.204241 0.240948
0.127409 0.190104 0.240948
0.127409 0.204241 0.240948
0.199585 -0.010131 0.290176
0.208570 -0.010088 0.290228
-0.146872 0.199668 0.290152
-0.127452 0.208570 0.290228
0.146872 -0.199668 0.290152
0.146896 -0.199741 0.302746
-0.146840 -0.204409 0.239177
-0.127295 -0.204481 0.239066
0.127271 -0.212584 0.278661
0.146936 -0.212580 0.278662
0.204483 -0.010245 0.239065
0.212462 -0.010174 0.278574
0.146936 0.212582 0.278661
0.148996 0.203227 0.281585
-0.212462 0.010174 0.278574
-0.213624 0.011825 0.278200
0.141771 -0.204329 0.224015
0.130197 -0.203890 0.226176
-0.149015 -0.195537 0.239165
-0.146840 -0.204409 0.239177
0.125718 -0.205719 0.239173
0.125191 -0.195538 0.239164
0.149015 0.195537 0.239164
0.146840 0.204409 0.239177
-0.125718 0.205719 0.239173
-0.125191 0.195538 0.239164
-0.181581 0.201379 0.287535
0.181378 0.200762 0.286935
-0.196623 0.190298 0.306328
-0.181581 0.201379 0.287535
-0.127401 -0.207746 0.279170
-0.127410 -0.204241 0.240948
0.127400 0.207746 0.279170
0.127409 0.190962 0.279782
-0.207770 -0.009279 0.279173
-0.207743 0.010132 0.279156
-0.208570 0.010088 0.290228
-0.199585 0.010131 0.290176
-0.129462 -0.205939 0.239376
-0.129462 -0.204537 0.239376
-0.149015 -0.195537 0.239165
-0.148489 -0.205714 0.239162
0.148488 0.205699 0.239174
0.127296 0.204480 0.239068
0.063658 -0.204548 0.181781
0.063659 -0.207128 0.196079
0.063495 0.204455 0.181920
0.063455 0.209817 0.191099
-0.190104 -0.009257 0.240948
-0.190962 -0.009258 0.279782
0.203370 0.006855 0.232147
0.205939 0.006854 0.239376
-0.204535 -0.006850 0.239374
-0.205894 0.008160 0.239327
0.172841 0.191799 0.269994
0.182327 0.189350 0.269941
-0.189249 -0.182314 0.269998
-0.191787 -0.172841 0.269998
-0.191792 0.172842 0.008980
-0.189268 0.182325 0.008952
0.172959 -0.191927 0.269927
0.192366 -0.200417 0.281330
0.197169 -0.016119 0.250270
0.192690 -0.010031 0.245531
0.203391 -0.017062 0.278497
0.203141 -0.013506 0.300108
0.205597 -0.013505 0.300109
0.205594 0.012493 0.300109
0.203391 0.015771 0.278497
0.205594 0.012493 0.300109
0.152506 0.197172 0.250275
0.146598 0.193919 0.244307
0.152512 0.194718 0.250275
0.152506 0.197172 0.250275
0.124027 0.203144 0.300107
0.150041 0.203144 0.300107
0.120477 0.203419 0.278496
0.121423 0.194718 0.250273
-0.120948 0.197084 0.250270
-0.127517 0.193451 0.244400
-0.125548 0.204841 0.301184
-0.122892 0.203911 0.300104
-0.149564 0.203234 0.300109
-0.151175 0.203910 0.300103
-0.151175 0.203910 0.300103
-0.148520 0.204841 0.301184
-0.194010 -0.014327 0.246316
-0.194026 -0.013115 0.247543
-0.203503 -0.009786 0.303721
-0.205239 -0.009786 0.301985
-0.203507 0.010811 0.301985
-0.203505 0.014384 0.300102
-0.204107 0.017438 0.278490
-0.193064 0.010079 0.244639
-0.146598 -0.195148 0.245535
-0.151276 -0.195944 0.250276
-0.147336 -0.204369 0.304087
-0.126734 -0.204370 0.304087
-0.121423 -0.194718 0.250273
-0.121427 -0.197172 0.250271
0.121421 -0.197169 0.250270
0.127509 -0.192690 0.245531
0.120479 -0.203556 0.278497
0.124034 -0.203141 0.300109
0.124035 -0.205597 0.300109
0.150034 -0.205594 0.300109
0.153311 -0.203556 0.278497
0.150034 -0.205594 0.300109
0.146597 -0.193920 0.244307
0.152507 -0.197171 0.250273
-0.064630 0.205564 0.190379
-0.081728 0.201745 0.177838
-0.065601 0.200269 0.144467
0.065614 0.197853 0.140038
0.065639 0.205557 0.140009
0.065614 0.197853 0.140038
0.064622 0.203027 0.186017
0.064692 0.205547 0.190433
0.076072 -0.197853 0.186020
0.064614 -0.197858 0.190362
0.078499 -0.205557 0.151922
0.076553 -0.201696 0.140967
-0.065610 -0.197853 0.140043
-0.078503 -0.197851 0.151919
-0.074165 -0.203044 0.151966
-0.064711 -0.203043 0.186089
0.189258 0.182328 0.269991
0.182327 0.189350 0.269941
0.181924 0.176103 -0.000808
0.188512 0.169801 0.002418
0.182352 0.202010 0.281516
0.200198 0.192144 0.281242
0.184363 0.191289 0.282383
0.200708 0.181325 0.286823
0.174495 -0.193502 0.282118
-0.184218 -0.191334 0.286425
0.183865 -0.168134 -0.000090
0.176068 -0.181661 -0.000103
0.064075 0.191671 0.169604
0.065018 0.191829 0.207979
-0.205697 -0.010940 0.239178
-0.205716 0.011814 0.239178
-0.190962 0.010131 0.279780
-0.190104 0.010131 0.240948
-0.125727 -0.205716 0.239178
-0.149029 -0.195553 0.239178
0.205697 0.010940 0.239178
0.195553 -0.012362 0.239178
-0.148480 0.205697 0.239178
-0.125727 0.205716 0.239178
-0.146797 -0.190104 0.240948
-0.127410 -0.207740 0.279155
0.127409 0.207740 0.279155
0.127409 0.190962 0.279780
-0.207741 0.010131 0.279155
-0.190104 -0.009257 0.240948
0.063397 -0.193691 0.191085
-0.063395 -0.201706 0.197810
0.207740 0.009257 0.279155
0.190104 0.009257 0.240948
0.189249 -0.182314 0.008986
-0.182314 -0.189249 0.008986
0.204371 -0.011945 0.301103
0.203391 -0.017062 0.278497
0.146597 0.192692 0.245536
0.149087 0.205598 0.302166
-0.127517 0.193450 0.244402
-0.151166 0.203901 0.300104
-0.202360 -0.016107 0.278497
-0.205239 0.012993 0.302918
-0.194788 0.010023 0.246404
-0.194013 0.015468 0.246316
-0.120203 -0.195944 0.250276
-0.122809 -0.204371 0.300104
0.120203 -0.195944 0.250276
0.148473 -0.204371 0.301103
0.153732 -0.195944 0.250276
0.146597 -0.192692 0.245536
0.068521 0.203088 0.144818
0.078471 0.205552 0.151931
0.078336 -0.201706 0.188287
0.064614 -0.197860 0.190350
-0.068521 -0.203088 0.144818
-0.078471 -0.205552 0.151931
-0.078336 -0.201706 0.188288
-0.068521 -0.203088 0.144818
0.198604 -0.180996 0.305834
0.184126 0.191220 0.281763
0.198604 -0.180996 0.305834
0.181283 -0.200663 0.303771
-0.127410 0.207740 0.279155
-0.127410 0.190962 0.279780
-0.146797 0.207740 0.279155
-0.127410 0.204241 0.240948
-0.146797 -0.190104 0.240948
-0.127410 -0.190104 0.240948
-0.190104 -0.009257 0.240948
-0.204241 0.010131 0.240948
-0.195553 0.012362 0.239178
-0.203249 -0.011488 0.281549
-0.148480 0.205697 0.239178
-0.125178 0.195553 0.239178
-0.184126 0.191220 0.281763
0.174437 0.193816 0.281763
-0.189918 0.196209 0.305834
-0.184126 0.191220 0.281763
0.146797 -0.190962 0.279780
0.127409 -0.190962 0.279780
0.127409 0.190962 0.279780
0.146797 0.190962 0.279780
-0.207741 -0.009257 0.279155
-0.190104 -0.009257 0.240948
0.148480 0.213596 0.278211
0.125178 0.203249 0.281549
-0.063395 0.198923 0.182025
-0.063397 0.209720 0.191085
-0.129462 0.201969 0.228702
-0.129462 0.205939 0.239376
-0.191923 -0.199016 0.281763
-0.201613 -0.182233 0.281763
-0.199016 0.191923 0.281763
-0.184126 0.191220 0.281763
0.176046 -0.181625 -0.000014
-0.181625 -0.176046 -0.000014
0.205598 -0.013504 0.300104
0.205598 0.009786 0.302853
0.204371 0.009786 0.304081
0.204619 0.016917 0.278497
0.146597 0.193920 0.246764
0.153732 0.195944 0.250276
0.153732 0.195944 0.250276
0.147326 0.203143 0.302853
0.120203 0.195944 0.250276
0.119333 0.204646 0.278497
-0.119771 0.202284 0.278497
-0.126742 0.203901 0.303988
-0.119771 0.202284 0.278497
-0.125549 0.204840 0.301184
-0.154019 0.202284 0.278497
-0.154896 0.204553 0.278497
-0.151370 0.196414 0.250276
-0.150917 0.193747 0.247262
-0.195749 -0.013095 0.247544
-0.204097 -0.016107 0.278497
-0.202360 0.017397 0.278497
-0.196812 0.016977 0.250276
-0.147326 -0.203143 0.302853
-0.120479 -0.203556 0.278497
-0.122809 -0.204371 0.300104
-0.120203 -0.195944 0.250276
0.120479 -0.203556 0.278497
0.122685 -0.196109 0.246930
0.147326 -0.204371 0.304081
0.154457 -0.204784 0.278497
0.146597 -0.193920 0.246764
0.151249 -0.196109 0.246930
-0.078471 0.205552 0.177811
-0.081698 0.201706 0.151931
-0.065590 0.200370 0.144491
0.065589 0.200370 0.144491
0.078471 0.197860 0.151931
0.074123 0.200370 0.177811
0.064614 0.205552 0.190350
0.064614 0.197860 0.190350
0.076054 -0.205552 0.186005
0.078471 -0.205552 0.151931
-0.065590 -0.197860 0.140143
-0.065589 -0.203042 0.144491
-0.064614 -0.203042 0.186002
-0.064614 -0.197860 0.190350
0.172841 0.191787 0.008986
0.191787 0.172841 0.008986
0.183821 -0.168102 -0.000014
0.176046 -0.181625 -0.000014
0.200663 -0.181283 0.286843
0.184126 -0.191220 0.281763
-0.061678 0.193430 0.169089
0.061678 0.193430 0.169089
-0.127410 -0.190104 0.240948
-0.127410 -0.190962 0.279780
-0.146797 -0.190104 0.240948
-0.146797 -0.190962 0.279780
0.146797 0.190104 0.240948
0.127409 0.190104 0.240948
0.199585 0.009257 0.290176
0.208436 0.009257 0.290176
-0.146797 0.199585 0.290176
-0.127410 0.199585 0.290176
-0.127410 -0.208436 0.290176
-0.146797 -0.208436 0.290176
-0.127361 -0.204415 0.239178
-0.127361 -0.212466 0.278569
0.125178 -0.195553 0.239178
0.127360 -0.203249 0.281549
0.205716 -0.011814 0.239178
0.205697 0.010940 0.239178
0.125178 0.203249 0.281549
0.125178 0.195553 0.239178
-0.125178 0.195553 0.239178
-0.127361 0.204415 0.239178
-0.146846 0.212466 0.278569
-0.146846 0.203249 0.281549
-0.203249 0.012362 0.281549
-0.195553 0.012362 0.239178
-0.146797 0.208436 0.302675
-0.146797 0.199585 0.302675
-0.144394 0.205939 0.239376
-0.141775 0.204335 0.224020
0.148480 -0.213596 0.278211
0.146846 -0.204415 0.239178
0.205716 -0.011814 0.239178
0.195553 -0.012362 0.239178
-0.125178 0.203249 0.281549
-0.125727 0.213616 0.278204
-0.190973 0.198067 0.286843
-0.189918 0.196209 0.305834
-0.200663 0.181283 0.286843
-0.200663 -0.181283 0.286843
-0.146797 -0.204241 0.240948
-0.127410 -0.204241 0.240948
0.207740 0.009257 0.279155
0.207740 -0.010131 0.279155
-0.146797 0.207740 0.279155
-0.146797 0.204241 0.240948
0.199585 -0.010131 0.290176
0.199585 -0.010131 0.302675
-0.127410 0.208436 0.290176
-0.127410 0.208436 0.302675
-0.146797 -0.199585 0.290176
-0.146797 -0.199585 0.302675
-0.144394 -0.205939 0.239376
-0.132081 -0.204335 0.224020
-0.148480 -0.205697 0.239178
-0.148480 -0.213596 0.278211
0.125726 0.205716 0.239178
0.127360 0.212466 0.278569
-0.063397 -0.204489 0.182025
-0.063396 -0.209720 0.191085
0.063397 0.204489 0.182025
-0.063395 0.204489 0.182025
-0.207741 -0.009257 0.279155
-0.204241 -0.009257 0.240948
-0.129462 0.205939 0.239376
-0.141775 0.204335 0.224020
0.172841 0.191787 0.269998
-0.182314 0.189249 0.269998
-0.182314 -0.189249 0.269998
-0.191787 -0.172841 0.269998
-0.191787 0.172841 0.269998
-0.182314 0.189249 0.269998
0.172841 -0.191787 0.008986
0.182314 -0.189249 0.008986
0.192692 -0.010023 0.245536
0.202164 -0.018207 0.278497
0.205598 -0.013504 0.300104
0.204371 -0.011945 0.301103
0.204619 0.016917 0.278497
0.197172 0.014964 0.250276
0.193653 0.013709 0.246930
0.193920 0.009057 0.244308
0.153311 0.203419 0.278497
0.148473 0.204371 0.301103
0.125595 0.204371 0.301103
0.124037 0.205598 0.300104
0.119333 0.202191 0.278497
0.123554 0.194881 0.247798
-0.123018 0.193747 0.247262
-0.120297 0.195474 0.250276
-0.122353 0.196015 0.246598
-0.118894 0.204553 0.278497
-0.148852 0.203236 0.301759
-0.154019 0.202284 0.278497
-0.154019 0.202284 0.278497
-0.150917 0.193747 0.247262
-0.150917 0.193747 0.247262
-0.146597 0.193450 0.244402
-0.195749 -0.014323 0.246316
-0.204097 -0.017727 0.278497
-0.205239 -0.011981 0.302918
-0.203503 0.014372 0.300104
-0.204097 0.017397 0.278497
-0.194013 0.014241 0.247544
-0.153311 -0.203556 0.278497
-0.147326 -0.204371 0.301625
-0.125595 -0.204371 0.301103
-0.150032 -0.203143 0.300104
-0.122809 -0.204371 0.300104
-0.119333 -0.202328 0.278497
-0.123554 -0.194881 0.247798
-0.127517 -0.192692 0.245536
0.122659 -0.195944 0.250276
0.120479 -0.203556 0.278497
0.147326 -0.203143 0.302853
0.154457 -0.202328 0.278497
0.153311 -0.203556 0.278497
0.151276 -0.195944 0.250276
-0.073968 0.200314 0.180686
-0.064613 0.200370 0.186002
-0.073968 0.200314 0.180686
-0.064613 0.200370 0.186002
-0.074123 0.200370 0.151932
-0.065590 0.200370 0.144491
0.077322 0.205864 0.147529
0.078336 0.201706 0.188288
0.078471 0.197860 0.177812
0.064613 -0.203042 0.186002
0.074123 -0.203042 0.177812
0.074123 -0.200370 0.151932
0.065590 -0.197860 0.140143
-0.074123 -0.203042 0.151931
-0.078471 -0.197860 0.151931
0.199016 0.191923 0.281763
0.191923 0.199016 0.277045
0.191787 -0.172841 0.269998
0.199016 -0.191923 0.281763
0.184126 0.191220 0.281763
0.199016 0.191923 0.281763
0.184126 0.191220 0.281763
-0.184126 0.191220 0.281763
-0.200663 -0.181283 0.286843
-0.190973 -0.198067 0.286843
0.200663 0.181283 0.303771
0.200663 -0.181283 0.303772
-0.063396 -0.193691 0.191085
-0.063397 -0.204489 0.182025
-0.127410 0.190104 0.240948
-0.127410 0.190962 0.279780
-0.127410 -0.190104 0.240948
-0.127410 -0.190962 0.279780
-0.146797 -0.190104 0.240948
-0.146797 -0.190962 0.279780
0.146797 0.190104 0.240948
0.127409 0.190104 0.240948
0.199585 0.009257 0.290176
0.199585 -0.010131 0.290176
-0.146797 0.208436 0.290176
-0.127410 0.208436 0.290176
-0.146797 -0.199585 0.290176
-0.146797 -0.208436 0.290176
-0.125727 -0.213616 0.278204
-0.148480 -0.213596 0.278211
-0.146846 -0.212466 0.278569
-0.146846 -0.204415 0.239178
0.127360 -0.195553 0.239178
0.127360 -0.204415 0.239178
0.195553 -0.012362 0.239178
0.195553 -0.010180 0.239178
0.203249 0.009306 0.281549
0.212465 0.009306 0.278569
0.127360 0.212466 0.278569
0.127360 0.203249 0.281549
0.127360 0.203249 0.281549
0.125178 0.203249 0.281549
-0.127361 0.195553 0.239178
-0.127361 0.203249 0.281549
-0.146846 0.212466 0.278569
-0.146846 0.204415 0.239178
-0.212466 0.010180 0.278569
-0.212466 -0.009306 0.278569
0.208436 0.009257 0.302675
0.208436 0.009257 0.290176
0.132081 -0.204335 0.224020
0.130210 -0.202505 0.226187
0.203906 -0.007330 0.226187
0.204466 -0.003140 0.223097
-0.130210 0.203906 0.226187
-0.132081 0.202933 0.224020
-0.202505 0.007330 0.226187
-0.204335 0.005459 0.224020
-0.146846 -0.204415 0.239178
-0.127361 -0.204415 0.239178
0.148480 -0.213596 0.278211
0.148480 -0.205697 0.239178
0.213616 -0.011814 0.278204
0.203249 -0.012362 0.281549
-0.149029 0.195553 0.239178
-0.149029 0.203249 0.281549
-0.205697 -0.010940 0.239178
-0.213596 -0.010940 0.278211
0.184126 0.191220 0.286843
0.191220 0.184126 0.286843
-0.184126 0.191220 0.286843
-0.184126 0.191220 0.281763
0.174437 -0.193816 0.286843
0.184126 -0.191220 0.286843
0.200663 0.181283 0.286843
0.200663 -0.181283 0.286843
-0.198067 -0.190973 0.286843
-0.198067 -0.190973 0.303772
-0.146797 -0.204241 0.240948
-0.127410 -0.204241 0.240948
0.204241 -0.010131 0.240948
0.204241 0.009257 0.240948
-0.146797 0.207740 0.279155
-0.127410 0.207740 0.279155
0.199585 -0.010131 0.290176
0.199585 -0.010131 0.302675
-0.127410 0.208436 0.290176
-0.127410 0.208436 0.302675
-0.146797 -0.199585 0.290176
-0.146797 -0.199585 0.302675
-0.139456 -0.204466 0.223097
-0.132081 -0.204335 0.224020
-0.144394 -0.201969 0.228702
-0.141775 -0.202933 0.224020
0.139456 0.203065 0.223097
0.143646 0.203906 0.226187
0.132081 0.204335 0.224020
0.129462 0.203370 0.228702
0.148480 0.205697 0.239178
0.149029 0.195553 0.239178
0.063397 -0.196475 0.195906
0.063397 -0.201706 0.197810
0.063396 -0.208753 0.185603
-0.063397 -0.208753 0.185603
0.063396 0.196475 0.195906
0.063395 0.201706 0.197810
-0.063397 0.209720 0.191085
-0.063396 0.208753 0.185603
0.190104 -0.010131 0.240948
0.190962 -0.010131 0.279780
0.129462 -0.203370 0.232147
0.129462 -0.205939 0.239376
0.203370 0.006854 0.228702
0.205939 0.006854 0.239376
-0.134400 0.204466 0.223097
-0.130210 0.203906 0.226187
-0.182233 0.201613 0.281763
-0.191923 0.199016 0.281763
0.191923 0.199016 0.281763
0.191923 0.199016 0.277045
-0.191923 -0.199016 0.277045
-0.191923 -0.199016 0.281763
-0.201613 0.182233 0.281763
-0.199016 0.191923 0.281763
-0.191923 0.199016 0.277045
-0.185828 0.179019 0.002520
-0.179019 0.185828 0.002520
0.172841 -0.191787 0.008986
0.182314 -0.189249 0.008986
0.196109 -0.014855 0.246930
0.197172 -0.016109 0.250276
0.195944 -0.014881 0.250276
0.203391 -0.017062 0.278497
0.205598 -0.013504 0.300104
0.205598 -0.010798 0.302853
0.204371 0.013720 0.300104
0.203391 0.015771 0.278497
0.202164 0.016917 0.278497
0.204371 0.013720 0.300104
0.193920 0.009057 0.246764
0.192692 0.009057 0.245536
0.151249 0.196109 0.246930
0.154457 0.202191 0.278497
0.151276 0.195944 0.250276
0.150032 0.203143 0.300104
0.147326 0.205598 0.302853
0.147326 0.203143 0.302853
0.126742 0.205598 0.302853
0.126742 0.203143 0.302853
0.125595 0.204371 0.301103
0.120479 0.203419 0.278497
0.122685 0.193653 0.246930
0.127517 0.192692 0.245536
-0.120297 0.195474 0.250276
-0.122353 0.196015 0.246598
-0.123018 0.193747 0.247262
-0.118894 0.204553 0.278497
-0.123567 0.205505 0.300104
-0.118894 0.204553 0.278497
-0.148852 0.203236 0.301759
-0.126742 0.203236 0.302383
-0.153399 0.203889 0.278497
-0.150447 0.195351 0.247732
-0.152052 0.194411 0.246128
-0.146597 0.193450 0.244402
-0.194788 -0.009057 0.244668
-0.195749 -0.014323 0.246316
-0.202360 -0.016107 0.278497
-0.203503 -0.011113 0.301414
-0.203503 0.012125 0.301414
-0.203503 -0.011113 0.301414
-0.203503 0.014372 0.300104
-0.204097 0.019018 0.278497
-0.195076 0.016977 0.250276
-0.195749 0.015468 0.246316
-0.152118 -0.194881 0.246062
-0.151250 -0.193653 0.246930
-0.146597 -0.193920 0.246764
-0.151276 -0.195944 0.250276
-0.151276 -0.195944 0.250276
-0.153311 -0.203556 0.278497
-0.126742 -0.203143 0.302853
-0.126742 -0.205598 0.302853
-0.125595 -0.204371 0.301103
-0.122809 -0.204371 0.300104
-0.122809 -0.204371 0.300104
-0.119333 -0.204784 0.278497
-0.127517 -0.193920 0.244308
-0.122686 -0.196109 0.246930
0.122685 -0.193653 0.246930
0.127517 -0.193920 0.246764
0.120203 -0.195944 0.250276
0.119333 -0.204784 0.278497
0.124037 -0.205598 0.300104
0.126742 -0.203143 0.302853
0.150032 -0.203143 0.300104
0.147326 -0.203143 0.302853
0.154457 -0.204784 0.278497
0.152504 -0.197172 0.250276
0.146597 -0.193920 0.244308
0.146597 -0.193920 0.246764
-0.064614 0.205552 0.190350
-0.076054 0.205552 0.186005
-0.081698 0.201706 0.177811
-0.081698 0.201706 0.151931
-0.074123 0.200370 0.151932
-0.074123 0.203042 0.177812
0.065589 0.203042 0.144491
0.071190 0.200370 0.146330
0.077322 0.197547 0.147529
0.078471 0.197860 0.177812
0.072980 0.200370 0.182931
0.064614 0.203042 0.186002
0.078336 0.201706 0.188288
0.076054 0.197860 0.186005
0.070861 -0.203042 0.185148
0.064613 -0.203042 0.186002
0.078336 -0.201706 0.188287
0.081698 -0.201706 0.177811
0.077322 -0.205864 0.147529
0.065589 -0.205552 0.140143
0.065590 -0.197860 0.140143
-0.065590 -0.197860 0.140143
-0.071190 -0.203042 0.146330
-0.074123 -0.203042 0.151931
-0.070861 -0.200370 0.185148
-0.064614 -0.200370 0.186002
-0.064614 -0.197860 0.190350
-0.064613 -0.201706 0.193578
0.201613 0.182233 0.277045
0.191923 0.199016 0.277045
0.189249 0.182314 0.008986
0.191787 0.172841 0.008986
0.185828 -0.179019 0.002520
0.189249 -0.182314 0.008986
-0.174437 0.193816 0.281763
-0.184126 0.191220 0.281763
-0.191220 -0.184126 0.281763
-0.184126 -0.191220 0.281763
-0.181283 0.200663 0.286843
-0.190973 0.198067 0.286843
0.198067 -0.190973 0.286843
0.190973 -0.198067 0.286843
0.179019 0.185828 0.002520
0.185828 0.179019 0.002520
0.200663 -0.181283 0.303772
-0.200663 0.181283 0.303772
-0.200663 -0.181283 0.303771
0.198067 -0.190973 0.303772
-0.064820 -0.191127 0.171706
-0.061678 -0.193430 0.169089
0.064820 -0.191127 0.207638
0.064820 -0.191127 0.171707
-0.061678 0.193430 0.210255
0.063219 0.194393 0.208704
0.063395 -0.198923 0.182025
0.063396 -0.208753 0.185603
-0.063397 -0.204489 0.182025
-0.063397 -0.208753 0.185603
-0.063397 0.206937 0.195906
-0.063397 0.196475 0.195906
0.127409 0.190104 0.240948
-0.208211 0.010131 0.277695
-0.125727 -0.213616 0.278204
0.212465 0.009306 0.278569
0.212465 -0.010180 0.278569
0.146846 0.212466 0.278569
-0.148480 0.213596 0.278211
-0.149029 0.211191 0.278981
-0.204415 0.010180 0.239178
-0.195553 0.010180 0.239178
0.127409 0.190962 0.279780
-0.204241 0.010131 0.240948
-0.146797 -0.190104 0.240948
-0.127410 -0.190104 0.240948
-0.127410 0.190104 0.240948
-0.127410 0.204241 0.240948
0.127409 0.208436 0.302675
0.146797 0.208436 0.302675
-0.208436 0.010131 0.290176
-0.208436 0.010131 0.302675
0.146797 -0.199585 0.290176
0.146797 -0.208436 0.290176
-0.125178 -0.203249 0.281549
-0.125178 -0.195553 0.239178
0.127360 -0.195553 0.239178
0.127360 -0.204415 0.239178
0.203276 -0.012362 0.239178
0.195553 -0.012362 0.239178
0.195553 -0.010180 0.239178
0.204415 -0.010180 0.239178
0.127360 0.203249 0.281549
0.127360 0.195553 0.239178
0.146846 0.203249 0.281549
0.146846 0.212466 0.278569
0.146846 0.203249 0.281549
-0.146846 0.203249 0.281549
-0.149029 0.203249 0.281549
-0.204415 -0.009306 0.239178
-0.212466 -0.009306 0.278569
0.207118 0.009257 0.302675
0.205636 0.009257 0.301918
-0.199585 -0.009257 0.290176
-0.199585 -0.009257 0.302675
0.129462 -0.205413 0.235971
0.129462 -0.203896 0.233812
0.141775 -0.202933 0.224020
0.143646 -0.202505 0.226187
0.205939 -0.008078 0.237635
0.205413 -0.008078 0.235971
0.203065 0.001915 0.223097
0.202933 0.004234 0.224020
-0.129462 0.205939 0.239376
-0.129462 0.204537 0.239376
-0.134400 0.203065 0.223097
-0.139456 0.203065 0.223097
-0.144394 0.205939 0.237635
-0.144394 0.205939 0.239376
-0.202933 0.005459 0.224020
-0.203065 0.003140 0.223097
-0.205413 -0.006854 0.235971
-0.205939 -0.006854 0.237635
-0.127629 -0.214054 0.278064
-0.146576 -0.214047 0.278066
0.149029 -0.211191 0.278981
0.148480 -0.213596 0.278211
0.195553 0.011488 0.239178
0.203189 0.011488 0.239178
0.203276 -0.012362 0.239178
0.195553 -0.012362 0.239178
-0.125178 0.203276 0.239178
-0.125727 0.205716 0.239178
-0.146576 0.214047 0.278066
-0.127629 0.214054 0.278064
-0.211191 -0.011488 0.278981
-0.213596 -0.010940 0.278211
0.174437 0.193816 0.281763
0.184126 0.191220 0.281763
0.193816 -0.174437 0.286843
0.191220 -0.184126 0.286843
-0.191220 -0.184126 0.286843
-0.184126 -0.191220 0.286843
-0.190973 0.198067 0.286843
-0.190973 0.198067 0.303772
-0.198067 0.190973 0.286843
-0.200663 0.181283 0.286843
0.181283 -0.200663 0.286843
0.190973 -0.198067 0.286843
0.127409 -0.206340 0.279780
0.127409 -0.207740 0.279155
0.208211 -0.010131 0.277695
0.207740 -0.010131 0.279155
0.146797 0.204241 0.240948
0.127409 0.204241 0.240948
-0.206340 -0.009257 0.279780
-0.207741 -0.009257 0.279155
0.207118 -0.010131 0.302675
0.208436 -0.010131 0.302675
0.127409 0.204311 0.301918
0.127409 0.202812 0.302465
0.146797 0.205636 0.301918
0.146797 0.207118 0.302675
-0.127410 0.208436 0.302675
-0.146797 0.208436 0.302675
-0.205636 -0.009257 0.301918
-0.207118 -0.009257 0.302675
-0.127410 -0.205636 0.301918
-0.127410 -0.204311 0.301918
-0.127410 -0.204311 0.301918
-0.127410 -0.205636 0.301918
0.127409 -0.208436 0.302675
0.146797 -0.208436 0.302675
-0.144394 -0.203370 0.228702
-0.144394 -0.203370 0.232147
-0.130210 -0.202505 0.226187
-0.129462 -0.201969 0.228702
-0.144394 -0.205413 0.235971
-0.144394 -0.203896 0.233812
-0.132081 -0.202933 0.224020
-0.130210 -0.202505 0.226187
0.139456 0.204466 0.223097
0.141775 0.204335 0.224020
0.141775 0.202933 0.224020
0.143646 0.202505 0.226187
0.144394 0.204537 0.239376
0.144394 0.204537 0.237635
0.139456 0.203065 0.223097
0.134400 0.203065 0.223097
0.129462 0.205939 0.237635
0.129462 0.205939 0.239376
-0.125727 -0.205716 0.239178
-0.125178 -0.203276 0.239178
0.146576 0.214047 0.278066
0.127629 0.214054 0.278064
-0.063395 -0.201706 0.197810
0.063397 -0.201706 0.197810
0.063395 -0.204489 0.182025
0.063396 -0.208753 0.185603
-0.063397 0.193691 0.191085
-0.063397 0.196475 0.195906
0.063397 0.204489 0.182025
-0.063396 0.208753 0.185603
0.190104 -0.010131 0.240948
0.204241 -0.010131 0.240948
0.139456 -0.203065 0.223097
0.134400 -0.203065 0.223097
0.144394 -0.204537 0.239376
0.129462 -0.204537 0.239376
0.129462 -0.205939 0.237635
0.129462 -0.205939 0.239376
0.204537 -0.008078 0.237635
0.204537 -0.008078 0.239376
0.205413 -0.008078 0.235971
0.205939 -0.008078 0.237635
-0.144394 0.202495 0.233812
-0.144394 0.204011 0.235971
-0.144394 0.203896 0.233812
-0.144394 0.205413 0.235971
-0.201969 0.008078 0.232147
-0.202495 0.008078 0.233812
-0.203370 0.008078 0.232147
-0.203897 0.008078 0.233812
-0.182314 0.189249 0.269998
-0.172842 0.191787 0.269998
0.182314 0.189249 0.269998
0.182314 0.189249 0.008986
-0.189249 -0.182314 0.269998
-0.191787 -0.172841 0.269998
-0.189249 -0.182314 0.008986
-0.191787 -0.172841 0.008986
-0.189249 0.182314 0.269998
-0.189249 0.182314 0.008986
0.182233 -0.201613 0.277045
0.191923 -0.199016 0.277045
0.179019 -0.185828 0.002520
0.169797 -0.188409 0.002685
0.195147 -0.010023 0.245536
0.195147 -0.011973 0.245536
0.193920 -0.011973 0.246764
0.194881 -0.013986 0.247798
0.197172 -0.016109 0.250276
0.204619 -0.018207 0.278497
0.204371 -0.011945 0.301103
0.203143 -0.012559 0.302166
0.204371 -0.010798 0.304081
0.204371 0.009786 0.304081
0.205598 0.011547 0.302166
0.204371 0.010933 0.301103
0.204619 0.016917 0.278497
0.197172 0.014964 0.250276
0.194881 0.012841 0.247798
0.193920 0.010828 0.246764
0.192692 0.009057 0.245536
0.193920 0.009057 0.244308
0.152504 0.194716 0.250276
0.154457 0.202191 0.278497
0.148368 0.193920 0.246764
0.150381 0.194881 0.247798
0.155603 0.203419 0.278497
0.151260 0.204371 0.300104
0.149087 0.203143 0.302166
0.147326 0.203143 0.302853
0.147326 0.204371 0.304081
0.126742 0.204371 0.304081
0.125595 0.204371 0.301103
0.125264 0.204371 0.300104
0.121431 0.197172 0.250276
0.122685 0.196109 0.246930
0.121817 0.194881 0.246062
0.125567 0.193920 0.244308
-0.127517 0.192785 0.246006
-0.127517 0.193450 0.244402
-0.125567 0.195054 0.245066
-0.125567 0.194390 0.246670
-0.123018 0.193747 0.247262
-0.121901 0.194810 0.250276
-0.122902 0.203901 0.300104
-0.124414 0.203901 0.303148
-0.126742 0.204840 0.301719
-0.148852 0.203236 0.301759
-0.147326 0.204840 0.301719
-0.149562 0.203236 0.300104
-0.154019 0.202284 0.278497
-0.153639 0.195474 0.250276
-0.152034 0.194810 0.250276
-0.152052 0.194411 0.246128
-0.150917 0.193747 0.247262
-0.148368 0.192785 0.246006
-0.194788 -0.009057 0.246404
-0.194788 -0.009057 0.244668
-0.202360 -0.016107 0.278497
-0.196812 -0.015832 0.250276
-0.204097 -0.017727 0.278497
-0.203503 -0.011624 0.300104
-0.203503 -0.011981 0.302918
-0.205239 -0.011981 0.302918
-0.205239 -0.011981 0.302918
-0.205239 -0.009786 0.303721
-0.203503 0.014372 0.300104
-0.202360 0.017397 0.278497
-0.202360 0.019018 0.278497
-0.195076 0.015241 0.250276
-0.195749 0.015468 0.246316
-0.194788 0.011973 0.244668
-0.193052 0.011973 0.244668
-0.193052 0.010023 0.244668
-0.152504 -0.194716 0.250276
-0.154457 -0.202328 0.278497
-0.148368 -0.193920 0.246764
-0.150381 -0.194881 0.247798
-0.155603 -0.203556 0.278497
-0.151260 -0.204371 0.300104
-0.149087 -0.203143 0.302166
-0.147326 -0.203143 0.302853
-0.147326 -0.204371 0.304081
-0.126742 -0.204371 0.304081
-0.125595 -0.204371 0.301103
-0.125264 -0.204371 0.300104
-0.121431 -0.197172 0.250276
-0.122686 -0.196109 0.246930
-0.121818 -0.194881 0.246062
-0.125567 -0.193920 0.244308
0.127517 -0.192692 0.245536
0.127517 -0.193920 0.244308
0.127517 -0.195148 0.245536
0.127517 -0.193920 0.246764
0.123554 -0.194881 0.247798
0.122685 -0.196109 0.246930
0.119333 -0.204784 0.278497
0.124037 -0.205598 0.300104
0.124981 -0.205598 0.302166
0.126742 -0.205598 0.302853
0.149701 -0.204371 0.303229
0.151260 -0.204371 0.300104
0.150032 -0.203143 0.300104
0.154457 -0.202328 0.278497
0.152504 -0.194716 0.250276
0.151249 -0.193653 0.246930
0.148368 -0.195148 0.245536
0.146597 -0.195148 0.245536
-0.068149 0.200370 0.186002
-0.070860 0.200370 0.185148
-0.068150 0.205552 0.190350
-0.064614 0.205552 0.190350
-0.070861 0.203042 0.185148
-0.072979 0.203042 0.182931
-0.073968 0.203097 0.180685
-0.076547 0.201706 0.140974
-0.071237 0.201706 0.138103
-0.074123 0.203042 0.177812
-0.074123 0.200370 0.177812
-0.074123 0.200370 0.151932
-0.068522 0.200323 0.144819
-0.065590 0.200370 0.144491
0.065590 0.197860 0.140143
0.070080 0.197725 0.140964
0.074265 0.205552 0.143256
0.077322 0.205864 0.147529
0.074123 0.200370 0.151931
0.074123 0.200370 0.177811
0.073968 0.203098 0.180685
0.072980 0.203042 0.182931
0.064614 0.203042 0.186002
0.068150 0.203042 0.186002
0.073675 0.201706 0.191557
0.078336 0.201706 0.188288
0.064613 -0.200370 0.186002
0.068149 -0.200370 0.186002
0.068150 -0.205552 0.190350
0.072477 -0.205552 0.188826
0.072477 -0.205552 0.188826
0.076054 -0.205552 0.186005
0.078471 -0.197860 0.177812
0.078471 -0.197860 0.151931
0.077322 -0.205864 0.147529
0.074265 -0.205552 0.143256
0.078471 -0.197860 0.177812
0.078471 -0.197860 0.151931
0.068522 -0.200323 0.144819
0.065590 -0.200370 0.144491
-0.065590 -0.201706 0.136916
-0.071238 -0.201706 0.138103
-0.071190 -0.203042 0.146330
-0.073233 -0.203150 0.149006
-0.074123 -0.203042 0.151931
-0.074123 -0.203042 0.177811
-0.072980 -0.200370 0.182931
-0.070861 -0.200370 0.185148
-0.064614 -0.203042 0.186002
-0.064614 -0.205552 0.190350
-0.068150 -0.197860 0.190350
-0.072477 -0.197860 0.188827
0.199016 0.191923 0.281763
0.201613 0.182233 0.281763
0.201613 0.182233 0.277045
0.201613 -0.182233 0.277045
0.201613 -0.182233 0.277045
0.182314 -0.189249 0.269998
0.191923 -0.199016 0.277045
0.199016 -0.191923 0.277045
-0.201613 0.182233 0.281763
-0.201613 -0.182233 0.281763
0.184126 -0.191220 0.281763
0.174437 -0.193816 0.281763
0.193816 0.174437 0.286843
0.193816 -0.174437 0.286843
0.174437 -0.193816 0.286843
-0.174437 -0.193816 0.286843
-0.185828 -0.179019 0.002520
-0.179019 -0.185828 0.002520
0.198598 0.181026 0.305834
0.198604 -0.180996 0.305834
0.196224 -0.189891 0.305834
0.181026 -0.198598 0.305834
-0.180996 -0.198604 0.305834
-0.063900 -0.193430 0.169856
-0.061678 -0.193430 0.169089
-0.063858 -0.194393 0.171932
-0.063214 -0.194393 0.170637
0.063900 -0.193430 0.209488
0.063900 -0.191127 0.209488
0.063859 -0.194393 0.171939
0.063219 -0.194393 0.170641
0.063900 0.193430 0.169856
0.061678 0.193430 0.169089
-0.064820 0.191127 0.207638
-0.063900 0.191127 0.209488
-0.061522 0.194393 0.170052
0.061517 0.194393 0.170051
0.063899 0.191127 0.209489
0.063899 0.193430 0.209489
0.063397 -0.201706 0.197810
0.063397 -0.206937 0.195906
0.065066 -0.205891 0.194660
0.065066 -0.201706 0.196183
-0.065066 -0.203933 0.183554
-0.065066 -0.207345 0.186416
-0.065066 0.197521 0.194660
-0.065065 0.195293 0.190803
-0.065065 0.207345 0.186417
-0.065064 0.203933 0.183554
0.063396 0.193691 0.191085
0.063396 0.196475 0.195906
321 322
295 296
552 553
1140 1141
1146 1147
161 162
556 557
792 793
451 452
620 621
1156 1157
1159 1160
269 270
337 338
357 358
479 480
0 1
1152 1153
1150 1151
970 971
976 977
6 7
32 34
117 118
43 44
8 9
247 248
767 768
393 394
291 292
946 947
648 649
473 474
940 941
57 58
799 800
411 412
1173 1174
2 3
22 27
301 302
309 310
299 300
28 29
365 366
307 308
383 384
333 334
285 286
289 290
319 320
427 428
829 830
431 432
588 589
610 611
837 838
437 438
327 328
345 346
293 294
17 25
537 538
145 146
425 426
576 577
590 591
844 845
443 444
469 470
612 613
467 468
606 607
183 184
413 414
415 416
562 563
564 565
277 278
654 655
560 561
807 817
273 274
131 132
165 166
457 458
475 476
303 304
808 818
227 228
381 382
797 798
259 260
487 488
11 13
399 400
40 52
511 512
121 126
503 504
515 516
373 376
507 508
385 386
377 378
707 708
499 500
45 48
755 756
699 702
737 738
374 375
211 212
367 368
525 526
26 27
529 530
725 726
1052 1053
743 744
677 678
986 987
1028 1030
1000 1001
491 492
994 995
1045 1047
1037 1038
379 380
30 31
36 97
12 16
4 5
405 406
387 388
361 362
513 514
90 101
163 164
108 116
104 105
369 370
391 392
395 396
323 324
751 752
209 210
201 202
239 240
749 750
1118 1119
1122 1123
1104 1105
1130 1131
1096 1097
347 348
279 280
335 336
281 282
527 528
339 340
519 520
15 21
195 196
331 332
85 91
517 518
505 506
548 549
371 372
713 714
359 360
715 716
297 298
695 696
80 88
495 496
75 76
574 575
283 284
429 430
275 276
1044 1046
1074 1075
703 704
705 706
717 718
1036 1039
688 690
1080 1081
1004 1005
1056 1057
521 522
203 204
241 242
683 684
237 238
199 200
731 732
681 682
245 246
137 138
177 178
231 232
1008 1009
1024 1026
1060 1061
990 991
265 266
409 410
14 24
477 478
465 466
143 144
267 268
141 142
604 605
592 593
810 811
169 170
329 330
341 342
343 344
417 418
421 422
423 424
453 454
566 567
570 571
624 625
628 629
819 820
823 824
898 899
908 909
916 917
455 456
568 569
626 627
554 555
353 354
775 776
449 450
868 869
878 879
938 939
481 482
483 484
87 93
257 258
37 41
622 623
888 889
82 86
167 168
287 288
325 326
63 74
441 442
271 272
407 408
1143 1144
187 188
952 953
355 356
550 551
542 543
9 10
179 180
315 316
127 128
129 130
133 134
948 949
821 822
558 559
349 350
765 766
89 94
18 20
114 122
139 140
540 541
594 595
459 460
461 462
463 464
630 631
632 633
634 635
825 826
848 849
313 314
317 318
253 254
747 748
95 115
103 113
151 152
255 256
38 42
33 35
351 352
535 536
538 539
546 547
669 670
763 764
658 659
608 609
447 448
531 532
533 534
181 182
805 806
801 802
471 472
155 156
159 160
175 176
445 446
644 645
787 788
614 615
783 784
886 887
1142 1145
668 669
1138 1139
884 885
890 891
662 663
785 786
618 619
1148 1149
781 782
882 883
892 893
978 979
791 794
147 148
119 120
261 262
193 194
968 969
485 486
673 674
777 778
191 192
972 973
974 975
189 190
62 67
435 436
582 583
584 585
812 839
840 841
263 264
789 790
671 672
1154 1155
980 981
73 81
213 214
124 125
757 758
1157 1158
53 54
311 312
153 154
157 158
433 434
46 47
205 206
243 244
135 136
171 172
197 198
235 236
815 816
835 836
578 579
831 832
439 440
572 573
827 828
419 420
71 79
363 364
111 112
779 780
833 834
874 875
249 250
397 398
185 186
656 657
68 71
98 106
872 873
50 53
77 83
78 84
636 637
55 56
61 99
19 23
96 107
544 545
403 404
401 402
110 123
229 230
753 754
769 770
761 762
771 772
92 102
723 724
48 49
1093 1094
100 109
733 734
39 40
709 710
1126 1127
1110 1111
65 66
711 712
1187 1188
646 647
944 945
650 651
652 653
942 943
1177 1178
803 804
305 306
51 56
642 643
638 639
493 494
59 60
640 641
1120 1121
1102 1103
598 599
660 661
509 510
389 390
697 698
251 252
616 617
523 524
860 861
932 933
950 951
759 760
773 774
1134 1135
735 736
664 665
666 667
795 796
64 72
1114 1115
1136 1137
739 740
1100 1101
1029 1031
1116 1117
1183 1184
1185 1186
1179 1180
1181 1182
501 502
69 70
719 720
1014 1015
1066 1067
225 226
1048 1049
679 680
741 742
675 676
1082 1083
1064 1065
1012 1013
1108 1109
1088 1089
1112 1113
1078 1079
918 919
1022 1023
596 597
602 603
1020 1021
1128 1129
687 689
1132 1133
1090 1091
600 601
215 216
219 220
1032 1033
729 730
1098 1099
1124 1125
928 929
852 853
924 925
1092 1095
1086 1087
920 921
850 851
922 923
962 963
960 961
880 881
813 814
870 871
936 937
876 877
926 927
856 857
864 865
996 997
1002 1003
1054 1055
984 985
691 692
693 694
727 728
700 701
745 746
223 224
1106 1107
207 208
233 234
1161 1162
1169 1170
1042 1043
1165 1166
1175 1176
489 490
497 498
586 587
580 581
842 843
1171 1172
149 150
809 868
982 983
1050 1051
1058 1059
1076 1077
1006 1007
1025 1027
1084 1085
217 218
966 967
866 867
854 855
958 959
964 965
930 931
934 935
954 955
956 957
862 863
1072 1073
988 989
1070 1071
1016 1017
992 993
1068 1069
1034 1035
1018 1019
685 686
721 722
1040 1041
998 999
221 222
846 847
910 911
906 907
904 905
900 901
896 897
894 895
1167 1168
1163 1164
173 174
858 859
912 913
914 915
902 903
1062 1063
1010 1011
