6200545625980531859 992 600
-1.950350 0.687404 0.137988
1.952390 0.731479 0.147942
-1.953253 0.729983 0.146797
2.026732 0.682222 0.092322
1.951693 0.529922 0.135610
2.019256 0.522914 0.032446
-1.949853 0.530013 0.135574
-1.950350 0.687404 0.137988
2.017077 0.736467 0.011445
2.019256 0.522914 0.032446
1.978506 0.692088 0.045688
-2.015818 0.737931 0.027379
1.978506 0.692088 0.045688
2.017077 0.736467 0.011445
2.026732 0.682222 0.092322
-2.018428 0.523311 0.039289
2.019256 0.522914 0.032446
-1.949853 0.530013 0.135574
-1.950350 0.687404 0.137988
-2.015818 0.737931 0.027379
-1.950350 0.687404 0.137988
-1.953253 0.729983 0.146797
2.017077 0.736467 0.011445
2.019256 0.522914 0.032446
1.952390 0.731479 0.147942
2.026732 0.682222 0.092322
-2.018428 0.523311 0.039289
2.019256 0.522914 0.032446
1.951693 0.529922 0.135610
2.017077 0.736467 0.011445
1.952390 0.731479 0.147942
1.952390 0.731479 0.147942
-2.015818 0.737931 0.027379
-1.953253 0.729983 0.146797
2.016828 0.734735 0.013940
-1.948814 0.687100 0.138096
1.952071 0.722014 0.144118
-1.950927 0.730285 0.146903
2.020047 0.680910 0.015858
2.017967 0.526849 0.088931
1.951698 0.680021 0.136890
1.951394 0.530152 0.135444
-1.949328 0.530195 0.135395
-1.948814 0.687100 0.138096
2.020047 0.680910 0.015858
2.019415 0.523795 0.024943
1.986437 0.715343 0.014647
1.977227 0.556325 0.048499
1.977251 0.690984 0.043877
-1.975054 0.556352 0.048542
1.977248 0.554111 0.023686
-1.975200 0.554111 0.023686
-1.982643 0.717140 0.042635
1.977251 0.690984 0.043877
1.951068 0.734733 0.131506
1.951698 0.680021 0.136890
2.024694 0.682244 0.090979
2.020047 0.680910 0.015858
2.014770 0.734980 0.087640
2.024694 0.682244 0.090979
-1.975054 0.556352 0.048542
1.977227 0.556325 0.048499
-1.982643 0.717140 0.042635
1.986437 0.715343 0.014647
1.986619 0.716737 0.041960
-2.017368 0.523795 0.024943
1.977248 0.554111 0.023686
2.019415 0.523795 0.024943
2.016828 0.734735 0.013940
1.986437 0.715343 0.014647
-2.012408 0.734927 0.087082
-2.016991 0.680525 0.089375
-2.018003 0.680868 0.015878
-2.016991 0.680525 0.089375
-2.015921 0.527007 0.088736
-1.975200 0.554111 0.023686
-2.018003 0.680868 0.015878
-1.984401 0.715326 0.014661
-1.975054 0.556352 0.048542
-1.975200 0.554111 0.023686
-2.012408 0.734927 0.087082
-2.018003 0.680868 0.015878
1.973742 0.741353 0.111934
1.981501 0.741811 0.027908
-1.974203 0.741824 0.111487
-1.802159 0.731427 0.026439
-1.982922 0.731155 0.026456
1.919968 0.676414 0.027714
1.993453 0.636352 0.051850
1.920292 0.639539 0.050791
1.993434 0.699609 0.039347
1.922740 0.709302 0.068236
-1.926324 0.675660 0.029002
1.919968 0.676414 0.027714
-1.999747 0.636502 0.052502
-1.999747 0.705038 0.066178
-1.926590 0.699473 0.065269
1.922740 0.709302 0.068236
1.919968 0.591976 0.030015
1.993453 0.551913 0.054151
1.920292 0.555101 0.053091
1.993434 0.615170 0.041647
1.922740 0.624864 0.070537
-1.926324 0.591221 0.031302
1.919968 0.591976 0.030015
-1.999747 0.552063 0.054803
-1.926591 0.615034 0.067570
1.922740 0.624864 0.070537
1.719602 0.747160 0.152836
1.755420 0.747129 0.152866
1.755420 0.747129 0.152866
1.761641 0.605766 0.119998
1.761685 0.739899 0.029698
1.719602 0.747160 0.152836
1.719534 0.745789 0.025220
1.719534 0.745789 0.025220
1.713410 0.605773 0.119968
0.010501 0.747140 0.152853
0.046230 0.747129 0.152866
0.046230 0.747129 0.152866
0.052451 0.605766 0.119998
0.052436 0.740039 0.029546
0.004281 0.605766 0.119998
0.010501 0.747140 0.152853
0.004251 0.740027 0.029551
0.010501 0.747140 0.152853
0.004251 0.740027 0.029551
-1.753975 0.605134 0.153381
-1.719573 0.747014 0.152997
-1.761707 0.605778 0.119957
-1.755515 0.747163 0.152795
-1.755579 0.745801 0.025197
-1.755579 0.745801 0.025197
-1.719573 0.747014 0.152997
-1.713422 0.739901 0.029691
-1.712762 0.605043 0.120821
-1.719573 0.747014 0.152997
-1.713422 0.739901 0.029691
-1.713422 0.739901 0.029691
-1.755579 0.745801 0.025197
-0.044785 0.605134 0.153381
-0.010382 0.747014 0.152997
-0.046325 0.747163 0.152795
-0.052517 0.605778 0.119957
-0.046325 0.747163 0.152795
-0.046389 0.745801 0.025197
-0.046389 0.745801 0.025197
-0.004232 0.739901 0.029691
-0.004232 0.739901 0.029691
-0.003572 0.605043 0.120821
1.951068 0.734733 0.131506
1.986437 0.715343 0.014647
1.951698 0.680021 0.136890
2.024694 0.682244 0.090979
1.986437 0.715343 0.014647
1.986619 0.716737 0.041960
1.977227 0.556325 0.048499
-2.015921 0.527007 0.088736
-2.017368 0.523795 0.024943
2.019415 0.523795 0.024943
2.017967 0.526849 0.088931
-2.017368 0.523795 0.024943
-2.017368 0.523795 0.024943
-1.982643 0.717140 0.042635
-2.014783 0.735227 0.014185
2.014770 0.734980 0.087640
1.951068 0.734733 0.131506
-2.012408 0.734927 0.087082
-1.950927 0.730285 0.146903
1.993540 0.704814 0.066329
-1.929049 0.632432 0.052401
1.993540 0.620376 0.068630
-1.929048 0.547993 0.054702
1.719602 0.747160 0.152836
1.754590 0.605755 0.152683
1.719602 0.747160 0.152836
1.761685 0.739899 0.029698
1.720522 0.605754 0.152683
1.713410 0.605773 0.119968
1.761641 0.605766 0.119998
1.754590 0.605755 0.152683
1.761685 0.739899 0.029698
1.713410 0.605773 0.119968
1.713410 0.605773 0.119968
1.719534 0.745789 0.025220
1.761685 0.739899 0.029698
0.010501 0.747140 0.152853
0.045400 0.605755 0.152683
0.011332 0.605754 0.152683
0.010501 0.747140 0.152853
0.052436 0.740039 0.029546
0.004281 0.605766 0.119998
0.052451 0.605766 0.119998
0.045400 0.605755 0.152683
0.052436 0.740039 0.029546
0.004281 0.605766 0.119998
0.004251 0.740027 0.029551
-1.755579 0.745801 0.025197
-1.719573 0.747014 0.152997
-1.761707 0.605778 0.119957
-1.712762 0.605043 0.120821
-1.712762 0.605043 0.120821
-1.761707 0.605778 0.119957
-1.755579 0.745801 0.025197
-0.003572 0.605043 0.120821
-0.010382 0.747014 0.152997
-0.046389 0.745801 0.025197
-0.010382 0.747014 0.152997
-0.052517 0.605778 0.119957
-0.003572 0.605043 0.120821
-0.044785 0.605134 0.153381
-0.052517 0.605778 0.119957
1.951028 0.734706 0.131448
-1.948981 0.734706 0.131448
2.016687 0.734712 0.014020
-1.984571 0.715185 0.014837
-2.014639 0.734712 0.014020
1.973203 0.681367 0.131933
1.951967 0.681367 0.143397
1.951337 0.681367 0.135392
2.007560 0.681367 0.107003
2.017318 0.681367 0.087875
2.025025 0.681367 0.090383
2.017318 0.681367 0.087875
-1.949919 0.681367 0.143397
1.951967 0.722757 0.143397
2.019400 0.681131 0.016268
2.017318 0.527403 0.088005
2.007560 0.528532 0.107065
2.017318 0.527403 0.088005
1.973203 0.681367 0.131933
1.951337 0.530206 0.135355
1.986619 0.691413 0.043851
1.986624 0.689775 0.015904
1.986624 0.689775 0.015904
2.019400 0.681131 0.016268
1.977236 0.689440 0.015935
-1.949290 0.530206 0.135355
1.951337 0.681367 0.135392
1.977247 0.554111 0.023686
2.019400 0.681131 0.016268
2.019415 0.523795 0.024943
1.977236 0.689440 0.015935
1.977244 0.556311 0.048514
1.977244 0.690987 0.043874
1.986624 0.689775 0.015904
1.986619 0.716737 0.041960
-1.975197 0.556311 0.048514
-1.984572 0.716737 0.041960
1.986619 0.716737 0.041960
1.977244 0.690987 0.043874
1.986618 0.715185 0.014837
1.951028 0.734706 0.131448
1.951967 0.722757 0.143397
1.997119 0.722757 0.128744
2.013520 0.734706 0.086641
2.028786 0.722783 0.014501
2.013520 0.734706 0.086641
2.025025 0.722757 0.090383
2.025025 0.681367 0.090383
1.951967 0.681367 0.143397
-1.975197 0.556311 0.048514
1.977244 0.556311 0.048514
-1.984572 0.716737 0.041960
1.986618 0.715185 0.014837
1.986619 0.716737 0.041960
-2.017368 0.523795 0.024943
1.977247 0.554111 0.023686
-1.949919 0.681367 0.143397
2.016687 0.734712 0.014020
-2.022978 0.722757 0.090383
-2.012066 0.681367 0.111771
-2.012066 0.722757 0.111771
-2.026739 0.722783 0.014501
-1.984571 0.715185 0.014837
-1.995072 0.681367 0.128744
-2.012066 0.681367 0.111771
-2.015270 0.681367 0.087875
-2.026742 0.681466 0.016237
-2.017353 0.681131 0.016268
-2.017353 0.681131 0.016268
-2.015270 0.527403 0.088005
-2.005512 0.681367 0.107003
-2.005512 0.528532 0.107065
-2.015270 0.681367 0.087875
-1.984572 0.691413 0.043851
-1.975189 0.689440 0.015935
-1.984578 0.689775 0.015904
-2.017353 0.681131 0.016268
-1.984578 0.689775 0.015904
-1.975189 0.689440 0.015935
-1.975189 0.689440 0.015935
-1.975197 0.556311 0.048514
-1.975200 0.554111 0.023686
-1.984572 0.716737 0.041960
-1.984578 0.689775 0.015904
-1.984571 0.715185 0.014837
-1.969922 0.734706 0.128135
-2.011473 0.734706 0.086641
-2.026739 0.722783 0.014501
-2.022978 0.722757 0.090383
-1.995072 0.681367 0.128744
-2.026742 0.681466 0.016237
1.981375 0.742215 0.112835
1.803312 0.729677 0.112835
1.981375 0.729677 0.112835
1.803312 0.742215 0.027899
1.981375 0.729677 0.027899
1.803312 0.729677 0.027899
1.803312 0.742215 0.027899
1.981375 0.742215 0.112835
1.981375 0.729677 0.112835
1.803312 0.729677 0.112835
1.803312 0.742215 0.112835
-1.803313 0.729677 0.112835
-1.981375 0.742215 0.112835
-1.981375 0.729677 0.112835
-1.981375 0.729677 0.027899
-1.803313 0.742215 0.027899
-1.981375 0.742215 0.112835
-1.981375 0.742215 0.027899
-1.981375 0.729677 0.112835
-1.981375 0.742215 0.112835
-1.803313 0.742215 0.112835
-1.803313 0.729677 0.112835
-1.803313 0.729677 0.027899
1.920527 0.694976 0.043358
1.920527 0.678375 0.021171
1.920527 0.654546 0.035316
1.920527 0.642152 0.053865
1.920527 0.648999 0.027014
1.993539 0.636666 0.052774
1.920527 0.632359 0.051918
1.920527 0.678375 0.021171
1.993539 0.651439 0.030665
1.993539 0.699627 0.040250
1.920527 0.703278 0.037811
1.993539 0.704814 0.066329
1.920527 0.709121 0.067186
-1.926674 0.703278 0.037811
-1.926674 0.699329 0.065239
1.920527 0.654546 0.035316
-1.926674 0.676427 0.030963
1.920527 0.676427 0.030963
1.920527 0.642152 0.053865
-1.926674 0.654546 0.035316
-1.926674 0.678375 0.021171
1.920527 0.699329 0.065239
1.920527 0.703278 0.037811
-1.926674 0.648999 0.027014
-1.926674 0.632359 0.051918
-1.926674 0.648999 0.027014
-1.999686 0.636666 0.052774
-1.999686 0.651439 0.030665
-1.926674 0.678375 0.021171
-1.999686 0.699627 0.040250
-1.926674 0.703278 0.037811
-1.926674 0.709121 0.067186
1.920527 0.694976 0.043358
-1.926674 0.699329 0.065239
-1.926674 0.694976 0.043358
1.920527 0.610538 0.045659
1.920527 0.593936 0.023472
1.920527 0.547921 0.054219
1.920527 0.557713 0.056166
1.920527 0.564561 0.029315
1.920527 0.547921 0.054219
1.920527 0.593936 0.023472
1.993539 0.567000 0.032966
1.993539 0.615188 0.042551
1.920527 0.618840 0.040112
1.993539 0.620376 0.068630
1.920527 0.624683 0.069487
-1.926674 0.618840 0.040112
-1.926674 0.614890 0.067539
1.920527 0.570108 0.037617
-1.926674 0.591988 0.033264
1.920527 0.591988 0.033264
1.920527 0.557713 0.056166
-1.926674 0.570108 0.037617
-1.926674 0.593936 0.023472
1.920527 0.614890 0.067539
-1.926674 0.570108 0.037617
-1.926674 0.564561 0.029315
-1.926674 0.547921 0.054219
-1.926674 0.557713 0.056166
-1.926674 0.564561 0.029315
-1.999686 0.567000 0.032966
-1.926674 0.593936 0.023472
-1.999686 0.593079 0.027778
-1.999686 0.615188 0.042551
-1.926674 0.618840 0.040112
-1.999686 0.620376 0.068630
-1.926674 0.624683 0.069487
1.920527 0.610538 0.045659
-1.926674 0.614890 0.067539
-1.926674 0.610538 0.045659
1.720688 0.746920 0.152623
1.754425 0.746920 0.152623
1.761495 0.605794 0.119957
1.761495 0.739687 0.029887
1.713618 0.605794 0.119957
1.713618 0.738318 0.144020
1.720688 0.746920 0.152623
1.761495 0.739687 0.029887
1.720688 0.745609 0.025903
1.720688 0.745609 0.025903
1.720688 0.746920 0.152623
0.011497 0.746920 0.152623
0.045235 0.605852 0.152623
0.045235 0.746920 0.152623
0.052304 0.738318 0.144020
0.052304 0.605794 0.119957
0.011497 0.746920 0.152623
0.004428 0.739687 0.029887
0.011497 0.746920 0.152623
0.045235 0.745609 0.025903
0.011497 0.745609 0.025903
0.052304 0.738318 0.144020
0.045235 0.746920 0.152623
0.045235 0.605852 0.152623
0.052304 0.738318 0.144020
0.045235 0.746920 0.152623
0.011497 0.745609 0.025903
-1.754425 0.605852 0.152623
-1.720687 0.746920 0.152623
-1.754425 0.746920 0.152623
-1.761494 0.605794 0.119957
-1.754425 0.746920 0.152623
-1.761494 0.739687 0.029887
-1.713618 0.605794 0.119957
-1.720687 0.605852 0.152623
-1.754425 0.745609 0.025903
-1.720687 0.746920 0.152623
-1.720687 0.605852 0.152623
-1.713618 0.738318 0.144020
-1.720687 0.746920 0.152623
-1.713618 0.738318 0.144020
-1.720687 0.746920 0.152623
-1.754425 0.745609 0.025903
-1.720687 0.605852 0.152623
-1.713618 0.605794 0.119957
-1.713618 0.739687 0.029887
-1.761494 0.739687 0.029887
-0.045235 0.605852 0.152623
-0.011497 0.746920 0.152623
-0.052304 0.605794 0.119957
-0.045235 0.746920 0.152623
-0.004428 0.605794 0.119957
-0.011497 0.746920 0.152623
-0.011497 0.605852 0.152623
-0.045235 0.745609 0.025903
-0.011497 0.746920 0.152623
-0.011497 0.605852 0.152623
-0.045235 0.605852 0.152623
-0.004428 0.739687 0.029887
-0.004428 0.605794 0.119957
-0.052304 0.739687 0.029887
2.019400 0.681131 0.016268
1.951967 0.681367 0.143397
2.017318 0.681367 0.087875
1.977247 0.554111 0.023686
1.986619 0.691413 0.043851
1.977244 0.556311 0.048514
1.986619 0.691413 0.043851
-1.975197 0.690987 0.043874
-1.984572 0.691413 0.043851
2.016687 0.734712 0.014020
1.997119 0.681367 0.128744
-2.015270 0.527403 0.088005
-1.949290 0.530206 0.135355
2.017318 0.527403 0.088005
1.951337 0.530206 0.135355
2.007560 0.528532 0.107065
-2.005512 0.528532 0.107065
-1.975200 0.554111 0.023686
-2.022978 0.681367 0.090383
-2.017368 0.523795 0.024943
-1.984572 0.691413 0.043851
-2.014639 0.734712 0.014020
2.013520 0.734706 0.086641
2.016687 0.734712 0.014020
-2.014639 0.734712 0.014020
-2.011473 0.734706 0.086641
-1.969922 0.734706 0.128135
1.981375 0.742215 0.027899
1.803312 0.742215 0.112835
1.981375 0.729677 0.027899
1.803312 0.742215 0.027899
-1.803313 0.742215 0.112835
-1.981375 0.742215 0.027899
-1.803313 0.742215 0.112835
1.920527 0.648999 0.027014
1.993539 0.677518 0.025477
-1.926674 0.709121 0.067186
-1.926674 0.642152 0.053865
1.920527 0.709121 0.067186
-1.926674 0.632359 0.051918
1.920527 0.564561 0.029315
1.993539 0.593079 0.027778
-1.926674 0.624683 0.069487
-1.926674 0.557713 0.056166
-1.926674 0.547921 0.054219
1.720688 0.605852 0.152623
1.713618 0.605794 0.119957
1.720688 0.605852 0.152623
1.713618 0.738318 0.144020
1.720688 0.746920 0.152623
1.761495 0.739687 0.029887
1.720688 0.605852 0.152623
1.713618 0.738318 0.144020
1.720688 0.745609 0.025903
1.713618 0.739687 0.029887
1.713618 0.738318 0.144020
1.713618 0.605794 0.119957
1.720688 0.605852 0.152623
1.761495 0.739687 0.029887
1.761495 0.605794 0.119957
1.713618 0.605794 0.119957
1.713618 0.739687 0.029887
1.720688 0.745609 0.025903
0.011497 0.605852 0.152623
0.045235 0.605852 0.152623
0.011497 0.745609 0.025903
0.052304 0.739687 0.029887
0.045235 0.745609 0.025903
0.004428 0.605794 0.119957
0.045235 0.605852 0.152623
0.011497 0.605852 0.152623
0.004428 0.605794 0.119957
0.004428 0.739687 0.029887
-1.713618 0.739687 0.029887
-1.713618 0.738318 0.144020
-1.754425 0.745609 0.025903
-1.720687 0.746920 0.152623
-1.761494 0.605794 0.119957
-1.761494 0.605794 0.119957
-1.754425 0.745609 0.025903
-0.011497 0.605852 0.152623
-0.045235 0.605852 0.152623
-0.045235 0.745609 0.025903
-0.045235 0.746920 0.152623
-0.052304 0.605794 0.119957
-0.052304 0.605794 0.119957
2.014114 0.681367 0.111771
2.025025 0.722757 0.090383
2.014114 0.722757 0.111771
-1.949919 0.722757 0.143397
1.951028 0.734706 0.131448
2.016687 0.734712 0.014021
-1.984571 0.715185 0.014837
-2.014639 0.734712 0.014021
1.973203 0.681367 0.131933
1.951967 0.681367 0.143397
1.992359 0.681367 0.122185
2.007560 0.681367 0.107003
2.017318 0.681367 0.087876
2.014114 0.681367 0.111771
2.017318 0.681367 0.087876
2.028789 0.681466 0.016237
1.951967 0.722757 0.143397
2.019400 0.681131 0.016268
2.017318 0.527403 0.088005
1.992359 0.681367 0.122185
1.992359 0.529428 0.122194
2.007560 0.528532 0.107065
2.017318 0.527403 0.088005
1.973203 0.681367 0.131933
1.977236 0.689440 0.015935
1.986619 0.691413 0.043851
1.986624 0.689775 0.015904
1.986624 0.689775 0.015904
2.019400 0.681131 0.016268
1.951337 0.681367 0.135392
-1.949290 0.681367 0.135392
1.977247 0.554111 0.023686
2.019400 0.681131 0.016268
1.977236 0.689440 0.015935
1.986624 0.689775 0.015904
1.986619 0.716737 0.041960
1.986618 0.715185 0.014837
-1.975197 0.556311 0.048513
1.977247 0.554111 0.023686
-1.975200 0.554111 0.023686
-1.984572 0.716737 0.041960
1.977244 0.690987 0.043874
2.028786 0.722783 0.014501
1.986618 0.715185 0.014837
1.971969 0.734706 0.128135
1.951967 0.722757 0.143397
1.975705 0.722757 0.139642
1.990014 0.734706 0.118952
2.004331 0.734706 0.104653
2.013520 0.734706 0.086641
2.028786 0.722783 0.014501
2.013520 0.734706 0.086641
2.025025 0.722757 0.090383
2.028789 0.681466 0.016237
1.997119 0.681367 0.128744
1.975705 0.681367 0.139642
-1.975197 0.556311 0.048513
1.977244 0.556311 0.048513
-1.984572 0.716737 0.041960
-1.990312 0.529428 0.122194
-2.005512 0.528532 0.107065
-2.015270 0.527403 0.088005
-2.017368 0.523795 0.024943
1.977247 0.554111 0.023686
2.019415 0.523795 0.024943
-1.949919 0.681367 0.143397
2.016687 0.734712 0.014021
-2.022978 0.722757 0.090383
-2.012066 0.681367 0.111771
-2.012066 0.722757 0.111771
-2.026739 0.722783 0.014501
-1.984571 0.715185 0.014837
-1.971156 0.681367 0.131933
-1.990312 0.681367 0.122185
-2.005512 0.681367 0.107003
-2.012066 0.681367 0.111771
-2.015270 0.681367 0.087876
-2.026742 0.681466 0.016237
-2.017353 0.681131 0.016268
-2.017353 0.681131 0.016268
-2.015270 0.527403 0.088005
-2.015270 0.681367 0.087876
-1.990312 0.681367 0.122185
-1.971156 0.681367 0.131933
-2.005512 0.681367 0.107003
-2.015270 0.681367 0.087876
-2.005512 0.528532 0.107065
-1.984572 0.691413 0.043851
-1.975189 0.689440 0.015935
-2.017353 0.681131 0.016268
-1.984578 0.689775 0.015904
-1.975200 0.554111 0.023686
-1.975189 0.689440 0.015935
-1.975197 0.556311 0.048513
-1.984578 0.689775 0.015904
-1.984571 0.715185 0.014837
-1.969922 0.734706 0.128135
-1.987966 0.734706 0.118952
-1.973657 0.722757 0.139642
-1.995072 0.722757 0.128744
-2.011473 0.734706 0.086641
-2.026739 0.722783 0.014501
-2.022978 0.722757 0.090383
-2.026742 0.681466 0.016237
-2.022978 0.681367 0.090383
-1.995072 0.681367 0.128744
-1.973657 0.681367 0.139642
2.004331 0.734706 0.104653
2.013520 0.734706 0.086641
-2.026742 0.681466 0.016237
1.803312 0.729677 0.035694
1.803312 0.742215 0.027898
1.803312 0.729677 0.027898
1.981375 0.742215 0.105039
1.803312 0.742215 0.112835
1.981375 0.742215 0.112835
1.981375 0.742215 0.112835
1.803312 0.729677 0.112835
1.981375 0.729677 0.027898
1.803312 0.729677 0.027898
1.981375 0.742215 0.035694
1.981375 0.729677 0.027898
1.981375 0.742215 0.027898
1.981375 0.742215 0.112835
1.981375 0.729677 0.105039
1.981375 0.742215 0.105039
1.981375 0.742215 0.027898
1.803312 0.742215 0.035694
1.803312 0.742215 0.105039
-1.803313 0.742215 0.027898
-1.803313 0.729677 0.035694
-1.803313 0.729677 0.027898
-1.803313 0.742215 0.112835
-1.981375 0.742215 0.105039
-1.981375 0.742215 0.112835
-1.803313 0.729677 0.112835
-1.981375 0.742215 0.112835
-1.981375 0.729677 0.027898
-1.981375 0.729677 0.027898
-1.981375 0.742215 0.035694
-1.981375 0.742215 0.027898
-1.981375 0.729677 0.105039
-1.981375 0.742215 0.112835
-1.803313 0.742215 0.035694
-1.981375 0.742215 0.027898
-1.981375 0.742215 0.035694
-1.803313 0.742215 0.105039
1.920527 0.694976 0.043358
1.920527 0.678375 0.021171
1.920527 0.676427 0.030963
1.920527 0.654546 0.035316
1.920527 0.632359 0.051918
1.920527 0.648999 0.027014
1.993539 0.636666 0.052774
1.920527 0.632359 0.051918
1.920527 0.678375 0.021171
1.993539 0.699627 0.040250
1.920527 0.703278 0.037811
1.993539 0.704814 0.066329
1.920527 0.709121 0.067186
-1.926674 0.699329 0.065238
-1.926674 0.694976 0.043358
1.920527 0.654546 0.035316
-1.926674 0.676427 0.030963
1.920527 0.676427 0.030963
1.920527 0.642152 0.053865
-1.926674 0.654546 0.035316
1.920527 0.699329 0.065238
1.920527 0.703278 0.037811
-1.926674 0.654546 0.035316
-1.926674 0.632359 0.051918
-1.926674 0.642152 0.053865
-1.926674 0.648999 0.027014
-1.999686 0.636666 0.052774
-1.999686 0.651439 0.030665
-1.926674 0.678375 0.021171
-1.999686 0.677518 0.025477
-1.999686 0.699627 0.040250
-1.999686 0.704814 0.066329
-1.926674 0.709121 0.067186
1.920527 0.694976 0.043358
-1.926674 0.699329 0.065238
1.920527 0.699329 0.065238
1.920527 0.610538 0.045658
1.920527 0.593936 0.023472
1.920527 0.591988 0.033264
1.920527 0.570108 0.037617
1.920527 0.547921 0.054219
1.920527 0.557713 0.056166
1.920527 0.564561 0.029315
1.993539 0.552228 0.055075
1.920527 0.547921 0.054219
1.920527 0.593936 0.023472
1.993539 0.615188 0.042551
1.920527 0.618840 0.040112
-1.926674 0.618840 0.040112
-1.926674 0.614890 0.067539
-1.926674 0.610538 0.045658
1.920527 0.570108 0.037617
-1.926674 0.591988 0.033264
1.920527 0.591988 0.033264
1.920527 0.557713 0.056166
-1.926674 0.570108 0.037617
-1.926674 0.593936 0.023472
1.920527 0.618840 0.040112
-1.926674 0.570108 0.037617
-1.926674 0.547921 0.054219
-1.926674 0.557713 0.056166
-1.926674 0.564561 0.029315
-1.999686 0.552228 0.055075
-1.926674 0.593936 0.023472
-1.999686 0.593079 0.027778
-1.999686 0.615188 0.042551
-1.926674 0.618840 0.040112
-1.926674 0.624683 0.069487
1.920527 0.610538 0.045658
-1.926674 0.614890 0.067539
1.920527 0.614890 0.067539
1.720688 0.746920 0.152623
1.754425 0.605852 0.152623
1.754425 0.746920 0.152623
1.761495 0.738318 0.144021
1.761495 0.605794 0.119957
1.713618 0.605794 0.119957
1.713618 0.739687 0.029887
1.720688 0.746920 0.152623
1.754425 0.745609 0.025903
1.720688 0.605852 0.152623
1.713618 0.605852 0.144021
1.720688 0.745609 0.025903
1.720688 0.746920 0.152623
1.761495 0.738318 0.144021
1.754425 0.745609 0.025903
1.754425 0.746920 0.152623
1.754425 0.605852 0.152623
1.754425 0.746920 0.152623
1.720688 0.605852 0.152623
1.713618 0.605794 0.119957
1.720688 0.745609 0.025903
1.754425 0.745609 0.025903
1.761495 0.739687 0.029887
0.011497 0.746920 0.152623
0.045235 0.605852 0.152623
0.052304 0.738318 0.144021
0.052304 0.605794 0.119957
0.004428 0.738318 0.144021
0.004428 0.739687 0.029887
0.011497 0.746920 0.152623
0.045235 0.745609 0.025903
0.011497 0.745609 0.025903
0.011497 0.605852 0.152623
0.004428 0.605852 0.144021
0.011497 0.745609 0.025903
0.004428 0.738318 0.144021
0.011497 0.746920 0.152623
0.052304 0.738318 0.144021
0.045235 0.746920 0.152623
0.045235 0.605852 0.152623
0.045235 0.746920 0.152623
0.011497 0.605852 0.152623
0.004428 0.605852 0.144021
0.004428 0.605794 0.119957
0.045235 0.745609 0.025903
0.052304 0.739687 0.029887
-1.754425 0.605852 0.152623
-1.720687 0.746920 0.152623
-1.754425 0.746920 0.152623
-1.761494 0.605794 0.119957
-1.761494 0.738318 0.144021
-1.761494 0.739687 0.029887
-1.713618 0.605794 0.119957
-1.713618 0.605852 0.144021
-1.754425 0.745609 0.025903
-1.720687 0.746920 0.152623
-1.720687 0.745609 0.025903
-1.720687 0.605852 0.152623
-1.720687 0.746920 0.152623
-1.713618 0.738318 0.144021
-1.720687 0.745609 0.025903
-1.720687 0.746920 0.152623
-1.754425 0.745609 0.025903
-1.761494 0.739687 0.029887
-1.761494 0.738318 0.144021
-1.754425 0.746920 0.152623
-1.720687 0.605852 0.152623
-1.754425 0.605852 0.152623
-1.713618 0.739687 0.029887
-1.761494 0.739687 0.029887
-0.045235 0.605852 0.152623
-0.011497 0.746920 0.152623
-0.045235 0.746920 0.152623
-0.052304 0.605794 0.119957
-0.052304 0.738318 0.144021
-0.004428 0.605794 0.119957
-0.045235 0.745609 0.025903
-0.011497 0.746920 0.152623
-0.011497 0.745609 0.025903
-0.011497 0.605852 0.152623
-0.004428 0.738318 0.144021
-0.004428 0.738318 0.144021
-0.011497 0.745609 0.025903
-0.011497 0.746920 0.152623
-0.052304 0.738318 0.144021
-0.052304 0.739687 0.029887
-0.052304 0.738318 0.144021
-0.045235 0.605852 0.152623
-0.011497 0.605852 0.152623
-0.045235 0.605852 0.152623
-0.004428 0.739687 0.029887
-0.004428 0.605794 0.119957
-0.052304 0.739687 0.029887
2.025025 0.681367 0.090383
2.025025 0.681367 0.090383
2.019400 0.681131 0.016268
1.951967 0.681367 0.143397
2.017318 0.681367 0.087876
1.977244 0.690987 0.043874
2.028789 0.681466 0.016237
1.977236 0.689440 0.015935
1.977247 0.554111 0.023686
1.977244 0.556311 0.048513
-1.975197 0.690987 0.043874
-1.984572 0.691413 0.043851
2.025025 0.681367 0.090383
1.951967 0.681367 0.143397
-1.984571 0.715185 0.014837
-1.949290 0.530206 0.135355
2.019415 0.523795 0.024943
2.017318 0.527403 0.088005
1.951337 0.530206 0.135355
2.007560 0.528532 0.107065
1.992359 0.529428 0.122194
-2.022978 0.681367 0.090383
-2.022978 0.681367 0.090383
-2.017368 0.523795 0.024943
-2.015270 0.527403 0.088005
-1.975197 0.690987 0.043874
-2.017368 0.523795 0.024943
-1.975197 0.690987 0.043874
2.016687 0.734712 0.014021
1.951028 0.734706 0.131448
-2.014639 0.734712 0.014021
-1.948981 0.734706 0.131448
-1.969922 0.734706 0.128135
-1.987966 0.734706 0.118952
1.971969 0.734706 0.128135
1.803312 0.742215 0.105039
1.803312 0.742215 0.112835
1.981375 0.729677 0.112835
1.803312 0.742215 0.027898
1.803312 0.742215 0.112835
-1.803313 0.742215 0.112835
-1.981375 0.742215 0.027898
-1.981375 0.729677 0.035694
-1.981375 0.729677 0.112835
-1.803313 0.742215 0.027898
-1.803313 0.742215 0.112835
1.920527 0.648999 0.027014
1.993539 0.677518 0.025477
-1.926674 0.642152 0.053865
-1.926674 0.676427 0.030963
1.920527 0.709121 0.067186
1.920527 0.564561 0.029315
1.993539 0.593079 0.027778
-1.926674 0.557713 0.056166
-1.926674 0.591988 0.033264
1.920527 0.624683 0.069487
-1.926674 0.547921 0.054219
1.720688 0.605852 0.152623
1.761495 0.605852 0.144021
1.713618 0.605794 0.119957
1.713618 0.738318 0.144021
1.754425 0.746920 0.152623
1.720688 0.605852 0.152623
1.720688 0.746920 0.152623
1.720688 0.745609 0.025903
1.713618 0.739687 0.029887
1.713618 0.738318 0.144021
1.761495 0.738318 0.144021
1.754425 0.745609 0.025903
1.754425 0.605852 0.152623
1.761495 0.605852 0.144021
1.713618 0.605794 0.119957
1.761495 0.605794 0.119957
1.754425 0.605852 0.152623
1.761495 0.605794 0.119957
1.761495 0.605852 0.144021
1.761495 0.605794 0.119957
1.713618 0.605794 0.119957
0.011497 0.605852 0.152623
0.052304 0.605852 0.144021
0.011497 0.605852 0.152623
0.011497 0.746920 0.152623
0.004428 0.738318 0.144021
0.011497 0.745609 0.025903
0.004428 0.738318 0.144021
0.052304 0.738318 0.144021
0.045235 0.745609 0.025903
0.045235 0.605852 0.152623
0.052304 0.605852 0.144021
0.052304 0.738318 0.144021
0.052304 0.605794 0.119957
0.045235 0.605852 0.152623
0.052304 0.605794 0.119957
0.052304 0.605852 0.144021
0.045235 0.605852 0.152623
0.004428 0.605794 0.119957
0.004428 0.739687 0.029887
-1.761494 0.605852 0.144021
-1.713618 0.739687 0.029887
-1.713618 0.738318 0.144021
-1.754425 0.746920 0.152623
-1.720687 0.605852 0.152623
-1.713618 0.738318 0.144021
-1.713618 0.738318 0.144021
-1.713618 0.739687 0.029887
-1.761494 0.738318 0.144021
-1.754425 0.746920 0.152623
-1.754425 0.745609 0.025903
-1.761494 0.738318 0.144021
-1.754425 0.605852 0.152623
-1.761494 0.605852 0.144021
-1.761494 0.605794 0.119957
-1.761494 0.605794 0.119957
-1.713618 0.605794 0.119957
-1.713618 0.605852 0.144021
-1.720687 0.605852 0.152623
-1.761494 0.605794 0.119957
-1.720687 0.745609 0.025903
-0.011497 0.605852 0.152623
-0.052304 0.605852 0.144021
-0.004428 0.739687 0.029887
-0.011497 0.605852 0.152623
-0.004428 0.605852 0.144021
-0.004428 0.738318 0.144021
-0.004428 0.739687 0.029887
-0.011497 0.745609 0.025903
-0.052304 0.738318 0.144021
-0.045235 0.745609 0.025903
-0.052304 0.738318 0.144021
-0.052304 0.605852 0.144021
-0.052304 0.605852 0.144021
-0.052304 0.605794 0.119957
-0.045235 0.605852 0.152623
-0.052304 0.605794 0.119957
-0.004428 0.605794 0.119957
-0.011497 0.605852 0.152623
-0.052304 0.605794 0.119957
15 16
26 27
65 67
158 159
606 608
214 216
481 482
549 551
883 885
11 12
248 249
263 265
31 32
62 64
267 475
247 463
261 262
1 2
37 150
166 168
218 268
547 560
553 609
41 42
231 237
470 472
870 873
35 152
40 43
212 213
106 107
341 345
344 495
358 360
375 379
378 501
394 396
707 708
725 726
760 761
103 104
92 93
8 9
22 23
85 86
304 305
310 486
660 891
662 663
670 893
314 316
315 489
318 490
319 491
676 678
680 895
688 899
9 10
12 16
3 5
129 131
202 203
143 145
115 116
183 184
181 182
148 149
120 121
122 124
195 196
77 79
111 112
399 400
427 429
443 536
455 456
457 543
516 517
529 530
767 768
811 813
831 971
837 975
852 853
854 991
950 951
52 60
78 163
633 881
240 241
280 477
6 7
17 18
44 45
72 161
76 162
42 43
39 153
227 460
562 859
73 74
29 30
127 128
135 136
204 205
173 174
186 187
140 142
123 188
397 503
424 426
445 538
447 539
449 450
778 779
785 933
801 802
808 810
819 820
832 834
833 973
917 918
935 936
19 20
291 293
575 862
577 863
32 33
585 601
600 865
637 882
47 48
53 61
914 915
401 402
841 842
505 506
509 510
411 522
420 421
434 435
848 849
956 957
963 964
206 207
132 133
197 198
765 913
787 934
812 952
836 974
943 944
983 984
432 433
533 534
451 452
189 190
175 176
403 404
507 508
113 114
130 131
144 145
770 916
773 774
776 777
791 793
822 823
839 840
844 845
961 962
406 407
413 523
415 417
428 439
540 541
119 121
125 126
133 134
136 137
110 112
4 5
27 28
413 414
398 400
796 797
938 939
843 844
775 776
922 923
821 822
940 941
981 982
512 513
531 532
789 790
846 847
920 921
953 954
958 959
978 979
24 25
13 14
55 56
84 86
167 168
309 486
311 487
313 488
320 322
324 325
82 83
43 73
98 101
165 166
101 102
90 91
252 255
256 258
299 300
38 153
57 59
95 96
88 89
99 100
722 723
392 393
352 497
753 911
386 387
351 353
390 391
355 356
754 755
719 720
702 703
697 698
734 735
365 368
330 334
737 738
700 701
736 907
333 493
80 164
257 467
480 481
558 857
561 859
620 622
623 625
223 458
226 460
277 279
91 169
102 171
105 172
94 170
677 689
685 897
159 160
157 158
281 477
624 878
871 872
237 283
483 484
54 55
70 71
81 164
58 59
209 210
93 97
104 107
75 162
607 608
239 241
635 881
266 475
66 67
199 200
201 202
149 211
208 209
178 179
194 196
191 192
517 518
926 927
931 932
441 535
224 301
259 468
272 297
35 37
0 2
20 21
87 89
576 862
235 236
146 147
138 139
184 185
442 537
404 405
225 459
253 260
254 468
560 858
589 868
545 855
596 867
611 876
646 648
273 302
614 653
645 647
594 597
46 48
34 151
68 69
141 142
251 269
215 216
550 551
108 109
117 118
425 426
809 810
816 818
817 955
828 829
408 410
409 521
416 417
527 528
786 933
792 793
444 538
453 454
838 840
850 851
762 764
763 912
769 916
782 783
116 177
179 180
192 193
989 990
780 781
927 928
851 988
945 946
986 987
829 967
526 528
448 450
504 505
514 515
412 522
430 431
440 441
446 539
454 542
695 901
330 332
349 350
351 497
731 906
365 366
383 384
386 502
692 712
699 701
339 346
354 356
367 370
388 391
728 748
739 747
362 498
380 383
733 736
752 754
696 699
716 719
327 492
346 349
748 910
757 758
370 372
373 500
336 338
348 496
356 357
285 287
295 478
232 233
245 462
632 880
636 882
242 244
63 64
154 155
579 580
602 869
264 265
294 296
717 718
331 334
700 902
720 721
737 907
755 756
369 371
368 499
387 389
721 722
335 337
615 634
638 639
571 587
578 580
274 289
246 462
249 464
584 866
49 51
292 293
243 461
581 583
582 864
50 156
766 913
788 934
804 805
814 815
835 974
929 930
947 948
965 966
968 969
985 986
589 590
599 868
642 643
649 650
544 598
271 301
275 276
270 272
276 476
545 546
557 856
611 613
612 876
619 877
326 347
359 360
328 329
706 709
710 903
740 741
759 761
704 705
693 694
713 904
743 746
749 909
691 693
705 904
708 724
341 343
342 345
727 729
741 909
744 759
375 377
376 396
361 381
395 396
382 385
730 732
742 745
746 908
574 627
217 219
230 238
567 573
552 554
563 567
616 617
554 555
617 618
626 628
220 221
282 284
555 556
628 629
564 565
874 875
603 604
565 566
604 605
630 879
228 229
469 474
471 473
886 887
884 889
588 591
640 641
887 888
592 593
651 652
36 150
595 596
644 646
298 300
256 467
299 479
586 610
548 560
797 798
936 937
418 419
421 422
435 436
437 438
799 800
826 827
960 961
303 305
306 308
307 485
312 313
317 490
321 322
323 324
655 656
661 891
665 666
673 675
679 895
681 896
682 684
686 898
794 795
803 804
976 977
771 772
924 925
942 943
948 949
969 970
979 980
423 530
783 784
919 920
511 512
519 520
806 807
830 972
524 525
824 825
429 439
711 905
714 715
374 500
340 494
363 364
750 751
286 287
289 290
559 857
572 861
621 622
278 279
288 302
234 236
568 570
569 860
631 880
865 866
250 464
465 466
221 222
657 659
658 890
667 669
668 892
672 894
690 900
654 656
664 666
671 893
674 675
683 684
687 899
