8208210478534169097 137 150
0.955144 1.654357 1.105292
1.654357 0.955144 1.105292
0.676629 0.390652 1.105292
0.390652 0.676629 1.105292
0.000000 0.781303 1.105292
0.955144 1.654357 1.105292
0.390652 0.676629 1.105292
0.000000 1.910288 1.105292
-0.390652 0.676629 1.105292
-0.955144 1.654357 1.105292
-1.654357 0.955144 1.105292
-0.676629 0.390652 1.105292
-1.654357 0.955144 1.105292
-0.781303 -0.000000 1.105292
-1.910288 -0.000000 1.105292
-0.676629 0.390652 1.105292
-1.654357 -0.955144 1.105292
-0.781303 -0.000000 1.105292
-0.676629 -0.390652 1.105292
-1.910288 -0.000000 1.105292
-0.390652 -0.676629 1.105292
-0.955144 -1.654357 1.105292
-0.676629 -0.390652 1.105292
-1.654357 -0.955144 1.105292
-0.955144 -1.654357 1.105292
0.000000 -0.781303 1.105292
0.000000 -1.910288 1.105292
-0.390652 -0.676629 1.105292
0.955144 -1.654357 1.105292
0.390652 -0.676629 1.105292
1.654357 -0.955144 1.105292
0.676629 -0.390652 1.105292
0.781303 -0.000000 1.105292
1.654357 -0.955144 1.105292
0.676629 -0.390652 1.105292
1.910288 -0.000000 1.105292
1.910288 -0.000000 1.105292
0.781303 -0.000000 1.105292
1.654357 0.955144 1.105292
0.676629 0.390652 1.105292
0.390652 0.676629 0.000000
0.676629 0.390652 0.000000
0.000000 0.000000 0.000000
0.000000 0.781303 0.000000
-0.390652 0.676629 0.000000
-0.676629 0.390652 0.000000
-0.781303 0.000000 0.000000
-0.676629 -0.390652 0.000000
-0.390652 -0.676629 0.000000
0.000000 -0.781303 0.000000
0.390652 -0.676629 0.000000
0.676629 -0.390652 0.000000
0.781303 0.000000 0.000000
0.000000 -0.000000 9.659075
1.654357 0.955144 1.105292
0.955144 1.654357 1.105292
0.000000 -0.000000 9.659075
0.955144 1.654357 1.105292
0.000000 1.910288 1.105292
0.000000 -0.000000 9.659075
0.000000 1.910288 1.105292
-0.955144 1.654357 1.105292
0.000000 -0.000000 9.659075
-0.955144 1.654357 1.105292
-1.654357 0.955144 1.105292
0.000000 -0.000000 9.659075
-1.654357 0.955144 1.105292
-1.910288 -0.000000 1.105292
0.000000 -0.000000 9.659075
-1.910288 -0.000000 1.105292
-1.654357 -0.955144 1.105292
0.000000 -0.000000 9.659075
-1.654357 -0.955144 1.105292
-0.955144 -1.654357 1.105292
0.000000 -0.000000 9.659075
-0.955144 -1.654357 1.105292
0.000000 -1.910288 1.105292
0.000000 -0.000000 9.659075
0.000000 -1.910288 1.105292
0.955144 -1.654357 1.105292
0.000000 -0.000000 9.659075
0.955144 -1.654357 1.105292
1.654357 -0.955144 1.105292
0.000000 -0.000000 9.659075
1.654357 -0.955144 1.105292
1.910288 -0.000000 1.105292
0.000000 -0.000000 9.659075
1.910288 -0.000000 1.105292
1.654357 0.955144 1.105292
0.676629 0.390652 1.105292
0.676629 0.390652 0.000000
0.390652 0.676629 1.105292
0.390652 0.676629 0.000000
0.390652 0.676629 1.105292
0.390652 0.676629 0.000000
0.000000 0.781303 1.105292
0.000000 0.781303 0.000000
0.000000 0.781303 1.105292
0.000000 0.781303 0.000000
-0.390652 0.676629 1.105292
-0.390652 0.676629 0.000000
-0.390652 0.676629 1.105292
-0.390652 0.676629 0.000000
-0.676629 0.390652 1.105292
-0.676629 0.390652 0.000000
-0.676629 0.390652 1.105292
-0.781303 0.000000 0.000000
-0.781303 -0.000000 1.105292
-0.676629 0.390652 0.000000
-0.781303 -0.000000 1.105292
-0.676629 -0.390652 0.000000
-0.676629 -0.390652 1.105292
-0.781303 0.000000 0.000000
-0.676629 -0.390652 1.105292
-0.676629 -0.390652 0.000000
-0.390652 -0.676629 1.105292
-0.390652 -0.676629 0.000000
-0.390652 -0.676629 1.105292
-0.390652 -0.676629 0.000000
0.000000 -0.781303 1.105292
0.000000 -0.781303 0.000000
0.000000 -0.781303 1.105292
0.000000 -0.781303 0.000000
0.390652 -0.676629 1.105292
0.390652 -0.676629 0.000000
0.390652 -0.676629 1.105292
0.390652 -0.676629 0.000000
0.676629 -0.390652 1.105292
0.676629 -0.390652 0.000000
0.676629 -0.390652 1.105292
0.676629 -0.390652 0.000000
0.781303 -0.000000 1.105292
0.781303 0.000000 0.000000
0.781303 -0.000000 1.105292
0.781303 0.000000 0.000000
0.676629 0.390652 1.105292
0.676629 0.390652 0.000000
56 58
59 60
65 67
68 69
74 76
77 78
83 85
86 87
53 54
53 55
56 57
59 61
62 63
62 64
65 66
68 70
71 72
71 73
74 75
77 79
80 81
80 82
83 84
86 88
12 13
32 33
0 2
21 22
4 7
13 14
17 19
25 26
32 35
36 37
0 3
1 2
5 6
8 9
10 11
12 15
16 18
20 21
22 23
24 27
28 29
30 31
33 34
38 39
89 90
91 92
93 94
95 96
97 98
99 100
101 102
103 104
105 108
106 107
109 112
110 111
113 114
115 116
117 118
119 120
121 122
123 124
125 126
127 128
129 130
131 132
133 134
135 136
12 14
36 38
66 67
87 88
5 7
7 9
24 26
26 28
57 58
60 61
75 76
78 79
16 19
33 35
69 70
84 85
0 1
9 10
21 23
28 30
54 55
63 64
72 73
81 82
40 42
42 45
42 47
42 51
42 43
42 49
2 3
8 11
20 22
29 31
40 41
44 45
47 48
50 51
89 91
90 92
101 103
102 104
113 115
114 116
125 127
126 128
13 15
37 39
105 107
133 135
4 6
4 8
25 27
25 29
40 43
41 52
43 44
45 46
46 47
48 49
49 50
51 52
93 95
94 96
97 99
98 100
106 108
110 112
117 119
118 120
121 123
122 124
130 132
134 136
17 18
32 34
109 111
129 131
