13411516576753139173 1177 600
0.069463 -0.092057 0.125968
0.071015 -0.099454 0.108438
0.022478 -0.036924 -0.013129
-0.070542 0.133325 0.059070
-0.049567 0.018113 -0.071537
-0.069918 0.101223 -0.105601
-0.058971 0.013042 -0.079255
-0.057271 0.005710 -0.076507
-0.062417 0.072489 0.081505
-0.056738 0.073763 0.081392
0.015043 0.007249 0.109751
-0.022746 0.073275 0.083602
0.053763 -0.075283 0.001928
0.077143 -0.094296 0.106952
-0.074599 0.148894 0.024498
-0.073855 0.144726 0.012917
-0.017189 0.073154 0.055311
-0.055090 0.064654 0.056067
-0.006874 0.012108 -0.113962
-0.053814 0.012341 -0.084313
0.004362 -0.007945 -0.108320
-0.005374 0.049628 0.051327
-0.055090 0.064654 0.056067
-0.017189 0.073154 0.055311
-0.009592 0.004197 -0.108764
-0.053814 0.012341 -0.084313
-0.073336 0.096578 -0.115881
-0.006874 0.012108 -0.113962
0.004362 -0.007945 -0.108320
0.004362 -0.007945 -0.108320
0.022478 -0.036924 -0.013129
0.053763 -0.075283 0.001928
0.077143 -0.094296 0.106952
0.075923 -0.087152 0.126724
0.077143 -0.094296 0.106952
0.075842 -0.082358 0.145772
0.068672 -0.086114 0.146687
0.010932 -0.067736 0.004106
-0.009912 -0.006574 -0.001279
-0.007153 0.002914 -0.003815
0.012403 -0.055618 0.009991
0.007872 0.001435 0.027961
0.010785 0.010893 0.025476
0.032268 -0.046443 0.028580
0.030922 -0.056203 0.031586
0.022565 -0.049936 0.024347
0.010556 0.054551 0.070426
-0.002295 0.073333 0.117263
-0.021196 0.098097 0.100550
-0.026766 0.089564 0.100644
-0.005634 0.078245 0.063954
-0.013439 0.091445 0.096930
-0.005634 0.078245 0.063954
-0.006054 0.074486 0.105935
0.002636 0.061376 0.073703
0.007241 0.070408 0.072146
-0.010101 0.078688 0.052731
-0.014890 0.069751 0.054009
0.131971 -0.152458 0.048876
0.123648 -0.122305 0.068874
0.086538 -0.105719 0.035009
0.118283 -0.117215 0.057138
0.077510 -0.095625 0.034645
0.123591 -0.112313 0.066768
0.131441 -0.142388 0.047133
0.085215 -0.126690 0.015452
0.077510 -0.095625 0.034645
0.119759 -0.117625 0.054139
0.120079 -0.135504 0.057733
0.162024 -0.124242 0.064987
0.113403 -0.114367 0.041867
0.154455 -0.133745 0.064073
0.119759 -0.117625 0.054139
0.120901 -0.126181 0.047947
0.154455 -0.133745 0.064073
0.155402 -0.151725 0.067185
0.153109 -0.150646 0.076760
0.112711 -0.140351 0.055136
0.112370 -0.105829 0.047975
0.144729 -0.132382 0.081068
0.188952 -0.144539 0.065822
0.188027 -0.142213 0.083555
0.151490 -0.133446 0.076634
0.151971 -0.143507 0.078415
0.144440 -0.122352 0.079140
0.187497 -0.132144 0.081812
0.151490 -0.133446 0.076634
0.188422 -0.134469 0.064079
0.152001 -0.138589 0.060159
0.074041 -0.107720 0.032029
0.065919 -0.129098 0.004776
0.020204 -0.080315 -0.010032
0.065989 -0.119126 0.002572
0.060896 -0.107940 0.007137
0.029355 -0.081203 -0.001545
0.060896 -0.107940 0.007137
0.032780 -0.080002 0.015298
0.033702 -0.070168 0.012439
0.065243 -0.096905 0.021121
0.064841 -0.106823 0.023581
0.065243 -0.096905 0.021121
-0.000586 0.016249 0.022549
0.004859 0.044301 0.047597
-0.013231 0.064328 0.043511
-0.008619 0.073356 0.041965
-0.007723 0.040111 0.010094
-0.011419 0.030804 0.012318
-0.007723 0.040111 0.010094
0.008924 0.053536 0.045496
0.004859 0.044301 0.047597
0.002727 0.025630 0.020197
-0.000586 0.016249 0.022549
0.002727 0.025630 0.020197
-0.007841 0.077523 0.125371
-0.001450 0.073464 0.179532
-0.031671 0.087979 0.184284
-0.018763 0.093954 0.175258
0.004192 0.081960 0.179547
-0.001450 0.073464 0.179532
-0.003750 0.086296 0.172378
-0.007841 0.077523 0.125371
-0.002483 0.086165 0.124955
-0.023831 0.079009 0.211775
0.004088 0.070158 0.191261
0.005434 0.069717 0.258254
-0.017579 0.087189 0.212715
0.009217 0.071199 0.245825
0.003268 0.062862 0.245346
0.009217 0.071199 0.245825
-0.007324 0.082508 0.214596
0.025138 0.068703 0.234342
0.007122 0.078452 0.203419
-0.017579 0.087189 0.212715
-0.023831 0.079009 0.211775
0.231123 -0.152240 0.072056
0.229293 -0.117477 0.066040
0.183953 -0.130784 0.064487
0.219647 -0.128034 0.058885
0.175451 -0.123014 0.064300
0.227265 -0.119021 0.056168
0.229095 -0.153785 0.062185
0.177281 -0.157777 0.070316
0.175451 -0.123014 0.064300
0.000828 -0.021484 0.011835
-0.008040 0.020680 0.017844
-0.000235 0.054426 0.013499
0.008533 -0.005989 0.003409
-0.001740 0.037358 0.013773
0.004045 0.035799 0.022319
-0.008040 0.020680 0.017844
-0.007452 0.020604 0.029755
-0.002174 0.019105 0.026417
0.007365 -0.039834 0.020957
-0.029878 0.074922 0.167905
-0.009221 0.103644 0.169741
0.015187 0.086938 0.215318
0.006428 0.089355 0.220369
0.007723 0.081937 0.207276
-0.000993 0.084645 0.212050
0.015187 0.086938 0.215318
-0.002628 0.066909 0.206832
-0.011677 0.069789 0.211100
-0.004825 0.057883 0.214459
-0.022458 0.079632 0.176224
-0.014290 0.075819 0.172138
0.031183 -0.093926 0.006107
0.011557 -0.056610 0.011878
0.013559 -0.021666 0.004714
0.032575 -0.076324 0.001197
0.007382 -0.055067 0.014584
0.013551 -0.053865 0.022739
0.017828 -0.055241 0.019949
0.037632 -0.092298 0.014043
0.031183 -0.093926 0.006107
0.053038 -0.079585 0.009484
0.099689 -0.102785 0.037598
0.053878 -0.088030 0.003258
0.053038 -0.079585 0.009484
0.092366 -0.107485 0.035068
0.059922 -0.091453 0.015935
0.060870 -0.099915 0.009626
0.093314 -0.115947 0.028759
0.092223 -0.125289 0.039017
0.059124 -0.109152 0.020388
0.053878 -0.088030 0.003258
0.053038 -0.079585 0.009484
-0.031572 0.077932 0.144028
-0.011336 0.106871 0.145227
-0.011336 0.106871 0.145227
-0.008239 0.092838 0.100059
-0.023702 0.072880 0.147351
-0.031572 0.077932 0.144028
-0.013256 0.062891 0.096945
0.004237 0.093248 0.093988
-0.017721 0.077361 0.100931
-0.004282 0.046905 0.039136
0.003266 0.063342 0.035480
0.008074 0.087169 0.078154
-0.001401 0.080837 0.067099
0.005718 0.076528 0.071780
0.005718 0.076528 0.071780
-0.008526 0.056351 0.082464
-0.002648 0.060474 0.074344
-0.002648 0.060474 0.074344
0.002032 0.040039 0.045845
-0.004282 0.046905 0.039136
0.002032 0.040039 0.045845
0.048899 0.048501 0.245857
0.058177 0.064084 0.244676
0.022684 0.073707 0.231585
0.060070 0.064660 0.234181
0.019492 0.083183 0.231145
0.073054 0.070416 0.233841
0.053849 0.039528 0.247416
-0.003208 0.053214 0.240396
0.017206 0.082061 0.241864
0.214244 -0.141965 0.066440
0.237605 -0.143342 0.039454
0.262756 -0.139269 0.051177
0.251157 -0.140353 0.051601
0.250627 -0.130284 0.049859
0.236556 -0.145049 0.027691
0.237605 -0.143342 0.039454
0.237075 -0.133273 0.037711
0.236026 -0.134979 0.025948
0.202115 -0.132979 0.065121
0.041008 0.082560 -0.123712
0.039845 0.068894 -0.118664
-0.019178 -0.038985 0.007278
0.023824 -0.048599 -0.057768
0.027319 -0.071972 -0.030599
-0.025846 -0.030773 0.010106
-0.078237 -0.072060 0.044079
-0.091439 -0.075174 0.057138
0.023824 -0.048599 -0.057768
-0.054819 -0.046272 0.013658
-0.039630 0.105428 -0.057912
-0.043689 0.103695 -0.062448
-0.058877 -0.048005 0.009123
-0.054819 -0.046272 0.013658
-0.069487 -0.097841 0.063659
-0.102911 -0.063377 0.054403
-0.095196 -0.078492 0.053276
0.019141 -0.079188 -0.022782
-0.069487 -0.097841 0.063659
0.031057 -0.073926 -0.034426
0.062114 0.065236 -0.115405
0.083391 -0.052642 0.009849
0.054002 0.019452 -0.090647
0.060678 -0.061368 0.024129
0.075647 -0.057385 0.017517
0.075955 -0.056163 0.016963
0.075647 -0.057385 0.017517
0.076348 -0.054551 0.016244
0.080748 -0.054103 0.012428
0.054002 0.019452 -0.090647
0.099618 0.038935 -0.039672
0.060117 -0.055914 0.005204
0.059207 -0.057671 0.005155
0.005374 -0.017445 0.044998
-0.025846 -0.030773 0.010106
0.048565 -0.059749 0.011943
0.036972 -0.062626 0.019093
-0.085029 -0.101112 0.078818
0.036918 0.107680 -0.051205
0.054804 0.088194 -0.107535
-0.001187 0.102675 -0.062964
0.058416 -0.009764 -0.030901
0.055255 0.075945 -0.097952
0.062114 0.065236 -0.115405
0.056714 0.036387 -0.067005
0.058416 -0.009764 -0.030901
0.091505 -0.006854 -0.014911
0.058416 -0.009764 -0.030901
0.080748 -0.054103 0.012428
0.060117 -0.055914 0.005204
0.076348 -0.054551 0.016244
0.059207 -0.057671 0.005155
0.059207 -0.057671 0.005155
0.058760 -0.058456 0.005162
0.036972 -0.062626 0.019093
0.048565 -0.059749 0.011943
-0.057966 -0.092918 0.076537
0.027527 -0.064971 0.024917
-0.063180 -0.094304 0.078840
-0.074887 -0.096780 0.090151
-0.095196 -0.078492 0.053276
-0.083458 -0.095012 0.079431
-0.091439 -0.075174 0.057138
-0.098853 -0.061644 0.058939
0.043555 0.081145 -0.129330
0.041325 0.064281 -0.125904
0.041008 0.082560 -0.123712
0.054804 0.088194 -0.107535
0.041402 0.027985 -0.065546
0.043913 0.005365 -0.068928
0.061652 -0.053406 -0.034148
0.068585 -0.056403 -0.008957
0.074404 -0.027709 0.030314
0.074405 -0.007814 0.041873
0.061657 0.060914 0.032270
0.054154 0.073577 0.010475
0.048558 0.068255 -0.014356
0.054623 0.065634 0.007684
0.071893 0.014806 0.045254
0.074405 -0.007814 0.041873
0.067248 -0.048084 -0.009317
0.061183 -0.045463 -0.031357
0.048554 -0.016536 -0.063618
0.059978 -0.014828 -0.066558
-0.012300 0.048705 -0.019016
-0.025023 0.000077 0.064684
0.013134 0.005782 0.054862
-0.059926 0.043413 0.035472
-0.008080 0.054372 0.000671
-0.065440 0.045796 0.015436
-0.066178 0.050391 0.015237
-0.060185 0.047801 0.037014
-0.079387 0.044930 0.041957
-0.079895 0.053536 0.044981
0.008912 -0.051391 0.005251
0.013132 -0.045724 0.024939
0.019277 -0.018969 0.064351
0.015418 -0.014782 0.051788
-0.092134 0.049406 -0.004963
-0.089967 0.041360 -0.001218
-0.070765 0.044231 -0.006161
-0.066908 0.016348 0.073833
-0.047706 0.019219 0.068890
0.041915 0.069448 -0.039469
0.039043 0.053284 -0.060015
0.050636 0.037830 0.051971
0.061657 0.060914 0.032270
0.068589 0.040514 0.047349
0.054154 0.073577 0.010475
0.055339 0.063729 -0.038953
0.052826 0.049588 -0.056928
0.059978 -0.014828 -0.066558
0.066042 -0.032677 -0.053365
0.089243 -0.031725 0.004001
0.091405 -0.019556 0.019471
0.078676 0.038415 0.037004
0.072611 0.056263 0.023811
0.047217 -0.020343 -0.071023
0.054149 -0.040744 -0.055943
0.021090 0.050600 -0.055394
0.039043 0.053284 -0.060015
-0.073248 0.030259 -0.023922
-0.025023 0.000077 0.064684
0.013134 0.005782 0.054862
0.012669 -0.025508 -0.062130
-0.009875 -0.029027 -0.040542
-0.066010 0.004890 -0.071158
-0.091012 0.001152 -0.064722
-0.005856 -0.052272 -0.052631
-0.013121 -0.038269 -0.058518
-0.066010 0.004890 -0.071158
-0.098429 0.023041 -0.044733
-0.097917 0.004514 -0.053503
-0.091012 0.001152 -0.064722
0.026507 -0.070976 -0.048857
0.030111 -0.075445 -0.035510
0.029264 -0.023027 -0.066401
-0.092134 0.049406 -0.004963
-0.094989 0.032835 -0.025679
-0.094989 0.032835 -0.025679
-0.092134 0.049406 -0.004963
-0.098429 0.023041 -0.044733
-0.094989 0.032835 -0.025679
-0.071944 0.027273 -0.020593
-0.073214 0.016088 -0.032019
0.036196 -0.043428 -0.051322
0.025137 -0.045081 -0.048475
0.026507 -0.070976 -0.048857
0.021560 -0.048173 -0.059688
-0.001964 -0.041187 -0.031071
-0.001964 -0.041187 -0.031071
0.047664 -0.058636 -0.009555
0.042750 -0.056156 -0.029414
0.044941 -0.066391 -0.024640
0.003398 -0.049008 -0.014784
-0.002566 0.051989 0.020707
0.003402 0.041918 0.038041
0.008912 -0.051391 0.005251
0.003398 -0.049008 -0.014784
0.047664 -0.058636 -0.009555
0.075460 0.042521 -0.006421
0.078952 0.036628 0.003723
0.082176 -0.017974 -0.015465
0.078950 -0.016579 -0.027189
0.068427 0.033077 -0.039228
0.084646 -0.014657 -0.003944
0.082176 -0.017974 -0.015465
0.068426 0.022493 -0.045377
0.044343 -0.082849 0.113804
0.042612 -0.096537 0.110884
0.108577 -0.105897 0.068145
0.056581 -0.067177 0.079698
0.056581 -0.067177 0.079698
0.108577 -0.105897 0.068145
0.102892 -0.109658 0.062006
0.040890 -0.088445 0.095382
0.093272 -0.127854 0.084026
0.047427 -0.062951 0.079333
0.017082 -0.033357 0.092554
0.012745 -0.040774 0.083660
0.012745 -0.040774 0.083660
0.093648 -0.129340 0.082839
0.089723 -0.134235 0.076473
-0.006652 -0.071953 0.087998
0.021124 -0.123337 0.076030
0.081337 -0.148192 0.067290
0.092887 -0.125466 0.042695
0.093352 -0.119605 0.048339
0.095043 -0.119448 0.049274
0.025872 -0.107177 0.071020
0.018584 -0.106957 0.067760
0.027665 -0.087600 0.047277
-0.013482 -0.071478 0.042977
-0.053991 -0.087305 0.080121
-0.049186 -0.088410 0.092519
0.088224 -0.147075 0.070507
0.093466 -0.140536 0.079010
-0.048667 0.096015 0.060103
-0.068354 0.086680 0.023009
0.034005 0.057015 0.051840
0.031268 0.053030 0.037766
0.001412 0.055330 -0.009545
0.032117 0.047845 0.038628
0.015302 0.051270 0.046632
0.016751 0.040075 0.010383
0.040403 0.044316 0.028813
0.032117 0.047845 0.038628
-0.048074 0.040470 0.011488
0.005128 0.027657 -0.017244
0.006021 0.047132 -0.022197
-0.046806 0.058943 0.006920
0.014304 0.051923 -0.004131
0.010564 0.053379 -0.014449
0.008958 0.041700 0.014228
0.016557 0.071367 0.040925
0.016239 0.066846 0.042222
0.005398 0.053724 0.000317
0.016239 0.066846 0.042222
0.012814 0.065028 0.035229
0.020775 0.071735 0.029304
0.001718 0.061457 -0.011168
0.012148 0.054305 0.038284
0.005230 0.055666 0.041616
0.001412 0.055330 -0.009545
-0.049206 0.048920 0.005856
-0.046806 0.058943 0.006920
-0.042312 0.064723 0.013967
0.000036 0.028371 -0.002331
-0.044031 0.038639 0.020568
0.012409 0.062252 0.065479
0.016361 0.060340 0.059607
0.012409 0.062252 0.065479
0.016369 0.054124 0.061587
0.017730 0.064835 0.075607
0.012409 0.062252 0.065479
0.053037 0.069648 0.127834
0.039260 0.064198 0.103616
0.008045 0.076783 0.116319
0.012026 0.071443 0.115682
0.034942 0.063122 0.106179
0.032809 0.062251 0.102358
0.018371 0.026958 0.041841
0.019233 0.047878 0.036135
0.023860 0.035983 0.072140
0.015945 0.035005 0.067201
0.053037 0.069648 0.127834
0.046809 0.077514 0.128468
-0.013492 -0.047293 0.021287
-0.002515 -0.036207 0.013192
0.032802 0.004398 0.066394
-0.002289 -0.029246 0.011636
0.038352 -0.003210 0.027674
0.039408 0.001087 0.040235
0.014737 -0.027070 0.027123
0.038352 -0.003210 0.027674
0.039408 0.001087 0.040235
0.017656 -0.017719 0.053375
0.006678 -0.025214 0.031031
0.001320 -0.021050 -0.009470
0.002753 -0.030255 -0.003194
0.011814 -0.003109 0.010374
0.013244 -0.012023 0.016475
0.013828 0.003483 0.059635
0.013919 0.008870 0.058198
0.013244 -0.012023 0.016475
0.004200 -0.009979 0.020902
0.011814 -0.003109 0.010374
0.010002 -0.016043 0.057021
0.006678 -0.025214 0.031031
-0.002515 -0.036207 0.013192
0.010373 0.006735 0.051144
0.010266 0.001308 0.052555
0.013919 0.008870 0.058198
0.013828 0.003483 0.059635
-0.048051 -0.018581 0.034234
0.007831 -0.001973 0.000322
0.004200 -0.009979 0.020902
0.002793 -0.001084 0.014819
0.016137 0.012876 0.090738
0.030165 0.018786 0.116778
0.004462 0.023461 0.129681
0.015151 0.015009 0.072596
0.038490 0.025403 0.115494
0.008876 0.027602 0.125889
0.036323 0.024609 0.111583
0.004462 0.023461 0.129681
0.028810 0.006496 0.072079
-0.001426 0.020883 0.118425
-0.045978 0.010578 0.027349
-0.000633 0.014376 0.001308
0.018371 0.026958 0.041841
0.015945 0.035005 0.067201
0.019890 0.056615 0.148539
0.019550 0.029516 0.158327
0.038637 0.045135 0.109294
0.036484 0.044309 0.105442
0.012026 0.071443 0.115682
0.020743 0.082456 0.140147
0.010035 0.070537 0.111950
0.000446 0.073212 0.101908
0.019550 0.029516 0.158327
0.006513 0.024350 0.133564
-0.049738 0.077271 0.065389
0.000446 0.073212 0.101908
-0.055317 0.001807 0.087208
-0.001748 0.009046 0.122320
-0.068354 0.086680 0.023009
-0.072994 0.030662 0.037743
0.039850 -0.047500 0.103238
0.031290 -0.052419 0.106407
0.031163 -0.062722 0.095448
0.035172 -0.037563 0.113383
0.027742 -0.044742 0.114250
0.019830 -0.038806 0.119856
0.010270 -0.024016 0.125569
0.011994 -0.026111 0.135576
0.000626 -0.096422 0.039615
0.013924 -0.091361 0.048961
-0.004249 -0.096746 0.048760
-0.015026 -0.098085 0.044876
-0.030719 -0.105793 0.034890
-0.047002 -0.099693 0.039881
-0.043453 -0.100844 0.049555
-0.039261 -0.091370 0.049145
0.055459 0.034159 -0.011119
0.087409 0.005796 -0.077755
0.090790 -0.001062 -0.078561
0.087409 0.005796 -0.077755
0.090790 -0.001062 -0.078561
0.099122 0.003707 -0.048997
0.099979 0.001980 -0.049193
0.023547 0.028229 -0.044181
0.038883 0.032409 -0.019200
-0.011808 0.064384 0.027856
-0.006495 0.054803 0.035473
0.083174 -0.010855 -0.072422
0.098762 -0.006602 -0.047010
0.048792 -0.012825 0.000834
0.104776 -0.018882 -0.043045
0.087537 -0.023987 -0.072729
0.023182 -0.011199 -0.037215
0.080697 -0.020576 -0.069306
0.038538 -0.007013 -0.012199
0.096280 -0.016324 -0.043901
0.023182 -0.011199 -0.037215
0.017415 -0.014981 -0.033188
0.052125 0.010667 -0.005143
-0.013162 0.007819 0.047426
0.106403 -0.007419 -0.045962
0.104776 -0.018882 -0.043045
-0.009829 0.031311 0.041450
0.020235 0.038331 -0.034548
0.019113 0.038578 -0.024243
0.029303 0.040172 -0.023172
0.019113 0.038578 -0.024243
0.019735 0.068552 -0.018802
0.011107 0.076537 -0.011330
-0.010320 0.080999 -0.010973
-0.006028 0.073800 -0.004869
0.004311 -0.030842 -0.012109
0.004789 -0.024464 -0.003948
-0.004861 -0.038257 -0.002920
-0.002263 -0.030240 0.003119
-0.015341 -0.039303 0.007404
-0.026789 -0.035062 0.018553
0.013634 0.129145 -0.119931
0.019717 0.097717 -0.099978
0.053106 0.100308 -0.174947
0.010905 0.122417 -0.129488
0.002501 0.124333 -0.124244
0.002996 0.120039 -0.130959
0.053106 0.100308 -0.174947
0.052538 0.096046 -0.181322
0.050541 0.072599 -0.161012
0.007840 0.095311 -0.115333
0.007339 0.099639 -0.108640
-0.036695 0.098052 -0.048571
-0.022665 0.112018 -0.081960
0.039363 0.092336 -0.183387
0.044276 0.067224 -0.167510
-0.053459 0.086300 -0.061972
-0.015390 0.061389 -0.132428
0.041234 0.055877 -0.175553
0.033832 0.053833 -0.175322
-0.034055 0.095712 -0.158052
-0.020438 0.103610 -0.149692
0.031336 0.087682 -0.188312
0.033240 0.088043 -0.188282
0.038153 0.062931 -0.172405
0.033832 0.053833 -0.175322
0.041234 0.055877 -0.175553
-0.067186 0.109140 -0.128382
0.044358 0.090311 -0.187860
0.039363 0.092336 -0.183387
0.049414 0.061612 -0.169014
0.009859 0.117621 -0.110121
0.001521 0.123781 -0.109943
0.001687 0.125028 -0.091030
0.001936 0.129892 -0.080575
0.010720 0.125557 -0.077176
0.005324 0.128800 -0.064749
-0.002345 0.139538 -0.049938
-0.004926 0.129818 -0.052459
-0.034064 0.086829 -0.145231
-0.053765 0.086153 -0.135356
-0.035278 0.082814 -0.135749
-0.064797 0.083109 -0.133918
-0.074401 0.082116 -0.127915
-0.083883 0.082874 -0.116998
0.060260 0.018587 -0.044627
0.062047 0.028601 -0.038258
0.103148 -0.009525 -0.085939
0.060260 0.018587 -0.044627
0.052021 0.020579 -0.039156
0.053012 0.014396 -0.044113
0.103122 -0.015761 -0.090437
0.053012 0.014396 -0.044113
0.064380 -0.001973 -0.022159
0.052021 0.020579 -0.039156
0.025062 0.015306 0.045690
0.022445 0.035165 -0.014138
0.115813 -0.034620 -0.064214
0.107871 -0.032198 -0.064680
0.102556 -0.039000 -0.066998
0.010510 -0.003313 0.039343
0.048302 -0.043462 -0.023854
0.094898 -0.055988 -0.068482
0.081897 -0.036715 -0.095208
0.032670 -0.011632 -0.052986
0.083931 -0.029881 -0.091261
0.095466 -0.046498 -0.068964
0.083931 -0.029881 -0.091261
0.097240 -0.045801 -0.069317
0.101612 -0.052790 -0.070408
-0.004042 -0.021931 0.032995
0.108713 -0.043705 -0.067311
0.096022 -0.024846 -0.093534
0.108713 -0.043705 -0.067311
0.102556 -0.039000 -0.066998
0.066155 0.035565 -0.014701
0.061656 0.020710 -0.024810
0.049658 0.020525 -0.016382
0.059140 0.016383 -0.015729
0.062957 0.039603 0.003305
0.057833 0.045877 0.014638
0.041026 0.059055 0.019437
0.040542 0.048763 0.020599
0.008281 -0.038484 -0.039946
-0.009676 -0.035094 -0.034248
-0.006823 -0.045056 -0.033913
-0.020982 -0.035980 -0.024820
-0.013415 -0.034018 -0.018010
-0.022052 -0.031324 -0.006704
-0.031580 0.121022 -0.134546
-0.029034 0.130070 -0.127083
-0.006532 0.092983 -0.109725
-0.031580 0.121022 -0.134546
-0.038588 0.121446 -0.127300
-0.003400 0.096903 -0.188272
-0.038329 0.116195 -0.133312
-0.021776 0.097720 -0.117070
-0.022057 0.102996 -0.111081
-0.063012 0.129476 -0.094860
-0.056446 0.139082 -0.090674
-0.047003 0.111322 -0.078313
-0.008715 0.090102 -0.190591
0.013407 0.078142 -0.171768
0.008091 0.071340 -0.174087
-0.035636 0.055745 -0.122420
0.001201 0.054180 -0.176828
-0.018098 0.076098 -0.196876
-0.015648 0.082403 -0.192330
-0.014031 0.083301 -0.192909
-0.058671 0.090168 -0.142185
-0.042118 0.071693 -0.125943
0.002775 0.064539 -0.176406
-0.097843 0.086115 -0.108731
-0.088352 0.061412 -0.058028
-0.076009 0.063828 -0.053572
-0.004582 0.088743 -0.196080
-0.008715 0.090102 -0.190591
0.008091 0.071340 -0.174087
-0.026188 0.120225 -0.115324
-0.020468 0.133704 -0.103980
-0.026518 0.114370 -0.106773
-0.021392 0.126418 -0.096661
-0.032248 0.148979 -0.077161
-0.039114 0.149498 -0.062130
-0.029673 0.139190 -0.057701
-0.038800 0.139146 -0.062621
-0.078342 0.059656 -0.129225
-0.094865 0.060589 -0.119607
-0.091483 0.050973 -0.121502
-0.103889 0.057315 -0.108410
-0.095180 0.058863 -0.103001
-0.101394 0.059059 -0.089924
0.012714 -0.010581 0.122620
0.017792 -0.022936 0.112532
-0.010846 -0.078760 0.145633
0.015099 -0.026411 0.107955
0.015993 -0.073885 0.117034
0.007908 -0.078672 0.126122
0.025073 -0.051930 0.124888
0.015373 -0.063790 0.109441
0.025639 -0.062122 0.132399
0.017427 -0.067071 0.141313
0.008541 -0.037960 0.124363
-0.034561 -0.006883 0.091687
0.009678 -0.050858 0.096947
0.012360 -0.047947 0.106940
-0.001064 -0.049767 0.109024
-0.014681 -0.057478 0.131449
-0.016926 -0.060300 0.127786
0.012360 -0.047947 0.106940
0.018274 -0.040137 0.110890
0.009678 -0.050858 0.096947
0.017792 -0.022936 0.112532
0.008541 -0.037960 0.124363
-0.016926 -0.060300 0.127786
-0.014681 -0.057478 0.131449
-0.019680 -0.065214 0.133451
-0.017448 -0.062405 0.137092
-0.027825 -0.000709 0.115012
0.011756 -0.047140 0.086543
-0.039313 -0.015047 0.095280
0.001199 -0.045471 0.098196
0.003907 -0.042597 0.108148
-0.025503 -0.076133 0.152850
-0.046619 -0.093359 0.178924
-0.070226 -0.077825 0.181695
-0.029749 -0.071716 0.142900
-0.048002 -0.096300 0.181963
-0.071630 -0.080619 0.184673
-0.051729 -0.097865 0.178801
-0.050139 -0.102249 0.175555
-0.043924 -0.100750 0.173432
-0.017105 -0.077605 0.148707
-0.039313 -0.015047 0.095280
-0.002905 -0.049638 0.077368
-0.036874 -0.090933 0.134154
-0.019209 -0.076853 0.111366
-0.038239 -0.083211 0.129007
-0.092887 -0.114281 0.185103
-0.080628 -0.098571 0.203592
-0.052540 -0.112045 0.159583
-0.115317 -0.068368 0.074141
-0.054192 -0.107125 0.066832
-0.100885 -0.038528 0.040204
-0.030292 -0.110455 0.087010
-0.025426 -0.103159 0.095936
-0.003166 -0.089181 0.076630
-0.002385 -0.099364 0.084528
-0.038113 -0.089961 0.102126
-0.012274 -0.102793 0.059136
-0.011396 -0.113165 0.067211
-0.031324 -0.114371 0.082956
-0.050167 -0.026285 0.063461
-0.053259 -0.029148 0.052431
0.001728 -0.059641 0.054067
-0.000903 -0.062939 0.042812
-0.019769 -0.074755 0.076371
-0.042676 -0.095334 0.083202
-0.045384 -0.100325 0.089280
-0.022561 -0.077622 0.055637
-0.047543 -0.103449 0.085428
-0.035412 -0.085022 0.096193
-0.040378 -0.093153 0.098154
-0.037676 -0.088208 0.092171
-0.025426 -0.103159 0.095936
-0.045384 -0.100325 0.089280
-0.040378 -0.093153 0.098154
-0.020823 -0.074182 0.044371
-0.064052 -0.045931 0.051562
-0.051490 -0.030249 0.073883
-0.023589 -0.078083 0.039074
-0.020823 -0.074182 0.044371
-0.029117 -0.088063 0.058910
-0.048450 -0.107090 0.114675
-0.049978 -0.098532 0.108931
-0.070345 -0.124955 0.141248
-0.060544 -0.105085 0.120779
-0.046975 -0.094748 0.114170
-0.072096 -0.147295 0.167471
-0.069791 -0.120767 0.144948
-0.071267 -0.123824 0.147962
-0.070345 -0.124955 0.141248
-0.061386 -0.124262 0.145501
-0.071912 -0.005576 0.088563
-0.051490 -0.030249 0.073883
-0.008938 -0.057724 0.066577
-0.038239 -0.083211 0.129007
-0.052540 -0.112045 0.159583
-0.053951 -0.115065 0.162590
-0.062904 -0.134662 0.181645
-0.057947 -0.112456 0.163082
-0.090717 -0.101369 0.135439
-0.088592 -0.109303 0.147250
-0.106145 -0.131633 0.166304
-0.090064 -0.112223 0.150285
-0.066168 -0.069888 0.173133
-0.090717 -0.101369 0.135439
-0.066168 -0.069888 0.173133
-0.061315 -0.063805 0.180928
-0.104421 -0.055872 0.090886
-0.071912 -0.005576 0.088563
-0.080628 -0.098571 0.203592
-0.071630 -0.080619 0.184673
-0.066505 0.146394 0.018278
-0.078534 0.132850 0.011048
-0.013569 0.100022 -0.035834
-0.020472 0.092358 -0.039902
-0.040532 0.119682 -0.073878
-0.030613 0.114245 -0.080395
-0.036348 0.105007 -0.051577
-0.017111 0.129352 -0.072469
-0.008802 0.120316 -0.069320
-0.026065 0.097311 -0.054269
-0.093355 0.149068 -0.050431
-0.088962 0.158172 -0.048938
-0.054646 0.137323 -0.097162
-0.053082 0.127648 -0.091802
-0.046314 0.121515 -0.067446
-0.031735 0.118091 -0.039592
-0.028524 0.112670 -0.034669
-0.034486 0.137430 -0.076220
-0.028772 0.121371 -0.037881
-0.025572 0.115924 -0.032963
-0.020472 0.092358 -0.039902
-0.023101 0.091340 -0.033422
-0.016769 0.108917 -0.047351
-0.023727 0.101171 -0.051443
-0.038560 0.101424 -0.040649
-0.075045 0.158114 -0.035924
-0.081384 0.161874 -0.042921
-0.035793 0.147114 -0.081423
-0.041130 0.139457 -0.068865
-0.032932 0.136535 -0.059554
-0.045527 0.129941 -0.069741
-0.031423 0.087729 -0.012525
-0.036340 0.095776 -0.019498
-0.037393 0.092146 -0.028587
-0.033679 0.096963 -0.026226
-0.036340 0.095776 -0.019498
-0.037393 0.092146 -0.028587
-0.005146 0.044683 0.022932
-0.017061 0.064205 0.007042
-0.021279 0.061302 0.006695
-0.023167 0.064422 0.004161
-0.021059 0.057645 0.002352
-0.091904 0.139894 -0.046446
-0.049484 0.089870 -0.059900
-0.068573 0.119773 -0.089963
-0.059725 0.129733 -0.084300
-0.028571 0.043823 -0.007619
-0.031763 0.044866 -0.004193
-0.094402 0.047496 -0.077514
-0.143052 0.062355 -0.025514
-0.063554 0.053616 -0.078143
-0.059806 0.044728 -0.066029
-0.082181 0.059411 -0.072258
-0.076560 0.057475 -0.078530
-0.062844 0.074045 -0.068896
-0.071751 0.066088 -0.108763
-0.062801 0.057016 -0.105424
-0.046904 0.066949 -0.084033
-0.052332 0.066184 -0.071641
-0.125831 0.120142 -0.072681
-0.117220 0.124334 -0.065773
-0.090845 0.096626 -0.121456
-0.088971 0.086959 -0.116233
-0.090845 0.096626 -0.121456
-0.073637 0.090295 -0.085313
-0.082181 0.059411 -0.072258
-0.078559 0.053996 -0.067013
-0.088460 0.085835 -0.099677
-0.080250 0.090480 -0.092407
-0.128046 0.078530 -0.017238
-0.079012 0.063217 -0.070057
-0.056390 0.062498 -0.073006
-0.068159 0.066640 -0.059854
-0.076951 0.073714 -0.059232
-0.071678 0.071988 -0.065008
-0.125831 0.120142 -0.072681
-0.130792 0.110261 -0.074495
-0.088971 0.086959 -0.116233
-0.077549 0.109670 -0.095925
-0.070889 0.107498 -0.103523
-0.058780 0.051391 -0.045300
-0.066112 0.058627 -0.046860
-0.068800 0.057452 -0.039910
-0.066112 0.058627 -0.046860
-0.042364 0.031943 -0.017645
-0.061662 0.063427 -0.044042
-0.037544 0.003355 0.003239
-0.057427 0.010007 0.024573
-0.064351 0.036358 0.003898
-0.049554 0.032213 -0.012043
-0.044376 0.034564 -0.013412
-0.042507 0.031285 -0.010878
-0.062844 0.074045 -0.068896
-0.049484 0.089870 -0.059900
-0.042553 0.071331 -0.034644
-0.049136 0.077868 -0.036034
-0.037544 0.003355 0.003239
-0.057427 0.010007 0.024573
-0.040833 0.031633 0.033909
-0.024660 0.051360 0.043300
-0.064351 0.036358 0.003898
-0.062516 0.033225 0.006490
-0.128046 0.078530 -0.017238
-0.075931 0.042569 -0.001959
-0.078534 0.132850 0.011048
-0.043106 0.082118 0.017353
-0.075931 0.042569 -0.001959
-0.083288 0.033466 -0.006249
-0.084607 0.176027 -0.007118
-0.121637 0.136949 -0.028988
-0.112710 -0.012147 -0.018022
-0.104159 -0.019048 -0.034109
-0.088391 -0.031772 -0.063752
-0.079351 -0.039067 -0.080752
-0.012176 -0.061191 -0.052253
-0.002029 -0.051074 -0.051180
0.032282 -0.062256 0.086036
0.013045 -0.054729 0.083626
0.073200 -0.058630 0.063520
0.081266 -0.065706 0.045705
0.053600 -0.090289 -0.005935
0.066662 -0.092402 0.010110
0.073321 -0.091092 0.029766
0.044230 -0.077236 0.075641
0.028567 -0.069700 0.080437
-0.048500 -0.037123 0.044566
-0.057976 -0.024230 0.033880
-0.001177 -0.068863 -0.012791
0.036087 -0.085087 -0.015906
-0.017492 -0.047386 0.057592
-0.024149 -0.048701 0.037932
0.016883 -0.077558 -0.018317
-0.022569 -0.037230 -0.025980
-0.027437 -0.048875 -0.023551
-0.012176 -0.061191 -0.052253
-0.061611 -0.047320 -0.084856
-0.043205 -0.036151 0.006091
-0.104159 -0.019048 -0.034109
0.026425 -0.045429 -0.037234
0.081158 -0.048838 0.001779
0.023477 -0.043054 -0.031754
0.027370 -0.033746 -0.033696
0.084105 -0.051214 -0.003701
-0.016494 -0.010843 0.042556
0.037294 -0.025936 0.078031
-0.012602 -0.001535 0.040615
-0.015550 0.000840 0.046095
-0.060044 0.002925 0.021258
-0.127713 0.021912 -0.023371
0.020727 -0.044038 -0.041989
0.015705 -0.056050 -0.039484
-0.127849 0.024396 -0.011733
0.002994 -0.039062 -0.053685
-0.016794 -0.025430 -0.027989
-0.029165 -0.021959 -0.036148
-0.016794 -0.025430 -0.027989
-0.043177 -0.001856 0.032151
-0.025444 -0.006832 0.043847
-0.032684 -0.012625 0.001553
0.029329 -0.019517 0.092839
0.064158 -0.094706 0.031652
0.058390 -0.095844 0.014618
-0.020358 -0.057958 0.038734
-0.014587 -0.056820 0.055776
-0.077304 0.072529 -0.035681
-0.057909 0.041128 -0.078955
-0.076895 0.062624 -0.013944
-0.071991 0.074352 -0.016390
0.003044 0.024025 -0.038754
0.066639 0.019931 0.068900
0.047411 0.027479 0.066487
0.115607 0.016404 0.028576
0.116363 0.011848 0.008298
0.096641 0.012647 -0.027402
0.116363 0.011848 0.008298
0.115607 0.016404 0.028576
0.075365 0.040781 0.064548
0.056138 0.048331 0.062133
-0.005420 0.065907 0.023080
0.027764 0.042702 -0.021654
0.079156 0.017917 -0.037387
0.018940 0.054350 0.016441
0.019699 0.049798 -0.003837
0.007913 0.035669 -0.041183
-0.007820 0.048477 -0.011558
0.038655 0.053542 0.052147
0.007913 0.035669 -0.041183
-0.053040 0.052773 -0.081383
-0.077304 0.072529 -0.035681
-0.068773 0.065580 -0.051758
0.041993 -0.008197 -0.044999
0.039045 -0.005822 -0.039519
0.035153 -0.015130 -0.037578
0.048970 0.001989 0.072207
-0.004818 0.017081 0.036733
-0.000926 0.026389 0.034791
-0.004818 0.017081 0.036733
0.048970 0.001989 0.072207
0.046022 0.004364 0.077687
-0.114340 0.060913 -0.027055
0.008703 0.026610 -0.015012
-0.004853 0.042412 0.033578
0.023584 0.010181 -0.063954
0.036295 -0.006806 -0.049753
0.018562 -0.001830 -0.061449
-0.001226 0.011802 -0.035753
0.003586 0.001427 -0.075858
-0.027609 0.035376 0.024387
-0.044475 0.040157 0.013493
0.023584 0.010181 -0.063954
0.041318 0.005205 -0.052258
0.077024 0.046190 0.056269
0.060355 0.052735 0.054173
0.095478 0.021796 -0.023460
0.080311 0.026338 -0.032127
0.034209 -0.026813 -0.041117
0.087998 -0.041906 -0.005642
-0.049470 0.025041 0.039750
0.028218 0.003242 0.090988
0.037113 -0.000901 0.088956
-0.119929 0.040528 -0.027254
-0.127713 0.021912 -0.023371
-0.024900 0.005991 -0.002329
-0.120065 0.043012 -0.015615
0.087998 -0.041906 -0.005642
0.034209 -0.026813 -0.041117
0.028218 0.003242 0.090988
-0.049470 0.025041 0.039750
-0.004197 -0.017190 -0.071975
-0.052260 0.021541 0.017376
-0.119929 0.040528 -0.027254
-0.122124 0.042297 -0.023173
-0.009010 -0.006814 -0.031871
0.054420 -0.002761 0.086366
0.053661 0.015245 0.087568
0.022207 0.075222 -0.064916
0.069733 0.017608 0.099058
0.058193 0.018206 0.094930
0.030932 0.082153 -0.063709
0.021471 0.079792 -0.061854
0.087933 0.092443 -0.077296
0.092606 0.087042 -0.063193
0.033436 0.076279 -0.049138
0.054921 0.025879 0.075894
0.050923 0.016795 0.092191
0.042512 0.006164 0.088530
0.054921 0.025879 0.075894
0.058193 0.018206 0.094930
0.097565 0.068602 -0.095294
0.061868 0.064083 -0.085603
0.084996 0.079068 -0.111943
0.084281 0.075503 -0.114655
0.092055 0.078603 -0.065554
0.090331 0.081943 -0.077130
-0.030313 -0.145913 0.047371
-0.108134 -0.194604 0.022379
-0.032210 -0.146221 0.052622
-0.090122 -0.202545 0.028397
-0.108139 -0.186721 0.022809
-0.105490 -0.206584 0.022626
-0.099604 -0.233249 0.023176
-0.081858 -0.178552 0.032791
-0.099849 -0.175983 0.026432
-0.104754 -0.179873 0.005863
-0.089514 -0.200211 0.022800
-0.104509 -0.187129 0.018575
-0.025618 -0.085850 0.053248
0.053661 0.015245 0.087568
-0.002576 -0.108057 0.065563
0.027287 -0.070097 0.078574
0.048140 -0.012224 0.089496
0.042512 0.006164 0.088530
-0.025618 -0.085850 0.053248
-0.027310 -0.079566 0.038694
-0.050201 -0.021273 -0.079814
-0.110040 -0.178582 0.007154
-0.081858 -0.178552 0.032791
-0.099849 -0.175983 0.026432
0.069733 0.017608 0.099058
0.068793 0.000782 0.097715
0.087550 0.023863 0.088260
0.069733 0.017608 0.099058
0.083542 0.061415 -0.002693
0.082645 0.056891 -0.006946
0.087683 0.069834 -0.037023
0.092606 0.087042 -0.063193
0.097565 0.068602 -0.095294
0.106954 0.063031 -0.095259
0.084996 0.079068 -0.111943
0.084281 0.075503 -0.114655
-0.094790 -0.232423 0.019739
-0.090122 -0.202545 0.028397
-0.094790 -0.232423 0.019739
-0.095876 -0.221744 0.006663
-0.017419 -0.094890 0.060965
0.054624 -0.004047 0.092318
-0.099276 -0.206141 -0.012756
-0.105727 -0.204615 -0.013798
0.016713 0.076455 -0.060070
0.016713 0.076455 -0.060070
0.021471 0.079792 -0.061854
0.022207 0.075222 -0.064916
-0.070533 0.085416 0.077499
-0.073432 0.101694 0.078727
-0.050956 0.131519 0.095019
-0.076026 0.151835 0.091541
-0.154448 0.113848 0.059895
-0.165415 0.106282 0.059044
0.074942 0.014942 -0.049300
0.102419 0.011493 -0.102181
0.098518 0.007664 -0.101927
0.071691 0.010780 -0.050719
0.078536 0.003727 -0.024781
0.087373 0.002755 -0.042046
0.078536 0.003727 -0.024781
-0.125837 0.088104 0.069814
0.081674 0.000043 -0.021021
0.000308 -0.104063 -0.056513
-0.216095 0.034523 0.032935
-0.214399 0.040509 0.037131
-0.025692 -0.048284 -0.020149
0.028598 0.031092 0.009483
0.011259 -0.103712 -0.074668
0.095729 -0.078272 -0.183091
0.149386 -0.007965 -0.158896
0.007644 -0.104922 -0.070512
-0.084073 -0.056318 -0.004710
-0.214399 0.040509 0.037131
-0.216095 0.034523 0.032935
-0.170895 0.029388 0.043672
-0.173776 0.026766 0.048903
-0.084073 -0.056318 -0.004710
-0.083581 -0.058556 0.000713
-0.002697 -0.100410 -0.060338
-0.025692 -0.048284 -0.020149
0.007644 -0.104922 -0.070512
0.011259 -0.103712 -0.074668
0.072577 -0.085495 -0.164860
0.081155 -0.080301 -0.155028
0.095729 -0.078272 -0.183091
0.093503 -0.076156 -0.169232
-0.076026 0.151835 0.091541
-0.074542 0.152666 0.085701
-0.124353 0.088936 0.063974
1107 1108
20 21
1149 1150
1075 1076
1099 1100
240 243
264 267
1127 1128
408 409
12 13
31 32
2 24
234 235
282 283
29 30
1050 1051
1059 1060
4 5
25 26
1156 1157
1089 1090
1087 1097
1148 1174
1175 1176
1062 1063
980 981
10 11
694 704
572 576
563 573
651 660
410 420
550 560
998 1001
969 970
1019 1020
902 903
265 266
881 882
771 772
255 256
245 253
1166 1167
568 569
599 600
401 402
611 612
566 567
654 655
1147 1154
1048 1049
1057 1058
972 974
976 977
1026 1027
637 638
593 594
396 397
398 399
607 615
773 813
935 936
3 9
37 38
530 531
150 152
528 529
937 938
145 146
433 434
435 436
91 92
1153 1159
967 968
829 830
1141 1142
174 175
213 214
270 271
62 63
64 65
532 533
941 942
1143 1144
702 703
418 419
18 19
211 212
825 826
69 70
113 114
1011 1018
124 125
1033 1034
246 248
140 141
138 139
190 192
46 47
224 225
814 815
453 454
875 878
427 452
1101 1102
259 260
764 766
515 516
610 617
445 446
917 918
681 682
79 81
816 817
84 85
143 144
423 424
165 166
171 172
93 94
687 690
601 603
644 646
403 406
683 688
182 183
180 181
178 179
60 61
311 312
348 349
71 72
16 17
22 23
209 210
101 102
73 74
591 592
65 66
1081 1082
58 59
128 129
130 131
272 273
87 88
50 51
136 137
229 230
1016 1017
53 54
122 123
216 217
218 221
89 90
153 154
652 653
695 696
411 412
202 204
167 169
214 215
186 187
188 191
134 135
141 142
159 162
197 201
39 42
77 78
985 986
192 193
564 565
661 662
641 647
115 118
504 513
286 287
1137 1138
1117 1118
1123 1124
805 806
604 605
561 562
400 407
613 614
656 657
798 799
500 514
919 920
929 930
823 824
685 686
642 643
699 700
557 558
416 417
505 506
518 519
757 758
526 527
754 755
461 462
522 523
870 871
831 832
1092 1093
768 769
931 932
748 763
350 372
363 364
365 366
753 765
300 301
332 334
329 330
343 344
362 371
296 297
352 353
356 359
373 374
887 897
602 606
645 650
786 802
27 28
304 305
341 342
294 295
335 336
298 299
306 307
337 338
302 303
494 495
316 317
326 347
925 926
921 922
292 293
244 263
274 275
1042 1043
989 990
728 729
1113 1114
467 468
839 876
367 368
732 736
847 862
268 269
742 743
808 819
33 34
320 321
381 382
313 315
383 384
310 314
953 961
1006 1013
1012 1015
1014 1015
962 963
1004 1005
1007 1008
949 950
1009 1010
1002 1003
951 952
954 955
960 964
1079 1080
507 517
807 816
508 520
276 277
1040 1041
510 521
377 378
945 946
992 1052
984 1056
991 1055
1039 1061
1038 1065
1053 1054
1032 1064
107 112
357 358
997 1000
327 328
756 767
761 770
339 340
781 790
833 834
943 944
1021 1022
1145 1146
1094 1095
1109 1110
1103 1104
958 959
0 1
428 429
842 857
376 380
232 233
331 333
345 346
665 666
708 709
40 45
195 196
220 223
219 222
95 100
168 173
147 149
200 203
148 151
67 68
207 208
189 194
794 796
904 905
546 547
1066 1067
1046 1047
956 957
1044 1045
995 996
993 994
80 81
874 880
473 474
673 675
716 718
290 291
351 375
86 88
379 385
52 55
116 119
542 543
241 242
1125 1126
1111 1112
249 250
354 355
722 723
1135 1136
710 711
712 713
589 590
284 285
369 370
1105 1106
1073 1074
288 289
883 884
987 988
535 536
534 537
585 587
425 426
717 719
674 676
1096 1098
226 227
360 361
633 634
677 678
720 721
877 878
821 822
947 948
1172 1173
524 525
394 395
1170 1171
1077 1078
625 626
581 582
669 670
261 262
280 281
322 323
890 891
1139 1140
559 560
431 432
477 478
480 481
982 983
1035 1037
888 889
779 780
730 731
726 727
837 838
999 1000
776 777
965 966
840 841
774 775
939 940
688 689
404 405
14 15
1069 1070
391 392
388 389
386 387
390 393
1085 1086
784 785
635 636
679 680
574 575
616 620
659 663
421 422
308 309
900 901
789 797
782 783
892 893
459 460
864 865
586 588
623 624
630 632
544 545
205 206
538 539
741 749
484 485
908 909
855 856
845 846
894 910
895 896
835 836
437 438
850 860
827 828
228 231
1119 1120
486 487
492 501
502 503
442 449
734 735
751 752
739 740
176 177
184 185
861 863
803 804
913 914
160 161
155 156
577 578
548 549
579 580
714 715
667 668
621 622
629 631
627 628
540 541
583 584
671 672
450 451
132 133
911 912
108 109
43 44
157 158
169 170
96 97
490 491
1028 1029
1024 1025
975 1049
105 106
103 104
126 127
82 83
98 99
110 111
56 57
843 844
41 42
117 118
48 49
120 121
858 859
733 750
471 472
811 812
1071 1072
75 76
163 164
457 458
868 869
198 199
927 928
469 470
479 483
318 319
324 325
701 707
648 649
684 691
658 664
692 693
430 439
482 493
885 886
898 899
787 788
792 793
778 791
35 36
6 7
906 907
851 852
443 444
848 849
570 571
415 416
639 640
595 596
1088 1091
447 448
597 598
551 552
553 554
608 609
1023 1036
915 916
1151 1152
1160 1161
1131 1134
455 456
475 512
509 511
800 801
474 476
724 762
853 854
705 706
618 619
1129 1130
463 464
1030 1031
978 979
971 973
866 867
1162 1163
723 725
236 237
238 239
1115 1116
1132 1133
1164 1165
8 9
759 760
1155 1158
1168 1169
496 497
488 489
498 499
1068 1072
790 795
737 738
744 745
746 747
818 820
879 880
440 441
923 924
809 810
1083 1084
1121 1122
465 466
933 934
872 873
247 254
257 258
555 556
413 414
697 698
251 252
278 279
