11575890296846728445 2506 1900
-0.233270 -0.259261 0.194375
-0.163333 -0.272360 0.194375
-0.233583 -0.241302 0.194375
-0.294815 0.117015 -0.194375
-0.262624 0.131084 -0.194375
-0.313549 -0.128072 -0.194375
-0.316950 -0.261948 0.172975
-0.292062 -0.279964 0.172975
-0.336221 -0.238322 0.172975
-0.350362 -0.179191 0.172975
-0.347996 -0.210027 0.172975
-0.233777 -0.295322 0.172975
-0.263257 -0.291148 0.172975
-0.144604 -0.308347 0.172975
-0.150045 -0.304454 0.091625
-0.128651 -0.253924 0.172975
-0.129138 -0.256170 -0.194375
-0.122860 -0.240535 -0.194375
-0.260292 -0.236292 -0.080288
-0.312418 -0.169712 -0.080288
-0.297106 -0.215925 -0.080288
-0.213206 0.117237 -0.080287
-0.271363 0.089511 -0.080287
-0.262624 0.131084 -0.194375
-0.294815 0.117015 -0.194375
-0.251443 0.135421 -0.075569
-0.309550 0.083709 0.091623
-0.285151 0.105143 0.031560
-0.302552 -0.187892 -0.194375
-0.311748 -0.159135 -0.194375
-0.286914 -0.212689 -0.194375
-0.266363 -0.232300 -0.194375
-0.242361 -0.245391 -0.194375
-0.216536 -0.251028 -0.194375
-0.242361 -0.245391 -0.194375
-0.266363 -0.232300 -0.194375
-0.297106 -0.215925 -0.080288
-0.277182 -0.222295 0.194375
-0.260292 -0.236292 -0.080288
-0.233583 -0.241302 0.194375
-0.292459 -0.175422 0.194375
-0.277182 -0.222295 0.194375
-0.216536 -0.251028 -0.194375
-0.313549 -0.128072 -0.194375
-0.152762 -0.197294 0.194375
-0.173570 -0.253098 0.194375
-0.144285 -0.217198 0.194375
-0.311748 -0.159135 -0.194375
-0.302552 -0.187892 -0.194375
-0.122860 -0.240535 -0.194375
-0.286914 -0.212689 -0.194375
-0.292459 -0.175422 0.194375
0.182390 -0.280608 0.194375
0.177375 -0.263614 0.194375
0.070907 -0.291513 0.194375
0.193212 -0.315179 0.172975
0.230915 -0.308381 0.172975
0.060063 -0.322344 0.172975
0.008075 -0.269917 0.172975
0.047404 -0.284671 -0.194375
0.036407 -0.267857 -0.194375
0.212970 -0.305065 -0.080288
0.280897 -0.290190 -0.080288
0.311558 -0.253220 -0.080288
0.315494 -0.181981 -0.194375
0.309598 -0.213323 -0.194375
0.294742 -0.242677 -0.194375
0.270654 -0.266951 -0.194375
0.238931 -0.284738 -0.194375
0.201953 -0.295135 -0.194375
0.162515 -0.297552 -0.194375
0.201953 -0.295135 -0.194375
0.238931 -0.284738 -0.194375
0.162515 -0.297552 -0.194375
0.021800 -0.224118 0.194375
0.017577 -0.239673 0.194375
0.077571 -0.274890 0.194375
0.309598 -0.213323 -0.194375
0.294742 -0.242677 -0.194375
0.036407 -0.267857 -0.194375
0.297022 -0.275698 0.172975
0.266658 -0.295305 0.172975
0.270654 -0.266951 -0.194375
0.047404 -0.284671 -0.194375
-0.173570 -0.253098 0.194375
-0.196523 -0.243769 -0.080288
0.097375 -0.302779 -0.080288
0.077571 -0.274890 0.194375
0.177375 -0.263614 0.194375
0.021800 -0.224118 0.194375
0.077571 -0.274890 0.194375
0.040993 -0.245090 -0.080288
0.040993 -0.245090 -0.080288
0.097375 -0.302779 -0.080288
0.097375 -0.302779 -0.080288
-0.181800 -0.186118 -0.080288
-0.152762 -0.197294 0.194375
-0.181800 -0.186118 -0.080288
-0.196523 -0.243769 -0.080288
0.008075 -0.269917 0.172975
0.036407 -0.267857 -0.194375
0.021800 -0.224118 0.194375
0.017577 -0.239673 0.194375
-0.294317 0.307373 -0.194375
-0.294534 0.328684 -0.194375
-0.261858 0.297534 -0.194375
-0.288212 0.325079 -0.194375
-0.263962 0.312291 -0.194375
-0.294317 0.307373 -0.194375
-0.261858 0.297534 -0.194375
-0.284237 0.305422 -0.167104
-0.259995 0.297752 -0.175048
-0.296230 0.307564 -0.160610
-0.295830 0.312474 -0.168562
-0.294534 0.328684 -0.194375
-0.293901 0.090403 0.103612
-0.306815 0.080872 0.122419
-0.290803 0.091967 0.099863
-0.278562 0.098043 0.085665
-0.271363 0.089511 -0.080287
-0.257911 0.022844 0.150820
-0.255723 0.069485 0.100777
-0.260115 0.002038 0.173932
-0.262018 -0.016119 0.194375
-0.310069 0.035037 0.172975
-0.267053 -0.012884 0.194375
-0.262018 -0.016119 0.194375
-0.277872 -0.005934 0.194375
-0.286033 0.004680 0.188710
-0.213206 0.117237 -0.080287
-0.233006 0.085757 0.069219
-0.208045 0.102723 0.034850
-0.217207 0.096424 0.047947
0.309541 -0.030950 -0.194375
0.325964 -0.041252 -0.194375
0.256813 -0.254372 0.192715
0.264266 -0.255928 0.190057
0.307881 -0.264004 0.172975
0.306951 -0.263772 0.173358
0.263328 -0.074002 -0.080288
0.296539 -0.091359 -0.080288
0.327012 -0.107285 -0.080288
0.237061 -0.241925 0.188266
0.280897 -0.290190 -0.080288
0.238769 -0.241820 0.187020
0.230334 -0.243282 0.194375
0.232013 -0.242931 0.192911
0.315494 -0.181981 -0.194375
0.332814 -0.099458 -0.098206
0.348921 -0.205585 0.055228
0.334720 -0.111308 -0.080297
0.343789 -0.170076 0.005749
0.347805 -0.197605 0.044382
0.325964 -0.041252 -0.194375
0.329408 -0.070808 -0.145840
0.311558 -0.253220 -0.080288
0.306459 -0.151543 0.006835
0.327012 -0.107285 -0.080288
0.308610 -0.146719 -0.002169
0.274926 -0.209658 0.118871
0.283558 -0.193468 0.088376
0.348279 -0.234948 0.098835
0.350362 -0.231142 0.091625
0.347181 -0.236877 0.102522
0.251094 -0.252902 0.194375
0.249211 -0.252023 0.194375
0.231545 -0.243772 0.194375
0.318464 -0.258791 0.157073
0.324632 -0.255870 0.147979
0.334693 -0.247347 0.127625
0.349041 -0.209489 0.060865
0.254725 -0.253819 0.193299
0.272624 -0.210863 0.122436
0.217551 -0.048105 -0.080288
0.254081 -0.069169 -0.080287
0.188684 0.042614 -0.194375
0.270998 -0.006771 -0.194375
0.094379 0.100326 -0.194375
0.095935 0.099318 -0.194375
0.157055 0.061590 -0.194375
-0.271096 0.183506 -0.011774
-0.285032 0.152354 0.031560
-0.250849 0.228866 -0.075569
-0.251743 0.227515 -0.072738
-0.236761 0.297377 -0.194375
-0.182378 0.267342 -0.194375
-0.182375 0.267341 -0.194375
-0.081925 0.214278 -0.194375
-0.066233 0.204371 -0.194375
-0.261858 0.297534 -0.194375
-0.259995 0.297752 -0.175048
0.132520 0.002190 -0.080287
0.070067 0.041322 -0.080287
0.157824 -0.013666 -0.080287
-0.139138 0.159505 -0.080288
-0.006910 0.089742 -0.080288
-0.016581 0.095877 -0.080288
-0.115866 0.143982 -0.080287
0.017338 0.074363 -0.080287
-0.192836 0.195323 -0.080288
-0.212629 0.207159 -0.080288
-0.197540 0.198461 -0.080287
-0.259590 0.309985 -0.194375
-0.282669 0.131529 0.051685
-0.279171 0.103258 0.080618
-0.281694 0.123155 0.059757
-0.081925 0.214278 -0.194375
-0.066233 0.204371 -0.194375
-0.290803 0.091967 0.099863
-0.260115 0.002038 0.173932
-0.278562 0.098043 0.085665
-0.257911 0.022844 0.150820
-0.255723 0.069485 0.100777
-0.233006 0.085757 0.069219
-0.217207 0.096424 0.047947
-0.279171 0.103258 0.080618
-0.262018 -0.016119 0.194375
-0.293901 0.090403 0.103612
-0.306815 0.080872 0.122419
-0.307843 0.043731 0.162295
-0.310069 0.035037 0.172975
-0.286033 0.004680 0.188710
-0.277872 -0.005934 0.194375
-0.277872 -0.005934 0.194375
-0.267053 -0.012884 0.194375
-0.262018 -0.016119 0.194375
-0.016581 0.095877 -0.080288
-0.115866 0.143982 -0.080287
-0.197540 0.198461 -0.080287
-0.192836 0.195323 -0.080288
-0.281694 0.123155 0.059757
-0.208045 0.102723 0.034850
-0.210679 0.156178 -0.023896
-0.212629 0.207159 -0.080288
-0.251743 0.227515 -0.072738
-0.271096 0.183506 -0.011774
-0.285032 0.152354 0.031560
-0.282669 0.131529 0.051685
-0.259590 0.309985 -0.194375
-0.263962 0.312291 -0.194375
-0.288212 0.325079 -0.194375
-0.295830 0.312474 -0.168562
-0.296230 0.307564 -0.160610
-0.284237 0.305422 -0.167104
-0.259995 0.297752 -0.175048
-0.253827 0.251869 -0.108850
-0.250849 0.228866 -0.075569
-0.294534 0.328684 -0.194375
-0.182375 0.267341 -0.194375
-0.182378 0.267342 -0.194375
-0.236761 0.297377 -0.194375
0.306951 -0.263772 0.173358
0.272624 -0.210863 0.122436
0.264266 -0.255928 0.190057
0.265500 -0.214946 0.132668
0.238769 -0.241820 0.187020
0.237061 -0.241925 0.188266
0.232013 -0.242931 0.192911
0.231545 -0.243772 0.194375
0.249211 -0.252023 0.194375
0.251094 -0.252902 0.194375
0.254725 -0.253819 0.193299
0.256813 -0.254372 0.192715
0.230334 -0.243282 0.194375
0.283558 -0.193468 0.088376
0.274926 -0.209658 0.118871
0.347805 -0.197605 0.044382
0.307881 -0.264004 0.172975
0.318464 -0.258791 0.157073
0.324632 -0.255870 0.147979
0.334693 -0.247347 0.127625
0.347181 -0.236877 0.102522
0.348279 -0.234948 0.098835
0.350362 -0.231142 0.091625
0.349041 -0.209489 0.060865
0.348921 -0.205585 0.055228
0.334720 -0.111308 -0.080297
0.332814 -0.099458 -0.098206
0.331385 -0.086132 -0.119022
0.329408 -0.070808 -0.145840
0.270998 -0.006771 -0.194375
0.309541 -0.030950 -0.194375
0.325964 -0.041252 -0.194375
0.306459 -0.151543 0.006835
0.308610 -0.146719 -0.002169
0.254081 -0.069169 -0.080287
0.263328 -0.074002 -0.080288
0.263328 -0.074002 -0.080288
0.296539 -0.091359 -0.080288
0.334720 -0.111308 -0.080297
0.296539 -0.091359 -0.080288
0.327012 -0.107285 -0.080288
0.334720 -0.111308 -0.080297
0.017338 0.074363 -0.080287
0.157824 -0.013666 -0.080287
0.070067 0.041322 -0.080287
0.132520 0.002190 -0.080287
0.217551 -0.048105 -0.080288
0.157055 0.061590 -0.194375
0.095935 0.099318 -0.194375
-0.006910 0.089742 -0.080288
0.094379 0.100326 -0.194375
0.070570 -0.022246 -0.062096
0.070570 -0.022230 -0.018096
0.050805 -0.022246 -0.062096
0.050805 -0.022230 0.001766
0.070570 -0.022230 0.065146
-0.070569 -0.022230 -0.018096
-0.070569 -0.022230 0.065146
-0.070569 0.022246 -0.018096
0.050805 0.022246 -0.062096
0.050805 0.014283 -0.077234
0.050805 -0.022246 -0.062096
0.050805 -0.015993 -0.077234
0.050805 -0.000855 -0.083504
0.070570 -0.015993 -0.077234
0.070570 0.022246 -0.062096
0.070570 0.014283 -0.077234
0.070570 -0.000855 -0.083504
0.070570 0.022246 -0.018096
0.070570 -0.016372 0.079289
-0.070569 -0.022246 -0.062096
-0.070569 -0.015993 -0.077234
-0.070569 -0.000855 -0.083504
-0.070569 0.014283 -0.077234
-0.050805 0.022246 -0.062096
-0.050805 -0.022246 -0.062096
-0.050805 0.014283 -0.077234
-0.050805 -0.000855 -0.083504
-0.050805 -0.022246 -0.062096
-0.050805 -0.022230 0.001766
0.050805 0.014283 -0.077234
0.050805 0.022246 -0.062096
0.070570 0.022246 -0.062096
0.051794 -0.000855 -0.076900
0.051794 -0.011323 -0.072564
-0.051794 -0.000855 -0.076900
-0.051794 -0.011323 -0.072564
-0.070569 -0.016372 0.079289
0.070570 -0.016372 0.079289
-0.070569 -0.002230 0.083504
0.070570 -0.002230 0.083504
0.050805 -0.016372 -0.012279
-0.050805 -0.016372 -0.012279
0.050805 -0.002230 -0.018096
-0.050805 -0.002230 -0.018096
0.051794 -0.015659 -0.062096
-0.051794 -0.015659 -0.062096
-0.050805 -0.015993 -0.077234
0.051794 -0.011323 -0.051627
-0.051794 -0.011323 -0.051627
0.050805 -0.016372 -0.012279
0.050805 -0.002230 -0.018096
0.050805 -0.022230 0.001766
0.050805 -0.015993 -0.077234
0.051794 -0.000855 -0.047291
-0.051794 -0.000855 -0.047291
0.050805 -0.000855 -0.083504
0.051794 0.009614 -0.051627
0.051794 0.013950 -0.062096
-0.051794 0.009614 -0.051627
-0.051794 0.013950 -0.062096
-0.050805 -0.000855 -0.083504
-0.050805 -0.002230 -0.018096
-0.050805 -0.016372 -0.012279
-0.050805 -0.022230 0.001766
-0.050805 0.014283 -0.077234
0.051794 0.013950 -0.062096
0.051794 0.009614 -0.072564
-0.051794 0.013950 -0.062096
-0.051794 0.009614 -0.072564
0.050805 -0.022230 0.001766
-0.050805 -0.022230 0.001766
-0.050805 0.022246 -0.062096
-0.070569 0.022246 -0.062096
0.070570 0.022246 -0.062096
0.050805 0.022246 -0.062096
0.070570 0.022246 -0.018096
0.050805 0.022246 0.001766
0.070570 0.022246 0.065146
-0.070569 0.022246 -0.062096
-0.070569 0.022246 -0.018096
-0.050805 0.022246 -0.062096
-0.070569 0.022246 0.065146
-0.050805 0.022246 0.001766
-0.070569 0.022246 0.083504
-0.070569 -0.016372 0.079289
-0.070569 -0.002230 0.083504
0.070570 0.022246 0.083504
0.070570 -0.002230 0.083504
-0.070569 0.022246 0.083504
0.070570 0.022246 0.083504
0.070570 0.022246 0.083504
-0.070569 0.022246 0.083504
-0.050805 0.022246 -0.018096
0.050805 0.022246 -0.018096
0.050805 0.022246 -0.018096
-0.050805 0.022246 -0.018096
0.050805 0.022246 0.001766
0.050805 0.022246 -0.018096
-0.050805 0.022246 0.001766
-0.050805 0.022246 -0.018096
-0.070230 -0.143709 -0.209232
0.035883 -0.160430 -0.214805
-0.061409 -0.160321 -0.209232
0.191942 0.214143 0.080078
0.163446 0.223676 0.018824
0.191942 0.216929 0.163519
0.163446 0.230536 0.168866
0.153784 0.211973 0.185198
0.163583 -0.159457 0.161680
0.140289 -0.179732 0.163601
0.181348 -0.133171 0.160419
0.195776 -0.069772 0.159963
0.158720 -0.067058 0.184863
0.192339 -0.102602 0.159850
0.083854 -0.197449 0.169067
0.113086 -0.192674 0.166107
-0.517616 -0.204709 0.205524
-0.552350 -0.143709 0.199859
-0.515446 -0.204709 0.132130
-0.035149 -0.084573 -0.083441
-0.002949 -0.147443 -0.084940
0.078138 -0.143151 -0.090833
0.080742 0.208569 -0.098712
0.140119 -0.073769 -0.095716
0.135184 0.187171 -0.098587
0.117942 0.236548 -0.091967
-0.031494 -0.200834 0.179963
-0.063012 -0.137020 0.184132
-0.030560 -0.201477 0.101021
-0.061409 -0.160321 -0.209232
-0.070230 -0.143709 -0.209232
-0.153384 -0.204709 0.190732
-0.150310 -0.204709 0.118817
-0.122892 -0.140207 0.188368
-0.132196 -0.143709 -0.207629
-0.140862 -0.160321 -0.207163
0.149151 -0.035800 -0.222155
0.145666 -0.068215 -0.222101
0.134566 -0.098461 -0.221617
0.116621 -0.124516 -0.220723
0.093066 -0.144654 -0.219481
0.065535 -0.156426 -0.217083
-0.132196 -0.143709 -0.207629
0.099342 0.230258 0.182739
0.135184 0.197867 0.184097
0.080742 0.216149 0.181636
-0.002949 -0.147443 -0.084940
-0.035149 -0.084573 -0.083441
-0.001480 -0.141183 0.198825
-0.033888 -0.077988 0.199944
0.065535 -0.156426 -0.217083
0.093066 -0.144654 -0.219481
0.123227 -0.123254 -0.094618
0.078138 -0.143151 -0.090833
0.124066 -0.116106 0.187921
0.079189 -0.136420 0.192028
0.140755 -0.065891 0.186763
0.124066 -0.116106 0.187921
-0.160500 -0.089711 -0.081691
-0.156916 -0.085110 0.205486
0.035883 -0.160430 -0.214805
0.149151 -0.035800 -0.222155
0.135184 0.187171 -0.098587
0.140119 -0.073769 -0.095716
0.135184 0.197867 0.184097
0.140755 -0.065891 0.186763
-0.498167 -0.169311 0.222155
-0.175348 -0.169311 0.209663
-0.191072 -0.150711 -0.076972
-0.186641 -0.150711 0.209144
0.117942 0.244305 0.173795
-0.522696 -0.089711 0.213679
-0.487684 -0.150711 0.220457
0.079189 -0.136420 0.192028
-0.011904 -0.161834 0.199320
-0.156916 -0.085110 0.205486
-0.186641 -0.150711 0.209144
0.145666 -0.068215 -0.222101
0.134566 -0.098461 -0.221617
-0.001480 -0.141183 0.198825
0.116621 -0.124516 -0.220723
0.080742 0.208569 -0.098712
0.080742 0.216149 0.181636
0.191942 0.440370 0.075936
0.191942 0.436698 0.154533
0.163446 0.431582 0.017621
0.153784 0.440829 0.175036
0.163446 0.426327 0.158576
0.135184 0.452502 0.174311
0.099342 0.419783 0.175424
0.080742 0.431091 0.174427
0.117942 0.408846 0.166701
0.163446 0.328431 0.163721
0.117942 0.327175 0.170698
0.099342 0.326004 0.179819
0.080742 0.325089 0.179133
0.163446 0.335291 0.023969
0.080742 0.325089 0.179133
0.163446 0.328431 0.163721
0.117942 0.327175 0.170698
0.099342 0.326004 0.179819
0.080742 0.325089 0.179133
0.163446 0.335291 0.023969
0.125330 0.163743 -0.218545
0.131221 0.169329 -0.218325
0.147461 0.185753 -0.217748
-0.548004 -0.148444 0.101717
-0.525769 -0.192415 0.043346
-0.550646 -0.143709 0.107315
0.132864 0.226345 -0.155027
0.129279 0.228255 -0.149076
0.117942 0.234083 -0.132545
0.120689 0.232655 -0.136940
0.151928 0.216305 -0.186522
-0.150415 -0.085438 -0.209569
-0.254212 -0.143709 -0.206812
-0.229523 -0.131119 -0.207761
-0.170810 -0.098855 -0.208931
0.147461 0.185753 -0.217748
0.151891 0.216004 -0.186778
-0.401447 -0.177137 -0.077404
-0.398548 -0.176725 -0.080570
-0.390270 -0.174249 -0.099286
-0.334021 -0.166395 -0.159195
-0.329378 -0.164992 -0.169807
-0.306809 -0.162289 -0.190505
-0.286823 -0.160321 -0.205657
-0.431555 -0.150711 -0.008361
-0.487684 -0.150711 0.220457
-0.487849 -0.150711 0.048892
-0.379853 -0.150711 -0.072030
-0.429846 -0.150711 -0.008553
-0.264322 -0.148863 -0.206432
-0.140862 -0.160321 -0.207163
-0.286823 -0.160321 -0.205657
-0.521024 -0.089711 0.124091
-0.522696 -0.089711 0.213679
-0.543775 -0.089711 0.140502
-0.544665 -0.089711 0.141139
-0.572071 -0.089711 0.158251
-0.191072 -0.150711 -0.076972
-0.160500 -0.089711 -0.081691
-0.345748 -0.122602 -0.074231
-0.295225 -0.089711 -0.077805
-0.379853 -0.150711 -0.072030
-0.362163 -0.133243 -0.073251
-0.362636 -0.133630 -0.073220
-0.363410 -0.134490 -0.073156
-0.491834 -0.142739 0.060276
-0.492651 -0.141132 0.062534
-0.503404 -0.120816 0.088016
-0.518613 -0.093850 0.119535
0.158133 0.429560 0.001335
0.169393 0.433641 -0.006119
0.178069 0.436704 -0.012105
0.156859 0.429108 0.002185
0.183220 0.481959 0.017941
0.191942 0.556825 0.068835
0.188904 0.532608 0.051057
0.178583 0.441066 -0.009062
0.135184 0.524539 0.090782
0.135184 0.457859 0.042950
0.135184 0.452502 0.174311
0.135184 0.610590 0.165856
0.135184 0.595151 0.152239
0.135184 0.565115 0.122797
0.135184 0.538229 0.100251
0.191942 0.591034 0.097508
0.191942 0.640074 0.143324
0.191942 0.606726 0.110662
0.148892 0.621886 0.165260
0.135184 0.610590 0.165856
0.153784 0.625931 0.165036
0.153449 0.625629 0.165053
0.184472 0.637341 0.147602
0.104231 0.445372 0.059655
0.080742 0.435391 0.071952
0.080742 0.431091 0.174427
0.080742 0.225436 -0.098128
0.073208 0.215314 -0.098685
-0.040192 0.100128 -0.091499
0.069505 0.210330 -0.098966
0.033570 0.173188 -0.096900
-0.014958 0.123441 -0.093107
-0.135923 -0.075795 -0.210159
-0.057915 -0.015526 -0.212523
0.003467 0.042849 -0.214975
0.003467 0.042849 -0.214975
0.030148 0.069565 -0.216623
0.125330 0.163743 -0.218545
0.030148 0.069565 -0.216623
0.056481 0.096469 -0.218568
0.125330 0.163743 -0.218545
-0.137270 -0.076765 -0.210096
-0.163312 -0.004415 -0.087314
-0.178347 -0.016006 -0.086748
-0.228010 -0.045699 -0.083588
-0.700714 -0.143709 0.189226
-0.700365 -0.143709 0.189083
-0.656967 -0.143709 0.170100
-0.632087 -0.143709 0.155921
-0.586737 -0.143709 0.131489
-0.565393 -0.143709 0.117435
-0.676805 -0.096508 0.207713
-0.668221 -0.089711 0.207796
-0.689043 -0.106150 0.207430
-0.691866 -0.108311 0.207335
-0.694253 -0.118067 0.202481
-0.129499 0.021246 -0.087679
-0.127546 0.022730 -0.087712
-0.612310 -0.089711 0.181038
-0.616083 -0.089711 0.183317
-0.668221 -0.089711 0.207796
0.117942 0.280484 -0.090717
0.130119 0.328403 -0.059659
0.121172 0.293759 -0.082397
0.080742 0.328275 -0.007718
0.080742 0.310666 -0.021057
0.080742 0.225436 -0.098128
0.141632 0.371369 -0.031610
0.146838 0.389883 -0.019613
0.155070 0.421952 -0.001621
0.130119 0.328403 -0.059659
0.080742 0.386011 0.036036
0.080742 0.328275 -0.007718
0.080742 0.325089 0.179133
0.080742 0.397500 0.044748
-0.492651 -0.141132 0.062534
-0.516064 -0.191437 0.035724
-0.503404 -0.120816 0.088016
-0.548004 -0.148444 0.101717
-0.550646 -0.143709 0.107315
-0.565393 -0.143709 0.117435
-0.543775 -0.089711 0.140502
-0.533918 -0.089711 0.133586
-0.518613 -0.093850 0.119535
-0.487849 -0.150711 0.048892
-0.445904 -0.183526 -0.026848
-0.431555 -0.150711 -0.008361
-0.429846 -0.150711 -0.008553
-0.127546 0.022730 -0.087712
-0.040192 0.100128 -0.091499
-0.014958 0.123441 -0.093107
0.080742 0.397500 0.044748
0.080742 0.435391 0.071952
0.104231 0.445372 0.059655
0.135184 0.457859 0.042950
0.187852 0.522869 0.044970
0.135184 0.524539 0.090782
0.135184 0.538229 0.100251
0.188904 0.532608 0.051057
-0.689043 -0.106150 0.207430
-0.700365 -0.143709 0.189083
-0.691866 -0.108311 0.207335
-0.700714 -0.143709 0.189226
-0.700714 -0.143709 0.189226
-0.694253 -0.118067 0.202481
-0.691866 -0.108311 0.207335
-0.616083 -0.089711 0.183317
-0.656967 -0.143709 0.170100
-0.668221 -0.089711 0.207796
-0.676805 -0.096508 0.207713
-0.632087 -0.143709 0.155921
-0.612310 -0.089711 0.181038
-0.572071 -0.089711 0.158251
-0.544665 -0.089711 0.141139
-0.521024 -0.089711 0.124091
-0.379853 -0.150711 -0.072030
-0.363410 -0.134490 -0.073156
-0.398548 -0.176725 -0.080570
-0.398548 -0.176725 -0.080570
-0.401447 -0.177137 -0.077404
-0.445904 -0.183526 -0.026848
-0.390270 -0.174249 -0.099286
-0.362636 -0.133630 -0.073220
-0.362163 -0.133243 -0.073251
-0.228010 -0.045699 -0.083588
-0.345748 -0.122602 -0.074231
-0.295225 -0.089711 -0.077805
-0.334021 -0.166395 -0.159195
-0.329378 -0.164992 -0.169807
0.080742 0.310666 -0.021057
0.080742 0.328275 -0.007718
0.080742 0.386011 0.036036
0.121172 0.293759 -0.082397
0.117942 0.280484 -0.090717
0.117942 0.234083 -0.132545
0.120689 0.232655 -0.136940
0.069505 0.210330 -0.098966
0.073208 0.215314 -0.098685
0.146838 0.389883 -0.019613
0.141632 0.371369 -0.031610
0.129279 0.228255 -0.149076
0.003467 0.042849 -0.214975
0.033570 0.173188 -0.096900
0.030148 0.069565 -0.216623
0.056481 0.096469 -0.218568
-0.306809 -0.162289 -0.190505
-0.229523 -0.131119 -0.207761
-0.254212 -0.143709 -0.206812
-0.264322 -0.148863 -0.206432
-0.286823 -0.160321 -0.205657
-0.178347 -0.016006 -0.086748
-0.170810 -0.098855 -0.208931
-0.137270 -0.076765 -0.210096
-0.150415 -0.085438 -0.209569
-0.163312 -0.004415 -0.087314
-0.129499 0.021246 -0.087679
-0.057915 -0.015526 -0.212523
-0.135923 -0.075795 -0.210159
-0.137270 -0.076765 -0.210096
0.135184 0.595151 0.152239
0.135184 0.610590 0.165856
0.153449 0.625629 0.165053
0.135184 0.610590 0.165856
0.148892 0.621886 0.165260
0.153449 0.625629 0.165053
0.191942 0.606726 0.110662
0.191942 0.591034 0.097508
0.191942 0.556825 0.068835
0.191942 0.640074 0.143324
0.153784 0.625931 0.165036
0.153784 0.625931 0.165036
0.184472 0.637341 0.147602
0.191942 0.640074 0.143324
0.155070 0.421952 -0.001621
0.178069 0.436704 -0.012105
0.169393 0.433641 -0.006119
0.178583 0.441066 -0.009062
0.183220 0.481959 0.017941
0.158133 0.429560 0.001335
0.156859 0.429108 0.002185
0.131221 0.169329 -0.218325
0.151891 0.216004 -0.186778
0.147461 0.185753 -0.217748
0.132864 0.226345 -0.155027
0.151928 0.216305 -0.186522
-0.341412 -0.175626 0.005668
-0.355477 -0.153585 -0.054356
-0.360441 -0.179992 0.008518
-0.333739 -0.160214 0.003046
-0.529337 -0.381956 0.037976
-0.440912 -0.451353 0.032722
-0.464813 -0.445098 0.035227
-0.541538 -0.414567 0.012475
-0.521683 -0.436915 0.013576
-0.503840 -0.419801 0.038065
-0.497996 -0.454063 0.014807
-0.478837 -0.162078 -0.045089
-0.589937 -0.184760 -0.031201
-0.478266 -0.164725 0.021432
-0.577155 -0.183844 0.001131
-0.548253 -0.178623 0.021728
-0.571090 -0.360614 -0.062400
-0.216332 -0.445305 0.013303
-0.283672 -0.441874 0.021523
-0.297465 -0.464341 0.016801
-0.312466 -0.487531 -0.034066
-0.310124 -0.484667 -0.003863
-0.433093 -0.170696 0.016450
-0.185289 -0.483252 -0.008419
-0.176071 -0.483394 -0.036639
-0.201843 -0.465680 0.010212
-0.204789 -0.415958 -0.070746
-0.171206 -0.473085 -0.067669
-0.309288 -0.480335 -0.067243
-0.273106 -0.420188 -0.070881
-0.337806 0.170998 -0.008998
-0.356259 0.178321 -0.005666
-0.350972 0.161394 -0.068436
-0.331473 0.154650 -0.012876
-0.521958 0.392343 0.033612
-0.423074 0.469270 0.033612
-0.528031 0.449216 0.007624
-0.507020 0.470170 0.007624
-0.482378 0.485740 0.007624
-0.473764 0.184821 -0.052326
-0.474193 0.182936 0.014968
-0.585135 0.225629 -0.031755
-0.572620 0.220739 0.000048
-0.505443 0.194696 0.021358
-0.543722 0.209428 0.019748
-0.559374 0.400184 -0.066726
-0.202904 0.424160 0.029889
-0.266685 0.430398 0.036202
-0.279645 0.457067 0.033612
-0.292843 0.490692 -0.027876
-0.291211 0.482723 0.007624
-0.428802 0.181030 0.006609
-0.171815 0.472291 0.002883
-0.187158 0.445744 0.025027
-0.161322 0.480262 -0.066726
-0.193798 0.420069 -0.073074
-0.256207 0.424424 -0.067383
-0.289057 0.489033 -0.066726
-0.473448 -0.474110 -0.056526
-0.502309 -0.462372 -0.058090
-0.542615 0.424274 0.007624
-0.484925 0.495092 -0.066726
-0.512493 0.479903 -0.066726
-0.527532 -0.443699 -0.059480
-0.550036 0.396481 0.007624
-0.535580 0.457213 -0.066726
-0.549129 -0.419364 -0.060740
-0.551456 0.429893 -0.066726
-0.429037 0.164018 -0.059905
-0.433348 -0.147492 -0.050203
-0.563957 -0.391025 -0.061725
-0.424134 0.496423 0.007624
-0.454580 0.494723 0.007624
-0.442417 -0.475475 0.009565
-0.471494 -0.467905 0.012563
-0.419315 0.503049 -0.066726
-0.442456 -0.481102 -0.058369
-0.453214 0.503014 -0.066726
0.240151 -0.485594 -0.061026
0.231359 -0.502837 -0.052515
-0.441030 -0.461748 -0.069581
-0.514278 -0.429840 -0.069942
-0.550866 -0.359332 -0.072508
0.211616 -0.462141 0.031707
0.249834 0.445406 -0.077976
0.193501 0.458071 -0.066849
0.241343 0.461669 -0.067155
-0.416787 0.482463 -0.078126
-0.497149 0.463525 -0.078126
-0.538101 0.398235 -0.078126
-0.319752 -0.462666 -0.077129
0.198178 -0.482698 0.025376
-0.266422 0.408627 -0.079581
-0.183993 0.403219 -0.086843
-0.284515 -0.403127 -0.080584
-0.194501 -0.397200 -0.079614
-0.150740 0.462321 -0.080021
-0.159162 -0.453658 -0.077441
-0.298538 0.472610 -0.078126
0.192477 0.458136 -0.049196
0.181060 -0.503687 -0.044239
0.204289 0.427802 0.026756
0.194436 0.448870 0.002820
0.240236 0.461936 -0.049509
0.184879 -0.502258 0.003051
0.230906 -0.505618 -0.036449
0.357916 0.459098 -0.077102
0.351458 0.444636 -0.077262
0.349947 0.449385 -0.048714
0.256126 0.432637 -0.078061
0.249834 0.445406 -0.077976
0.254231 0.433128 -0.049796
-0.298538 0.472610 -0.078126
-0.266422 0.408627 -0.079581
-0.416787 0.482463 -0.078126
-0.497149 0.463525 -0.078126
-0.538101 0.398235 -0.078126
-0.565442 0.021886 -0.078126
-0.183993 0.403219 -0.086843
0.256126 0.432637 -0.078061
0.240236 0.461936 -0.049509
0.241343 0.461669 -0.067155
0.192477 0.458136 -0.049196
0.222223 0.400367 -0.049855
-0.150740 0.462321 -0.080021
0.249834 0.445406 -0.077976
0.355770 -0.480282 -0.038427
0.347972 -0.471752 -0.011274
0.349008 -0.467774 -0.039457
0.247074 -0.472650 -0.059881
0.246342 -0.477583 -0.034113
0.240151 -0.485594 -0.061026
-0.319752 -0.462666 -0.077129
-0.441030 -0.461748 -0.069581
-0.284515 -0.403127 -0.080584
-0.514278 -0.429840 -0.069942
-0.550866 -0.359332 -0.072508
-0.565442 0.021886 -0.078126
-0.194501 -0.397200 -0.079614
0.247074 -0.472650 -0.059881
0.230906 -0.505618 -0.036449
0.231359 -0.502837 -0.052515
0.362944 -0.498945 -0.009367
0.363614 -0.496765 -0.026887
0.412046 -0.492948 -0.002778
0.380161 -0.438291 -0.005356
0.213749 -0.447502 -0.039811
0.181060 -0.503687 -0.044239
-0.159162 -0.453658 -0.077441
0.240151 -0.485594 -0.061026
0.192477 0.458136 -0.049196
0.194436 0.448870 0.002820
0.222223 0.400367 -0.049855
0.204289 0.427802 0.026756
0.181060 -0.503687 -0.044239
0.213749 -0.447502 -0.039811
0.184879 -0.502258 0.003051
0.198178 -0.482698 0.025376
0.362944 -0.498945 -0.009367
0.363614 -0.496765 -0.026887
0.412046 -0.492948 -0.002778
0.215982 0.403749 0.033807
0.405434 -0.488949 0.051050
0.380161 -0.438291 -0.005356
0.391055 -0.467868 0.077342
0.377239 -0.446114 0.086843
0.211616 -0.462141 0.031707
0.452593 -0.430810 0.086256
0.449937 -0.420393 0.085862
0.372265 -0.051971 0.075279
0.443213 -0.387240 0.084883
0.415201 -0.227511 0.083417
0.410058 -0.180005 0.080411
0.376201 -0.062053 0.075575
0.454248 -0.433706 0.085396
0.465759 -0.453527 0.078962
0.469548 -0.456176 0.075696
0.495905 -0.476087 0.049866
0.482531 -0.466356 0.062904
0.389713 0.449017 -0.076638
0.389250 0.426040 -0.076464
0.351458 0.444636 -0.077262
0.351458 0.444636 -0.077262
0.389250 0.426040 -0.076464
0.388910 0.391970 -0.075183
0.389950 0.408241 -0.075935
0.474217 0.018582 -0.066799
0.400066 0.292682 -0.064167
0.413891 0.191386 -0.061820
0.420510 0.162872 -0.062087
0.457313 0.056586 -0.065164
0.363971 0.478947 -0.051430
0.361332 0.473424 -0.048384
0.365210 0.479040 -0.066104
0.364550 0.480162 -0.052097
0.364860 0.480818 -0.052375
0.362737 0.436771 -0.048489
0.362537 0.418918 -0.048159
0.362807 0.423157 -0.048269
0.363089 0.427595 -0.048360
0.556455 -0.159109 -0.064965
0.575485 -0.206079 -0.064172
0.349008 -0.467774 -0.039457
0.589937 -0.313488 -0.058389
0.584723 -0.341778 -0.055630
0.584325 -0.363545 -0.054233
0.577081 -0.437891 -0.050001
0.582075 -0.457098 -0.050969
0.474217 0.018582 -0.066799
0.509491 -0.057785 -0.066183
0.531668 -0.098091 -0.066197
0.349008 -0.467774 -0.039457
0.582075 -0.457098 -0.050969
0.355770 -0.480282 -0.038427
0.583193 -0.461407 -0.051245
0.351458 0.444636 -0.077262
0.357916 0.459098 -0.077102
0.389713 0.449017 -0.076638
0.389953 0.461444 -0.076583
0.375103 0.480173 -0.062088
0.365210 0.479040 -0.066104
0.364860 0.480818 -0.052375
0.580094 -0.467356 -0.046890
0.574515 -0.480593 -0.038709
0.379097 0.479930 -0.065875
0.379603 0.478933 -0.066378
0.339455 0.036109 0.077237
0.324076 0.108265 0.077314
0.296255 0.201572 0.073657
0.282831 0.259752 0.061874
0.281617 0.355123 0.042153
0.279766 0.411387 0.035450
0.506629 -0.477154 0.038191
0.552942 -0.481973 -0.015848
0.521666 -0.478613 0.021662
0.557649 -0.481667 -0.021231
0.555332 -0.481813 -0.018834
0.313163 0.415729 0.000383
0.290638 0.412524 0.022144
0.362537 0.418918 -0.048159
0.443213 -0.387240 0.084883
0.449937 -0.420393 0.085862
0.415201 -0.227511 0.083417
0.420510 0.162872 -0.062087
0.296255 0.201572 0.073657
0.413891 0.191386 -0.061820
0.400066 0.292682 -0.064167
0.388499 0.385587 -0.074807
0.482531 -0.466356 0.062904
0.452593 -0.430810 0.086256
0.454248 -0.433706 0.085396
0.465759 -0.453527 0.078962
0.469548 -0.456176 0.075696
0.521666 -0.478613 0.021662
0.495905 -0.476087 0.049866
0.506629 -0.477154 0.038191
0.555332 -0.481813 -0.018834
0.577081 -0.437891 -0.050001
0.557649 -0.481667 -0.021231
0.574515 -0.480593 -0.038709
0.580094 -0.467356 -0.046890
0.583193 -0.461407 -0.051245
0.582075 -0.457098 -0.050969
0.552942 -0.481973 -0.015848
0.410058 -0.180005 0.080411
0.376201 -0.062053 0.075575
0.339455 0.036109 0.077237
0.372265 -0.051971 0.075279
0.575485 -0.206079 -0.064172
0.589937 -0.313488 -0.058389
0.324076 0.108265 0.077314
0.290638 0.412524 0.022144
0.279766 0.411387 0.035450
0.388910 0.391970 -0.075183
0.389950 0.408241 -0.075935
0.363089 0.427595 -0.048360
0.362807 0.423157 -0.048269
0.362537 0.418918 -0.048159
0.362537 0.418918 -0.048159
0.313163 0.415729 0.000383
0.290638 0.412524 0.022144
0.389250 0.426040 -0.076464
0.364550 0.480162 -0.052097
0.363971 0.478947 -0.051430
0.361332 0.473424 -0.048384
0.362737 0.436771 -0.048489
0.556455 -0.159109 -0.064965
0.544702 -0.130158 -0.065526
0.531668 -0.098091 -0.066197
0.509491 -0.057785 -0.066183
0.457313 0.056586 -0.065164
0.474217 0.018582 -0.066799
0.389713 0.449017 -0.076638
0.389953 0.461444 -0.076583
0.379603 0.478933 -0.066378
0.379097 0.479930 -0.065875
0.378659 0.479956 -0.065461
0.375103 0.480173 -0.062088
0.364860 0.480818 -0.052375
0.584723 -0.341778 -0.055630
-0.243226 -0.134948 0.159627
-0.275572 -0.073948 0.159771
-0.240499 -0.134948 0.086459
-0.244780 -0.019950 0.176153
-0.255555 -0.038550 0.177375
-0.212257 -0.080718 0.176910
0.015387 -0.014458 -0.098048
0.020020 0.028001 -0.100272
-0.179897 -0.080453 -0.091234
-0.179573 -0.073266 -0.091344
-0.178855 -0.019950 -0.092951
-0.178129 -0.038258 -0.092276
-0.267673 -0.084231 0.032989
-0.262767 -0.093382 0.028953
-0.257460 -0.103350 0.023469
-0.249134 -0.119187 0.011767
-0.247124 -0.123046 0.008860
-0.313749 -0.073948 0.077762
-0.280119 -0.073948 0.044565
-0.275572 -0.073948 0.159771
-0.273218 -0.073948 0.037751
-0.404966 -0.073948 0.159445
-0.363391 -0.073948 0.123721
-0.430628 -0.035626 0.178014
-0.244780 -0.019950 0.176153
-0.432008 -0.019950 0.177473
-0.255555 -0.038550 0.177375
-0.409508 -0.067605 0.162819
-0.241835 -0.019950 -0.006700
-0.293012 -0.019950 0.052027
-0.244780 -0.019950 0.176153
-0.346723 -0.019950 0.101591
-0.357297 -0.019950 0.111443
-0.390894 -0.019950 0.142387
-0.432008 -0.019950 0.177473
-0.106620 -0.083011 -0.213618
0.025045 -0.058952 -0.215603
-0.106996 -0.090573 -0.213610
-0.215689 -0.068574 -0.033810
-0.225282 -0.050580 -0.021154
-0.212257 -0.080718 0.176910
-0.209277 -0.080718 -0.042540
0.015387 -0.014458 -0.098048
-0.179897 -0.080453 -0.091234
-0.185959 -0.080508 -0.081340
-0.197717 -0.080614 -0.058407
-0.363391 -0.073948 0.123721
-0.404966 -0.073948 0.159445
-0.390894 -0.019950 0.142387
-0.430374 -0.038550 0.178105
-0.430628 -0.035626 0.178014
-0.432008 -0.019950 0.177473
-0.199809 0.171072 -0.105626
-0.180787 0.024250 -0.095118
-0.262767 -0.093382 0.028953
-0.257460 -0.103350 0.023469
-0.244626 -0.122401 0.004560
-0.247124 -0.123046 0.008860
-0.247124 -0.123046 0.008860
-0.249134 -0.119187 0.011767
-0.257460 -0.103350 0.023469
-0.194285 -0.112262 -0.063971
-0.225282 -0.050580 -0.021154
-0.215689 -0.068574 -0.033810
-0.209277 -0.080718 -0.042540
-0.197717 -0.080614 -0.058407
-0.177286 -0.107327 -0.097530
-0.185959 -0.080508 -0.081340
-0.267673 -0.084231 0.032989
-0.293012 -0.019950 0.052027
-0.346723 -0.019950 0.101591
-0.280119 -0.073948 0.044565
-0.313749 -0.073948 0.077762
-0.241835 -0.019950 -0.006700
-0.178129 -0.038258 -0.092276
-0.106097 -0.072213 -0.213672
-0.179573 -0.073266 -0.091344
-0.106620 -0.083011 -0.213618
-0.106996 -0.090559 -0.213610
-0.179897 -0.080453 -0.091234
-0.107386 -0.031742 -0.214219
-0.115318 0.067453 -0.218023
0.020020 0.028001 -0.100272
0.015387 -0.014458 -0.098048
0.185964 -0.010120 -0.088466
0.156826 -0.018926 -0.090479
0.242194 0.007060 -0.083840
0.192657 -0.008157 -0.087957
0.227386 0.002402 -0.084949
-0.191174 -0.134948 0.156652
-0.189228 -0.131336 0.158523
-0.172143 -0.099434 0.174718
-0.100418 -0.123098 0.076086
-0.117705 -0.133360 0.094041
-0.106330 -0.126645 0.082384
-0.142117 -0.134948 0.115880
-0.179465 -0.134948 0.146838
0.328541 -0.075359 -0.198866
0.313198 -0.090562 -0.199398
0.025045 -0.058952 -0.215603
0.016652 -0.018927 0.013678
0.025281 -0.014952 0.004673
0.015387 -0.014458 -0.098048
0.070830 -0.006837 -0.033999
0.075760 -0.007468 -0.037695
0.095354 -0.004666 -0.052693
0.153588 -0.017790 -0.088715
0.156826 -0.018926 -0.090479
-0.148837 -0.080718 0.173156
0.170906 -0.049149 -0.118316
0.126961 -0.036307 -0.098420
0.210126 -0.060697 -0.137589
-0.028872 -0.073500 0.013146
-0.066686 -0.099054 0.044734
0.008093 -0.047178 -0.021442
0.210126 -0.060697 -0.137589
0.008093 -0.047178 -0.021442
0.210126 -0.060697 -0.137589
0.039868 -0.025753 -0.048484
0.039868 -0.025753 -0.048484
0.210126 -0.060697 -0.137589
0.077988 -0.021824 -0.073588
0.210126 -0.060697 -0.137589
0.126961 -0.036307 -0.098420
0.077988 -0.021824 -0.073588
0.016652 -0.018927 0.013678
-0.148115 -0.080144 0.173129
-0.129001 -0.079977 0.157541
-0.124657 -0.079939 0.154074
-0.120223 -0.079901 0.150348
-0.120223 -0.079901 0.150348
-0.047233 -0.054008 0.078974
0.016652 -0.018927 0.013678
-0.047233 -0.054008 0.078974
-0.034475 -0.046941 0.066821
0.016652 -0.018927 0.013678
-0.106996 -0.090559 -0.213610
0.313201 -0.090559 -0.199398
-0.177286 -0.107327 -0.097530
0.308883 -0.090714 -0.195777
0.289207 -0.084760 -0.185037
0.240074 -0.069699 -0.153175
0.212565 -0.061441 -0.139093
-0.244626 -0.122401 0.004560
-0.194285 -0.112262 -0.063971
-0.142117 -0.134948 0.115880
-0.124657 -0.079939 0.154074
-0.179465 -0.134948 0.146838
-0.129001 -0.079977 0.157541
-0.179465 -0.134948 0.146838
-0.256810 -0.217590 0.126309
-0.223156 -0.093407 0.222179
-0.129001 -0.079977 0.157541
-0.122356 -0.072812 0.159140
-0.120223 -0.079901 0.150348
-0.106330 -0.126645 0.082384
-0.047233 -0.054008 0.078974
-0.066686 -0.099054 0.044734
-0.117705 -0.133360 0.094041
-0.034475 -0.046941 0.066821
-0.028872 -0.073500 0.013146
0.016652 -0.018927 0.013678
0.008093 -0.047178 -0.021442
0.025281 -0.014952 0.004673
0.070830 -0.006837 -0.033999
0.039868 -0.025753 -0.048484
0.075760 -0.007468 -0.037695
0.077988 -0.021824 -0.073588
0.095354 -0.004666 -0.052693
0.153588 -0.017790 -0.088715
0.170906 -0.049149 -0.118316
0.192657 -0.008157 -0.087957
0.185964 -0.010120 -0.088466
0.156826 -0.018926 -0.090479
0.266628 -0.017602 -0.115820
0.212565 -0.061441 -0.139093
0.210126 -0.060697 -0.137589
0.240074 -0.069699 -0.153175
0.289207 -0.084760 -0.185037
0.308883 -0.090714 -0.195777
0.346722 -0.057193 -0.198658
0.313201 -0.090559 -0.199398
0.328541 -0.075359 -0.198866
0.296411 0.024083 -0.080899
0.296411 0.024083 -0.080899
0.242194 0.007060 -0.083840
0.227386 0.002402 -0.084949
0.374062 0.090417 -0.084556
0.324294 0.043582 -0.081140
0.152106 0.141353 -0.105619
0.141416 0.143315 -0.105802
0.033270 0.171668 -0.108471
0.079589 0.161151 -0.107363
0.033270 0.171668 -0.108471
-0.132557 0.205827 -0.110939
-0.023326 0.184512 -0.109921
-0.046418 0.190644 -0.110589
-0.062269 0.193389 -0.110969
-0.209478 0.217590 -0.109666
-0.199809 0.171072 -0.105626
-0.180787 0.024250 -0.095118
-0.106097 -0.072213 -0.213672
-0.107386 -0.031742 -0.214219
-0.115318 0.067453 -0.218023
-0.125144 0.126663 -0.221500
-0.095517 0.121601 -0.222086
-0.024771 0.107502 -0.222179
-0.133983 0.136109 -0.208228
-0.209478 0.217590 -0.109666
-0.191037 0.198500 -0.133072
-0.178088 0.183794 -0.149485
-0.154649 0.159436 -0.180778
-0.136363 0.138505 -0.204909
-0.125144 0.126663 -0.221500
0.244558 0.073945 -0.213023
0.326472 0.060519 -0.207991
0.344727 -0.059194 -0.198660
0.400478 0.035412 -0.203754
0.432008 0.021415 -0.202220
0.416006 0.007073 -0.201040
0.320742 0.116408 -0.090979
0.324294 0.043582 -0.081140
0.388159 0.108151 -0.086591
0.392172 0.107217 -0.086325
0.389973 0.107937 -0.086500
0.389351 0.108071 -0.086540
0.296411 0.024083 -0.080899
0.228882 0.127578 -0.099184
0.221153 0.128520 -0.099902
0.034056 0.093399 -0.220201
0.132878 0.087802 -0.217804
0.159426 0.085817 -0.217183
0.173147 0.085673 -0.216976
0.392829 0.106089 -0.087812
0.418913 0.057873 -0.154635
0.416006 0.007073 -0.201040
0.427696 0.032642 -0.187493
0.432008 0.021415 -0.202220
0.392172 0.107217 -0.086325
0.141416 0.143315 -0.105802
0.152106 0.141353 -0.105619
0.221153 0.128520 -0.099902
-0.154266 0.209690 -0.110573
-0.046418 0.190644 -0.110589
-0.062269 0.193389 -0.110969
-0.132557 0.205827 -0.110939
-0.095517 0.121601 -0.222086
-0.023326 0.184512 -0.109921
0.079589 0.161151 -0.107363
0.033270 0.171668 -0.108471
0.030413 0.093605 -0.220292
-0.024771 0.107502 -0.222179
0.388159 0.108151 -0.086591
0.221153 0.128520 -0.099902
0.320742 0.116408 -0.090979
0.388159 0.108151 -0.086591
0.389351 0.108071 -0.086540
0.389973 0.107937 -0.086500
0.392172 0.107217 -0.086325
0.392172 0.107217 -0.086325
0.392829 0.106089 -0.087812
0.418913 0.057873 -0.154635
0.326472 0.060519 -0.207991
0.244558 0.073945 -0.213023
0.173147 0.085673 -0.216976
0.400478 0.035412 -0.203754
0.159426 0.085817 -0.217183
0.132878 0.087802 -0.217804
-0.164654 -0.136122 -0.157496
-0.171014 -0.138367 -0.118280
-0.114135 -0.135938 -0.157496
-0.120211 -0.138083 -0.118280
-0.028853 0.164309 0.229492
-0.043592 0.073107 0.229492
0.072479 0.075411 0.229492
0.092162 0.187687 0.119884
0.072257 0.075333 0.179492
0.078338 0.089011 0.091431
-0.221797 -0.086960 0.229492
0.072479 0.075411 0.229492
-0.043592 0.073107 0.229492
-0.120211 -0.138083 -0.118280
-0.114524 -0.177685 -0.179167
-0.114135 -0.135938 -0.157496
-0.123921 -0.134797 -0.092723
0.070272 -0.000279 0.045226
0.059358 -0.004131 0.179492
-0.164510 -0.177680 -0.179167
-0.114524 -0.177685 -0.179167
-0.169478 -0.267494 -0.179167
-0.119484 -0.267496 -0.179167
-0.179342 0.162151 0.229492
-0.028853 0.164309 0.229492
-0.131012 -0.075118 -0.016955
-0.135973 -0.001101 0.045226
0.072006 -0.075435 -0.016955
0.070272 -0.000279 0.045226
-0.132610 0.086530 0.091431
-0.120910 0.184456 0.119884
0.078338 0.089011 0.091431
0.092162 0.187687 0.119884
0.100120 0.284555 0.179492
0.100120 0.286142 0.178331
0.126270 0.076317 0.184644
0.128939 0.076378 0.179492
0.103768 0.076039 0.229492
-0.203397 -0.329466 0.003520
0.200558 -0.328633 0.058596
-0.221797 -0.335960 0.104992
0.200171 -0.328694 0.059065
0.166077 -0.334566 0.104992
0.097797 0.233472 0.216245
0.072479 0.075411 0.229492
0.096839 0.227407 0.220433
0.093726 0.207622 0.229492
0.105690 -0.195541 0.175201
0.094251 -0.142921 0.200061
0.087335 -0.080491 0.229492
0.152418 -0.303614 0.121164
0.106894 -0.198587 0.173678
0.128247 -0.002861 0.179492
0.059358 -0.004131 0.179492
0.128335 0.007310 0.179492
0.072257 0.075333 0.179492
0.128939 0.076378 0.179492
0.103723 0.066303 0.229492
0.087016 -0.078380 0.229492
0.094739 0.017117 0.229492
0.103695 0.059962 0.229492
0.150456 -0.096584 0.137130
0.087016 -0.078380 0.229492
0.094251 -0.142921 0.200061
0.087335 -0.080491 0.229492
0.152418 -0.303614 0.121164
0.106894 -0.198587 0.173678
0.105690 -0.195541 0.175201
0.200171 -0.328694 0.059065
0.166077 -0.334566 0.104992
0.094739 0.017117 0.229492
0.103695 0.059962 0.229492
0.096839 0.227407 0.220433
0.089569 0.245732 0.229492
0.093726 0.207622 0.229492
0.147016 -0.061083 0.143509
0.144353 -0.053162 0.148426
0.128247 -0.002861 0.179492
0.128335 0.007310 0.179492
0.128939 0.076378 0.179492
0.126270 0.076317 0.184644
0.103768 0.076039 0.229492
0.161981 -0.087313 0.127092
0.191862 -0.166123 0.076369
-0.112263 -0.264948 -0.219518
-0.119484 -0.267496 -0.179167
-0.114524 -0.177685 -0.179167
-0.111461 -0.239267 -0.219131
-0.109042 -0.187287 -0.217199
-0.111119 -0.230693 -0.219002
-0.103797 -0.001819 -0.218220
-0.103797 -0.018870 -0.216614
0.053516 -0.126217 -0.082599
-0.123921 -0.134797 -0.092723
0.039637 -0.134431 -0.092723
0.078284 -0.112665 -0.065019
0.063205 -0.120386 -0.075236
-0.069130 -0.177690 -0.179167
-0.087364 -0.182232 -0.197101
0.007432 -0.146779 -0.117058
0.001062 -0.149231 -0.121923
-0.001104 -0.150164 -0.123778
-0.015112 -0.155774 -0.134963
-0.065775 -0.176094 -0.175923
0.153556 -0.329465 0.003520
0.190091 -0.329385 0.027148
0.210843 -0.326921 0.037911
0.215617 -0.326311 0.040196
0.214202 -0.307894 0.039229
0.200558 -0.328633 0.058596
0.215617 -0.326311 0.040196
0.221025 -0.231607 0.038438
0.221797 -0.221664 0.038305
0.214301 -0.306200 0.039236
0.215131 -0.294202 0.039268
0.215419 -0.290745 0.039260
0.190091 -0.329385 0.027148
0.210843 -0.326921 0.037911
0.153556 -0.329465 0.003520
0.155725 -0.289474 0.003520
0.156710 -0.278756 0.003520
0.172445 -0.264050 0.013087
0.065247 -0.252148 -0.063247
0.063880 -0.274750 -0.063136
0.053172 -0.274230 -0.071568
-0.005121 -0.271169 -0.120767
0.025150 -0.272851 -0.093821
0.071925 -0.180626 -0.063776
0.066016 -0.241775 -0.063325
0.077990 -0.123326 -0.065296
0.077990 -0.123326 -0.065296
0.072250 -0.177810 -0.063850
0.071925 -0.180626 -0.063776
0.063205 -0.120386 -0.075236
0.078284 -0.112665 -0.065019
0.007432 -0.146779 -0.117058
0.039637 -0.134431 -0.092723
0.039637 -0.134431 -0.092723
0.053516 -0.126217 -0.082599
0.063205 -0.120386 -0.075236
-0.026369 -0.270082 -0.138108
-0.064294 -0.267860 -0.173419
0.001062 -0.149231 -0.121923
-0.001104 -0.150164 -0.123778
-0.079253 -0.267066 -0.186004
-0.093269 -0.266167 -0.200232
-0.065775 -0.176094 -0.175923
-0.112263 -0.264948 -0.219518
-0.111461 -0.239267 -0.219131
-0.111119 -0.230693 -0.219002
-0.087364 -0.182232 -0.197101
-0.069130 -0.177690 -0.179167
-0.015112 -0.155774 -0.134963
-0.109042 -0.187287 -0.217199
-0.106542 -0.038594 -0.217993
-0.103797 -0.018870 -0.216614
-0.103797 -0.062918 -0.211014
-0.166481 0.108090 -0.020001
-0.161950 0.072735 -0.070218
-0.156420 0.046753 -0.118280
-0.159628 0.064895 -0.088865
-0.153797 -0.008117 -0.215289
-0.153797 0.002588 -0.196561
-0.153797 -0.013739 -0.225126
-0.114914 0.017675 -0.200931
-0.103797 0.021988 -0.202180
-0.104755 0.066738 -0.118280
-0.093092 0.306410 0.229492
-0.009423 0.322090 0.229492
-0.179342 0.162151 0.229492
-0.156875 0.293979 0.229492
-0.105514 0.070736 -0.111770
-0.104755 0.066738 -0.118280
-0.131012 -0.075118 -0.016955
-0.106276 0.074853 -0.105077
-0.108130 0.081098 -0.090219
-0.135973 -0.001101 0.045226
-0.113461 0.114162 -0.033962
-0.132610 0.086530 0.091431
-0.115442 0.134886 -0.002252
-0.120910 0.184456 0.119884
-0.116543 0.146966 0.018448
-0.116805 0.179384 0.060693
-0.116810 0.180097 0.061791
-0.139806 -0.008304 -0.226686
-0.116537 0.199970 0.092186
-0.116504 0.200921 0.093630
-0.114856 0.224504 0.123618
-0.221797 -0.086960 0.229492
-0.179342 0.162151 0.229492
-0.169118 0.140662 0.027743
-0.179342 0.162151 0.229492
-0.169423 0.165652 0.060355
-0.169118 0.140662 0.027743
-0.110933 0.091145 -0.066453
-0.111207 0.093353 -0.063320
-0.020602 0.244562 0.125363
-0.114856 0.224504 0.123618
-0.072757 0.234122 0.124465
0.010965 0.250888 0.125906
0.100120 0.271670 0.127879
0.100120 0.288041 0.153118
0.100120 0.294777 0.163907
0.100120 0.288041 0.176943
0.100120 0.298666 0.169173
0.045903 0.332660 0.229492
0.093726 0.207622 0.229492
0.093726 0.207622 0.229492
0.089569 0.245732 0.229492
0.045903 0.332660 0.229492
0.089569 0.245732 0.229492
0.066209 0.319724 0.229492
0.045903 0.332660 0.229492
0.062157 0.335960 0.229492
0.032965 0.330033 0.229492
0.031893 0.329789 0.229492
0.003102 0.324434 0.229492
0.100120 0.271670 0.127879
0.100120 0.278842 0.138384
0.100120 0.288041 0.153118
0.100120 0.288041 0.176943
0.066209 0.319724 0.229492
0.087755 0.310330 0.188253
0.097797 0.233472 0.216245
0.100120 0.284555 0.179492
0.100120 0.286142 0.178331
0.100120 0.288041 0.176943
0.100120 0.298666 0.169173
0.070734 0.327277 0.215726
0.062157 0.335960 0.229492
-0.103797 0.021988 -0.202180
-0.103797 0.012072 -0.219529
-0.156905 0.293803 0.229268
-0.167034 0.216666 0.127615
-0.164069 0.244944 0.163942
-0.164741 0.239068 0.155767
-0.168974 0.188100 0.091264
-0.169423 0.165652 0.060355
-0.169129 0.179852 0.078671
-0.106542 -0.038594 -0.217993
-0.103797 -0.062918 -0.211014
-0.113183 0.002252 -0.229492
-0.103797 0.012072 -0.219529
-0.103797 -0.001819 -0.218220
0.031893 0.329789 0.229492
0.032965 0.330033 0.229492
0.032775 0.329719 0.229128
0.045903 0.332660 0.229492
0.100120 0.294777 0.163907
0.100120 0.278842 0.138384
0.100120 0.288041 0.153118
0.003102 0.324434 0.229492
-0.156905 0.293803 0.229268
-0.156875 0.293979 0.229492
-0.093092 0.306410 0.229492
-0.009423 0.322090 0.229492
-0.164069 0.244944 0.163942
0.010965 0.250888 0.125906
-0.020602 0.244562 0.125363
-0.072757 0.234122 0.124465
-0.164741 0.239068 0.155767
0.100120 0.271670 0.127879
-0.167034 0.216666 0.127615
-0.116504 0.200921 0.093630
-0.168974 0.188100 0.091264
-0.169129 0.179852 0.078671
-0.116805 0.179384 0.060693
-0.116537 0.199970 0.092186
-0.116810 0.180097 0.061791
-0.116543 0.146966 0.018448
-0.168800 0.132766 0.017337
-0.169118 0.140662 0.027743
-0.169423 0.165652 0.060355
-0.115442 0.134886 -0.002252
-0.114513 0.126590 -0.016569
-0.167876 0.124154 0.002499
-0.167876 0.124154 0.002499
-0.167945 0.124745 0.003520
-0.168800 0.132766 0.017337
-0.161950 0.072735 -0.070218
-0.166481 0.108090 -0.020001
-0.110933 0.091145 -0.066453
-0.111207 0.093353 -0.063320
-0.108130 0.081098 -0.090219
-0.106276 0.074853 -0.105077
-0.156420 0.046753 -0.118280
-0.105514 0.070736 -0.111770
-0.104755 0.066738 -0.118280
-0.104755 0.066738 -0.118280
-0.140111 0.053060 -0.118280
-0.156420 0.046753 -0.118280
-0.153797 0.002588 -0.196561
-0.114914 0.017675 -0.200931
-0.153797 -0.008117 -0.215289
-0.103797 0.021988 -0.202180
-0.153797 -0.013739 -0.225126
-0.201284 -0.278720 0.003520
-0.151299 -0.278725 0.003520
0.052560 -0.278745 0.003520
0.052560 -0.278745 0.003520
-0.201284 -0.278720 0.003520
-0.203397 -0.329466 0.003520
-0.221797 -0.335960 0.104992
-0.151299 -0.278725 0.003520
0.052560 -0.278745 0.003520
0.063880 -0.274750 -0.063136
-0.079253 -0.267066 -0.186004
-0.064294 -0.267860 -0.173419
-0.026369 -0.270082 -0.138108
-0.005121 -0.271169 -0.120767
0.025150 -0.272851 -0.093821
0.053172 -0.274230 -0.071568
0.066016 -0.241775 -0.063325
0.071925 -0.180626 -0.063776
0.072250 -0.177810 -0.063850
0.063880 -0.274750 -0.063136
0.065247 -0.252148 -0.063247
0.077990 -0.123326 -0.065296
0.156710 -0.278756 0.003520
0.155725 -0.289474 0.003520
0.052560 -0.278745 0.003520
0.156710 -0.278756 0.003520
0.147016 -0.061083 0.143509
0.161981 -0.087313 0.127092
0.191862 -0.166123 0.076369
0.221797 -0.221664 0.038305
0.172445 -0.264050 0.013087
-0.167945 0.124745 0.003520
-0.167876 0.124154 0.002499
0.316875 -0.423122 -0.107589
0.266401 -0.421280 -0.107589
0.318287 -0.156958 -0.107589
0.269135 -0.156676 -0.107589
0.318287 -0.428615 -0.146805
0.268243 -0.428441 -0.146805
0.073858 -0.083268 0.130576
0.068353 -0.165484 0.102123
0.068567 -0.166129 0.190183
0.266401 -0.421280 -0.107589
0.265182 -0.411944 -0.082032
0.269135 -0.156676 -0.107589
0.262911 -0.335388 -0.006264
0.266999 -0.250579 0.055918
0.272780 -0.165231 0.102123
0.278414 -0.082963 0.130576
0.081640 0.000639 0.190183
0.268243 -0.428441 -0.146805
0.062751 -0.250872 0.055918
0.061861 -0.229286 0.190183
0.271976 -0.007055 -0.062817
0.284060 -0.001670 0.140183
0.318287 -0.470225 -0.168475
0.318287 -0.558285 -0.168475
0.268287 -0.470225 -0.168475
0.268287 -0.558285 -0.168475
0.265182 -0.411944 -0.082032
0.059704 -0.405872 -0.082032
0.262911 -0.335388 -0.006264
0.057946 -0.332484 -0.006264
0.266999 -0.250579 0.055918
0.062751 -0.250872 0.055918
0.272780 -0.165231 0.102123
0.068353 -0.165484 0.102123
0.278414 -0.082963 0.130576
0.073858 -0.083268 0.130576
0.284060 -0.001670 0.140183
0.079493 -0.001982 0.140183
0.268287 -0.470225 -0.168475
0.063710 -0.467656 -0.168475
0.084977 0.095586 0.130576
0.093106 0.202983 0.190183
0.086741 0.189629 0.102123
0.286875 0.274749 0.055918
0.291164 0.189800 0.102123
0.289529 0.095799 0.130576
0.079493 -0.001982 0.140183
0.081640 0.000639 0.190183
0.082548 0.274615 0.055918
0.093959 0.277825 0.190183
0.271976 -0.007055 -0.062817
0.284060 -0.001670 0.140183
0.075309 0.348089 -0.006264
0.070581 0.409002 -0.082032
0.278501 0.347931 -0.006264
0.286875 0.274749 0.055918
0.082548 0.274615 0.055918
0.291164 0.189800 0.102123
0.289529 0.095799 0.130576
0.086741 0.189629 0.102123
0.084977 0.095586 0.130576
0.284060 -0.001670 0.140183
0.079493 -0.001982 0.140183
0.068567 -0.166129 0.190183
-0.323745 -0.170722 0.190183
-0.325939 -0.169356 0.228362
-0.327504 -0.169677 0.216320
0.312800 -0.586944 0.115683
-0.245585 -0.551586 0.115683
0.315470 -0.597328 0.014211
-0.241747 -0.554627 0.088016
-0.240289 -0.555980 0.077978
-0.235917 -0.565926 0.014211
-0.239143 -0.559904 0.051171
-0.306020 -0.289285 0.240183
-0.275590 -0.416404 0.176623
-0.267496 -0.448481 0.160585
-0.264081 -0.462132 0.153760
-0.261430 -0.475527 0.147062
0.061861 -0.229286 0.190183
-0.275095 -0.413699 0.074659
-0.321189 -0.233016 0.190183
-0.303341 -0.324390 0.131108
-0.318299 -0.270281 0.165292
-0.324445 -0.185606 0.190183
-0.325370 -0.206006 0.190183
0.068567 -0.166129 0.190183
-0.323745 -0.170722 0.190183
-0.304591 0.198210 0.228753
-0.300572 0.198086 0.190183
0.093106 0.202983 0.190183
0.325802 0.593594 0.115683
0.322200 0.592693 0.014211
-0.348683 0.597328 0.115683
-0.347831 0.597254 0.107208
-0.340620 0.595879 0.014211
-0.341843 0.596130 0.030076
-0.344056 0.576278 0.126402
-0.340479 0.551378 0.138852
0.348683 0.350847 0.240183
-0.335155 0.506316 0.161383
-0.325437 0.429203 0.199939
-0.318050 0.348715 0.240183
-0.305819 0.274081 0.190183
0.093959 0.277825 0.190183
-0.315832 0.413615 0.099889
-0.324687 0.496145 0.046423
-0.316383 0.418381 0.096801
-0.301756 0.215818 0.190183
-0.305679 0.272038 0.190183
0.093106 0.202983 0.190183
-0.300572 0.198086 0.190183
-0.309228 0.251010 0.240183
-0.315091 0.319819 0.240183
-0.317447 0.342316 0.240183
-0.341843 0.596130 0.030076
-0.340620 0.595879 0.014211
-0.336536 0.576742 0.014211
-0.338942 0.588146 0.014211
-0.245585 -0.551586 0.115683
-0.261430 -0.475527 0.147062
-0.241747 -0.554627 0.088016
-0.264081 -0.462132 0.153760
-0.240289 -0.555980 0.077978
-0.313726 -0.260663 0.240183
-0.307151 -0.285261 0.240183
-0.316559 -0.220587 0.240183
-0.313996 -0.256858 0.240183
-0.318299 -0.270281 0.165292
-0.324357 -0.169217 0.240183
-0.325939 -0.169356 0.228362
-0.327504 -0.169677 0.216320
-0.324357 -0.169217 0.240183
-0.327504 -0.169677 0.216320
-0.325370 -0.206006 0.190183
-0.321189 -0.233016 0.190183
-0.323745 -0.170722 0.190183
-0.324445 -0.185606 0.190183
-0.305902 0.198218 0.240183
-0.305679 0.272038 0.190183
-0.301756 0.215818 0.190183
-0.300572 0.198086 0.190183
-0.304591 0.198210 0.228753
-0.306063 0.286748 0.182043
-0.305819 0.274081 0.190183
-0.312808 0.376216 0.124119
-0.325437 0.429203 0.199939
-0.315832 0.413615 0.099889
-0.318050 0.348715 0.240183
-0.335155 0.506316 0.161383
-0.316383 0.418381 0.096801
-0.324687 0.496145 0.046423
-0.340479 0.551378 0.138852
-0.329326 0.539535 0.018312
-0.344056 0.576278 0.126402
-0.348683 0.597328 0.115683
-0.347831 0.597254 0.107208
-0.330264 0.545841 0.014211
-0.247119 -0.518107 0.014211
-0.239143 -0.559904 0.051171
-0.241055 -0.544025 0.014211
-0.235917 -0.565926 0.014211
-0.275590 -0.416404 0.176623
-0.306020 -0.289285 0.240183
-0.303341 -0.324390 0.131108
-0.274060 -0.416972 0.072592
-0.303341 -0.324390 0.131108
-0.275095 -0.413699 0.074659
-0.274060 -0.416972 0.072592
0.318287 -0.353011 -0.181993
0.318287 -0.322586 -0.177514
0.318287 -0.347515 -0.181300
0.318287 -0.401116 -0.188306
0.318287 -0.397668 -0.187617
0.211248 -0.558285 -0.222007
0.268287 -0.558285 -0.216506
0.268287 -0.558285 -0.168475
0.268287 -0.313150 -0.180247
0.268287 -0.331730 -0.182768
0.268287 -0.346519 -0.185014
0.289489 -0.317543 -0.178975
0.268287 -0.313150 -0.180247
0.284968 -0.316752 -0.179204
0.292524 -0.156958 -0.153671
0.317504 -0.156958 -0.151121
0.318287 -0.156958 -0.151019
0.268287 -0.156958 -0.156145
0.268287 -0.145819 -0.153671
0.268287 -0.156958 -0.156145
0.269558 0.136215 -0.101116
0.269492 0.118158 -0.103132
0.269516 0.129430 -0.102263
0.268398 -0.529190 -0.214258
0.268287 -0.470225 -0.168475
0.268357 -0.481705 -0.206321
0.064370 -0.489274 -0.231272
0.064370 -0.499823 -0.232789
0.063710 -0.467656 -0.168475
0.318287 -0.146641 -0.148750
0.318287 -0.155733 -0.150769
0.268395 -0.531677 -0.214674
0.285146 -0.392694 -0.190723
0.268287 -0.389724 -0.191576
0.268287 -0.072533 -0.140103
0.268287 -0.105956 -0.144816
0.268287 -0.125158 -0.149081
0.268287 -0.008285 -0.128542
0.268287 -0.057684 -0.138010
0.166247 -0.484439 -0.215336
0.268357 -0.481705 -0.206321
0.225495 -0.482709 -0.209632
0.174365 -0.484042 -0.214027
0.113437 -0.487022 -0.223849
0.092419 -0.487853 -0.226588
0.064370 -0.489274 -0.231272
0.273028 0.401512 -0.073352
0.272837 0.360765 -0.076484
0.272695 0.347865 -0.077716
0.271465 0.237418 -0.084043
0.269639 0.163144 -0.096558
0.269400 0.108960 -0.104746
0.269191 0.093424 -0.108145
0.268912 0.074867 -0.112646
0.268287 -0.008285 -0.128542
0.269608 0.147439 -0.099217
0.124344 0.408887 -0.082032
0.155620 0.405748 -0.078226
0.170831 0.404108 -0.076235
0.177867 0.404002 -0.076125
0.201742 0.403239 -0.075252
0.273028 0.401512 -0.073352
0.082355 0.411661 -0.087195
0.070186 0.412463 -0.088691
0.268287 -0.057684 -0.138010
0.268287 -0.008285 -0.128542
0.318287 0.021144 -0.119067
0.269191 0.093424 -0.108145
0.318287 0.056644 -0.112037
0.318287 0.049121 -0.113705
0.260039 0.542505 -0.062792
0.112665 0.542914 -0.079829
0.166472 0.542776 -0.073458
0.137643 -0.558285 -0.229220
0.064370 -0.558285 -0.240183
0.064370 -0.556053 -0.239917
0.064370 -0.538177 -0.238376
0.064370 -0.514127 -0.234846
0.225495 -0.482709 -0.209632
0.268357 -0.481705 -0.206321
0.145759 -0.558285 -0.228102
0.268398 -0.529190 -0.214258
0.268395 -0.531677 -0.214674
0.155246 -0.558285 -0.227407
0.268287 -0.558285 -0.216506
0.268287 -0.558285 -0.216506
0.211248 -0.558285 -0.222007
0.155246 -0.558285 -0.227407
0.174365 -0.484042 -0.214027
0.143849 -0.558285 -0.228259
0.113437 -0.487022 -0.223849
0.166247 -0.484439 -0.215336
0.268287 -0.331730 -0.182768
0.268287 -0.313150 -0.180247
0.284968 -0.316752 -0.179204
0.092419 -0.487853 -0.226588
0.064370 -0.489274 -0.231272
0.064370 -0.499823 -0.232789
0.318287 -0.155733 -0.150769
0.318287 -0.156958 -0.151019
0.317504 -0.156958 -0.151121
0.318287 -0.072379 -0.132253
0.268287 -0.105956 -0.144816
0.268287 -0.072533 -0.140103
0.319867 0.210028 -0.086974
0.318981 0.149865 -0.091600
0.269516 0.129430 -0.102263
0.269483 0.115343 -0.103349
0.269492 0.118158 -0.103132
0.271465 0.237418 -0.084043
0.321429 0.266648 -0.077444
0.269558 0.136215 -0.101116
0.269608 0.147439 -0.099217
0.272695 0.347865 -0.077716
0.322426 0.331280 -0.073747
0.322404 0.329075 -0.073873
0.272837 0.360765 -0.076484
0.177867 0.404002 -0.076125
0.201742 0.403239 -0.075252
0.170831 0.404108 -0.076235
0.155620 0.405748 -0.078226
0.124344 0.408887 -0.082032
0.082355 0.411661 -0.087195
0.070186 0.412463 -0.088691
0.070354 0.478650 -0.086081
0.070291 0.485037 -0.086335
0.070251 0.491412 -0.086087
0.322753 0.416669 -0.065964
0.320845 0.536121 -0.056438
0.308843 0.542348 -0.057550
0.320693 0.542317 -0.055719
0.272929 0.542450 -0.062424
0.300978 0.542371 -0.058617
0.321527 0.507362 -0.058736
0.322012 0.482289 -0.060737
0.322012 0.482289 -0.060737
0.322337 0.461141 -0.062423
0.322753 0.416669 -0.065964
0.271257 0.542458 -0.062472
0.273028 0.401512 -0.073352
0.075094 0.542983 -0.085700
0.070215 0.494810 -0.086128
0.069471 0.542990 -0.086709
0.313939 -0.541375 0.014211
0.263180 -0.538423 0.014211
0.056289 -0.526859 0.014211
0.056289 -0.526859 0.014211
0.313939 -0.541375 0.014211
0.312800 -0.586944 0.115683
0.306683 -0.287153 0.240183
0.263180 -0.538423 0.014211
0.075218 0.544427 0.014211
0.324225 0.543200 0.014211
0.324225 0.543200 0.014211
0.322200 0.592693 0.014211
0.325802 0.593594 0.115683
0.348683 0.350847 0.240183
0.328307 0.111663 0.014211
0.056289 -0.526859 0.014211
0.059704 -0.405872 -0.082032
0.181735 -0.163482 0.240183
0.068747 -0.164480 0.240183
0.057946 -0.332484 -0.006264
0.082464 0.001553 0.240183
0.326426 -0.094490 0.240183
0.326426 -0.094490 0.240183
0.191454 -0.092039 0.240183
0.207330 0.118943 0.240183
0.191454 -0.092039 0.240183
0.342232 0.115805 0.240183
0.326426 -0.094490 0.240183
0.094213 0.203306 0.240183
0.068747 -0.164480 0.240183
0.181735 -0.163482 0.240183
0.094213 0.203306 0.240183
0.207214 0.204455 0.240183
0.075309 0.348089 -0.006264
0.070581 0.409002 -0.082032
0.082464 0.001553 0.240183
0.342232 0.115805 0.240183
0.342232 0.115805 0.240183
0.207330 0.118943 0.240183
-0.324357 -0.169217 0.240183
-0.241055 -0.544025 0.014211
-0.247119 -0.518107 0.014211
-0.248331 -0.513229 0.014211
0.056289 -0.526859 0.014211
-0.248331 -0.513229 0.014211
-0.274060 -0.416972 0.072592
-0.316559 -0.220587 0.240183
-0.313996 -0.256858 0.240183
-0.313726 -0.260663 0.240183
-0.307151 -0.285261 0.240183
-0.305902 0.198218 0.240183
-0.330264 0.545841 0.014211
-0.336536 0.576742 0.014211
0.075218 0.544427 0.014211
-0.330264 0.545841 0.014211
-0.329326 0.539535 0.018312
-0.315091 0.319819 0.240183
-0.309228 0.251010 0.240183
-0.317447 0.342316 0.240183
0.064370 -0.558285 -0.240183
0.137643 -0.558285 -0.229220
0.143849 -0.558285 -0.228259
0.145759 -0.558285 -0.228102
0.155246 -0.558285 -0.227407
0.322012 0.482289 -0.060737
0.322337 0.461141 -0.062423
0.321527 0.507362 -0.058736
0.320693 0.542317 -0.055719
0.320845 0.536121 -0.056438
0.075218 0.544427 0.014211
0.275224 0.543449 0.014211
0.166472 0.542776 -0.073458
0.271257 0.542458 -0.062472
0.260039 0.542505 -0.062792
0.318895 0.137145 -0.094389
0.318981 0.149865 -0.091600
0.319867 0.210028 -0.086974
0.321429 0.266648 -0.077444
0.322404 0.329075 -0.073873
0.322426 0.331280 -0.073747
0.322753 0.416669 -0.065964
0.075094 0.542983 -0.085700
0.069471 0.542990 -0.086709
0.300978 0.542371 -0.058617
0.308843 0.542348 -0.057550
0.275224 0.543449 0.014211
0.271257 0.542458 -0.062472
0.272929 0.542450 -0.062424
0.064370 -0.558285 -0.240183
0.064370 -0.514127 -0.234846
0.064370 -0.538177 -0.238376
0.064370 -0.556053 -0.239917
0.322749 -0.113638 0.014211
0.318287 -0.156958 -0.107589
0.318287 -0.125158 -0.143977
0.318287 -0.146641 -0.148750
0.298057 -0.394968 -0.190071
0.314875 -0.400593 -0.188457
0.318287 0.049121 -0.113705
0.318287 0.056644 -0.112037
0.318599 0.108693 -0.100621
0.318287 -0.125158 -0.143977
0.318287 -0.072379 -0.132253
0.070215 0.494810 -0.086128
0.070251 0.491412 -0.086087
0.070291 0.485037 -0.086335
0.070354 0.478650 -0.086081
0.070186 0.412463 -0.088691
0.069471 0.542990 -0.086709
0.314875 -0.400593 -0.188457
0.318287 -0.397668 -0.187617
0.318287 -0.401116 -0.188306
0.298057 -0.394968 -0.190071
0.318287 -0.347515 -0.181300
0.318287 -0.353011 -0.181993
0.268287 -0.389724 -0.191576
0.268287 -0.346519 -0.185014
0.285146 -0.392694 -0.190723
0.289489 -0.317543 -0.178975
0.318287 -0.125158 -0.143977
0.318287 -0.146641 -0.148750
0.292524 -0.156958 -0.153671
0.268287 -0.156958 -0.156145
0.268287 -0.145819 -0.153671
0.268287 -0.125158 -0.149081
0.268287 -0.156958 -0.156145
0.268287 -0.105956 -0.144816
0.318599 0.108693 -0.100621
0.269400 0.108960 -0.104746
0.318895 0.137145 -0.094389
-0.062008 -0.116310 0.218186
-0.061718 -0.118827 0.352451
-0.059252 0.132017 0.176480
0.091268 0.018120 0.080236
0.091434 -0.045503 0.156005
-0.061565 0.017799 0.080236
-0.061397 -0.045835 0.156005
-0.061565 0.017799 0.080236
-0.061397 -0.045835 0.156005
-0.062008 -0.116310 0.218186
-0.062659 0.101937 -0.295094
0.096748 0.101937 -0.292915
-0.062659 0.111545 -0.197549
0.090211 0.111545 -0.197549
-0.062438 0.071572 -0.006207
-0.062659 0.101937 -0.100004
0.090400 0.071845 -0.006207
0.090211 0.101937 -0.100004
0.300841 0.027279 0.080236
0.453711 0.027279 0.080236
0.300841 -0.034902 0.156005
0.456804 0.162318 0.176479
0.453711 -0.034902 0.156005
0.453711 0.027279 0.080236
0.453711 -0.110670 0.218186
0.300841 -0.110670 0.218186
0.453711 -0.110670 0.218186
0.304272 0.111545 -0.196405
0.319337 0.101937 -0.288928
0.457077 0.111545 -0.196427
0.453711 0.073484 -0.006207
0.300841 0.073484 -0.006207
0.453711 0.101937 -0.100004
0.300841 0.101937 -0.100004
0.455173 0.161910 0.115810
0.512465 0.212654 0.115810
0.512427 0.162645 0.115810
0.196790 -0.048413 0.402451
0.353171 0.203607 0.277951
0.043963 0.166767 0.277951
-0.303441 -0.037745 0.402451
-0.303474 -0.185582 0.402451
0.043295 0.069896 0.329282
0.353020 0.102256 0.329282
-0.060182 0.140078 0.115810
-0.114734 0.142132 0.115810
-0.114679 0.191651 0.115810
-0.301964 0.198455 0.277951
-0.023246 0.069896 0.329282
-0.022578 0.166767 0.277951
-0.302520 0.203275 0.176480
0.092695 0.190017 0.115810
0.420958 0.212085 0.277951
0.420481 0.109305 0.329282
-0.302561 0.153629 0.176479
0.043295 0.069896 0.329282
0.043963 0.166767 0.277951
0.044796 0.150722 0.329282
-0.022578 0.166767 0.277951
-0.023246 0.069896 0.329282
-0.021745 0.150722 0.329282
0.353020 0.102256 0.329282
0.353240 0.194188 0.329282
0.353171 0.203607 0.277951
0.420958 0.212085 0.277951
0.420843 0.203234 0.329282
0.420481 0.109305 0.329282
0.353171 0.203607 0.277951
0.420958 0.212085 0.277951
0.043963 0.166767 0.277951
-0.022578 0.166767 0.277951
-0.059252 0.132017 0.176480
-0.302561 0.153629 0.176479
-0.114734 0.142132 0.115810
-0.061718 -0.118827 0.352451
-0.060182 0.140078 0.115810
-0.060182 0.140078 0.115810
-0.303474 -0.110670 0.352451
-0.062438 0.071572 -0.006207
-0.062659 0.101937 -0.100004
-0.062659 0.111545 -0.197549
-0.062659 0.101937 -0.295094
-0.303474 -0.185582 0.352451
-0.062659 -0.197114 0.264391
0.455173 0.161910 0.115810
0.512427 0.162645 0.115810
0.456804 0.162318 0.176479
0.455173 0.161910 0.115810
0.453711 0.073484 -0.006207
0.453711 0.101937 -0.100004
0.457077 0.111545 -0.196427
-0.303474 -0.185582 0.402451
-0.530504 -0.185582 0.379615
-0.303474 -0.185582 0.352451
-0.527323 -0.185582 0.352451
-0.533178 -0.185582 0.402451
-0.578842 0.211544 0.240745
-0.583898 0.211544 0.277951
-0.301964 0.198455 0.277951
-0.302520 0.203275 0.176480
-0.570038 0.211544 0.176480
-0.572265 0.211545 0.192344
-0.302561 0.153629 0.176479
-0.564552 0.185284 0.176479
-0.559528 0.161545 0.176480
-0.566054 0.192382 0.176479
-0.572189 0.122450 0.322498
-0.303441 -0.037745 0.402451
-0.571916 0.120145 0.323651
-0.562198 0.043032 0.362207
-0.554811 -0.037455 0.402451
-0.577240 0.165207 0.301120
-0.546309 0.028563 0.262445
-0.536903 -0.110670 0.352451
-0.537446 -0.098078 0.344311
-0.543648 -0.008474 0.286387
-0.546341 0.029008 0.262157
-0.546851 0.033784 0.259070
-0.558742 0.155201 0.180580
-0.559528 0.161545 0.176480
-0.531727 -0.151184 0.352451
-0.536656 -0.112686 0.352451
-0.527323 -0.185582 0.352451
-0.543541 -0.108993 0.402451
-0.539832 -0.133621 0.402451
-0.539832 -0.133621 0.402451
-0.543541 -0.108993 0.402451
-0.553805 -0.043754 0.402451
-0.566054 0.192382 0.176479
-0.572265 0.211545 0.192344
-0.570038 0.211544 0.176480
-0.533178 -0.185582 0.402451
-0.536656 -0.112686 0.352451
-0.531727 -0.151184 0.352451
-0.527323 -0.185582 0.352451
-0.530504 -0.185582 0.379615
-0.533178 -0.185582 0.402451
-0.537446 -0.098078 0.344311
-0.536903 -0.110670 0.352451
-0.543648 -0.008474 0.286387
-0.562198 0.043032 0.362207
-0.546341 0.029008 0.262157
-0.554811 -0.037455 0.402451
-0.546309 0.028563 0.262445
-0.571916 0.120145 0.323651
-0.546851 0.033784 0.259070
-0.558742 0.155201 0.180580
-0.577240 0.165207 0.301120
-0.572189 0.122450 0.322498
-0.583898 0.211544 0.277951
-0.578842 0.211544 0.240745
-0.564552 0.185284 0.176479
-0.559528 0.161545 0.176480
0.514240 0.213483 0.277951
0.497422 0.137366 0.315850
0.499114 0.144424 0.312341
0.505196 0.175615 0.296821
0.583402 0.181595 0.137494
0.582275 0.213697 0.137163
0.582499 0.208382 0.137223
0.583898 0.163709 0.137675
0.546821 0.213764 0.208552
0.570121 0.213769 0.162059
0.580201 0.213713 0.141482
0.564830 0.163800 0.176480
0.583898 0.163709 0.137675
0.546821 0.213764 0.208552
0.514240 0.213483 0.277951
0.505196 0.175615 0.296821
0.582499 0.208382 0.137223
0.582275 0.213697 0.137163
0.580201 0.213713 0.141482
0.460617 -0.017639 0.392944
0.470772 0.022229 0.373114
0.472213 0.031775 0.368361
0.505165 -0.051567 0.315075
0.519971 0.007631 0.276982
0.499114 0.144424 0.312341
0.497422 0.137366 0.315850
-0.045563 0.068317 -0.398557
-0.062659 0.073484 -0.388890
-0.062659 0.066236 -0.402451
0.000237 0.073484 -0.387771
0.076312 0.078165 -0.369713
0.073571 0.077939 -0.370540
0.103861 0.080441 -0.361406
0.320579 0.099318 -0.297151
0.348841 0.101937 -0.288928
0.466825 0.105349 -0.256080
0.352904 0.102060 -0.287751
0.467661 0.161545 -0.255590
0.417303 0.161545 -0.269576
0.455173 0.161910 0.115810
0.379218 0.161545 -0.280596
-0.060182 0.140078 0.115810
0.061902 0.161545 -0.371515
-0.062659 0.161545 -0.401041
0.030574 0.161545 -0.380004
-0.062659 0.066236 -0.402451
-0.062659 0.080393 -0.401337
-0.062659 0.126651 -0.399764
-0.062659 0.108716 -0.399108
-0.062659 0.161545 -0.401041
0.103861 0.080441 -0.361406
0.104572 0.099073 -0.360838
0.096748 0.101937 -0.292915
0.104781 0.105652 -0.360673
0.105142 0.118566 -0.360546
0.105024 0.113672 -0.360664
0.466873 0.106964 -0.256058
0.467661 0.161545 -0.255590
0.466825 0.105349 -0.256080
0.320745 0.103958 -0.297020
0.320579 0.099318 -0.297151
0.319337 0.101937 -0.288928
0.352904 0.102060 -0.287751
0.321250 0.121506 -0.296564
0.348841 0.101937 -0.288928
0.320579 0.099318 -0.297151
0.104572 0.099073 -0.360838
0.104781 0.105652 -0.360673
0.321376 0.127282 -0.296438
0.105024 0.113672 -0.360664
0.321465 0.131295 -0.296444
0.103861 0.080441 -0.361406
0.076312 0.078165 -0.369713
0.073571 0.077939 -0.370540
0.417303 0.161545 -0.269576
0.467661 0.161545 -0.255590
0.466873 0.106964 -0.256058
0.466825 0.105349 -0.256080
0.341072 0.161545 -0.291633
0.379218 0.161545 -0.280596
-0.062659 0.108716 -0.399108
-0.062659 0.080393 -0.401337
0.000237 0.073484 -0.387771
-0.045563 0.068317 -0.398557
-0.062659 0.066236 -0.402451
0.030574 0.161545 -0.380004
-0.062659 0.126651 -0.399764
-0.062659 0.161545 -0.401041
0.061134 -0.115611 0.402451
0.078706 -0.111376 0.402451
0.148037 -0.093960 0.402451
0.196303 -0.080832 0.402451
0.223263 -0.073051 0.402451
0.278891 -0.055135 0.402451
0.338480 -0.037455 0.402451
0.455969 -0.061878 0.321275
0.455808 -0.066881 0.313247
0.453719 -0.110668 0.239738
0.452291 -0.019534 0.393827
0.357893 -0.033656 0.400552
0.421753 -0.024419 0.396038
-0.180656 -0.185582 0.364758
-0.303474 -0.185582 0.352451
-0.153767 -0.185582 0.352451
-0.258345 -0.185582 0.400313
-0.263587 -0.185582 0.402451
-0.260127 -0.184849 0.402451
-0.185741 -0.165987 0.402451
-0.149753 -0.157646 0.402451
-0.118834 -0.150401 0.402451
0.031645 -0.122417 0.402451
-0.062588 -0.166118 0.352451
-0.074598 -0.168273 0.352451
-0.140669 -0.182261 0.352451
-0.153767 -0.185582 0.352451
0.078708 -0.190610 0.260914
0.090211 -0.189100 0.260108
-0.062659 -0.197114 0.264391
0.034781 -0.196373 0.263995
0.030172 -0.197114 0.264391
0.090828 -0.116015 0.218186
0.091116 -0.118515 0.352451
0.090211 -0.189100 0.260108
0.090242 -0.165616 0.296751
0.090211 -0.174730 0.283673
0.090800 -0.135823 0.352451
0.090358 -0.159978 0.306012
-0.041655 -0.210001 0.268300
-0.062659 -0.213769 0.269443
-0.062588 -0.166118 0.352451
-0.062659 -0.191488 0.307351
-0.062634 -0.168892 0.347207
0.112060 -0.131018 0.352451
0.175852 -0.115159 0.352451
0.151858 -0.121483 0.352451
-0.062659 -0.213769 0.269443
-0.062659 -0.198558 0.294997
-0.062659 -0.197114 0.264391
-0.062659 -0.191488 0.307351
0.300841 -0.153932 0.241310
0.423607 -0.127693 0.227285
0.348960 -0.144550 0.236295
0.453711 -0.120895 0.223651
0.300841 -0.153932 0.241310
0.300841 -0.136732 0.261981
0.300841 -0.110670 0.218186
0.300841 -0.115724 0.291840
0.300841 -0.110670 0.300066
0.453711 -0.118310 0.226758
0.460495 -0.018221 0.393233
0.460617 -0.017639 0.392944
0.470772 0.022229 0.373114
0.472213 0.031775 0.368361
0.460495 -0.018221 0.393233
0.481734 -0.035467 0.356724
0.497560 -0.049007 0.329132
0.504145 -0.054603 0.317027
0.078706 -0.111376 0.402451
0.061134 -0.115611 0.402451
0.031645 -0.122417 0.402451
0.357893 -0.033656 0.400552
0.278891 -0.055135 0.402451
0.338480 -0.037455 0.402451
0.148037 -0.093960 0.402451
0.263555 -0.095059 0.342187
0.300841 -0.087637 0.337561
0.300841 -0.110670 0.300066
0.300841 -0.115724 0.291840
0.223263 -0.073051 0.402451
0.218092 -0.106101 0.347707
0.485574 -0.057251 0.318564
0.421753 -0.024419 0.396038
0.452291 -0.019534 0.393827
0.453711 -0.118310 0.226758
0.453719 -0.110668 0.239738
0.455808 -0.066881 0.313247
0.473014 -0.059209 0.319711
0.455969 -0.061878 0.321275
0.348960 -0.144550 0.236295
0.423607 -0.127693 0.227285
0.453711 -0.120895 0.223651
0.300841 -0.136732 0.261981
0.300841 -0.153932 0.241310
0.090211 -0.174730 0.283673
0.090358 -0.159978 0.306012
0.090211 -0.174730 0.283673
0.090242 -0.165616 0.296751
0.090358 -0.159978 0.306012
0.090800 -0.135823 0.352451
0.151858 -0.121483 0.352451
0.112060 -0.131018 0.352451
0.034781 -0.196373 0.263995
0.078708 -0.190610 0.260914
0.090211 -0.189100 0.260108
-0.118834 -0.150401 0.402451
-0.074598 -0.168273 0.352451
-0.062588 -0.166118 0.352451
-0.062634 -0.168892 0.347207
-0.185741 -0.165987 0.402451
-0.149753 -0.157646 0.402451
-0.260127 -0.184849 0.402451
-0.263587 -0.185582 0.402451
-0.258345 -0.185582 0.400313
-0.180656 -0.185582 0.364758
-0.153767 -0.185582 0.352451
-0.062659 -0.198558 0.294997
-0.062659 -0.213769 0.269443
-0.041655 -0.210001 0.268300
0.030172 -0.197114 0.264391
-0.062659 -0.191488 0.307351
0.093549 0.132618 0.176479
0.091268 0.018120 0.080236
0.090400 0.071845 -0.006207
0.090211 0.101937 -0.100004
0.090211 0.111545 -0.197549
0.096748 0.101937 -0.292915
0.091434 -0.045503 0.156005
0.301943 0.151994 0.176480
0.300841 0.073484 -0.006207
0.300841 0.027279 0.080236
0.300841 0.101937 -0.100004
0.304272 0.111545 -0.196405
0.319337 0.101937 -0.288928
0.300841 -0.034902 0.156005
0.301393 0.156759 0.115810
0.092636 0.140523 0.115810
0.197238 0.146709 0.115810
0.197962 0.140430 0.176480
0.092636 0.140523 0.115810
0.197238 0.146709 0.115810
0.301393 0.156759 0.115810
0.197962 0.140430 0.176480
0.541878 0.083198 0.228383
0.556031 0.134156 0.195596
0.564830 0.163800 0.176480
0.583898 0.163709 0.137675
0.583402 0.181595 0.137494
0.580201 0.213713 0.141482
0.570121 0.213769 0.162059
0.546821 0.213764 0.208552
0.301393 0.156759 0.115810
0.321880 0.161545 -0.297030
0.341072 0.161545 -0.291633
0.092636 0.140523 0.115810
0.105597 0.161545 -0.359703
0.105597 0.161545 -0.359703
0.105142 0.118566 -0.360546
0.321880 0.161545 -0.297030
0.321465 0.131295 -0.296444
0.321376 0.127282 -0.296438
0.321250 0.121506 -0.296564
0.320745 0.103958 -0.297020
0.105597 0.161545 -0.359703
0.105142 0.118566 -0.360546
0.061902 0.161545 -0.371515
0.194699 -0.111205 0.350336
0.300841 -0.087637 0.337561
0.263555 -0.095059 0.342187
0.197400 -0.110626 0.350032
0.218092 -0.106101 0.347707
0.195959 -0.110935 0.350194
0.455969 -0.061878 0.321275
0.556031 0.134156 0.195596
0.541878 0.083198 0.228383
0.519971 0.007631 0.276982
0.505165 -0.051567 0.315075
0.504145 -0.054603 0.317027
0.485574 -0.057251 0.318564
0.477900 -0.058395 0.319231
0.473014 -0.059209 0.319711
0.175852 -0.115159 0.352451
0.194699 -0.111205 0.350336
0.195959 -0.110935 0.350194
0.197400 -0.110626 0.350032
0.196303 -0.080832 0.402451
856 925
755 784
821 828
1727 1729
1703 1704
2441 2476
2154 2280
2272 2274
1177 1178
2474 2475
2448 2478
2448 2453
1175 1176
2471 2472
751 780
1956 1999
2001 2002
863 864
817 836
887 888
1979 1998
1739 1740
1725 1726
1966 1987
1699 1700
1722 1723
1154 1177
792 840
1347 1349
1975 2049
875 876
855 856
2165 2287
2441 2445
2165 2288
2268 2270
762 843
1976 1977
58 60
15 17
791 841
418 433
752 779
750 778
1655 1963
1715 1991
908 909
1974 2048
434 437
1325 1611
1360 1627
1953 1954
468 469
1740 2001
740 771
742 772
2154 2158
430 431
807 808
2116 2117
2352 2441
2079 2080
2149 2152
1951 1990
1991 1992
14 16
1137 1138
2448 2487
24 26
460 461
407 413
470 471
1041 1153
449 451
464 466
454 456
2125 2127
483 484
409 414
1317 1347
1495 1609
86 87
96 97
84 85
36 37
143 144
1727 1735
405 515
2177 2178
2118 2125
2099 2326
2164 2492
1636 1638
1637 1639
1645 1647
19 22
425 426
1951 1952
2150 2197
2180 2182
1963 2036
1606 1607
1956 1957
1961 1984
941 946
950 951
2155 2191
91 97
2169 2173
952 953
1962 1984
2160 2200
2171 2172
438 507
463 520
900 967
9 124
2124 2129
1949 1950
155 159
1310 1473
1320 1479
1697 1698
486 570
1686 1687
1496 1497
1498 1500
1164 1168
2017 2018
2123 2132
1156 1157
1954 1969
207 301
470 532
1063 1064
1069 1073
499 618
1329 1610
1392 1604
1308 1466
773 783
1661 1955
1659 1948
1067 1069
908 910
780 784
751 755
1213 1277
44 101
89 96
505 588
589 591
894 902
1476 1544
1498 1499
4 105
23 189
1309 1472
1322 1537
51 123
909 910
979 981
17 100
49 79
677 678
1189 1190
2040 2042
564 565
2112 2455
2340 2341
2390 2425
2122 2456
1159 1160
1161 1163
1311 1476
1330 1331
2160 2345
2333 2334
419 599
1238 1239
1875 1876
2118 2119
2169 2185
155 157
437 528
535 536
473 606
538 614
1798 1799
2195 2196
2223 2224
1046 1232
1121 1230
774 787
2115 2325
1122 1124
1141 1146
862 936
891 978
338 339
390 391
64 134
147 153
494 498
500 504
15 99
1105 1117
1175 1177
1075 1076
1970 1971
1973 1975
1972 1974
1985 1986
590 591
592 594
1351 1353
1512 1513
1514 1516
1476 1477
789 810
767 815
760 812
1058 1060
1539 1540
1553 1561
1357 1358
421 543
911 912
1003 1004
2232 2383
2252 2256
406 427
778 780
1641 1817
1653 1813
1327 1547
826 837
2266 2267
2293 2308
642 643
25 27
129 131
1312 1313
1318 1319
416 428
59 73
70 83
61 93
619 620
2142 2144
2139 2141
186 187
206 248
1888 1889
1800 1801
1802 1804
1979 1980
1977 1978
928 929
982 1029
52 54
1081 1164
1139 1141
1853 1854
1914 1918
2117 2120
2133 2134
2126 2127
2136 2137
1802 1803
447 497
940 942
2164 2242
1646 1648
2192 2193
2215 2217
1833 1964
492 503
579 627
1286 1287
1663 1665
1964 1967
1169 1170
1193 1195
1648 1649
1664 1666
2457 2459
2441 2458
2460 2461
698 734
866 869
1662 1674
1627 1628
867 868
1314 1316
1338 1339
334 336
346 347
358 360
359 361
367 369
368 370
785 794
1345 1347
1608 1609
1654 1967
1665 1667
1485 1487
926 927
984 985
1703 1705
2083 2092
2085 2156
2081 2094
305 330
342 343
371 372
378 384
394 395
399 401
309 385
2176 2177
1959 1960
1368 1390
1316 1324
1335 1338
1010 1016
1292 1293
53 76
87 88
1119 1120
1241 1242
1333 1336
1483 1485
1268 1269
2083 2084
2085 2086
2081 2082
2442 2447
710 711
2092 2093
2443 2444
1389 1390
1630 1631
1695 1696
1680 1681
1676 1682
1681 1687
1694 1697
489 500
2096 2098
2450 2454
2108 2110
2166 2167
2449 2451
2088 2090
2158 2159
2091 2095
2157 2158
2096 2109
2097 2108
2101 2166
2100 2102
2098 2103
1170 1171
403 404
431 462
966 967
983 1009
968 969
1981 1982
1515 1516
1517 1519
1643 1654
1667 1669
847 850
1321 1323
2105 2111
1678 1684
1692 1695
1480 1483
1679 1680
1691 1693
1323 1480
1332 1400
1684 1981
1688 1692
593 594
846 848
858 921
2089 2091
2445 2446
1369 1377
2329 2330
2274 2275
757 768
1219 1274
156 160
264 283
1871 1906
630 639
2452 2453
985 986
1875 1877
2019 2021
2351 2447
908 965
1005 1006
2143 2144
2130 2231
2078 2161
2087 2348
1742 1743
1259 1266
902 904
227 229
2254 2463
2494 2495
1319 1331
1506 1507
1564 1568
2187 2188
1737 1738
1782 1784
498 616
504 624
420 509
11 13
1326 1328
1327 1329
1392 1393
21 200
756 765
537 538
157 158
284 291
485 556
1273 1297
1298 1300
1658 1659
1812 1829
1650 1651
1668 1670
1642 1643
1736 1737
2186 2187
2218 2222
1272 1273
1690 1866
1919 1932
2027 2028
1095 1100
2405 2406
2433 2434
1474 1475
1561 1562
2352 2364
587 588
1314 1524
1858 1859
2351 2353
947 948
1028 1030
1704 1714
1755 1756
1660 1838
405 407
303 306
307 308
381 383
1301 1302
852 857
853 854
524 525
675 681
562 563
648 650
1651 1657
1670 1672
1671 1673
1539 1541
1559 1563
13 14
422 423
448 455
450 457
475 481
2137 2138
641 669
244 245
91 94
92 93
276 286
287 289
1360 1362
529 531
638 640
819 820
872 874
820 821
874 875
231 232
428 430
1173 1174
1198 1200
1041 1055
485 486
1254 1256
1301 1304
1067 1068
1108 1112
234 235
1380 1528
1730 1732
827 828
2371 2372
2409 2410
2018 2020
2033 2034
2337 2338
2429 2431
508 509
1201 1203
74 76
89 90
1186 1187
1188 1191
2244 2249
1677 1685
1740 1746
944 945
2114 2238
54 75
2007 2008
57 58
965 966
1005 1009
191 192
295 296
1390 1419
741 761
770 790
1039 1041
1068 1070
1108 1109
2438 2439
2113 2236
795 796
1253 1271
625 626
684 685
2089 2263
1244 1245
1285 1290
477 478
1965 1971
1973 1978
639 671
2253 2254
2495 2496
178 179
298 299
831 837
851 852
2320 2321
2388 2394
433 435
1233 1236
1865 1866
1923 1944
0 1
450 451
473 474
530 538
448 449
761 808
1228 1267
1279 1280
418 419
767 768
2283 2285
2446 2477
1419 1428
1632 1633
1144 1145
1207 1208
584 585
976 978
1017 1018
829 833
871 873
1748 1749
1039 1040
173 193
294 297
1042 1044
1359 1360
793 794
790 807
765 768
120 121
211 212
1226 1227
460 470
542 543
2116 2130
2145 2146
1409 1410
1453 1459
2140 2143
832 835
1259 1261
1293 1294
2121 2131
2139 2144
1605 1612
1611 1622
1056 1061
1085 1111
673 674
834 836
877 887
750 752
2147 2148
2120 2126
2133 2137
1675 1850
1831 1833
765 766
254 255
1928 1929
2054 2055
1656 1842
1686 1859
1932 1939
1940 1942
1718 1719
739 740
885 886
1474 1477
889 891
2330 2331
2391 2402
119 129
785 786
1229 1231
1278 1287
900 970
1079 1165
312 353
326 365
329 330
376 378
1044 1147
1644 1655
1715 1722
883 884
899 902
1340 1350
1370 1373
794 795
1092 1113
1915 1920
687 688
192 198
293 295
2463 2464
2392 2393
184 185
249 250
402 444
432 436
1464 1465
1586 1587
1434 1435
1619 1620
1383 1384
2149 2153
2441 2459
2 45
39 84
1334 1402
2457 2458
2460 2462
2448 2461
2107 2266
2168 2289
2099 2165
2162 2164
2168 2287
1179 1180
544 545
679 680
1909 1910
2023 2024
1202 1203
1087 1109
429 435
44 45
85 97
95 98
1418 1422
1354 1355
1370 1374
490 492
424 426
464 483
2323 2324
488 491
1 46
1232 1234
597 598
678 704
660 662
1348 1349
1375 1376
446 447
466 484
2024 2025
1810 1811
1890 1891
2112 2114
2162 2163
1151 1153
1289 1290
153 154
279 282
1125 1265
1223 1224
1162 1163
88 145
969 970
1362 1363
1744 1745
1775 1776
1810 2011
1891 1892
1705 1952
1247 1281
1151 1152
1196 1199
1592 1594
180 181
1085 1086
1437 1438
1621 1624
2151 2153
2287 2288
218 219
899 901
1876 1877
1906 2067
2049 2050
1072 1073
1087 1090
2138 2148
2134 2135
2135 2147
1844 1848
2047 2048
1573 1576
1503 1505
1565 1566
456 467
458 459
1748 1774
1998 2005
838 841
621 624
2203 2209
2415 2419
454 465
2305 2306
1907 2070
2073 2074
2175 2189
2225 2227
2140 2145
1039 1128
2239 2240
2469 2470
1125 1126
1762 1765
1987 1994
1131 1152
1787 1789
583 584
690 696
602 603
1846 1847
1883 1893
1948 1955
1308 1310
1345 1607
1603 1608
939 940
1007 1025
1734 1736
1785 1788
1307 1309
1636 1637
839 844
879 886
2212 2214
1842 1843
1869 1870
1342 1344
1387 1388
1640 1641
2394 2505
1652 1968
1683 1983
1726 1979
1315 1351
1659 1661
1328 1329
1603 1610
1148 1149
881 883
897 899
2128 2132
2177 2180
1728 1957
1958 1959
454 455
37 51
40 41
649 731
558 561
730 731
2103 2370
2374 2376
1958 2033
972 973
992 1002
2174 2179
2207 2228
19 20
1639 1822
1647 1824
1134 1135
1184 1186
1946 1947
2051 2056
1828 1830
1884 1886
2225 2226
62 63
143 155
824 825
859 861
408 472
428 476
1091 1247
1237 1238
151 152
37 39
1287 1288
839 843
893 895
600 601
2257 2260
2313 2314
2079 2360
2152 2342
1110 1111
2488 2490
1155 1157
570 571
719 722
578 628
645 646
745 748
136 138
251 253
1540 1543
1569 1571
541 612
665 666
724 726
948 949
1027 1028
1 13
2361 2362
2428 2440
1158 1160
1204 1206
1071 1072
2250 2251
2381 2382
743 748
2384 2385
133 176
280 281
2273 2475
2483 2485
1148 1150
1209 1215
1805 1809
1717 1719
1764 1771
1781 1783
559 569
720 721
2013 2028
2422 2423
1040 1043
1058 1065
1049 1239
2190 2193
2217 2221
631 637
2378 2487
2396 2397
316 319
325 397
375 377
1366 1367
1377 1378
2063 2064
418 468
520 521
735 736
1411 1412
1423 1425
1395 1396
1456 1460
1638 1821
2368 2369
2231 2234
2245 2246
2242 2243
1504 1505
290 292
1845 1846
2476 2477
2483 2484
1461 1548
1045 1046
1121 1122
596 610
708 709
1638 1834
2041 2043
1861 1867
1926 1927
616 617
1401 1406
1442 1443
173 174
121 130
212 213
919 920
18 20
36 38
566 567
1598 1599
124 128
220 221
925 929
1029 1030
1578 1579
1391 1392
2363 2365
2420 2421
1851 1852
1921 1944
639 641
655 656
1337 1504
1487 1494
427 513
245 246
1616 1617
1114 1119
1240 1241
1425 1426
1637 1641
1645 1653
2119 2336
1307 1308
2271 2473
2309 2310
1129 1130
2269 2271
2305 2310
1674 1845
69 70
71 73
1203 1204
2210 2211
1724 1725
1777 1778
918 920
954 956
55 56
787 789
2395 2396
2487 2488
992 993
58 75
99 102
1493 1494
737 738
56 81
1876 1945
1100 1105
1177 1183
1595 1596
791 792
695 697
697 698
692 727
162 170
273 274
1708 1709
1795 1797
2174 2175
1372 1376
139 140
287 288
563 577
647 648
574 576
724 725
2338 2339
175 179
1250 1251
1711 1712
781 783
931 935
1023 1024
2375 2377
1529 1535
1126 1127
788 789
67 68
72 82
1994 1995
2242 2493
2464 2465
1490 1492
1484 1502
1540 1542
1567 1569
753 754
1431 1433
3 4
23 24
1113 1115
2278 2280
2317 2318
1466 1467
2198 2200
1026 1027
1256 1257
1276 1304
582 585
643 644
140 141
290 291
1629 1630
551 552
629 631
66 67
78 82
759 767
1222 1227
1260 1265
779 782
103 105
108 109
814 816
1839 1840
890 892
763 766
413 415
77 78
1132 1134
1184 1197
800 816
463 479
2072 2073
802 805
1444 1446
830 843
895 896
412 415
2273 2275
2316 2485
801 804
666 667
439 440
479 480
869 879
850 859
407 408
1180 1181
1214 1216
64 65
2425 2430
1925 1926
480 482
758 760
804 806
1753 1793
1999 2000
976 977
1018 1019
798 802
1318 1344
755 809
797 798
209 211
5 29
43 47
2371 2373
2410 2411
26 116
441 442
2402 2403
410 411
9 10
7 12
784 806
526 527
682 699
486 489
241 247
1211 1212
810 811
6 8
2319 2341
2389 2390
411 417
559 560
652 721
28 29
47 48
1555 1556
1243 1244
1252 1285
442 443
452 453
452 462
749 813
163 169
270 271
746 747
786 787
2366 2367
2436 2437
762 763
599 609
657 658
2332 2334
2434 2435
2295 2296
28 30
48 50
1522 1523
1551 1558
927 928
982 984
1806 1816
747 749
776 777
2075 2077
181 203
236 237
204 205
215 230
1008 1038
775 799
2261 2263
2302 2303
1933 1938
799 803
195 198
293 300
661 664
130 132
1871 1874
866 867
1849 1850
1900 1901
2277 2279
2311 2312
848 850
577 578
1936 1937
1704 1706
1733 1734
1788 1790
2322 2323
2399 2505
194 197
517 518
700 701
1582 1587
892 900
2414 2424
903 904
1432 1447
1615 1616
239 240
122 123
209 216
2212 2213
31 32
34 35
1759 1795
1452 1454
2412 2413
2235 2237
2247 2467
2416 2418
1811 1836
1269 1270
1305 1306
1794 1796
1097 1099
32 33
34 42
1700 1702
1769 1772
868 869
184 202
1404 1405
1457 1458
1482 1501
1588 1590
1391 1394
1454 1455
1248 1249
603 604
1529 1534
1760 1761
1461 1463
1546 1547
822 830
896 905
534 536
702 703
756 764
2012 2014
527 528
699 703
1905 2069
445 472
2201 2202
2203 2204
1205 1207
744 745
277 278
115 116
217 218
793 835
1165 1166
340 390
345 394
352 396
385 387
388 389
516 519
705 707
1819 1822
2069 2070
962 974
997 998
1881 1882
2037 2038
2229 2230
168 169
1765 1769
1767 1768
1077 1078
1101 1102
1486 1488
1576 1580
845 932
955 959
1864 1865
1234 1235
1282 1286
1416 1417
1508 1510
1526 1527
913 914
714 715
716 718
1427 1428
1412 1413
1423 1424
491 493
1217 1218
1544 1545
546 549
734 736
2170 2173
1020 1031
2468 2469
1136 1255
957 964
1032 1033
621 622
692 693
1429 1430
1622 1623
2004 2006
1708 1988
1796 1797
795 831
796 837
683 684
1281 1284
2067 2068
1379 1381
943 944
2356 2363
2419 2421
1220 1221
865 882
898 952
1468 1469
148 150
1042 1043
1063 1065
1257 1258
1274 1276
1098 1099
2358 2359
108 114
2400 2504
823 825
1940 1941
1895 1900
1823 1841
817 818
870 880
916 917
987 993
495 496
501 502
523 524
671 675
565 566
713 714
569 571
1720 1721
1770 1773
1465 1467
769 770
59 60
79 83
1451 1452
1537 1538
1549 1601
2325 2330
996 1001
398 399
400 401
137 167
267 268
1402 1403
1440 1441
315 354
318 357
322 348
323 362
324 366
332 333
373 374
380 382
117 118
208 210
1840 1841
1080 1084
1103 1104
544 547
677 679
2178 2183
2206 2208
1752 1753
1448 1451
1613 1614
165 166
258 259
109 111
189 190
133 134
281 282
2364 2486
2501 2502
1857 1858
1399 1401
1275 1276
1172 1173
1195 1198
223 225
2387 2401
2497 2498
1813 1814
1897 1898
436 437
2281 2282
2297 2302
187 188
1246 1252
1535 1536
379 392
383 393
1049 1050
769 772
2311 2317
2038 2039
2235 2238
2466 2467
510 604
633 634
922 924
1013 1020
2044 2045
2057 2060
572 573
1744 1747
825 842
859 860
2314 2315
1194 1197
1596 1597
200 201
228 233
739 742
2348 2359
1525 1526
1556 1557
629 638
2407 2408
2492 2500
970 977
1010 1011
131 132
214 231
2063 2065
1397 1398
1462 1550
310 311
317 333
325 327
366 373
1817 1818
1898 1899
487 557
424 580
483 620
16 17
1548 1549
1518 1520
562 568
650 651
1580 1581
998 999
311 314
317 318
327 328
331 357
362 366
315 318
322 323
348 362
354 357
302 315
304 354
312 313
321 322
329 348
923 924
818 844
879 880
1077 1080
1102 1103
1590 1591
101 102
1235 1236
1282 1283
1378 1388
2207 2208
1584 1585
615 617
686 687
80 137
2354 2355
1855 1860
1731 1732
1751 1752
1856 1857
1872 2076
916 971
993 994
845 846
706 707
1062 1064
1089 1090
1712 1713
605 607
653 663
1224 1225
512 514
1862 1863
2258 2259
306 339
308 338
308 386
342 344
343 345
363 364
1128 1135
343 372
351 353
364 365
1713 1714
1756 1758
1470 1491
2328 2379
2404 2405
1779 1780
1543 1545
1571 1572
2215 2216
1869 1908
1814 1815
1772 1773
2386 2387
320 389
339 341
878 888
127 128
221 222
531 550
1070 1071
1882 1902
625 628
645 685
950 952
848 849
858 864
2367 2369
2436 2440
2276 2277
958 960
1036 1037
554 555
1397 1538
1549 1550
959 963
959 960
110 112
242 243
1303 1305
1430 1431
1612 1618
2344 2345
149 152
266 275
1399 1403
1445 1446
1512 1521
1552 1554
1837 2044
2060 2065
252 254
1139 1140
1200 1202
1577 1578
1910 2077
2022 2023
1852 1853
1918 1921
1556 1568
1052 1053
1093 1094
2342 2343
2426 2427
1701 1702
1766 1767
635 636
1420 1421
1934 1935
2015 2032
1471 1472
1599 1601
203 205
230 237
2346 2347
1082 1083
1106 1118
2104 2373
195 196
226 300
1823 1824
2071 2073
1825 1860
1916 1917
167 168
268 269
517 534
701 702
336 337
349 355
350 356
347 350
335 346
337 347
334 368
355 358
356 360
1468 1470
1600 1602
1826 1827
1911 1913
2020 2021
658 659
1051 1052
1093 1107
728 729
662 663
1228 1229
2354 2357
2417 2418
1074 1240
1114 1116
1625 1626
906 907
980 988
1436 1441
1831 1832
283 284
285 286
1619 1623
1706 1707
1757 1759
1359 1361
1384 1385
1563 1567
1418 1419
1191 1192
1344 1364
1057 1059
1382 1383
2377 2378
2397 2398
2010 2011
2326 2327
2406 2408
112 113
1131 1133
1834 1835
1903 2068
935 938
2106 2264
1394 1396
1729 1730
1791 1792
1060 1066
2290 2292
2453 2482
161 162
1406 1407
1442 1449
2329 2380
2384 2403
557 623
727 733
1893 1896
505 506
2232 2233
2255 2256
953 961
2031 2032
1752 1754
1478 1481
1591 1593
508 510
632 633
2498 2499
1873 1874
2046 2047
1478 1479
1593 1594
2196 2197
1789 1793
2002 2003
1116 1117
1689 1868
1982 2055
1350 1352
1379 1530
118 204
104 106
240 247
2181 2183
511 512
694 737
1047 1048
1922 1924
1123 1126
1210 1211
149 170
274 275
1022 1023
537 553
637 668
2282 2284
2297 2298
1509 1511
1534 1555
1912 2076
1738 2006
1750 1784
986 1012
1929 1930
2053 2054
2205 2220
1364 1367
1878 1894
2015 2016
581 583
690 691
1142 1143
125 126
224 225
2427 2428
572 575
717 718
1342 1343
1386 1387
1167 1168
1185 1193
2294 2299
2480 2481
1945 1947
2029 2030
1741 1743
1783 1786
914 915
990 991
2335 2336
199 201
228 229
1218 1220
1805 1807
2061 2062
513 514
688 689
556 561
728 730
1413 1414
2247 2248
1054 1055
115 117
1989 1990
1055 1182
1095 1096
107 202
238 239
1404 1410
1035 1036
2285 2286
2300 2484
2236 2241
1246 1251
2349 2350
2422 2439
2290 2291
1816 1818
1899 2066
1000 1001
937 938
1014 1015
159 172
252 265
612 613
522 523
672 673
271 272
1015 1016
2265 2267
2293 2295
1710 1997
1761 1799
2299 2301
2479 2480
1716 1993
164 171
260 261
1145 1146
1208 1212
1501 1502
1588 1589
972 975
995 1002
1760 1763
1995 1996
1354 1358
1373 1374
607 608
653 655
2431 2432
1808 1809
2058 2059
906 913
988 989
1931 1946
2051 2052
182 183
234 246
1407 1408
1449 1450
1154 1181
1214 1215
1088 1089
550 551
2261 2262
2303 2304
1438 1439
1912 1913
2184 2186
2222 2226
1828 1836
1886 1887
610 611
642 709
1532 1533
1262 1263
145 146
257 263
1879 1880
135 171
261 262
2026 2027
1356 1365
1369 1371
142 144
255 256
259 260
1739 1745
1775 1780
2191 2199
2210 2216
1272 1277
1298 1299
1340 1341
1531 1532
1885 1894
2009 2010
177 178
299 301
1492 1493
1570 1574
529 533
1415 1420
1936 1943
2034 2035
586 595
711 712
2307 2308
554 557
732 733
930 933
2489 2491
1489 1490
1573 1575
2502 2503
1903 1904
963 964
1033 1034
1261 1264
1291 1295
1583 1584
1634 1635
670 676
1521 1522
539 540
635 667
1820 1821
933 934
1021 1037
2250 2384
2380 2381
1263 1264
1295 1296
547 548
1346 1348
2190 2194
2219 2221
715 723
515 521
654 656
1559 1560
