14238155766276919228 957 1030
-0.910823 -0.206771 0.236916
-0.954000 -0.169289 0.805360
-0.973639 -0.112114 0.298400
-0.764997 -0.291908 0.805010
-0.815976 -0.269888 0.143962
-0.700520 -0.290477 0.033440
0.000031 -0.246062 -0.163207
-1.399973 -0.298440 -0.007604
-1.400149 -0.243771 -0.162785
-1.398441 -0.164662 -0.246353
-0.000064 -0.163374 -0.244250
-0.794775 -0.283511 0.056716
-1.400003 -0.270191 0.112453
-0.700025 -0.291031 -0.034700
-0.848483 -0.266913 0.110831
-0.898951 -0.244107 0.163677
-1.400014 -0.210212 0.215972
-1.003886 -0.114869 0.272040
-1.400000 -0.003112 0.301975
-1.023919 0.000190 0.290225
-0.999097 0.000708 0.321776
-0.998175 0.000352 0.801154
-0.794775 -0.283511 0.056716
-0.700025 -0.291031 -0.034700
-0.848483 -0.266913 0.110831
-0.898951 -0.244107 0.163677
-0.910823 -0.206771 0.236916
-0.898951 -0.244107 0.163677
-1.003886 -0.114869 0.272040
-0.973639 -0.112114 0.298400
-1.003886 -0.114869 0.272040
-1.023919 0.000190 0.290225
-0.999097 0.000708 0.321776
-1.023919 0.000190 0.290225
-0.869014 0.244323 0.802025
-0.950794 0.166152 0.274056
-0.976483 0.113806 0.801597
-0.999097 0.000708 0.321776
-0.761204 0.285828 0.800486
-0.817063 0.272078 0.144095
-0.699731 0.290571 0.033866
-0.701311 0.293447 -0.036443
-1.400323 0.244933 -0.161427
-1.399907 0.295276 -0.007906
-1.401612 0.163049 -0.246551
0.000670 -0.000017 -0.301920
-1.399946 0.001050 -0.294798
-0.848578 0.267015 0.110932
-0.699731 0.290571 0.033866
-0.848578 0.267015 0.110932
-1.400015 0.275383 0.117964
-0.897935 0.241453 0.161634
-0.976747 0.162620 0.242810
-1.400001 0.118925 0.276406
-1.018724 0.057046 0.285011
-1.018724 0.057046 0.285011
-0.998175 0.000352 0.801154
-0.848578 0.267015 0.110932
-0.897935 0.241453 0.161634
-0.950794 0.166152 0.274056
-0.897935 0.241453 0.161634
-0.976747 0.162620 0.242810
-1.018724 0.057046 0.285011
-0.999097 0.000708 0.321776
-1.023919 0.000190 0.290225
-0.407073 0.058106 0.315910
-0.416997 -0.113792 0.799586
-0.419029 -0.119208 0.301694
-0.532496 -0.244598 0.800878
-0.580597 -0.275771 0.145452
-0.637909 -0.284643 0.800837
0.000670 -0.000017 -0.301920
-1.399946 0.001050 -0.294798
-0.700025 -0.291031 -0.034700
-0.000009 -0.299026 -0.006936
-0.605252 -0.283463 0.056723
0.000002 -0.251499 0.169285
-0.551517 -0.266913 0.110831
-0.501914 -0.241549 0.161779
-0.423642 -0.162081 0.241671
-0.423642 -0.162081 0.241671
-0.397171 -0.111121 0.268690
0.000002 -0.060056 0.301364
-0.375159 -0.000105 0.291809
-0.375159 -0.000105 0.291809
0.000015 0.168229 0.252632
-0.700025 -0.291031 -0.034700
-0.605252 -0.283463 0.056723
-0.551517 -0.266913 0.110831
-0.501914 -0.241549 0.161779
-0.419029 -0.119208 0.301694
-0.423642 -0.162081 0.241671
-0.397171 -0.111121 0.268690
-0.407073 0.058106 0.315910
-0.375159 -0.000105 0.291809
-0.532463 0.244312 0.802848
-0.453306 0.162630 0.272129
-0.417072 0.113830 0.801241
-0.533892 0.241515 0.193370
-0.638613 0.285821 0.801380
-0.584291 0.269053 0.143616
-0.001017 0.214785 -0.214553
0.000311 0.301705 -0.007930
-0.550897 0.270767 0.112260
-0.701311 0.293447 -0.036443
-0.000051 0.272901 0.114101
-0.458587 0.206396 0.206042
-0.396739 0.112110 0.269630
-0.550897 0.270767 0.112260
-0.701311 0.293447 -0.036443
-0.533892 0.241515 0.193370
-0.458587 0.206396 0.206042
-0.453306 0.162630 0.272129
-0.396739 0.112110 0.269630
-0.396739 0.112110 0.269630
-0.916972 -0.210961 0.239750
-1.039436 0.004725 0.808524
-1.004665 -0.003780 0.324264
-0.768009 -0.326495 0.796003
-0.815276 -0.269387 0.143585
-0.700135 -0.289430 0.032831
0.010317 -0.258719 -0.178942
-1.397245 -0.334956 -0.026624
-1.409268 0.001017 -0.333435
-0.700135 -0.289430 0.032831
-0.701816 -0.281134 -0.029514
-0.850748 -0.274873 0.116199
-0.850748 -0.274873 0.116199
-1.399130 -0.212026 0.217560
-1.005020 -0.120002 0.274371
-1.408965 0.021168 0.341009
-1.024913 0.000899 0.292569
-0.850748 -0.274873 0.116199
-0.916972 -0.210961 0.239750
-1.005020 -0.120002 0.274371
-1.004665 -0.003780 0.324264
-1.005020 -0.120002 0.274371
-1.024913 0.000899 0.292569
-0.775570 0.308202 0.808660
-1.004665 -0.003780 0.324264
-1.039436 0.004725 0.808524
-0.950813 0.168570 0.274744
-0.817186 0.271994 0.144119
-0.699730 0.289295 0.033426
-0.848280 0.269765 0.112354
-0.699730 0.289295 0.033426
-1.420491 0.339916 -0.013660
-0.979558 0.168138 0.251391
-0.848280 0.269765 0.112354
-0.848280 0.269765 0.112354
-0.848280 0.269765 0.112354
-0.950813 0.168570 0.274744
-0.979558 0.168138 0.251391
-0.979558 0.168138 0.251391
-1.004665 -0.003780 0.324264
-1.024913 0.000899 0.292569
-0.696355 0.287035 -0.033952
-0.419494 -0.119316 0.301272
-0.404895 0.059268 0.317793
-0.386500 -0.127705 0.809829
-0.580193 -0.276340 0.145503
0.000627 -0.001490 -0.295334
-0.701816 -0.281134 -0.029514
-0.002309 -0.296741 -0.003359
-0.700135 -0.289430 0.032831
0.000326 -0.252236 0.169438
-0.551215 -0.274967 0.115155
-0.392882 -0.119203 0.281155
-0.000027 -0.061986 0.300419
-0.000175 0.178830 0.258490
-0.551215 -0.274967 0.115155
-0.551215 -0.274967 0.115155
-0.419494 -0.119316 0.301272
-0.392882 -0.119203 0.281155
-0.404895 0.059268 0.317793
-0.452063 0.165562 0.272927
-0.510321 0.258966 0.811170
-0.582515 0.272712 0.144832
-0.003749 0.221667 -0.216503
0.000649 0.308825 -0.002870
-1.409268 0.001017 -0.333435
0.000627 -0.001490 -0.295334
-0.551058 0.277095 0.114415
-0.696355 0.287035 -0.033952
-0.392309 0.118637 0.280372
-0.551058 0.277095 0.114415
-0.696355 0.287035 -0.033952
-0.452063 0.165562 0.272927
-0.392309 0.118637 0.280372
-0.392309 0.118637 0.280372
-0.910011 -0.205432 0.236519
-0.950154 -0.162742 0.801426
-0.974387 -0.112203 0.298789
-0.866314 -0.242416 0.800528
-0.865235 -0.240215 0.193017
-0.815659 -0.268816 0.143766
-0.699999 -0.291714 0.033734
-0.761582 -0.286118 0.801535
-0.699999 -0.266823 -0.110503
-1.399965 -0.297012 -0.007209
-1.400136 -0.243984 -0.162625
-1.398442 -0.164340 -0.246929
-0.000155 -0.163192 -0.245002
-0.794786 -0.283573 0.056696
-1.400007 -0.270853 0.113421
-0.700014 -0.290362 -0.034553
-0.848483 -0.266913 0.110831
-0.897743 -0.240215 0.160780
-1.400001 -0.207393 0.208650
-0.941067 -0.205346 0.205596
-1.003039 -0.112104 0.270003
-1.400008 -0.111768 0.272560
-1.024090 -0.000257 0.290597
-1.399998 0.000896 0.294669
-0.995218 -0.000326 0.319788
-0.999130 -0.001268 0.802134
-0.794786 -0.283573 0.056696
-0.700014 -0.290362 -0.034553
-0.848483 -0.266913 0.110831
-0.897743 -0.240215 0.160780
-0.865235 -0.240215 0.193017
-0.910011 -0.205432 0.236519
-0.941067 -0.205346 0.205596
-1.003039 -0.112104 0.270003
-0.974387 -0.112203 0.298789
-1.003039 -0.112104 0.270003
-1.024090 -0.000257 0.290597
-0.995218 -0.000326 0.319788
-1.024090 -0.000257 0.290597
-0.869046 0.244270 0.802057
-0.989562 0.057109 0.314263
-0.976325 0.114009 0.801452
-0.947264 0.162748 0.272394
-0.866008 0.241500 0.193325
-0.761170 0.285840 0.800484
-0.815288 0.266912 0.143668
-0.699784 0.290135 0.033727
-0.699947 0.291359 -0.034540
-1.399994 0.244541 -0.162122
-1.400011 0.296090 -0.007068
-1.400127 0.163730 -0.246302
0.001112 -0.001765 -0.297775
-1.400383 0.001393 -0.296025
-0.848562 0.267057 0.110947
-0.699784 0.290135 0.033727
-0.848562 0.267057 0.110947
-1.399998 0.270388 0.112797
-0.897743 0.240216 0.160780
-1.399999 0.207186 0.207562
-0.940754 0.204287 0.204561
-0.976560 0.161365 0.241963
-1.400008 0.112082 0.270831
-1.018775 0.057280 0.285206
-1.018775 0.057280 0.285206
-0.999130 -0.001268 0.802134
-0.995218 -0.000326 0.319788
-0.848562 0.267057 0.110947
-0.897743 0.240216 0.160780
-0.866008 0.241500 0.193325
-0.940754 0.204287 0.204561
-0.947264 0.162748 0.272394
-0.976560 0.161365 0.241963
-1.018775 0.057280 0.285206
-0.989562 0.057109 0.314263
-1.024090 -0.000257 0.290597
-0.995218 -0.000326 0.319788
-0.530986 -0.244341 0.800698
-0.424267 -0.115046 0.299274
-0.423159 -0.113856 0.799914
-0.410300 -0.056485 0.314381
-0.531522 -0.244078 0.194419
-0.584346 -0.268813 0.143766
-0.638757 -0.285768 0.801507
0.000050 -0.244464 -0.162730
-0.000012 -0.300025 -0.006285
0.001112 -0.001765 -0.297775
-1.400383 0.001393 -0.296025
-0.700014 -0.290362 -0.034553
-0.605216 -0.283605 0.056714
0.000006 -0.248220 0.165555
-0.551517 -0.266913 0.110831
-0.501914 -0.241554 0.161785
-0.423633 -0.162121 0.241703
-0.000001 -0.163027 0.245019
-0.423633 -0.162121 0.241703
-0.397154 -0.111142 0.268761
0.000008 -0.057483 0.289325
-0.375158 -0.000162 0.291770
-0.375158 -0.000162 0.291770
0.000006 0.057030 0.288906
-0.404407 0.000002 0.799762
-0.409096 0.057004 0.314959
-0.700014 -0.290362 -0.034553
-0.605216 -0.283605 0.056714
-0.551517 -0.266913 0.110831
-0.501914 -0.241554 0.161785
-0.531522 -0.244078 0.194419
-0.423633 -0.162121 0.241703
-0.424267 -0.115046 0.299274
-0.397154 -0.111142 0.268761
-0.410300 -0.056485 0.314381
-0.375158 -0.000162 0.291770
-0.409096 0.057004 0.314959
-0.531054 0.244298 0.802770
-0.452952 0.162764 0.272278
-0.423195 0.113839 0.801570
-0.533957 0.241498 0.193343
-0.638821 0.285828 0.801392
-0.584275 0.269164 0.143644
-0.000022 0.271504 -0.112475
0.000004 0.294107 -0.006088
0.000066 0.206648 -0.206277
-0.000220 0.113081 -0.271041
-0.551362 0.270715 0.111438
-0.699947 0.291359 -0.034540
-0.000001 0.274450 0.114925
-0.502257 0.240216 0.160780
-0.458753 0.205414 0.205555
0.000003 0.166346 0.247461
-0.396670 0.112298 0.269736
-0.551362 0.270715 0.111438
-0.699947 0.291359 -0.034540
-0.551362 0.270715 0.111438
-0.533957 0.241498 0.193343
-0.502257 0.240216 0.160780
-0.458753 0.205414 0.205555
-0.452952 0.162764 0.272278
-0.396670 0.112298 0.269736
-0.396670 0.112298 0.269736
-0.971641 -0.110559 0.800000
-0.988081 -0.056362 0.313543
-0.971641 -0.110559 0.297465
-0.988081 -0.056362 0.800000
-0.944944 -0.160506 0.800000
-0.944944 -0.160506 0.271331
-0.909015 -0.204286 0.800000
-0.909015 -0.204286 0.236090
-0.865235 -0.240215 0.800000
-0.865235 -0.240215 0.193017
-0.815288 -0.266912 0.800000
-0.815288 -0.266912 0.143668
-0.700000 -0.288904 0.800000
-0.761091 -0.283353 0.800000
-1.400000 -0.285147 -0.056575
-1.400000 -0.268549 -0.111292
-1.400000 -0.241595 -0.161719
-1.400000 -0.205321 -0.205919
-1.400000 -0.161121 -0.242193
-1.400000 -0.110694 -0.269147
-1.400000 -0.055977 -0.285745
-0.700000 -0.000000 -0.288778
-1.400000 0.000926 -0.291349
-0.794786 -0.283354 0.056632
-1.400000 -0.285147 0.057360
-1.400000 -0.290751 -0.005825
-0.733901 -0.288905 -0.005956
-0.848483 -0.266913 0.110830
-1.400001 -0.268549 0.112074
-0.897743 -0.240216 0.160780
-1.400000 -0.241594 0.162499
-0.940754 -0.204287 0.204562
-1.400000 -0.205321 0.206696
-0.975953 -0.160507 0.240492
-1.400000 -0.161121 0.242967
-1.002063 -0.110559 0.267192
-1.400000 -0.110694 0.269918
-1.018128 -0.056363 0.283633
-1.400000 -0.055977 0.286514
-1.023550 -0.000000 0.289185
-1.400000 0.000926 0.292118
-0.993633 -0.000000 0.318970
-0.993633 -0.000000 0.800000
-0.733901 -0.288905 -0.005956
-0.700000 -0.285528 -0.034149
-0.794786 -0.283354 0.056632
-0.848483 -0.266913 0.110830
-0.865235 -0.240215 0.193017
-0.897743 -0.240216 0.160780
-0.909015 -0.204286 0.236090
-0.940754 -0.204287 0.204562
-0.944944 -0.160506 0.271331
-0.975953 -0.160507 0.240492
-0.971641 -0.110559 0.297465
-1.002063 -0.110559 0.267192
-0.988081 -0.056362 0.313543
-1.018128 -0.056363 0.283633
-0.993633 -0.000000 0.318970
-1.023550 -0.000000 0.289185
-0.700000 -0.285528 -0.034149
-0.971641 0.110558 0.800000
-0.988081 0.056362 0.313543
-0.988081 0.056362 0.800000
-0.971641 0.110559 0.297465
-0.944944 0.160506 0.800000
-0.944944 0.160506 0.271331
-0.909015 0.204286 0.800000
-0.909015 0.204286 0.236090
-0.865235 0.240215 0.800000
-0.865235 0.240215 0.193017
-0.815288 0.266912 0.800000
-0.815288 0.266912 0.143668
-0.700000 0.288904 0.800000
-0.761091 0.283352 0.800000
-1.400000 0.284552 -0.056275
-1.400001 0.268042 -0.110700
-1.400000 0.241232 -0.160859
-1.400000 0.205151 -0.204824
-1.400000 0.161186 -0.240905
-1.400000 0.111027 -0.267716
-1.400000 0.056601 -0.284226
-1.400000 0.000926 -0.291349
-0.700000 -0.000000 -0.288778
-0.733901 0.288904 -0.005956
-1.400000 0.290127 -0.005794
-0.794786 0.283354 0.056632
-1.400000 0.284552 0.057055
-0.848483 0.266913 0.110830
-1.400000 0.268042 0.111479
-0.897743 0.240216 0.160780
-1.400000 0.241231 0.161635
-0.940754 0.204287 0.204562
-1.400000 0.205151 0.205598
-0.975953 0.160507 0.240492
-1.400000 0.161186 0.241676
-1.002063 0.110559 0.267192
-1.400000 0.111026 0.268484
-1.018127 0.056362 0.283633
-1.400000 0.056601 0.284991
-0.993633 -0.000000 0.318970
-0.993633 -0.000000 0.800000
-0.700000 0.285528 -0.034149
-0.733901 0.288904 -0.005956
-0.794786 0.283354 0.056632
-0.848483 0.266913 0.110830
-0.865235 0.240215 0.193017
-0.897743 0.240216 0.160780
-0.909015 0.204286 0.236090
-0.940754 0.204287 0.204562
-0.944944 0.160506 0.271331
-0.975953 0.160507 0.240492
-0.971641 0.110559 0.297465
-1.002063 0.110559 0.267192
-0.988081 0.056362 0.313543
-1.018127 0.056362 0.283633
-0.993633 -0.000000 0.318970
-1.023550 -0.000000 0.289185
-0.700000 0.285528 -0.034149
-0.428358 -0.110559 0.800000
-0.411918 -0.056362 0.313543
-0.411918 -0.056362 0.800000
-0.428358 -0.110559 0.297465
-0.455056 -0.160506 0.800000
-0.455056 -0.160506 0.271331
-0.490985 -0.204286 0.800000
-0.490985 -0.204286 0.236090
-0.534765 -0.240215 0.800000
-0.534765 -0.240215 0.193017
-0.584712 -0.266912 0.800000
-0.584712 -0.266912 0.143668
-0.638909 -0.283353 0.800000
-0.000000 -0.286057 -0.056572
0.000000 -0.269460 -0.111286
0.000000 -0.242508 -0.161710
-0.000000 -0.206236 -0.205908
-0.000000 -0.162039 -0.242180
-0.000000 -0.111614 -0.269132
-0.000000 -0.056900 -0.285729
-0.000000 -0.000000 -0.291334
-0.666099 -0.288905 -0.005956
-0.000000 -0.291661 -0.005825
-0.605214 -0.283354 0.056632
-0.000000 -0.286057 0.057357
-0.551517 -0.266913 0.110830
0.000001 -0.269460 0.112069
-0.502257 -0.240216 0.160780
0.000000 -0.242507 0.162490
-0.459246 -0.204287 0.204562
-0.000000 -0.206236 0.206685
-0.424046 -0.160507 0.240492
0.000000 -0.162038 0.242954
-0.397937 -0.110559 0.267192
0.000000 -0.111614 0.269904
-0.381872 -0.056363 0.283633
-0.000000 -0.056900 0.286499
-0.376449 -0.000000 0.289185
0.000000 -0.000000 0.292103
-0.406367 -0.000000 0.318970
-0.406367 -0.000000 0.800000
-0.666099 -0.288905 -0.005956
-0.605214 -0.283354 0.056632
-0.551517 -0.266913 0.110830
-0.534765 -0.240215 0.193017
-0.502257 -0.240216 0.160780
-0.490985 -0.204286 0.236090
-0.459246 -0.204287 0.204562
-0.455056 -0.160506 0.271331
-0.424046 -0.160507 0.240492
-0.428358 -0.110559 0.297465
-0.397937 -0.110559 0.267192
-0.411918 -0.056362 0.313543
-0.381872 -0.056363 0.283633
-0.406367 -0.000000 0.318970
-0.376449 -0.000000 0.289185
-0.428358 0.110558 0.800000
-0.411918 0.056362 0.313543
-0.428358 0.110559 0.297465
-0.411918 0.056362 0.800000
-0.455056 0.160506 0.800000
-0.455056 0.160506 0.271331
-0.490985 0.204286 0.800000
-0.490985 0.204286 0.236090
-0.534765 0.240215 0.800000
-0.534765 0.240215 0.193017
-0.584712 0.266912 0.800000
-0.584712 0.266912 0.143668
-0.638909 0.283352 0.800000
-0.000000 0.286057 -0.056572
0.000001 0.269460 -0.111286
0.000000 0.242508 -0.161710
-0.000000 0.206236 -0.205908
-0.000000 0.162039 -0.242180
-0.000000 0.111614 -0.269132
-0.000000 0.056900 -0.285729
-0.000000 -0.000000 -0.291334
-0.605214 0.283354 0.056632
-0.000000 0.286057 0.057357
-0.000000 0.291662 -0.005825
-0.666099 0.288904 -0.005956
-0.551517 0.266913 0.110830
0.000000 0.269460 0.112069
-0.502257 0.240216 0.160780
0.000000 0.242507 0.162490
-0.459246 0.204287 0.204562
0.000000 0.206236 0.206685
-0.424046 0.160507 0.240492
-0.000000 0.162038 0.242954
-0.397937 0.110559 0.267192
0.000000 0.111614 0.269904
-0.381873 0.056362 0.283633
0.000000 0.056900 0.286499
-0.666099 0.288904 -0.005956
-0.605214 0.283354 0.056632
-0.551517 0.266913 0.110830
-0.534765 0.240215 0.193017
-0.502257 0.240216 0.160780
-0.490985 0.204286 0.236090
-0.459246 0.204287 0.204562
-0.455056 0.160506 0.271331
-0.424046 0.160507 0.240492
-0.428358 0.110559 0.297465
-0.397937 0.110559 0.267192
-0.411918 0.056362 0.313543
-0.381873 0.056362 0.283633
-0.971642 -0.109350 0.799999
-0.988082 -0.055154 0.316503
-0.971642 -0.109351 0.300425
-0.988082 -0.055154 0.799999
-0.944945 -0.159298 0.799999
-0.944945 -0.159298 0.274290
-0.909015 -0.203078 0.799999
-0.909015 -0.203078 0.239050
-0.865236 -0.239007 0.799999
-0.865236 -0.239007 0.195977
-0.815288 -0.265704 0.799999
-0.815288 -0.265704 0.146627
-0.700001 -0.287696 0.799999
-0.700001 -0.287696 0.036555
-0.761092 -0.282145 0.799999
-0.700001 -0.282145 -0.053148
-1.400000 -0.282156 -0.052951
-1.400000 -0.265715 -0.107150
-0.700001 -0.265704 -0.107344
-1.400000 -0.239016 -0.157099
-0.700001 -0.239007 -0.157292
-1.400000 -0.203086 -0.200880
-0.700001 -0.203078 -0.201072
-1.400000 -0.159305 -0.236811
-0.700001 -0.159298 -0.237000
-1.400000 -0.109355 -0.263509
-0.700001 -0.109351 -0.263698
-1.400000 -0.055156 -0.279950
-0.700001 -0.055154 -0.280138
-1.400000 0.001208 -0.285502
-1.400000 -0.282155 0.059776
-1.400000 -0.287707 0.003413
-0.733902 -0.287697 0.003227
-0.848483 -0.265705 0.113790
-1.400001 -0.265714 0.113972
-0.897743 -0.239008 0.163739
-1.400000 -0.239016 0.163920
-0.940755 -0.203079 0.207521
-1.400000 -0.203085 0.207698
-0.975954 -0.159299 0.243451
-1.400000 -0.159304 0.243625
-1.400000 -0.203085 0.207698
-0.940755 -0.203079 0.207521
-1.002063 -0.109351 0.270151
-1.400000 -0.109355 0.270321
-1.400000 -0.159304 0.243625
-0.975954 -0.159299 0.243451
-1.018128 -0.055155 0.286592
-1.400000 -0.055156 0.286760
-1.023551 0.001208 0.292144
-1.400000 0.001208 0.292311
-1.400000 -0.055156 0.286760
-1.018128 -0.055155 0.286592
-0.993634 0.001208 0.321930
-0.993634 0.001208 0.799999
-0.700001 -0.287696 0.036555
-0.733902 -0.287697 0.003227
-0.865236 -0.239007 0.195977
-0.897743 -0.239008 0.163739
-0.909015 -0.203078 0.239050
-0.940755 -0.203079 0.207521
-0.940755 -0.203079 0.207521
-0.944945 -0.159298 0.274290
-0.975954 -0.159299 0.243451
-0.944945 -0.159298 0.274290
-0.975954 -0.159299 0.243451
-0.971642 -0.109351 0.300425
-1.002063 -0.109351 0.270151
-0.988082 -0.055154 0.316503
-1.018128 -0.055155 0.286592
-0.993634 0.001208 0.321930
-1.018128 -0.055155 0.286592
-0.988082 -0.055154 0.316503
-1.023551 0.001208 0.292144
-1.400000 -0.287707 0.003413
-0.761092 -0.282145 0.799999
-0.700001 -0.287696 0.799999
-0.815288 -0.265704 0.799999
-0.865236 -0.239007 0.799999
-0.909015 -0.203078 0.799999
-0.944945 -0.159298 0.799999
-0.971642 -0.109350 0.799999
-0.988082 -0.055154 0.799999
-0.993634 0.001208 0.799999
-0.971642 0.111767 0.799999
-0.988082 0.057570 0.316503
-0.988082 0.057570 0.799999
-0.971642 0.111767 0.300425
-0.944945 0.161714 0.799999
-0.944944 0.161714 0.274290
-0.909015 0.205494 0.799999
-0.909015 0.205494 0.239050
-0.865236 0.241423 0.799999
-0.865236 0.241423 0.195977
-0.815288 0.268120 0.799999
-0.815288 0.268121 0.146627
-0.700001 0.290112 0.799999
-0.761092 0.284561 0.799999
-0.700001 0.290112 0.036555
-0.700001 0.268121 -0.107344
-1.400001 0.268131 -0.107150
-0.700001 0.284561 -0.053148
-1.400000 0.284572 -0.052951
-0.700001 0.241423 -0.157292
-1.400000 0.241432 -0.157099
-0.700001 0.205494 -0.201072
-1.400000 0.205502 -0.200880
-1.400000 0.161721 -0.236811
-0.700001 0.161715 -0.237000
-1.400000 0.111771 -0.263509
-0.700001 0.111767 -0.263698
-1.400000 0.057573 -0.279950
-0.700001 0.057570 -0.280138
-0.700001 0.057570 -0.280138
-1.400000 0.001208 -0.285502
-0.733902 0.290113 0.003227
-1.400000 0.290123 0.003413
-1.400000 0.284572 0.059776
-0.848483 0.268121 0.113790
-1.400000 0.268131 0.113972
-0.897743 0.241424 0.163739
-1.400000 0.241432 0.163920
-0.940755 0.205495 0.207521
-1.400000 0.205502 0.207698
-0.940755 0.205495 0.207521
-1.400000 0.205502 0.207698
-0.975954 0.161715 0.243451
-1.400000 0.161721 0.243625
-0.975954 0.161715 0.243451
-1.400000 0.161721 0.243625
-1.002064 0.111768 0.270151
-1.400000 0.111771 0.270321
-1.018128 0.057570 0.286592
-1.400000 0.057573 0.286760
-1.400000 0.057573 0.286760
-1.023551 0.001208 0.292144
-1.018128 0.057570 0.286592
-1.400000 0.001208 0.292311
-0.700001 0.290112 0.036555
-0.733902 0.290113 0.003227
-0.865236 0.241423 0.195977
-0.897743 0.241424 0.163739
-0.909015 0.205494 0.239050
-0.940755 0.205495 0.207521
-0.944944 0.161714 0.274290
-0.944944 0.161714 0.274290
-0.940755 0.205495 0.207521
-0.975954 0.161715 0.243451
-0.975954 0.161715 0.243451
-0.971642 0.111767 0.300425
-1.002064 0.111768 0.270151
-0.988082 0.057570 0.316503
-1.018128 0.057570 0.286592
-1.018128 0.057570 0.286592
-0.993634 0.001208 0.321930
-0.988082 0.057570 0.316503
-1.023551 0.001208 0.292144
-1.400000 0.290123 0.003413
-0.700001 0.290112 0.799999
-0.761092 0.284561 0.799999
-0.815288 0.268120 0.799999
-0.865236 0.241423 0.799999
-0.909015 0.205494 0.799999
-0.944945 0.161714 0.799999
-0.971642 0.111767 0.799999
-0.988082 0.057570 0.799999
-0.428359 -0.109350 0.799999
-0.411919 -0.055154 0.316503
-0.411919 -0.055154 0.799999
-0.428359 -0.109351 0.300425
-0.455057 -0.159298 0.799999
-0.455057 -0.159298 0.274290
-0.490986 -0.203078 0.799999
-0.490986 -0.203078 0.239050
-0.534765 -0.239007 0.799999
-0.534765 -0.239007 0.195977
-0.584713 -0.265704 0.799999
-0.584713 -0.265704 0.146627
-0.638909 -0.282145 0.799999
0.000000 -0.265715 -0.107150
-0.000000 -0.282156 -0.052951
-0.700001 -0.282145 -0.053148
0.000000 -0.265715 -0.107150
0.000000 -0.239016 -0.157099
-0.700001 -0.265704 -0.107344
0.000000 -0.239016 -0.157099
-0.000000 -0.203086 -0.200880
-0.700001 -0.239007 -0.157292
-0.000000 -0.203086 -0.200880
-0.000000 -0.159305 -0.236811
-0.700001 -0.203078 -0.201072
-0.000000 -0.159305 -0.236811
-0.000000 -0.109355 -0.263509
-0.700001 -0.159298 -0.237000
-0.000000 -0.109355 -0.263509
-0.000000 -0.055156 -0.279950
-0.700001 -0.109351 -0.263698
-0.000000 -0.055156 -0.279950
-0.000000 0.001208 -0.285502
-0.700001 -0.055154 -0.280138
-0.000000 0.001208 -0.285502
-0.666100 -0.287697 0.003227
-0.000000 -0.287707 0.003413
-0.000000 -0.282155 0.059776
-0.551518 -0.265705 0.113790
0.000000 -0.265714 0.113972
-0.502258 -0.239008 0.163739
0.000000 -0.239016 0.163920
-0.459246 -0.203079 0.207521
-0.000000 -0.203085 0.207698
-0.459246 -0.203079 0.207521
-0.000000 -0.203085 0.207698
-0.424047 -0.159299 0.243451
0.000000 -0.159304 0.243625
-0.424047 -0.159299 0.243451
0.000000 -0.159304 0.243625
-0.397938 -0.109351 0.270151
0.000000 -0.109355 0.270321
-0.381873 -0.055155 0.286592
-0.000000 -0.055156 0.286760
-0.381873 -0.055155 0.286592
-0.000000 -0.055156 0.286760
-0.376450 0.001208 0.292144
0.000000 0.001208 0.292311
-0.406368 0.001208 0.321930
-0.406368 0.001208 0.799999
-0.666100 -0.287697 0.003227
-0.534765 -0.239007 0.195977
-0.502258 -0.239008 0.163739
-0.490986 -0.203078 0.239050
-0.459246 -0.203079 0.207521
-0.455057 -0.159298 0.274290
-0.455057 -0.159298 0.274290
-0.459246 -0.203079 0.207521
-0.424047 -0.159299 0.243451
-0.424047 -0.159299 0.243451
-0.428359 -0.109351 0.300425
-0.397938 -0.109351 0.270151
-0.411919 -0.055154 0.316503
-0.381873 -0.055155 0.286592
-0.406368 0.001208 0.321930
-0.381873 -0.055155 0.286592
-0.376450 0.001208 0.292144
-0.411919 -0.055154 0.316503
-0.666100 -0.287697 0.003227
-0.000000 -0.287707 0.003413
-0.638909 -0.282145 0.799999
-0.584713 -0.265704 0.799999
-0.534765 -0.239007 0.799999
-0.490986 -0.203078 0.799999
-0.455057 -0.159298 0.799999
-0.428359 -0.109350 0.799999
-0.411919 -0.055154 0.799999
-0.406368 0.001208 0.799999
-0.428359 0.111767 0.799999
-0.411919 0.057570 0.316503
-0.428359 0.111767 0.300425
-0.411919 0.057570 0.799999
-0.455057 0.161714 0.799999
-0.455057 0.161714 0.274290
-0.490986 0.205494 0.799999
-0.490986 0.205494 0.239050
-0.534765 0.241423 0.799999
-0.534765 0.241423 0.195977
-0.584713 0.268120 0.799999
-0.584713 0.268121 0.146627
-0.638909 0.284561 0.799999
-0.700001 0.284561 -0.053148
-0.000000 0.284572 -0.052951
0.000000 0.268131 -0.107150
0.000000 0.268131 -0.107150
-0.700001 0.268121 -0.107344
0.000000 0.241432 -0.157099
0.000000 0.241432 -0.157099
-0.700001 0.241423 -0.157292
-0.000000 0.205502 -0.200880
-0.000000 0.205502 -0.200880
-0.000000 0.161721 -0.236811
-0.000000 0.161721 -0.236811
-0.700001 0.205494 -0.201072
-0.000000 0.111771 -0.263509
-0.000000 0.111771 -0.263509
-0.700001 0.161715 -0.237000
-0.000000 0.057573 -0.279950
-0.000000 0.057573 -0.279950
-0.700001 0.111767 -0.263698
-0.000000 0.284572 0.059776
-0.000000 0.290123 0.003413
-0.666100 0.290113 0.003227
-0.551518 0.268121 0.113790
0.000000 0.268131 0.113972
-0.502258 0.241424 0.163739
0.000000 0.241432 0.163920
-0.459246 0.205495 0.207521
0.000000 0.205502 0.207698
0.000000 0.205502 0.207698
-0.459246 0.205495 0.207521
-0.424047 0.161715 0.243451
-0.000000 0.161721 0.243625
-0.000000 0.161721 0.243625
-0.424047 0.161715 0.243451
-0.397938 0.111768 0.270151
0.000000 0.111771 0.270321
-0.381873 0.057570 0.286592
0.000000 0.057573 0.286760
0.000000 0.057573 0.286760
-0.381873 0.057570 0.286592
-0.376450 0.001208 0.292144
0.000000 0.001208 0.292311
-0.666100 0.290113 0.003227
-0.534765 0.241423 0.195977
-0.502258 0.241424 0.163739
-0.490986 0.205494 0.239050
-0.459246 0.205495 0.207521
-0.459246 0.205495 0.207521
-0.455057 0.161714 0.274290
-0.424047 0.161715 0.243451
-0.455057 0.161714 0.274290
-0.424047 0.161715 0.243451
-0.428359 0.111767 0.300425
-0.397938 0.111768 0.270151
-0.411919 0.057570 0.316503
-0.381873 0.057570 0.286592
-0.381873 0.057570 0.286592
-0.406368 0.001208 0.321930
-0.376450 0.001208 0.292144
-0.411919 0.057570 0.316503
-0.666100 0.290113 0.003227
-0.000000 0.290123 0.003413
-0.638909 0.284561 0.799999
-0.584713 0.268120 0.799999
-0.534765 0.241423 0.799999
-0.490986 0.205494 0.799999
-0.455057 0.161714 0.799999
-0.428359 0.111767 0.799999
-0.411919 0.057570 0.799999
-1.400000 0.205502 0.207698
-1.400000 0.284572 0.059776
-1.400000 0.161721 0.243625
-1.400000 -0.055156 0.286760
-1.400000 -0.109355 -0.263509
-1.400000 -0.159305 -0.236811
-1.400000 0.057573 0.286760
-1.400000 0.111771 -0.263509
-1.400000 0.001208 0.292311
-1.400000 -0.203086 -0.200880
-1.400000 -0.287707 0.003413
-1.400000 -0.159304 0.243625
-1.400000 -0.109355 0.270321
-1.400000 0.057573 -0.279950
-1.400000 0.111771 0.270321
-1.400001 0.268131 -0.107150
-1.400000 0.284572 -0.052951
-1.400000 0.290123 0.003413
-1.400000 0.268131 0.113972
-1.400000 0.241432 0.163920
-1.400000 0.241432 -0.157099
-1.400000 0.205502 -0.200880
-1.400000 0.161721 -0.236811
-1.400000 0.001208 -0.285502
-1.400000 -0.055156 -0.279950
-1.400000 0.001208 0.292311
-1.400000 0.001208 -0.285502
-1.400000 -0.239016 -0.157099
-1.400000 -0.265715 -0.107150
-1.400000 -0.282156 -0.052951
-1.400000 -0.282155 0.059776
-1.400001 -0.265714 0.113972
-1.400000 -0.203085 0.207698
-1.400000 -0.239016 0.163920
-0.000000 -0.203085 0.207698
-0.000000 -0.282155 0.059776
0.000000 -0.159304 0.243625
0.000000 0.057573 0.286760
-0.000000 0.111771 -0.263509
-0.000000 0.161721 -0.236811
-0.000000 -0.109355 -0.263509
0.000000 0.001208 0.292311
-0.000000 -0.055156 0.286760
-0.000000 0.205502 -0.200880
-0.000000 0.290123 0.003413
-0.000000 0.161721 0.243625
0.000000 0.111771 0.270321
-0.000000 -0.055156 -0.279950
0.000000 -0.109355 0.270321
0.000000 -0.265715 -0.107150
-0.000000 -0.282156 -0.052951
-0.000000 -0.287707 0.003413
0.000000 -0.265714 0.113972
0.000000 -0.239016 0.163920
0.000000 -0.239016 -0.157099
-0.000000 -0.203086 -0.200880
-0.000000 -0.159305 -0.236811
-0.000000 0.001208 -0.285502
-0.000000 0.057573 -0.279950
0.000000 0.001208 0.292311
-0.000000 0.001208 -0.285502
0.000000 0.241432 -0.157099
0.000000 0.268131 -0.107150
-0.000000 0.284572 -0.052951
-0.000000 0.284572 0.059776
0.000000 0.205502 0.207698
0.000000 0.268131 0.113972
0.000000 0.241432 0.163920
146 178
121 122
123 161
180 181
241 242
275 276
45 46
71 72
121 125
121 162
6 13
6 73
581 751
752 753
582 666
665 667
579 748
663 836
749 750
837 838
661 833
834 835
577 745
746 747
575 742
658 830
743 744
831 832
573 739
656 829
740 741
827 828
571 736
652 826
737 738
824 825
654 823
820 822
568 732
734 735
41 102
102 104
237 310
310 314
350 351
410 411
350 467
411 523
652 823
822 824
571 732
735 737
573 736
656 826
738 740
825 827
575 739
658 829
741 743
828 832
577 742
661 830
744 746
831 835
579 745
747 749
663 833
834 838
581 748
665 836
666 837
750 752
156 179
179 183
840 841
880 881
754 755
797 798
668 669
692 710
584 585
609 627
144 146
146 148
138 141
930 946
948 949
897 912
914 915
122 126
122 127
43 47
43 49
239 243
239 245
165 166
175 176
34 35
157 159
66 67
291 305
65 97
116 117
139 140
214 215
254 255
370 371
428 429
20 21
37 56
130 146
146 180
130 147
846 847
848 849
761 762
763 764
590 591
594 595
675 676
677 678
122 123
76 79
76 80
118 159
116 118
765 766
767 768
850 851
852 853
592 593
598 599
679 680
681 682
282 283
283 284
159 176
138 140
167 168
169 184
53 54
53 55
251 252
251 253
856 857
858 859
771 772
773 774
685 686
687 689
600 601
604 605
82 83
82 84
286 287
286 288
775 776
860 861
602 603
688 690
169 179
121 161
182 184
185 188
166 167
171 173
67 69
69 90
157 160
160 172
122 128
127 129
132 134
138 176
128 130
168 169
115 117
133 135
167 184
173 188
178 181
82 85
76 82
45 101
165 168
178 179
66 97
1 3
16 18
101 102
50 53
147 148
150 152
35 39
39 59
141 142
142 151
103 104
108 109
175 177
177 187
313 314
320 321
182 183
185 186
15 17
27 28
267 270
296 298
139 141
151 154
173 174
74 76
121 163
157 158
172 174
274 279
35 37
59 63
163 165
65 67
90 93
131 147
153 155
1 21
66 68
95 97
85 105
10 71
201 276
120 132
124 126
9 72
315 318
120 170
164 166
202 275
240 242
143 149
144 145
303 305
266 268
40 57
47 48
236 256
243 244
34 36
44 46
229 231
191 215
273 274
6 74
7 8
199 200
238 239
42 43
132 133
115 119
119 133
0 4
4 26
103 106
108 111
232 233
258 260
51 52
60 61
304 306
323 326
96 98
110 112
281 282
295 297
78 79
89 91
221 223
221 225
26 28
26 30
73 75
86 87
11 13
22 23
277 278
292 293
203 205
216 217
133 134
133 136
106 107
111 113
190 192
221 224
0 2
26 29
209 210
222 223
317 319
325 327
43 50
3 70
90 94
135 136
102 105
18 53
158 175
174 187
129 131
136 137
199 204
7 12
29 31
29 33
197 272
224 226
224 228
310 315
38 99
239 246
65 96
93 112
234 307
291 304
302 326
230 232
260 263
52 54
61 62
250 252
261 262
12 16
17 19
30 31
42 44
2 20
29 32
241 312
231 254
289 318
238 240
288 319
301 327
279 283
84 107
94 113
200 201
6 10
192 214
224 227
191 193
210 212
225 226
202 273
229 234
34 38
81 83
92 94
36 56
303 307
266 272
285 287
299 301
290 305
268 290
8 9
208 211
211 213
286 289
283 286
204 208
248 251
309 311
95 99
246 248
311 312
213 251
269 291
300 302
193 197
68 70
309 310
4 25
4 27
39 58
39 60
352 355
372 374
412 414
431 432
468 470
488 489
524 527
540 541
69 89
613 617
614 615
783 784
785 786
866 870
867 868
696 697
698 699
198 205
198 277
203 206
216 218
352 356
374 375
414 416
432 433
470 472
489 490
524 528
541 542
278 280
293 294
75 77
87 88
11 14
22 24
270 271
271 296
14 15
24 25
187 188
187 189
313 316
322 324
98 100
100 110
306 308
308 323
112 113
112 114
326 327
326 328
194 195
195 220
280 281
294 295
77 78
88 89
233 235
235 258
49 51
57 58
562 564
564 610
646 648
648 693
338 340
340 376
398 400
400 434
456 458
458 491
512 514
514 543
728 730
730 780
816 818
818 863
472 474
490 492
528 530
542 544
586 588
586 611
757 759
757 781
671 673
671 694
842 844
842 864
206 207
218 219
356 358
375 377
416 418
433 435
245 247
256 257
90 91
302 327
302 328
93 113
93 114
316 317
324 325
190 194
220 221
207 209
219 222
174 188
174 189
336 338
376 378
396 398
434 436
644 646
693 695
814 816
863 865
454 456
491 493
510 512
543 545
560 562
610 612
726 728
780 782
588 590
611 613
673 675
694 696
247 249
257 259
358 360
377 379
418 420
435 437
759 761
781 783
844 846
864 866
474 476
492 494
530 532
544 546
93 94
40 109
41 48
196 217
196 292
236 321
237 244
5 23
5 86
143 186
145 156
249 250
259 261
558 560
612 617
508 510
545 547
724 726
782 784
452 454
493 495
394 396
436 438
334 336
378 380
642 644
695 697
812 814
865 870
476 478
494 496
532 534
546 548
763 765
786 787
360 362
379 381
420 422
437 439
592 595
614 616
849 850
867 869
677 679
699 700
654 862
820 880
568 779
734 797
284 285
297 299
80 81
91 92
353 354
469 471
525 526
413 415
124 125
162 164
331 334
380 382
450 452
495 497
640 642
697 702
809 812
870 872
722 724
784 789
392 394
438 440
505 508
547 549
555 558
617 619
422 424
439 441
362 364
381 383
681 683
701 703
534 536
548 550
478 480
496 498
853 854
871 873
596 599
618 620
767 769
788 790
267 269
298 300
565 567
628 629
649 650
711 712
341 342
341 459
401 402
401 515
565 731
629 799
649 819
711 882
504 505
549 551
554 555
619 621
638 640
702 704
720 722
789 791
808 809
872 874
390 392
440 442
448 450
497 499
330 331
382 384
683 685
703 705
854 856
873 875
596 600
620 622
769 771
790 792
424 426
441 443
536 538
550 552
480 482
498 500
364 366
383 385
212 253
262 264
230 255
263 265
19 55
62 64
345 346
343 344
347 348
348 349
346 347
344 345
349 351
367 369
365 367
363 365
353 357
361 363
357 359
359 361
522 523
462 463
516 517
460 461
464 465
520 521
465 466
521 522
518 519
485 539
517 518
519 520
463 464
461 462
466 467
483 485
481 483
537 539
479 481
535 537
533 535
471 473
525 529
477 479
473 475
529 531
475 477
531 533
390 428
442 444
486 504
501 551
368 426
443 445
484 538
502 552
602 605
624 626
366 368
385 387
482 484
500 502
773 775
794 795
330 370
384 386
448 486
499 501
554 606
606 638
623 625
707 708
720 777
777 808
793 796
877 879
688 689
706 709
859 860
876 878
403 404
407 408
408 409
405 406
404 405
406 407
425 427
423 425
421 423
415 417
417 419
419 421
660 662
831 834
896 911
927 928
653 655
821 822
904 905
951 952
738 741
825 828
932 950
943 944
572 574
657 659
898 916
909 910
576 578
744 747
893 894
929 945
733 735
938 939
569 570
917 918
580 582
664 667
750 753
751 837
902 912
913 915
936 946
947 949
578 580
747 750
893 913
929 936
687 690
858 861
895 897
926 948
569 627
655 710
733 798
821 881
899 918
905 906
933 952
939 940
574 576
659 660
741 744
828 831
894 898
910 911
928 932
944 945
653 657
904 909
822 825
950 951
570 572
735 738
916 917
938 943
662 664
834 837
896 902
927 947
774 776
930 931
603 604
892 914
770 772
931 937
597 601
892 901
684 686
855 857
895 903
926 935
852 855
934 935
597 598
682 684
768 770
891 903
900 901
925 937
583 584
669 670
755 756
839 840
890 906
899 919
924 940
933 953
507 509
557 559
632 633
817 819
882 883
393 395
723 725
802 803
451 453
641 643
715 716
339 342
399 402
457 459
513 515
729 731
799 800
839 843
953 955
670 672
890 907
764 766
848 851
923 925
934 954
593 594
678 680
889 891
900 921
583 587
756 758
919 920
924 941
395 397
760 762
923 942
589 591
674 676
845 847
889 908
921 922
954 956
391 429
333 335
643 645
714 715
811 813
813 815
884 885
885 886
561 563
630 631
647 650
712 713
487 506
563 567
628 630
329 333
447 451
335 337
719 723
803 804
807 811
886 887
389 393
503 507
509 511
447 449
553 556
634 635
637 639
717 718
719 721
804 805
807 810
887 888
587 589
920 922
758 760
941 942
672 674
843 845
907 908
955 956
337 339
455 457
727 729
800 801
329 332
553 557
633 634
637 641
645 647
713 714
716 717
332 371
449 487
556 607
607 639
635 636
636 718
721 778
778 810
805 806
806 888
453 455
559 561
631 632
725 727
801 802
397 399
511 513
503 506
815 817
883 884
389 391
369 427
409 410
343 354
460 469
516 526
403 413
566 585
608 609
651 668
691 692
566 754
608 779
651 841
691 862
308 320
308 322
142 149
142 150
355 388
372 373
373 488
388 468
412 446
430 431
430 540
446 527
697 701
698 700
868 869
870 871
784 788
785 787
615 616
617 618
621 622
624 625
791 792
794 796
704 705
706 708
874 875
876 879
623 626
707 709
386 387
444 445
793 795
877 878
160 170
160 171
227 228
264 265
29 30
32 33
63 64
135 137
154 155
151 152
151 153
172 173
