6039111681775756617 1670 1834
0.487533 -0.006773 1.365785
0.482488 0.005771 1.358799
0.478971 0.004299 1.360914
0.491074 -0.005510 1.363911
0.498887 -0.033916 1.359804
0.502552 -0.047890 1.346114
0.483645 -0.068422 1.280585
0.490729 -0.064704 1.275620
0.475758 -0.052547 1.260316
0.447078 -0.029525 1.254309
0.447960 -0.013932 1.258342
0.440291 -0.015980 1.256786
0.431772 -0.003715 1.267180
0.441582 -0.003610 1.269790
0.435840 0.006836 1.284565
0.431772 -0.003715 1.267180
0.423575 0.010369 1.283247
0.441582 -0.003610 1.269790
0.429225 0.020187 1.303456
0.436545 0.012394 1.302217
0.435333 0.021631 1.312953
0.439928 0.015139 1.310577
0.444247 0.019474 1.316864
0.441416 0.023245 1.320201
0.446666 0.031908 1.331615
0.449689 0.022539 1.329138
0.451555 0.030182 1.342909
0.455441 0.027192 1.340227
0.460248 0.020864 1.349168
0.463387 0.023344 1.348538
0.470520 0.012613 1.353636
0.473145 0.015662 1.354334
0.422646 -0.018805 1.389732
0.436943 -0.013692 1.390262
0.419415 -0.004722 1.385333
0.432699 0.001603 1.387647
0.427593 0.011297 1.377228
0.418169 0.024856 1.368865
0.407024 0.030432 1.354111
0.392780 0.025243 1.339685
0.381778 0.016426 1.328725
0.376605 0.005883 1.315419
0.374078 -0.006131 1.304315
0.378168 -0.012143 1.295602
0.371859 -0.020608 1.299145
0.373879 -0.039215 1.294224
0.369554 -0.025841 1.301944
0.366126 -0.028361 1.308198
0.387904 -0.055238 1.288959
0.424871 -0.078645 1.309219
0.410302 -0.071557 1.295012
0.436332 -0.029441 1.389324
0.300933 0.001278 1.441934
0.258096 0.011653 1.425404
0.269407 0.015657 1.401551
0.254847 0.015030 1.407482
0.264900 0.014405 1.392256
0.257810 0.009895 1.390369
0.243162 0.005685 1.390623
0.248902 -0.010940 1.376063
0.248325 -0.033774 1.366894
0.231935 -0.043142 1.368406
0.256076 -0.042631 1.362962
0.231935 -0.043142 1.368406
0.242537 -0.073737 1.375116
0.269782 -0.072960 1.365998
0.313346 -0.090290 1.421495
0.287462 -0.095180 1.434454
0.412416 -0.057642 1.394763
0.344516 -0.037097 1.324629
0.359803 -0.034593 1.314055
0.359803 -0.034593 1.314055
0.344516 -0.037097 1.324629
0.388575 0.013260 1.381930
0.499037 0.058013 1.320940
0.486848 0.061440 1.292592
0.468818 0.045087 1.304020
0.464700 0.026408 1.259202
0.483602 0.035666 1.246708
0.488890 0.022172 1.236813
0.472209 0.011914 1.247626
0.488890 0.022172 1.236813
0.472209 0.011914 1.247626
0.525076 -0.042995 1.256837
0.556116 -0.028589 1.270727
0.543374 -0.036626 1.306214
0.551348 0.062011 1.318755
0.561980 0.052397 1.321128
0.540776 0.070328 1.313319
0.530169 0.076253 1.304363
0.514769 0.067874 1.312932
0.520342 0.079301 1.291328
0.512940 0.078534 1.276158
0.500057 0.070166 1.284320
0.510097 0.072988 1.261530
0.512367 0.059719 1.239167
0.514701 0.050712 1.231095
0.499265 0.043287 1.238745
0.521027 0.040428 1.224955
0.504880 0.031570 1.230000
0.521027 0.040428 1.224955
0.527861 0.029399 1.218475
0.504880 0.031570 1.230000
0.532853 0.023271 1.216992
0.537759 0.017577 1.216506
0.555547 0.001224 1.223687
0.540139 -0.010368 1.228199
0.568628 -0.000960 1.240958
0.581736 -0.006287 1.256536
0.569272 -0.017695 1.263467
0.587495 0.000541 1.276088
0.588485 0.009076 1.291713
0.586544 0.018505 1.305199
0.581157 0.029791 1.315355
0.572389 0.041463 1.320491
0.355516 -0.000410 1.417154
0.313348 0.009341 1.420591
0.333198 0.014647 1.392508
0.321834 0.018082 1.377820
0.291769 0.018594 1.389181
0.283509 0.008154 1.372500
0.278048 -0.004859 1.357648
0.277223 -0.040987 1.344552
0.304357 -0.040611 1.341180
0.283446 -0.058389 1.345203
0.304357 -0.040611 1.341180
0.277223 -0.040987 1.344552
0.315262 -0.071583 1.346586
0.293030 -0.074345 1.350826
0.325834 -0.082261 1.354331
0.376533 -0.067024 1.420269
0.465705 -0.015624 1.380036
0.453686 -0.005915 1.384777
0.463686 -0.016251 1.383202
0.472307 -0.026212 1.379432
0.475866 -0.025906 1.378481
0.496573 -0.034996 1.362245
0.488730 -0.035405 1.368207
0.435305 -0.047159 1.266784
0.412153 -0.043157 1.277351
0.426606 -0.022498 1.276297
0.418417 -0.006138 1.278209
0.421013 -0.005817 1.270514
0.431046 -0.021233 1.264047
0.411475 0.009870 1.286836
0.421013 -0.005817 1.270514
0.418417 -0.006138 1.278209
0.408781 0.023746 1.307172
0.409447 0.025953 1.310078
0.408765 0.026108 1.321040
0.414525 0.029410 1.319091
0.412501 0.029701 1.330296
0.420033 0.027968 1.328259
0.423567 0.030048 1.345101
0.427108 0.024165 1.342449
0.433592 0.020210 1.354483
0.430089 0.025241 1.360221
0.438424 0.015817 1.370652
0.444029 0.007214 1.379673
0.527144 -0.047250 1.315284
0.509756 -0.052882 1.262986
0.494066 -0.040353 1.247540
0.459026 0.003677 1.257395
0.459026 0.003677 1.257395
0.451181 0.017539 1.271128
0.447855 0.027217 1.286438
0.450179 0.031220 1.299449
0.452675 0.031955 1.313823
0.456430 0.031452 1.325340
0.463184 0.030288 1.336188
0.471119 0.027251 1.345428
0.483559 -0.008377 1.368135
0.475123 0.003300 1.363906
0.470431 0.002199 1.367185
0.466451 0.009752 1.354663
0.461202 0.008543 1.355853
0.457801 0.016973 1.348126
0.452508 0.011590 1.348533
0.443657 0.015015 1.342178
0.435696 0.018785 1.336039
0.441082 0.030403 1.334606
0.430382 0.024804 1.324844
0.432643 0.029024 1.314040
0.437204 0.031784 1.322931
0.419011 0.024762 1.318444
0.416036 0.027458 1.311549
0.423579 0.019857 1.328312
0.428355 0.014311 1.340126
0.431435 0.011036 1.348596
0.438219 0.005780 1.357135
0.443097 0.001328 1.366609
0.454138 -0.006183 1.372673
0.467444 -0.015561 1.374817
0.480406 -0.025375 1.374509
0.424651 0.029046 1.304982
0.412665 0.026911 1.305603
0.416188 0.012285 1.281785
0.466065 -0.038280 1.364989
0.471039 -0.049838 1.353669
0.417433 -0.061869 1.291847
0.402249 -0.045650 1.289411
0.386095 -0.033427 1.291882
0.390140 -0.029033 1.281872
0.378168 -0.012143 1.295602
0.398390 -0.014010 1.300258
0.398390 -0.014010 1.300258
0.410988 0.029711 1.339128
0.415335 0.032240 1.349751
0.424616 0.027110 1.365418
0.433885 0.017077 1.376679
0.438585 0.005475 1.385335
0.444935 -0.010026 1.387284
0.425336 -0.006113 1.264392
0.425336 -0.006113 1.264392
0.435623 -0.019020 1.256849
0.433680 -0.034739 1.265869
0.446811 -0.047061 1.260607
0.449080 -0.023115 1.379908
0.452441 -0.031955 1.374524
0.404932 0.022197 1.335120
0.408622 0.029156 1.340663
0.406332 0.028997 1.342005
0.407848 -0.013076 1.299399
0.413256 -0.009254 1.291329
0.415240 -0.024330 1.288307
0.424805 -0.029373 1.276517
0.402920 -0.003800 1.308019
0.401348 0.005150 1.318587
0.402108 0.013388 1.327880
0.413256 -0.009254 1.291329
0.407848 -0.013076 1.299399
0.419457 -0.034796 1.272825
0.371859 -0.020608 1.299145
0.380080 -0.036525 1.294208
0.370744 -0.023320 1.300668
0.370744 -0.023320 1.300668
0.369554 -0.025841 1.301944
0.366126 -0.028361 1.308198
0.468457 0.023874 1.348107
0.461384 0.021795 1.335528
0.456134 0.021971 1.326255
0.451048 0.021116 1.314934
0.448728 0.020892 1.304726
0.446112 0.018904 1.293870
0.443106 0.012780 1.277858
0.450824 -0.000183 1.263366
0.450824 -0.000183 1.263366
0.485071 -0.045685 1.253018
0.501348 -0.058242 1.267945
0.514092 -0.058609 1.294486
0.497264 -0.002796 1.361240
0.367571 0.011447 1.395129
0.353540 0.017326 1.382228
0.342019 0.017593 1.368880
0.323513 -0.039963 1.338196
0.323513 -0.039963 1.338196
0.339387 -0.079536 1.348156
0.392015 -0.062222 1.407584
0.272507 0.010818 1.388401
0.261991 -0.023374 1.361161
0.256076 -0.042631 1.362962
0.257718 -0.012660 1.376510
0.252562 -0.024209 1.365987
0.267618 -0.008239 1.479478
0.250501 -0.008041 1.492370
0.236709 0.010638 1.455876
0.228612 0.011413 1.439055
0.236690 0.019588 1.412094
0.219456 0.019342 1.415850
0.214777 -0.059428 1.376648
0.219526 -0.042810 1.372210
0.208946 -0.042319 1.376858
0.217436 -0.075432 1.379683
0.225686 -0.092402 1.390822
0.234364 -0.103491 1.410510
0.218923 -0.009579 1.381152
0.206268 -0.005790 1.382105
0.208513 -0.023102 1.382253
0.208946 -0.042319 1.376858
0.219526 -0.042810 1.372210
0.251112 0.019564 1.407696
0.239099 -0.051012 1.519576
0.234359 -0.029475 1.514658
0.242760 -0.073533 1.515522
0.235143 -0.095830 1.501826
0.227698 -0.104806 1.485220
0.222779 -0.110573 1.468494
0.220655 -0.110360 1.445576
0.216342 -0.102859 1.419593
0.211892 -0.092050 1.400294
0.206146 -0.076918 1.383379
0.208684 -0.058585 1.382992
0.205080 -0.042443 1.385595
0.205080 -0.042443 1.385595
0.201927 -0.021949 1.388810
0.198913 -0.005594 1.389452
0.210600 0.013570 1.405873
0.205250 0.017374 1.409739
0.216093 0.017582 1.419458
0.209462 0.022787 1.428071
0.215230 0.017250 1.446503
0.220352 0.010125 1.462870
0.223942 0.002456 1.481055
0.230711 -0.009722 1.502795
0.620838 0.158568 1.213994
0.623057 0.154404 1.207770
0.622159 0.161346 1.221540
0.626544 0.197627 1.173842
0.624589 0.203710 1.175678
0.710116 0.239829 1.161382
0.703724 0.238430 1.156764
0.701927 0.234706 1.160306
0.708688 0.235162 1.166196
0.698440 0.222369 1.150689
0.702444 0.219280 1.148774
0.702734 0.239740 1.139590
0.706329 0.246728 1.138582
0.706350 0.243172 1.135875
0.703828 0.243296 1.143232
0.701077 0.235003 1.144438
0.701431 0.239356 1.148031
0.704559 0.236232 1.137474
0.702586 0.231535 1.141975
0.707896 0.240650 1.134384
0.707703 0.246772 1.147432
0.705662 0.242584 1.152377
0.709179 0.250569 1.142293
0.709179 0.250569 1.142293
0.707703 0.246772 1.147432
0.715342 0.252976 1.145328
0.714124 0.248699 1.150957
0.705662 0.242584 1.152377
0.712503 0.244258 1.156334
0.715957 0.256606 1.139502
0.710085 0.254123 1.136995
0.710085 0.254123 1.136995
0.710486 0.257885 1.131076
0.716137 0.260600 1.133366
0.710486 0.257885 1.131076
0.661670 0.218137 1.173126
0.665103 0.223671 1.171678
0.662997 0.223498 1.177575
0.706583 0.243256 1.129161
0.707606 0.247241 1.123632
0.707232 0.250132 1.125919
0.720987 0.235605 1.133107
0.714710 0.239575 1.127165
0.721100 0.239515 1.128039
0.714427 0.234389 1.130644
0.726229 0.242661 1.130653
0.720987 0.235605 1.133107
0.721100 0.239515 1.128039
0.726207 0.238520 1.136355
0.721034 0.243728 1.122497
0.721034 0.243728 1.122497
0.713270 0.231384 1.136299
0.719930 0.231438 1.138029
0.711837 0.226659 1.140309
0.718920 0.226921 1.142705
0.725569 0.234270 1.142075
0.718920 0.226921 1.142705
0.719930 0.231438 1.138029
0.724680 0.229541 1.147247
0.708023 0.216886 1.147081
0.710268 0.222139 1.144171
0.715305 0.217981 1.150697
0.717360 0.222286 1.147004
0.723066 0.224665 1.152037
0.715305 0.217981 1.150697
0.717360 0.222286 1.147004
0.721125 0.219837 1.156867
0.695589 0.248319 1.149701
0.694547 0.243365 1.152215
0.696326 0.252837 1.146819
0.690817 0.254569 1.147535
0.687455 0.256982 1.150448
0.683022 0.248976 1.155171
0.691662 0.258359 1.143907
0.687858 0.260818 1.145565
0.697068 0.256845 1.143129
0.692156 0.262495 1.139927
0.697764 0.260967 1.139076
0.690437 0.264817 1.142779
0.701604 0.249175 1.152919
0.702172 0.253724 1.149311
0.700382 0.244681 1.156415
0.700382 0.244681 1.156415
0.701604 0.249175 1.152919
0.702172 0.253724 1.149311
0.702542 0.257908 1.145286
0.702542 0.257908 1.145286
0.702845 0.261833 1.140691
0.702845 0.261833 1.140691
0.637855 0.227153 1.178306
0.636561 0.220498 1.176181
0.634686 0.224191 1.173510
0.639253 0.221942 1.182290
0.638003 0.228396 1.182587
0.639253 0.221942 1.182290
0.637855 0.227153 1.178306
0.641191 0.222777 1.185618
0.636747 0.231776 1.174991
0.636747 0.231776 1.174991
0.633599 0.227940 1.170283
0.666696 0.227121 1.183549
0.671157 0.229291 1.191736
0.669636 0.232094 1.183179
0.666696 0.227121 1.183549
0.669636 0.232094 1.183179
0.689056 0.224552 1.200276
0.678277 0.226193 1.198628
0.681608 0.231059 1.196970
0.619924 0.227765 1.193298
0.626996 0.237403 1.189195
0.617388 0.233646 1.189083
0.629338 0.231983 1.193330
0.634099 0.237266 1.185460
0.636599 0.232168 1.189300
0.632236 0.225930 1.197990
0.639725 0.226721 1.193313
0.622664 0.221292 1.198942
0.613140 0.227421 1.183461
0.614896 0.221758 1.188126
0.614896 0.221758 1.188126
0.613140 0.227421 1.183461
0.616731 0.215052 1.193779
0.616731 0.215052 1.193779
0.632043 0.242181 1.181853
0.623258 0.246211 1.180251
0.624846 0.242590 1.185354
0.629913 0.245982 1.177647
0.615226 0.238955 1.185047
0.614202 0.243244 1.180055
0.611693 0.232543 1.179153
0.611693 0.232543 1.179153
0.610438 0.237343 1.174833
0.610438 0.237343 1.174833
0.619091 0.222665 1.171020
0.617954 0.226949 1.168229
0.617008 0.231545 1.164664
0.632124 0.231828 1.167462
0.635347 0.235924 1.171607
0.635347 0.235924 1.171607
0.634113 0.240042 1.168388
0.631140 0.235893 1.164177
0.634113 0.240042 1.168388
0.632911 0.244163 1.165381
0.631307 0.248209 1.162779
0.628969 0.245114 1.158574
0.631307 0.248209 1.162779
0.632911 0.244163 1.165381
0.630182 0.240369 1.161064
0.629600 0.253616 1.163393
0.629722 0.251945 1.160420
0.628205 0.256352 1.160642
0.627728 0.254937 1.158838
0.627728 0.254937 1.158838
0.629722 0.251945 1.160420
0.627422 0.249659 1.157062
0.625837 0.256966 1.157962
0.626362 0.258091 1.159185
0.624955 0.258858 1.158377
0.624338 0.258229 1.157517
0.624338 0.258229 1.157517
0.625837 0.256966 1.157962
0.702788 0.248195 1.175055
0.704961 0.253655 1.171085
0.696503 0.252896 1.177738
0.698494 0.258165 1.174031
0.694646 0.248246 1.180983
0.700972 0.243730 1.178687
0.688270 0.254488 1.175347
0.686756 0.250487 1.178390
0.689896 0.259375 1.172006
0.693248 0.238359 1.155174
0.698340 0.236296 1.161927
0.691656 0.234488 1.158043
0.699093 0.240672 1.159109
0.698340 0.236296 1.161927
0.699093 0.240672 1.159109
0.702919 0.236269 1.168358
0.692423 0.229861 1.197004
0.695689 0.233383 1.192365
0.702355 0.270520 1.131538
0.701837 0.274343 1.126527
0.702355 0.270520 1.131538
0.701837 0.274343 1.126527
0.701934 0.278771 1.121746
0.701934 0.278771 1.121746
0.708261 0.278463 1.131799
0.709275 0.274766 1.137268
0.707924 0.281955 1.135748
0.708633 0.278514 1.141300
0.706766 0.284971 1.130395
0.706704 0.282010 1.126782
0.699843 0.286182 1.115706
0.701218 0.282671 1.118010
0.701218 0.282671 1.118010
0.699843 0.286182 1.115706
0.689708 0.279228 1.124408
0.693574 0.270550 1.131752
0.689866 0.275570 1.129125
0.690151 0.271963 1.133842
0.739972 0.198302 1.123546
0.738663 0.196403 1.127782
0.741145 0.200400 1.119447
0.733838 0.196817 1.126394
0.735389 0.198837 1.122197
0.728227 0.195853 1.123357
0.735389 0.198837 1.122197
0.729750 0.197735 1.119359
0.733838 0.196817 1.126394
0.736674 0.200808 1.118156
0.731233 0.199582 1.115584
0.736674 0.200808 1.118156
0.716378 0.155223 1.146257
0.712785 0.152043 1.149568
0.719442 0.160537 1.143998
0.716378 0.155223 1.146257
0.719442 0.160537 1.143998
0.712785 0.152043 1.149568
0.728387 0.169515 1.133332
0.731884 0.172717 1.127997
0.733537 0.174411 1.125247
0.731884 0.172717 1.127997
0.733537 0.174411 1.125247
0.728387 0.169515 1.133332
0.740419 0.178535 1.124286
0.735284 0.177150 1.121297
0.741979 0.181153 1.120148
0.736843 0.179558 1.117333
0.735284 0.177150 1.121297
0.736843 0.179558 1.117333
0.738101 0.182060 1.113776
0.738101 0.182060 1.113776
0.743367 0.183698 1.116204
0.739306 0.184568 1.109781
0.744458 0.186225 1.112214
0.739306 0.184568 1.109781
0.730264 0.209707 1.125707
0.731330 0.212784 1.121185
0.731330 0.212784 1.121185
0.736000 0.215217 1.123499
0.730264 0.209707 1.125707
0.734851 0.212081 1.128374
0.732372 0.216195 1.116125
0.732372 0.216195 1.116125
0.725908 0.200508 1.138063
0.727898 0.205146 1.132012
0.727898 0.205146 1.132012
0.725908 0.200508 1.138063
0.733006 0.221873 1.106178
0.732866 0.224393 1.101297
0.737307 0.223627 1.107621
0.733006 0.221873 1.106178
0.737112 0.226179 1.102597
0.732866 0.224393 1.101297
0.736815 0.228684 1.097698
0.732706 0.226913 1.096558
0.732706 0.226913 1.096558
0.735043 0.222743 1.134774
0.736031 0.225592 1.129277
0.729497 0.225629 1.135030
0.730579 0.228668 1.129823
0.731209 0.231788 1.124384
0.736728 0.228944 1.123808
0.722567 0.225983 1.133125
0.723577 0.228885 1.128377
0.716620 0.223132 1.129418
0.723577 0.228885 1.128377
0.717434 0.225856 1.125354
0.722567 0.225983 1.133125
0.724173 0.231935 1.123322
0.718640 0.228322 1.120475
0.724173 0.231935 1.123322
0.714819 0.217585 1.125490
0.718160 0.219522 1.121893
0.719909 0.216090 1.120242
0.721239 0.218764 1.115503
0.717801 0.222631 1.117086
0.715429 0.215966 1.150615
0.723681 0.216126 1.154143
0.715861 0.216337 1.148813
0.722333 0.213978 1.161924
0.714251 0.220535 1.134553
0.711504 0.216994 1.139812
0.720766 0.222644 1.138533
0.718352 0.219177 1.144382
0.727652 0.222153 1.140998
0.720766 0.222644 1.138533
0.718352 0.219177 1.144382
0.725145 0.219309 1.147790
0.730415 0.240053 1.107576
0.734411 0.240369 1.102256
0.729801 0.243003 1.102440
0.735242 0.237614 1.107241
0.736262 0.235017 1.112609
0.731021 0.237716 1.113155
0.733783 0.242927 1.097470
0.729481 0.245979 1.097636
0.733587 0.245438 1.092854
0.729430 0.247830 1.092741
0.724072 0.245050 1.095894
0.724850 0.246433 1.090819
0.723855 0.242646 1.101271
0.719121 0.239327 1.098617
0.724072 0.245050 1.095894
0.719924 0.242033 1.093493
0.723855 0.242646 1.101271
0.724850 0.246433 1.090819
0.722361 0.243535 1.088353
0.724131 0.240072 1.106876
0.724376 0.237481 1.112485
0.719713 0.233540 1.110077
0.724131 0.240072 1.106876
0.719308 0.236378 1.104571
0.724376 0.237481 1.112485
0.718168 0.230898 1.102080
0.718380 0.227977 1.107624
0.722086 0.224235 1.105931
0.718531 0.233958 1.096829
0.723451 0.189440 1.145599
0.712375 0.187403 1.140563
0.717221 0.195133 1.139613
0.722876 0.195013 1.143313
0.729323 0.198067 1.148000
0.723451 0.189440 1.145599
0.722876 0.195013 1.143313
0.727781 0.187963 1.155229
0.719530 0.237060 1.091612
0.729123 0.247821 1.088371
0.726176 0.246701 1.086980
0.726176 0.246701 1.086980
0.727114 0.245242 1.085004
0.728831 0.246625 1.085793
0.727114 0.245242 1.085004
0.732213 0.194864 1.130592
0.735097 0.192041 1.136524
0.729888 0.192706 1.135105
0.724919 0.191346 1.131452
0.732213 0.194864 1.130592
0.726947 0.193089 1.127764
0.729888 0.192706 1.135105
0.724558 0.191168 1.119262
0.726454 0.193076 1.115501
0.727059 0.187427 1.112416
0.725002 0.185221 1.115985
0.729262 0.194444 1.111919
0.728684 0.189483 1.108796
0.609864 0.257436 1.160298
0.613158 0.257138 1.167767
0.614687 0.260398 1.163475
0.608531 0.252125 1.163637
0.612958 0.252315 1.171612
0.608614 0.247157 1.166838
0.609784 0.248608 1.160571
0.608614 0.247157 1.166838
0.608531 0.252125 1.163637
0.610688 0.253781 1.157575
0.609864 0.257436 1.160298
0.616612 0.260496 1.156866
0.616740 0.261714 1.160144
0.613987 0.260123 1.158026
0.613987 0.260123 1.158026
0.616612 0.260496 1.156866
0.609364 0.242110 1.170648
0.613622 0.247410 1.175318
0.609364 0.242110 1.170648
0.616538 0.236393 1.160844
0.616602 0.241793 1.157794
0.620673 0.260316 1.164421
0.624633 0.258977 1.163918
0.625759 0.256291 1.166931
0.747643 0.210711 1.096606
0.744558 0.212167 1.093902
0.744323 0.211463 1.092269
0.744187 0.208652 1.089185
0.743609 0.210106 1.090488
0.743168 0.210926 1.091854
0.743609 0.210106 1.090488
0.743168 0.210926 1.091854
0.744187 0.208652 1.089185
0.742680 0.211372 1.093649
0.742098 0.211285 1.096418
0.742680 0.211372 1.093649
0.742098 0.211285 1.096418
0.737846 0.208971 1.097765
0.736337 0.206959 1.101506
0.734769 0.199131 1.094694
0.741341 0.210543 1.099964
0.740460 0.209078 1.103544
0.741341 0.210543 1.099964
0.744457 0.208680 1.104413
0.740460 0.209078 1.103544
0.730433 0.245635 1.085074
0.732649 0.243601 1.084065
0.727808 0.243594 1.083944
0.728954 0.242134 1.083101
0.728954 0.242134 1.083101
0.727808 0.243594 1.083944
0.713569 0.274784 1.091464
0.712465 0.277183 1.093120
0.714452 0.277389 1.093160
0.712030 0.278407 1.096682
0.714911 0.278801 1.097147
0.712465 0.277183 1.093120
0.712030 0.278407 1.096682
0.713569 0.274784 1.091464
0.708393 0.273971 1.099587
0.707857 0.270370 1.104358
0.710993 0.276665 1.101462
0.710693 0.273827 1.106982
0.715284 0.279143 1.102870
0.710993 0.276665 1.101462
0.715431 0.276459 1.108607
0.710693 0.273827 1.106982
0.713616 0.274053 1.091133
0.713460 0.273902 1.091156
0.713618 0.273796 1.091045
0.714266 0.274217 1.091092
0.713460 0.273902 1.091156
0.713616 0.274053 1.091133
0.713616 0.274053 1.091133
0.713552 0.274007 1.091142
0.714365 0.273493 1.090685
0.716150 0.271370 1.090026
0.718056 0.267899 1.090272
0.718056 0.267899 1.090272
0.716150 0.271370 1.090026
0.720509 0.269334 1.090993
0.714365 0.273493 1.090685
0.718762 0.264226 1.093393
0.715165 0.259789 1.097693
0.719349 0.260357 1.098493
0.719349 0.260357 1.098493
0.722424 0.265998 1.094619
0.718762 0.264226 1.093393
0.720120 0.252457 1.110822
0.719744 0.256578 1.104378
0.714896 0.255817 1.104558
0.724707 0.254860 1.112109
0.720120 0.252457 1.110822
0.723814 0.258899 1.105921
0.719744 0.256578 1.104378
0.697118 0.289999 1.115132
0.698623 0.288384 1.115107
0.698623 0.288384 1.115107
0.697118 0.289999 1.115132
0.696315 0.290819 1.115432
0.696315 0.290819 1.115432
0.695825 0.291625 1.115924
0.695825 0.291625 1.115924
0.645331 0.064678 1.212017
0.643792 0.078573 1.195831
0.633918 0.068967 1.199564
0.633918 0.068967 1.199564
0.643792 0.078573 1.195831
0.657626 0.100542 1.192065
0.650855 0.090018 1.194615
0.665250 0.107948 1.186650
0.657626 0.100542 1.192065
0.660475 0.110121 1.183649
0.665250 0.107948 1.186650
0.654061 0.100508 1.186867
0.650855 0.090018 1.194615
0.638304 0.128802 1.183791
0.641461 0.125526 1.182675
0.726228 0.208433 1.162198
0.728335 0.212601 1.155898
0.731230 0.216210 1.148541
0.733412 0.219672 1.141712
0.649446 0.117076 1.179751
0.640002 0.112210 1.184761
0.647015 0.119974 1.181008
0.652539 0.115034 1.180657
0.659824 0.127009 1.163646
0.664235 0.123652 1.163765
0.724707 0.187829 1.123906
0.721929 0.181432 1.123836
0.724849 0.182611 1.121273
0.722818 0.190296 1.134606
0.718410 0.188262 1.138091
0.716140 0.177251 1.129129
0.719503 0.179807 1.125958
0.747436 0.207295 1.104087
0.747664 0.209158 1.100369
0.746588 0.205034 1.107710
0.743769 0.206744 1.108018
0.742968 0.204692 1.111709
0.738679 0.189996 1.136814
0.733482 0.186083 1.147988
0.732560 0.191045 1.141676
0.729010 0.189713 1.147649
0.736506 0.187893 1.141861
0.736447 0.181132 1.145522
0.628508 0.143621 1.193952
0.626818 0.147123 1.197939
0.619743 0.136769 1.197446
0.623670 0.132697 1.195502
0.630246 0.139982 1.190496
0.708763 0.259262 1.105838
0.708392 0.255416 1.111700
0.707759 0.262541 1.107741
0.707605 0.266556 1.102226
0.717839 0.277292 1.096161
0.715714 0.276701 1.092423
0.717170 0.275203 1.091568
0.720328 0.275233 1.094578
0.721584 0.271974 1.113989
0.715569 0.273145 1.114723
0.725549 0.267885 1.111407
0.726449 0.264314 1.117941
0.722140 0.268546 1.120657
0.715417 0.268978 1.120780
0.722066 0.251960 1.145842
0.722318 0.255976 1.139503
0.722365 0.259976 1.133194
0.719675 0.242273 1.157495
0.721316 0.247306 1.151947
0.715298 0.232697 1.168394
0.717846 0.237307 1.162623
0.708818 0.263124 1.151949
0.709102 0.266970 1.147302
0.708037 0.270800 1.150920
0.708015 0.267240 1.155917
0.708956 0.259128 1.156911
0.707935 0.263630 1.161395
0.681280 0.244540 1.157969
0.677477 0.243921 1.163631
0.679745 0.247940 1.161542
0.679574 0.240042 1.160677
0.680903 0.252535 1.158449
0.677426 0.247754 1.168110
0.685975 0.123057 1.167881
0.679847 0.117944 1.173535
0.691503 0.127902 1.163052
0.685975 0.123057 1.167881
0.691503 0.127902 1.163052
0.679847 0.117944 1.173535
0.621227 0.260102 1.156995
0.622156 0.260603 1.158824
0.619005 0.260742 1.156795
0.619005 0.260742 1.156795
0.621227 0.260102 1.156995
0.620533 0.261744 1.161126
0.706772 0.207014 1.140669
0.703572 0.203185 1.145226
0.705000 0.210794 1.147547
0.708512 0.213724 1.143911
0.682940 0.253303 1.170440
0.681344 0.249297 1.172911
0.684666 0.257377 1.167136
0.684666 0.257377 1.167136
0.682940 0.253303 1.170440
0.681344 0.249297 1.172911
0.686593 0.261542 1.163601
0.683138 0.259321 1.159316
0.687672 0.265944 1.159603
0.684878 0.262923 1.155682
0.693111 0.268773 1.163685
0.687672 0.265944 1.159603
0.686593 0.261542 1.163601
0.691534 0.264024 1.167786
0.672674 0.235746 1.181622
0.673015 0.235746 1.173835
0.675466 0.239250 1.179937
0.675466 0.239250 1.179937
0.680596 0.240600 1.186333
0.672674 0.235746 1.181622
0.623309 0.164076 1.229682
0.617110 0.152342 1.236130
0.627058 0.164586 1.235909
0.617110 0.152342 1.236130
0.618890 0.153895 1.242944
0.623309 0.164076 1.229682
0.606817 0.144384 1.242067
0.606817 0.144384 1.242067
0.598101 0.137639 1.247137
0.590606 0.131407 1.252771
0.598101 0.137639 1.247137
0.590606 0.131407 1.252771
0.621939 0.214094 1.176479
0.620753 0.219042 1.174960
0.708474 0.254469 1.161759
0.707061 0.249463 1.166478
0.706740 0.258974 1.166683
0.705463 0.288027 1.125586
0.688667 0.269857 1.155550
0.695423 0.276795 1.154734
0.689510 0.273977 1.151565
0.694469 0.272947 1.159198
0.688667 0.269857 1.155550
0.687223 0.266004 1.151666
0.687141 0.270174 1.147742
0.689510 0.273977 1.151565
0.690857 0.281148 1.142904
0.697396 0.287678 1.140939
0.691056 0.284904 1.138623
0.696884 0.284107 1.145804
0.691056 0.284904 1.138623
0.688600 0.281194 1.135029
0.690857 0.281148 1.142904
0.691285 0.288682 1.134087
0.688003 0.285220 1.130817
0.697790 0.290560 1.135685
0.691285 0.288682 1.134087
0.710851 0.269935 1.112646
0.710851 0.269935 1.112646
0.710956 0.265769 1.118626
0.710956 0.265769 1.118626
0.728385 0.191393 1.138394
0.724017 0.189451 1.143749
0.724017 0.189451 1.143749
0.728385 0.191393 1.138394
0.709246 0.146863 1.151549
0.709246 0.146863 1.151549
0.713696 0.213799 1.130959
0.710024 0.210849 1.135753
0.728712 0.229111 1.091138
0.732881 0.232032 1.087958
0.732635 0.229528 1.092016
0.729366 0.231396 1.086651
0.736788 0.231110 1.093084
0.732635 0.229528 1.092016
0.737024 0.233557 1.088820
0.732881 0.232032 1.087958
0.733146 0.234678 1.085042
0.730152 0.234189 1.083882
0.730594 0.236226 1.082559
0.732555 0.236856 1.083317
0.736301 0.235718 1.085685
0.733146 0.234678 1.085042
0.735009 0.237450 1.083985
0.732555 0.236856 1.083317
0.735290 0.205515 1.104236
0.733780 0.203720 1.107935
0.733149 0.196584 1.097812
0.731827 0.194126 1.101368
0.739630 0.207255 1.106957
0.738801 0.205202 1.110621
0.739630 0.207255 1.106957
0.738801 0.205202 1.110621
0.742875 0.191809 1.097657
0.743981 0.194375 1.093834
0.748536 0.196735 1.095961
0.747663 0.194003 1.099982
0.742875 0.191809 1.097657
0.743981 0.194375 1.093834
0.741723 0.189356 1.101660
0.741723 0.189356 1.101660
0.746590 0.191403 1.104126
0.744837 0.197211 1.090391
0.745260 0.200339 1.088125
0.748291 0.202324 1.089431
0.744837 0.197211 1.090391
0.745260 0.200339 1.088125
0.747074 0.204694 1.087820
0.745214 0.203200 1.087448
0.745023 0.205043 1.087628
0.745214 0.203200 1.087448
0.745023 0.205043 1.087628
0.697903 0.293060 1.130350
0.691625 0.292874 1.129803
0.691625 0.292874 1.129803
0.688234 0.289327 1.126170
0.692549 0.295555 1.124983
0.688662 0.292275 1.122101
0.692549 0.295555 1.124983
0.698188 0.294681 1.125424
0.694542 0.295729 1.121065
0.697502 0.295397 1.121333
0.695033 0.294395 1.118380
0.691204 0.294935 1.119160
0.694542 0.295729 1.121065
0.693377 0.294026 1.117720
0.695033 0.294395 1.118380
0.687744 0.238307 1.190848
0.726000 0.158573 1.156301
0.728638 0.163737 1.153396
0.696196 0.172625 1.142446
0.699494 0.167907 1.141133
0.693304 0.177085 1.144141
0.686529 0.202693 1.151147
0.668222 0.223384 1.166657
0.671915 0.227590 1.165479
0.671892 0.231670 1.169268
0.727536 0.179499 1.120101
0.724751 0.177024 1.123204
0.737127 0.195803 1.093232
0.736150 0.193136 1.096820
0.734813 0.190717 1.100402
0.744715 0.206731 1.088181
0.744715 0.206731 1.088181
0.750553 0.205812 1.091923
0.748377 0.207555 1.089111
0.750771 0.203982 1.095560
0.749438 0.198842 1.103709
0.748798 0.196216 1.107713
0.746390 0.188402 1.119840
0.745405 0.185842 1.123931
0.747399 0.190990 1.115774
0.744140 0.183073 1.128122
0.742108 0.180343 1.132355
0.724363 0.217197 1.115183
0.724607 0.227250 1.095370
0.725151 0.222594 1.105448
0.725711 0.233050 1.086510
0.724809 0.229878 1.090360
0.734634 0.240136 1.083880
0.731210 0.239556 1.082433
0.731210 0.239556 1.082433
0.736855 0.239408 1.086585
0.738700 0.230014 1.104595
0.739264 0.227283 1.109750
0.738002 0.218897 1.126049
0.737554 0.215993 1.131019
0.738991 0.221718 1.120439
0.736545 0.211367 1.138077
0.734959 0.207025 1.144835
0.709406 0.238058 1.132581
0.710700 0.252444 1.110725
0.710971 0.256922 1.105322
0.713527 0.274076 1.091174
0.713527 0.274076 1.091174
0.717879 0.273423 1.090879
0.725753 0.266457 1.102234
0.724223 0.269697 1.096855
0.727427 0.259136 1.114658
0.726818 0.262914 1.108242
0.728367 0.243342 1.140493
0.728377 0.247449 1.134127
0.728502 0.251344 1.127685
0.727624 0.238897 1.146725
0.726109 0.234092 1.152337
0.701806 0.267696 1.164204
0.700386 0.263308 1.169448
0.700080 0.293598 1.120148
0.695526 0.292994 1.116875
0.695526 0.292994 1.116875
0.688814 0.289523 1.119395
0.691887 0.291832 1.117084
0.687714 0.285532 1.122855
0.687879 0.281869 1.127279
0.686396 0.259693 1.152706
0.686651 0.263376 1.148704
0.682942 0.255929 1.155415
0.705272 0.244320 1.170367
0.703504 0.238339 1.173753
0.684897 0.236396 1.158719
0.696326 0.231201 1.155977
0.699027 0.235222 1.152076
0.696596 0.226350 1.153243
0.712139 0.196878 1.138818
0.704856 0.196547 1.143007
0.708892 0.201653 1.138643
0.708759 0.192385 1.141672
0.723310 0.175328 1.125052
0.724233 0.229083 1.157511
0.722362 0.223165 1.162540
0.731577 0.200717 1.151243
0.728364 0.196194 1.157660
0.736935 0.175071 1.141689
0.739650 0.177763 1.136741
0.705968 0.133393 1.170252
0.710205 0.137997 1.166994
0.696599 0.132859 1.159380
0.696599 0.132859 1.159380
0.701161 0.137613 1.156525
0.701161 0.137613 1.156525
0.634157 0.209217 1.174334
0.646166 0.209899 1.171699
0.647224 0.213447 1.178138
0.626158 0.225211 1.170502
0.627766 0.220705 1.171367
0.629214 0.216982 1.173573
0.624450 0.232199 1.161977
0.625537 0.227687 1.164857
0.623646 0.237288 1.159159
0.624043 0.259806 1.158378
0.622887 0.259195 1.157230
0.622887 0.259195 1.157230
0.629864 0.251944 1.168545
0.628476 0.255157 1.165578
0.632703 0.244620 1.175128
0.630938 0.248134 1.171584
0.634669 0.240515 1.178676
0.610372 0.136177 1.260624
0.604616 0.129065 1.267260
0.657127 0.208177 1.211447
0.632491 0.198821 1.218576
0.668951 0.217461 1.201355
0.655813 0.217957 1.198148
0.659860 0.218620 1.191647
0.716679 0.148678 1.161803
0.624851 0.150790 1.202463
0.617136 0.122412 1.194898
0.643709 0.122293 1.180357
0.656205 0.112363 1.181436
0.654262 0.219351 1.183665
0.645544 0.218217 1.183653
0.640227 0.216985 1.178181
0.647657 0.218043 1.188301
0.654262 0.219351 1.183665
0.645544 0.218217 1.183653
0.648183 0.220762 1.192723
0.644224 0.221966 1.198997
0.626158 0.213231 1.207384
0.636281 0.218964 1.203795
0.618605 0.206649 1.201749
0.618605 0.206649 1.201749
0.622423 0.194279 1.211708
0.622423 0.194279 1.211708
0.623629 0.209025 1.177581
0.631431 0.213233 1.174906
0.673141 0.112538 1.179501
0.673141 0.112538 1.179501
0.658563 0.118924 1.170927
0.654545 0.121781 1.170420
0.648553 0.128373 1.173406
0.627412 0.177219 1.220700
0.627412 0.177219 1.220700
0.666427 0.225724 1.192065
0.662434 0.220764 1.183879
0.657589 0.217841 1.177822
0.662434 0.220764 1.183879
0.705388 0.141979 1.153776
0.705388 0.141979 1.153776
0.713817 0.143233 1.164172
0.713005 0.174539 1.133482
0.716863 0.169745 1.133229
0.725725 0.166813 1.136755
0.725725 0.166813 1.136755
0.734745 0.171729 1.145893
0.734616 0.177654 1.150848
0.715429 0.215966 1.150615
0.715861 0.216337 1.148813
0.703724 0.238430 1.156764
0.701927 0.234706 1.160306
0.706095 0.230121 1.174161
0.699375 0.233173 1.162832
0.699375 0.233173 1.162832
0.690211 0.228884 1.157648
0.699708 0.239647 1.182845
0.692663 0.244764 1.184095
0.684780 0.247341 1.181338
0.676807 0.243471 1.170120
0.680148 0.245450 1.175390
0.680148 0.245450 1.175390
0.676067 0.239958 1.165663
0.677801 0.236090 1.162344
0.740486 0.186945 1.105757
0.740486 0.186945 1.105757
0.745592 0.188807 1.108181
0.730176 0.191731 1.104995
0.733591 0.188411 1.104358
0.732528 0.201749 1.111745
0.729560 0.196892 1.107922
0.742126 0.202580 1.115522
0.737774 0.202981 1.114332
0.737774 0.202981 1.114332
0.748155 0.193590 1.111708
0.732808 0.219147 1.111112
0.737036 0.221163 1.112884
0.732808 0.219147 1.111112
0.720674 0.221055 1.110429
0.724001 0.219022 1.109588
0.718668 0.231310 1.115646
0.718212 0.225031 1.112299
0.731327 0.234823 1.118767
0.724426 0.234792 1.117995
0.724426 0.234792 1.117995
0.736795 0.232119 1.118165
0.739272 0.224555 1.115023
0.720667 0.248001 1.116546
0.715195 0.248040 1.116055
0.720667 0.248001 1.116546
0.711872 0.250134 1.117814
0.709662 0.251934 1.119367
0.706654 0.254789 1.119767
0.715775 0.264754 1.127156
0.710860 0.261957 1.124895
0.710860 0.261957 1.124895
0.722382 0.264366 1.127038
0.728220 0.255241 1.121151
0.697824 0.265917 1.135514
0.702475 0.266149 1.136150
0.702475 0.266149 1.136150
0.689936 0.268291 1.138211
0.693013 0.266289 1.135909
0.688207 0.273788 1.143553
0.690244 0.277521 1.147203
0.696252 0.280442 1.150251
0.690244 0.277521 1.147203
0.708263 0.274541 1.146114
0.709582 0.270849 1.142480
0.690769 0.241955 1.188027
0.683167 0.243073 1.183194
0.677158 0.242876 1.177914
0.673613 0.240617 1.172113
0.677158 0.242876 1.177914
0.672727 0.236665 1.167077
0.674454 0.232071 1.163615
0.695716 0.203703 1.146805
0.706314 0.182291 1.141705
0.713253 0.166817 1.136933
0.722677 0.163274 1.140343
0.722677 0.163274 1.140343
0.731213 0.168303 1.149973
0.711355 0.221862 1.180569
0.713078 0.227584 1.173638
0.715429 0.215966 1.150615
0.708023 0.216886 1.147081
0.715305 0.217981 1.150697
0.578605 0.119736 1.240301
0.578417 0.117029 1.232331
0.581118 0.121690 1.249060
0.585636 0.122883 1.257915
0.578054 0.118793 1.264554
0.578054 0.118793 1.264554
0.585636 0.122883 1.257915
0.598993 0.120549 1.271800
0.639339 0.081699 1.262947
0.641607 0.075794 1.256088
0.642478 0.070921 1.248985
0.642384 0.066744 1.241945
0.641523 0.063044 1.234883
0.639943 0.060041 1.227918
0.637851 0.057631 1.221116
0.635181 0.056296 1.215090
0.624440 0.058912 1.202017
0.616802 0.049938 1.202977
0.624440 0.058912 1.202017
0.616802 0.049938 1.202977
0.579386 0.114338 1.225156
0.540346 0.090633 1.251649
0.542756 0.094433 1.262537
0.547064 0.096253 1.272835
0.585972 0.073753 1.304711
0.594350 0.064483 1.303819
0.577692 0.080867 1.303071
0.599554 0.018584 1.228395
0.602094 0.020293 1.235060
0.596374 0.019557 1.223012
0.594095 0.021964 1.218135
0.598887 0.028514 1.213485
0.594095 0.021964 1.218135
0.590130 0.024421 1.214660
0.598887 0.028514 1.213485
0.556395 0.056749 1.206744
0.561060 0.051315 1.204756
0.565883 0.045851 1.203971
0.543242 0.075620 1.223407
0.540894 0.080485 1.230977
0.546752 0.069068 1.216073
0.608744 0.023483 1.256715
0.609653 0.026709 1.264170
0.607241 0.020796 1.248464
0.575059 0.036929 1.204851
0.578790 0.033252 1.206556
0.583077 0.029812 1.208720
0.605516 0.047819 1.294744
0.608412 0.041225 1.287692
0.609596 0.035652 1.280138
0.553378 0.095255 1.282573
0.560306 0.091820 1.292888
0.557590 0.100963 1.279644
0.557590 0.100963 1.279644
0.553378 0.095255 1.282573
0.609859 0.031039 1.272655
0.600481 0.055902 1.300362
0.569823 0.086724 1.299647
0.605884 0.020136 1.241430
0.539805 0.085935 1.240738
0.550969 0.063091 1.210782
0.570625 0.041352 1.203997
0.586971 0.026509 1.211021
0.564514 0.106491 1.274394
0.564514 0.106491 1.274394
0.603882 0.035096 1.209786
0.603882 0.035096 1.209786
0.570941 0.112914 1.269879
0.570941 0.112914 1.269879
0.610274 0.042098 1.206357
0.610274 0.042098 1.206357
0.540346 0.090633 1.251649
0.542756 0.094433 1.262537
0.547064 0.096253 1.272835
0.585972 0.073753 1.304711
0.594350 0.064483 1.303819
0.577692 0.080867 1.303071
0.602094 0.020293 1.235060
0.599554 0.018584 1.228395
0.596374 0.019557 1.223012
0.594095 0.021964 1.218135
0.590130 0.024421 1.214660
0.561060 0.051315 1.204756
0.556395 0.056749 1.206744
0.565883 0.045851 1.203971
0.543242 0.075620 1.223407
0.540894 0.080485 1.230977
0.546752 0.069068 1.216073
0.609653 0.026709 1.264170
0.608744 0.023483 1.256715
0.607241 0.020796 1.248464
0.578790 0.033252 1.206556
0.575059 0.036929 1.204851
0.583077 0.029812 1.208720
0.605516 0.047819 1.294744
0.608412 0.041225 1.287692
0.609596 0.035652 1.280138
0.553378 0.095255 1.282573
0.560306 0.091820 1.292888
0.609859 0.031039 1.272655
0.600481 0.055902 1.300362
0.569823 0.086724 1.299647
0.605884 0.020136 1.241430
0.539805 0.085935 1.240738
0.550969 0.063091 1.210782
0.570625 0.041352 1.203997
0.586971 0.026509 1.211021
0.234359 -0.029475 1.514658
0.230711 -0.009722 1.502795
0.223942 0.002456 1.481055
0.220352 0.010125 1.462870
0.215230 0.017250 1.446503
0.209462 0.022787 1.428071
0.205250 0.017374 1.409739
0.198913 -0.005594 1.389452
0.201927 -0.021949 1.388810
0.205080 -0.042443 1.385595
0.208684 -0.058585 1.382992
0.206146 -0.076918 1.383379
0.211892 -0.092050 1.400294
0.216342 -0.102859 1.419593
0.220655 -0.110360 1.445576
0.222779 -0.110573 1.468494
0.227698 -0.104806 1.485220
0.235143 -0.095830 1.501826
0.242760 -0.073533 1.515522
0.239099 -0.051012 1.519576
0.314776 -0.028007 1.483961
0.227386 -0.066349 1.503043
0.224356 -0.087951 1.491481
0.234553 -0.111306 1.455837
0.233507 -0.107541 1.440456
0.244105 -0.133460 1.405186
0.251454 -0.132878 1.425189
0.256364 -0.129272 1.412071
0.254551 -0.132852 1.406812
0.223398 -0.105680 1.416656
0.214729 -0.101847 1.426239
0.218140 -0.092450 1.407746
0.284620 -0.122937 1.409779
0.251440 -0.128784 1.399754
0.249758 -0.130232 1.401270
0.248014 -0.131026 1.401445
0.258789 -0.123182 1.410954
0.255458 -0.126252 1.392511
0.251490 -0.129948 1.401349
0.249758 -0.130232 1.401270
0.251440 -0.128784 1.399754
0.315425 -0.083770 1.358491
0.253268 -0.108645 1.366539
0.237164 -0.104926 1.387093
0.246520 -0.100878 1.374093
0.280471 -0.010940 1.359196
0.236729 -0.029571 1.377481
0.222119 -0.040170 1.372831
0.219473 -0.032426 1.375400
0.299531 -0.061606 1.350920
0.254882 -0.027421 1.372835
0.246581 -0.035695 1.361147
0.218940 -0.048216 1.366574
0.297371 -0.092864 1.351770
0.284128 -0.083413 1.341230
0.257531 -0.063542 1.349018
0.256455 -0.063233 1.357019
0.243950 -0.046193 1.358633
0.263259 -0.092108 1.348003
0.272409 -0.095259 1.354816
0.266192 -0.086960 1.342852
0.268115 -0.072645 1.343082
0.268316 -0.087428 1.355879
0.268939 -0.068418 1.343800
0.263259 -0.092108 1.348003
0.266192 -0.086960 1.342852
0.258393 -0.068788 1.336850
0.259510 -0.095426 1.346021
0.266192 -0.086960 1.342852
0.259510 -0.095426 1.346021
0.257839 -0.018504 1.340369
0.259350 -0.024653 1.342331
0.269979 -0.016800 1.357794
0.268939 -0.068418 1.343800
0.263079 -0.058930 1.338354
0.262991 -0.055077 1.344452
0.276532 -0.045445 1.351315
0.266192 -0.086960 1.342852
0.255768 -0.081247 1.338574
0.266192 -0.086960 1.342852
0.255768 -0.081247 1.338574
0.266959 -0.020334 1.348489
0.259350 -0.024653 1.342331
0.282123 -0.064218 1.338505
0.266039 -0.078800 1.339823
0.258957 -0.024522 1.341176
0.257839 -0.018504 1.340369
0.263738 -0.041367 1.347976
0.263738 -0.041367 1.347976
0.257098 -0.012392 1.341019
0.266738 -0.012606 1.351481
0.266738 -0.012606 1.351481
0.257098 -0.012392 1.341019
0.266039 -0.078800 1.339823
0.290446 0.019220 1.393683
0.233745 -0.005817 1.439512
0.231740 -0.012778 1.443437
0.242597 -0.000392 1.459559
0.259036 -0.029139 1.517202
0.278995 0.017489 1.472185
0.276237 0.024652 1.453138
0.277305 -0.122343 1.440577
0.244293 -0.108344 1.473842
0.215003 -0.103505 1.473269
0.221001 -0.103583 1.383526
0.232444 -0.058549 1.359410
0.261204 0.006769 1.491881
0.245284 -0.014296 1.512115
0.270669 -0.001372 1.491032
0.232558 -0.021216 1.477447
0.230021 -0.010881 1.468709
0.220065 -0.028836 1.459605
0.218850 -0.007566 1.467994
0.197841 -0.019906 1.446525
0.210523 -0.027290 1.449601
0.180630 -0.046151 1.465690
0.170692 -0.070959 1.463051
0.174074 -0.062936 1.481726
0.217256 -0.022895 1.442106
0.204207 -0.044772 1.380722
0.190935 -0.050967 1.399691
0.198093 -0.034106 1.397554
0.326630 -0.019745 1.475700
0.297830 0.000315 1.486686
0.170325 -0.068604 1.487529
0.176788 -0.071952 1.473796
0.189872 -0.073976 1.484929
0.204207 -0.053165 1.493566
0.194031 -0.045729 1.481157
0.183630 -0.057197 1.494192
0.210622 -0.072587 1.496687
0.185158 -0.063622 1.497276
0.227112 -0.016429 1.396047
0.233197 -0.005906 1.395527
0.249107 -0.018037 1.377387
0.242597 -0.000392 1.459559
0.250299 0.009095 1.437006
0.242505 -0.000473 1.445899
0.267275 -0.004171 1.363781
0.259171 0.014918 1.381185
0.268287 0.020676 1.370116
0.282395 0.006018 1.364824
0.270676 0.004116 1.359012
0.220053 -0.085326 1.369330
0.243172 -0.100194 1.357323
0.227347 -0.090822 1.377672
0.218943 -0.056086 1.373203
0.218345 -0.077635 1.356161
0.205859 -0.077717 1.378920
0.233817 -0.009220 1.508454
0.262140 0.014831 1.481085
0.244759 0.006285 1.487983
0.295011 -0.033119 1.361294
0.223159 -0.038733 1.461697
0.214447 -0.044937 1.481160
0.225114 -0.030197 1.476086
0.287036 0.027664 1.410210
0.275738 0.017798 1.408668
0.278508 0.025503 1.392591
0.260642 0.017812 1.389477
0.257081 -0.005579 1.388650
0.242949 -0.001492 1.392946
0.243670 0.004961 1.383625
0.245594 0.025875 1.408737
0.243012 0.010317 1.416532
0.259670 0.012590 1.431298
0.265759 -0.005622 1.375883
0.264197 -0.006375 1.366819
0.253491 -0.013530 1.371063
0.250259 -0.024177 1.362599
0.249107 -0.018037 1.377387
0.209235 -0.083871 1.453535
0.210257 -0.092812 1.468178
0.176567 -0.081294 1.463038
0.218495 -0.100989 1.453406
0.214219 -0.104966 1.462360
0.180759 -0.054986 1.420156
0.171039 -0.057488 1.409953
0.173138 -0.069965 1.420102
0.196996 -0.091703 1.411628
0.202137 -0.094347 1.427332
0.183987 -0.086128 1.424471
0.265829 0.029976 1.453024
0.281818 0.026994 1.409043
0.259214 0.030520 1.434174
0.260526 0.025054 1.422872
0.263200 0.019127 1.455013
0.262006 0.014239 1.467222
0.270767 0.022079 1.463169
0.228064 -0.043598 1.506216
0.225599 -0.029515 1.495706
0.276265 -0.011707 1.510158
0.262225 -0.119492 1.395243
0.231253 -0.114631 1.417049
0.202556 -0.079406 1.494411
0.182378 -0.084296 1.477170
0.211162 -0.090572 1.482978
0.236749 -0.014296 1.498245
0.245230 -0.026029 1.516927
0.239153 -0.026356 1.507626
0.242916 0.003125 1.369489
0.249519 0.027957 1.392676
0.240533 0.025560 1.387017
0.238449 0.012927 1.403373
0.210089 -0.087713 1.436288
0.183221 -0.082677 1.450104
0.175129 -0.067557 1.450861
0.323462 -0.059451 1.469414
0.272042 -0.056927 1.516389
0.215673 -0.026986 1.385374
0.220967 -0.026660 1.390594
0.205784 -0.032735 1.396487
0.293091 -0.103362 1.359290
0.248859 0.000936 1.471197
0.262889 0.008292 1.458662
0.262490 0.015950 1.443800
0.313975 -0.015571 1.483757
0.233561 -0.131811 1.447672
0.251570 -0.129856 1.442503
0.256167 -0.122103 1.447240
0.264165 -0.123202 1.430156
0.344899 -0.048871 1.451569
0.206385 -0.018711 1.446062
0.185865 -0.031591 1.447478
0.191583 -0.046283 1.432564
0.195111 -0.046942 1.418689
0.196554 -0.028406 1.409889
0.208367 -0.029315 1.425962
0.217597 -0.023656 1.415380
0.225408 0.010086 1.477910
0.236734 0.005456 1.470648
0.230275 -0.005274 1.490194
0.225200 0.008394 1.487721
0.226506 -0.000832 1.478188
0.174233 -0.078981 1.403795
0.178651 -0.081194 1.414441
0.174805 -0.066211 1.404307
0.186105 -0.052661 1.412216
0.188166 -0.063125 1.402014
0.177410 -0.050434 1.386798
0.188548 -0.080461 1.393611
0.181829 -0.066569 1.396643
0.247388 -0.049421 1.519232
0.225750 -0.055124 1.513950
0.239894 -0.005322 1.487544
0.225408 0.010086 1.477910
0.236734 0.005456 1.470648
0.214929 -0.049836 1.376665
0.203748 -0.071012 1.382742
0.191036 -0.052324 1.378343
0.177722 -0.065847 1.389351
0.201407 -0.083095 1.388882
0.210558 -0.086004 1.405620
0.215977 -0.102717 1.401794
0.228782 -0.103929 1.403499
0.211244 -0.095084 1.392826
0.196340 -0.093731 1.401557
0.227112 -0.016429 1.396047
0.224704 -0.011185 1.412681
0.189198 -0.034218 1.458783
0.191991 -0.016425 1.430047
0.189272 -0.042624 1.427208
0.247100 -0.094350 1.366167
0.259298 -0.099884 1.358156
0.254278 -0.089450 1.350990
0.257668 -0.076157 1.361690
0.246130 -0.073870 1.360322
0.231547 -0.080511 1.364083
0.254994 0.020474 1.424561
0.267875 0.022027 1.412604
0.257304 0.028259 1.403854
0.348570 -0.056404 1.433843
0.262261 -0.017832 1.362438
0.261785 -0.026896 1.351391
0.249648 -0.030228 1.352054
0.176454 -0.073342 1.434019
0.215231 -0.103944 1.438030
0.335369 -0.069801 1.398964
0.183878 -0.076733 1.433203
0.249485 0.015176 1.473661
0.276567 0.014778 1.491658
0.201823 -0.023523 1.431530
0.194539 -0.037542 1.420309
0.255458 -0.126252 1.392511
0.253491 -0.013530 1.371063
0.263805 -0.012294 1.375829
0.229523 -0.065941 1.362250
0.249613 0.027262 1.383422
0.239552 0.005538 1.404028
0.231701 -0.003453 1.420668
0.335584 -0.046822 1.466758
0.249590 -0.037168 1.514387
0.233988 -0.040964 1.517004
0.263163 -0.109935 1.355987
0.250165 -0.117513 1.368129
0.211058 -0.087295 1.392075
0.212061 -0.091128 1.376594
0.252951 -0.046934 1.349418
0.208424 -0.041591 1.462786
0.255402 0.023036 1.447626
0.252470 -0.115096 1.376506
0.251630 -0.113208 1.392731
0.236507 -0.111389 1.397627
0.251094 -0.116925 1.409686
0.232264 -0.113686 1.409619
0.250539 -0.108027 1.408083
0.178528 -0.052620 1.485044
0.234667 0.008542 1.393686
0.243256 0.014807 1.375253
0.242674 -0.106754 1.398877
0.231963 -0.016897 1.423890
0.290938 -0.119943 1.426989
0.254725 -0.101752 1.352681
0.309307 -0.099669 1.363673
0.231247 0.003341 1.412719
0.241147 0.009028 1.430350
0.262261 -0.017832 1.362438
0.235798 -0.115199 1.467129
0.269979 -0.016800 1.357794
0.238537 -0.111097 1.465193
0.245598 0.005804 1.480047
0.229548 0.016561 1.485961
0.254895 -0.062192 1.517581
0.243455 -0.092817 1.350530
0.193408 -0.039590 1.470344
0.286223 0.020665 1.379047
0.184393 -0.059272 1.450220
0.183606 -0.063347 1.423670
0.262991 -0.055077 1.344452
0.216918 -0.110568 1.413196
0.283424 -0.003145 1.494707
0.288570 -0.002516 1.500470
0.263125 0.018459 1.484468
0.267510 0.009742 1.497398
0.255383 0.014384 1.493151
0.324582 -0.029708 1.480006
0.218166 -0.028725 1.436447
0.224704 -0.011185 1.412681
0.266266 0.027316 1.382144
0.263163 -0.109935 1.355987
0.259510 -0.095426 1.346021
0.185854 -0.086422 1.397547
0.250165 -0.117513 1.368129
0.206207 -0.046431 1.487319
0.226149 -0.034605 1.486312
0.233745 -0.005817 1.439512
0.308076 -0.097726 1.354674
0.237234 0.013127 1.411399
0.236299 -0.131642 1.439801
0.228439 -0.004558 1.430312
1434 1553
1591 1597
1476 1504
1427 1428
1491 1493
1498 1646
1432 1433
118 119
1637 1668
1430 1434
1348 1352
295 297
1326 1327
202 231
1427 1511
1463 1643
1371 1372
1463 1464
1512 1662
1483 1485
1436 1595
1356 1513
66 67
1539 1637
1396 1405
1452 1454
1490 1577
1415 1578
1657 1665
64 65
1501 1524
16 194
1447 1509
1396 1402
48 50
1452 1609
195 196
62 126
122 260
1439 1559
1469 1471
115 251
1457 1609
1466 1467
1539 1639
1464 1465
287 288
1333 1334
122 123
125 126
1364 1424
283 284
1337 1338
1458 1459
1510 1663
159 249
1453 1454
1514 1515
196 212
75 76
1646 1647
1438 1548
1620 1622
1383 1584
1435 1526
139 202
202 232
1580 1581
1357 1662
1603 1614
1362 1363
1350 1572
1384 1386
1443 1600
1375 1584
94 95
1458 1520
52 116
1467 1468
1344 1349
1501 1525
1379 1381
302 303
1321 1322
138 139
54 119
1537 1637
1488 1594
1503 1505
1453 1609
1510 1551
49 199
104 105
69 255
72 254
1350 1499
1622 1649
73 251
1453 1480
202 203
1390 1408
1406 1407
144 147
121 259
61 260
62 63
1567 1568
144 145
68 257
77 78
1477 1479
1396 1472
265 300
1610 1655
273 274
1567 1569
266 298
1375 1377
1439 1440
1509 1611
1543 1580
1435 1543
1448 1618
1451 1514
1342 1514
1418 1562
1487 1520
289 290
1331 1332
58 280
1543 1581
282 303
1320 1321
1581 1601
281 283
1338 1339
16 18
1465 1582
1416 1417
1394 1396
286 287
1334 1335
1341 1509
117 252
1505 1535
1595 1646
127 128
281 282
1320 1339
1415 1417
1455 1665
288 289
1332 1333
55 58
1382 1383
1507 1640
264 303
1484 1485
79 80
81 82
1343 1495
1546 1548
1473 1474
118 253
1477 1505
1465 1615
1469 1518
1364 1465
45 48
1590 1607
105 107
1543 1544
1548 1656
1542 1580
1512 1620
49 50
1369 1403
1521 1523
5 136
108 110
263 264
85 159
1457 1669
1345 1346
1513 1623
1432 1549
1555 1595
1376 1377
1535 1588
1482 1522
1346 1668
107 108
1460 1479
1634 1635
293 294
1328 1329
1579 1618
1439 1441
43 205
203 204
1544 1647
1482 1608
1461 1645
1522 1523
1433 1579
1366 1530
1343 1422
1385 1386
1650 1653
269 290
1435 1646
53 280
1347 1540
1436 1437
130 257
1429 1551
1435 1626
120 121
1364 1583
1444 1446
200 201
1368 1439
1391 1392
284 285
1336 1337
74 90
1640 1641
1533 1534
1500 1501
299 300
1324 1325
1419 1652
77 164
1460 1462
301 302
1322 1323
1502 1504
1555 1598
1416 1630
277 278
36 208
1356 1540
1110 1119
1111 1120
1584 1586
1439 1531
1440 1545
105 106
1394 1403
79 99
81 102
34 36
1476 1478
1453 1634
1541 1591
297 299
1325 1326
1434 1618
1381 1382
1374 1403
1425 1466
1500 1596
123 254
125 255
1421 1631
1373 1374
1601 1602
1613 1662
1614 1659
1089 1106
1571 1572
1419 1470
83 160
1415 1630
1657 1669
1522 1627
1624 1625
1483 1588
78 97
173 191
1383 1400
1623 1624
98 99
100 102
135 137
14 17
1341 1450
1424 1573
1379 1632
207 208
1539 1540
1474 1475
158 211
1405 1407
1383 1399
1385 1393
1410 1462
69 70
71 72
1444 1449
1463 1468
1440 1559
1560 1570
1498 1554
1366 1367
300 301
1323 1324
84 109
53 55
14 19
290 291
1330 1331
124 126
1345 1357
1471 1641
1372 1425
1363 1574
1440 1441
1444 1451
285 286
1335 1336
80 163
82 162
1457 1635
108 109
1542 1656
11 12
1391 1408
1511 1651
213 214
1466 1606
1571 1616
1477 1478
1548 1630
1419 1507
1395 1396
1387 1659
1613 1660
1528 1642
1365 1461
1469 1519
1351 1615
1541 1610
1525 1598
75 93
39 40
110 111
1433 1580
1504 1535
40 41
1527 1610
208 209
1491 1524
1588 1589
267 268
1366 1368
1452 1657
1577 1578
1346 1538
1431 1618
1471 1599
1582 1584
276 277
165 244
1371 1617
222 224
243 244
1584 1585
92 93
1621 1623
152 153
1571 1576
1445 1446
1431 1475
1429 1664
1467 1606
1594 1617
1491 1492
153 156
1524 1596
132 158
59 262
1547 1602
197 198
91 92
46 233
1443 1650
1478 1503
1443 1651
1473 1475
1446 1451
291 292
1329 1330
1446 1514
306 1120
1437 1449
1534 1535
1464 1584
1574 1649
1572 1576
10 13
1483 1521
1563 1612
1532 1666
294 295
1327 1328
1423 1516
89 91
1496 1581
111 112
1088 1091
41 42
1370 1371
1363 1364
1496 1545
1356 1512
1624 1629
1519 1611
1586 1587
261 262
1389 1398
869 1120
874 1119
1474 1664
191 192
156 157
1108 1111
1109 1110
1611 1612
192 193
1621 1625
1361 1666
1497 1498
1351 1574
1478 1658
1607 1628
1522 1628
143 225
1559 1569
112 113
1489 1490
45 46
1562 1612
1621 1622
224 225
1494 1596
1497 1557
1480 1605
1529 1531
1424 1575
92 94
1499 1572
1504 1619
1454 1605
215 231
1379 1380
33 51
1459 1607
9 214
1341 1563
1560 1561
1467 1587
1559 1570
1493 1515
1442 1536
1382 1583
1444 1445
113 114
1483 1667
1517 1519
1459 1460
1480 1486
1513 1649
1463 1467
1465 1616
1480 1481
1414 1645
57 58
209 210
1456 1457
296 298
871 873
1554 1661
129 256
87 114
32 34
88 89
267 280
1589 1590
1473 1618
1354 1356
1492 1516
1408 1593
1433 1434
1410 1458
170 239
1562 1642
34 35
215 225
1587 1606
1551 1552
26 29
1557 1558
869 870
872 874
1498 1595
1470 1599
190 191
1383 1648
1393 1395
1493 1525
7 248
30 172
166 167
1548 1578
238 239
1605 1636
131 135
268 296
86 87
1578 1630
86 88
100 101
1392 1593
132 133
1346 1347
141 223
146 229
2 31
1547 1656
54 258
1349 1574
1 31
1517 1564
1496 1497
870 876
872 875
1379 1583
1420 1506
1482 1520
753 754
755 756
1430 1553
39 221
1069 1071
1458 1638
154 155
1549 1550
1565 1566
1409 1410
1411 1412
172 174
26 28
1395 1407
1408 1648
1418 1518
1507 1599
1509 1563
1492 1495
754 1229
755 1231
1546 1602
1426 1652
1482 1627
226 227
1431 1434
2 30
1556 1558
186 187
1460 1658
28 174
1417 1550
1455 1566
1396 1407
1484 1608
165 166
1376 1585
179 181
22 25
1429 1430
1568 1571
1517 1551
29 31
133 134
1378 1632
1500 1524
8 247
1441 1546
157 158
1448 1663
1653 1654
1502 1619
1583 1584
226 230
1481 1608
96 98
1090 1091
1440 1557
1463 1587
1138 1139
752 1228
1426 1470
753 758
756 764
1349 1350
1579 1644
580 583
1576 1661
1428 1650
26 180
1562 1611
1090 1092
25 239
25 27
1455 1533
1479 1658
29 239
1485 1535
275 276
1506 1507
24 27
1530 1577
140 143
760 761
138 216
1419 1508
1488 1592
1604 1636
1520 1628
174 176
797 799
1505 1589
61 279
63 270
1573 1574
1622 1624
1483 1590
1263 1264
1310 1311
1498 1647
1386 1398
24 183
168 169
1422 1637
1554 1556
757 758
760 764
1264 1270
1311 1314
1418 1611
1347 1354
1573 1575
1440 1558
1092 1101
1367 1567
1621 1629
1397 1398
1399 1400
1504 1505
1097 1116
1593 1594
1471 1564
1509 1612
169 170
1237 1238
1287 1288
625 628
1426 1428
131 134
1448 1644
227 228
240 241
50 199
24 26
1487 1636
1393 1394
60 260
1501 1555
180 183
1463 1465
621 622
1652 1654
95 96
1069 1070
1437 1445
1463 1616
1574 1622
1518 1611
1580 1601
1613 1632
798 1095
194 195
420 1106
1371 1489
1625 1629
1452 1453
875 877
876 879
167 168
1373 1666
188 189
1457 1665
182 194
1351 1573
847 1134
766 1118
761 763
1599 1640
1368 1529
272 290
757 759
760 762
184 186
1370 1490
1092 1104
1349 1513
1362 1620
1234 1272
1284 1316
1436 1493
1600 1653
1585 1586
1608 1627
1229 1230
1231 1232
181 182
161 247
1234 1235
1284 1285
1469 1517
175 177
13 246
17 245
219 228
1554 1555
425 1109
426 1108
1437 1626
1420 1508
1138 1208
1420 1502
1370 1489
1506 1535
1236 1267
1286 1310
771 1117
1401 1405
759 1115
762 1114
270 271
278 279
189 190
14 244
1383 1404
1449 1626
1506 1619
1604 1605
581 767
177 178
150 151
1140 1141
1481 1482
42 43
1584 1643
242 243
1502 1506
1235 1236
1285 1286
1464 1582
1086 1087
1523 1627
877 878
879 880
1387 1388
1389 1397
1252 1272
1299 1316
1545 1581
1087 1220
160 248
43 44
203 232
1549 1641
1565 1641
878 1219
880 1216
772 773
1238 1269
1288 1313
1260 1269
1307 1313
1497 1556
1237 1239
1287 1289
1423 1495
1477 1503
1386 1394
1453 1481
1583 1613
148 149
1372 1567
1549 1553
1521 1522
217 218
1216 1217
1218 1219
162 246
163 245
1608 1667
150 152
1230 1282
1232 1283
178 179
1535 1619
1340 1655
1401 1402
1510 1664
1665 1669
1494 1495
1367 1372
626 628
239 240
1217 1280
1218 1281
47 70
71 237
1398 1413
1400 1404
1533 1640
1431 1473
834 1115
838 1114
241 242
1144 1195
1609 1634
1507 1534
1251 1253
1298 1300
222 223
229 230
1096 1118
1556 1561
276 295
1474 1663
1239 1270
1289 1314
182 183
1547 1601
1632 1660
1265 1277
1266 1276
1499 1576
776 1116
437 1076
982 1202
1351 1572
1343 1639
12 13
15 17
1276 1280
1277 1281
1278 1282
1279 1283
1260 1261
1307 1308
1581 1602
775 1117
1464 1643
1215 1216
1356 1623
132 211
1551 1564
1549 1552
418 1107
1522 1607
625 1060
136 137
833 834
836 838
312 1138
1092 1121
1426 1654
1391 1593
1018 1059
20 23
187 188
38 207
271 292
278 293
204 222
205 230
1362 1662
1255 1268
1301 1312
1144 1197
1261 1262
1308 1309
19 21
1552 1641
6 7
440 1072
628 790
1243 1244
1245 1247
882 1072
1221 1222
1213 1215
1251 1252
1298 1299
1633 1666
33 211
1248 1273
1296 1317
56 258
1486 1487
622 623
623 1055
395 1072
1392 1592
1636 1638
1623 1625
1244 1278
1247 1279
1253 1273
1300 1317
1620 1662
412 420
1558 1561
151 206
422 426
423 425
1437 1444
1454 1604
1488 1490
1459 1479
1379 1382
1349 1649
1254 1256
1302 1303
833 835
836 837
1262 1268
1309 1312
1098 1099
1102 1103
21 22
1380 1404
1388 1413
768 769
368 370
570 575
419 1105
1353 1603
1357 1360
1222 1223
1433 1542
56 57
1367 1368
625 627
1015 1017
1092 1124
1425 1606
1213 1214
1561 1570
1537 1668
1098 1122
1102 1124
1122 1123
801 1178
363 1134
1210 1211
1020 1174
1392 1411
1410 1638
1484 1667
440 1076
363 365
1211 1212
1595 1598
1466 1567
1017 1018
1223 1224
581 583
547 627
550 624
1438 1656
1254 1255
1301 1302
415 418
304 306
539 549
543 548
141 142
145 146
1523 1667
10 11
846 847
101 103
1224 1225
622 1203
835 1066
837 1065
1471 1640
1057 1058
184 185
769 770
475 476
732 739
150 185
547 548
549 550
628 792
1378 1380
1384 1385
767 768
1071 1100
1053 1054
341 1123
1575 1615
1622 1629
819 820
304 305
588 591
560 770
1225 1226
344 1178
1214 1233
814 818
1029 1032
1263 1265
1266 1267
817 818
412 414
404 1124
407 1122
737 738
741 743
813 1179
819 1209
37 208
812 1182
296 297
1027 1183
1031 1183
1029 1030
46 47
236 237
816 1182
421 422
423 424
1032 1033
103 104
1030 1031
808 812
1226 1227
814 815
142 213
145 212
810 811
1523 1608
337 1179
815 816
1027 1028
417 419
864 865
740 742
1033 1057
1529 1530
396 1099
398 1103
1248 1249
1295 1296
35 210
1241 1271
1290 1315
12 213
15 212
336 1181
338 1180
1505 1588
1583 1632
817 820
809 813
908 1180
909 1181
353 1175
354 1173
1240 1241
1290 1291
1249 1250
1295 1297
333 337
906 909
907 908
1449 1451
378 380
737 1173
741 1175
3 250
581 591
570 576
344 1177
586 587
589 590
1394 1395
413 415
1256 1271
1303 1315
1065 1068
1066 1067
910 911
912 913
329 330
330 332
352 359
826 885
468 1035
521 522
524 526
397 400
466 885
309 332
321 1019
846 1053
367 370
1046 1047
465 466
409 481
791 792
790 793
359 362
1025 1028
476 1048
1063 1064
349 352
845 917
334 338
335 336
1020 1021
362 367
883 884
800 801
414 431
733 738
734 743
1034 1035
315 319
347 354
351 353
1064 1127
714 809
1486 1605
584 585
329 333
1544 1581
893 1044
711 906
715 907
309 312
416 417
421 434
424 433
342 1019
394 396
802 803
363 847
413 429
321 322
324 325
328 331
1049 1141
575 916
467 468
825 883
916 917
393 396
398 399
884 1046
489 490
481 482
339 340
1067 1125
1068 1126
343 1177
305 1094
431 432
318 320
307 308
605 615
1390 1391
794 1133
914 1125
915 1126
566 589
571 586
1093 1127
356 358
360 361
433 436
434 435
516 914
520 915
622 781
491 492
824 826
324 326
327 328
1250 1274
1297 1318
515 517
518 519
345 356
350 361
490 1194
484 488
486 487
358 366
360 369
348 355
473 862
977 978
565 1171
859 862
1025 1026
1198 1200
428 429
561 565
892 1043
326 335
327 334
416 427
435 665
436 667
731 733
734 736
649 652
657 659
363 364
345 347
350 351
1132 1207
564 1168
821 825
654 667
656 665
483 1185
485 1186
310 331
325 1136
489 494
712 714
432 666
1240 1242
1291 1292
483 484
485 486
1257 1274
1305 1318
1052 1055
314 363
563 564
596 1171
859 890
391 1186
392 1185
617 618
560 561
320 1050
978 1207
1061 1062
492 1193
491 493
346 348
568 584
375 378
1049 1050
710 711
713 715
613 615
822 1194
903 964
668 669
1390 1412
1406 1409
540 546
541 545
439 668
611 612
614 616
653 666
604 611
608 614
1405 1406
650 653
620 629
357 364
796 1094
471 473
823 824
612 1169
616 1170
410 411
562 563
1016 1172
381 1184
823 1193
613 1166
617 620
592 597
896 898
427 430
135 193
621 624
626 627
389 392
390 391
572 1170
574 1169
595 596
655 658
855 857
860 861
821 822
585 848
465 470
365 366
368 369
782 1128
965 972
1200 1201
896 904
902 963
905 962
708 709
500 1188
780 781
499 501
888 890
467 469
470 1142
372 474
592 594
501 502
1129 1204
1013 1172
567 574
569 572
405 1121
1345 1355
340 983
652 654
656 657
542 544
897 905
899 902
1258 1259
1304 1306
979 980
646 779
1242 1243
1292 1293
1003 1165
602 604
606 608
904 961
1130 1206
1131 1205
789 793
607 610
55 280
1075 1077
1012 1013
900 903
605 607
777 779
493 886
847 848
888 1191
383 384
387 388
545 1163
546 1161
515 516
518 520
172 173
637 791
383 385
386 387
582 590
587 1135
379 381
553 1162
384 389
388 390
1245 1246
1293 1294
480 1047
1061 1132
476 1141
898 1191
393 402
399 401
887 889
891 894
851 855
852 861
404 406
407 408
1014 1015
1083 1085
593 595
1041 1042
704 712
576 579
308 1112
643 777
857 891
860 887
502 1187
895 897
899 901
619 1164
573 1166
889 1190
894 1192
1004 1007
594 599
829 831
895 1190
901 1192
566 567
569 571
371 372
1002 1062
551 1161
554 1163
553 555
893 1189
437 882
650 651
577 578
1259 1275
1306 1319
570 573
517 1206
519 1205
148 195
380 1188
962 967
963 965
1005 1165
979 981
858 892
1049 1051
539 540
541 543
795 796
444 451
401 442
402 441
618 1167
376 827
849 851
852 853
827 830
985 1200
636 638
640 642
976 1195
555 557
1257 1258
1304 1305
373 379
551 552
554 556
448 451
984 1201
593 598
1075 1076
394 1100
881 1112
487 497
488 496
310 311
1136 1137
1001 1002
649 662
659 663
371 373
313 314
856 858
1378 1660
1384 1389
441 445
442 443
579 1167
552 559
556 558
508 641
440 444
602 603
606 609
374 377
795 799
761 1097
1637 1639
1083 1084
729 735
782 783
475 477
478 479
598 600
1246 1275
1294 1319
471 472
558 923
559 920
443 446
445 450
437 438
268 298
599 601
1101 1104
557 922
703 713
706 710
1143 1195
999 1001
527 529
29 238
523 528
525 531
1101 1103
521 1130
526 1131
918 921
313 1051
474 476
469 1143
446 447
449 450
1006 1007
170 238
395 403
1470 1652
964 966
448 458
403 440
945 950
406 868
408 863
385 477
386 479
1081 1084
831 1045
849 850
853 854
568 570
944 945
394 395
998 999
998 1000
922 924
537 1152
950 1152
948 1150
949 1151
506 507
509 511
506 636
511 640
529 535
528 530
531 532
1069 1113
0 171
1000 1160
726 731
727 736
533 538
534 536
1072 1073
1458 1487
986 987
535 537
942 949
946 948
996 997
503 504
997 1160
536 1151
538 1150
863 865
866 868
919 920
923 925
832 1145
867 1196
503 505
472 1144
990 1154
942 943
946 947
850 1146
854 1147
966 972
647 1156
447 453
449 457
765 766
1146 1199
1147 1197
507 514
509 512
508 510
645 646
828 1148
648 1153
937 1153
830 1149
643 644
774 1097
505 1157
513 1155
1081 1082
988 989
1073 1074
639 641
1074 1113
943 951
947 954
512 1159
514 1158
530 534
532 533
989 990
936 937
686 687
865 1199
866 1197
645 648
935 1155
316 317
510 513
939 1158
941 1159
788 1157
495 496
497 498
965 973
967 969
601 630
934 935
784 786
688 936
1174 1176
787 788
938 939
940 941
968 970
0 3
671 672
784 785
692 787
651 661
452 454
993 995
603 631
609 632
673 785
778 779
380 382
921 927
695 1008
771 773
725 726
727 728
689 690
691 693
993 994
690 940
693 938
919 926
925 931
398 400
639 780
453 455
456 457
661 844
311 1139
1137 1140
951 952
954 955
924 930
966 1039
952 953
638 910
642 913
930 1011
771 774
972 1040
701 703
705 706
683 691
685 689
134 135
375 1043
1355 1358
522 523
524 525
778 783
804 807
670 844
1008 1011
4 136
323 1019
697 1010
698 1009
475 1140
478 1139
956 994
970 1036
317 323
44 235
232 234
687 934
1176 1177
694 695
929 1010
933 1009
700 701
705 707
46 234
235 236
969 971
973 975
969 970
703 704
952 957
955 959
727 729
454 460
455 459
456 464
987 1056
660 662
663 664
206 220
724 725
728 730
926 929
931 933
682 683
684 685
972 974
930 932
932 1008
1359 1360
220 221
631 635
632 633
932 933
495 745
498 746
927 928
956 957
660 841
664 842
839 841
842 843
805 806
676 991
681 992
744 745
746 747
971 1038
975 1037
840 1078
633 696
635 699
696 697
698 699
806 1024
676 677
679 681
368 580
1210 1212
634 694
459 462
463 464
701 702
1353 1358
621 912
626 911
1355 1359
678 682
680 684
839 1079
843 1080
580 582
1134 1135
957 958
959 960
958 991
960 992
460 461
674 675
462 1079
463 1080
750 1038
751 1037
677 678
679 680
702 805
461 1078
1402 1405
744 748
747 749
724 1022
730 1023
748 751
749 750
719 720
700 721
707 722
719 1023
719 721
716 718
718 723
717 718
716 717
720 721
717 1022
722 723
