13885811711329945703 2300 1900
0.021833 -0.006325 0.082505
0.072005 -0.048104 0.046298
0.008557 0.071915 0.015621
-0.068260 -0.044515 0.045960
0.072005 -0.048104 0.046298
0.021833 -0.006325 0.082505
0.008557 0.071915 0.015621
0.072005 -0.048104 0.046298
-0.068260 -0.044515 0.045960
-0.068260 -0.044515 0.045960
0.021833 -0.006325 0.082505
0.008557 0.071915 0.015621
0.057814 -0.072815 0.041125
0.116012 0.029550 -0.002458
0.030572 0.079217 0.055531
0.010174 -0.102431 0.050838
-0.089438 -0.001021 0.040364
-0.006655 -0.096254 -0.009043
0.010174 -0.102431 0.050838
-0.006655 -0.096254 -0.009043
-0.089438 -0.001021 0.040364
-0.009666 0.058634 0.072970
0.008557 0.071915 0.015621
-0.068260 -0.044515 0.045960
-0.009666 0.058634 0.072970
0.057814 -0.072815 0.041125
0.030572 0.079217 0.055531
0.116012 0.029550 -0.002458
-0.068260 -0.044515 0.045960
0.008557 0.071915 0.015621
0.072005 -0.048104 0.046298
-0.068260 -0.044515 0.045960
-0.068260 -0.044515 0.045960
0.072005 -0.048104 0.046298
0.021833 -0.006325 0.082505
0.113743 0.033194 0.017871
0.057103 0.000951 0.058234
0.059148 -0.060784 0.059401
0.113743 0.033194 0.017871
0.059148 -0.060784 0.059401
0.106114 -0.043351 0.005073
-0.011427 -0.061547 0.022340
0.004854 -0.072002 0.041849
-0.055451 -0.032320 0.057630
0.045391 0.027529 0.021889
0.042975 -0.029224 0.030963
0.057103 0.000951 0.058234
-0.055451 -0.032320 0.057630
-0.063661 0.002562 0.062001
-0.037020 0.025234 0.011425
-0.011427 -0.061547 0.022340
-0.055451 -0.032320 0.057630
-0.037020 0.025234 0.011425
0.059148 -0.060784 0.059401
0.035858 -0.061127 0.032716
0.045391 0.027529 0.021889
0.106114 -0.043351 0.005073
0.042975 -0.029224 0.030963
0.004854 -0.072002 0.041849
-0.055451 -0.032320 0.057630
0.021833 -0.006325 0.082505
-0.063661 0.002562 0.062001
0.035858 -0.061127 0.032716
0.035858 -0.061127 0.032716
0.106114 -0.043351 0.005073
0.059148 -0.060784 0.059401
-0.037020 0.025234 0.011425
0.016649 0.067433 0.026121
0.004854 -0.072002 0.041849
-0.028025 0.047175 0.057969
-0.089899 0.074526 0.020599
-0.018001 0.116898 0.008754
-0.078177 -0.005345 0.065434
-0.089899 0.074526 0.020599
-0.067591 0.019395 0.013249
0.004854 -0.072002 0.041849
0.069648 -0.029287 0.052085
0.021833 -0.006325 0.082505
-0.076359 0.050664 0.000032
0.021833 -0.006325 0.082505
0.069648 -0.029287 0.052085
-0.067591 0.019395 0.013249
-0.028025 0.047175 0.057969
-0.078177 -0.005345 0.065434
-0.089899 0.074526 0.020599
-0.018001 0.116898 0.008754
0.045391 0.027529 0.021889
0.080828 0.041748 0.000058
0.033650 0.058368 0.030821
0.035100 0.071079 0.067765
0.113743 0.033194 0.017871
0.106114 -0.043351 0.005073
0.080828 0.041748 0.000058
0.021833 -0.006325 0.082505
-0.006873 0.056060 0.070581
-0.063661 0.002562 0.062001
-0.018001 0.116898 0.008754
0.035100 0.071079 0.067765
0.033650 0.058368 0.030821
0.045391 0.027529 0.021889
0.034829 0.071897 0.065070
0.080828 0.041748 0.000058
0.000371 0.055947 0.025314
-0.076359 0.050664 0.000032
-0.018001 0.116898 0.008754
-0.067591 0.019395 0.013249
0.016649 0.067433 0.026121
-0.006873 0.056060 0.070581
-0.037020 0.025234 0.011425
-0.063661 0.002562 0.062001
0.016649 0.067433 0.026121
0.000371 0.055947 0.025314
0.033650 0.058368 0.030821
-0.028025 0.047175 0.057969
0.045534 -0.061947 0.061030
-0.003272 -0.105707 0.036893
-0.001882 -0.090958 -0.004537
-0.090632 -0.078415 0.018288
-0.025690 -0.044019 0.054487
-0.003272 -0.105707 0.036893
0.045534 -0.061947 0.061030
-0.025690 -0.044019 0.054487
0.080828 0.041748 0.000058
0.034829 0.071897 0.065070
-0.067662 -0.060652 -0.002407
-0.067662 -0.060652 -0.002407
-0.025690 -0.044019 0.054487
-0.001882 -0.090958 -0.004537
-0.068147 0.000758 0.029387
-0.079227 -0.004605 0.067342
-0.025690 -0.044019 0.054487
-0.067662 -0.060652 -0.002407
-0.090632 -0.078415 0.018288
-0.068147 0.000758 0.029387
-0.079227 -0.004605 0.067342
-0.090632 -0.078415 0.018288
-0.003272 -0.105707 0.036893
-0.025690 -0.044019 0.054487
-0.090632 -0.078415 0.018288
0.034829 0.071897 0.065070
-0.067662 -0.060652 -0.002407
-0.068147 0.000758 0.029387
-0.025690 -0.044019 0.054487
0.069648 -0.029287 0.052085
-0.044552 0.034764 0.038107
-0.042685 0.023128 0.025275
-0.045103 0.026324 0.067474
-0.008222 -0.058932 0.025433
-0.005603 -0.036856 0.018796
0.001531 -0.062628 0.054911
-0.051923 -0.030269 0.058489
-0.045616 -0.035025 0.025496
-0.008222 -0.058932 0.025433
-0.051923 -0.030269 0.058489
-0.051923 -0.030269 0.058489
-0.060559 -0.000193 0.059782
-0.037378 0.000286 0.018672
-0.008222 -0.058932 0.025433
-0.045616 -0.035025 0.025496
-0.018720 -0.033618 0.020516
0.030517 0.050580 0.063900
0.055793 0.051601 0.059512
0.041031 0.070853 0.060626
-0.018720 -0.033618 0.020516
-0.005603 -0.036856 0.018796
-0.051923 -0.030269 0.058489
-0.001024 -0.050667 0.068889
-0.060559 -0.000193 0.059782
-0.060559 -0.000193 0.059782
-0.001024 -0.050667 0.068889
0.021768 -0.008712 0.074475
0.018851 -0.033589 0.020088
-0.037378 0.000286 0.018672
-0.001024 -0.050667 0.068889
0.053310 -0.032098 0.056775
0.050165 -0.000572 0.067221
0.030517 0.050580 0.063900
0.057912 0.000833 0.052025
0.043518 0.042899 0.068635
0.001531 -0.062628 0.054911
0.050165 -0.000572 0.067221
-0.001024 -0.050667 0.068889
0.053310 -0.032098 0.056775
-0.044552 0.034764 0.038107
-0.028459 0.049381 0.040374
0.001597 0.060747 0.035652
-0.044236 0.039210 0.020734
-0.028459 0.049381 0.040374
-0.027999 0.023702 0.018186
0.021349 0.035153 0.018982
-0.044552 0.034764 0.038107
-0.000388 0.049457 0.067575
-0.024671 0.043012 0.066660
-0.045103 0.026324 0.067474
0.001597 0.060747 0.035652
0.059421 0.023659 0.036327
0.050324 0.028922 0.057209
-0.044236 0.039210 0.020734
0.001597 0.060747 0.035652
-0.027999 0.023702 0.018186
-0.042685 0.023128 0.025275
-0.044552 0.034764 0.038107
0.041031 0.070853 0.060626
0.055793 0.051601 0.059512
0.084933 0.040459 0.039689
0.027031 0.046138 0.068903
-0.000388 0.049457 0.067575
-0.028459 0.049381 0.040374
-0.024671 0.043012 0.066660
0.027031 0.046138 0.068903
-0.042685 0.023128 0.025275
0.081378 0.052252 0.022119
-0.024671 0.043012 0.066660
0.059421 0.023659 0.036327
0.054796 -0.018011 0.020777
0.094513 0.038653 0.032577
-0.045616 -0.035025 0.025496
0.059421 0.023659 0.036327
0.054796 -0.018011 0.020777
0.021349 0.035153 0.018982
0.108689 0.031849 0.013339
0.018851 -0.033589 0.020088
0.050165 -0.000572 0.067221
0.084933 0.040459 0.039689
0.059421 0.023659 0.036327
0.050165 -0.000572 0.067221
-0.048353 -0.028313 0.027831
-0.070751 -0.004687 0.031214
-0.056696 -0.003688 0.039492
-0.068373 -0.061567 -0.001762
-0.000223 -0.056581 0.027689
-0.068373 -0.061567 -0.001762
0.043518 0.042899 0.068635
-0.088240 -0.072151 0.016576
-0.068373 -0.061567 -0.001762
-0.026911 -0.110181 0.013904
0.057912 0.000833 0.052025
-0.051007 -0.030111 0.063693
-0.056696 -0.003688 0.039492
-0.056680 0.000614 0.065293
-0.048353 -0.028313 0.027831
-0.028604 -0.049405 0.054856
-0.000223 -0.056581 0.027689
-0.079864 -0.007801 0.064265
-0.056680 0.000614 0.065293
-0.077926 -0.001802 0.048338
-0.056696 -0.003688 0.039492
-0.070751 -0.004687 0.031214
0.066459 -0.058220 0.051704
-0.002792 -0.101030 0.037903
-0.064999 -0.065957 0.040099
-0.088240 -0.072151 0.016576
-0.002792 -0.101030 0.037903
-0.028604 -0.049405 0.054856
-0.064999 -0.065957 0.040099
-0.075953 -0.053078 0.039001
-0.070098 -0.034586 0.052535
-0.088240 -0.072151 0.016576
-0.075953 -0.053078 0.039001
-0.084070 -0.026393 0.048537
-0.079864 -0.007801 0.064265
-0.088240 -0.072151 0.016576
-0.056680 0.000614 0.065293
-0.051007 -0.030111 0.063693
-0.000223 -0.056581 0.027689
0.026459 -0.050548 0.038280
0.014264 -0.074279 0.020691
-0.004456 -0.090798 0.000600
0.098620 0.018351 0.032201
0.106203 -0.040479 0.016545
-0.026911 -0.110181 0.013904
-0.068373 -0.061567 -0.001762
-0.004456 -0.090798 0.000600
0.028285 -0.051778 0.063542
0.026459 -0.050548 0.038280
0.039822 -0.070973 0.063784
0.026459 -0.050548 0.038280
0.028285 -0.051778 0.063542
-0.026911 -0.110181 0.013904
-0.002792 -0.101030 0.037903
-0.088240 -0.072151 0.016576
0.039822 -0.070973 0.063784
-0.002792 -0.101030 0.037903
0.028285 -0.051778 0.063542
0.108689 0.031849 0.013339
0.094513 0.038653 0.032577
0.098620 0.018351 0.032201
-0.000353 0.056094 0.027814
0.032305 0.059198 0.030563
-0.000452 0.058110 0.063335
-0.019374 0.090501 -0.000967
-0.048870 0.028438 0.027638
-0.019374 0.090501 -0.000967
-0.076359 0.050664 0.000032
-0.018429 0.113177 0.014174
-0.019374 0.090501 -0.000967
-0.076359 0.050664 0.000032
-0.029122 0.049201 0.053316
-0.000353 0.056094 0.027814
-0.000452 0.058110 0.063335
-0.048870 0.028438 0.027638
0.108689 0.031849 0.013339
0.080763 0.040348 0.001629
0.081378 0.052252 0.022119
0.033005 0.073557 0.064291
0.029314 0.047549 0.064928
0.037711 0.066552 0.047684
-0.000452 0.058110 0.063335
0.032305 0.059198 0.030563
0.030588 0.048122 0.038606
0.041031 0.070853 0.060626
0.057159 0.049625 0.020737
-0.018429 0.113177 0.014174
-0.018429 0.113177 0.014174
-0.035247 0.097507 0.030037
-0.015668 0.103659 0.030805
0.030517 0.050580 0.063900
-0.029122 0.049201 0.053316
-0.000452 0.058110 0.063335
-0.007934 0.092481 0.038595
0.019124 0.086427 0.049418
0.049113 0.028087 0.027693
0.057912 0.000833 0.052025
0.030588 0.048122 0.038606
-0.007934 0.092481 0.038595
0.030517 0.050580 0.063900
0.033005 0.073557 0.064291
0.019124 0.086427 0.049418
0.108689 0.031849 0.013339
0.087615 -0.028212 -0.001827
0.029314 0.047549 0.064928
-0.000452 0.058110 0.063335
-0.048870 0.028438 0.027638
-0.056491 0.000820 0.039667
-0.071621 0.024786 0.020671
0.087615 -0.028212 -0.001827
0.049113 0.028087 0.027693
0.080763 0.040348 0.001629
-0.087646 0.072484 0.015699
0.057159 0.049625 0.020737
0.030588 0.048122 0.038606
-0.058292 0.013751 0.071157
-0.081274 -0.000286 0.061162
-0.056491 0.000820 0.039667
-0.058292 0.013751 0.071157
-0.071621 0.024786 0.020671
-0.087646 0.072484 0.015699
-0.080289 0.062433 0.032454
-0.018429 0.113177 0.014174
-0.072341 0.022692 0.058093
-0.058292 0.013751 0.071157
-0.085332 0.044113 0.022183
-0.087646 0.072484 0.015699
-0.077665 0.053523 0.039858
0.027829 -0.049403 0.065232
0.046595 -0.065355 0.064279
0.051100 -0.028825 0.064121
-0.081274 -0.000286 0.061162
-0.072341 0.022692 0.058093
-0.081274 -0.000286 0.061162
0.040535 -0.066572 0.048344
0.066459 -0.058220 0.051704
0.046595 -0.065355 0.064279
-0.087646 0.072484 0.015699
0.048722 -0.027739 0.027797
0.039246 -0.059167 0.030712
0.087615 -0.028212 -0.001827
0.106203 -0.040479 0.016545
0.039246 -0.059167 0.030712
0.087615 -0.028212 -0.001827
0.049113 0.028087 0.027693
0.106203 -0.040479 0.016545
0.031546 -0.047255 0.039493
0.027829 -0.049403 0.065232
0.048722 -0.027739 0.027797
0.027829 -0.049403 0.065232
0.031546 -0.047255 0.039493
0.098620 0.018351 0.032201
0.066459 -0.058220 0.051704
0.106203 -0.040479 0.016545
0.000000 0.000000 0.119321
-0.103632 0.089757 0.000000
-0.103632 -0.089757 0.000000
0.000000 0.000000 0.119321
-0.025916 -0.134626 0.000000
0.129547 -0.044869 0.000000
0.000000 0.000000 0.119321
0.129547 0.044869 0.000000
-0.025916 0.134626 0.000000
-0.025916 0.134626 0.000000
0.129547 0.044869 0.000000
-0.103632 -0.089757 0.000000
-0.103632 0.089757 0.000000
-0.025916 -0.134626 0.000000
-0.025916 0.134626 0.000000
-0.103632 -0.089757 0.000000
0.129547 -0.044869 0.000000
-0.007042 -0.056803 0.025287
-0.005876 -0.036665 0.018833
0.002279 -0.063806 0.057869
0.002920 -0.055480 0.065266
-0.009045 -0.107363 0.032448
0.042604 -0.063853 0.051578
0.034270 0.012396 0.020255
0.054239 0.022250 0.026401
0.039053 -0.000429 0.020166
0.057776 -0.000077 0.039396
0.051733 -0.001143 0.072225
0.053179 -0.033728 0.034698
-0.033665 -0.053035 0.062950
0.057776 -0.000077 0.039396
0.053179 -0.033728 0.034698
0.039053 -0.000429 0.020166
0.034270 0.012396 0.020255
0.018663 0.032904 0.019235
0.042604 -0.063853 0.051578
-0.017856 -0.110090 0.015943
-0.045491 -0.034606 0.025888
-0.007042 -0.056803 0.025287
-0.033665 -0.053035 0.062950
0.039053 -0.000429 0.020166
0.053179 -0.033728 0.034698
0.054239 0.022250 0.026401
0.040754 -0.067409 0.044208
0.087415 -0.027967 -0.003919
0.113966 -0.024360 0.022131
0.052207 -0.000765 0.056848
0.043664 0.064080 0.071953
0.034524 0.068512 0.044184
0.068113 0.044309 0.004975
0.087415 -0.027967 -0.003919
0.052207 -0.000765 0.056848
0.040754 -0.067409 0.044208
-0.024326 -0.044347 0.051741
-0.009045 -0.107363 0.032448
0.002920 -0.055480 0.065266
-0.045763 0.034539 0.026414
-0.060703 -0.000787 0.056023
-0.045448 0.027636 0.072721
-0.028268 0.049095 0.039884
0.054239 0.022250 0.026401
0.018663 0.032904 0.019235
0.030943 0.056444 0.059865
-0.005890 0.090149 0.001171
0.030535 0.056969 0.034001
-0.000253 0.055092 0.027712
0.043664 0.064080 0.071953
0.106823 0.035116 0.005672
0.034524 0.068512 0.044184
-0.047798 0.024981 0.060679
-0.073631 0.005337 0.069628
-0.078506 -0.002010 0.046961
-0.071452 0.036289 0.005562
-0.076080 0.083738 0.022909
-0.079803 0.073238 0.003217
-0.078506 -0.002010 0.046961
0.018663 0.032904 0.019235
-0.076080 0.083738 0.022909
-0.018114 0.112775 0.017184
-0.045491 -0.034606 0.025888
-0.037697 -0.000066 0.019061
0.054239 0.022250 0.026401
-0.007042 -0.056803 0.025287
-0.045491 -0.034606 0.025888
-0.037697 -0.000066 0.019061
-0.000253 0.055092 0.027712
0.030535 0.056969 0.034001
-0.007583 0.068267 0.061083
0.052207 -0.000765 0.056848
0.040754 -0.067409 0.044208
0.113966 -0.024360 0.022131
-0.047798 0.024981 0.060679
-0.071452 0.036289 0.005562
0.030943 0.056444 0.059865
-0.045448 0.027636 0.072721
0.051733 -0.001143 0.072225
0.030943 0.056444 0.059865
-0.005876 -0.036665 0.018833
-0.073631 0.005337 0.069628
-0.076080 0.083738 0.022909
-0.078506 -0.002010 0.046961
-0.019700 0.035152 0.019070
-0.027892 0.023470 0.020355
0.024023 0.082278 0.037716
0.030535 0.056969 0.034001
-0.005890 0.090149 0.001171
-0.045763 0.034539 0.026414
-0.033665 -0.053035 0.062950
-0.045448 0.027636 0.072721
-0.021064 -0.091863 -0.001401
-0.009045 -0.107363 0.032448
-0.077859 -0.086134 0.021528
0.040710 0.064792 0.065170
0.024023 0.082278 0.037716
-0.018114 0.112775 0.017184
-0.007583 0.068267 0.061083
-0.077859 -0.086134 0.021528
-0.009045 -0.107363 0.032448
-0.024326 -0.044347 0.051741
-0.060703 -0.000787 0.056023
-0.047798 0.024981 0.060679
-0.021064 -0.091863 -0.001401
-0.072538 -0.045998 -0.000372
0.006228 -0.078066 0.006894
-0.017856 -0.110090 0.015943
-0.077859 -0.086134 0.021528
-0.072538 -0.045998 -0.000372
-0.021064 -0.091863 -0.001401
-0.048965 -0.026276 0.062943
-0.066183 -0.002544 0.033748
-0.028268 0.049095 0.039884
-0.045448 0.027636 0.072721
-0.072538 -0.045998 -0.000372
-0.024326 -0.044347 0.051741
0.006228 -0.078066 0.006894
-0.084833 -0.020900 0.038406
-0.066183 -0.002544 0.033748
-0.072538 -0.045998 -0.000372
0.043664 0.064080 0.071953
0.052207 -0.000765 0.056848
0.113966 -0.024360 0.022131
0.002920 -0.055480 0.065266
0.006228 -0.078066 0.006894
0.030943 0.056444 0.059865
-0.019700 0.035152 0.019070
-0.001056 0.060208 0.039123
0.018663 0.032904 0.019235
-0.027892 0.023470 0.020355
-0.045763 0.034539 0.026414
-0.019700 0.035152 0.019070
-0.074012 -0.006975 0.069106
-0.066183 -0.002544 0.033748
-0.071452 0.036289 0.005562
-0.033665 -0.053035 0.062950
-0.001056 0.060208 0.039123
0.087415 -0.027967 -0.003919
0.068113 0.044309 0.004975
0.002920 -0.055480 0.065266
-0.028268 0.049095 0.039884
-0.001056 0.060208 0.039123
-0.019700 0.035152 0.019070
0.068113 0.044309 0.004975
0.052207 -0.000765 0.056848
0.034524 0.068512 0.044184
-0.078506 -0.002010 0.046961
-0.045763 0.034539 0.026414
-0.021064 -0.091863 -0.001401
-0.005890 0.090149 0.001171
0.002279 -0.063806 0.057869
-0.048965 -0.026276 0.062943
-0.077859 -0.086134 0.021528
-0.024326 -0.044347 0.051741
-0.084833 -0.020900 0.038406
0.030535 0.056969 0.034001
0.040710 0.064792 0.065170
0.106823 0.035116 0.005672
0.043664 0.064080 0.071953
0.113966 -0.024360 0.022131
0.002279 -0.063806 0.057869
-0.007084 -0.056692 0.026052
0.002141 -0.040284 0.020698
0.001930 -0.063559 0.057694
-0.000547 -0.059898 0.063262
0.012559 -0.082586 0.051548
0.031313 -0.066745 0.069021
0.051906 0.029357 0.063253
0.056458 -0.000002 0.053192
0.087025 0.000036 0.040936
-0.007630 -0.091738 0.038764
-0.009075 -0.104172 0.030345
-0.027993 -0.048452 0.039818
0.038107 -0.068569 0.047893
-0.009075 -0.104172 0.030345
-0.017983 -0.109382 0.016213
0.003635 -0.094305 0.021784
0.038107 -0.068569 0.047893
-0.045188 -0.034257 0.026227
-0.007084 -0.056692 0.026052
-0.027993 -0.048452 0.039818
-0.019458 -0.033689 0.020577
-0.037835 0.000017 0.019481
0.012559 -0.082586 0.051548
-0.006351 -0.035942 0.020395
0.033785 -0.022535 0.020383
-0.007630 -0.091738 0.038764
0.051906 0.029357 0.063253
0.042077 0.060544 0.069073
0.027723 0.048890 0.064017
-0.049286 -0.028525 0.039688
0.028484 -0.048454 0.064023
-0.000547 -0.059898 0.063262
0.031313 -0.066745 0.069021
-0.000547 -0.059898 0.063262
-0.028229 -0.048881 0.053044
-0.043542 -0.075602 0.041233
-0.000504 0.055744 0.028548
0.028888 0.062553 0.033502
0.024761 0.049976 0.041371
0.064824 0.058192 0.049383
0.094110 0.044197 0.029514
0.041015 0.068212 0.047558
-0.005885 0.090133 0.001185
0.102890 0.032473 0.004144
-0.048694 0.028533 0.027623
-0.005885 0.090133 0.001185
-0.007880 0.069229 0.060194
0.024761 0.049976 0.041371
0.106747 0.022041 0.020992
0.108323 -0.032637 0.011880
-0.035038 -0.018215 0.021768
-0.060017 -0.000491 0.055467
-0.049286 -0.028525 0.039688
-0.035038 -0.018215 0.021768
-0.007084 -0.056692 0.026052
-0.045188 -0.034257 0.026227
-0.019458 -0.033689 0.020577
-0.000504 0.055744 0.028548
0.064824 0.058192 0.049383
0.083498 0.039356 0.038941
0.094110 0.044197 0.029514
-0.027985 0.048528 0.050402
-0.048694 0.028533 0.027623
0.051906 0.029357 0.063253
0.055003 0.047455 0.059274
0.039644 0.068016 0.063115
0.024761 0.049976 0.041371
0.028888 0.062553 0.033502
-0.006351 -0.035942 0.020395
-0.035038 -0.018215 0.021768
0.028550 0.048712 0.065030
0.024022 0.081894 0.037479
-0.005885 0.090133 0.001185
-0.049286 -0.028525 0.039688
-0.035038 -0.018215 0.021768
-0.029308 -0.049762 0.056348
-0.042412 -0.025121 0.070627
-0.024908 -0.103107 0.006495
-0.034301 -0.103681 0.021426
-0.073428 -0.082664 0.020164
0.041015 0.068212 0.047558
0.024022 0.081894 0.037479
-0.017743 0.110582 0.016975
-0.010251 0.091209 0.041298
-0.073428 -0.082664 0.020164
-0.033111 -0.093032 0.030408
-0.043542 -0.075602 0.041233
-0.060017 -0.000491 0.055467
-0.033111 -0.093032 0.030408
-0.034212 0.102878 0.021208
-0.010251 0.091209 0.041298
-0.017743 0.110582 0.016975
-0.027025 0.108488 0.013026
-0.034212 0.102878 0.021208
-0.017983 -0.109382 0.016213
-0.065030 0.066372 0.037570
0.083498 0.039356 0.038941
0.097139 0.017905 0.030339
-0.034301 -0.103681 0.021426
-0.009075 -0.104172 0.030345
-0.033111 -0.093032 0.030408
0.055003 0.047455 0.059274
0.001520 -0.084306 0.009740
-0.027025 0.108488 0.013026
-0.072405 0.081434 0.021052
0.087025 0.000036 0.040936
-0.007880 0.069229 0.060194
-0.027993 -0.048452 0.039818
-0.029308 -0.049762 0.056348
0.025643 -0.050877 0.039070
0.028484 -0.048454 0.064023
0.031313 -0.066745 0.069021
0.002141 -0.040284 0.020698
-0.000547 -0.059898 0.063262
-0.000040 -0.055643 0.028107
-0.028229 -0.048881 0.053044
-0.027937 -0.048388 0.022667
0.002141 -0.040284 0.020698
0.025643 -0.050877 0.039070
0.028484 -0.048454 0.064023
-0.024908 -0.103107 0.006495
-0.019835 -0.089430 0.000343
-0.027985 0.048528 0.050402
0.001930 -0.063559 0.057694
0.050012 -0.029561 0.056766
0.050409 -0.000804 0.071470
0.017121 0.074828 0.058735
-0.010251 0.091209 0.041298
-0.027937 -0.048388 0.022667
-0.000040 -0.055643 0.028107
-0.019835 -0.089430 0.000343
0.108323 -0.032637 0.011880
0.106747 0.022041 0.020992
0.107813 -0.022366 0.022733
0.017121 0.074828 0.058735
0.107813 -0.022366 0.022733
0.097139 0.017905 0.030339
0.087025 0.000036 0.040936
0.097139 0.017905 0.030339
0.039644 0.068016 0.063115
0.001520 -0.084306 0.009740
-0.051566 -0.030383 0.063240
-0.056278 0.000465 0.064410
-0.078254 0.000521 0.062294
-0.074423 -0.010285 0.066596
-0.051566 -0.030383 0.063240
-0.056278 0.000465 0.064410
-0.074423 -0.010285 0.066596
-0.074752 -0.050124 0.004474
-0.087099 -0.070872 0.016764
-0.083056 -0.020146 0.037476
-0.073428 -0.082664 0.020164
-0.087099 -0.070872 0.016764
0.102890 0.032473 0.004144
-0.051566 -0.030383 0.063240
-0.073439 -0.022597 0.058802
-0.042412 -0.025121 0.070627
0.001930 -0.063559 0.057694
0.050409 -0.000804 0.071470
-0.078254 0.000521 0.062294
-0.083056 -0.020146 0.037476
0.106747 0.022041 0.020992
0.094110 0.044197 0.029514
0.097139 0.017905 0.030339
-0.073439 -0.022597 0.058802
-0.029308 -0.049762 0.056348
-0.027025 0.108488 0.013026
-0.005885 0.090133 0.001185
-0.017743 0.110582 0.016975
0.028550 0.048712 0.065030
-0.073861 -0.054470 0.041460
-0.073861 -0.054470 0.041460
0.072181 0.043887 0.007782
-0.043542 -0.075602 0.041233
-0.048694 0.028533 0.027623
-0.056848 0.003196 0.039107
0.031203 0.047628 0.039112
0.072181 0.043887 0.007782
-0.045177 0.033974 0.026485
-0.049605 0.028727 0.039953
-0.028254 0.048977 0.039998
-0.074054 0.040608 0.007686
-0.079360 0.072976 0.003218
-0.074054 0.040608 0.007686
-0.056200 -0.000435 0.064024
-0.056848 0.003196 0.039107
-0.051481 0.030357 0.063206
0.027723 0.048890 0.064017
-0.011334 0.057891 0.021260
-0.045177 0.033974 0.026485
-0.028254 0.048977 0.039998
0.042077 0.060544 0.069073
0.051906 0.029357 0.063253
0.048871 0.027899 0.027671
0.056458 -0.000002 0.053192
-0.019384 0.033441 0.020730
0.018882 0.032764 0.019482
0.027723 0.048890 0.064017
0.087770 -0.028257 -0.001673
-0.027972 0.023470 0.020363
-0.000787 0.058272 0.040596
-0.056200 -0.000435 0.064024
-0.073508 0.006218 0.069104
-0.079633 0.001368 0.047590
0.001650 0.039249 0.021861
0.030040 0.051838 0.055540
-0.056848 0.003196 0.039107
0.087770 -0.028257 -0.001673
0.048871 0.027899 0.027671
0.072181 0.043887 0.007782
-0.000787 0.058272 0.040596
0.001650 0.039249 0.021861
-0.073428 -0.082664 0.020164
0.072181 0.043887 0.007782
0.051630 0.020377 0.038017
0.033745 0.019566 0.020743
0.050285 0.029248 0.055457
-0.073428 -0.082664 0.020164
-0.073861 -0.054470 0.041460
-0.087099 -0.070872 0.016764
0.053434 -0.030096 0.064554
-0.087099 -0.070872 0.016764
-0.045177 0.033974 0.026485
-0.011334 0.057891 0.021260
-0.019384 0.033441 0.020730
-0.072405 0.081434 0.021052
-0.085315 0.059373 0.029514
-0.065030 0.066372 0.037570
0.027716 -0.048963 0.064380
0.046370 -0.059406 0.066692
0.053434 -0.030096 0.064554
-0.045177 0.033974 0.026485
-0.033034 0.019125 0.021081
-0.049605 0.028727 0.039953
0.038646 -0.068007 0.062305
-0.078254 0.000521 0.062294
-0.068625 -0.006287 0.033346
-0.027972 0.023470 0.020363
0.001650 0.039249 0.021861
-0.000787 0.058272 0.040596
-0.000787 0.058272 0.040596
-0.043343 0.026167 0.067346
0.000242 0.049847 0.068210
-0.079360 0.072976 0.003218
-0.085315 0.059373 0.029514
-0.068625 -0.006287 0.033346
-0.074752 -0.050124 0.004474
-0.056776 -0.003666 0.039484
-0.048170 -0.027857 0.028106
-0.051566 -0.030383 0.063240
0.039966 -0.057759 0.031701
0.108323 -0.032637 0.011880
0.060502 -0.062577 0.038592
0.085557 -0.050767 0.030503
-0.056776 -0.003666 0.039484
-0.028254 0.048977 0.039998
-0.056278 0.000465 0.064410
-0.067559 -0.062042 0.000323
-0.019835 -0.089430 0.000343
-0.067559 -0.062042 0.000323
-0.043343 0.026167 0.067346
0.060502 -0.062577 0.038592
0.085557 -0.050767 0.030503
-0.048170 -0.027857 0.028106
-0.074752 -0.050124 0.004474
-0.075806 0.052596 0.038890
-0.074752 -0.050124 0.004474
-0.068625 -0.006287 0.033346
-0.068600 0.023907 0.059276
-0.051481 0.030357 0.063206
-0.033034 0.019125 0.021081
0.038646 -0.068007 0.062305
-0.033034 0.019125 0.021081
-0.082630 0.027060 0.049367
-0.075806 0.052596 0.038890
-0.073508 0.006218 0.069104
-0.079633 0.001368 0.047590
-0.043343 0.026167 0.067346
0.050285 0.029248 0.055457
-0.068600 0.023907 0.059276
0.053434 -0.030096 0.064554
0.057616 0.000075 0.039665
0.038659 0.000039 0.021116
0.034314 0.012490 0.020360
0.087025 0.000036 0.040936
-0.072405 0.081434 0.021052
0.033745 0.019566 0.020743
0.052921 0.022219 0.025934
0.034314 0.012490 0.020360
-0.085315 0.059373 0.029514
-0.082630 0.027060 0.049367
-0.051481 0.030357 0.063206
-0.073508 0.006218 0.069104
-0.056200 -0.000435 0.064024
0.033745 0.019566 0.020743
0.049950 -0.030161 0.038671
0.050012 -0.029561 0.056766
0.050012 -0.029561 0.056766
-0.043343 0.026167 0.067346
0.048622 -0.027655 0.027741
0.031556 -0.047333 0.039481
0.048871 0.027899 0.027671
0.051630 0.020377 0.038017
0.057616 0.000075 0.039665
0.087770 -0.028257 -0.001673
0.053434 -0.030096 0.064554
0.031556 -0.047333 0.039481
0.027716 -0.048963 0.064380
0.048622 -0.027655 0.027741
0.052656 -0.021844 0.026111
0.052921 0.022219 0.025934
0.057616 0.000075 0.039665
0.049950 -0.030161 0.038671
0.038646 -0.068007 0.062305
0.031556 -0.047333 0.039481
0.051630 0.020377 0.038017
0.033785 -0.022535 0.020383
0.027716 -0.048963 0.064380
0.052656 -0.021844 0.026111
0.049950 -0.030161 0.038671
0.033785 -0.022535 0.020383
0.033785 -0.022535 0.020383
0.052921 0.022219 0.025934
0.033745 0.019566 0.020743
0.051630 0.020377 0.038017
-0.008046 -0.054716 0.038399
0.002168 -0.039866 0.021021
-0.000002 -0.056786 0.039578
-0.027981 -0.048469 0.039814
-0.049200 -0.028399 0.039534
-0.043142 -0.034454 0.038115
0.048488 0.027959 0.055292
0.055856 -0.000000 0.050499
0.066365 0.000000 0.057300
0.053129 0.030185 0.062494
-0.008046 -0.054716 0.038399
-0.027981 -0.048469 0.039814
-0.043954 -0.033438 0.027122
-0.043142 -0.034454 0.038115
-0.043189 -0.030599 0.036236
0.027742 0.048930 0.063833
0.042713 0.042194 0.069072
0.042362 0.059955 0.068611
0.038419 0.066309 0.061929
-0.043954 -0.033438 0.027122
-0.006933 -0.054643 0.027184
-0.027981 -0.048469 0.039814
-0.019258 -0.033261 0.020869
-0.036624 -0.000014 0.020034
0.038419 0.066309 0.061929
0.042371 0.067935 0.060359
0.040526 0.066142 0.048022
0.033432 -0.021789 0.020955
0.042371 0.067935 0.060359
0.053129 0.030185 0.062494
-0.043142 -0.034454 0.038115
0.042713 0.042194 0.069072
0.027742 0.048930 0.063833
0.058055 0.060164 0.037099
0.084738 0.050066 0.029764
0.079765 0.050083 0.021824
0.103607 0.038836 0.016452
0.093729 0.042707 0.011952
-0.008046 -0.054716 0.038399
0.100656 0.029850 0.007044
0.105888 0.030104 0.015139
0.107372 -0.000041 0.013458
-0.035031 -0.018216 0.021771
-0.056813 -0.000001 0.039511
-0.011048 -0.058748 0.021953
-0.044923 -0.038778 0.021517
-0.019258 -0.033261 0.020869
-0.006933 -0.054643 0.027184
0.002168 -0.039866 0.021021
0.083450 0.039355 0.038890
0.092975 0.043192 0.029190
-0.008046 -0.054716 0.038399
-0.035031 -0.018216 0.021771
0.053129 0.030185 0.062494
0.054986 0.047458 0.059262
0.082801 0.035807 0.040165
0.083450 0.039355 0.038890
0.064890 0.043456 0.052648
-0.006351 -0.035942 0.020395
0.083450 0.039355 0.038890
0.054986 0.047458 0.059262
0.084738 0.050066 0.029764
0.064826 0.058135 0.049356
-0.035031 -0.018216 0.021771
-0.049202 -0.028407 0.056020
-0.023819 -0.041254 0.068039
-0.041249 -0.023812 0.068049
-0.028407 -0.049202 0.056020
-0.056813 0.000000 0.056020
-0.036162 -0.020912 0.064285
-0.041916 0.000001 0.064469
-0.020864 -0.036152 0.064297
0.103607 0.038836 0.016452
0.064890 0.043456 0.052648
0.082801 0.035807 0.040165
0.090068 0.023114 0.037817
-0.036162 -0.020912 0.064285
-0.020864 -0.036152 0.064297
-0.041916 0.000001 0.064469
0.066365 0.000000 0.057300
-0.049202 -0.028407 0.056020
-0.028407 -0.049202 0.056020
-0.056813 0.000000 0.056020
0.028413 -0.049213 0.039486
0.002168 -0.039866 0.021021
-0.043189 -0.030599 0.036236
-0.044923 -0.038778 0.021517
0.000000 -0.056813 0.056020
0.000002 -0.047572 0.068127
0.028407 -0.049202 0.056020
0.023791 -0.041207 0.068081
0.105888 0.030104 0.015139
0.105987 0.021780 0.020949
0.107372 -0.000041 0.013458
0.106125 -0.021813 0.021074
0.099578 -0.018073 0.027401
0.096908 0.017839 0.030080
0.097009 0.000000 0.029969
0.096908 0.017839 0.030080
0.099578 -0.018073 0.027401
0.099280 0.038826 0.031570
0.020961 -0.036308 0.064508
-0.000019 -0.041778 0.064334
0.096908 0.017839 0.030080
0.097009 0.000000 0.029969
-0.000019 -0.041778 0.064334
0.020961 -0.036308 0.064508
0.105987 0.021780 0.020949
0.099280 0.038826 0.031570
0.090068 0.023114 0.037817
0.000000 -0.056813 0.056020
-0.028407 -0.049202 0.056020
0.028407 -0.049202 0.056020
-0.028000 0.048493 0.039787
-0.000121 0.056550 0.039689
-0.008462 0.054194 0.038327
0.080113 0.039252 0.004925
0.072610 0.042611 0.010975
0.039867 0.055971 0.033426
0.057916 0.049022 0.021270
-0.042763 0.034446 0.038319
-0.048934 0.028384 0.039643
-0.007168 0.054412 0.027340
-0.008462 0.054194 0.038327
-0.000121 0.056550 0.039689
0.039867 0.055971 0.033426
0.031589 0.047359 0.039494
0.027742 0.048930 0.063833
-0.007168 0.054412 0.027340
-0.043471 0.033355 0.027322
-0.028000 0.048493 0.039787
0.048488 0.027959 0.055292
0.048486 0.027961 0.028015
0.055856 -0.000000 0.050499
0.055874 0.000000 0.022667
0.031589 0.047359 0.039494
-0.019151 0.033357 0.020844
0.018302 0.031729 0.020032
0.087378 0.027457 0.000484
-0.027972 0.023470 0.020363
-0.008462 0.054194 0.038327
-0.042763 0.034446 0.038319
0.001650 0.039266 0.021865
0.028406 0.049203 0.039511
0.055874 0.000000 0.022667
0.048486 0.027961 0.028015
0.087378 0.027457 0.000484
0.080113 0.039252 0.004925
0.001650 0.039266 0.021865
0.072610 0.042611 0.010975
0.057916 0.049022 0.021270
0.031589 0.047359 0.039494
0.039867 0.055971 0.033426
0.048132 0.022083 0.036083
0.033043 0.019009 0.021109
0.049183 0.028421 0.039507
0.049191 -0.028394 0.039557
0.048032 -0.021970 0.036467
0.051374 -0.020143 0.038111
0.048489 -0.027961 0.055294
0.053114 -0.030160 0.062460
-0.045391 0.038938 0.021916
-0.019151 0.033357 0.020844
-0.043471 0.033355 0.027322
-0.033034 0.019125 0.021081
0.027744 -0.049024 0.064105
0.046077 -0.059291 0.066240
0.042638 -0.042254 0.069181
-0.048934 0.028384 0.039643
0.038871 -0.067466 0.062510
0.001650 0.039266 0.021865
-0.027972 0.023470 0.020363
0.001650 0.039266 0.021865
-0.000000 0.056813 0.056020
-0.023829 0.041273 0.068011
0.000002 0.047572 0.068127
0.053114 -0.030160 0.062460
0.027744 -0.049024 0.064105
0.042638 -0.042254 0.069181
0.063356 -0.060441 0.045601
0.040517 -0.066124 0.047995
0.038871 -0.067466 0.062510
0.079763 -0.050082 0.021822
0.085172 -0.050511 0.030251
0.093739 -0.042660 0.011938
0.103704 -0.038793 0.016546
0.106983 -0.030751 0.013406
0.103704 -0.038793 0.016546
-0.028407 0.049202 0.056020
0.028407 0.049202 0.056020
0.023778 0.041184 0.068115
-0.000019 0.041779 0.064339
0.020955 0.036301 0.064524
-0.020868 0.036160 0.064235
-0.000019 0.041779 0.064339
-0.020868 0.036160 0.064235
0.063356 -0.060441 0.045601
0.085172 -0.050511 0.030251
0.083336 -0.036175 0.040761
0.020955 0.036301 0.064524
0.053114 -0.030160 0.062460
0.055934 -0.051702 0.058639
-0.000000 0.056813 0.056020
-0.028407 0.049202 0.056020
0.064890 -0.043456 0.052648
0.055934 -0.051702 0.058639
0.083336 -0.036175 0.040761
0.028407 0.049202 0.056020
-0.033034 0.019125 0.021081
-0.033034 0.019125 0.021081
0.051365 0.020137 0.038145
0.038871 -0.067466 0.062510
-0.045391 0.038938 0.021916
-0.011099 0.058373 0.021486
-0.042763 0.034446 0.038319
-0.049202 0.028407 0.056020
0.083336 -0.036175 0.040761
-0.036157 0.020913 0.064343
0.055934 -0.051702 0.058639
0.064890 -0.043456 0.052648
-0.036157 0.020913 0.064343
-0.049202 0.028407 0.056020
-0.028407 0.049202 0.056020
0.056813 0.000000 0.039513
0.051536 -0.021343 0.026931
0.051374 -0.020143 0.038111
0.048032 -0.021970 0.036467
0.051536 -0.021343 0.026931
0.051503 0.021387 0.026861
0.056813 0.000000 0.039513
0.036257 -0.013380 0.020491
0.034314 0.012490 0.020360
0.106983 -0.030751 0.013406
0.051374 -0.020143 0.038111
0.096913 -0.017837 0.030073
0.033432 -0.021789 0.020955
0.103704 -0.038793 0.016546
0.098740 -0.038502 0.031052
0.096913 -0.017837 0.030073
0.056370 0.019815 0.021932
0.055974 -0.019513 0.021544
0.038256 0.000001 0.021490
0.051503 0.021387 0.026861
0.033043 0.019009 0.021109
0.048132 0.022083 0.036083
0.038256 0.000001 0.021490
0.033432 -0.021789 0.020955
0.106125 -0.021813 0.021074
0.090032 -0.023109 0.037791
0.098740 -0.038502 0.031052
0.034314 0.012490 0.020360
0.033432 -0.021789 0.020955
0.049202 -0.028407 0.056020
0.047555 0.000001 0.068156
0.041228 -0.023805 0.068081
0.056813 0.000000 0.056020
0.072610 -0.042611 0.010975
0.080306 -0.039412 0.004679
0.039867 -0.055972 0.033427
0.057916 -0.049022 0.021270
0.027744 -0.049024 0.064105
0.031588 -0.047352 0.039476
0.036178 -0.020868 0.064296
0.048486 -0.027961 0.028015
0.048489 -0.027961 0.055294
0.031588 -0.047352 0.039476
0.041738 -0.000009 0.064353
0.027744 -0.049024 0.064105
0.087516 -0.027492 0.000314
0.080306 -0.039412 0.004679
0.036178 -0.020868 0.064296
0.041738 -0.000009 0.064353
0.087378 0.027457 0.000484
0.087516 -0.027492 0.000314
0.048486 -0.027961 0.028015
0.080306 -0.039412 0.004679
0.072610 -0.042611 0.010975
0.057916 -0.049022 0.021270
0.031588 -0.047352 0.039476
0.039867 -0.055972 0.033427
0.049202 -0.028407 0.056020
0.056813 0.000000 0.056020
-0.048457 0.028012 0.055290
-0.027937 0.048388 0.049936
-0.031249 0.054124 0.057564
-0.052709 0.030924 0.062510
-0.056245 -0.000437 0.063840
-0.057895 0.015891 0.069068
-0.073151 0.006750 0.068648
-0.076635 0.000118 0.061929
-0.076635 0.000118 0.061929
-0.080018 0.002724 0.060358
-0.077555 0.001989 0.048011
0.033043 0.019009 0.021109
-0.080018 0.002724 0.060358
-0.052709 0.030924 0.062510
-0.057895 0.015891 0.069068
-0.056245 -0.000437 0.063840
-0.081123 0.020196 0.037098
-0.085723 0.048351 0.029763
-0.083256 0.044037 0.021824
-0.085403 0.070305 0.016456
-0.083862 0.059820 0.011940
-0.076142 0.072242 0.007087
-0.079055 0.076687 0.015164
-0.053570 0.092857 0.013646
0.056370 0.019815 0.021932
0.055974 -0.019513 0.021544
0.051365 0.020137 0.038145
-0.075805 0.052591 0.038889
-0.083916 0.058928 0.029190
0.049202 0.028407 0.056020
-0.052709 0.030924 0.062510
-0.068592 0.023889 0.059260
-0.072410 0.053805 0.040165
-0.075805 0.052591 0.038889
-0.070079 0.034469 0.052649
-0.075805 0.052591 0.038889
-0.068592 0.023889 0.059260
-0.085723 0.048351 0.029763
-0.082581 0.027085 0.049337
0.036190 0.020860 0.064281
0.036190 0.020860 0.064281
0.049202 0.028407 0.056020
0.056813 0.000000 0.056020
-0.085403 0.070305 0.016456
-0.072410 0.053805 0.040165
-0.065064 0.066397 0.037827
-0.068592 0.023889 0.059260
-0.071413 -0.025646 0.021270
-0.068406 -0.006552 0.033434
-0.056803 -0.003680 0.039476
-0.070079 0.034469 0.052649
-0.048458 -0.028010 0.028015
-0.031249 0.054124 0.057564
-0.073207 -0.041577 0.010975
-0.074241 -0.049834 0.004751
-0.067559 -0.062042 0.000323
-0.027937 -0.048388 0.022667
-0.019913 -0.089401 0.000483
-0.080369 -0.077443 0.013080
-0.083806 -0.059841 0.011951
-0.074241 -0.049834 0.004751
-0.067559 -0.062042 0.000323
-0.053631 -0.092815 0.013640
-0.019913 -0.089401 0.000483
-0.048459 -0.028012 0.055292
-0.056803 -0.003680 0.039476
-0.056332 0.000480 0.064122
-0.048458 -0.028010 0.028015
-0.027931 -0.048378 0.050359
-0.027937 -0.048388 0.022667
-0.079055 0.076687 0.015164
-0.071890 0.080932 0.020979
-0.053570 0.092857 0.013646
-0.077876 0.000073 0.062514
-0.077534 -0.001990 0.047983
-0.056803 -0.003680 0.039476
-0.068406 -0.006552 0.033434
-0.034137 0.095274 0.027401
-0.063902 0.075004 0.030079
-0.048504 0.084012 0.029969
-0.063902 0.075004 0.030079
-0.034137 0.095274 0.027401
-0.083222 0.066522 0.031539
-0.083254 -0.044036 0.021822
-0.071413 -0.025646 0.021270
-0.073207 -0.041577 0.010975
-0.085403 0.070305 0.016456
-0.074241 -0.049834 0.004751
-0.071890 0.080932 0.020979
-0.083222 0.066522 0.031539
-0.065064 0.066397 0.037827
-0.086232 -0.048479 0.030170
-0.082706 -0.066247 0.031052
-0.065025 -0.066409 0.037788
-0.071981 -0.080956 0.021054
-0.065025 -0.066409 0.037788
-0.082706 -0.066247 0.031052
-0.085422 -0.070407 0.016552
-0.071981 -0.080956 0.021054
-0.080369 -0.077443 0.013080
-0.063904 -0.075011 0.030073
-0.048504 -0.084012 0.029969
-0.074034 0.049763 0.004964
-0.073207 0.041577 0.010975
-0.068405 0.006552 0.033433
-0.071413 0.025646 0.021270
-0.068405 0.006552 0.033433
-0.056808 0.003677 0.039494
-0.056245 -0.000437 0.063840
-0.048457 0.028012 0.055290
-0.048458 0.028010 0.028015
-0.027937 0.048388 0.049936
-0.027937 0.048388 0.022667
-0.056808 0.003677 0.039494
-0.056245 -0.000437 0.063840
-0.067468 0.061942 0.000483
-0.048504 -0.084012 0.029969
-0.063904 -0.075011 0.030073
-0.065441 -0.077203 0.027402
-0.053631 -0.092815 0.013640
-0.027937 0.048388 0.022667
-0.048458 0.028010 0.028015
-0.074034 0.049763 0.004964
-0.073207 0.041577 0.010975
-0.071413 0.025646 0.021270
-0.056808 0.003677 0.039494
-0.068405 0.006552 0.033433
-0.033197 -0.057500 0.056918
-0.070079 -0.034469 0.052648
-0.000030 0.055973 0.055293
-0.000439 0.061084 0.062474
-0.073000 -0.054084 0.040763
0.028590 0.048542 0.064118
0.028311 0.069548 0.066231
0.015272 0.058053 0.069181
0.038965 0.067365 0.062489
-0.052681 -0.030923 0.062478
-0.072747 -0.022591 0.058643
-0.072747 -0.022591 0.058643
-0.084116 -0.024679 0.045669
-0.000439 0.061084 0.062474
0.028590 0.048542 0.064118
0.015272 0.058053 0.069181
0.020700 0.085247 0.045713
0.037005 0.068152 0.047996
0.038965 0.067365 0.062489
0.001121 0.098877 0.030137
-0.009930 0.102491 0.011958
-0.018252 0.109189 0.016549
-0.026863 0.107963 0.013473
-0.074463 -0.010274 0.066383
-0.077876 0.000073 0.062514
-0.070079 -0.034469 0.052648
-0.072747 -0.022591 0.058643
-0.073000 -0.054084 0.040763
0.020700 0.085247 0.045713
0.001121 0.098877 0.030137
-0.010337 0.090269 0.040770
-0.085422 -0.070407 0.016552
-0.085422 -0.070407 0.016552
-0.086232 -0.048479 0.030170
-0.000439 0.061084 0.062474
0.016806 0.074283 0.058634
-0.084116 -0.024679 0.045669
0.005188 0.077925 0.052649
0.016806 0.074283 0.058634
-0.010337 0.090269 0.040770
-0.056332 0.000480 0.064122
-0.052681 -0.030923 0.062478
-0.048459 -0.028012 0.055292
-0.057907 -0.015798 0.069170
-0.057907 -0.015798 0.069170
-0.052681 -0.030923 0.062478
0.038965 0.067365 0.062489
-0.056332 0.000480 0.064122
-0.077876 0.000073 0.062514
-0.033197 -0.057500 0.056918
-0.027931 -0.048378 0.050359
0.013497 -0.074668 0.021270
0.025218 -0.051037 0.039496
0.028530 -0.062516 0.033432
-0.000028 -0.055971 0.028015
0.005188 0.077925 0.052649
-0.025003 0.089524 0.037791
-0.010337 0.090269 0.040770
-0.006049 -0.089015 0.004890
0.016806 0.074283 0.058634
-0.024479 -0.102087 0.007050
-0.006049 -0.089015 0.004890
-0.009886 -0.102503 0.011973
0.028508 -0.048492 0.063841
0.025218 -0.051037 0.039496
-0.000028 -0.055971 0.028015
0.028508 -0.048492 0.063841
0.038217 -0.066426 0.061929
0.037016 -0.068168 0.048023
0.025218 -0.051037 0.039496
0.028530 -0.062516 0.033432
0.013497 -0.074668 0.021270
0.003491 -0.094121 0.021825
0.000597 -0.084188 0.010975
0.023053 -0.080338 0.037104
0.028530 -0.062516 0.033432
-0.026863 0.107963 0.013473
-0.034174 0.102814 0.021069
-0.033009 0.092848 0.030073
-0.018252 0.109189 0.016549
-0.016010 0.104747 0.031047
-0.033009 0.092848 0.030073
-0.034213 -0.103433 0.021463
-0.009237 -0.103734 0.030316
-0.025010 -0.089530 0.037814
-0.026846 -0.106660 0.015113
-0.009237 -0.103734 0.030316
-0.034213 -0.103433 0.021463
-0.018180 -0.109128 0.016463
-0.033001 -0.092809 0.030056
-0.025010 -0.089530 0.037814
-0.034174 0.102814 0.021069
-0.025003 0.089524 0.037791
-0.016010 0.104747 0.031047
-0.033001 -0.092809 0.030056
-0.033001 -0.092809 0.030056
0.000597 0.084188 0.010975
-0.006009 0.089262 0.004644
0.028530 0.062516 0.033434
0.013497 0.074668 0.021270
0.028590 0.048542 0.064118
0.025212 0.051034 0.039477
-0.000028 0.055971 0.028015
-0.000030 0.055973 0.055293
0.025212 0.051034 0.039477
0.028590 0.048542 0.064118
-0.019949 0.089539 0.000313
-0.006009 0.089262 0.004644
0.005189 -0.077924 0.052648
-0.067468 0.061942 0.000483
-0.019949 0.089539 0.000313
-0.000028 0.055971 0.028015
-0.010391 -0.089612 0.040166
0.000597 0.084188 0.010975
0.013497 0.074668 0.021270
0.025212 0.051034 0.039477
0.028530 0.062516 0.033434
-0.000030 -0.055971 0.055291
-0.000426 -0.061108 0.062507
0.028508 -0.048492 0.063841
0.015184 -0.058087 0.069072
0.030742 -0.066668 0.068614
0.038217 -0.066426 0.061929
0.013606 -0.071359 0.059269
0.013606 -0.071359 0.059269
-0.007618 -0.091714 0.038728
0.037652 -0.070681 0.060370
0.037652 -0.070681 0.060370
0.015184 -0.058087 0.069072
0.028508 -0.048492 0.063841
0.000990 -0.098378 0.029739
-0.018180 -0.109128 0.016463
-0.026846 -0.106660 0.015113
0.000990 -0.098378 0.029739
-0.018180 -0.109128 0.016463
0.017807 -0.084890 0.049251
-0.007618 -0.091714 0.038728
0.013606 -0.071359 0.059269
0.005189 -0.077924 0.052648
-0.010391 -0.089612 0.040166
-0.007618 -0.091714 0.038728
0.028347 0.048855 0.063523
0.048486 0.027961 0.055283
0.062490 0.000000 0.057557
0.055874 0.000000 0.049936
0.043195 0.042236 0.068935
0.035620 0.048825 0.068935
0.044869 0.038692 0.065555
0.035620 0.048825 0.068935
0.043195 0.042236 0.068935
0.043322 0.060231 0.068935
0.038467 0.066256 0.061948
0.028347 0.048855 0.063523
0.042038 0.067587 0.060135
0.046586 0.063702 0.061651
0.042038 0.067587 0.060135
0.037590 0.064664 0.050511
0.038467 0.066256 0.061948
0.041241 0.065356 0.048308
0.044869 0.038692 0.065555
0.045458 0.058493 0.064455
0.057916 0.059885 0.037067
0.079762 0.050077 0.021824
0.084688 0.049990 0.029758
0.098393 0.042432 0.020014
0.103248 0.038318 0.016510
0.106161 0.000000 0.014794
0.105677 0.030034 0.015042
0.084328 0.015025 0.039574
0.078918 0.000000 0.044165
0.084799 0.000000 0.039571
0.064763 0.048182 0.051743
0.083326 0.039298 0.038740
0.053194 0.030182 0.062684
0.055007 0.047474 0.059279
0.083326 0.039298 0.038740
0.064763 0.048182 0.051743
0.064896 0.043461 0.052643
0.082801 0.035807 0.040165
0.055007 0.047474 0.059279
0.086036 0.046915 0.033803
0.064222 0.056912 0.049209
0.084688 0.049990 0.029758
0.092957 0.043337 0.029186
0.093072 0.037851 0.031321
0.098393 0.042432 0.020014
0.065388 0.029804 0.054908
0.064896 0.043461 0.052643
0.087376 0.021408 0.038668
0.086199 0.018371 0.039800
0.086819 0.000000 0.039959
0.055473 0.051445 0.058128
0.062490 0.000000 0.057557
0.073503 0.029348 0.049012
0.078720 0.000000 0.045972
0.073858 0.000000 0.049582
0.071924 0.025650 0.048547
0.066143 0.000000 0.053394
0.066043 0.025650 0.053000
0.106161 0.000000 0.014794
0.105245 0.021752 0.020486
0.105677 0.030034 0.015042
0.096913 0.017837 0.030073
0.099949 0.000000 0.027087
0.099577 0.018074 0.027401
0.101796 0.022746 0.025222
0.099577 0.018074 0.027401
0.099949 0.000000 0.027087
0.097665 0.038514 0.030789
0.096913 0.017837 0.030073
0.104668 0.025548 0.025938
0.097009 0.000000 0.029969
0.103265 0.034168 0.026881
0.103248 0.038318 0.016510
0.104668 0.025548 0.025938
0.103265 0.034168 0.026881
0.090510 0.022929 0.038923
0.097665 0.038514 0.030789
0.090510 0.022929 0.038923
0.080086 0.038821 0.005817
0.072610 0.042611 0.010975
0.040063 0.055840 0.033580
0.057916 0.049022 0.021270
0.037340 0.055291 0.035457
0.028347 0.048855 0.059809
0.031624 0.047344 0.039541
0.028347 0.048855 0.063523
0.048486 0.027961 0.055283
0.048486 0.027961 0.028015
0.055874 0.000000 0.049936
0.055874 0.000000 0.022667
0.031624 0.047344 0.039541
0.028347 0.048855 0.059809
0.028347 0.048855 0.063523
0.087259 0.027382 0.000821
0.087724 0.000000 0.000577
0.084826 0.035181 0.002484
0.031624 0.047344 0.039541
0.057916 0.049022 0.021270
0.048486 0.027961 0.028015
0.080086 0.038821 0.005817
0.087259 0.027382 0.000821
0.055874 0.000000 0.022667
0.040063 0.055840 0.033580
0.072610 0.042611 0.010975
0.084826 0.035181 0.002484
0.087724 0.000000 0.000577
0.028347 -0.048855 0.063523
0.048486 -0.027961 0.055283
0.053194 -0.030182 0.062684
0.043195 -0.042236 0.068935
0.035620 -0.048825 0.068935
0.044869 -0.038692 0.065555
0.035620 -0.048825 0.068935
0.043322 -0.060231 0.068935
0.043195 -0.042236 0.068935
0.028347 -0.048855 0.063523
0.038467 -0.066256 0.061948
0.042038 -0.067587 0.060135
0.046586 -0.063702 0.061651
0.042038 -0.067587 0.060135
0.037590 -0.064664 0.050511
0.041241 -0.065356 0.048308
0.038467 -0.066256 0.061948
0.045458 -0.058493 0.064455
0.044869 -0.038692 0.065555
0.062874 -0.059986 0.045165
0.057916 -0.059885 0.037067
0.084688 -0.049990 0.029758
0.079762 -0.050077 0.021824
0.098393 -0.042432 0.020014
0.103248 -0.038318 0.016510
0.098290 -0.037879 0.008829
0.105677 -0.030034 0.015042
0.084328 -0.015025 0.039574
0.078848 -0.015025 0.044244
0.064763 -0.048182 0.051743
0.083326 -0.039298 0.038740
0.053194 -0.030182 0.062684
0.055007 -0.047474 0.059279
0.064763 -0.048182 0.051743
0.083326 -0.039298 0.038740
0.064896 -0.043461 0.052643
0.082801 -0.035807 0.040165
0.055007 -0.047474 0.059279
0.055473 -0.051445 0.058128
0.086036 -0.046915 0.033803
0.062874 -0.059986 0.045165
0.084688 -0.049990 0.029758
0.064222 -0.056912 0.049209
0.092957 -0.043337 0.029186
0.093072 -0.037851 0.031321
0.098393 -0.042432 0.020014
0.065388 -0.029804 0.054908
0.064896 -0.043461 0.052643
0.087376 -0.021408 0.038668
0.082801 -0.035807 0.040165
0.086199 -0.018371 0.039800
0.073503 -0.029348 0.049012
0.078650 -0.018371 0.046051
0.071924 -0.025650 0.048547
0.066043 -0.025650 0.053000
0.105245 -0.021752 0.020486
0.105677 -0.030034 0.015042
0.099577 -0.018074 0.027401
0.099577 -0.018074 0.027401
0.097665 -0.038514 0.030789
0.096913 -0.017837 0.030073
0.104668 -0.025548 0.025938
0.103265 -0.034168 0.026881
0.103248 -0.038318 0.016510
0.104668 -0.025548 0.025938
0.090510 -0.022929 0.038923
0.103265 -0.034168 0.026881
0.097665 -0.038514 0.030789
0.090510 -0.022929 0.038923
0.080086 -0.038821 0.005817
0.072610 -0.042611 0.010975
0.040063 -0.055840 0.033580
0.057916 -0.049022 0.021270
0.037340 -0.055291 0.035457
0.028347 -0.048855 0.059809
0.031624 -0.047344 0.039541
0.028347 -0.048855 0.063523
0.048486 -0.027961 0.055283
0.048486 -0.027961 0.028015
0.028347 -0.048855 0.059809
0.028347 -0.048855 0.063523
0.031624 -0.047344 0.039541
0.087259 -0.027382 0.000821
0.084826 -0.035181 0.002484
0.048486 -0.027961 0.028015
0.057916 -0.049022 0.021270
0.031624 -0.047344 0.039541
0.087259 -0.027382 0.000821
0.072610 -0.042611 0.010975
0.080086 -0.038821 0.005817
0.084826 -0.035181 0.002484
0.040063 -0.055840 0.033580
0.037340 -0.055291 0.035457
-0.056483 0.000122 0.063523
-0.048458 0.028010 0.055283
-0.027937 0.048388 0.049936
-0.031245 0.054118 0.057557
-0.052736 0.030976 0.062684
-0.058175 0.016290 0.068935
-0.060093 0.006436 0.068935
-0.055943 0.019511 0.065555
-0.060093 0.006436 0.068935
-0.058175 0.016290 0.068935
-0.073823 0.007403 0.068935
-0.076613 0.000186 0.061948
-0.056483 0.000122 0.063523
-0.079551 0.002612 0.060135
-0.078461 0.008493 0.061651
-0.079551 0.002612 0.060135
-0.074796 0.000222 0.050511
-0.076613 0.000186 0.061948
-0.077220 0.003038 0.048308
-0.055943 0.019511 0.065555
-0.073386 0.010121 0.064455
-0.080820 0.020214 0.037067
-0.083386 0.024457 0.045165
-0.083249 0.044037 0.021824
-0.085636 0.048347 0.029758
-0.085943 0.063995 0.020014
-0.084809 0.070257 0.016510
-0.081949 0.066183 0.008829
-0.053080 0.091938 0.014794
-0.075868 0.072219 0.007409
-0.078848 0.076502 0.015042
-0.055176 0.065517 0.039574
-0.039459 0.068345 0.044165
-0.042399 0.073438 0.039571
-0.074108 0.031995 0.051743
-0.075696 0.052514 0.038740
-0.052736 0.030976 0.062684
-0.068617 0.023901 0.059279
-0.075696 0.052514 0.038740
-0.074108 0.031995 0.051743
-0.070086 0.034471 0.052643
-0.072410 0.053805 0.040165
-0.068617 0.023901 0.059279
-0.081398 0.027162 0.049209
-0.083647 0.051052 0.033803
-0.085636 0.048347 0.029758
-0.084009 0.058835 0.029186
-0.079316 0.061677 0.031321
-0.085943 0.063995 0.020014
-0.058505 0.041726 0.054908
-0.070086 0.034471 0.052643
-0.062228 0.064966 0.038668
-0.072410 0.053805 0.040165
-0.059010 0.065465 0.039800
-0.043409 0.075187 0.039959
-0.072289 0.022318 0.058128
-0.031245 0.054118 0.057557
-0.032975 0.057114 0.055454
-0.062168 0.048981 0.049012
-0.039360 0.068173 0.045972
-0.055235 0.058927 0.046051
-0.036929 0.063963 0.049582
-0.058176 0.049463 0.048547
-0.033072 0.057282 0.053394
-0.036218 0.062732 0.048982
-0.055235 0.044370 0.053000
-0.053080 0.091938 0.014794
-0.071460 0.080269 0.020486
-0.052870 0.091573 0.020173
-0.078848 0.076502 0.015042
-0.063904 0.075011 0.030073
-0.049974 0.086558 0.027087
-0.065441 0.077199 0.027401
-0.048504 0.084012 0.029969
-0.070597 0.076785 0.025222
-0.065441 0.077199 0.027401
-0.049974 0.086558 0.027087
-0.082186 0.065323 0.030789
-0.063904 0.075011 0.030073
-0.074460 0.077871 0.025938
-0.048504 0.084012 0.029969
-0.081223 0.072346 0.026881
-0.084809 0.070257 0.016510
-0.074460 0.077871 0.025938
-0.081223 0.072346 0.026881
-0.065112 0.066919 0.038923
-0.082186 0.065323 0.030789
-0.073663 0.049946 0.005817
-0.073207 0.041577 0.010975
-0.068390 0.006776 0.033580
-0.071413 0.025646 0.021270
-0.066553 0.004692 0.035457
-0.056483 0.000122 0.059809
-0.056813 0.003715 0.039541
-0.056483 0.000122 0.063523
-0.048458 0.028010 0.055283
-0.048458 0.028010 0.028015
-0.027937 0.048388 0.049936
-0.027937 0.048388 0.022667
-0.056813 0.003715 0.039541
-0.056483 0.000122 0.059809
-0.056483 0.000122 0.063523
-0.067343 0.061878 0.000821
-0.043862 0.075971 0.000577
-0.072880 0.055871 0.002484
-0.056813 0.003715 0.039541
-0.071413 0.025646 0.021270
-0.048458 0.028010 0.028015
-0.073663 0.049946 0.005817
-0.067343 0.061878 0.000821
-0.027937 0.048388 0.022667
-0.068390 0.006776 0.033580
-0.066553 0.004692 0.035457
-0.073207 0.041577 0.010975
-0.072880 0.055871 0.002484
-0.043862 0.075971 0.000577
0.028136 0.048977 0.063523
-0.000458 0.061158 0.062684
0.014980 0.058526 0.068935
0.024473 0.055260 0.068935
0.011074 0.058204 0.065555
0.024473 0.055260 0.068935
0.030500 0.067634 0.068935
0.014980 0.058526 0.068935
0.028136 0.048977 0.063523
0.038146 0.066442 0.061948
0.037513 0.070200 0.060135
0.031875 0.072196 0.061651
0.037513 0.070200 0.060135
0.037206 0.064886 0.050511
0.035979 0.068394 0.048308
0.038146 0.066442 0.061948
0.027928 0.068615 0.064455
0.011074 0.058204 0.065555
0.020513 0.084443 0.045165
0.022904 0.080099 0.037067
0.000948 0.098336 0.029758
0.003487 0.094114 0.021824
-0.012450 0.106427 0.020014
-0.018440 0.108575 0.016510
-0.016341 0.104061 0.008829
-0.026829 0.106536 0.015042
-0.029152 0.080542 0.039574
-0.026412 0.075797 0.044244
0.009346 0.080177 0.051743
-0.007630 0.091812 0.038740
-0.000458 0.061158 0.062684
0.013610 0.071375 0.059279
0.009346 0.080177 0.051743
-0.007630 0.091812 0.038740
0.005190 0.077932 0.052643
-0.010391 0.089612 0.040165
0.013610 0.071375 0.059279
0.016816 0.073763 0.058128
-0.002388 0.097967 0.033803
0.017176 0.084074 0.049209
0.000948 0.098336 0.029758
0.020513 0.084443 0.045165
-0.008948 0.102172 0.029186
-0.013756 0.099528 0.031321
-0.012450 0.106427 0.020014
-0.006883 0.071530 0.054908
0.005190 0.077932 0.052643
-0.025149 0.086374 0.038668
-0.010391 0.089612 0.040165
-0.027190 0.083836 0.039800
0.016816 0.073763 0.058128
-0.011335 0.078330 0.049012
-0.023415 0.077298 0.046051
-0.013748 0.075113 0.048547
-0.033785 0.102021 0.020486
-0.026829 0.106536 0.015042
-0.033009 0.092848 0.030073
-0.034136 0.095273 0.027401
-0.034136 0.095273 0.027401
-0.031200 0.099531 0.025222
-0.015478 0.103837 0.030789
-0.033009 0.092848 0.030073
-0.030209 0.103420 0.025938
-0.022042 0.106514 0.026881
-0.018440 0.108575 0.016510
-0.030209 0.103420 0.025938
-0.025398 0.089848 0.038923
-0.022042 0.106514 0.026881
-0.015478 0.103837 0.030789
-0.025398 0.089848 0.038923
-0.006423 0.088767 0.005817
0.000597 0.084188 0.010975
0.028327 0.062615 0.033580
0.013497 0.074668 0.021270
0.029213 0.059983 0.035457
0.028136 0.048977 0.059809
0.025189 0.051059 0.039541
0.028136 0.048977 0.063523
-0.000028 0.055971 0.055283
-0.000028 0.055971 0.028015
0.028136 0.048977 0.059809
0.028136 0.048977 0.063523
0.025189 0.051059 0.039541
-0.019916 0.089260 0.000821
-0.011946 0.091052 0.002484
-0.000028 0.055971 0.028015
0.013497 0.074668 0.021270
0.025189 0.051059 0.039541
-0.019916 0.089260 0.000821
0.000597 0.084188 0.010975
-0.006423 0.088767 0.005817
-0.011946 0.091052 0.002484
0.028327 0.062615 0.033580
0.029213 0.059983 0.035457
0.028136 -0.048977 0.063523
-0.000028 -0.055971 0.055283
-0.027937 -0.048388 0.049936
-0.031245 -0.054118 0.057557
-0.000458 -0.061158 0.062684
0.014980 -0.058526 0.068935
0.024473 -0.055260 0.068935
0.011074 -0.058204 0.065555
0.024473 -0.055260 0.068935
0.014980 -0.058526 0.068935
0.030500 -0.067634 0.068935
0.038146 -0.066442 0.061948
0.028136 -0.048977 0.063523
0.037513 -0.070200 0.060135
0.031875 -0.072196 0.061651
0.037513 -0.070200 0.060135
0.037206 -0.064886 0.050511
0.038146 -0.066442 0.061948
0.011074 -0.058204 0.065555
0.027928 -0.068615 0.064455
0.020513 -0.084443 0.045165
0.000948 -0.098336 0.029758
-0.012450 -0.106427 0.020014
-0.018440 -0.108575 0.016510
-0.016341 -0.104061 0.008829
-0.026829 -0.106536 0.015042
-0.053080 -0.091938 0.014794
-0.029152 -0.080542 0.039574
-0.039459 -0.068345 0.044165
-0.042399 -0.073438 0.039571
-0.026412 -0.075797 0.044244
0.009346 -0.080177 0.051743
-0.007630 -0.091812 0.038740
-0.000458 -0.061158 0.062684
0.013610 -0.071375 0.059279
-0.007630 -0.091812 0.038740
0.009346 -0.080177 0.051743
0.005190 -0.077932 0.052643
-0.010391 -0.089612 0.040166
0.016816 -0.073763 0.058128
0.013610 -0.071375 0.059279
0.017176 -0.084074 0.049209
-0.002388 -0.097967 0.033803
0.000948 -0.098336 0.029758
0.020513 -0.084443 0.045165
-0.008947 -0.102172 0.029186
-0.013756 -0.099528 0.031321
-0.012450 -0.106427 0.020014
-0.006883 -0.071530 0.054908
0.005190 -0.077932 0.052643
-0.025149 -0.086374 0.038668
-0.010391 -0.089612 0.040166
-0.027190 -0.083836 0.039800
-0.043409 -0.075187 0.039959
0.016816 -0.073763 0.058128
-0.031245 -0.054118 0.057557
-0.032975 -0.057114 0.055454
-0.011335 -0.078330 0.049012
-0.039360 -0.068173 0.045972
-0.023415 -0.077298 0.046051
-0.036929 -0.063963 0.049582
-0.013748 -0.075113 0.048547
-0.033072 -0.057282 0.053394
-0.036218 -0.062732 0.048982
-0.010808 -0.070020 0.053000
-0.053080 -0.091938 0.014794
-0.033785 -0.102021 0.020486
-0.052870 -0.091573 0.020173
-0.033009 -0.092848 0.030073
-0.049974 -0.086558 0.027087
-0.034136 -0.095273 0.027401
-0.034136 -0.095273 0.027401
-0.049974 -0.086558 0.027087
-0.015478 -0.103837 0.030789
-0.033009 -0.092848 0.030073
-0.030209 -0.103420 0.025938
-0.022042 -0.106514 0.026881
-0.018440 -0.108575 0.016510
-0.030209 -0.103420 0.025938
-0.022042 -0.106514 0.026881
-0.025398 -0.089848 0.038923
-0.015478 -0.103837 0.030789
-0.025398 -0.089848 0.038923
-0.006423 -0.088767 0.005817
0.000597 -0.084188 0.010975
0.028327 -0.062615 0.033580
0.013497 -0.074668 0.021270
0.029213 -0.059983 0.035457
0.028136 -0.048977 0.059809
0.025189 -0.051059 0.039541
0.028136 -0.048977 0.063523
-0.000028 -0.055971 0.055283
-0.000028 -0.055971 0.028015
-0.027937 -0.048388 0.049936
-0.027937 -0.048388 0.022667
0.025189 -0.051059 0.039541
0.028136 -0.048977 0.059809
0.028136 -0.048977 0.063523
-0.019916 -0.089260 0.000821
-0.043862 -0.075971 0.000577
-0.011946 -0.091052 0.002484
0.025189 -0.051059 0.039541
0.013497 -0.074668 0.021270
-0.000028 -0.055971 0.028015
-0.006423 -0.088767 0.005817
-0.019916 -0.089260 0.000821
-0.027937 -0.048388 0.022667
0.028327 -0.062615 0.033580
0.029213 -0.059983 0.035457
0.000597 -0.084188 0.010975
-0.011946 -0.091052 0.002484
-0.056483 -0.000122 0.063523
-0.048458 -0.028010 0.055283
-0.058175 -0.016290 0.068935
-0.060093 -0.006436 0.068935
-0.055943 -0.019511 0.065555
-0.060093 -0.006436 0.068935
-0.073823 -0.007403 0.068935
-0.058175 -0.016290 0.068935
-0.056483 -0.000122 0.063523
-0.076613 -0.000186 0.061948
-0.079551 -0.002612 0.060135
-0.078461 -0.008493 0.061651
-0.079551 -0.002612 0.060135
-0.074796 -0.000222 0.050511
-0.077220 -0.003038 0.048308
-0.076613 -0.000186 0.061948
-0.055943 -0.019511 0.065555
-0.083386 -0.024457 0.045165
-0.080820 -0.020214 0.037067
-0.085636 -0.048347 0.029758
-0.085943 -0.063995 0.020014
-0.084809 -0.070257 0.016510
-0.081949 -0.066183 0.008829
-0.078848 -0.076502 0.015042
-0.075868 -0.072219 0.007409
-0.055176 -0.065517 0.039574
-0.052436 -0.060772 0.044244
-0.074108 -0.031995 0.051743
-0.075696 -0.052514 0.038740
-0.052735 -0.030976 0.062684
-0.068617 -0.023901 0.059279
-0.074108 -0.031995 0.051743
-0.075696 -0.052514 0.038740
-0.070086 -0.034471 0.052643
-0.072410 -0.053805 0.040165
-0.068617 -0.023901 0.059279
-0.072289 -0.022318 0.058128
-0.083647 -0.051052 0.033803
-0.081398 -0.027162 0.049209
-0.085636 -0.048347 0.029758
-0.084009 -0.058835 0.029186
-0.079316 -0.061677 0.031321
-0.085943 -0.063995 0.020014
-0.058505 -0.041726 0.054908
-0.070086 -0.034471 0.052643
-0.062228 -0.064966 0.038668
-0.072410 -0.053805 0.040165
-0.062168 -0.048981 0.049012
-0.055235 -0.058927 0.046051
-0.058176 -0.049463 0.048547
-0.055235 -0.044370 0.053000
-0.071460 -0.080269 0.020486
-0.078848 -0.076502 0.015042
-0.065441 -0.077199 0.027401
-0.065441 -0.077199 0.027401
-0.082186 -0.065323 0.030789
-0.063904 -0.075011 0.030073
-0.074460 -0.077871 0.025938
-0.081223 -0.072346 0.026881
-0.084809 -0.070257 0.016510
-0.074460 -0.077871 0.025938
-0.065112 -0.066919 0.038923
-0.081223 -0.072346 0.026881
-0.082186 -0.065323 0.030789
-0.065112 -0.066919 0.038923
-0.073663 -0.049946 0.005817
-0.073207 -0.041577 0.010975
-0.068390 -0.006776 0.033580
-0.071413 -0.025646 0.021270
-0.066553 -0.004692 0.035457
-0.056483 -0.000122 0.059809
-0.056813 -0.003715 0.039541
-0.056483 -0.000122 0.063523
-0.048458 -0.028010 0.028015
-0.056483 -0.000122 0.059809
-0.056813 -0.003715 0.039541
-0.067343 -0.061878 0.000821
-0.072880 -0.055871 0.002484
-0.048458 -0.028010 0.028015
-0.071413 -0.025646 0.021270
-0.067343 -0.061878 0.000821
-0.073207 -0.041577 0.010975
-0.073663 -0.049946 0.005817
-0.072880 -0.055871 0.002484
-0.068390 -0.006776 0.033580
-0.066553 -0.004692 0.035457
0.028407 0.049202 0.056020
0.049202 0.028407 0.039513
0.028407 0.049202 0.039513
0.056813 0.000000 0.039513
0.056813 0.000000 0.056020
0.044553 0.000000 0.067795
0.041396 0.023900 0.067795
0.038584 0.022276 0.067795
0.022276 0.038584 0.067795
0.023900 0.041396 0.067795
0.036027 0.020800 0.063569
0.020800 0.036027 0.063569
0.036027 0.020800 0.063569
0.041601 0.000000 0.063569
0.020800 0.036027 0.063569
0.028407 0.049202 0.056020
0.049202 0.028407 0.056020
0.056813 0.000000 0.056020
0.049900 0.021392 0.037519
0.051172 0.020872 0.035999
0.050104 0.021991 0.036072
0.051160 0.019946 0.038118
0.050276 0.021991 0.026689
0.048064 0.021991 0.036072
0.055684 -0.019252 0.021566
0.035914 -0.013264 0.021495
0.038255 0.000000 0.021495
0.056113 0.019486 0.022430
0.055684 0.019252 0.021566
0.054717 0.020918 0.022430
0.050810 0.021902 0.025247
0.052022 0.020861 0.025587
0.033275 0.018648 0.021495
0.033135 0.021056 0.022430
0.036506 0.021991 0.025735
0.056113 -0.019486 0.022430
0.056113 0.019486 0.022430
0.052022 -0.020861 0.025587
0.052022 0.020861 0.025587
0.051331 0.020869 0.026938
0.051331 -0.020869 0.026938
0.051172 0.020872 0.035999
0.051160 0.019946 0.038118
0.051401 0.000000 0.034631
0.035914 0.013264 0.021495
0.038255 0.000000 0.021495
0.035914 0.013264 0.021495
0.051160 0.019946 0.038118
0.049202 -0.028407 0.039513
0.036506 -0.021991 0.025735
0.048064 -0.021991 0.036072
0.049900 -0.021392 0.037519
0.051160 -0.019946 0.038118
0.033275 0.018648 0.021495
0.033135 0.021056 0.022430
0.036506 0.021991 0.025735
0.049202 -0.028407 0.056020
0.028407 -0.049202 0.056020
0.028407 -0.049202 0.039513
0.056813 0.000000 0.039513
0.056813 0.000000 0.056020
0.038584 -0.022276 0.067795
0.041396 -0.023900 0.067795
0.022276 -0.038584 0.067795
0.023900 -0.041396 0.067795
0.020800 -0.036027 0.063569
0.036027 -0.020800 0.063569
0.036027 -0.020800 0.063569
0.020800 -0.036027 0.063569
0.028407 -0.049202 0.056020
0.049202 -0.028407 0.056020
0.049900 -0.021392 0.037519
0.051172 -0.020872 0.035999
0.051160 -0.019946 0.038118
0.050104 -0.021991 0.036072
0.050276 -0.021991 0.026689
0.048064 -0.021991 0.036072
0.036506 -0.021991 0.025735
0.033275 -0.018648 0.021495
0.056113 -0.019486 0.022430
0.054717 -0.020918 0.022430
0.051331 -0.020869 0.026938
0.050810 -0.021902 0.025247
0.052022 -0.020861 0.025587
0.033135 -0.021056 0.022430
0.051172 -0.020872 0.035999
0.051160 -0.019946 0.038118
0.035914 -0.013264 0.021495
0.051401 0.000000 0.034631
-0.043476 -0.032518 0.037519
-0.042854 -0.034333 0.038118
-0.049202 -0.028407 0.039513
-0.037298 -0.020620 0.025735
0.033275 -0.018648 0.021495
0.033135 -0.021056 0.022430
0.041601 0.000000 0.063569
-0.049202 0.028407 0.056020
-0.056813 -0.000000 0.039513
-0.056813 0.000000 0.056020
-0.049202 0.028407 0.039513
-0.028407 0.049202 0.056020
-0.028407 0.049202 0.039513
-0.023900 0.041396 0.067795
-0.038584 0.022276 0.067795
-0.022276 0.038584 0.067795
-0.041396 0.023900 0.067795
-0.044553 0.000000 0.067795
-0.047800 0.000000 0.067795
-0.036027 0.020800 0.063569
-0.041601 0.000000 0.063569
-0.020800 0.036027 0.063569
-0.036027 0.020800 0.063569
-0.041601 0.000000 0.063569
-0.056813 0.000000 0.056020
-0.049202 0.028407 0.056020
-0.028407 0.049202 0.056020
-0.043476 0.032518 0.037519
-0.043662 0.033881 0.035999
-0.044097 0.032396 0.036072
-0.042854 0.034333 0.038118
-0.044183 0.032544 0.026689
-0.043077 0.030629 0.036072
-0.011169 0.057850 0.021566
-0.006470 0.037735 0.021495
-0.019127 0.033130 0.021495
-0.044932 0.038853 0.022430
-0.044515 0.038598 0.021566
-0.045474 0.036927 0.022430
-0.044372 0.033052 0.025247
-0.044077 0.034621 0.025587
-0.032787 0.019493 0.021495
-0.034802 0.018168 0.022430
-0.011182 0.058338 0.022430
-0.044932 0.038853 0.022430
-0.044077 0.034621 0.025587
-0.043739 0.034019 0.026938
-0.007592 0.054888 0.026938
-0.043662 0.033881 0.035999
-0.042854 0.034333 0.038118
-0.025700 0.044514 0.034631
-0.029444 0.024471 0.021495
-0.019127 0.033130 0.021495
-0.029444 0.024471 0.021495
-0.042854 0.034333 0.038118
0.049900 0.021392 0.037519
0.048064 0.021991 0.036072
-0.032787 0.019493 0.021495
-0.034802 0.018168 0.022430
-0.037298 0.020620 0.025735
-0.000000 0.056813 0.056020
-0.000000 0.056813 0.039513
-0.028407 0.049202 0.056020
-0.028407 0.049202 0.039513
-0.000000 0.047801 0.067795
-0.000000 0.044553 0.067795
-0.000000 0.041601 0.063569
-0.000000 0.041601 0.063569
-0.000000 0.056813 0.056020
-0.006424 0.053911 0.037519
-0.007511 0.054752 0.035999
-0.008306 0.054279 0.038118
-0.006007 0.054387 0.036072
-0.006093 0.054536 0.026689
-0.004987 0.052620 0.036072
0.000792 0.042611 0.025735
-0.000488 0.038141 0.021495
-0.011182 0.058338 0.022430
-0.009243 0.057845 0.022430
-0.007592 0.054888 0.026938
-0.006437 0.054953 0.025247
0.001667 0.039224 0.022430
-0.007511 0.054752 0.035999
-0.008306 0.054279 0.038118
-0.006470 0.037735 0.021495
-0.008306 0.054279 0.038118
-0.025700 0.044514 0.034631
-0.000488 0.038141 0.021495
0.001667 0.039224 0.022430
0.000792 0.042611 0.025735
-0.020800 0.036027 0.063569
0.000000 -0.056813 0.039513
0.000000 -0.056813 0.056020
-0.028407 -0.049202 0.056020
-0.028407 -0.049202 0.039513
-0.023900 -0.041396 0.067795
0.000000 -0.044553 0.067795
-0.022276 -0.038584 0.067795
0.000000 -0.047800 0.067795
0.000000 -0.041601 0.063569
-0.020800 -0.036027 0.063569
0.000000 -0.041601 0.063569
0.000000 -0.056813 0.056020
-0.028407 -0.049202 0.056020
-0.007511 -0.054752 0.035999
-0.006423 -0.053911 0.037519
-0.008306 -0.054279 0.038118
-0.006007 -0.054387 0.036072
-0.006093 -0.054536 0.026689
-0.004987 -0.052620 0.036072
-0.044515 -0.038598 0.021566
-0.029444 -0.024471 0.021495
-0.019127 -0.033130 0.021495
-0.011182 -0.058338 0.022430
-0.011169 -0.057850 0.021566
-0.009243 -0.057845 0.022430
-0.007592 -0.054888 0.026938
-0.006437 -0.054953 0.025247
-0.007945 -0.055483 0.025587
-0.000488 -0.038141 0.021495
0.001667 -0.039224 0.022430
0.000792 -0.042611 0.025735
-0.011182 -0.058338 0.022430
-0.044932 -0.038853 0.022430
-0.044077 -0.034621 0.025587
-0.043739 -0.034019 0.026938
-0.007592 -0.054888 0.026938
-0.007511 -0.054752 0.035999
-0.008306 -0.054279 0.038118
-0.025700 -0.044514 0.034631
-0.006470 -0.037735 0.021495
-0.019127 -0.033130 0.021495
-0.006470 -0.037735 0.021495
-0.008306 -0.054279 0.038118
-0.025700 -0.044514 0.034631
-0.006423 -0.053911 0.037519
-0.004987 -0.052620 0.036072
-0.000488 -0.038141 0.021495
0.001667 -0.039224 0.022430
0.000792 -0.042611 0.025735
-0.049202 -0.028407 0.056020
-0.028407 -0.049202 0.039513
-0.028407 -0.049202 0.056020
-0.041396 -0.023900 0.067795
-0.038584 -0.022276 0.067795
-0.036027 -0.020800 0.063569
-0.036027 -0.020800 0.063569
-0.049202 -0.028407 0.056020
-0.043476 -0.032518 0.037519
-0.043662 -0.033881 0.035999
-0.042854 -0.034333 0.038118
-0.044097 -0.032396 0.036072
-0.044183 -0.032544 0.026689
-0.043077 -0.030629 0.036072
-0.037298 -0.020620 0.025735
-0.032787 -0.019493 0.021495
-0.044932 -0.038853 0.022430
-0.045474 -0.036927 0.022430
-0.043739 -0.034019 0.026938
-0.044372 -0.033052 0.025247
-0.034802 -0.018168 0.022430
-0.043662 -0.033881 0.035999
-0.042854 -0.034333 0.038118
-0.029444 -0.024471 0.021495
-0.025700 -0.044514 0.034631
-0.004987 0.052620 0.036072
-0.006424 0.053911 0.037519
-0.043476 0.032518 0.037519
-0.043077 0.030629 0.036072
-0.032787 -0.019493 0.021495
-0.034802 -0.018168 0.022430
380 381
380 382
383 395
383 385
386 396
386 387
381 382
391 392
387 388
389 390
2 9
6 8
22 23
29 31
15 16
7 8
30 31
1 2
16 17
19 20
12 13
25 27
518 520
556 557
24 28
13 14
26 27
67 80
106 143
52 58
3 5
10 28
32 34
0 2
35 123
446 447
555 556
55 56
56 86
115 117
249 251
71 89
50 52
381 394
389 392
384 395
391 393
129 135
453 455
78 85
60 61
93 95
423 425
469 470
114 116
502 503
512 514
377 378
43 79
59 60
100 101
122 123
604 740
70 71
84 85
474 476
511 523
487 488
137 138
96 98
104 112
407 548
475 558
716 717
294 338
346 348
603 604
75 77
116 121
126 127
166 167
94 95
107 109
68 80
75 76
81 102
38 40
90 91
430 432
56 62
63 64
445 452
47 49
51 52
454 547
726 741
608 809
809 810
429 430
535 536
36 139
468 470
519 520
0 1
4 5
33 34
454 458
766 768
230 231
766 767
766 860
496 498
550 551
335 336
335 370
39 40
64 65
42 43
118 120
82 83
490 491
10 24
125 126
542 543
116 124
220 269
301 371
233 235
278 280
173 175
249 250
252 254
508 512
231 267
271 272
401 402
66 67
108 110
93 94
292 293
131 133
140 141
302 329
431 432
69 88
112 113
69 89
288 290
295 308
118 119
136 137
505 515
550 552
129 130
497 498
426 427
141 142
365 369
602 608
227 229
234 247
328 329
809 863
465 471
479 494
725 741
561 583
561 875
41 43
50 51
399 421
602 757
218 219
434 435
18 19
407 473
475 476
147 150
36 37
46 53
11 24
21 22
505 507
561 854
108 109
268 269
377 379
398 421
149 182
174 179
236 248
415 522
437 533
487 499
351 357
443 444
484 485
467 471
682 683
202 211
303 310
72 74
252 281
275 282
634 646
312 327
322 325
353 357
241 273
253 283
44 45
448 536
541 543
455 532
472 544
742 762
600 731
600 736
257 259
458 483
493 494
287 291
298 300
321 374
364 370
226 230
509 512
516 517
752 867
858 860
607 608
170 205
595 603
616 621
575 661
680 816
817 818
1281 1399
1402 1403
1156 1157
1227 1229
708 709
719 780
596 601
630 727
636 638
679 710
662 663
725 844
440 442
804 805
825 826
185 186
197 198
735 736
94 106
635 836
715 819
594 700
713 732
565 567
592 594
188 194
800 801
297 341
335 364
364 369
226 231
287 290
495 554
464 477
437 486
398 399
466 467
495 553
169 170
483 485
506 515
515 517
630 631
177 178
232 236
687 817
1286 1402
1222 1223
1028 1030
288 289
307 308
418 419
763 764
764 770
610 612
709 805
145 155
293 332
213 214
217 218
691 692
417 418
462 463
151 152
157 158
595 604
576 577
111 113
846 877
115 116
86 87
99 101
652 663
549 552
560 561
1237 1370
976 978
189 195
449 451
459 533
318 319
318 324
638 647
643 644
510 511
400 402
415 521
903 904
145 146
692 697
694 695
306 307
665 728
1012 1013
822 823
822 825
747 748
781 782
508 509
1347 1351
1029 1031
1287 1288
224 225
241 242
128 129
133 134
447 536
1096 1097
1190 1191
928 929
171 214
218 221
489 490
525 526
97 98
420 421
2075 2076
2251 2252
2172 2173
156 163
159 172
182 214
800 814
2162 2166
2239 2243
2064 2068
297 300
414 481
35 122
90 92
442 534
598 599
617 619
848 849
1379 1428
399 409
440 441
934 946
321 322
424 425
425 535
643 645
732 771
524 525
539 540
203 204
692 821
355 356
465 467
483 492
493 554
530 531
260 263
685 686
686 693
437 438
488 499
714 730
723 729
460 486
560 583
583 671
1082 1102
1089 1090
1319 1320
349 353
1323 1352
1331 1332
707 710
885 911
911 968
979 980
1243 1244
47 48
463 464
237 240
618 660
655 660
943 944
1193 1212
1201 1202
824 827
827 833
1417 1418
1429 1430
719 729
640 642
131 132
298 299
692 843
807 808
730 771
776 777
275 276
235 282
278 279
211 220
301 303
605 616
103 105
683 840
610 738
397 399
767 768
767 772
810 812
733 740
73 78
78 84
406 408
410 411
561 724
333 334
343 345
343 344
684 837
775 862
837 840
151 153
154 216
610 611
635 646
484 492
553 554
478 500
254 257
610 857
646 836
611 667
1026 1027
926 927
911 967
967 1119
1293 1411
296 345
885 967
967 968
1334 1342
642 652
648 649
892 893
937 963
174 175
182 222
892 1044
963 1084
309 310
585 586
586 622
828 834
850 851
741 742
562 564
590 591
640 698
593 594
287 288
342 343
45 54
57 62
811 872
820 830
709 794
718 719
508 513
549 551
270 272
194 207
730 780
777 778
433 435
513 537
620 745
681 828
566 779
753 864
683 684
1172 1179
1172 1196
1411 1414
901 913
901 937
339 340
266 267
1898 1983
1636 1637
1669 1689
1636 1750
1436 1542
1485 1571
1846 1847
1466 1485
1168 1169
1196 1218
641 642
649 650
624 626
1168 1296
255 257
257 258
787 789
864 866
302 311
337 339
501 503
522 546
317 318
168 193
305 307
330 331
788 820
672 674
444 445
301 302
565 566
751 753
634 635
154 155
165 167
923 925
1228 1353
237 239
147 149
1187 1189
794 795
196 209
704 705
672 678
870 871
196 225
585 587
751 756
354 356
1295 1307
1333 1335
1043 1061
1148 1151
1224 1228
1265 1285
1410 1422
925 1070
977 1116
890 916
1166 1181
1275 1280
1189 1315
1238 1369
703 713
1239 1329
1305 1317
1309 1311
1321 1339
1080 1095
146 183
605 620
665 681
170 180
674 675
764 775
458 547
1302 1316
1316 1338
975 977
788 839
1236 1238
1050 1060
1299 1306
1299 1327
802 803
1285 1378
586 617
1827 1830
1954 1955
1633 1634
1934 1940
1540 1541
1434 1435
563 564
1869 1977
1908 2006
1459 1460
1492 1494
1492 1596
1868 1869
1661 1663
1699 1702
1899 1997
1682 1690
1891 1899
1690 1794
427 428
446 448
998 1027
927 1005
967 1040
1277 1396
1634 1635
1728 1730
1729 1731
1740 1743
1276 1278
1286 1287
1937 2027
1949 2032
1845 1955
1844 1845
1934 1936
1217 1222
1233 1235
1946 1949
1437 1541
1522 1617
1435 1437
1520 1522
1521 1523
1523 1618
1535 1624
1730 1827
1222 1347
1235 1358
1731 1828
1286 1404
1016 1018
1018 1147
1028 1158
2041 2042
1073 1195
2055 2056
1072 1099
1105 1106
948 951
964 965
2232 2276
2136 2140
1057 1073
1086 1091
2040 2189
2042 2190
2055 2197
2096 2097
1086 1087
2155 2197
2189 2191
2088 2098
2221 2222
951 971
994 995
2153 2154
952 1099
966 1105
1139 1195
1207 1208
1136 1139
1164 1165
2057 2110
2097 2221
2109 2231
971 973
994 996
2138 2269
2153 2276
2137 2139
2131 2137
886 967
538 539
1027 1039
563 571
575 581
1903 2001
1486 1488
1488 1591
1691 1694
1230 1234
675 807
687 822
687 688
264 265
1343 1410
1017 1148
1015 1017
599 602
578 588
611 666
296 363
665 686
1426 1428
233 234
234 261
749 759
799 814
621 744
733 734
595 597
606 616
799 801
366 367
366 371
820 821
1257 1259
342 344
350 359
760 762
600 746
569 636
858 859
865 867
1863 1864
1886 1887
1655 1657
1971 1973
1789 1790
1473 1474
1579 1582
1991 1992
1676 1677
1787 1788
372 374
226 228
238 240
1309 1312
1257 1305
1063 1067
726 727
917 919
1182 1184
1365 1367
1654 1656
1768 1770
1454 1455
1560 1562
673 677
1287 1291
1016 1019
1029 1035
1345 1347
1357 1358
1215 1217
1834 1836
2027 2029
1935 1938
1944 1946
1729 1732
1521 1524
1530 1532
1618 1621
1624 1626
1395 1397
1404 1408
807 813
404 405
412 422
313 314
314 348
1234 1235
206 209
575 669
1941 1942
1736 1832
1748 1837
1528 1622
1539 1627
1527 1528
1534 1539
1735 1736
1742 1748
184 212
244 245
294 295
295 312
1277 1278
1936 1937
360 375
707 708
707 711
528 529
540 545
573 574
663 803
784 785
619 691
720 721
738 829
791 792
1178 1204
912 946
1420 1428
769 770
569 637
1856 1887
1858 1863
1551 1580
1553 1559
1759 1790
1761 1767
1966 1971
515 516
515 531
1375 1376
1379 1380
658 659
619 656
721 722
869 870
436 439
146 212
192 193
559 570
737 739
748 749
326 330
238 239
244 246
1005 1092
1048 1052
372 373
406 461
410 422
762 849
832 835
1081 1120
1325 1326
1312 1314
1322 1372
403 456
413 414
918 920
945 956
1423 1424
1183 1185
1203 1209
160 161
1904 1906
1695 1697
1697 1802
1906 2003
1905 2004
1696 1698
1490 1491
1490 1594
563 568
563 584
854 875
878 879
309 316
323 325
416 546
489 504
273 274
276 277
220 268
813 815
865 866
873 876
668 669
677 678
743 744
735 746
191 192
206 208
632 633
884 885
608 863
1231 1232
1393 1394
1397 1398
1144 1145
1149 1151
998 1032
1008 1056
773 774
215 220
284 285
358 359
2046 2049
2142 2193
2142 2145
2049 2193
2147 2272
2224 2227
2102 2104
148 171
1356 1357
1273 1274
1279 1280
243 244
260 262
949 950
1058 1059
362 375
949 972
974 1138
1137 1138
972 974
1059 1074
248 355
361 362
762 765
156 210
1781 1782
1667 1668
1671 1672
1981 1982
1985 1986
1569 1570
1573 1574
1464 1465
1468 1469
450 451
478 480
161 162
304 327
320 326
625 629
693 698
661 680
689 699
1224 1227
1315 1399
255 256
654 663
784 786
940 941
1199 1200
195 196
575 668
1045 1048
1123 1127
1380 1383
1211 1237
1254 1256
1349 1370
1259 1264
1260 1261
959 976
991 993
157 164
1198 1200
1210 1216
1431 1432
939 941
1673 1674
1683 1685
1783 1784
1795 1797
1575 1576
1587 1589
1470 1471
1892 1894
1987 1988
1998 2000
1088 1090
1100 1103
1348 1350
1294 1297
1318 1320
583 841
656 664
695 696
160 162
2048 2194
2146 2273
2047 2048
2144 2194
2143 2146
2103 2225
2225 2226
2045 2047
2045 2101
2226 2273
761 762
834 835
586 639
1142 1143
1002 1003
1034 1036
1391 1392
1213 1214
1344 1346
1270 1271
929 936
1928 1929
2021 2022
2033 2038
1531 1536
1739 1744
1611 1612
1625 1631
782 797
1124 1135
1647 1676
1965 1992
1857 1884
1447 1474
1552 1582
453 454
454 457
1376 1377
281 283
624 629
698 728
701 702
787 793
934 959
1194 1211
782 798
527 528
187 190
754 763
906 926
930 936
1700 1701
1910 2005
1909 1910
1701 1803
1076 1205
1083 1206
953 954
960 962
985 986
989 990
985 1146
1075 1076
1078 1083
1020 1026
1046 1054
1049 1053
1065 1144
953 955
1077 1101
1079 1104
955 986
961 989
1146 1150
1154 1155
2207 2210
2167 2171
2286 2289
2069 2073
1298 1301
1311 1393
2052 2054
2229 2275
2148 2219
2105 2106
2107 2108
2051 2195
2151 2152
2053 2107
2150 2196
2229 2230
2050 2135
2105 2228
2108 2230
2149 2274
1176 1182
1361 1367
910 917
1037 1038
1127 1128
1041 1119
1110 1130
861 862
870 874
701 703
705 706
397 398
991 992
349 350
350 358
1237 1248
1254 1255
894 895
905 922
741 844
1113 1117
1094 1107
346 347
347 352
586 660
1763 1768
1555 1560
1968 1972
1651 1654
1451 1454
1384 1386
978 1121
1131 1133
2130 2270
2192 2214
2043 2087
2141 2183
285 286
905 914
1614 1615
1931 1932
1938 1939
2024 2025
2028 2029
1829 1831
1174 1274
908 1011
1359 1360
1412 1415
1014 1025
709 804
997 999
2258 2291
2179 2212
2082 2083
2257 2258
2083 2126
2092 2128
2178 2179
1962 1963
1969 2026
1644 1645
1854 1855
1860 1933
1549 1550
1444 1445
602 607
691 712
1414 1416
1414 1417
901 938
1172 1197
881 882
790 791
755 774
755 853
1652 1653
1861 1862
1765 1766
1557 1558
1452 1453
580 829
1481 1498
1684 1707
1796 1808
877 880
773 775
559 560
613 676
907 1093
1021 1038
1021 1177
614 628
614 633
1918 1925
1921 1923
2011 2018
1811 1818
1814 1815
1601 1608
959 984
760 761
851 852
589 591
669 670
746 750
1820 1822
1835 1838
2033 2035
1513 1515
1531 1537
1389 1392
1406 1407
1721 1723
1160 1161
1269 1271
1289 1290
1213 1219
1250 1251
1033 1034
1364 1366
1927 1929
1945 1952
1170 1172
1916 1925
1923 1924
1809 1818
1815 1817
1718 1719
1605 1607
1509 1510
2015 2017
1132 1133
899 901
1349 1373
1385 1386
1258 1259
1261 1262
1995 1999
1584 1588
1477 1481
1792 1796
1680 1684
622 623
622 660
827 828
828 838
641 652
1066 1068
1225 1249
304 306
580 609
149 181
896 947
1678 1681
1864 1865
1973 1974
1993 1996
1769 1771
1789 1793
1456 1457
1475 1478
1561 1563
1581 1585
1895 1896
1686 1687
1687 1798
1483 1590
1692 1693
1901 1902
1692 1801
1487 1592
1006 1054
1006 1056
907 926
1257 1258
854 855
854 856
1912 2007
1496 1497
1499 1500
1496 1597
1500 1598
1912 1913
1914 1915
1709 1807
1704 1705
1708 1709
1755 1756
1547 1548
1852 1853
186 190
197 201
1081 1082
1081 1100
1257 1297
1322 1323
1322 1350
980 981
1244 1245
1706 1805
1713 1810
1245 1371
1266 1267
1502 1504
1703 1706
1711 1713
1504 1600
981 1118
988 1122
1267 1382
1282 1388
1176 1270
910 1002
1361 1368
1171 1172
1413 1414
1240 1242
900 901
1310 1391
1762 1823
1649 1724
1449 1516
1299 1300
203 232
572 573
144 145
200 201
1044 1062
1051 1060
1296 1308
1379 1381
1379 1427
1334 1336
1337 1338
1412 1413
1421 1422
899 900
915 916
1170 1171
1180 1181
900 913
1171 1179
1049 1051
1061 1062
243 245
1337 1340
360 362
197 200
368 376
570 724
1039 1207
1027 1091
927 966
2220 2221
2043 2044
2099 2100
2131 2269
2040 2042
2140 2141
2222 2223
2270 2271
2136 2139
1107 1208
2097 2098
888 964
886 994
1005 1105
246 247
188 210
199 200
997 1087
887 965
895 995
176 178
956 984
1354 1355
1248 1252
315 319
315 324
1313 1390
1313 1400
1068 1153
1225 1226
2089 2090
2188 2297
2095 2185
2282 2283
2238 2250
2203 2204
2218 2294
809 873
625 626
1120 1121
1372 1373
1258 1263
868 871
877 878
576 588
568 569
569 584
1664 1666
1461 1463
1463 1567
1666 1775
1872 1979
1871 1873
1665 1776
1462 1568
923 1022
1229 1353
1187 1281
618 619
803 824
803 833
690 692
1239 1240
1064 1065
1303 1316
1304 1316
703 714
703 723
1220 1221
1399 1400
1152 1153
1157 1159
1050 1085
1299 1352
1229 1354
1000 1022
1030 1031
818 823
1006 1008
481 482
1360 1361
637 647
657 659
1641 1643
1546 1547
1441 1443
1754 1755
1851 1853
1380 1387
148 163
159 164
795 806
1328 1348
1330 1331
1114 1129
573 679
636 653
1237 1246
2260 2292
2164 2180
2163 2164
2181 2213
2065 2066
2085 2127
2241 2259
2066 2084
976 982
976 987
1009 1010
1345 1346
1362 1363
1272 1273
1291 1292
1162 1163
1408 1409
1241 1242
579 582
615 627
1020 1023
1046 1055
841 842
754 758
783 796
1115 1129
1125 1134
1175 1176
909 910
1877 1892
1880 1883
1467 1480
1470 1472
1572 1587
1575 1577
1984 1998
1987 1989
1670 1683
1673 1675
1197 1216
1200 1202
938 957
941 944
1401 1416
1430 1431
891 892
1342 1343
788 793
881 883
651 652
1750 1753
1766 1779
1542 1545
1558 1571
1970 1983
1847 1850
1861 1876
204 215
215 223
347 353
1874 1897
1879 1882
1667 1688
1464 1484
1573 1578
1777 1799
1985 1990
1068 1069
1068 1071
1225 1324
1225 1325
1313 1314
1449 1450
1649 1650
1967 1969
1554 1556
1859 1860
1316 1317
1316 1341
1355 1424
920 921
1185 1186
1050 1053
1050 1095
1299 1339
1172 1178
1414 1420
901 912
1126 1192
904 922
931 935
1108 1109
1111 1117
1013 1025
1047 1098
1006 1007
1012 1024
1724 1726
1738 1745
1930 1932
1944 1951
1823 1825
1836 1842
1516 1518
1140 1141
1159 1160
1960 1963
1643 1644
1547 1550
1443 1444
1219 1220
1251 1253
1378 1380
1354 1366
1000 1001
1268 1269
1288 1289
1167 1168
1436 1437
1635 1636
1794 1800
1682 1691
1479 1486
1638 1639
1438 1439
1848 1849
1851 1852
1543 1544
1546 1548
1956 1957
1959 1961
1414 1415
1126 1128
1741 1746
2019 2020
2035 2036
1926 1927
1533 1537
1609 1610
1628 1629
627 676
932 942
2236 2237
2114 2115
2060 2062
2158 2160
1263 1265
1070 1071
1116 1120
1369 1372
1659 1660
1772 1773
1564 1565
1866 1867
920 924
1424 1425
1185 1188
1843 1849
1954 1957
1959 1962
1749 1752
1754 1757
1441 1445
1641 1645
2079 2081
2254 2290
2278 2287
2176 2211
2199 2208
2080 2125
2255 2256
2175 2177
1473 1476
1579 1583
1677 1679
1885 1888
1991 1994
2190 2214
2041 2087
2088 2092
2130 2131
2011 2012
2014 2016
1918 1919
1921 1922
1601 1602
1604 1606
1503 1505
1507 1508
1712 1714
1716 1717
1975 1977
2006 2013
1866 1868
1458 1460
1494 1506
1772 1774
1804 1813
1564 1566
1596 1603
1702 1715
1004 1005
1052 1098
1853 1857
1960 1965
1755 1760
1660 1662
1976 1978
888 889
1040 1042
884 886
1742 1747
1941 1943
1948 1953
1622 1623
1627 1630
1837 1840
2030 2031
2034 2037
1599 1602
1501 1505
1508 1510
1809 1812
1816 1817
1916 1919
2009 2012
1710 1714
1717 1719
1013 1096
1045 1047
928 931
896 929
903 970
2099 2128
2223 2263
2270 2293
2192 2215
1658 1659
1974 1975
1996 2013
1890 1920
1457 1458
1478 1506
1585 1603
1111 1191
842 853
845 847
1112 1190
1123 1126
1791 1809
1679 1710
1888 1916
1512 1529
1533 1538
1609 1623
1947 1953
1720 1737
1819 1833
1839 1840
2019 2031
796 831
1023 1093
1127 1134
1595 1601
2005 2011
1909 1918
1493 1503
2261 2266
2170 2180
2182 2186
2240 2284
2292 2298
2213 2216
2086 2093
1700 1707
1803 1808
1493 1498
1888 1889
1476 1477
1583 1584
1994 1995
2252 2253
2067 2071
2076 2078
2242 2247
2119 2123
2165 2169
2173 2174
1638 1640
1642 1652
1956 1958
1852 1861
1548 1558
1751 1753
1756 1766
1438 1440
1442 1452
2207 2209
2244 2246
2167 2168
2286 2288
2069 2070
2120 2122
2073 2074
2249 2250
2267 2268
2117 2124
2132 2299
2187 2188
1891 1907
1586 1594
1997 2004
1479 1491
1360 1419
1415 1420
902 912
908 909
1173 1178
1174 1175
1037 1094
889 969
897 898
1758 1759
1761 1764
1444 1446
1448 1450
1644 1646
1648 1650
1963 1964
1877 1897
1882 1883
1780 1799
1785 1786
1041 1042
1109 1110
1800 1802
1591 1593
2001 2003
1486 1489
1900 1904
1870 1895
1664 1686
1775 1798
1461 1482
933 958
1193 1210
1873 1902
1568 1592
1980 2002
1776 1801
1778 1797
1782 1784
1875 1894
1878 1881
1468 1471
1570 1589
1671 1674
1982 2000
1283 1284
1247 1374
983 1122
1911 1913
1914 1917
1598 1600
1495 1497
2008 2010
1805 1806
1405 1418
1432 1433
1517 1519
1525 1526
1824 1826
1829 1830
1725 1727
1733 1734
2024 2026
1614 1616
1619 1620
1999 2018
1481 1511
1588 1608
1893 1925
1722 1724
1744 1745
2021 2023
2038 2039
1950 1951
1514 1516
1611 1613
1631 1632
1821 1823
1841 1842
2205 2210
2216 2217
2170 2171
2284 2289
2118 2124
2133 2134
2248 2249
2266 2267
2072 2073
2093 2094
2058 2063
2184 2185
2090 2091
2111 2116
2234 2238
2264 2265
2156 2161
2296 2297
2199 2200
2211 2212
2157 2159
2059 2061
2278 2279
2290 2291
2112 2113
2125 2126
2233 2235
2162 2207
2064 2120
2068 2069
2239 2286
2166 2167
2183 2296
2198 2200
2214 2295
2234 2235
2262 2264
2087 2184
2091 2092
2111 2113
2129 2130
2277 2279
2242 2244
2285 2286
2206 2207
2198 2201
2058 2060
2277 2280
2156 2158
2115 2122
2281 2288
2062 2070
2160 2168
2202 2209
2245 2247
2174 2175
2077 2080
2121 2123
2253 2254
2239 2285
2165 2166
2067 2068
2064 2075
2162 2172
2243 2251
